row  column  (images_19_742.edf Cu-K*images_19_742.edf Ar-K**2.3)
0  0  7.01772e+06
0  1  1.33435e+06
0  2  1.59584e+06
0  3  0
0  4  2.11576e+06
0  5  1.96892e+06
0  6  2.21586e+06
0  7  202559
0  8  2.73681e+06
0  9  1.083e+07
0  10  6.32633e+06
0  11  5.8484e+06
0  12  3.63887e+06
0  13  6.24547e+06
0  14  1.97385e+06
0  15  2.35173e+06
0  16  2.00402e+06
0  17  1.34989e+07
0  18  0
0  19  6.1138e+06
0  20  0
0  21  7.9887e+06
0  22  2.90608e+06
0  23  0
0  24  6.52329e+06
0  25  2.26926e+06
0  26  7.58563e+06
0  27  6.02639e+06
0  28  4.85193e+06
0  29  8.70493e+06
0  30  2.53792e+06
0  31  1.14774e+07
0  32  2.00731e+06
0  33  4.97368e+06
0  34  8.44645e+06
0  35  2.68436e+06
0  36  0
0  37  8.89249e+06
0  38  0
0  39  1.27568e+06
0  40  4.26716e+06
0  41  0
0  42  1.24189e+07
0  43  5.79337e+06
0  44  5.60507e+06
0  45  3.8401e+06
0  46  0
0  47  3.25243e+06
0  48  2.4885e+06
0  49  1.00169e+07
0  50  2.10195e+06
0  51  6.02395e+06
0  52  3.88739e+06
0  53  2.23877e+06
0  54  5.67206e+06
0  55  4.8459e+06
1  0  3.63145e+06
1  1  2.27018e+06
1  2  5.1546e+06
1  3  736651
1  4  0
1  5  3.30709e+06
1  6  3.83301e+06
1  7  3.61814e+06
1  8  0
1  9  2.69591e+06
1  10  0
1  11  6.72523e+06
1  12  1.50879e+07
1  13  0
1  14  4.67108e+06
1  15  8.31054e+06
1  16  5.49275e+06
1  17  3.23288e+06
1  18  2.73954e+06
1  19  2.18067e+06
1  20  5.50004e+06
1  21  1.15839e+07
1  22  7.13228e+06
1  23  1.3415e+06
1  24  5.32565e+06
1  25  0
1  26  4.35974e+06
1  27  5.9638e+06
1  28  4.22622e+06
1  29  281326
1  30  503041
1  31  7.54588e+06
1  32  1.48386e+06
1  33  3.98775e+06
1  34  3.35977e+06
1  35  8.4579e+06
1  36  4.93757e+06
1  37  5.00638e+06
1  38  2.18274e+06
1  39  1.43583e+06
1  40  4.7393e+06
1  41  6.59386e+06
1  42  3.17413e+06
1  43  8.48712e+06
1  44  3.20751e+06
1  45  4.58423e+06
1  46  2.15291e+06
1  47  8.27112e+06
1  48  1.97904e+06
1  49  6.90024e+06
1  50  3.60904e+06
1  51  7.76056e+06
1  52  2.49113e+06
1  53  6.4708e+06
1  54  7.48502e+06
1  55  1.73095e+06
2  0  6.22184e+06
2  1  3.97257e+06
2  2  0
2  3  5.18471e+06
2  4  5.41846e+06
2  5  3.34757e+06
2  6  0
2  7  3.96532e+06
2  8  0
2  9  0
2  10  6.75781e+06
2  11  4.87221e+06
2  12  3.15502e+06
2  13  1.00324e+07
2  14  1.35425e+07
2  15  2.58874e+06
2  16  4.97083e+06
2  17  1.06686e+07
2  18  9.81339e+06
2  19  1.15985e+07
2  20  0
2  21  5.66914e+06
2  22  0
2  23  4.06057e+06
2  24  1.52916e+06
2  25  8.4857e+06
2  26  1.29236e+06
2  27  1.39881e+06
2  28  6.44391e+06
2  29  9.01027e+06
2  30  6.2062e+06
2  31  8.56084e+06
2  32  2.37079e+06
2  33  5.49189e+06
2  34  5.15734e+06
2  35  3.50114e+06
2  36  2.89771e+06
2  37  329993
2  38  1.24858e+06
2  39  9.3782e+06
2  40  6.57574e+06
2  41  3.76007e+06
2  42  4.66983e+06
2  43  6.09348e+06
2  44  6.16104e+06
2  45  7.17365e+06
2  46  7.56978e+06
2  47  1.66715e+06
2  48  5.42705e+06
2  49  3.71817e+06
2  50  416354
2  51  2.56528e+06
2  52  5.2873e+06
2  53  5.41258e+06
2  54  7.0183e+06
2  55  2.15725e+06
3  0  272588
3  1  1.96589e+06
3  2  9.22694e+06
3  3  6.70703e+06
3  4  1.03832e+06
3  5  7.36585e+06
3  6  0
3  7  0
3  8  3.9192e+06
3  9  1.96763e+06
3  10  5.63965e+06
3  11  7.43392e+06
3  12  1.50533e+06
3  13  9.98562e+06
3  14  0
3  15  4.36596e+06
3  16  3.8085e+06
3  17  4.41915e+06
3  18  1.49068e+06
3  19  1.05462e+07
3  20  6.94246e+06
3  21  5.82201e+06
3  22  7.83212e+06
3  23  6.11808e+06
3  24  3.80036e+06
3  25  2.48443e+06
3  26  3.45062e+06
3  27  1.76611e+07
3  28  1.44745e+06
3  29  4.12988e+06
3  30  8.44617e+06
3  31  5.10815e+06
3  32  5.2148e+06
3  33  5.72489e+06
3  34  2.18758e+06
3  35  0
3  36  4.61069e+06
3  37  0
3  38  9.0666e+06
3  39  5.21815e+06
3  40  8.25771e+06
3  41  0
3  42  662560
3  43  3.67962e+06
3  44  6.50506e+06
3  45  0
3  46  7.25442e+06
3  47  3.98145e+06
3  48  1.05651e+06
3  49  1.81412e+06
3  50  2.87228e+06
3  51  3.74862e+06
3  52  1.13592e+07
3  53  5.85505e+06
3  54  5.77362e+06
3  55  1.18905e+07
4  0  2.47451e+06
4  1  1.44403e+06
4  2  8.00388e+06
4  3  2.7625e+06
4  4  3.5255e+06
4  5  7.34939e+06
4  6  1.87857e+06
4  7  69074.4
4  8  5.83686e+06
4  9  1.52564e+06
4  10  2.01995e+06
4  11  2.4657e+06
4  12  7.00174e+06
4  13  1.99546e+06
4  14  8.99376e+06
4  15  2.65785e+06
4  16  2.24191e+06
4  17  6.48004e+06
4  18  8.1691e+06
4  19  625162
4  20  0
4  21  4.22967e+06
4  22  369633
4  23  3.18999e+06
4  24  8.06847e+06
4  25  0
4  26  7.51654e+06
4  27  5.12857e+06
4  28  3.10319e+06
4  29  7.30661e+06
4  30  0
4  31  147901
4  32  0
4  33  8.45086e+06
4  34  881989
4  35  0
4  36  0
4  37  5.064e+06
4  38  5.50579e+06
4  39  6.97924e+06
4  40  2.95165e+06
4  41  0
4  42  2.24366e+06
4  43  3.87826e+06
4  44  1.48353e+07
4  45  4.6399e+06
4  46  1.87594e+07
4  47  4.12184e+06
4  48  2.30714e+06
4  49  8.24956e+06
4  50  1.08411e+07
4  51  5.53465e+06
4  52  5.86206e+06
4  53  7.83507e+06
4  54  2.81084e+06
4  55  1.06752e+07
5  0  4.96454e+06
5  1  1.0625e+06
5  2  0
5  3  4.58938e+06
5  4  0
5  5  7.01943e+06
5  6  0
5  7  3.48159e+06
5  8  8.12934e+06
5  9  1.72434e+06
5  10  3.45129e+06
5  11  7.39057e+06
5  12  9.61276e+06
5  13  9.83359e+06
5  14  6.20525e+06
5  15  1.08001e+07
5  16  7.09867e+06
5  17  6.36824e+06
5  18  9.72212e+06
5  19  1.25875e+06
5  20  0
5  21  1.02716e+07
5  22  4.17171e+06
5  23  8.03302e+06
5  24  0
5  25  7.04018e+06
5  26  9.81468e+06
5  27  1.50239e+06
5  28  1.06368e+07
5  29  0
5  30  7.88346e+06
5  31  0
5  32  6.87606e+06
5  33  1.08155e+07
5  34  0
5  35  5.80885e+06
5  36  7.2021e+06
5  37  0
5  38  4.34269e+06
5  39  0
5  40  5.38728e+06
5  41  7.03606e+06
5  42  2.58877e+06
5  43  0
5  44  4.59843e+06
5  45  800242
5  46  1.98778e+06
5  47  6.82247e+06
5  48  5.10723e+06
5  49  0
5  50  837871
5  51  3.40236e+06
5  52  3.23599e+06
5  53  4.81092e+06
5  54  9.09418e+06
5  55  5.73119e+06
6  0  8.72946e+06
6  1  1.18755e+07
6  2  1.01583e+07
6  3  4.0305e+06
6  4  8.28346e+06
6  5  0
6  6  6.32698e+06
6  7  0
6  8  2.95308e+06
6  9  2.92119e+06
6  10  0
6  11  7.45625e+06
6  12  6.37543e+06
6  13  9.92585e+06
6  14  6.64722e+06
6  15  4.2771e+06
6  16  4.44064e+06
6  17  7.32755e+06
6  18  2.5307e+06
6  19  1.24236e+06
6  20  0
6  21  1.20551e+06
6  22  525766
6  23  1.57323e+06
6  24  0
6  25  0
6  26  2.25153e+06
6  27  5.79263e+06
6  28  2.03056e+06
6  29  4.36828e+06
6  30  8.1838e+06
6  31  3.62452e+06
6  32  0
6  33  3.70199e+06
6  34  955682
6  35  2.97501e+06
6  36  0
6  37  130737
6  38  3.93936e+06
6  39  2.07317e+06
6  40  3.83362e+06
6  41  1.28618e+07
6  42  2.44546e+06
6  43  0
6  44  0
6  45  1.51861e+07
6  46  4.34901e+06
6  47  1.03926e+07
6  48  4.40644e+06
6  49  3.5373e+06
6  50  7.88984e+06
6  51  0
6  52  9.05952e+06
6  53  3.53559e+06
6  54  0
6  55  3.08515e+06
7  0  9.02352e+06
7  1  5.78962e+06
7  2  6.7454e+06
7  3  0
7  4  9.38666e+06
7  5  6.96494e+06
7  6  4.80398e+06
7  7  4.85408e+06
7  8  0
7  9  9.94526e+06
7  10  7.69077e+06
7  11  2.31776e+06
7  12  0
7  13  1.92376e+06
7  14  2.82397e+06
7  15  168526
7  16  4.14931e+06
7  17  6.59569e+06
7  18  9.83644e+06
7  19  1.12795e+07
7  20  5.29343e+06
7  21  1.85964e+06
7  22  0
7  23  1.32984e+07
7  24  897116
7  25  4.72647e+06
7  26  0
7  27  6.08472e+06
7  28  6.07187e+06
7  29  6.50294e+06
7  30  0
7  31  2.17745e+06
7  32  7373.16
7  33  5.39318e+06
7  34  6.69309e+06
7  35  7.2379e+06
7  36  1.71113e+06
7  37  2.90769e+06
7  38  8.18392e+06
7  39  8.62617e+06
7  40  5.67316e+06
7  41  6.81696e+06
7  42  0
7  43  0
7  44  0
7  45  1.24284e+06
7  46  2.92624e+06
7  47  5.84029e+06
7  48  4.48622e+06
7  49  4.20754e+06
7  50  0
7  51  5.13141e+06
7  52  7.08951e+06
7  53  9.13222e+06
7  54  6.42544e+06
7  55  1.22038e+07
8  0  0
8  1  3.44515e+06
8  2  3.20979e+06
8  3  0
8  4  0
8  5  0
8  6  0
8  7  0
8  8  5.58324e+06
8  9  2.65402e+06
8  10  1.46775e+06
8  11  8.85288e+06
8  12  177277
8  13  1.05909e+07
8  14  1.63141e+06
8  15  3.37226e+06
8  16  2.06054e+06
8  17  5.66254e+06
8  18  9.31975e+06
8  19  0
8  20  3.30672e+06
8  21  3.56685e+06
8  22  0
8  23  8.22512e+06
8  24  2.27746e+06
8  25  4.39224e+06
8  26  2.04081e+06
8  27  4.11741e+06
8  28  0
8  29  7.25766e+06
8  30  8.62623e+06
8  31  1.69113e+06
8  32  1.50234e+06
8  33  468610
8  34  420713
8  35  8.39497e+06
8  36  0
8  37  5.45763e+06
8  38  0
8  39  1.81231e+06
8  40  0
8  41  2.59415e+06
8  42  2.2141e+06
8  43  8.07861e+06
8  44  0
8  45  3.24879e+06
8  46  7.30403e+06
8  47  7.60433e+06
8  48  4.61517e+06
8  49  4.47926e+06
8  50  2.69722e+06
8  51  1.81302e+06
8  52  0
8  53  8.54799e+06
8  54  6.79018e+06
8  55  5.35927e+06
9  0  0
9  1  2.68754e+06
9  2  5.51251e+06
9  3  7.44363e+06
9  4  8.05924e+06
9  5  1.22541e+07
9  6  6.88381e+06
9  7  3.62988e+06
9  8  7.40182e+06
9  9  6.29257e+06
9  10  4.42641e+06
9  11  1.05224e+07
9  12  492470
9  13  5.12029e+06
9  14  169105
9  15  983414
9  16  2.03456e+06
9  17  0
9  18  0
9  19  6.40018e+06
9  20  8.99085e+06
9  21  4.58472e+06
9  22  378941
9  23  5.1806e+06
9  24  3.45383e+06
9  25  9.64586e+06
9  26  0
9  27  4.58139e+06
9  28  5.58178e+06
9  29  2.35665e+06
9  30  8.86994e+06
9  31  2.23859e+06
9  32  1.60063e+06
9  33  9.83347e+06
9  34  1.00518e+07
9  35  101882
9  36  9.10141e+06
9  37  0
9  38  473532
9  39  0
9  40  2.87371e+06
9  41  0
9  42  3.92452e+06
9  43  2.88002e+06
9  44  5.10559e+06
9  45  4.47265e+06
9  46  3.60319e+06
9  47  6.05112e+06
9  48  0
9  49  3.5979e+06
9  50  764731
9  51  4.2253e+06
9  52  887806
9  53  4.91087e+06
9  54  0
9  55  1.70792e+06
10  0  5.42698e+06
10  1  2.54971e+06
10  2  5.52669e+06
10  3  1.13147e+06
10  4  0
10  5  5.59289e+06
10  6  7.51893e+06
10  7  657455
10  8  2.80629e+06
10  9  8.51262e+06
10  10  9.91145e+06
10  11  1.28553e+06
10  12  0
10  13  6.62194e+06
10  14  1.55834e+06
10  15  9.83366e+06
10  16  1.49488e+06
10  17  0
10  18  0
10  19  745014
10  20  0
10  21  0
10  22  1.75168e+06
10  23  0
10  24  5.15098e+06
10  25  4.04334e+06
10  26  955183
10  27  4.189e+06
10  28  3.33762e+06
10  29  0
10  30  555260
10  31  2.75678e+06
10  32  1.12587e+06
10  33  5.62138e+06
10  34  2.41531e+06
10  35  466478
10  36  5.78405e+06
10  37  3.28583e+06
10  38  1.28072e+07
10  39  1.65285e+06
10  40  4.22731e+06
10  41  5.49255e+06
10  42  9.57774e+06
10  43  1.03602e+06
10  44  0
10  45  0
10  46  7.04879e+06
10  47  7.22415e+06
10  48  1.91399e+06
10  49  2.41943e+06
10  50  0
10  51  0
10  52  6.98368e+06
10  53  2.53526e+06
10  54  3.0871e+06
10  55  6.24584e+06
11  0  3.77426e+06
11  1  5.16219e+06
11  2  5.35142e+06
11  3  7.70175e+06
11  4  3.12362e+06
11  5  3.13868e+06
11  6  0
11  7  9.81332e+06
11  8  6.32586e+06
11  9  3.12735e+06
11  10  4.33231e+06
11  11  7.0202e+06
11  12  1.54975e+06
11  13  1.13953e+07
11  14  1.16582e+06
11  15  2.94821e+06
11  16  1.98411e+06
11  17  8.29712e+06
11  18  883387
11  19  3.9975e+06
11  20  5.88674e+06
11  21  3.7457e+06
11  22  2.39979e+06
11  23  5.53481e+06
11  24  6.81725e+06
11  25  5.99526e+06
11  26  3.37829e+06
11  27  1.32494e+06
11  28  4.65941e+06
11  29  3.06391e+06
11  30  9.716e+06
11  31  6.73131e+06
11  32  1.11545e+07
11  33  1.25591e+07
11  34  1.22579e+07
11  35  1.98584e+06
11  36  7.73271e+06
11  37  2.5076e+06
11  38  0
11  39  264343
11  40  4.21654e+06
11  41  4.06668e+06
11  42  8.0979e+06
11  43  4.84965e+06
11  44  6.76158e+06
11  45  1.64062e+06
11  46  1.576e+06
11  47  1.22953e+07
11  48  4.51646e+06
11  49  5.2898e+06
11  50  0
11  51  1.29851e+06
11  52  7.78434e+06
11  53  44369.6
11  54  2.27964e+06
11  55  4.936e+06
12  0  0
12  1  0
12  2  7.27534e+06
12  3  6.79259e+06
12  4  1.02443e+07
12  5  8.29406e+06
12  6  7.18235e+06
12  7  333579
12  8  4.0696e+06
12  9  0
12  10  4.57617e+06
12  11  0
12  12  4.86127e+06
12  13  4.8856e+06
12  14  6.62654e+06
12  15  1.04802e+07
12  16  0
12  17  0
12  18  1.41733e+07
12  19  685829
12  20  5.91358e+06
12  21  1.02403e+07
12  22  0
12  23  1.55269e+06
12  24  7.68505e+06
12  25  6.92776e+06
12  26  5.69843e+06
12  27  0
12  28  5.64073e+06
12  29  5.88607e+06
12  30  5.14275e+06
12  31  2.9901e+06
12  32  4.41962e+06
12  33  5.51014e+06
12  34  11230.7
12  35  1.20214e+06
12  36  5.72471e+06
12  37  3.52819e+06
12  38  9.02977e+06
12  39  2.54149e+06
12  40  9.78406e+06
12  41  0
12  42  6.5216e+06
12  43  4.91327e+06
12  44  5.53412e+06
12  45  6.12052e+06
12  46  3.77671e+06
12  47  1.35298e+07
12  48  1.25438e+07
12  49  4.65961e+06
12  50  2.6948e+06
12  51  376614
12  52  7.78493e+06
12  53  0
12  54  1.03623e+06
12  55  5.31705e+06
13  0  7.84183e+06
13  1  1.36141e+07
13  2  2.1725e+06
13  3  3.37015e+06
13  4  9.30944e+06
13  5  7.88426e+06
13  6  5.05193e+06
13  7  0
13  8  2.91939e+06
13  9  5.89416e+06
13  10  0
13  11  141713
13  12  0
13  13  6.759e+06
13  14  1.03556e+07
13  15  1.0817e+07
13  16  2.30478e+06
13  17  0
13  18  1.00199e+07
13  19  1.2301e+06
13  20  2.50427e+06
13  21  0
13  22  4.9341e+06
13  23  2.32668e+06
13  24  5.39035e+06
13  25  5.0098e+06
13  26  3.65127e+06
13  27  9.14773e+06
13  28  0
13  29  0
13  30  0
13  31  1.96947e+06
13  32  795501
13  33  8.35452e+06
13  34  1.04402e+07
13  35  0
13  36  1.02655e+07
13  37  984836
13  38  827035
13  39  2.20318e+06
13  40  3.98139e+06
13  41  1.45759e+06
13  42  1.25728e+07
13  43  0
13  44  1.52229e+06
13  45  4.71904e+06
13  46  6.17725e+06
13  47  5.70559e+06
13  48  5.16714e+06
13  49  7.46527e+06
13  50  2.15344e+06
13  51  7.03813e+06
13  52  4.32626e+06
13  53  1.02062e+06
13  54  0
13  55  1.31599e+06
14  0  6.05385e+06
14  1  8.22242e+06
14  2  0
14  3  0
14  4  8.86737e+06
14  5  3.43829e+06
14  6  8.53493e+06
14  7  4.32066e+06
14  8  0
14  9  2.9293e+06
14  10  7.24631e+06
14  11  2.00022e+06
14  12  3.04218e+06
14  13  3.73332e+06
14  14  1.65458e+06
14  15  6.16408e+06
14  16  5.64274e+06
14  17  2.47112e+06
14  18  1.20156e+06
14  19  2.57958e+06
14  20  9.87568e+06
14  21  4.43381e+06
14  22  2.7207e+06
14  23  6.00539e+06
14  24  0
14  25  4.36327e+06
14  26  5.32125e+06
14  27  3.97539e+06
14  28  0
14  29  1.75822e+06
14  30  0
14  31  0
14  32  0
14  33  4.29066e+06
14  34  0
14  35  6.42539e+06
14  36  1.22695e+07
14  37  2.67844e+06
14  38  4.91769e+06
14  39  1.10161e+07
14  40  0
14  41  3.53674e+06
14  42  9.33389e+06
14  43  0
14  44  5.35613e+06
14  45  4.10016e+06
14  46  3.18304e+06
14  47  6.98881e+06
14  48  5.76013e+06
14  49  3.87109e+06
14  50  1.29194e+07
14  51  2.44709e+06
14  52  0
14  53  0
14  54  0
14  55  1.5854e+07
15  0  409301
15  1  0
15  2  6.56398e+06
15  3  5.90034e+06
15  4  8.98742e+06
15  5  2.62864e+06
15  6  0
15  7  7.47978e+06
15  8  5.33894e+06
15  9  0
15  10  5.64409e+06
15  11  9.5924e+06
15  12  3.05316e+06
15  13  0
15  14  4.8184e+06
15  15  2.38096e+06
15  16  8.94467e+06
15  17  5.70248e+06
15  18  2.71856e+06
15  19  1.18077e+07
15  20  0
15  21  3.30611e+06
15  22  4.07424e+06
15  23  0
15  24  7.86976e+06
15  25  350128
15  26  5.25228e+06
15  27  5.33499e+06
15  28  4.59023e+06
15  29  8.72142e+06
15  30  3.85031e+06
15  31  0
15  32  2.50161e+06
15  33  4.27388e+06
15  34  135879
15  35  7.61344e+06
15  36  0
15  37  0
15  38  0
15  39  9.21764e+06
15  40  3.4455e+06
15  41  0
15  42  4.57842e+06
15  43  985527
15  44  3.28348e+06
15  45  3.91115e+06
15  46  2.62393e+06
15  47  5.10923e+06
15  48  9.78003e+06
15  49  6.82256e+06
15  50  3.21639e+06
15  51  6.44247e+06
15  52  7.09812e+06
15  53  0
15  54  3.62335e+06
15  55  702977
16  0  3.91214e+06
16  1  7.43809e+06
16  2  3.2044e+06
16  3  5.9238e+06
16  4  454528
16  5  6.51005e+06
16  6  8.47474e+06
16  7  2.62317e+06
16  8  2.6458e+06
16  9  1.84912e+06
16  10  1.87107e+06
16  11  0
16  12  9.04275e+06
16  13  2.58406e+06
16  14  0
16  15  0
16  16  3.18481e+06
16  17  4.06374e+06
16  18  0
16  19  2.79056e+06
16  20  7.04084e+06
16  21  3.46796e+06
16  22  5.42447e+06
16  23  1.50613e+06
16  24  0
16  25  5.11501e+06
16  26  1.38697e+06
16  27  2.08193e+06
16  28  2.57595e+06
16  29  931001
16  30  0
16  31  0
16  32  0
16  33  5.37142e+06
16  34  1.03684e+07
16  35  3.54338e+06
16  36  4.6221e+06
16  37  0
16  38  1.45881e+06
16  39  6.1088e+06
16  40  1.49062e+06
16  41  163052
16  42  9.94536e+06
16  43  7.39436e+06
16  44  1.60159e+06
16  45  7.50435e+06
16  46  0
16  47  909148
16  48  0
16  49  6.6578e+06
16  50  1.08914e+07
16  51  5.50848e+06
16  52  2.25139e+06
16  53  2.4877e+06
16  54  8.26472e+06
16  55  927315
17  0  0
17  1  7.12095e+06
17  2  3.45051e+06
17  3  4.47205e+06
17  4  0
17  5  5.8931e+06
17  6  6.69176e+06
17  7  9.16341e+06
17  8  6.94857e+06
17  9  6.3934e+06
17  10  5.35237e+06
17  11  6.91421e+06
17  12  9.6029e+06
17  13  570281
17  14  1.5496e+06
17  15  7.2634e+06
17  16  2.48796e+06
17  17  0
17  18  9.02837e+06
17  19  3.02097e+06
17  20  0
17  21  0
17  22  993261
17  23  3.33406e+06
17  24  8.75276e+06
17  25  0
17  26  0
17  27  9.85693e+06
17  28  0
17  29  4.42067e+06
17  30  4.25462e+06
17  31  8.48318e+06
17  32  5.20677e+06
17  33  1.55587e+06
17  34  7.64932e+06
17  35  1.85449e+06
17  36  9.35399e+06
17  37  3.23951e+06
17  38  414710
17  39  4.99867e+06
17  40  4.14105e+06
17  41  3.23754e+06
17  42  798380
17  43  1.80368e+06
17  44  742090
17  45  6.01707e+06
17  46  0
17  47  0
17  48  0
17  49  0
17  50  0
17  51  4.0716e+06
17  52  2.66981e+06
17  53  0
17  54  2.03642e+06
17  55  288699
18  0  1.534e+06
18  1  7.78924e+06
18  2  2.26141e+06
18  3  0
18  4  0
18  5  3.68154e+06
18  6  3.42857e+06
18  7  1.13208e+07
18  8  1.23196e+07
18  9  0
18  10  0
18  11  3.03396e+06
18  12  1.00525e+07
18  13  6.28838e+06
18  14  3.65108e+06
18  15  2.28712e+06
18  16  1.65955e+06
18  17  8.52945e+06
18  18  862851
18  19  0
18  20  4.54052e+06
18  21  2.93118e+06
18  22  0
18  23  3.09622e+06
18  24  244609
18  25  2.42211e+06
18  26  4.98899e+06
18  27  0
18  28  5.85971e+06
18  29  2.31457e+06
18  30  2.86914e+06
18  31  7.89171e+06
18  32  1.36873e+06
18  33  0
18  34  3.20862e+06
18  35  3.57064e+06
18  36  6.58405e+06
18  37  5.61808e+06
18  38  0
18  39  1.41382e+06
18  40  5.63662e+06
18  41  2.69796e+06
18  42  0
18  43  7.37744e+06
18  44  4.36617e+06
18  45  5.0064e+06
18  46  2.15467e+06
18  47  1.05167e+07
18  48  839610
18  49  4.73052e+06
18  50  69618.4
18  51  0
18  52  5.63475e+06
18  53  193901
18  54  1.60082e+06
18  55  7.79515e+06
19  0  9.02661e+06
19  1  0
19  2  1.99754e+06
19  3  4.81625e+06
19  4  0
19  5  0
19  6  3.646e+06
19  7  7.48943e+06
19  8  3.49259e+06
19  9  0
19  10  7.88869e+06
19  11  4.59971e+06
19  12  1.67396e+06
19  13  6.50862e+06
19  14  4.84275e+06
19  15  165555
19  16  3.79758e+06
19  17  3.74418e+06
19  18  1.43009e+06
19  19  5.39285e+06
19  20  5.81022e+06
19  21  0
19  22  0
19  23  177873
19  24  0
19  25  0
19  26  0
19  27  3.46678e+06
19  28  0
19  29  2.36936e+06
19  30  2.6465e+06
19  31  2.21406e+06
19  32  4.01627e+06
19  33  1.97239e+06
19  34  0
19  35  6.28915e+06
19  36  7.28741e+06
19  37  240926
19  38  6.62439e+06
19  39  1.20146e+06
19  40  6.56431e+06
19  41  5.34483e+06
19  42  4.38238e+06
19  43  4.37895e+06
19  44  5.23741e+06
19  45  1.71719e+06
19  46  8.48459e+06
19  47  2.45563e+06
19  48  7.4199e+06
19  49  2.9659e+06
19  50  1.65387e+06
19  51  0
19  52  210602
19  53  4.60153e+06
19  54  4.34653e+06
19  55  1.10735e+07
20  0  1.13331e+07
20  1  0
20  2  1.32866e+07
20  3  7.50795e+06
20  4  0
20  5  0
20  6  2.13213e+06
20  7  725791
20  8  3.88617e+06
20  9  8.85672e+06
20  10  378500
20  11  3.53391e+06
20  12  0
20  13  3.68483e+06
20  14  2.06696e+06
20  15  5.47223e+06
20  16  3.80799e+06
20  17  1.42267e+06
20  18  478007
20  19  0
20  20  3.06378e+06
20  21  6.38698e+06
20  22  2.33024e+06
20  23  0
20  24  5.82218e+06
20  25  0
20  26  3.42387e+06
20  27  0
20  28  8.96467e+06
20  29  5.00495e+06
20  30  618193
20  31  0
20  32  0
20  33  0
20  34  0
20  35  0
20  36  292296
20  37  6.41878e+06
20  38  4.83256e+06
20  39  0
20  40  2.0447e+06
20  41  5.5255e+06
20  42  4.89125e+06
20  43  4.47235e+06
20  44  843288
20  45  5.95667e+06
20  46  6.38696e+06
20  47  3.87639e+06
20  48  3.79714e+06
20  49  4.80665e+06
20  50  6.36027e+06
20  51  5.50498e+06
20  52  0
20  53  0
20  54  6.05636e+06
20  55  5.19216e+06
21  0  1.46378e+06
21  1  2.83318e+06
21  2  0
21  3  4.26283e+06
21  4  0
21  5  7.64417e+06
21  6  0
21  7  0
21  8  1.18175e+07
21  9  3.66643e+06
21  10  1.3668e+07
21  11  6.60518e+06
21  12  806585
21  13  5.4377e+06
21  14  7.99275e+06
21  15  4.74299e+06
21  16  9.71676e+06
21  17  8.90605e+06
21  18  1.58021e+06
21  19  1.56667e+06
21  20  4.68015e+06
21  21  4.23698e+06
21  22  7.74361e+06
21  23  6.27469e+06
21  24  1.06612e+06
21  25  5.50514e+06
21  26  448335
21  27  0
21  28  0
21  29  6.50538e+06
21  30  5.71961e+06
21  31  132766
21  32  2.2612e+06
21  33  0
21  34  5.25909e+06
21  35  1.46413e+06
21  36  0
21  37  5.26584e+06
21  38  1.77579e+06
21  39  5.05482e+06
21  40  1.93067e+06
21  41  1.90515e+06
21  42  1.05009e+07
21  43  3.62345e+06
21  44  0
21  45  1.0269e+06
21  46  0
21  47  7.65852e+06
21  48  884085
21  49  1.44766e+06
21  50  6.8121e+06
21  51  3.5308e+06
21  52  776941
21  53  7.94614e+06
21  54  0
21  55  0
22  0  4.91463e+06
22  1  0
22  2  3.98248e+06
22  3  3.20701e+06
22  4  3.94775e+06
22  5  6.75629e+06
22  6  2.05969e+06
22  7  5.58372e+06
22  8  4.70043e+06
22  9  0
22  10  4.58966e+06
22  11  231483
22  12  2.88576e+06
22  13  1.30109e+06
22  14  246439
22  15  3.77023e+06
22  16  7.24995e+06
22  17  2.76567e+06
22  18  0
22  19  0
22  20  8.13248e+06
22  21  3.38417e+06
22  22  9.2055e+06
22  23  7.6204e+06
22  24  5.57466e+06
22  25  0
22  26  6.94524e+06
22  27  7.8702e+06
22  28  2.6909e+06
22  29  7.3374e+06
22  30  4.55679e+06
22  31  502890
22  32  2.32874e+06
22  33  4.55389e+06
22  34  0
22  35  3.06848e+06
22  36  9.34585e+06
22  37  0
22  38  9.59222e+06
22  39  0
22  40  1.02603e+07
22  41  6.73113e+06
22  42  2.20991e+06
22  43  7.95872e+06
22  44  7.3912e+06
22  45  6.06471e+06
22  46  6.91967e+06
22  47  3.14947e+06
22  48  1.63975e+06
22  49  4.27682e+06
22  50  5.81113e+06
22  51  5.38639e+06
22  52  7.8879e+06
22  53  1.0182e+07
22  54  7.71158e+06
22  55  1.69329e+06
23  0  5.7617e+06
23  1  4.36025e+06
23  2  2.25327e+06
23  3  2.29454e+06
23  4  1.55699e+07
23  5  776320
23  6  1.05357e+07
23  7  3.41715e+06
23  8  8.31599e+06
23  9  3.20183e+06
23  10  489835
23  11  1.32099e+07
23  12  1.31536e+07
23  13  0
23  14  0
23  15  5.57005e+06
23  16  5.96996e+06
23  17  2.66842e+06
23  18  8.32948e+06
23  19  8.9355e+06
23  20  6.64554e+06
23  21  0
23  22  1.58215e+06
23  23  2.36913e+06
23  24  4.62509e+06
23  25  704277
23  26  8.1327e+06
23  27  6.32738e+06
23  28  2.10692e+06
23  29  0
23  30  1.18174e+07
23  31  3.80234e+06
23  32  1.31674e+07
23  33  3.76206e+06
23  34  3.61878e+06
23  35  0
23  36  7.09385e+06
23  37  7.61676e+06
23  38  6.44463e+06
23  39  6.56766e+06
23  40  1.65834e+06
23  41  2.47053e+06
23  42  0
23  43  7.99876e+06
23  44  5.58773e+06
23  45  0
23  46  0
23  47  5.22565e+06
23  48  1.07505e+07
23  49  103830
23  50  2.06906e+06
23  51  4.65926e+06
23  52  1.35264e+06
23  53  2.36545e+06
23  54  3.62895e+06
23  55  977626
24  0  6.25547e+06
24  1  7.79921e+06
24  2  1.0875e+06
24  3  6.33045e+06
24  4  0
24  5  0
24  6  1.16278e+06
24  7  283628
24  8  8.84635e+06
24  9  1.0711e+07
24  10  0
24  11  5.78343e+06
24  12  7.6586e+06
24  13  3.85483e+06
24  14  0
24  15  9.05014e+06
24  16  2.9367e+06
24  17  3.63384e+06
24  18  881582
24  19  0
24  20  8.68838e+06
24  21  1.11395e+06
24  22  6.82293e+06
24  23  2.07825e+06
24  24  3.82289e+06
24  25  6.30459e+06
24  26  1.35982e+07
24  27  2.98585e+06
24  28  1.59844e+07
24  29  5.59494e+06
24  30  2.17984e+06
24  31  2.85302e+06
24  32  7.35621e+06
24  33  1.17843e+07
24  34  9.71874e+06
24  35  4.14962e+06
24  36  0
24  37  3.59963e+06
24  38  7.01442e+06
24  39  1.07605e+07
24  40  8.46896e+06
24  41  36452.3
24  42  7.13761e+06
24  43  2.23232e+06
24  44  2.04606e+06
24  45  8.4258e+06
24  46  6.26435e+06
24  47  1.41753e+06
24  48  1.09915e+07
24  49  0
24  50  9.67265e+06
24  51  2.28282e+06
24  52  4.3735e+06
24  53  4.26798e+06
24  54  0
24  55  3.00228e+06
25  0  962370
25  1  4.61391e+06
25  2  831952
25  3  1.86587e+06
25  4  5.6783e+06
25  5  7.16854e+06
25  6  6.87334e+06
25  7  5.59393e+06
25  8  1.00217e+07
25  9  7.89507e+06
25  10  4.01627e+06
25  11  2.81465e+06
25  12  3.17033e+06
25  13  0
25  14  0
25  15  1.22825e+06
25  16  1.50384e+06
25  17  4.1155e+06
25  18  3.76979e+06
25  19  5.4013e+06
25  20  0
25  21  6.8208e+06
25  22  9.80017e+06
25  23  1.00087e+07
25  24  8.14788e+06
25  25  0
25  26  1.00808e+07
25  27  2.19325e+06
25  28  4.52781e+06
25  29  3.23667e+06
25  30  0
25  31  0
25  32  1.10455e+07
25  33  1.11847e+06
25  34  7.86429e+06
25  35  6.97118e+06
25  36  5.26747e+06
25  37  3.81142e+06
25  38  4.18184e+06
25  39  2.92611e+06
25  40  1.46266e+06
25  41  6.29598e+06
25  42  7.1248e+06
25  43  1.35969e+07
25  44  577603
25  45  1.08685e+07
25  46  0
25  47  0
25  48  1.01899e+06
25  49  1.64209e+06
25  50  3.67893e+06
25  51  8.5397e+06
25  52  2.61291e+06
25  53  863008
25  54  3.57369e+06
25  55  4.76409e+06
26  0  699744
26  1  368621
26  2  0
26  3  0
26  4  2.49056e+06
26  5  0
26  6  520904
26  7  9.99165e+06
26  8  2.68846e+06
26  9  6.371e+06
26  10  0
26  11  2.55361e+06
26  12  606033
26  13  0
26  14  0
26  15  7.26763e+06
26  16  7.53913e+06
26  17  5.79937e+06
26  18  1.27949e+07
26  19  1.56644e+06
26  20  2.81615e+06
26  21  7.43282e+06
26  22  1.5635e+06
26  23  6.69053e+06
26  24  0
26  25  3.42356e+06
26  26  2.96687e+06
26  27  2.34823e+06
26  28  4.60689e+06
26  29  1.28206e+07
26  30  9.12339e+06
26  31  4.48054e+06
26  32  1.57478e+07
26  33  6.48825e+06
26  34  2.051e+06
26  35  1.00105e+07
26  36  3.49092e+06
26  37  0
26  38  0
26  39  5.06443e+06
26  40  682999
26  41  2.08145e+06
26  42  9.42222e+06
26  43  4.7243e+06
26  44  3.8902e+06
26  45  5.13609e+06
26  46  6.35413e+06
26  47  585333
26  48  2.14572e+06
26  49  3.13622e+06
26  50  6.98387e+06
26  51  330814
26  52  0
26  53  2.44697e+06
26  54  6.96058e+06
26  55  3.10709e+06
27  0  2.86668e+06
27  1  5.17056e+06
27  2  0
27  3  0
27  4  0
27  5  0
27  6  3.90555e+06
27  7  6.62e+06
27  8  0
27  9  7.70506e+06
27  10  1.13815e+07
27  11  1.35463e+06
27  12  0
27  13  854236
27  14  8.11332e+06
27  15  0
27  16  8.23215e+06
27  17  3.03323e+06
27  18  419361
27  19  4.7864e+06
27  20  8.25343e+06
27  21  2.77656e+06
27  22  0
27  23  1.12972e+06
27  24  0
27  25  7.75493e+06
27  26  1.15658e+07
27  27  4.28672e+06
27  28  3.80928e+06
27  29  0
27  30  3.06466e+06
27  31  1.2786e+07
27  32  4.10093e+06
27  33  8.07414e+06
27  34  5.27755e+06
27  35  6.54973e+06
27  36  4.75029e+06
27  37  3.15726e+06
27  38  1.02943e+06
27  39  5.87411e+06
27  40  8.16822e+06
27  41  1.24984e+07
27  42  0
27  43  5.96241e+06
27  44  0
27  45  1.53538e+07
27  46  4.12584e+06
27  47  3.02362e+06
27  48  1.12296e+07
27  49  1.90372e+06
27  50  6.30133e+06
27  51  4.0635e+06
27  52  3.98483e+06
27  53  6.4997e+06
27  54  0
27  55  5.908e+06
28  0  1.18458e+07
28  1  0
28  2  0
28  3  3.89104e+06
28  4  8.8516e+06
28  5  900636
28  6  0
28  7  0
28  8  0
28  9  8.64738e+06
28  10  9.58975e+06
28  11  6.67022e+06
28  12  3.55043e+06
28  13  2.58741e+06
28  14  9.81011e+06
28  15  0
28  16  3.71249e+06
28  17  0
28  18  2.441e+06
28  19  0
28  20  5.17694e+06
28  21  6.56878e+06
28  22  316555
28  23  558337
28  24  3.89314e+06
28  25  1.46435e+06
28  26  3.37908e+06
28  27  0
28  28  6.44177e+06
28  29  3.99192e+06
28  30  6.24806e+06
28  31  1.07177e+07
28  32  7.16691e+06
28  33  1.06674e+07
28  34  1.49564e+06
28  35  170095
28  36  0
28  37  842389
28  38  5.61849e+06
28  39  488350
28  40  0
28  41  4.55005e+06
28  42  3.24663e+06
28  43  9.51101e+06
28  44  1.31128e+06
28  45  3.25165e+06
28  46  7.81393e+06
28  47  1.196e+07
28  48  3.48219e+06
28  49  1.79487e+06
28  50  4.69099e+06
28  51  1.90598e+06
28  52  0
28  53  4.30729e+06
28  54  4.10575e+06
28  55  0
29  0  9.56217e+06
29  1  5.01209e+06
29  2  0
29  3  0
29  4  4.10451e+06
29  5  4.80255e+06
29  6  6.46793e+06
29  7  5.9153e+06
29  8  304835
29  9  4.85126e+06
29  10  2.48083e+06
29  11  9.61583e+06
29  12  3.61958e+06
29  13  1.91127e+06
29  14  4.09936e+06
29  15  100935
29  16  0
29  17  9.68751e+06
29  18  6.55891e+06
29  19  2.38242e+06
29  20  5.04796e+06
29  21  1.13749e+07
29  22  1.99067e+06
29  23  0
29  24  0
29  25  2.10642e+06
29  26  6.14108e+06
29  27  6.64865e+06
29  28  3.76225e+06
29  29  5.21575e+06
29  30  8.33297e+06
29  31  5.36492e+06
29  32  1.09646e+07
29  33  9.50715e+06
29  34  0
29  35  3.94128e+06
29  36  0
29  37  1.54444e+06
29  38  2.39807e+06
29  39  5.32931e+06
29  40  5.99614e+06
29  41  3.98234e+06
29  42  1.47364e+07
29  43  2.53628e+06
29  44  82958.1
29  45  6.71491e+06
29  46  2.22614e+06
29  47  3.7276e+06
29  48  4.93125e+06
29  49  1.15038e+06
29  50  3.40258e+06
29  51  3.95089e+06
29  52  0
29  53  4.51989e+06
29  54  96889.3
29  55  0
30  0  7.22975e+06
30  1  2.94563e+06
30  2  9.21389e+06
30  3  3.81812e+06
30  4  6.13058e+06
30  5  5.75524e+06
30  6  287109
30  7  2.63025e+06
30  8  0
30  9  1.06311e+07
30  10  6.31302e+06
30  11  470574
30  12  0
30  13  0
30  14  6.2048e+06
30  15  0
30  16  7.02054e+06
30  17  0
30  18  8.54426e+06
30  19  740366
30  20  0
30  21  1.22241e+06
30  22  6.4905e+06
30  23  0
30  24  832790
30  25  3.20821e+06
30  26  6.59894e+06
30  27  6.04687e+06
30  28  0
30  29  3.03594e+06
30  30  5.46522e+06
30  31  2.05543e+07
30  32  1.02221e+07
30  33  0
30  34  3.25488e+06
30  35  5.98459e+06
30  36  0
30  37  3.83646e+06
30  38  3.49807e+06
30  39  5.19223e+06
30  40  0
30  41  1.05286e+06
30  42  9.89691e+06
30  43  1.02593e+07
30  44  0
30  45  8.32741e+06
30  46  3.32558e+06
30  47  7.2443e+06
30  48  982520
30  49  0
30  50  0
30  51  0
30  52  6.25625e+06
30  53  2.9243e+06
30  54  0
30  55  1.63976e+06
31  0  0
31  1  0
31  2  4.14551e+06
31  3  1.99503e+06
31  4  575499
31  5  39292
31  6  371657
31  7  5.92159e+06
31  8  1.6944e+06
31  9  2.95992e+06
31  10  2.70301e+06
31  11  5.79604e+06
31  12  2.0036e+06
31  13  1.09837e+07
31  14  8.02704e+06
31  15  2.63686e+06
31  16  2.54602e+06
31  17  6.72553e+06
31  18  2.24632e+06
31  19  1.08724e+07
31  20  4.18448e+06
31  21  0
31  22  9.54126e+06
31  23  6.6063e+06
31  24  1.66513e+06
31  25  0
31  26  1.45725e+06
31  27  3.06332e+06
31  28  5.65466e+06
31  29  9.03439e+06
31  30  8.64433e+06
31  31  4.52666e+06
31  32  1.15585e+07
31  33  1.39092e+07
31  34  0
31  35  4.15638e+06
31  36  2.99627e+06
31  37  0
31  38  1.27265e+06
31  39  0
31  40  4.11755e+06
31  41  4.18577e+06
31  42  8.40541e+06
31  43  3.13215e+06
31  44  0
31  45  9.09792e+06
31  46  8.72027e+06
31  47  2.43035e+06
31  48  0
31  49  1.06461e+07
31  50  9.43987e+06
31  51  1.91764e+06
31  52  7.61051e+06
31  53  6.34821e+06
31  54  4.27646e+06
31  55  0
32  0  0
32  1  0
32  2  1.20822e+06
32  3  1.79621e+06
32  4  0
32  5  0
32  6  3.19838e+06
32  7  0
32  8  0
32  9  4.21304e+06
32  10  0
32  11  0
32  12  0
32  13  3.31683e+06
32  14  6.88365e+06
32  15  522992
32  16  4.31694e+06
32  17  8.69257e+06
32  18  502617
32  19  2.69388e+06
32  20  3.04448e+06
32  21  8.32935e+06
32  22  6.06374e+06
32  23  0
32  24  1.12213e+07
32  25  4.21141e+06
32  26  5.73319e+06
32  27  4.85577e+06
32  28  0
32  29  6.88156e+06
32  30  5.3085e+06
32  31  5.52373e+06
32  32  6.50742e+06
32  33  8.89559e+06
32  34  9.39191e+06
32  35  6.16282e+06
32  36  65056.9
32  37  4.11818e+06
32  38  5.85651e+06
32  39  0
32  40  9.60734e+06
32  41  5.21723e+06
32  42  1.48567e+06
32  43  4.91251e+06
32  44  8.50851e+06
32  45  8.7797e+06
32  46  513783
32  47  8.847e+06
32  48  3.98346e+06
32  49  4.74738e+06
32  50  0
32  51  0
32  52  3.50801e+06
32  53  0
32  54  0
32  55  0
33  0  4.36873e+06
33  1  1.00856e+07
33  2  1.39519e+06
33  3  7.31325e+06
33  4  794842
33  5  8.65942e+06
33  6  799879
33  7  8.96269e+06
33  8  1.38204e+06
33  9  3.32857e+06
33  10  0
33  11  2.85401e+06
33  12  2.44669e+06
33  13  0
33  14  0
33  15  5.76024e+06
33  16  6.71368e+06
33  17  4.99962e+06
33  18  1.18504e+06
33  19  0
33  20  1.78731e+06
33  21  1.2086e+06
33  22  8.34973e+06
33  23  0
33  24  1.00303e+07
33  25  8.8118e+06
33  26  0
33  27  5.31562e+06
33  28  0
33  29  6.28762e+06
33  30  4.97347e+06
33  31  8.75677e+06
33  32  9.23263e+06
33  33  3.56881e+06
33  34  1.61085e+06
33  35  0
33  36  7.33036e+06
33  37  1.03931e+07
33  38  0
33  39  0
33  40  4.34361e+06
33  41  5.764e+06
33  42  3.83552e+06
33  43  0
33  44  5.19903e+06
33  45  1.88284e+06
33  46  0
33  47  0
33  48  9.60075e+06
33  49  1.28519e+06
33  50  5.62566e+06
33  51  9.2349e+06
33  52  5.98002e+06
33  53  6.05454e+06
33  54  8.18896e+06
33  55  7.72391e+06
34  0  1.15077e+06
34  1  5.75429e+06
34  2  5.2949e+06
34  3  4.45895e+06
34  4  6.35725e+06
34  5  6.1673e+06
34  6  1.1723e+07
34  7  3.50853e+06
34  8  3.53381e+06
34  9  0
34  10  1.12958e+07
34  11  3.07107e+06
34  12  0
34  13  0
34  14  0
34  15  3.09902e+06
34  16  6.05111e+06
34  17  0
34  18  2.4821e+06
34  19  1.25105e+07
34  20  4.0879e+06
34  21  244618
34  22  0
34  23  4.36468e+06
34  24  7.76405e+06
34  25  0
34  26  3.1139e+06
34  27  0
34  28  0
34  29  800951
34  30  878571
34  31  5.19627e+06
34  32  1.08376e+07
34  33  3.64465e+06
34  34  6.30166e+06
34  35  0
34  36  6.17893e+06
34  37  0
34  38  0
34  39  3.11636e+06
34  40  1.32837e+06
34  41  6.58781e+06
34  42  1.2343e+06
34  43  0
34  44  4.67364e+06
34  45  6.14793e+06
34  46  2.98167e+06
34  47  0
34  48  0
34  49  4.62808e+06
34  50  6.1944e+06
34  51  2.36573e+06
34  52  623359
34  53  2.22827e+06
34  54  6.70656e+06
34  55  0
35  0  0
35  1  9.41075e+06
35  2  6.59218e+06
35  3  3.36535e+06
35  4  7.33882e+06
35  5  7.99281e+06
35  6  4.48381e+06
35  7  5.60688e+06
35  8  8.54084e+06
35  9  9.49427e+06
35  10  1.33664e+06
35  11  3.95977e+06
35  12  0
35  13  4.05331e+06
35  14  1.42575e+06
35  15  3.42889e+06
35  16  9.52598e+06
35  17  7.94308e+06
35  18  4.62009e+06
35  19  331524
35  20  0
35  21  1.1655e+07
35  22  0
35  23  4.63265e+06
35  24  7.34563e+06
35  25  0
35  26  0
35  27  755943
35  28  3.82057e+06
35  29  0
35  30  2.29256e+06
35  31  5.3545e+06
35  32  4.77997e+06
35  33  3.17239e+06
35  34  6.30498e+06
35  35  4.7689e+06
35  36  6.45062e+06
35  37  3.77394e+06
35  38  1.25065e+06
35  39  4.82566e+06
35  40  3.87952e+06
35  41  5.1747e+06
35  42  4.22222e+06
35  43  2.16874e+06
35  44  5.14963e+06
35  45  702955
35  46  0
35  47  2.48033e+06
35  48  1.97992e+06
35  49  3.51131e+06
35  50  2.68268e+06
35  51  0
35  52  6.58162e+06
35  53  9.253e+06
35  54  214234
35  55  2.6882e+06
36  0  2.96985e+06
36  1  0
36  2  5.2011e+06
36  3  7.06535e+06
36  4  0
36  5  0
36  6  0
36  7  1.23876e+07
36  8  8.27767e+06
36  9  0
36  10  0
36  11  2.50387e+06
36  12  0
36  13  0
36  14  0
36  15  396921
36  16  0
36  17  5.81195e+06
36  18  2.89266e+06
36  19  8.35808e+06
36  20  5.76527e+06
36  21  1.39685e+06
36  22  2.77156e+06
36  23  4.22432e+06
36  24  5.07873e+06
36  25  0
36  26  1.15424e+07
36  27  0
36  28  2.51772e+06
36  29  9.39439e+06
36  30  1.87489e+06
36  31  6.34126e+06
36  32  0
36  33  1.0778e+07
36  34  9.743e+06
36  35  5.80595e+06
36  36  4.08576e+06
36  37  397242
36  38  0
36  39  5.78566e+06
36  40  4.01526e+06
36  41  1.95702e+06
36  42  7.82041e+06
36  43  440039
36  44  6.13182e+06
36  45  5.62374e+06
36  46  8.46118e+06
36  47  0
36  48  3.3556e+06
36  49  0
36  50  1.88217e+06
36  51  0
36  52  1.74357e+07
36  53  2.39043e+06
36  54  1.61679e+06
36  55  2.25779e+06
37  0  9.01996e+06
37  1  1.1317e+07
37  2  3.51274e+06
37  3  0
37  4  0
37  5  0
37  6  0
37  7  4.61716e+06
37  8  9.95729e+06
37  9  62076.6
37  10  4.3917e+06
37  11  0
37  12  0
37  13  1.91403e+06
37  14  0
37  15  5.35673e+06
37  16  7.35132e+06
37  17  0
37  18  0
37  19  6.60942e+06
37  20  2.22939e+06
37  21  5.7866e+06
37  22  7.9326e+06
37  23  3.66486e+06
37  24  4.32279e+06
37  25  0
37  26  4.51867e+06
37  27  5.84466e+06
37  28  0
37  29  5.167e+06
37  30  9.74926e+06
37  31  0
37  32  1.67197e+07
37  33  0
37  34  2.21906e+06
37  35  5.32463e+06
37  36  0
37  37  1.02576e+07
37  38  5.08218e+06
37  39  7.08717e+06
37  40  2.0166e+06
37  41  7.84047e+06
37  42  2.78383e+06
37  43  0
37  44  9.47749e+06
37  45  3.54743e+06
37  46  0
37  47  7.38605e+06
37  48  8.94011e+06
37  49  5.85624e+06
37  50  7.20502e+06
37  51  3.8234e+06
37  52  0
37  53  8.73932e+06
37  54  2.83746e+06
37  55  0
38  0  2.97562e+06
38  1  4.28514e+06
38  2  5.84667e+06
38  3  0
38  4  4.70235e+06
38  5  2.7215e+06
38  6  1.43878e+06
38  7  0
38  8  0
38  9  1.02967e+06
38  10  4.96514e+06
38  11  74350.9
38  12  6.53678e+06
38  13  4.50296e+06
38  14  5.63315e+06
38  15  0
38  16  3.29401e+06
38  17  3.91432e+06
38  18  0
38  19  0
38  20  2.14344e+06
38  21  1.23139e+06
38  22  7.30271e+06
38  23  3.64374e+06
38  24  4.92556e+06
38  25  5.89031e+06
38  26  0
38  27  7.24922e+06
38  28  4.79604e+06
38  29  0
38  30  3.03795e+06
38  31  7.21834e+06
38  32  4.67169e+06
38  33  0
38  34  6.94786e+06
38  35  0
38  36  2.63306e+06
38  37  257863
38  38  6.38982e+06
38  39  3.62977e+06
38  40  0
38  41  4.26815e+06
38  42  0
38  43  5.53818e+06
38  44  368469
38  45  6.18395e+06
38  46  4.21569e+06
38  47  9.76817e+06
38  48  9.67525e+06
38  49  3.39816e+06
38  50  2.44429e+06
38  51  529048
38  52  1.75135e+06
38  53  0
38  54  8.74605e+06
38  55  404153
39  0  5.85844e+06
39  1  0
39  2  0
39  3  7.00709e+06
39  4  2.00923e+06
39  5  4.9333e+06
39  6  0
39  7  7.39424e+06
39  8  0
39  9  823357
39  10  6.29493e+06
39  11  3.76164e+06
39  12  7.30715e+06
39  13  3.57272e+06
39  14  7.84455e+06
39  15  5.44863e+06
39  16  0
39  17  0
39  18  6.07735e+06
39  19  5.79819e+06
39  20  3.07211e+06
39  21  1.79628e+06
39  22  9.99003e+06
39  23  0
39  24  758941
39  25  0
39  26  0
39  27  6.92056e+06
39  28  2.22731e+06
39  29  2.90413e+06
39  30  618162
39  31  4.69789e+06
39  32  5.14012e+06
39  33  1.87532e+06
39  34  1.18194e+07
39  35  7.70318e+06
39  36  2.26357e+06
39  37  0
39  38  8.31887e+06
39  39  5.43248e+06
39  40  2.97057e+06
39  41  6.43642e+06
39  42  1.19595e+07
39  43  936605
39  44  1.09624e+07
39  45  0
39  46  0
39  47  9.43409e+06
39  48  8.04107e+06
39  49  0
39  50  2.21847e+06
39  51  0
39  52  6.645e+06
39  53  3.0753e+06
39  54  1.1153e+07
39  55  3.74484e+06
40  0  5.94564e+06
40  1  29433.7
40  2  0
40  3  8.43867e+06
40  4  0
40  5  5.5e+06
40  6  5.77606e+06
40  7  8.03685e+06
40  8  512621
40  9  0
40  10  2.0139e+06
40  11  2.32001e+06
40  12  1.14538e+07
40  13  8.10169e+06
40  14  0
40  15  3.25112e+06
40  16  5.68463e+06
40  17  1.0529e+06
40  18  249634
40  19  0
40  20  4.09752e+06
40  21  6.13179e+06
40  22  7.01612e+06
40  23  1.96498e+06
40  24  2.93472e+06
40  25  2.75688e+06
40  26  8.80813e+06
40  27  7.76256e+06
40  28  5.25742e+06
40  29  4.11809e+06
40  30  0
40  31  1.10614e+06
40  32  2.3519e+06
40  33  3.20254e+06
40  34  5.2357e+06
40  35  6.34239e+06
40  36  681646
40  37  4.19917e+06
40  38  6.28947e+06
40  39  657246
40  40  0
40  41  0
40  42  8.91182e+06
40  43  1.89e+06
40  44  8.53605e+06
40  45  8.18904e+06
40  46  1.26579e+07
40  47  4.32294e+06
40  48  5.33027e+06
40  49  4.25356e+06
40  50  0
40  51  0
40  52  2.73707e+06
40  53  8.86988e+06
40  54  2.51694e+06
40  55  1.74113e+06
41  0  1.65613e+06
41  1  984040
41  2  6.19606e+06
41  3  0
41  4  5.58359e+06
41  5  8.97219e+06
41  6  0
41  7  1.29479e+06
41  8  0
41  9  1.97045e+06
41  10  0
41  11  7.35552e+06
41  12  0
41  13  0
41  14  1.46028e+06
41  15  8.12697e+06
41  16  6.94943e+06
41  17  0
41  18  6.10302e+06
41  19  6.7574e+06
41  20  5.80231e+06
41  21  1.16334e+07
41  22  3.40951e+06
41  23  75806.5
41  24  2.28788e+06
41  25  0
41  26  5.75204e+06
41  27  8.41627e+06
41  28  4.79651e+06
41  29  6.6548e+06
41  30  427173
41  31  3.59103e+06
41  32  3.9682e+06
41  33  0
41  34  0
41  35  2.18741e+06
41  36  1.82734e+06
41  37  7.88268e+06
41  38  5.19247e+06
41  39  1.31227e+06
41  40  1.41046e+07
41  41  3.10748e+06
41  42  5.01353e+06
41  43  4.98222e+06
41  44  2.98707e+06
41  45  0
41  46  6.31963e+06
41  47  2.64191e+06
41  48  0
41  49  1.06882e+07
41  50  292679
41  51  2.06913e+06
41  52  0
41  53  254644
41  54  9.87475e+06
41  55  0
42  0  0
42  1  2.45698e+06
42  2  1.84927e+06
42  3  6.61016e+06
42  4  3.91165e+06
42  5  6.39612e+06
42  6  3.55878e+06
42  7  4.57096e+06
42  8  6.84787e+06
42  9  0
42  10  7.24909e+06
42  11  634256
42  12  6.53828e+06
42  13  5.98907e+06
42  14  4.84924e+06
42  15  1.29187e+06
42  16  0
42  17  5.56124e+06
42  18  0
42  19  3.22267e+06
42  20  8.26366e+06
42  21  1.66468e+07
42  22  5.71916e+06
42  23  8.86721e+06
42  24  4.89294e+06
42  25  3.153e+06
42  26  4.08513e+06
42  27  1.34767e+07
42  28  5.94859e+06
42  29  6.03142e+06
42  30  4.04498e+06
42  31  0
42  32  7.5932e+06
42  33  0
42  34  5.98696e+06
42  35  3.84307e+06
42  36  1.00192e+07
42  37  1.88015e+06
42  38  2.50189e+06
42  39  3.74488e+06
42  40  4.20792e+06
42  41  3.76832e+06
42  42  6.67244e+06
42  43  3.8192e+06
42  44  187762
42  45  2.20389e+06
42  46  2.57432e+06
42  47  1.11352e+06
42  48  647611
42  49  3.61519e+06
42  50  7.40255e+06
42  51  0
42  52  5.34739e+06
42  53  2.95705e+06
42  54  0
42  55  0
43  0  0
43  1  0
43  2  6.43878e+06
43  3  6.86436e+06
43  4  2.14628e+06
43  5  7.45019e+06
43  6  1.10205e+07
43  7  5.00073e+06
43  8  5.36308e+06
43  9  8.74588e+06
43  10  0
43  11  2.623e+06
43  12  0
43  13  8.4843e+06
43  14  7.29382e+06
43  15  7.11165e+06
43  16  0
43  17  0
43  18  4.90638e+06
43  19  1.05903e+06
43  20  0
43  21  1.58058e+07
43  22  4.74004e+06
43  23  1.96739e+06
43  24  1.55903e+06
43  25  1.02279e+07
43  26  0
43  27  767367
43  28  2.22781e+06
43  29  2.25866e+06
43  30  1.09029e+07
43  31  1.10267e+06
43  32  3.38371e+06
43  33  3.2523e+06
43  34  1.85321e+06
43  35  4.28887e+06
43  36  4.8591e+06
43  37  5.10288e+06
43  38  1.00289e+07
43  39  1.14739e+07
43  40  2.40498e+06
43  41  6.99381e+06
43  42  1.42473e+06
43  43  2.22256e+06
43  44  5.60462e+06
43  45  5.75228e+06
43  46  8.67847e+06
43  47  0
43  48  0
43  49  9.93389e+06
43  50  1.77624e+06
43  51  1.59838e+06
43  52  1.04862e+07
43  53  6.52642e+06
43  54  7.72212e+06
43  55  7.003e+06
44  0  4.30767e+06
44  1  0
44  2  8.69077e+06
44  3  4.00532e+06
44  4  3.35308e+06
44  5  5.15484e+06
44  6  9.7266e+06
44  7  6.75303e+06
44  8  6.98698e+06
44  9  2.51698e+06
44  10  1.60263e+06
44  11  1.73062e+06
44  12  9.93132e+06
44  13  7.19295e+06
44  14  7.53785e+06
44  15  0
44  16  0
44  17  0
44  18  4.00565e+06
44  19  1.38561e+07
44  20  3.04664e+06
44  21  5.68799e+06
44  22  9.61665e+06
44  23  0
44  24  6.73884e+06
44  25  3.81385e+06
44  26  4.77944e+06
44  27  0
44  28  431657
44  29  0
44  30  0
44  31  1.92367e+06
44  32  0
44  33  4.06998e+06
44  34  3.88608e+06
44  35  1.03714e+06
44  36  6.25861e+06
44  37  0
44  38  0
44  39  97493.8
44  40  2.14013e+06
44  41  1.3654e+06
44  42  8.65369e+06
44  43  0
44  44  8.83027e+06
44  45  4.1364e+06
44  46  1.43446e+06
44  47  1.23494e+06
44  48  1.0499e+07
44  49  8.95832e+06
44  50  935519
44  51  0
44  52  7.26397e+06
44  53  5.83812e+06
44  54  1.19662e+06
44  55  2.03996e+06
45  0  0
45  1  124210
45  2  7.42266e+06
45  3  5.06534e+06
45  4  1.56207e+06
45  5  3.56502e+06
45  6  1.6288e+07
45  7  486771
45  8  3.81161e+06
45  9  0
45  10  624892
45  11  0
45  12  25291.4
45  13  8.18371e+06
45  14  8.40876e+06
45  15  1.81317e+06
45  16  7.42531e+06
45  17  3.40816e+06
45  18  2.76507e+06
45  19  0
45  20  1.0206e+07
45  21  0
45  22  5.46264e+06
45  23  8.08095e+06
45  24  7.69632e+06
45  25  4.4043e+06
45  26  8.31758e+06
45  27  7.70685e+06
45  28  2.24327e+06
45  29  0
45  30  1.34889e+07
45  31  0
45  32  0
45  33  1.90942e+06
45  34  3.51902e+06
45  35  7.43135e+06
45  36  6.62667e+06
45  37  7.10077e+06
45  38  2.24533e+06
45  39  4.19892e+06
45  40  3.03625e+06
45  41  1.37401e+06
45  42  8.949e+06
45  43  0
45  44  0
45  45  1.4747e+06
45  46  1.25867e+07
45  47  1.7896e+06
45  48  1.30888e+07
45  49  296314
45  50  3.98223e+06
45  51  0
45  52  6.13434e+06
45  53  1.46255e+07
45  54  2.33624e+06
45  55  1.87985e+06
46  0  6.78918e+06
46  1  4.6352e+06
46  2  1.39054e+06
46  3  0
46  4  5.87177e+06
46  5  5.91391e+06
46  6  3.15265e+06
46  7  0
46  8  1.02582e+07
46  9  5.59225e+06
46  10  773400
46  11  1.12785e+06
46  12  1.85098e+06
46  13  7.06641e+06
46  14  3.49042e+06
46  15  2.66892e+06
46  16  0
46  17  7.90193e+06
46  18  5.76647e+06
46  19  5.64319e+06
46  20  8.32127e+06
46  21  0
46  22  0
46  23  7.86496e+06
46  24  5.18385e+06
46  25  2.03391e+06
46  26  1.82679e+06
46  27  0
46  28  1.39488e+07
46  29  8.12543e+06
46  30  332738
46  31  5.77298e+06
46  32  665633
46  33  9.2469e+06
46  34  3.13251e+06
46  35  0
46  36  5.06171e+06
46  37  6.02278e+06
46  38  7.06494e+06
46  39  8.60739e+06
46  40  2.46733e+06
46  41  8.79396e+06
46  42  1.41979e+07
46  43  2.00127e+06
46  44  8.2792e+06
46  45  2.11589e+06
46  46  4.03372e+06
46  47  0
46  48  1.2529e+07
46  49  7.37491e+06
46  50  8.15927e+06
46  51  3.17633e+06
46  52  1.0283e+07
46  53  6.3412e+06
46  54  4.42069e+06
46  55  1.27498e+07
47  0  2.87417e+06
47  1  5.65539e+06
47  2  0
47  3  5.79459e+06
47  4  5.63881e+06
47  5  0
47  6  7.6594e+06
47  7  0
47  8  4.73588e+06
47  9  0
47  10  6.333e+06
47  11  5.49484e+06
47  12  0
47  13  1.98115e+06
47  14  5.72346e+06
47  15  0
47  16  6.85466e+06
47  17  0
47  18  337024
47  19  1.97164e+06
47  20  495547
47  21  4.87528e+06
47  22  3.1113e+06
47  23  1.51303e+06
47  24  3.72786e+06
47  25  6.24605e+06
47  26  4.73405e+06
47  27  1.77791e+06
47  28  8.93588e+06
47  29  4.22314e+06
47  30  7.81377e+06
47  31  1.41366e+06
47  32  0
47  33  7.20867e+06
47  34  6.67492e+06
47  35  0
47  36  7.28936e+06
47  37  0
47  38  8.30305e+06
47  39  2.63686e+06
47  40  1.01376e+07
47  41  6.96751e+06
47  42  4.25456e+06
47  43  1.1873e+06
47  44  3.2637e+06
47  45  1.20323e+07
47  46  0
47  47  7.61641e+06
47  48  4.94261e+06
47  49  4.21074e+06
47  50  0
47  51  7.87455e+06
47  52  2.30584e+06
47  53  8.38285e+06
47  54  6.17991e+06
47  55  0
48  0  3.19739e+06
48  1  3.39644e+06
48  2  0
48  3  830783
48  4  6.4589e+06
48  5  4.93169e+06
48  6  5.85524e+06
48  7  3.64598e+06
48  8  160595
48  9  5.6567e+06
48  10  0
48  11  5.85132e+06
48  12  120434
48  13  8.79757e+06
48  14  0
48  15  2.00359e+06
48  16  424044
48  17  0
48  18  1.35333e+06
48  19  0
48  20  1.42808e+06
48  21  5.92373e+06
48  22  0
48  23  2.18577e+06
48  24  0
48  25  9.01029e+06
48  26  0
48  27  8.79559e+06
48  28  4.35831e+06
48  29  1.19951e+07
48  30  0
48  31  8.63686e+06
48  32  2.16064e+06
48  33  3.17424e+06
48  34  3.9516e+06
48  35  3.14402e+06
48  36  9.47163e+06
48  37  700624
48  38  0
48  39  178748
48  40  5.98667e+06
48  41  6.36743e+06
48  42  0
48  43  625745
48  44  0
48  45  7.61162e+06
48  46  4.90629e+06
48  47  0
48  48  4.8107e+06
48  49  1.02832e+07
48  50  5.02857e+06
48  51  2.43822e+06
48  52  8.9115e+06
48  53  1.20762e+07
48  54  1.77658e+06
48  55  1.05994e+07
49  0  2.19487e+06
49  1  1.12977e+07
49  2  3.43146e+06
49  3  5.82245e+06
49  4  5.93461e+06
49  5  5.80769e+06
49  6  0
49  7  0
49  8  0
49  9  2.19495e+06
49  10  6.12865e+06
49  11  8.70544e+06
49  12  1.97239e+06
49  13  7.34176e+06
49  14  6.00012e+06
49  15  4.80024e+06
49  16  2.96292e+06
49  17  5.47343e+06
49  18  114743
49  19  4.33028e+06
49  20  7.52061e+06
49  21  0
49  22  2.62786e+06
49  23  5.4221e+06
49  24  8.5268e+06
49  25  7.04611e+06
49  26  4.13957e+06
49  27  7.87344e+06
49  28  3.59881e+06
49  29  4.64521e+06
49  30  626371
49  31  2.83798e+06
49  32  0
49  33  6.86743e+06
49  34  1.59238e+06
49  35  9.56463e+06
49  36  6.48637e+06
49  37  3.22937e+06
49  38  0
49  39  4.02506e+06
49  40  8.68548e+06
49  41  4.00241e+06
49  42  4.07921e+06
49  43  988499
49  44  3.43003e+06
49  45  1.9053e+06
49  46  1.54214e+06
49  47  0
49  48  0
49  49  8.89893e+06
49  50  0
49  51  8.69793e+06
49  52  6.04376e+06
49  53  6.85004e+06
49  54  129879
49  55  5.58958e+06
50  0  3.8361e+06
50  1  3.71031e+06
50  2  0
50  3  8.55029e+06
50  4  0
50  5  5.09999e+06
50  6  8.69862e+06
50  7  1.85191e+06
50  8  0
50  9  0
50  10  2.72722e+06
50  11  5.9162e+06
50  12  2.65265e+06
50  13  3.5841e+06
50  14  2.76868e+06
50  15  5.62003e+06
50  16  0
50  17  6.70628e+06
50  18  1.89759e+06
50  19  6.66559e+06
50  20  3.08681e+06
50  21  1.1694e+07
50  22  2.26796e+06
50  23  6.30118e+06
50  24  1.51436e+06
50  25  5.31184e+06
50  26  0
50  27  5.40633e+06
50  28  1.12761e+07
50  29  0
50  30  0
50  31  0
50  32  0
50  33  0
50  34  0
50  35  3.30108e+06
50  36  1.55507e+06
50  37  3.23149e+06
50  38  2.6297e+06
50  39  1.18082e+07
50  40  6.72738e+06
50  41  0
50  42  5.61329e+06
50  43  9.81515e+06
50  44  7.23565e+06
50  45  6.99529e+06
50  46  252346
50  47  1.84998e+06
50  48  9.25792e+06
50  49  1.97656e+06
50  50  0
50  51  3.36179e+06
50  52  6.71691e+06
50  53  7.31511e+06
50  54  6.63255e+06
50  55  0

