row  column  (images_19_742.edf Mn-K*images_19_742.edf Ar-K**2.3)
0  0  1.35454e+07
0  1  1.3233e+07
0  2  6.743e+06
0  3  1.09924e+07
0  4  1.1756e+07
0  5  2.06345e+07
0  6  1.43851e+07
0  7  1.32951e+07
0  8  1.30368e+07
0  9  1.34669e+07
0  10  1.50127e+07
0  11  1.54663e+07
0  12  1.1686e+07
0  13  1.04686e+07
0  14  1.57718e+07
0  15  1.8027e+07
0  16  1.44405e+07
0  17  7.5089e+06
0  18  1.0588e+07
0  19  1.05828e+07
0  20  7.49272e+06
0  21  9.94617e+06
0  22  8.7224e+06
0  23  8.97129e+06
0  24  1.18497e+07
0  25  1.00777e+07
0  26  1.16853e+07
0  27  1.65292e+07
0  28  1.59042e+07
0  29  1.32814e+07
0  30  1.53091e+07
0  31  1.63175e+07
0  32  1.32844e+07
0  33  1.19026e+07
0  34  1.49182e+07
0  35  9.67225e+06
0  36  1.14033e+07
0  37  1.4505e+07
0  38  1.86187e+07
0  39  1.41058e+07
0  40  1.86474e+07
0  41  7.10165e+06
0  42  8.92301e+06
0  43  1.11498e+07
0  44  1.89811e+07
0  45  7.19935e+06
0  46  1.23687e+07
0  47  1.0585e+07
0  48  1.91032e+07
0  49  1.99871e+07
0  50  1.32589e+07
0  51  1.32409e+07
0  52  1.26784e+07
0  53  1.66619e+07
0  54  1.50263e+07
0  55  6.72181e+06
1  0  1.8894e+07
1  1  1.41058e+07
1  2  1.71696e+07
1  3  1.1764e+07
1  4  1.22424e+07
1  5  9.09652e+06
1  6  1.30249e+07
1  7  1.86577e+07
1  8  1.0697e+07
1  9  3.85584e+06
1  10  1.34198e+07
1  11  1.7552e+07
1  12  1.40593e+07
1  13  2.13867e+07
1  14  1.07405e+07
1  15  1.37811e+07
1  16  1.19936e+07
1  17  1.1973e+07
1  18  1.2392e+07
1  19  1.44195e+07
1  20  1.76057e+07
1  21  1.15523e+07
1  22  1.11037e+07
1  23  1.30368e+07
1  24  1.51797e+07
1  25  1.26213e+07
1  26  1.21419e+07
1  27  9.34889e+06
1  28  1.60807e+07
1  29  2.10621e+07
1  30  1.42074e+07
1  31  1.38751e+07
1  32  7.94762e+06
1  33  1.29542e+07
1  34  1.52134e+07
1  35  1.65497e+07
1  36  1.84528e+07
1  37  1.07757e+07
1  38  8.7726e+06
1  39  9.77847e+06
1  40  1.35664e+07
1  41  1.40039e+07
1  42  1.18693e+07
1  43  1.55332e+07
1  44  4.87763e+06
1  45  1.5132e+07
1  46  1.83865e+07
1  47  1.91109e+07
1  48  5.32744e+06
1  49  1.13869e+07
1  50  1.43083e+07
1  51  1.88318e+07
1  52  1.09531e+07
1  53  1.76216e+07
1  54  1.59078e+07
1  55  1.49459e+07
2  0  9.32423e+06
2  1  2.23431e+07
2  2  9.76048e+06
2  3  1.17291e+07
2  4  1.11378e+07
2  5  1.10671e+07
2  6  1.62411e+07
2  7  1.22711e+07
2  8  1.61498e+07
2  9  6.68184e+06
2  10  1.0471e+07
2  11  1.31267e+07
2  12  8.96129e+06
2  13  8.70423e+06
2  14  1.63371e+07
2  15  1.11142e+07
2  16  1.4457e+07
2  17  1.62202e+07
2  18  1.79166e+07
2  19  1.08995e+07
2  20  1.30764e+07
2  21  1.43673e+07
2  22  1.78411e+07
2  23  8.32525e+06
2  24  1.35642e+07
2  25  1.39083e+07
2  26  1.20137e+07
2  27  1.53785e+07
2  28  1.26061e+07
2  29  9.39081e+06
2  30  1.91062e+07
2  31  1.41673e+07
2  32  1.21501e+07
2  33  1.80362e+07
2  34  9.95926e+06
2  35  1.66217e+07
2  36  1.23891e+07
2  37  1.48809e+07
2  38  1.77599e+07
2  39  1.00934e+07
2  40  1.13135e+07
2  41  1.65997e+07
2  42  1.79889e+07
2  43  9.0608e+06
2  44  1.12442e+07
2  45  9.61337e+06
2  46  1.60943e+07
2  47  1.43443e+07
2  48  1.56603e+07
2  49  1.37048e+07
2  50  1.63719e+07
2  51  1.60651e+07
2  52  1.92501e+07
2  53  1.03047e+07
2  54  1.66979e+07
2  55  9.25775e+06
3  0  9.12631e+06
3  1  1.31196e+07
3  2  1.21677e+07
3  3  1.41074e+07
3  4  1.9983e+07
3  5  5.25035e+06
3  6  1.60817e+07
3  7  1.09715e+07
3  8  1.87627e+07
3  9  1.47307e+07
3  10  7.39227e+06
3  11  7.82225e+06
3  12  9.00463e+06
3  13  1.5662e+07
3  14  1.17155e+07
3  15  1.93055e+07
3  16  1.33479e+07
3  17  1.55792e+07
3  18  1.13095e+07
3  19  1.66341e+07
3  20  7.9893e+06
3  21  7.79734e+06
3  22  9.61036e+06
3  23  1.67599e+07
3  24  1.58667e+07
3  25  9.63514e+06
3  26  1.83685e+07
3  27  2.2687e+07
3  28  1.56581e+07
3  29  1.6464e+07
3  30  1.54272e+07
3  31  1.27521e+07
3  32  2.41271e+07
3  33  9.93079e+06
3  34  1.4028e+07
3  35  1.19278e+07
3  36  2.01315e+07
3  37  9.23018e+06
3  38  1.3826e+07
3  39  1.45364e+07
3  40  1.36616e+07
3  41  1.31482e+07
3  42  1.64655e+07
3  43  1.27704e+07
3  44  1.1608e+07
3  45  1.21744e+07
3  46  1.3405e+07
3  47  1.33419e+07
3  48  2.13972e+07
3  49  1.26536e+07
3  50  1.69177e+07
3  51  8.87754e+06
3  52  1.27412e+07
3  53  1.08372e+07
3  54  9.59181e+06
3  55  7.87628e+06
4  0  1.15213e+07
4  1  1.48509e+07
4  2  1.47667e+07
4  3  8.49261e+06
4  4  1.27167e+07
4  5  1.05879e+07
4  6  1.50949e+07
4  7  1.22985e+07
4  8  2.06569e+07
4  9  1.63492e+07
4  10  1.36533e+07
4  11  1.27717e+07
4  12  2.57843e+07
4  13  6.06556e+06
4  14  1.50594e+07
4  15  9.47814e+06
4  16  1.26917e+07
4  17  1.1584e+07
4  18  8.42267e+06
4  19  1.00173e+07
4  20  1.91834e+07
4  21  1.79016e+07
4  22  1.60599e+07
4  23  1.51623e+07
4  24  1.57671e+07
4  25  1.29036e+07
4  26  1.41482e+07
4  27  1.23255e+07
4  28  1.2979e+07
4  29  1.79399e+07
4  30  1.67213e+07
4  31  1.02806e+07
4  32  1.41547e+07
4  33  1.75226e+07
4  34  1.41517e+07
4  35  1.53402e+07
4  36  1.82173e+07
4  37  6.67157e+06
4  38  1.96835e+07
4  39  1.0677e+07
4  40  3.56853e+06
4  41  1.89199e+07
4  42  1.49696e+07
4  43  1.7746e+07
4  44  1.14079e+07
4  45  1.06472e+07
4  46  1.80893e+07
4  47  1.45477e+07
4  48  1.19407e+07
4  49  8.57817e+06
4  50  1.45968e+07
4  51  8.5564e+06
4  52  1.32686e+07
4  53  1.35343e+07
4  54  7.66569e+06
4  55  1.28779e+07
5  0  1.50772e+07
5  1  1.22043e+07
5  2  1.40547e+07
5  3  1.5087e+07
5  4  1.42082e+07
5  5  1.63458e+07
5  6  1.93255e+07
5  7  1.15175e+07
5  8  1.4602e+07
5  9  1.62634e+07
5  10  9.94283e+06
5  11  1.418e+07
5  12  1.65629e+07
5  13  1.66781e+07
5  14  1.55576e+07
5  15  1.40494e+07
5  16  8.81676e+06
5  17  1.26211e+07
5  18  1.02433e+07
5  19  1.29148e+07
5  20  1.21279e+07
5  21  8.26453e+06
5  22  1.60386e+07
5  23  1.27751e+07
5  24  1.28532e+07
5  25  1.65573e+07
5  26  1.07658e+07
5  27  1.26116e+07
5  28  2.14281e+07
5  29  1.07228e+07
5  30  1.95913e+07
5  31  1.85085e+07
5  32  2.11137e+07
5  33  8.37054e+06
5  34  1.24292e+07
5  35  8.81255e+06
5  36  1.15224e+07
5  37  1.08167e+07
5  38  1.76662e+07
5  39  1.09982e+07
5  40  1.53091e+07
5  41  1.20635e+07
5  42  1.42021e+07
5  43  2.45801e+07
5  44  1.5335e+07
5  45  7.2489e+06
5  46  1.078e+07
5  47  1.26568e+07
5  48  1.16126e+07
5  49  8.17715e+06
5  50  1.60525e+07
5  51  1.09469e+07
5  52  1.03508e+07
5  53  1.29985e+07
5  54  1.50031e+07
5  55  1.80481e+07
6  0  1.63009e+07
6  1  8.20974e+06
6  2  8.30844e+06
6  3  1.58801e+07
6  4  1.24793e+07
6  5  1.1675e+07
6  6  6.27302e+06
6  7  9.11088e+06
6  8  1.48627e+07
6  9  9.65349e+06
6  10  1.60669e+07
6  11  1.44527e+07
6  12  1.45483e+07
6  13  1.59477e+07
6  14  9.37047e+06
6  15  1.31879e+07
6  16  1.45272e+07
6  17  7.5601e+06
6  18  2.08022e+07
6  19  1.0711e+07
6  20  1.42209e+07
6  21  1.61216e+07
6  22  1.83818e+07
6  23  1.39718e+07
6  24  1.76247e+07
6  25  1.56838e+07
6  26  1.80371e+07
6  27  1.46078e+07
6  28  1.69846e+07
6  29  1.36574e+07
6  30  1.30128e+07
6  31  1.71473e+07
6  32  1.85614e+07
6  33  1.11251e+07
6  34  1.64517e+07
6  35  1.80583e+07
6  36  2.00986e+07
6  37  1.57971e+07
6  38  1.15208e+07
6  39  6.72328e+06
6  40  1.69287e+07
6  41  2.39972e+07
6  42  1.61258e+07
6  43  1.20291e+07
6  44  1.01554e+07
6  45  1.15132e+07
6  46  1.09876e+07
6  47  1.64673e+07
6  48  1.80598e+07
6  49  1.89192e+07
6  50  1.08364e+07
6  51  1.19535e+07
6  52  9.94026e+06
6  53  4.27387e+06
6  54  1.67503e+07
6  55  1.11142e+07
7  0  2.14539e+07
7  1  1.03238e+07
7  2  1.75537e+07
7  3  1.41816e+07
7  4  9.69368e+06
7  5  1.86089e+07
7  6  1.59062e+07
7  7  1.19938e+07
7  8  1.37752e+07
7  9  9.08285e+06
7  10  2.21592e+07
7  11  1.17925e+07
7  12  1.69995e+07
7  13  1.16058e+07
7  14  1.33658e+07
7  15  1.82966e+07
7  16  1.05368e+07
7  17  1.43506e+07
7  18  1.43451e+07
7  19  1.0921e+07
7  20  1.95255e+07
7  21  1.6686e+07
7  22  1.93157e+07
7  23  9.16384e+06
7  24  1.06207e+07
7  25  1.61138e+07
7  26  1.35726e+07
7  27  1.0452e+07
7  28  1.25623e+07
7  29  6.37361e+06
7  30  7.92993e+06
7  31  1.40206e+07
7  32  8.9247e+06
7  33  1.25947e+07
7  34  1.60073e+07
7  35  1.41266e+07
7  36  9.00254e+06
7  37  1.65794e+07
7  38  1.81692e+07
7  39  1.7055e+07
7  40  1.04532e+07
7  41  1.03441e+07
7  42  1.21431e+07
7  43  2.0352e+07
7  44  1.21395e+07
7  45  1.50714e+07
7  46  1.39092e+07
7  47  1.20326e+07
7  48  1.26706e+07
7  49  1.8792e+07
7  50  1.2839e+07
7  51  1.09269e+07
7  52  5.6857e+06
7  53  7.38178e+06
7  54  1.19611e+07
7  55  1.76824e+07
8  0  1.41114e+07
8  1  1.71155e+07
8  2  1.76389e+07
8  3  1.38776e+07
8  4  1.10988e+07
8  5  1.21044e+07
8  6  1.57563e+07
8  7  1.09391e+07
8  8  1.13057e+07
8  9  1.44057e+07
8  10  1.43495e+07
8  11  1.11263e+07
8  12  8.24724e+06
8  13  2.32415e+07
8  14  1.37575e+07
8  15  1.66588e+07
8  16  2.04212e+07
8  17  1.46675e+07
8  18  6.40638e+06
8  19  1.22097e+07
8  20  1.21867e+07
8  21  1.49018e+07
8  22  8.08701e+06
8  23  1.2988e+07
8  24  1.18094e+07
8  25  1.55607e+07
8  26  1.47904e+07
8  27  1.60516e+07
8  28  1.48753e+07
8  29  1.76696e+07
8  30  5.00094e+06
8  31  1.16544e+07
8  32  1.76636e+07
8  33  1.62193e+07
8  34  1.40028e+07
8  35  1.24341e+07
8  36  9.5708e+06
8  37  1.08259e+07
8  38  8.22236e+06
8  39  1.03862e+07
8  40  9.25372e+06
8  41  1.23416e+07
8  42  9.01281e+06
8  43  2.23757e+07
8  44  1.92735e+07
8  45  1.58995e+07
8  46  7.62525e+06
8  47  1.31256e+07
8  48  1.10902e+07
8  49  1.42075e+07
8  50  1.30571e+07
8  51  2.16771e+07
8  52  1.50911e+07
8  53  7.01993e+06
8  54  1.10219e+07
8  55  1.07009e+07
9  0  1.62328e+07
9  1  7.39714e+06
9  2  1.2999e+07
9  3  1.33059e+07
9  4  9.80011e+06
9  5  1.62298e+07
9  6  1.08898e+07
9  7  1.30224e+07
9  8  1.25497e+07
9  9  1.51827e+07
9  10  1.2506e+07
9  11  8.59131e+06
9  12  1.43893e+07
9  13  1.65117e+07
9  14  1.68748e+07
9  15  7.45281e+06
9  16  1.60657e+07
9  17  6.61112e+06
9  18  7.05525e+06
9  19  1.37857e+07
9  20  1.72235e+07
9  21  1.67629e+07
9  22  8.19288e+06
9  23  1.06127e+07
9  24  1.01074e+07
9  25  9.17815e+06
9  26  6.35779e+06
9  27  1.96035e+07
9  28  1.53295e+07
9  29  1.50983e+07
9  30  1.69061e+07
9  31  8.67007e+06
9  32  1.26879e+07
9  33  1.48052e+07
9  34  1.12079e+07
9  35  1.48411e+07
9  36  9.21028e+06
9  37  1.55304e+07
9  38  1.27902e+07
9  39  8.33638e+06
9  40  6.51941e+06
9  41  1.76694e+07
9  42  2.0969e+07
9  43  1.998e+07
9  44  1.27644e+07
9  45  1.53325e+07
9  46  1.1298e+07
9  47  1.44844e+07
9  48  1.24668e+07
9  49  9.99159e+06
9  50  1.44232e+07
9  51  1.70181e+07
9  52  1.33815e+07
9  53  1.65952e+07
9  54  9.07036e+06
9  55  1.69788e+07
10  0  1.35772e+07
10  1  1.5506e+07
10  2  1.45626e+07
10  3  1.47994e+07
10  4  1.08359e+07
10  5  9.01398e+06
10  6  1.11317e+07
10  7  2.5542e+07
10  8  1.37142e+07
10  9  1.14058e+07
10  10  1.46716e+07
10  11  1.23367e+07
10  12  1.83917e+07
10  13  1.72648e+07
10  14  1.64187e+07
10  15  1.98398e+07
10  16  1.34457e+07
10  17  1.88597e+07
10  18  1.371e+07
10  19  6.7059e+06
10  20  1.08671e+07
10  21  1.33812e+07
10  22  1.59384e+07
10  23  1.18452e+07
10  24  1.19961e+07
10  25  1.26135e+07
10  26  6.01728e+06
10  27  1.6379e+07
10  28  1.67403e+07
10  29  1.21151e+07
10  30  7.1288e+06
10  31  1.42398e+07
10  32  1.19429e+07
10  33  1.5112e+07
10  34  1.37381e+07
10  35  1.27164e+07
10  36  7.98604e+06
10  37  1.322e+07
10  38  2.19942e+07
10  39  1.3322e+07
10  40  1.2495e+07
10  41  1.53525e+07
10  42  1.15553e+07
10  43  9.44311e+06
10  44  2.09951e+07
10  45  1.21345e+07
10  46  1.2083e+07
10  47  2.3013e+07
10  48  1.6659e+07
10  49  7.23799e+06
10  50  1.39527e+07
10  51  1.46729e+07
10  52  1.21469e+07
10  53  1.24353e+07
10  54  1.62055e+07
10  55  1.65055e+07
11  0  8.86322e+06
11  1  1.26499e+07
11  2  8.54005e+06
11  3  1.00469e+07
11  4  1.15845e+07
11  5  1.06324e+07
11  6  8.78456e+06
11  7  1.77654e+07
11  8  1.58092e+07
11  9  7.84508e+06
11  10  1.19212e+07
11  11  1.55863e+07
11  12  1.37765e+07
11  13  1.4894e+07
11  14  1.14648e+07
11  15  9.38912e+06
11  16  1.5566e+07
11  17  1.7576e+07
11  18  1.49582e+07
11  19  1.1743e+07
11  20  1.61989e+07
11  21  7.50844e+06
11  22  7.31905e+06
11  23  7.48905e+06
11  24  7.56475e+06
11  25  8.79773e+06
11  26  1.67175e+07
11  27  1.66085e+07
11  28  1.9697e+07
11  29  9.84109e+06
11  30  1.57807e+07
11  31  1.59905e+07
11  32  1.77633e+07
11  33  1.34531e+07
11  34  1.13641e+07
11  35  1.70613e+07
11  36  8.47197e+06
11  37  9.71913e+06
11  38  1.25119e+07
11  39  1.21018e+07
11  40  1.36431e+07
11  41  1.95811e+07
11  42  1.12333e+07
11  43  1.2374e+07
11  44  1.32333e+07
11  45  9.32693e+06
11  46  1.48603e+07
11  47  1.43732e+07
11  48  1.99424e+07
11  49  1.31771e+07
11  50  1.18993e+07
11  51  9.21025e+06
11  52  1.41938e+07
11  53  1.55963e+07
11  54  1.89889e+07
11  55  1.67676e+07
12  0  1.6391e+07
12  1  1.565e+07
12  2  1.22463e+07
12  3  1.69734e+07
12  4  1.52274e+07
12  5  1.71019e+07
12  6  1.35154e+07
12  7  1.05302e+07
12  8  8.39889e+06
12  9  9.97269e+06
12  10  1.29629e+07
12  11  1.42953e+07
12  12  1.1301e+07
12  13  9.75819e+06
12  14  7.1794e+06
12  15  1.38728e+07
12  16  1.6414e+07
12  17  9.4036e+06
12  18  1.06278e+07
12  19  9.805e+06
12  20  1.5247e+07
12  21  1.13945e+07
12  22  1.251e+07
12  23  1.5791e+07
12  24  1.30481e+07
12  25  1.29688e+07
12  26  8.98243e+06
12  27  1.07763e+07
12  28  1.13928e+07
12  29  1.7242e+07
12  30  1.05347e+07
12  31  9.95593e+06
12  32  1.628e+07
12  33  1.88199e+07
12  34  1.12007e+07
12  35  5.62127e+06
12  36  1.27961e+07
12  37  1.72326e+07
12  38  9.7074e+06
12  39  1.15537e+07
12  40  1.44836e+07
12  41  1.14692e+07
12  42  9.42784e+06
12  43  1.29948e+07
12  44  1.036e+07
12  45  1.69761e+07
12  46  1.64667e+07
12  47  1.39595e+07
12  48  1.49397e+07
12  49  2.03402e+07
12  50  1.57095e+07
12  51  1.19516e+07
12  52  1.02678e+07
12  53  1.02816e+07
12  54  1.08484e+07
12  55  1.24313e+07
13  0  1.22268e+07
13  1  1.40278e+07
13  2  1.43845e+07
13  3  1.21769e+07
13  4  7.35407e+06
13  5  9.39229e+06
13  6  1.49733e+07
13  7  5.78359e+06
13  8  1.42295e+07
13  9  1.91306e+07
13  10  4.59275e+06
13  11  1.2916e+07
13  12  1.38371e+07
13  13  8.96994e+06
13  14  8.77228e+06
13  15  1.72864e+07
13  16  1.51214e+07
13  17  1.1863e+07
13  18  1.977e+07
13  19  1.47045e+07
13  20  1.64373e+07
13  21  9.73206e+06
13  22  1.11213e+07
13  23  1.44238e+07
13  24  9.9999e+06
13  25  9.97783e+06
13  26  1.23289e+07
13  27  9.27017e+06
13  28  1.82528e+07
13  29  1.44739e+07
13  30  1.05212e+07
13  31  1.7119e+07
13  32  1.55429e+07
13  33  1.34556e+07
13  34  1.0941e+07
13  35  7.46334e+06
13  36  1.125e+07
13  37  7.11362e+06
13  38  6.2634e+06
13  39  1.19191e+07
13  40  1.60934e+07
13  41  1.73386e+07
13  42  9.31575e+06
13  43  1.43104e+07
13  44  1.55074e+07
13  45  7.63364e+06
13  46  1.63317e+07
13  47  1.4164e+07
13  48  1.7938e+07
13  49  9.58129e+06
13  50  1.76613e+07
13  51  1.74811e+07
13  52  1.69884e+07
13  53  1.5318e+07
13  54  1.02651e+07
13  55  7.8628e+06
14  0  1.17932e+07
14  1  8.6478e+06
14  2  1.54282e+07
14  3  1.07276e+07
14  4  1.63062e+07
14  5  1.77748e+07
14  6  6.24192e+06
14  7  2.21078e+07
14  8  6.53952e+06
14  9  1.72335e+07
14  10  1.35022e+07
14  11  1.76349e+07
14  12  1.02988e+07
14  13  1.35364e+07
14  14  1.9243e+07
14  15  1.21465e+07
14  16  1.17692e+07
14  17  1.41087e+07
14  18  1.56674e+07
14  19  1.07644e+07
14  20  1.11742e+07
14  21  1.73301e+07
14  22  1.08923e+07
14  23  1.95039e+07
14  24  1.54958e+07
14  25  8.01113e+06
14  26  1.38354e+07
14  27  1.7736e+07
14  28  1.31584e+07
14  29  1.30211e+07
14  30  1.4354e+07
14  31  6.59944e+06
14  32  1.3003e+07
14  33  4.72528e+06
14  34  1.16784e+07
14  35  1.32021e+07
14  36  1.15142e+07
14  37  2.04336e+07
14  38  1.05816e+07
14  39  1.94345e+07
14  40  1.99836e+07
14  41  1.60935e+07
14  42  9.97035e+06
14  43  1.00839e+07
14  44  5.58383e+06
14  45  1.23406e+07
14  46  1.08321e+07
14  47  1.36624e+07
14  48  1.65823e+07
14  49  1.3331e+07
14  50  1.33551e+07
14  51  9.32458e+06
14  52  1.12426e+07
14  53  2.03718e+07
14  54  8.25601e+06
14  55  1.69625e+07
15  0  9.43148e+06
15  1  7.37016e+06
15  2  1.67493e+07
15  3  2.33936e+07
15  4  1.28284e+07
15  5  1.47552e+07
15  6  1.44859e+07
15  7  9.81242e+06
15  8  1.09714e+07
15  9  1.02484e+07
15  10  1.43656e+07
15  11  1.0539e+07
15  12  1.63567e+07
15  13  9.84403e+06
15  14  1.40376e+07
15  15  7.24342e+06
15  16  1.16616e+07
15  17  7.97565e+06
15  18  8.86407e+06
15  19  9.54894e+06
15  20  1.07414e+07
15  21  1.59594e+07
15  22  9.51031e+06
15  23  7.75895e+06
15  24  1.27402e+07
15  25  1.52384e+07
15  26  1.54718e+07
15  27  9.11206e+06
15  28  1.02889e+07
15  29  2.0249e+07
15  30  1.55593e+07
15  31  1.74556e+07
15  32  1.04117e+07
15  33  1.14233e+07
15  34  1.5793e+07
15  35  1.68024e+07
15  36  1.18493e+07
15  37  2.33053e+07
15  38  7.47247e+06
15  39  1.66657e+07
15  40  1.14332e+07
15  41  1.13377e+07
15  42  1.16052e+07
15  43  9.89344e+06
15  44  1.65833e+07
15  45  1.18077e+07
15  46  1.3189e+07
15  47  1.4152e+07
15  48  8.48441e+06
15  49  1.25927e+07
15  50  1.57374e+07
15  51  1.15405e+07
15  52  7.57236e+06
15  53  1.68254e+07
15  54  1.06459e+07
15  55  1.7898e+07
16  0  1.39707e+07
16  1  1.95679e+07
16  2  1.05375e+07
16  3  1.50595e+07
16  4  1.15886e+07
16  5  1.31014e+07
16  6  1.13619e+07
16  7  1.45497e+07
16  8  1.48227e+07
16  9  1.04138e+07
16  10  1.06361e+07
16  11  1.02558e+07
16  12  1.63732e+07
16  13  1.73561e+07
16  14  1.08117e+07
16  15  1.16279e+07
16  16  1.21757e+07
16  17  9.62023e+06
16  18  1.31843e+07
16  19  1.49889e+07
16  20  1.39147e+07
16  21  1.80705e+07
16  22  1.23436e+07
16  23  1.36771e+07
16  24  1.33469e+07
16  25  1.57703e+07
16  26  1.41269e+07
16  27  1.03577e+07
16  28  1.8734e+07
16  29  2.04841e+07
16  30  7.93665e+06
16  31  1.0428e+07
16  32  1.13366e+07
16  33  9.85299e+06
16  34  1.5302e+07
16  35  6.5364e+06
16  36  1.04315e+07
16  37  1.32554e+07
16  38  1.57597e+07
16  39  1.55213e+07
16  40  1.27807e+07
16  41  1.05724e+07
16  42  1.23163e+07
16  43  1.00452e+07
16  44  1.31527e+07
16  45  1.17404e+07
16  46  1.92268e+07
16  47  5.16304e+06
16  48  1.067e+07
16  49  8.00472e+06
16  50  1.21222e+07
16  51  8.88541e+06
16  52  1.62586e+07
16  53  1.31127e+07
16  54  9.95442e+06
16  55  1.68252e+07
17  0  1.1548e+07
17  1  1.37803e+07
17  2  9.53509e+06
17  3  1.17304e+07
17  4  1.27132e+07
17  5  1.70451e+07
17  6  8.98347e+06
17  7  1.272e+07
17  8  1.20622e+07
17  9  1.49731e+07
17  10  1.6154e+07
17  11  9.25432e+06
17  12  1.9084e+07
17  13  1.48118e+07
17  14  1.64181e+07
17  15  1.58444e+07
17  16  8.11435e+06
17  17  1.69131e+07
17  18  1.40503e+07
17  19  1.74644e+07
17  20  1.54185e+07
17  21  1.34466e+07
17  22  1.55011e+07
17  23  7.30619e+06
17  24  1.51912e+07
17  25  1.5819e+07
17  26  1.1949e+07
17  27  1.12555e+07
17  28  1.76309e+07
17  29  6.0694e+06
17  30  1.75464e+07
17  31  1.28951e+07
17  32  1.22387e+07
17  33  1.72025e+07
17  34  1.23423e+07
17  35  1.161e+07
17  36  1.40862e+07
17  37  1.37382e+07
17  38  1.17638e+07
17  39  1.50257e+07
17  40  2.00697e+07
17  41  1.92228e+07
17  42  1.09671e+07
17  43  1.16984e+07
17  44  1.5452e+07
17  45  1.09639e+07
17  46  5.59844e+06
17  47  1.0549e+07
17  48  1.4519e+07
17  49  6.12329e+06
17  50  9.89992e+06
17  51  1.93878e+07
17  52  1.47712e+07
17  53  1.8817e+07
17  54  1.73343e+07
17  55  1.5625e+07
18  0  1.07582e+07
18  1  1.79105e+07
18  2  1.52849e+07
18  3  9.68411e+06
18  4  8.61666e+06
18  5  2.06426e+07
18  6  1.27339e+07
18  7  1.09381e+07
18  8  1.24982e+07
18  9  1.09647e+07
18  10  1.76152e+07
18  11  9.57448e+06
18  12  1.47663e+07
18  13  6.68655e+06
18  14  1.81044e+07
18  15  1.00158e+07
18  16  1.48968e+07
18  17  1.11353e+07
18  18  6.627e+06
18  19  1.08644e+07
18  20  1.74735e+07
18  21  1.87215e+07
18  22  1.24657e+07
18  23  1.63013e+07
18  24  1.13147e+07
18  25  8.87041e+06
18  26  9.17745e+06
18  27  9.12185e+06
18  28  1.59447e+07
18  29  1.07023e+07
18  30  1.69931e+07
18  31  9.50691e+06
18  32  1.72389e+07
18  33  1.39907e+07
18  34  1.65571e+07
18  35  2.02706e+07
18  36  1.30559e+07
18  37  1.28878e+07
18  38  7.19232e+06
18  39  1.44816e+07
18  40  1.10128e+07
18  41  1.53837e+07
18  42  1.07971e+07
18  43  1.2052e+07
18  44  1.03877e+07
18  45  1.37167e+07
18  46  9.77613e+06
18  47  1.73393e+07
18  48  1.75425e+07
18  49  1.13346e+07
18  50  1.7652e+07
18  51  1.17675e+07
18  52  1.20052e+07
18  53  5.24237e+06
18  54  1.20336e+07
18  55  1.06364e+07
19  0  1.09368e+07
19  1  1.23782e+07
19  2  1.078e+07
19  3  1.53895e+07
19  4  1.05785e+07
19  5  1.5322e+07
19  6  1.58212e+07
19  7  7.81702e+06
19  8  1.20006e+07
19  9  1.03686e+07
19  10  8.22806e+06
19  11  1.25985e+07
19  12  1.04393e+07
19  13  9.96165e+06
19  14  1.47898e+07
19  15  1.25697e+07
19  16  1.07353e+07
19  17  5.81172e+06
19  18  1.43889e+07
19  19  1.18401e+07
19  20  1.33502e+07
19  21  1.66983e+07
19  22  1.52042e+07
19  23  1.22449e+07
19  24  1.25083e+07
19  25  1.27351e+07
19  26  9.71649e+06
19  27  1.1028e+07
19  28  1.21613e+07
19  29  1.60385e+07
19  30  1.16144e+07
19  31  1.21334e+07
19  32  9.31302e+06
19  33  1.47464e+07
19  34  1.00099e+07
19  35  1.5053e+07
19  36  8.71726e+06
19  37  2.25748e+07
19  38  1.66042e+07
19  39  1.54276e+07
19  40  1.15365e+07
19  41  1.83108e+07
19  42  1.27239e+07
19  43  1.74823e+07
19  44  1.56963e+07
19  45  1.38493e+07
19  46  1.12386e+07
19  47  1.60156e+07
19  48  1.50131e+07
19  49  1.24247e+07
19  50  7.89391e+06
19  51  8.77589e+06
19  52  1.09027e+07
19  53  1.46031e+07
19  54  1.548e+07
19  55  1.47011e+07
20  0  1.12935e+07
20  1  1.38155e+07
20  2  6.11249e+06
20  3  9.28257e+06
20  4  1.11756e+07
20  5  1.37806e+07
20  6  1.32883e+07
20  7  1.0883e+07
20  8  1.07538e+07
20  9  1.31108e+07
20  10  9.82281e+06
20  11  6.43859e+06
20  12  1.15274e+07
20  13  1.28604e+07
20  14  8.35788e+06
20  15  1.99144e+07
20  16  1.03146e+07
20  17  1.55194e+07
20  18  1.04012e+07
20  19  8.74286e+06
20  20  8.4644e+06
20  21  1.78428e+07
20  22  1.75127e+07
20  23  1.13206e+07
20  24  1.10563e+07
20  25  1.53553e+07
20  26  6.26306e+06
20  27  1.1102e+07
20  28  1.44531e+07
20  29  1.05051e+07
20  30  1.09505e+07
20  31  7.52505e+06
20  32  2.36804e+07
20  33  9.49193e+06
20  34  1.1716e+07
20  35  1.47234e+07
20  36  3.01147e+06
20  37  8.8097e+06
20  38  5.33149e+06
20  39  1.4128e+07
20  40  2.26354e+07
20  41  1.39166e+07
20  42  1.30387e+07
20  43  1.33428e+07
20  44  1.36774e+07
20  45  1.40762e+07
20  46  1.60741e+07
20  47  6.28437e+06
20  48  1.02461e+07
20  49  9.72757e+06
20  50  1.15446e+07
20  51  9.22459e+06
20  52  1.50883e+07
20  53  1.51682e+07
20  54  1.50261e+07
20  55  1.58114e+07
21  0  1.22842e+07
21  1  1.32151e+07
21  2  1.10173e+07
21  3  1.33579e+07
21  4  1.2578e+07
21  5  1.96699e+07
21  6  2.13623e+07
21  7  9.7671e+06
21  8  1.32719e+07
21  9  8.0092e+06
21  10  1.77613e+07
21  11  1.40933e+07
21  12  9.09576e+06
21  13  1.6073e+07
21  14  1.28306e+07
21  15  1.31157e+07
21  16  1.59392e+07
21  17  1.55409e+07
21  18  1.18695e+07
21  19  2.05801e+07
21  20  1.71313e+07
21  21  1.08003e+07
21  22  1.58658e+07
21  23  1.59918e+07
21  24  9.49539e+06
21  25  9.13598e+06
21  26  9.31487e+06
21  27  1.1439e+07
21  28  1.32395e+07
21  29  1.53761e+07
21  30  1.81363e+07
21  31  2.07138e+07
21  32  1.20117e+07
21  33  1.37443e+07
21  34  9.93967e+06
21  35  1.58009e+07
21  36  1.06939e+07
21  37  7.24837e+06
21  38  2.06642e+07
21  39  1.25799e+07
21  40  1.42233e+07
21  41  1.08933e+07
21  42  1.11592e+07
21  43  1.25077e+07
21  44  1.02846e+07
21  45  1.41296e+07
21  46  8.17441e+06
21  47  8.59656e+06
21  48  1.06169e+07
21  49  1.32158e+07
21  50  5.19723e+06
21  51  1.24078e+07
21  52  2.24788e+07
21  53  1.69936e+07
21  54  1.68712e+07
21  55  1.79302e+07
22  0  1.04047e+07
22  1  1.71601e+07
22  2  1.87182e+07
22  3  1.53704e+07
22  4  2.0734e+07
22  5  1.4083e+07
22  6  1.0439e+07
22  7  1.28989e+07
22  8  1.12199e+07
22  9  1.2106e+07
22  10  9.08123e+06
22  11  1.44038e+07
22  12  1.57557e+07
22  13  1.37908e+07
22  14  1.80597e+07
22  15  1.29217e+07
22  16  1.59238e+07
22  17  1.72549e+07
22  18  1.92913e+07
22  19  1.51575e+07
22  20  1.17901e+07
22  21  1.98998e+07
22  22  1.26051e+07
22  23  1.68512e+07
22  24  1.57999e+07
22  25  1.00694e+07
22  26  1.11469e+07
22  27  1.11763e+07
22  28  1.36497e+07
22  29  1.76531e+07
22  30  1.64741e+07
22  31  8.17452e+06
22  32  6.52702e+06
22  33  1.64779e+07
22  34  1.294e+07
22  35  1.02449e+07
22  36  1.28756e+07
22  37  2.35328e+07
22  38  1.27565e+07
22  39  1.48832e+07
22  40  9.40933e+06
22  41  1.34359e+07
22  42  1.40448e+07
22  43  1.77311e+07
22  44  1.67595e+07
22  45  1.06996e+07
22  46  1.12639e+07
22  47  1.10338e+07
22  48  1.19982e+07
22  49  7.61912e+06
22  50  7.68742e+06
22  51  1.56744e+07
22  52  1.08479e+07
22  53  1.56946e+07
22  54  9.04071e+06
22  55  1.61778e+07
23  0  1.65387e+07
23  1  1.99399e+07
23  2  1.54936e+07
23  3  1.34907e+07
23  4  1.09131e+07
23  5  1.42771e+07
23  6  1.27696e+07
23  7  1.16537e+07
23  8  1.37274e+07
23  9  6.92534e+06
23  10  1.75356e+07
23  11  1.08616e+07
23  12  1.56492e+07
23  13  1.56604e+07
23  14  1.24331e+07
23  15  1.48399e+07
23  16  1.26781e+07
23  17  1.77256e+07
23  18  7.87908e+06
23  19  1.05079e+07
23  20  1.42191e+07
23  21  1.82583e+07
23  22  1.22479e+07
23  23  8.2502e+06
23  24  1.35006e+07
23  25  9.06171e+06
23  26  1.27375e+07
23  27  1.71517e+07
23  28  1.16096e+07
23  29  1.74559e+07
23  30  1.64931e+07
23  31  1.24029e+07
23  32  1.75785e+07
23  33  1.45462e+07
23  34  9.43315e+06
23  35  1.82556e+07
23  36  1.40808e+07
23  37  1.10707e+07
23  38  1.20657e+07
23  39  9.90369e+06
23  40  2.05924e+07
23  41  1.17221e+07
23  42  1.04142e+07
23  43  9.03175e+06
23  44  8.82129e+06
23  45  2.208e+07
23  46  1.23497e+07
23  47  1.90917e+07
23  48  1.6851e+07
23  49  1.22622e+07
23  50  9.31811e+06
23  51  1.11708e+07
23  52  1.38673e+07
23  53  1.25643e+07
23  54  1.87949e+07
23  55  1.06288e+07
24  0  1.68716e+07
24  1  1.47107e+07
24  2  1.08131e+07
24  3  1.34953e+07
24  4  1.31055e+07
24  5  1.63445e+07
24  6  1.4686e+07
24  7  1.25137e+07
24  8  1.70915e+07
24  9  7.30298e+06
24  10  1.30033e+07
24  11  8.5017e+06
24  12  1.54545e+07
24  13  6.79017e+06
24  14  7.13235e+06
24  15  1.43081e+07
24  16  5.76705e+06
24  17  1.97417e+07
24  18  1.23534e+07
24  19  1.818e+07
24  20  1.66915e+07
24  21  8.67021e+06
24  22  1.63142e+07
24  23  9.66207e+06
24  24  1.16371e+07
24  25  1.26347e+07
24  26  1.67028e+07
24  27  9.30062e+06
24  28  1.32391e+07
24  29  7.46935e+06
24  30  1.73433e+07
24  31  1.48273e+07
24  32  9.19458e+06
24  33  1.8672e+07
24  34  1.43587e+07
24  35  1.22218e+07
24  36  1.32485e+07
24  37  1.10639e+07
24  38  2.18342e+07
24  39  2.10005e+07
24  40  1.06156e+07
24  41  1.36693e+07
24  42  8.95161e+06
24  43  1.13157e+07
24  44  1.19981e+07
24  45  1.82751e+07
24  46  1.77639e+07
24  47  1.68942e+07
24  48  1.71737e+07
24  49  1.39824e+07
24  50  1.98654e+07
24  51  1.63887e+07
24  52  1.3104e+07
24  53  1.70334e+07
24  54  1.82269e+07
24  55  1.75972e+07
25  0  1.87904e+07
25  1  1.28013e+07
25  2  1.89245e+07
25  3  1.28353e+07
25  4  1.9355e+07
25  5  1.34913e+07
25  6  1.33366e+07
25  7  8.83503e+06
25  8  1.26859e+07
25  9  1.22143e+07
25  10  1.79134e+07
25  11  1.16041e+07
25  12  1.99023e+07
25  13  1.72712e+07
25  14  1.07682e+07
25  15  1.46688e+07
25  16  1.62816e+07
25  17  8.60187e+06
25  18  1.34089e+07
25  19  1.31818e+07
25  20  1.30242e+07
25  21  1.55275e+07
25  22  1.30589e+07
25  23  1.42205e+07
25  24  1.02664e+07
25  25  1.17881e+07
25  26  9.84829e+06
25  27  1.27065e+07
25  28  1.57541e+07
25  29  7.10515e+06
25  30  1.2157e+07
25  31  1.87687e+07
25  32  1.55328e+07
25  33  1.19783e+07
25  34  8.07632e+06
25  35  2.098e+07
25  36  1.35574e+07
25  37  1.5711e+07
25  38  1.49778e+07
25  39  1.3418e+07
25  40  1.68293e+07
25  41  1.54095e+07
25  42  1.63047e+07
25  43  1.01456e+07
25  44  1.80415e+07
25  45  1.04678e+07
25  46  2.01083e+07
25  47  1.37746e+07
25  48  1.36842e+07
25  49  1.58622e+07
25  50  6.24768e+06
25  51  1.61987e+07
25  52  1.36409e+07
25  53  1.63817e+07
25  54  1.24611e+07
25  55  1.21233e+07
26  0  1.81498e+07
26  1  1.39904e+07
26  2  1.40252e+07
26  3  1.30393e+07
26  4  5.61707e+06
26  5  1.07358e+07
26  6  1.047e+07
26  7  1.21652e+07
26  8  1.48786e+07
26  9  1.54389e+07
26  10  1.31816e+07
26  11  1.05679e+07
26  12  9.26939e+06
26  13  1.31974e+07
26  14  5.21264e+06
26  15  1.61827e+07
26  16  1.99174e+07
26  17  1.13187e+07
26  18  1.54455e+07
26  19  1.35797e+07
26  20  1.70872e+07
26  21  1.82843e+07
26  22  1.1436e+07
26  23  1.20061e+07
26  24  1.83458e+07
26  25  9.87426e+06
26  26  1.34128e+07
26  27  6.90677e+06
26  28  1.14143e+07
26  29  1.01592e+07
26  30  1.58172e+07
26  31  1.43469e+07
26  32  1.13401e+07
26  33  1.89789e+07
26  34  1.07446e+07
26  35  1.26477e+07
26  36  2.34816e+07
26  37  1.43912e+07
26  38  1.07817e+07
26  39  1.53644e+07
26  40  1.59233e+07
26  41  1.03506e+07
26  42  1.84372e+07
26  43  8.84589e+06
26  44  1.62957e+07
26  45  1.26885e+07
26  46  1.20683e+07
26  47  1.3881e+07
26  48  1.49351e+07
26  49  1.11704e+07
26  50  1.25808e+07
26  51  9.6816e+06
26  52  2.48948e+07
26  53  1.39063e+07
26  54  1.13491e+07
26  55  1.36236e+07
27  0  1.52232e+07
27  1  8.28528e+06
27  2  7.46862e+06
27  3  1.36468e+07
27  4  1.70897e+07
27  5  1.67526e+07
27  6  1.27507e+07
27  7  1.84524e+07
27  8  1.56677e+07
27  9  1.63317e+07
27  10  9.51871e+06
27  11  1.60738e+07
27  12  1.00404e+07
27  13  1.13897e+07
27  14  7.9077e+06
27  15  5.74346e+06
27  16  1.72715e+07
27  17  1.33975e+07
27  18  1.82646e+07
27  19  1.19326e+07
27  20  1.36052e+07
27  21  1.20202e+07
27  22  7.832e+06
27  23  1.63357e+07
27  24  1.46537e+07
27  25  1.55246e+07
27  26  8.38238e+06
27  27  5.96061e+06
27  28  1.14505e+07
27  29  6.74563e+06
27  30  2.03846e+07
27  31  1.90749e+07
27  32  1.35022e+07
27  33  1.2855e+07
27  34  1.32854e+07
27  35  1.59889e+07
27  36  1.34761e+07
27  37  1.93833e+07
27  38  1.29592e+07
27  39  1.75349e+07
27  40  1.35658e+07
27  41  1.24842e+07
27  42  1.71748e+07
27  43  1.11185e+07
27  44  9.96284e+06
27  45  1.04389e+07
27  46  2.23581e+07
27  47  7.15261e+06
27  48  1.54262e+07
27  49  1.27475e+07
27  50  1.13674e+07
27  51  1.56004e+07
27  52  9.01098e+06
27  53  1.16757e+07
27  54  1.01141e+07
27  55  1.38379e+07
28  0  1.47722e+07
28  1  1.31966e+07
28  2  8.16382e+06
28  3  1.28337e+07
28  4  7.53381e+06
28  5  1.24883e+07
28  6  1.38986e+07
28  7  1.32948e+07
28  8  1.00593e+07
28  9  1.58423e+07
28  10  6.0803e+06
28  11  2.07735e+07
28  12  1.14525e+07
28  13  8.5863e+06
28  14  1.66209e+07
28  15  1.04909e+07
28  16  1.30865e+07
28  17  1.64239e+07
28  18  7.61236e+06
28  19  1.55837e+07
28  20  7.13515e+06
28  21  1.72816e+07
28  22  1.9013e+07
28  23  1.12698e+07
28  24  1.35734e+07
28  25  8.53245e+06
28  26  1.17126e+07
28  27  9.50191e+06
28  28  2.25412e+07
28  29  1.17871e+07
28  30  1.38235e+07
28  31  1.25416e+07
28  32  1.59544e+07
28  33  1.09686e+07
28  34  1.35699e+07
28  35  7.14221e+06
28  36  1.8039e+07
28  37  2.18437e+07
28  38  1.14196e+07
28  39  1.33119e+07
28  40  1.25593e+07
28  41  8.22769e+06
28  42  9.43525e+06
28  43  1.26738e+07
28  44  1.52657e+07
28  45  1.3958e+07
28  46  1.70151e+07
28  47  1.66683e+07
28  48  1.5548e+07
28  49  1.28434e+07
28  50  1.96983e+07
28  51  1.24641e+07
28  52  1.48494e+07
28  53  1.90359e+07
28  54  1.40338e+07
28  55  1.6549e+07
29  0  5.13645e+06
29  1  1.06027e+07
29  2  8.99209e+06
29  3  1.71652e+07
29  4  1.16591e+07
29  5  1.17582e+07
29  6  1.20017e+07
29  7  1.11752e+07
29  8  1.66058e+07
29  9  1.37019e+07
29  10  1.36667e+07
29  11  1.12722e+07
29  12  8.72492e+06
29  13  1.11462e+07
29  14  1.1581e+07
29  15  1.75838e+07
29  16  1.20033e+07
29  17  1.6009e+07
29  18  1.62636e+07
29  19  1.16475e+07
29  20  1.6321e+07
29  21  2.04017e+07
29  22  1.10282e+07
29  23  9.2453e+06
29  24  1.14253e+07
29  25  1.59537e+07
29  26  1.35079e+07
29  27  9.72996e+06
29  28  1.45827e+07
29  29  1.64533e+07
29  30  6.35803e+06
29  31  1.89774e+07
29  32  1.26877e+07
29  33  7.76012e+06
29  34  1.36663e+07
29  35  1.04977e+07
29  36  1.32197e+07
29  37  1.9378e+07
29  38  2.16948e+07
29  39  8.27777e+06
29  40  1.6496e+07
29  41  1.22249e+07
29  42  1.43279e+07
29  43  1.6238e+07
29  44  2.01772e+07
29  45  9.29751e+06
29  46  2.22392e+07
29  47  6.4992e+06
29  48  1.92653e+07
29  49  1.22158e+07
29  50  1.91539e+07
29  51  1.1413e+07
29  52  1.1412e+07
29  53  9.2941e+06
29  54  9.69133e+06
29  55  1.64438e+07
30  0  6.49063e+06
30  1  9.29613e+06
30  2  1.57637e+07
30  3  8.30499e+06
30  4  1.53165e+07
30  5  1.02884e+07
30  6  9.96657e+06
30  7  1.43434e+07
30  8  1.20335e+07
30  9  1.43293e+07
30  10  1.73265e+07
30  11  4.80517e+06
30  12  1.56758e+07
30  13  9.83182e+06
30  14  1.74503e+07
30  15  1.84635e+07
30  16  1.96614e+07
30  17  2.60054e+07
30  18  1.60389e+07
30  19  1.39689e+07
30  20  9.88491e+06
30  21  9.29603e+06
30  22  6.80007e+06
30  23  1.50772e+07
30  24  7.82026e+06
30  25  1.44633e+07
30  26  1.15299e+07
30  27  5.51746e+06
30  28  1.40493e+07
30  29  1.07674e+07
30  30  9.78188e+06
30  31  1.60666e+07
30  32  1.89644e+07
30  33  1.26701e+07
30  34  1.20297e+07
30  35  1.50683e+07
30  36  1.18292e+07
30  37  1.38216e+07
30  38  2.14009e+07
30  39  1.59942e+07
30  40  8.40284e+06
30  41  1.42597e+07
30  42  1.3095e+07
30  43  1.76283e+07
30  44  1.42621e+07
30  45  1.47893e+07
30  46  1.43988e+07
30  47  1.522e+07
30  48  1.10645e+07
30  49  1.13383e+07
30  50  1.28602e+07
30  51  1.48892e+07
30  52  1.02471e+07
30  53  1.30955e+07
30  54  1.14121e+07
30  55  1.05825e+07
31  0  1.73271e+07
31  1  1.7326e+07
31  2  1.08668e+07
31  3  1.23732e+07
31  4  1.53797e+07
31  5  1.25914e+07
31  6  2.19059e+07
31  7  1.28343e+07
31  8  1.95984e+07
31  9  8.06275e+06
31  10  2.03893e+07
31  11  1.31449e+07
31  12  6.82901e+06
31  13  1.75222e+07
31  14  1.33088e+07
31  15  1.3235e+07
31  16  1.40397e+07
31  17  1.28229e+07
31  18  1.79586e+07
31  19  1.50103e+07
31  20  1.01473e+07
31  21  1.55851e+07
31  22  1.19085e+07
31  23  1.05468e+07
31  24  1.449e+07
31  25  7.80575e+06
31  26  1.00862e+07
31  27  9.05929e+06
31  28  1.75427e+07
31  29  1.11949e+07
31  30  1.43631e+07
31  31  1.6971e+07
31  32  1.2905e+07
31  33  9.9106e+06
31  34  1.32786e+07
31  35  1.34835e+07
31  36  1.63105e+07
31  37  1.5304e+07
31  38  8.77535e+06
31  39  1.43148e+07
31  40  1.21857e+07
31  41  1.91531e+07
31  42  7.30587e+06
31  43  1.13868e+07
31  44  1.77642e+07
31  45  1.18043e+07
31  46  1.98398e+07
31  47  1.81091e+07
31  48  1.16631e+07
31  49  2.17739e+07
31  50  1.49238e+07
31  51  1.04776e+07
31  52  1.44744e+07
31  53  1.59936e+07
31  54  2.21486e+07
31  55  1.30159e+07
32  0  1.32808e+07
32  1  2.22268e+07
32  2  1.27765e+07
32  3  1.91487e+07
32  4  1.32559e+07
32  5  1.39142e+07
32  6  1.43782e+07
32  7  7.88746e+06
32  8  9.81588e+06
32  9  1.94273e+07
32  10  7.99588e+06
32  11  1.80215e+07
32  12  8.71709e+06
32  13  1.82105e+07
32  14  1.84484e+07
32  15  8.38313e+06
32  16  1.04571e+07
32  17  1.05435e+07
32  18  1.5552e+07
32  19  1.23201e+07
32  20  8.05436e+06
32  21  1.02554e+07
32  22  8.89972e+06
32  23  1.13512e+07
32  24  7.93023e+06
32  25  1.00413e+07
32  26  1.30241e+07
32  27  1.83059e+07
32  28  9.14815e+06
32  29  1.74951e+07
32  30  2.07056e+07
32  31  1.02334e+07
32  32  1.1243e+07
32  33  1.78273e+07
32  34  9.38848e+06
32  35  1.38325e+07
32  36  6.60135e+06
32  37  1.12321e+07
32  38  1.52872e+07
32  39  1.07561e+07
32  40  1.52725e+07
32  41  1.21004e+07
32  42  1.42722e+07
32  43  1.24178e+07
32  44  1.7769e+07
32  45  1.61247e+07
32  46  1.4664e+07
32  47  1.83424e+07
32  48  9.35209e+06
32  49  1.71624e+07
32  50  1.79076e+07
32  51  1.43602e+07
32  52  2.61694e+07
32  53  1.93452e+07
32  54  1.21973e+07
32  55  9.17038e+06
33  0  9.34505e+06
33  1  9.80841e+06
33  2  1.74692e+07
33  3  1.40876e+07
33  4  1.16023e+07
33  5  1.24461e+07
33  6  1.26423e+07
33  7  1.67945e+07
33  8  1.4618e+07
33  9  1.2432e+07
33  10  9.75041e+06
33  11  1.34286e+07
33  12  1.41094e+07
33  13  1.1661e+07
33  14  1.30707e+07
33  15  1.52658e+07
33  16  1.35345e+07
33  17  1.27794e+07
33  18  1.16158e+07
33  19  1.26681e+07
33  20  1.61947e+07
33  21  1.24766e+07
33  22  1.18914e+07
33  23  1.88833e+07
33  24  1.69864e+07
33  25  1.7106e+07
33  26  6.84539e+06
33  27  9.5863e+06
33  28  9.45085e+06
33  29  1.58303e+07
33  30  1.64738e+07
33  31  1.28498e+07
33  32  1.37048e+07
33  33  1.5802e+07
33  34  8.4598e+06
33  35  1.49715e+07
33  36  1.26619e+07
33  37  1.07682e+07
33  38  1.13194e+07
33  39  6.03161e+06
33  40  1.69295e+07
33  41  1.5199e+07
33  42  1.15931e+07
33  43  1.3159e+07
33  44  1.60139e+07
33  45  1.34718e+07
33  46  1.41252e+07
33  47  1.13567e+07
33  48  1.68538e+07
33  49  1.85423e+07
33  50  1.20051e+07
33  51  1.51941e+07
33  52  9.63014e+06
33  53  1.07233e+07
33  54  1.96894e+07
33  55  2.05134e+07
34  0  9.83826e+06
34  1  1.83035e+07
34  2  1.24653e+07
34  3  1.2333e+07
34  4  1.2867e+07
34  5  1.16135e+07
34  6  1.2674e+07
34  7  1.23194e+07
34  8  1.85457e+07
34  9  5.92868e+06
34  10  1.61726e+07
34  11  1.20683e+07
34  12  8.71377e+06
34  13  1.21426e+07
34  14  1.158e+07
34  15  1.24807e+07
34  16  1.77534e+07
34  17  1.22178e+07
34  18  8.76572e+06
34  19  1.56699e+07
34  20  1.09828e+07
34  21  1.10082e+07
34  22  1.47549e+07
34  23  1.52887e+07
34  24  2.7602e+07
34  25  1.74022e+07
34  26  6.2847e+06
34  27  1.3106e+07
34  28  1.86838e+07
34  29  1.1191e+07
34  30  2.2125e+07
34  31  1.75166e+07
34  32  1.59405e+07
34  33  1.41253e+07
34  34  1.75793e+07
34  35  2.11268e+07
34  36  6.71789e+06
34  37  1.71633e+07
34  38  1.29086e+07
34  39  1.27275e+07
34  40  1.54539e+07
34  41  1.25622e+07
34  42  1.07913e+07
34  43  1.31579e+07
34  44  1.44601e+07
34  45  1.37453e+07
34  46  1.72779e+07
34  47  1.81132e+07
34  48  8.40869e+06
34  49  1.37996e+07
34  50  1.10197e+07
34  51  1.35443e+07
34  52  1.83155e+07
34  53  1.34588e+07
34  54  1.44723e+07
34  55  1.31199e+07
35  0  1.24397e+07
35  1  1.07691e+07
35  2  1.95739e+07
35  3  1.3006e+07
35  4  1.5157e+07
35  5  1.90379e+07
35  6  1.43577e+07
35  7  1.10843e+07
35  8  1.71045e+07
35  9  1.09944e+07
35  10  1.34445e+07
35  11  1.56865e+07
35  12  2.11424e+07
35  13  8.57511e+06
35  14  1.02286e+07
35  15  1.76513e+07
35  16  1.09423e+07
35  17  6.4374e+06
35  18  1.6381e+07
35  19  1.05042e+07
35  20  1.8005e+07
35  21  1.76207e+07
35  22  1.13878e+07
35  23  1.40131e+07
35  24  1.18826e+07
35  25  1.38221e+07
35  26  1.05126e+07
35  27  1.36455e+07
35  28  1.79742e+07
35  29  9.52965e+06
35  30  1.62639e+07
35  31  1.28254e+07
35  32  1.76498e+07
35  33  1.51374e+07
35  34  1.19994e+07
35  35  1.39815e+07
35  36  1.42126e+07
35  37  1.84623e+07
35  38  1.0871e+07
35  39  1.65962e+07
35  40  1.45942e+07
35  41  2.06771e+07
35  42  9.34013e+06
35  43  9.86444e+06
35  44  1.0722e+07
35  45  1.5224e+07
35  46  1.99248e+07
35  47  1.49665e+07
35  48  1.28969e+07
35  49  2.13485e+07
35  50  1.6199e+07
35  51  1.30069e+07
35  52  1.47826e+07
35  53  1.8743e+07
35  54  6.98446e+06
35  55  1.20468e+07
36  0  1.10159e+07
36  1  1.31604e+07
36  2  1.71856e+07
36  3  1.84354e+07
36  4  9.82418e+06
36  5  1.39615e+07
36  6  9.73826e+06
36  7  5.00928e+06
36  8  1.20099e+07
36  9  1.15049e+07
36  10  2.70131e+06
36  11  8.53607e+06
36  12  1.73929e+07
36  13  1.41554e+07
36  14  1.36107e+07
36  15  1.09766e+07
36  16  1.43862e+07
36  17  1.85149e+07
36  18  1.29008e+07
36  19  1.26459e+07
36  20  1.36909e+07
36  21  2.10066e+07
36  22  1.42106e+07
36  23  1.56194e+07
36  24  1.54858e+07
36  25  1.58876e+07
36  26  9.76242e+06
36  27  1.30436e+07
36  28  9.71444e+06
36  29  1.55523e+07
36  30  1.47827e+07
36  31  1.50945e+07
36  32  1.56093e+07
36  33  1.6748e+07
36  34  1.0319e+07
36  35  1.765e+07
36  36  9.46172e+06
36  37  9.71897e+06
36  38  9.89376e+06
36  39  8.5679e+06
36  40  1.41431e+07
36  41  1.37675e+07
36  42  1.15724e+07
36  43  1.36632e+07
36  44  1.38752e+07
36  45  1.02378e+07
36  46  2.00235e+07
36  47  2.03047e+07
36  48  1.57646e+07
36  49  9.48886e+06
36  50  1.18861e+07
36  51  1.47778e+07
36  52  1.55209e+07
36  53  1.7987e+07
36  54  1.98532e+07
36  55  9.2427e+06
37  0  1.52701e+07
37  1  1.32862e+07
37  2  9.8685e+06
37  3  1.0642e+07
37  4  1.34812e+07
37  5  1.18316e+07
37  6  1.23848e+07
37  7  9.15367e+06
37  8  1.15319e+07
37  9  1.2636e+07
37  10  2.00321e+07
37  11  8.83082e+06
37  12  1.63285e+07
37  13  1.18971e+07
37  14  1.90267e+07
37  15  9.6197e+06
37  16  1.05185e+07
37  17  1.3669e+07
37  18  1.58621e+07
37  19  1.611e+07
37  20  1.845e+07
37  21  1.7268e+07
37  22  1.26945e+07
37  23  1.18104e+07
37  24  9.1557e+06
37  25  1.73242e+07
37  26  1.29857e+07
37  27  1.00591e+07
37  28  7.51568e+06
37  29  1.78559e+07
37  30  2.01705e+07
37  31  9.39754e+06
37  32  1.56181e+07
37  33  1.45252e+07
37  34  1.40536e+07
37  35  1.7126e+07
37  36  1.91853e+07
37  37  2.26059e+07
37  38  1.02276e+07
37  39  1.59362e+07
37  40  1.48693e+07
37  41  1.61664e+07
37  42  1.1038e+07
37  43  2.12565e+07
37  44  1.51858e+07
37  45  1.77232e+07
37  46  1.78684e+07
37  47  1.10494e+07
37  48  1.00773e+07
37  49  1.74526e+07
37  50  1.80184e+07
37  51  1.45871e+07
37  52  1.70202e+07
37  53  1.71255e+07
37  54  1.31586e+07
37  55  1.6554e+07
38  0  7.20185e+06
38  1  9.39658e+06
38  2  1.7253e+07
38  3  1.31437e+07
38  4  1.58452e+07
38  5  9.43669e+06
38  6  1.02672e+07
38  7  1.61461e+07
38  8  1.79457e+07
38  9  1.61412e+07
38  10  1.84323e+07
38  11  7.26018e+06
38  12  1.81747e+07
38  13  1.50851e+07
38  14  1.72711e+07
38  15  1.07461e+07
38  16  1.506e+07
38  17  1.24419e+07
38  18  1.42538e+07
38  19  1.69366e+07
38  20  1.71364e+07
38  21  1.43973e+07
38  22  1.03032e+07
38  23  1.20468e+07
38  24  1.21345e+07
38  25  2.06451e+07
38  26  1.38405e+07
38  27  1.28915e+07
38  28  1.62497e+07
38  29  1.71766e+07
38  30  8.07019e+06
38  31  1.24527e+07
38  32  2.01117e+07
38  33  8.39927e+06
38  34  1.50737e+07
38  35  2.10928e+07
38  36  1.83364e+07
38  37  9.54062e+06
38  38  1.86472e+07
38  39  1.89029e+07
38  40  2.07055e+07
38  41  1.37912e+07
38  42  1.28507e+07
38  43  9.20106e+06
38  44  1.22687e+07
38  45  1.30745e+07
38  46  1.14363e+07
38  47  1.04858e+07
38  48  1.29426e+07
38  49  1.79534e+07
38  50  1.14462e+07
38  51  9.91656e+06
38  52  1.66867e+07
38  53  1.67539e+07
38  54  1.75703e+07
38  55  2.00253e+07
39  0  1.43265e+07
39  1  1.66094e+07
39  2  1.53777e+07
39  3  1.01628e+07
39  4  1.93134e+07
39  5  1.56691e+07
39  6  1.16307e+07
39  7  1.46724e+07
39  8  1.95415e+07
39  9  2.00395e+07
39  10  1.34367e+07
39  11  1.56372e+07
39  12  1.17546e+07
39  13  1.44495e+07
39  14  1.10335e+07
39  15  1.72425e+07
39  16  3.7838e+06
39  17  1.44167e+07
39  18  1.74358e+07
39  19  2.18506e+07
39  20  1.06792e+07
39  21  1.70033e+07
39  22  1.7036e+07
39  23  2.00971e+07
39  24  1.66728e+07
39  25  9.84091e+06
39  26  1.23847e+07
39  27  1.32276e+07
39  28  9.65201e+06
39  29  1.39507e+07
39  30  2.19495e+07
39  31  1.16833e+07
39  32  1.65687e+07
39  33  7.44421e+06
39  34  1.60496e+07
39  35  1.56205e+07
39  36  1.20434e+07
39  37  1.056e+07
39  38  7.87286e+06
39  39  1.17786e+07
39  40  1.37478e+07
39  41  2.05402e+07
39  42  1.21104e+07
39  43  1.91558e+07
39  44  1.38231e+07
39  45  1.05226e+07
39  46  1.86397e+07
39  47  1.38336e+07
39  48  1.98936e+07
39  49  1.7499e+07
39  50  1.04512e+07
39  51  1.20411e+07
39  52  1.54832e+07
39  53  1.92154e+07
39  54  1.34741e+07
39  55  2.06959e+07
40  0  2.01806e+07
40  1  1.19548e+07
40  2  1.36344e+07
40  3  1.80445e+07
40  4  1.57757e+07
40  5  9.60007e+06
40  6  1.06756e+07
40  7  1.48469e+07
40  8  1.0561e+07
40  9  1.70747e+07
40  10  1.33936e+07
40  11  1.02612e+07
40  12  1.43101e+07
40  13  8.53854e+06
40  14  1.38144e+07
40  15  1.83099e+07
40  16  2.40465e+07
40  17  1.33085e+07
40  18  1.44336e+07
40  19  1.41845e+07
40  20  1.43747e+07
40  21  1.63734e+07
40  22  1.64915e+07
40  23  1.7861e+07
40  24  1.13997e+07
40  25  1.26614e+07
40  26  6.67679e+06
40  27  2.01474e+07
40  28  1.57204e+07
40  29  1.26637e+07
40  30  1.67961e+07
40  31  1.31986e+07
40  32  2.0968e+07
40  33  1.52358e+07
40  34  2.0657e+07
40  35  2.61665e+07
40  36  1.56919e+07
40  37  1.67409e+07
40  38  1.06663e+07
40  39  8.87491e+06
40  40  1.46158e+07
40  41  1.64212e+07
40  42  1.56939e+07
40  43  1.75321e+07
40  44  1.60921e+07
40  45  1.62272e+07
40  46  1.53732e+07
40  47  9.82745e+06
40  48  1.95708e+07
40  49  1.30554e+07
40  50  1.56939e+07
40  51  1.29915e+07
40  52  1.9272e+07
40  53  8.74173e+06
40  54  2.27444e+07
40  55  1.24984e+07
41  0  8.50142e+06
41  1  1.89995e+07
41  2  1.47532e+07
41  3  9.99558e+06
41  4  1.64437e+07
41  5  8.49094e+06
41  6  1.19137e+07
41  7  1.30317e+07
41  8  1.64785e+07
41  9  1.48002e+07
41  10  2.0489e+07
41  11  1.19144e+07
41  12  1.23526e+07
41  13  1.44502e+07
41  14  1.43837e+07
41  15  2.19801e+07
41  16  9.49901e+06
41  17  1.64802e+07
41  18  1.56616e+07
41  19  1.16702e+07
41  20  2.03722e+07
41  21  8.3578e+06
41  22  9.64772e+06
41  23  1.60815e+07
41  24  1.92589e+07
41  25  1.30679e+07
41  26  9.31768e+06
41  27  8.86313e+06
41  28  1.7166e+07
41  29  1.98091e+07
41  30  1.25382e+07
41  31  1.42012e+07
41  32  1.25011e+07
41  33  6.03369e+06
41  34  1.18243e+07
41  35  2.01671e+07
41  36  1.63053e+07
41  37  1.46286e+07
41  38  1.78559e+07
41  39  1.42621e+07
41  40  1.4673e+07
41  41  1.31955e+07
41  42  1.63054e+07
41  43  1.60603e+07
41  44  1.34786e+07
41  45  1.71395e+07
41  46  1.31672e+07
41  47  2.41345e+07
41  48  1.76507e+07
41  49  1.52855e+07
41  50  1.91731e+07
41  51  1.48009e+07
41  52  1.89628e+07
41  53  1.67674e+07
41  54  1.24806e+07
41  55  1.66735e+07
42  0  1.37732e+07
42  1  1.57393e+07
42  2  1.6081e+07
42  3  9.86197e+06
42  4  3.98791e+06
42  5  9.38885e+06
42  6  1.09136e+07
42  7  9.93815e+06
42  8  7.86888e+06
42  9  1.31125e+07
42  10  1.51794e+07
42  11  1.62404e+07
42  12  1.99093e+07
42  13  1.43457e+07
42  14  1.38328e+07
42  15  1.50328e+07
42  16  1.14725e+07
42  17  2.15399e+07
42  18  1.71025e+07
42  19  1.01523e+07
42  20  1.15051e+07
42  21  1.10275e+07
42  22  1.87676e+07
42  23  1.57367e+07
42  24  9.65999e+06
42  25  9.3244e+06
42  26  1.29568e+07
42  27  1.1426e+07
42  28  1.09286e+07
42  29  1.18218e+07
42  30  1.4245e+07
42  31  1.66538e+07
42  32  1.10401e+07
42  33  1.88426e+07
42  34  1.00897e+07
42  35  1.11715e+07
42  36  1.13663e+07
42  37  1.5383e+07
42  38  1.2572e+07
42  39  1.92892e+07
42  40  1.37419e+07
42  41  1.85725e+07
42  42  1.94185e+07
42  43  1.18637e+07
42  44  1.55492e+07
42  45  1.70932e+07
42  46  7.74821e+06
42  47  2.00078e+07
42  48  8.50874e+06
42  49  1.60964e+07
42  50  1.8811e+07
42  51  1.87722e+07
42  52  1.65505e+07
42  53  2.17182e+07
42  54  1.28436e+07
42  55  1.5287e+07
43  0  9.16757e+06
43  1  1.30409e+07
43  2  7.27542e+06
43  3  1.35885e+07
43  4  1.6611e+07
43  5  1.48408e+07
43  6  1.86628e+07
43  7  1.8506e+07
43  8  1.28241e+07
43  9  1.22198e+07
43  10  1.3031e+07
43  11  2.29182e+07
43  12  1.02472e+07
43  13  9.9718e+06
43  14  8.7055e+06
43  15  1.23813e+07
43  16  1.0434e+07
43  17  1.34138e+07
43  18  1.08245e+07
43  19  1.22095e+07
43  20  1.09709e+07
43  21  1.29884e+07
43  22  1.55631e+07
43  23  1.15851e+07
43  24  1.49098e+07
43  25  1.67119e+07
43  26  1.51483e+07
43  27  8.82756e+06
43  28  1.49975e+07
43  29  1.99565e+07
43  30  1.07261e+07
43  31  1.65657e+07
43  32  1.74484e+07
43  33  1.73986e+07
43  34  1.27454e+07
43  35  1.34367e+07
43  36  1.62142e+07
43  37  1.06844e+07
43  38  1.70707e+07
43  39  1.30537e+07
43  40  2.50274e+07
43  41  2.10489e+07
43  42  8.02044e+06
43  43  1.91452e+07
43  44  1.63793e+07
43  45  1.15934e+07
43  46  1.95781e+07
43  47  1.5166e+07
43  48  5.32052e+06
43  49  1.51965e+07
43  50  1.64836e+07
43  51  1.02255e+07
43  52  1.47714e+07
43  53  1.62086e+07
43  54  5.74806e+06
43  55  1.06078e+07
44  0  1.50356e+07
44  1  1.34194e+07
44  2  1.51577e+07
44  3  1.24164e+07
44  4  1.22058e+07
44  5  1.21731e+07
44  6  1.06407e+07
44  7  1.2807e+07
44  8  7.07683e+06
44  9  1.47004e+07
44  10  6.35565e+06
44  11  1.85185e+07
44  12  1.17232e+07
44  13  1.44172e+07
44  14  1.64146e+07
44  15  1.03969e+07
44  16  1.40588e+07
44  17  1.24453e+07
44  18  1.9793e+07
44  19  1.71816e+07
44  20  1.21015e+07
44  21  1.96974e+07
44  22  1.57751e+07
44  23  1.09363e+07
44  24  1.57618e+07
44  25  1.50973e+07
44  26  1.29406e+07
44  27  1.20861e+07
44  28  9.88474e+06
44  29  1.60927e+07
44  30  1.25707e+07
44  31  8.66489e+06
44  32  1.72065e+07
44  33  1.66694e+07
44  34  1.95682e+07
44  35  1.25065e+07
44  36  2.01867e+07
44  37  1.71938e+07
44  38  2.12467e+07
44  39  1.52314e+07
44  40  1.97094e+07
44  41  1.41074e+07
44  42  1.92191e+07
44  43  2.25979e+07
44  44  1.81854e+07
44  45  1.33625e+07
44  46  1.27836e+07
44  47  1.74039e+07
44  48  1.47207e+07
44  49  1.96832e+07
44  50  1.57966e+07
44  51  1.43231e+07
44  52  1.59187e+07
44  53  1.52784e+07
44  54  2.39286e+07
44  55  1.27192e+07
45  0  1.98736e+07
45  1  7.73405e+06
45  2  1.9671e+07
45  3  8.434e+06
45  4  1.56858e+07
45  5  1.00253e+07
45  6  8.3693e+06
45  7  1.57256e+07
45  8  1.77082e+07
45  9  1.40446e+07
45  10  1.65428e+07
45  11  1.44066e+07
45  12  1.5409e+07
45  13  1.34924e+07
45  14  1.25337e+07
45  15  1.58645e+07
45  16  1.23332e+07
45  17  1.79662e+07
45  18  1.37018e+07
45  19  1.63216e+07
45  20  1.76018e+07
45  21  2.10659e+07
45  22  1.76014e+07
45  23  1.37144e+07
45  24  1.47926e+07
45  25  9.37221e+06
45  26  1.66619e+07
45  27  1.58563e+07
45  28  1.21406e+07
45  29  2.19478e+07
45  30  1.69627e+07
45  31  1.50265e+07
45  32  1.27878e+07
45  33  1.04317e+07
45  34  9.68971e+06
45  35  1.02992e+07
45  36  1.63361e+07
45  37  1.76696e+07
45  38  1.37743e+07
45  39  1.97009e+07
45  40  9.59025e+06
45  41  1.63037e+07
45  42  1.70902e+07
45  43  1.83648e+07
45  44  6.83899e+06
45  45  1.26127e+07
45  46  1.78501e+07
45  47  1.9982e+07
45  48  5.9315e+06
45  49  1.56034e+07
45  50  1.968e+07
45  51  9.89642e+06
45  52  1.04e+07
45  53  9.03165e+06
45  54  2.70557e+07
45  55  9.3809e+06
46  0  1.08549e+07
46  1  2.13381e+07
46  2  1.81853e+07
46  3  1.31354e+07
46  4  1.06934e+07
46  5  9.76278e+06
46  6  1.41129e+07
46  7  1.48303e+07
46  8  1.44694e+07
46  9  6.66073e+06
46  10  8.43067e+06
46  11  1.17497e+07
46  12  1.50834e+07
46  13  2.08307e+07
46  14  1.19443e+07
46  15  8.91296e+06
46  16  8.87394e+06
46  17  1.38104e+07
46  18  1.24003e+07
46  19  2.12333e+07
46  20  1.35376e+07
46  21  1.43346e+07
46  22  1.33608e+07
46  23  1.20582e+07
46  24  8.42157e+06
46  25  1.34896e+07
46  26  1.15299e+07
46  27  1.21471e+07
46  28  1.54536e+07
46  29  1.23013e+07
46  30  6.65786e+06
46  31  1.0718e+07
46  32  1.90515e+07
46  33  1.34009e+07
46  34  1.43555e+07
46  35  2.02171e+07
46  36  1.83068e+07
46  37  1.38852e+07
46  38  1.2848e+07
46  39  1.3959e+07
46  40  1.47567e+07
46  41  1.33534e+07
46  42  2.05201e+07
46  43  1.51571e+07
46  44  7.89114e+06
46  45  1.89092e+07
46  46  2.01006e+07
46  47  1.16927e+07
46  48  1.52518e+07
46  49  1.42622e+07
46  50  1.42056e+07
46  51  1.66548e+07
46  52  1.68986e+07
46  53  1.68771e+07
46  54  1.72239e+07
46  55  1.6874e+07
47  0  1.20807e+07
47  1  2.14348e+07
47  2  1.1768e+07
47  3  1.26837e+07
47  4  1.32105e+07
47  5  1.65494e+07
47  6  1.8561e+07
47  7  2.03154e+07
47  8  1.71915e+07
47  9  9.29749e+06
47  10  1.52804e+07
47  11  9.7335e+06
47  12  6.15638e+06
47  13  8.61861e+06
47  14  9.88734e+06
47  15  1.46147e+07
47  16  1.50399e+07
47  17  1.13868e+07
47  18  1.35256e+07
47  19  2.04685e+07
47  20  1.09279e+07
47  21  1.18627e+07
47  22  1.34897e+07
47  23  1.37946e+07
47  24  7.50851e+06
47  25  9.63357e+06
47  26  1.47995e+07
47  27  1.30765e+07
47  28  1.41719e+07
47  29  1.57157e+07
47  30  1.4275e+07
47  31  1.10434e+07
47  32  1.86611e+07
47  33  2.59215e+07
47  34  1.97282e+07
47  35  1.16731e+07
47  36  2.03016e+07
47  37  1.22838e+07
47  38  1.62604e+07
47  39  1.47017e+07
47  40  1.29105e+07
47  41  1.49858e+07
47  42  1.85203e+07
47  43  1.7773e+07
47  44  2.2499e+07
47  45  2.34492e+07
47  46  1.18523e+07
47  47  1.11558e+07
47  48  1.24588e+07
47  49  2.49964e+07
47  50  1.57293e+07
47  51  1.75684e+07
47  52  1.73537e+07
47  53  1.25007e+07
47  54  9.89478e+06
47  55  1.04892e+07
48  0  1.39812e+07
48  1  1.38253e+07
48  2  1.71493e+07
48  3  2.08666e+07
48  4  1.49159e+07
48  5  4.50042e+06
48  6  1.35229e+07
48  7  1.4089e+07
48  8  1.59251e+07
48  9  1.25368e+07
48  10  1.43858e+07
48  11  1.72487e+07
48  12  1.02076e+07
48  13  1.09696e+07
48  14  1.26809e+07
48  15  1.44392e+07
48  16  1.37868e+07
48  17  1.36803e+07
48  18  2.35509e+07
48  19  1.57525e+07
48  20  1.18595e+07
48  21  1.09488e+07
48  22  1.7732e+07
48  23  2.04916e+07
48  24  1.73198e+07
48  25  1.12121e+07
48  26  1.49838e+07
48  27  1.6103e+07
48  28  1.68593e+07
48  29  2.04591e+07
48  30  8.60869e+06
48  31  1.61578e+07
48  32  1.63133e+07
48  33  1.56797e+07
48  34  2.04706e+07
48  35  7.06042e+06
48  36  1.82081e+07
48  37  1.52678e+07
48  38  1.65847e+07
48  39  1.48343e+07
48  40  1.44349e+07
48  41  1.28159e+07
48  42  1.53219e+07
48  43  1.81491e+07
48  44  1.65482e+07
48  45  1.45418e+07
48  46  1.59159e+07
48  47  1.24835e+07
48  48  1.6053e+07
48  49  1.53651e+07
48  50  2.01881e+07
48  51  1.28969e+07
48  52  1.23974e+07
48  53  1.25657e+07
48  54  2.29208e+07
48  55  2.36357e+07
49  0  1.07228e+07
49  1  1.15077e+07
49  2  2.09335e+07
49  3  1.36752e+07
49  4  1.05994e+07
49  5  1.01436e+07
49  6  1.88796e+07
49  7  1.0096e+07
49  8  1.08984e+07
49  9  1.20621e+07
49  10  1.66351e+07
49  11  1.33494e+07
49  12  1.7593e+07
49  13  1.68065e+07
49  14  1.00933e+07
49  15  1.07867e+07
49  16  1.75372e+07
49  17  1.39512e+07
49  18  1.10858e+07
49  19  1.6993e+07
49  20  1.42687e+07
49  21  1.242e+07
49  22  1.65692e+07
49  23  9.8943e+06
49  24  7.91433e+06
49  25  8.90493e+06
49  26  1.51347e+07
49  27  9.30581e+06
49  28  1.17646e+07
49  29  1.18478e+07
49  30  1.08162e+07
49  31  2.04792e+07
49  32  1.57549e+07
49  33  1.36376e+07
49  34  1.26075e+07
49  35  1.61079e+07
49  36  1.41199e+07
49  37  1.77159e+07
49  38  1.47766e+07
49  39  1.3797e+07
49  40  1.34143e+07
49  41  2.24666e+07
49  42  1.47289e+07
49  43  1.93721e+07
49  44  1.20093e+07
49  45  1.2189e+07
49  46  1.62078e+07
49  47  1.56982e+07
49  48  1.37949e+07
49  49  1.61395e+07
49  50  1.68399e+07
49  51  1.49209e+07
49  52  6.29481e+06
49  53  1.59946e+07
49  54  1.455e+07
49  55  2.15122e+07
50  0  1.56381e+07
50  1  1.28975e+07
50  2  1.8277e+07
50  3  9.38297e+06
50  4  5.3512e+06
50  5  1.08221e+07
50  6  1.57464e+07
50  7  1.73838e+07
50  8  1.69411e+07
50  9  1.47105e+07
50  10  1.62571e+07
50  11  2.01819e+07
50  12  1.57043e+07
50  13  1.45879e+07
50  14  9.31151e+06
50  15  1.6185e+07
50  16  1.33982e+07
50  17  9.32185e+06
50  18  1.29852e+07
50  19  1.24144e+07
50  20  1.61971e+07
50  21  1.55796e+07
50  22  1.13081e+07
50  23  1.47291e+07
50  24  1.3676e+07
50  25  2.05188e+07
50  26  1.40337e+07
50  27  1.65618e+07
50  28  1.52622e+07
50  29  1.97838e+07
50  30  1.4302e+07
50  31  1.32899e+07
50  32  1.60098e+07
50  33  2.20146e+07
50  34  2.01286e+07
50  35  1.04761e+07
50  36  1.35052e+07
50  37  1.11967e+07
50  38  1.55441e+07
50  39  1.39507e+07
50  40  1.4991e+07
50  41  2.0208e+07
50  42  1.34617e+07
50  43  1.09025e+07
50  44  1.06962e+07
50  45  1.20991e+07
50  46  1.46175e+07
50  47  1.96197e+07
50  48  1.28537e+07
50  49  1.27739e+07
50  50  1.55128e+07
50  51  1.24408e+07
50  52  1.63711e+07
50  53  1.1389e+07
50  54  1.66628e+07
50  55  1.66944e+07

