row  column  (images_19_742.edf P-K*images_19_742.edf Ar-K**2.3)
0  0  0
0  1  0
0  2  0
0  3  0
0  4  0
0  5  0
0  6  0
0  7  0
0  8  0
0  9  0
0  10  0
0  11  0
0  12  0
0  13  0
0  14  0
0  15  3.16644e+06
0  16  0
0  17  3.02306e+06
0  18  5.28171e+06
0  19  3.96372e+06
0  20  0
0  21  0
0  22  0
0  23  0
0  24  0
0  25  0
0  26  0
0  27  0
0  28  0
0  29  0
0  30  0
0  31  0
0  32  0
0  33  0
0  34  0
0  35  0
0  36  0
0  37  3.57852e+06
0  38  0
0  39  4.81656e+06
0  40  1.10908e+07
0  41  0
0  42  0
0  43  0
0  44  0
0  45  6.3992e+06
0  46  6.60672e+06
0  47  0
0  48  4.98985e+06
0  49  0
0  50  2.40273e+06
0  51  0
0  52  0
0  53  0
0  54  0
0  55  0
1  0  0
1  1  0
1  2  0
1  3  0
1  4  0
1  5  0
1  6  0
1  7  0
1  8  0
1  9  0
1  10  0
1  11  0
1  12  0
1  13  2.3453e+06
1  14  0
1  15  0
1  16  0
1  17  0
1  18  4.31313e+06
1  19  0
1  20  0
1  21  0
1  22  0
1  23  0
1  24  0
1  25  0
1  26  0
1  27  0
1  28  0
1  29  0
1  30  0
1  31  0
1  32  3.47577e+06
1  33  0
1  34  0
1  35  0
1  36  5.78824e+06
1  37  0
1  38  0
1  39  0
1  40  0
1  41  0
1  42  5.22913e+06
1  43  0
1  44  0
1  45  0
1  46  5.53314e+06
1  47  0
1  48  0
1  49  0
1  50  0
1  51  0
1  52  0
1  53  1.16803e+06
1  54  0
1  55  913867
2  0  0
2  1  0
2  2  0
2  3  0
2  4  0
2  5  0
2  6  0
2  7  0
2  8  0
2  9  0
2  10  0
2  11  0
2  12  0
2  13  0
2  14  0
2  15  0
2  16  0
2  17  0
2  18  0
2  19  0
2  20  0
2  21  0
2  22  0
2  23  0
2  24  0
2  25  0
2  26  0
2  27  0
2  28  0
2  29  0
2  30  5.4605e+06
2  31  4.45955e+06
2  32  0
2  33  4.7369e+06
2  34  4.21571e+06
2  35  4.30133e+06
2  36  0
2  37  7.67989e+06
2  38  0
2  39  0
2  40  0
2  41  0
2  42  6.24791e+06
2  43  0
2  44  3.9677e+06
2  45  0
2  46  0
2  47  4.9696e+06
2  48  0
2  49  0
2  50  0
2  51  0
2  52  0
2  53  0
2  54  0
2  55  0
3  0  0
3  1  0
3  2  0
3  3  0
3  4  0
3  5  0
3  6  0
3  7  0
3  8  0
3  9  0
3  10  0
3  11  0
3  12  0
3  13  0
3  14  4.51844e+06
3  15  0
3  16  0
3  17  0
3  18  3.99329e+06
3  19  0
3  20  0
3  21  0
3  22  0
3  23  0
3  24  0
3  25  0
3  26  0
3  27  0
3  28  3.97158e+06
3  29  0
3  30  6.48041e+06
3  31  3.691e+06
3  32  5.27637e+06
3  33  6.69239e+06
3  34  0
3  35  4.79583e+06
3  36  0
3  37  3.8766e+06
3  38  4.90948e+06
3  39  6.31225e+06
3  40  4.88843e+06
3  41  2.92727e+06
3  42  0
3  43  9.94861e+06
3  44  5.79157e+06
3  45  5.01042e+06
3  46  5.48835e+06
3  47  0
3  48  0
3  49  0
3  50  5.16845e+06
3  51  5.56787e+06
3  52  3.49479e+06
3  53  2.49764e+06
3  54  0
3  55  256084
4  0  0
4  1  0
4  2  0
4  3  0
4  4  0
4  5  0
4  6  0
4  7  0
4  8  0
4  9  0
4  10  0
4  11  0
4  12  0
4  13  0
4  14  0
4  15  3.42328e+06
4  16  0
4  17  0
4  18  0
4  19  5.24378e+06
4  20  0
4  21  5.16076e+06
4  22  0
4  23  0
4  24  0
4  25  0
4  26  0
4  27  0
4  28  3.78638e+06
4  29  0
4  30  4.52237e+06
4  31  0
4  32  0
4  33  6.54769e+06
4  34  0
4  35  3.70183e+06
4  36  9.27129e+06
4  37  0
4  38  5.73232e+06
4  39  7.76806e+06
4  40  8.95332e+06
4  41  0
4  42  0
4  43  0
4  44  5.51182e+06
4  45  0
4  46  9.85599e+06
4  47  5.58877e+06
4  48  8.00705e+06
4  49  6.54281e+06
4  50  9.19691e+06
4  51  5.16171e+06
4  52  4.24517e+06
4  53  0
4  54  218935
4  55  1.57025e+06
5  0  0
5  1  0
5  2  0
5  3  0
5  4  0
5  5  0
5  6  0
5  7  0
5  8  0
5  9  0
5  10  0
5  11  0
5  12  0
5  13  0
5  14  0
5  15  0
5  16  0
5  17  0
5  18  0
5  19  0
5  20  0
5  21  2.81207e+06
5  22  0
5  23  0
5  24  0
5  25  0
5  26  0
5  27  0
5  28  0
5  29  1.71355e+06
5  30  0
5  31  7.51409e+06
5  32  5.78503e+06
5  33  4.03671e+06
5  34  4.51869e+06
5  35  0
5  36  8.49538e+06
5  37  0
5  38  1.03291e+07
5  39  4.9096e+06
5  40  6.14131e+06
5  41  0
5  42  9.37894e+06
5  43  0
5  44  5.36133e+06
5  45  5.59667e+06
5  46  6.90036e+06
5  47  7.80142e+06
5  48  4.95558e+06
5  49  4.66083e+06
5  50  4.18515e+06
5  51  0
5  52  2.3355e+06
5  53  0
5  54  0
5  55  0
6  0  0
6  1  0
6  2  0
6  3  0
6  4  0
6  5  0
6  6  0
6  7  0
6  8  0
6  9  0
6  10  0
6  11  0
6  12  0
6  13  0
6  14  0
6  15  0
6  16  0
6  17  0
6  18  0
6  19  0
6  20  0
6  21  0
6  22  0
6  23  0
6  24  0
6  25  0
6  26  0
6  27  0
6  28  5.60733e+06
6  29  0
6  30  7.72368e+06
6  31  0
6  32  2.8888e+06
6  33  4.09643e+06
6  34  3.09614e+06
6  35  6.32759e+06
6  36  4.57315e+06
6  37  4.72448e+06
6  38  4.45243e+06
6  39  4.86515e+06
6  40  6.57549e+06
6  41  7.553e+06
6  42  6.68255e+06
6  43  4.68602e+06
6  44  0
6  45  7.42436e+06
6  46  1.01613e+07
6  47  8.32261e+06
6  48  4.33652e+06
6  49  6.28224e+06
6  50  0
6  51  0
6  52  4.16858e+06
6  53  2.97809e+06
6  54  6.80845e+06
6  55  0
7  0  0
7  1  0
7  2  0
7  3  0
7  4  0
7  5  0
7  6  0
7  7  0
7  8  0
7  9  0
7  10  0
7  11  0
7  12  0
7  13  2.72163e+06
7  14  0
7  15  0
7  16  0
7  17  0
7  18  0
7  19  0
7  20  0
7  21  0
7  22  0
7  23  0
7  24  0
7  25  0
7  26  0
7  27  0
7  28  0
7  29  0
7  30  499491
7  31  3.99711e+06
7  32  0
7  33  5.72448e+06
7  34  8.44064e+06
7  35  3.92276e+06
7  36  0
7  37  5.68123e+06
7  38  0
7  39  7.94736e+06
7  40  0
7  41  4.97785e+06
7  42  1.70173e+06
7  43  7.64416e+06
7  44  0
7  45  0
7  46  9.98013e+06
7  47  4.10979e+06
7  48  0
7  49  0
7  50  0
7  51  3.43735e+06
7  52  5.33884e+06
7  53  4.74279e+06
7  54  5.16604e+06
7  55  3.93732e+06
8  0  0
8  1  0
8  2  0
8  3  0
8  4  0
8  5  0
8  6  0
8  7  0
8  8  0
8  9  0
8  10  0
8  11  0
8  12  0
8  13  0
8  14  0
8  15  0
8  16  0
8  17  0
8  18  0
8  19  0
8  20  0
8  21  0
8  22  0
8  23  0
8  24  0
8  25  0
8  26  3.79436e+06
8  27  4.21349e+06
8  28  0
8  29  0
8  30  0
8  31  0
8  32  3.91174e+06
8  33  0
8  34  5.56653e+06
8  35  0
8  36  6.45417e+06
8  37  3.32222e+06
8  38  0
8  39  6.71407e+06
8  40  0
8  41  7.21824e+06
8  42  9.49372e+06
8  43  0
8  44  3.71169e+06
8  45  0
8  46  0
8  47  0
8  48  5.75344e+06
8  49  5.40748e+06
8  50  4.49595e+06
8  51  4.58278e+06
8  52  6.03304e+06
8  53  2.14071e+06
8  54  0
8  55  0
9  0  0
9  1  0
9  2  0
9  3  0
9  4  0
9  5  0
9  6  0
9  7  0
9  8  0
9  9  0
9  10  4.59615e+06
9  11  0
9  12  0
9  13  0
9  14  0
9  15  0
9  16  0
9  17  0
9  18  0
9  19  0
9  20  0
9  21  0
9  22  0
9  23  0
9  24  0
9  25  3.5091e+06
9  26  1.50552e+06
9  27  0
9  28  0
9  29  6.07202e+06
9  30  0
9  31  6.4008e+06
9  32  5.20508e+06
9  33  0
9  34  5.38364e+06
9  35  6.77467e+06
9  36  4.41398e+06
9  37  1.04412e+07
9  38  9.79203e+06
9  39  7.3819e+06
9  40  5.12736e+06
9  41  8.30501e+06
9  42  7.26402e+06
9  43  0
9  44  0
9  45  1.27791e+07
9  46  6.36473e+06
9  47  9.75055e+06
9  48  0
9  49  5.28671e+06
9  50  6.78189e+06
9  51  3.96613e+06
9  52  5.14835e+06
9  53  6.72483e+06
9  54  0
9  55  2.8749e+06
10  0  0
10  1  0
10  2  0
10  3  0
10  4  0
10  5  0
10  6  0
10  7  0
10  8  0
10  9  0
10  10  0
10  11  0
10  12  0
10  13  2.71537e+06
10  14  0
10  15  0
10  16  0
10  17  0
10  18  0
10  19  0
10  20  0
10  21  0
10  22  0
10  23  0
10  24  0
10  25  0
10  26  0
10  27  0
10  28  0
10  29  257746
10  30  0
10  31  8.64387e+06
10  32  8.91629e+06
10  33  0
10  34  5.28823e+06
10  35  7.46753e+06
10  36  0
10  37  6.47577e+06
10  38  5.37409e+06
10  39  1.28586e+07
10  40  7.83538e+06
10  41  1.13874e+07
10  42  5.54459e+06
10  43  5.85628e+06
10  44  4.3156e+06
10  45  1.0222e+07
10  46  0
10  47  8.98083e+06
10  48  8.87923e+06
10  49  6.22487e+06
10  50  6.57757e+06
10  51  8.64561e+06
10  52  0
10  53  2.17841e+06
10  54  5.51209e+06
10  55  4.3812e+06
11  0  0
11  1  0
11  2  0
11  3  0
11  4  0
11  5  0
11  6  0
11  7  0
11  8  3.47024e+06
11  9  0
11  10  0
11  11  0
11  12  0
11  13  0
11  14  0
11  15  0
11  16  0
11  17  0
11  18  0
11  19  0
11  20  0
11  21  0
11  22  0
11  23  0
11  24  0
11  25  0
11  26  0
11  27  0
11  28  0
11  29  0
11  30  0
11  31  5.18227e+06
11  32  0
11  33  7.12634e+06
11  34  0
11  35  0
11  36  7.70248e+06
11  37  0
11  38  3.27346e+06
11  39  0
11  40  7.14486e+06
11  41  8.07399e+06
11  42  0
11  43  9.62037e+06
11  44  7.07132e+06
11  45  4.92275e+06
11  46  3.85275e+06
11  47  6.03105e+06
11  48  0
11  49  6.35792e+06
11  50  7.55193e+06
11  51  5.60298e+06
11  52  5.42446e+06
11  53  5.66163e+06
11  54  0
11  55  0
12  0  0
12  1  0
12  2  0
12  3  0
12  4  0
12  5  0
12  6  0
12  7  0
12  8  0
12  9  8.23845e+06
12  10  0
12  11  0
12  12  0
12  13  0
12  14  1.49167e+06
12  15  0
12  16  0
12  17  0
12  18  0
12  19  0
12  20  0
12  21  0
12  22  0
12  23  0
12  24  0
12  25  0
12  26  0
12  27  0
12  28  0
12  29  0
12  30  0
12  31  0
12  32  7.36479e+06
12  33  6.95661e+06
12  34  4.00271e+06
12  35  7.10527e+06
12  36  7.96263e+06
12  37  5.25559e+06
12  38  9.6588e+06
12  39  3.88046e+06
12  40  4.60532e+06
12  41  7.12958e+06
12  42  1.00082e+07
12  43  5.85239e+06
12  44  5.46971e+06
12  45  1.22528e+07
12  46  0
12  47  0
12  48  1.26941e+07
12  49  5.20958e+06
12  50  1.1054e+07
12  51  9.59025e+06
12  52  1.07322e+07
12  53  0
12  54  4.11423e+06
12  55  7.2344e+06
13  0  0
13  1  0
13  2  0
13  3  0
13  4  0
13  5  0
13  6  0
13  7  0
13  8  0
13  9  0
13  10  0
13  11  0
13  12  0
13  13  0
13  14  0
13  15  0
13  16  0
13  17  0
13  18  0
13  19  0
13  20  0
13  21  0
13  22  0
13  23  0
13  24  0
13  25  0
13  26  0
13  27  0
13  28  0
13  29  0
13  30  5.90838e+06
13  31  4.60983e+06
13  32  7.705e+06
13  33  2.85978e+06
13  34  5.49083e+06
13  35  6.35842e+06
13  36  6.09139e+06
13  37  8.59147e+06
13  38  9.65735e+06
13  39  0
13  40  7.17962e+06
13  41  1.18812e+07
13  42  6.84504e+06
13  43  5.4377e+06
13  44  9.29142e+06
13  45  8.90877e+06
13  46  0
13  47  4.43547e+06
13  48  6.71993e+06
13  49  0
13  50  1.26558e+07
13  51  8.37783e+06
13  52  8.90948e+06
13  53  3.41812e+06
13  54  3.17075e+06
13  55  5.76293e+06
14  0  0
14  1  0
14  2  0
14  3  0
14  4  0
14  5  0
14  6  0
14  7  3.68513e+06
14  8  0
14  9  0
14  10  0
14  11  0
14  12  0
14  13  0
14  14  0
14  15  0
14  16  0
14  17  0
14  18  0
14  19  0
14  20  0
14  21  0
14  22  0
14  23  0
14  24  0
14  25  0
14  26  0
14  27  0
14  28  0
14  29  0
14  30  0
14  31  265678
14  32  0
14  33  6.29648e+06
14  34  0
14  35  4.24919e+06
14  36  7.35682e+06
14  37  0
14  38  9.34659e+06
14  39  7.36821e+06
14  40  9.34131e+06
14  41  7.39264e+06
14  42  9.52416e+06
14  43  5.33787e+06
14  44  1.10044e+07
14  45  0
14  46  6.06621e+06
14  47  1.08509e+07
14  48  9.8888e+06
14  49  1.05919e+07
14  50  9.39917e+06
14  51  6.38891e+06
14  52  0
14  53  0
14  54  4.34382e+06
14  55  0
15  0  0
15  1  0
15  2  0
15  3  0
15  4  0
15  5  0
15  6  4.24623e+06
15  7  0
15  8  0
15  9  0
15  10  0
15  11  0
15  12  0
15  13  0
15  14  0
15  15  0
15  16  0
15  17  0
15  18  0
15  19  0
15  20  0
15  21  0
15  22  0
15  23  0
15  24  0
15  25  0
15  26  0
15  27  0
15  28  0
15  29  0
15  30  0
15  31  7.40586e+06
15  32  4.45329e+06
15  33  4.83891e+06
15  34  0
15  35  0
15  36  0
15  37  4.4761e+06
15  38  7.36275e+06
15  39  7.95076e+06
15  40  4.58176e+06
15  41  7.72153e+06
15  42  5.62549e+06
15  43  0
15  44  1.34844e+07
15  45  8.86353e+06
15  46  9.38665e+06
15  47  8.53594e+06
15  48  8.49902e+06
15  49  9.67993e+06
15  50  1.22247e+07
15  51  0
15  52  4.19617e+06
15  53  0
15  54  0
15  55  0
16  0  0
16  1  0
16  2  0
16  3  0
16  4  0
16  5  0
16  6  0
16  7  0
16  8  0
16  9  0
16  10  4.23761e+06
16  11  0
16  12  0
16  13  0
16  14  0
16  15  0
16  16  0
16  17  0
16  18  0
16  19  0
16  20  0
16  21  0
16  22  0
16  23  0
16  24  0
16  25  0
16  26  0
16  27  0
16  28  0
16  29  3.42118e+06
16  30  0
16  31  0
16  32  3.9452e+06
16  33  0
16  34  0
16  35  0
16  36  5.06844e+06
16  37  0
16  38  9.74918e+06
16  39  0
16  40  4.01707e+06
16  41  0
16  42  1.5574e+07
16  43  9.05649e+06
16  44  7.70603e+06
16  45  8.17238e+06
16  46  5.46681e+06
16  47  4.38274e+06
16  48  0
16  49  5.79341e+06
16  50  0
16  51  1.24429e+06
16  52  6.65226e+06
16  53  0
16  54  0
16  55  4.67226e+06
17  0  0
17  1  0
17  2  0
17  3  3.73268e+06
17  4  0
17  5  0
17  6  0
17  7  4.12968e+06
17  8  0
17  9  0
17  10  0
17  11  3.35568e+06
17  12  0
17  13  0
17  14  0
17  15  4.6376e+06
17  16  0
17  17  0
17  18  0
17  19  0
17  20  0
17  21  0
17  22  0
17  23  0
17  24  0
17  25  0
17  26  0
17  27  0
17  28  0
17  29  0
17  30  0
17  31  0
17  32  0
17  33  7.79241e+06
17  34  3.60282e+06
17  35  4.20487e+06
17  36  6.71983e+06
17  37  4.20282e+06
17  38  5.61973e+06
17  39  0
17  40  6.84997e+06
17  41  7.86543e+06
17  42  4.34068e+06
17  43  6.90158e+06
17  44  8.45293e+06
17  45  1.18687e+07
17  46  1.08944e+07
17  47  8.8781e+06
17  48  4.01543e+06
17  49  2.32058e+06
17  50  7.07304e+06
17  51  7.88994e+06
17  52  3.55701e+06
17  53  0
17  54  0
17  55  0
18  0  0
18  1  0
18  2  0
18  3  0
18  4  0
18  5  0
18  6  0
18  7  0
18  8  0
18  9  0
18  10  0
18  11  6.40187e+06
18  12  3.50651e+06
18  13  0
18  14  0
18  15  0
18  16  0
18  17  0
18  18  0
18  19  0
18  20  0
18  21  0
18  22  0
18  23  0
18  24  0
18  25  0
18  26  0
18  27  0
18  28  0
18  29  0
18  30  0
18  31  0
18  32  0
18  33  0
18  34  0
18  35  0
18  36  3.51831e+06
18  37  4.66571e+06
18  38  4.76735e+06
18  39  7.61334e+06
18  40  3.80056e+06
18  41  9.56016e+06
18  42  7.39283e+06
18  43  0
18  44  1.14929e+07
18  45  4.93501e+06
18  46  9.25231e+06
18  47  9.04628e+06
18  48  5.60619e+06
18  49  5.34784e+06
18  50  7.28922e+06
18  51  3.10596e+06
18  52  5.05525e+06
18  53  0
18  54  0
18  55  0
19  0  0
19  1  0
19  2  0
19  3  0
19  4  0
19  5  0
19  6  0
19  7  0
19  8  0
19  9  0
19  10  0
19  11  0
19  12  0
19  13  0
19  14  0
19  15  0
19  16  0
19  17  0
19  18  0
19  19  0
19  20  0
19  21  0
19  22  0
19  23  0
19  24  0
19  25  0
19  26  0
19  27  0
19  28  0
19  29  0
19  30  0
19  31  2.87808e+06
19  32  0
19  33  2.88091e+06
19  34  3.81834e+06
19  35  0
19  36  3.70422e+06
19  37  0
19  38  1.0264e+07
19  39  7.18372e+06
19  40  8.19105e+06
19  41  6.27418e+06
19  42  5.62555e+06
19  43  0
19  44  5.95607e+06
19  45  0
19  46  9.80459e+06
19  47  4.16384e+06
19  48  9.19953e+06
19  49  0
19  50  9.50967e+06
19  51  8.24813e+06
19  52  0
19  53  0
19  54  0
19  55  0
20  0  0
20  1  0
20  2  0
20  3  0
20  4  0
20  5  0
20  6  0
20  7  0
20  8  0
20  9  0
20  10  8.51187e+06
20  11  77108.2
20  12  0
20  13  0
20  14  0
20  15  0
20  16  0
20  17  0
20  18  4.18592e+06
20  19  0
20  20  0
20  21  0
20  22  0
20  23  0
20  24  0
20  25  0
20  26  0
20  27  0
20  28  0
20  29  0
20  30  0
20  31  0
20  32  0
20  33  0
20  34  0
20  35  0
20  36  4.80661e+06
20  37  2.79867e+06
20  38  0
20  39  0
20  40  8.08437e+06
20  41  4.77647e+06
20  42  0
20  43  7.84522e+06
20  44  0
20  45  7.94201e+06
20  46  6.86722e+06
20  47  4.65323e+06
20  48  5.2407e+06
20  49  0
20  50  6.22366e+06
20  51  9.96105e+06
20  52  0
20  53  0
20  54  0
20  55  0
21  0  0
21  1  0
21  2  0
21  3  0
21  4  0
21  5  0
21  6  0
21  7  0
21  8  0
21  9  3.60987e+06
21  10  0
21  11  0
21  12  0
21  13  0
21  14  0
21  15  0
21  16  0
21  17  0
21  18  0
21  19  0
21  20  0
21  21  0
21  22  0
21  23  0
21  24  0
21  25  0
21  26  0
21  27  0
21  28  0
21  29  0
21  30  0
21  31  0
21  32  0
21  33  0
21  34  0
21  35  0
21  36  0
21  37  0
21  38  0
21  39  6.3223e+06
21  40  6.79359e+06
21  41  9.45077e+06
21  42  4.95339e+06
21  43  6.56996e+06
21  44  0
21  45  0
21  46  1.17727e+07
21  47  6.23973e+06
21  48  4.52467e+06
21  49  6.25084e+06
21  50  0
21  51  0
21  52  3.27182e+06
21  53  0
21  54  0
21  55  0
22  0  0
22  1  0
22  2  0
22  3  0
22  4  0
22  5  0
22  6  0
22  7  0
22  8  0
22  9  0
22  10  0
22  11  0
22  12  0
22  13  0
22  14  0
22  15  0
22  16  5.54204e+06
22  17  0
22  18  0
22  19  0
22  20  0
22  21  0
22  22  0
22  23  0
22  24  0
22  25  0
22  26  0
22  27  0
22  28  0
22  29  0
22  30  0
22  31  0
22  32  0
22  33  0
22  34  0
22  35  0
22  36  0
22  37  5.37113e+06
22  38  0
22  39  0
22  40  8.31092e+06
22  41  5.49116e+06
22  42  3.5736e+06
22  43  0
22  44  3.77572e+06
22  45  0
22  46  0
22  47  4.8531e+06
22  48  0
22  49  0
22  50  0
22  51  0
22  52  0
22  53  0
22  54  0
22  55  0
23  0  0
23  1  0
23  2  0
23  3  0
23  4  0
23  5  0
23  6  0
23  7  3.68293e+06
23  8  0
23  9  0
23  10  0
23  11  0
23  12  0
23  13  0
23  14  0
23  15  0
23  16  0
23  17  0
23  18  0
23  19  0
23  20  0
23  21  0
23  22  0
23  23  0
23  24  0
23  25  0
23  26  0
23  27  0
23  28  0
23  29  0
23  30  0
23  31  0
23  32  0
23  33  0
23  34  0
23  35  0
23  36  0
23  37  0
23  38  0
23  39  5.64036e+06
23  40  0
23  41  0
23  42  0
23  43  7.96272e+06
23  44  0
23  45  0
23  46  0
23  47  0
23  48  4.59558e+06
23  49  6.08665e+06
23  50  0
23  51  3.69059e+06
23  52  0
23  53  0
23  54  0
23  55  0
24  0  0
24  1  0
24  2  0
24  3  0
24  4  0
24  5  0
24  6  0
24  7  0
24  8  0
24  9  0
24  10  0
24  11  0
24  12  0
24  13  0
24  14  0
24  15  0
24  16  0
24  17  0
24  18  0
24  19  0
24  20  0
24  21  0
24  22  0
24  23  0
24  24  0
24  25  0
24  26  0
24  27  0
24  28  0
24  29  0
24  30  0
24  31  0
24  32  0
24  33  0
24  34  0
24  35  0
24  36  0
24  37  0
24  38  0
24  39  0
24  40  0
24  41  3.10331e+06
24  42  0
24  43  0
24  44  0
24  45  4.99435e+06
24  46  0
24  47  4.86772e+06
24  48  0
24  49  5.50437e+06
24  50  0
24  51  0
24  52  0
24  53  0
24  54  0
24  55  0
25  0  0
25  1  0
25  2  0
25  3  0
25  4  0
25  5  0
25  6  0
25  7  0
25  8  0
25  9  0
25  10  0
25  11  0
25  12  0
25  13  0
25  14  0
25  15  0
25  16  0
25  17  0
25  18  0
25  19  0
25  20  0
25  21  0
25  22  0
25  23  0
25  24  0
25  25  0
25  26  0
25  27  0
25  28  0
25  29  0
25  30  0
25  31  0
25  32  0
25  33  0
25  34  0
25  35  0
25  36  0
25  37  0
25  38  0
25  39  0
25  40  0
25  41  7.25153e+06
25  42  0
25  43  0
25  44  0
25  45  0
25  46  0
25  47  0
25  48  0
25  49  0
25  50  0
25  51  0
25  52  0
25  53  0
25  54  0
25  55  0
26  0  0
26  1  0
26  2  0
26  3  0
26  4  0
26  5  0
26  6  0
26  7  0
26  8  0
26  9  0
26  10  0
26  11  0
26  12  0
26  13  0
26  14  0
26  15  0
26  16  0
26  17  0
26  18  0
26  19  0
26  20  0
26  21  0
26  22  0
26  23  0
26  24  0
26  25  0
26  26  0
26  27  0
26  28  0
26  29  0
26  30  0
26  31  0
26  32  0
26  33  0
26  34  0
26  35  0
26  36  0
26  37  0
26  38  0
26  39  0
26  40  0
26  41  0
26  42  0
26  43  0
26  44  0
26  45  0
26  46  0
26  47  0
26  48  0
26  49  0
26  50  0
26  51  0
26  52  0
26  53  0
26  54  0
26  55  0
27  0  0
27  1  0
27  2  0
27  3  0
27  4  0
27  5  0
27  6  0
27  7  0
27  8  0
27  9  0
27  10  0
27  11  0
27  12  0
27  13  0
27  14  0
27  15  0
27  16  0
27  17  0
27  18  0
27  19  0
27  20  0
27  21  0
27  22  0
27  23  0
27  24  0
27  25  0
27  26  0
27  27  0
27  28  0
27  29  0
27  30  0
27  31  0
27  32  0
27  33  0
27  34  0
27  35  0
27  36  0
27  37  0
27  38  0
27  39  0
27  40  4.28264e+06
27  41  0
27  42  0
27  43  0
27  44  0
27  45  0
27  46  0
27  47  0
27  48  0
27  49  0
27  50  0
27  51  0
27  52  0
27  53  0
27  54  0
27  55  0
28  0  0
28  1  0
28  2  0
28  3  0
28  4  0
28  5  0
28  6  0
28  7  0
28  8  0
28  9  0
28  10  0
28  11  0
28  12  0
28  13  0
28  14  0
28  15  0
28  16  0
28  17  0
28  18  0
28  19  0
28  20  0
28  21  0
28  22  0
28  23  0
28  24  0
28  25  0
28  26  0
28  27  0
28  28  0
28  29  0
28  30  0
28  31  0
28  32  0
28  33  0
28  34  0
28  35  0
28  36  0
28  37  0
28  38  0
28  39  0
28  40  0
28  41  0
28  42  0
28  43  0
28  44  0
28  45  0
28  46  0
28  47  0
28  48  0
28  49  0
28  50  0
28  51  0
28  52  0
28  53  0
28  54  0
28  55  0
29  0  0
29  1  0
29  2  0
29  3  0
29  4  0
29  5  0
29  6  0
29  7  0
29  8  0
29  9  0
29  10  0
29  11  0
29  12  0
29  13  0
29  14  0
29  15  0
29  16  0
29  17  0
29  18  0
29  19  0
29  20  0
29  21  0
29  22  0
29  23  0
29  24  0
29  25  0
29  26  0
29  27  0
29  28  0
29  29  0
29  30  0
29  31  0
29  32  0
29  33  0
29  34  0
29  35  0
29  36  0
29  37  0
29  38  0
29  39  0
29  40  0
29  41  0
29  42  0
29  43  0
29  44  0
29  45  0
29  46  0
29  47  0
29  48  0
29  49  0
29  50  0
29  51  0
29  52  0
29  53  0
29  54  0
29  55  0
30  0  0
30  1  0
30  2  0
30  3  0
30  4  0
30  5  0
30  6  0
30  7  0
30  8  0
30  9  0
30  10  0
30  11  0
30  12  0
30  13  0
30  14  0
30  15  2.43204e+06
30  16  0
30  17  0
30  18  0
30  19  0
30  20  0
30  21  0
30  22  0
30  23  0
30  24  4.36199e+06
30  25  0
30  26  0
30  27  0
30  28  0
30  29  0
30  30  0
30  31  0
30  32  0
30  33  0
30  34  0
30  35  0
30  36  0
30  37  0
30  38  0
30  39  0
30  40  0
30  41  0
30  42  0
30  43  0
30  44  0
30  45  0
30  46  0
30  47  0
30  48  0
30  49  0
30  50  0
30  51  0
30  52  0
30  53  0
30  54  0
30  55  0
31  0  0
31  1  0
31  2  0
31  3  0
31  4  0
31  5  0
31  6  0
31  7  0
31  8  0
31  9  0
31  10  0
31  11  0
31  12  0
31  13  0
31  14  0
31  15  0
31  16  0
31  17  0
31  18  0
31  19  0
31  20  0
31  21  0
31  22  0
31  23  0
31  24  0
31  25  0
31  26  0
31  27  0
31  28  0
31  29  0
31  30  0
31  31  0
31  32  0
31  33  0
31  34  0
31  35  0
31  36  0
31  37  0
31  38  0
31  39  0
31  40  0
31  41  0
31  42  0
31  43  0
31  44  0
31  45  0
31  46  0
31  47  0
31  48  0
31  49  0
31  50  0
31  51  0
31  52  0
31  53  0
31  54  0
31  55  0
32  0  0
32  1  0
32  2  0
32  3  0
32  4  0
32  5  0
32  6  0
32  7  0
32  8  0
32  9  0
32  10  0
32  11  0
32  12  0
32  13  0
32  14  0
32  15  0
32  16  0
32  17  0
32  18  0
32  19  0
32  20  0
32  21  0
32  22  0
32  23  0
32  24  0
32  25  0
32  26  0
32  27  0
32  28  0
32  29  0
32  30  0
32  31  0
32  32  0
32  33  0
32  34  0
32  35  0
32  36  0
32  37  0
32  38  0
32  39  0
32  40  0
32  41  0
32  42  0
32  43  0
32  44  0
32  45  0
32  46  0
32  47  0
32  48  0
32  49  0
32  50  0
32  51  0
32  52  0
32  53  0
32  54  0
32  55  0
33  0  0
33  1  0
33  2  0
33  3  0
33  4  0
33  5  0
33  6  0
33  7  0
33  8  0
33  9  0
33  10  0
33  11  0
33  12  0
33  13  0
33  14  0
33  15  0
33  16  0
33  17  0
33  18  0
33  19  0
33  20  0
33  21  0
33  22  0
33  23  0
33  24  0
33  25  0
33  26  0
33  27  0
33  28  0
33  29  0
33  30  0
33  31  0
33  32  0
33  33  0
33  34  0
33  35  0
33  36  0
33  37  0
33  38  0
33  39  0
33  40  0
33  41  0
33  42  0
33  43  0
33  44  0
33  45  0
33  46  0
33  47  0
33  48  0
33  49  0
33  50  0
33  51  0
33  52  0
33  53  0
33  54  0
33  55  0
34  0  0
34  1  0
34  2  0
34  3  0
34  4  0
34  5  0
34  6  0
34  7  0
34  8  0
34  9  0
34  10  0
34  11  0
34  12  0
34  13  0
34  14  0
34  15  0
34  16  0
34  17  0
34  18  0
34  19  0
34  20  0
34  21  0
34  22  0
34  23  0
34  24  0
34  25  0
34  26  0
34  27  0
34  28  0
34  29  0
34  30  0
34  31  0
34  32  0
34  33  0
34  34  0
34  35  0
34  36  0
34  37  0
34  38  0
34  39  0
34  40  0
34  41  0
34  42  0
34  43  0
34  44  0
34  45  0
34  46  0
34  47  0
34  48  0
34  49  0
34  50  0
34  51  0
34  52  0
34  53  0
34  54  0
34  55  0
35  0  0
35  1  0
35  2  0
35  3  0
35  4  0
35  5  0
35  6  0
35  7  0
35  8  0
35  9  0
35  10  0
35  11  0
35  12  0
35  13  0
35  14  0
35  15  0
35  16  0
35  17  0
35  18  0
35  19  0
35  20  0
35  21  0
35  22  0
35  23  0
35  24  0
35  25  0
35  26  0
35  27  0
35  28  0
35  29  0
35  30  0
35  31  0
35  32  0
35  33  0
35  34  0
35  35  0
35  36  0
35  37  0
35  38  0
35  39  0
35  40  0
35  41  0
35  42  0
35  43  0
35  44  0
35  45  0
35  46  0
35  47  0
35  48  0
35  49  0
35  50  0
35  51  0
35  52  0
35  53  0
35  54  0
35  55  0
36  0  0
36  1  0
36  2  0
36  3  0
36  4  0
36  5  0
36  6  0
36  7  0
36  8  0
36  9  0
36  10  0
36  11  0
36  12  0
36  13  0
36  14  0
36  15  0
36  16  0
36  17  0
36  18  0
36  19  0
36  20  0
36  21  0
36  22  0
36  23  0
36  24  0
36  25  0
36  26  0
36  27  0
36  28  0
36  29  0
36  30  0
36  31  0
36  32  0
36  33  0
36  34  0
36  35  0
36  36  0
36  37  0
36  38  0
36  39  0
36  40  0
36  41  0
36  42  0
36  43  0
36  44  0
36  45  0
36  46  0
36  47  0
36  48  0
36  49  0
36  50  0
36  51  0
36  52  0
36  53  0
36  54  0
36  55  0
37  0  0
37  1  0
37  2  0
37  3  0
37  4  0
37  5  0
37  6  0
37  7  0
37  8  0
37  9  0
37  10  0
37  11  0
37  12  0
37  13  0
37  14  0
37  15  0
37  16  0
37  17  0
37  18  0
37  19  0
37  20  0
37  21  0
37  22  0
37  23  0
37  24  0
37  25  0
37  26  0
37  27  0
37  28  0
37  29  0
37  30  0
37  31  0
37  32  0
37  33  0
37  34  0
37  35  0
37  36  0
37  37  0
37  38  0
37  39  0
37  40  0
37  41  0
37  42  0
37  43  0
37  44  0
37  45  0
37  46  0
37  47  0
37  48  0
37  49  0
37  50  0
37  51  0
37  52  0
37  53  0
37  54  0
37  55  0
38  0  0
38  1  0
38  2  0
38  3  0
38  4  0
38  5  0
38  6  0
38  7  0
38  8  0
38  9  0
38  10  0
38  11  0
38  12  0
38  13  0
38  14  0
38  15  0
38  16  0
38  17  0
38  18  0
38  19  0
38  20  0
38  21  0
38  22  0
38  23  0
38  24  0
38  25  0
38  26  0
38  27  0
38  28  0
38  29  0
38  30  0
38  31  0
38  32  0
38  33  0
38  34  0
38  35  0
38  36  0
38  37  0
38  38  0
38  39  0
38  40  0
38  41  0
38  42  0
38  43  0
38  44  0
38  45  0
38  46  0
38  47  0
38  48  0
38  49  0
38  50  0
38  51  0
38  52  0
38  53  0
38  54  0
38  55  0
39  0  0
39  1  0
39  2  0
39  3  0
39  4  0
39  5  0
39  6  0
39  7  0
39  8  0
39  9  0
39  10  0
39  11  0
39  12  0
39  13  0
39  14  0
39  15  0
39  16  0
39  17  0
39  18  0
39  19  0
39  20  0
39  21  0
39  22  0
39  23  0
39  24  0
39  25  0
39  26  0
39  27  0
39  28  0
39  29  0
39  30  0
39  31  0
39  32  0
39  33  0
39  34  0
39  35  0
39  36  0
39  37  0
39  38  0
39  39  0
39  40  0
39  41  0
39  42  0
39  43  0
39  44  0
39  45  0
39  46  0
39  47  0
39  48  0
39  49  0
39  50  0
39  51  0
39  52  0
39  53  0
39  54  0
39  55  0
40  0  0
40  1  0
40  2  0
40  3  0
40  4  0
40  5  0
40  6  0
40  7  0
40  8  0
40  9  0
40  10  0
40  11  0
40  12  0
40  13  0
40  14  0
40  15  0
40  16  0
40  17  0
40  18  0
40  19  0
40  20  0
40  21  0
40  22  0
40  23  0
40  24  0
40  25  0
40  26  0
40  27  0
40  28  0
40  29  0
40  30  0
40  31  0
40  32  0
40  33  0
40  34  0
40  35  0
40  36  0
40  37  0
40  38  0
40  39  0
40  40  0
40  41  0
40  42  0
40  43  0
40  44  0
40  45  0
40  46  0
40  47  0
40  48  0
40  49  0
40  50  0
40  51  0
40  52  0
40  53  0
40  54  0
40  55  0
41  0  0
41  1  0
41  2  0
41  3  0
41  4  0
41  5  0
41  6  0
41  7  0
41  8  0
41  9  0
41  10  0
41  11  0
41  12  0
41  13  0
41  14  0
41  15  0
41  16  0
41  17  0
41  18  0
41  19  0
41  20  0
41  21  0
41  22  0
41  23  0
41  24  0
41  25  0
41  26  0
41  27  0
41  28  0
41  29  0
41  30  0
41  31  0
41  32  0
41  33  0
41  34  0
41  35  0
41  36  0
41  37  0
41  38  0
41  39  0
41  40  0
41  41  0
41  42  0
41  43  0
41  44  0
41  45  0
41  46  0
41  47  0
41  48  0
41  49  0
41  50  0
41  51  0
41  52  0
41  53  0
41  54  0
41  55  0
42  0  0
42  1  0
42  2  0
42  3  0
42  4  0
42  5  0
42  6  0
42  7  0
42  8  0
42  9  0
42  10  0
42  11  0
42  12  0
42  13  0
42  14  0
42  15  0
42  16  0
42  17  0
42  18  0
42  19  0
42  20  0
42  21  0
42  22  0
42  23  0
42  24  0
42  25  0
42  26  0
42  27  0
42  28  0
42  29  0
42  30  0
42  31  0
42  32  0
42  33  0
42  34  0
42  35  0
42  36  0
42  37  0
42  38  0
42  39  0
42  40  0
42  41  0
42  42  0
42  43  0
42  44  0
42  45  0
42  46  0
42  47  0
42  48  0
42  49  0
42  50  0
42  51  0
42  52  0
42  53  0
42  54  0
42  55  0
43  0  0
43  1  0
43  2  0
43  3  0
43  4  0
43  5  0
43  6  0
43  7  0
43  8  0
43  9  0
43  10  0
43  11  0
43  12  0
43  13  0
43  14  0
43  15  0
43  16  0
43  17  0
43  18  0
43  19  0
43  20  0
43  21  0
43  22  0
43  23  0
43  24  0
43  25  0
43  26  0
43  27  0
43  28  0
43  29  0
43  30  0
43  31  0
43  32  0
43  33  0
43  34  0
43  35  0
43  36  0
43  37  0
43  38  0
43  39  0
43  40  0
43  41  0
43  42  0
43  43  0
43  44  0
43  45  0
43  46  0
43  47  0
43  48  0
43  49  0
43  50  0
43  51  0
43  52  0
43  53  0
43  54  0
43  55  0
44  0  0
44  1  0
44  2  0
44  3  0
44  4  0
44  5  0
44  6  0
44  7  0
44  8  0
44  9  0
44  10  0
44  11  0
44  12  0
44  13  0
44  14  0
44  15  0
44  16  0
44  17  0
44  18  0
44  19  0
44  20  0
44  21  0
44  22  0
44  23  0
44  24  0
44  25  0
44  26  0
44  27  0
44  28  0
44  29  0
44  30  0
44  31  0
44  32  0
44  33  0
44  34  0
44  35  0
44  36  0
44  37  0
44  38  0
44  39  0
44  40  0
44  41  0
44  42  0
44  43  0
44  44  0
44  45  0
44  46  0
44  47  0
44  48  0
44  49  0
44  50  0
44  51  0
44  52  0
44  53  0
44  54  0
44  55  0
45  0  0
45  1  0
45  2  0
45  3  0
45  4  0
45  5  0
45  6  0
45  7  0
45  8  0
45  9  0
45  10  0
45  11  0
45  12  0
45  13  0
45  14  0
45  15  0
45  16  0
45  17  0
45  18  0
45  19  0
45  20  0
45  21  0
45  22  0
45  23  0
45  24  0
45  25  0
45  26  0
45  27  0
45  28  0
45  29  0
45  30  0
45  31  0
45  32  0
45  33  0
45  34  0
45  35  0
45  36  0
45  37  0
45  38  0
45  39  0
45  40  0
45  41  0
45  42  0
45  43  0
45  44  0
45  45  0
45  46  0
45  47  0
45  48  0
45  49  0
45  50  0
45  51  0
45  52  0
45  53  0
45  54  0
45  55  0
46  0  0
46  1  0
46  2  0
46  3  0
46  4  0
46  5  0
46  6  0
46  7  0
46  8  0
46  9  0
46  10  0
46  11  0
46  12  0
46  13  0
46  14  0
46  15  0
46  16  0
46  17  0
46  18  0
46  19  0
46  20  0
46  21  0
46  22  0
46  23  0
46  24  0
46  25  0
46  26  0
46  27  0
46  28  0
46  29  0
46  30  0
46  31  0
46  32  0
46  33  0
46  34  0
46  35  0
46  36  0
46  37  0
46  38  0
46  39  0
46  40  0
46  41  0
46  42  0
46  43  0
46  44  0
46  45  0
46  46  0
46  47  0
46  48  0
46  49  0
46  50  0
46  51  0
46  52  0
46  53  0
46  54  0
46  55  0
47  0  0
47  1  0
47  2  0
47  3  0
47  4  0
47  5  0
47  6  0
47  7  0
47  8  0
47  9  0
47  10  0
47  11  0
47  12  0
47  13  0
47  14  0
47  15  0
47  16  0
47  17  0
47  18  0
47  19  0
47  20  0
47  21  0
47  22  0
47  23  0
47  24  0
47  25  0
47  26  0
47  27  0
47  28  0
47  29  0
47  30  0
47  31  0
47  32  0
47  33  0
47  34  0
47  35  0
47  36  0
47  37  0
47  38  0
47  39  0
47  40  0
47  41  0
47  42  0
47  43  0
47  44  0
47  45  0
47  46  0
47  47  0
47  48  0
47  49  0
47  50  0
47  51  0
47  52  0
47  53  0
47  54  0
47  55  0
48  0  0
48  1  0
48  2  0
48  3  0
48  4  0
48  5  0
48  6  0
48  7  0
48  8  0
48  9  0
48  10  0
48  11  0
48  12  0
48  13  0
48  14  0
48  15  0
48  16  0
48  17  0
48  18  0
48  19  0
48  20  0
48  21  0
48  22  0
48  23  0
48  24  0
48  25  0
48  26  0
48  27  0
48  28  0
48  29  0
48  30  0
48  31  0
48  32  0
48  33  0
48  34  0
48  35  0
48  36  0
48  37  0
48  38  0
48  39  0
48  40  0
48  41  0
48  42  0
48  43  0
48  44  0
48  45  0
48  46  0
48  47  0
48  48  0
48  49  0
48  50  0
48  51  0
48  52  0
48  53  0
48  54  0
48  55  0
49  0  0
49  1  0
49  2  0
49  3  0
49  4  0
49  5  0
49  6  0
49  7  0
49  8  0
49  9  0
49  10  0
49  11  0
49  12  0
49  13  0
49  14  0
49  15  0
49  16  0
49  17  0
49  18  0
49  19  0
49  20  0
49  21  0
49  22  0
49  23  0
49  24  0
49  25  0
49  26  0
49  27  0
49  28  0
49  29  0
49  30  0
49  31  0
49  32  0
49  33  0
49  34  0
49  35  0
49  36  0
49  37  0
49  38  0
49  39  0
49  40  0
49  41  0
49  42  0
49  43  0
49  44  0
49  45  0
49  46  0
49  47  0
49  48  0
49  49  0
49  50  0
49  51  0
49  52  0
49  53  0
49  54  0
49  55  0
50  0  0
50  1  0
50  2  0
50  3  0
50  4  0
50  5  0
50  6  0
50  7  0
50  8  0
50  9  0
50  10  0
50  11  0
50  12  0
50  13  0
50  14  0
50  15  0
50  16  0
50  17  0
50  18  0
50  19  0
50  20  0
50  21  0
50  22  0
50  23  0
50  24  0
50  25  0
50  26  0
50  27  0
50  28  0
50  29  0
50  30  0
50  31  0
50  32  0
50  33  0
50  34  0
50  35  0
50  36  0
50  37  0
50  38  0
50  39  0
50  40  0
50  41  0
50  42  0
50  43  0
50  44  0
50  45  0
50  46  0
50  47  0
50  48  0
50  49  0
50  50  0
50  51  0
50  52  0
50  53  0
50  54  0
50  55  0

