row  column  (images_19_742.edf Ca-K*images_19_742.edf Ar-K**2.3)
0  0  8.97795e+07
0  1  9.62373e+07
0  2  1.02116e+08
0  3  8.71832e+07
0  4  9.54526e+07
0  5  9.82266e+07
0  6  1.19631e+08
0  7  1.29402e+08
0  8  1.60609e+08
0  9  2.1253e+08
0  10  2.64676e+08
0  11  3.11033e+08
0  12  3.51693e+08
0  13  3.79569e+08
0  14  4.16242e+08
0  15  4.62815e+08
0  16  4.76144e+08
0  17  4.84067e+08
0  18  4.52702e+08
0  19  4.72309e+08
0  20  4.66174e+08
0  21  4.18512e+08
0  22  3.90164e+08
0  23  3.4741e+08
0  24  3.88583e+08
0  25  3.72176e+08
0  26  3.48344e+08
0  27  3.39523e+08
0  28  3.27127e+08
0  29  3.70498e+08
0  30  3.70666e+08
0  31  3.73208e+08
0  32  4.31115e+08
0  33  4.00992e+08
0  34  4.05245e+08
0  35  4.04078e+08
0  36  4.58828e+08
0  37  4.56608e+08
0  38  4.9984e+08
0  39  5.23281e+08
0  40  5.18545e+08
0  41  5.23026e+08
0  42  5.36443e+08
0  43  5.4523e+08
0  44  5.82128e+08
0  45  5.04341e+08
0  46  5.05365e+08
0  47  4.61631e+08
0  48  5.23555e+08
0  49  5.34784e+08
0  50  4.71107e+08
0  51  4.45998e+08
0  52  4.72596e+08
0  53  4.78111e+08
0  54  4.65772e+08
0  55  4.84483e+08
1  0  7.97183e+07
1  1  8.98343e+07
1  2  9.21438e+07
1  3  1.24675e+08
1  4  1.14571e+08
1  5  1.09668e+08
1  6  1.34877e+08
1  7  1.55946e+08
1  8  1.8197e+08
1  9  2.61331e+08
1  10  3.36865e+08
1  11  3.21325e+08
1  12  3.56595e+08
1  13  3.80257e+08
1  14  3.98081e+08
1  15  4.15575e+08
1  16  4.29995e+08
1  17  4.83338e+08
1  18  4.54466e+08
1  19  4.12984e+08
1  20  4.28573e+08
1  21  4.23493e+08
1  22  3.88311e+08
1  23  3.92027e+08
1  24  3.52137e+08
1  25  3.5684e+08
1  26  3.38606e+08
1  27  3.40883e+08
1  28  3.81349e+08
1  29  3.77353e+08
1  30  3.93008e+08
1  31  4.39834e+08
1  32  4.06773e+08
1  33  4.47329e+08
1  34  4.67064e+08
1  35  4.3082e+08
1  36  4.41127e+08
1  37  3.93032e+08
1  38  4.66207e+08
1  39  4.81849e+08
1  40  5.49181e+08
1  41  5.46145e+08
1  42  5.47616e+08
1  43  5.59838e+08
1  44  5.83749e+08
1  45  5.38048e+08
1  46  4.96992e+08
1  47  5.06126e+08
1  48  4.80815e+08
1  49  4.85941e+08
1  50  4.30406e+08
1  51  4.52342e+08
1  52  4.57721e+08
1  53  4.94937e+08
1  54  4.68656e+08
1  55  4.16391e+08
2  0  7.36327e+07
2  1  1.07387e+08
2  2  9.41485e+07
2  3  1.1727e+08
2  4  1.19964e+08
2  5  1.36561e+08
2  6  1.78115e+08
2  7  1.92829e+08
2  8  2.28076e+08
2  9  2.92465e+08
2  10  3.61152e+08
2  11  3.78573e+08
2  12  3.5904e+08
2  13  3.83414e+08
2  14  4.31427e+08
2  15  4.4054e+08
2  16  4.72029e+08
2  17  5.09611e+08
2  18  4.95712e+08
2  19  4.39423e+08
2  20  4.14088e+08
2  21  3.9032e+08
2  22  4.19122e+08
2  23  3.81352e+08
2  24  3.16097e+08
2  25  3.70841e+08
2  26  3.2516e+08
2  27  3.61939e+08
2  28  3.34152e+08
2  29  3.97143e+08
2  30  4.30241e+08
2  31  4.06505e+08
2  32  4.33364e+08
2  33  4.5722e+08
2  34  4.1298e+08
2  35  4.89209e+08
2  36  4.1533e+08
2  37  4.54181e+08
2  38  5.08571e+08
2  39  4.78515e+08
2  40  4.45568e+08
2  41  5.20535e+08
2  42  5.22281e+08
2  43  5.42611e+08
2  44  5.07221e+08
2  45  5.07126e+08
2  46  5.44945e+08
2  47  4.98661e+08
2  48  5.24416e+08
2  49  4.8257e+08
2  50  4.34425e+08
2  51  4.39134e+08
2  52  4.25015e+08
2  53  4.45664e+08
2  54  4.21446e+08
2  55  4.27305e+08
3  0  8.0204e+07
3  1  8.34491e+07
3  2  1.0306e+08
3  3  1.19414e+08
3  4  1.46788e+08
3  5  1.84051e+08
3  6  1.94352e+08
3  7  2.2076e+08
3  8  2.68633e+08
3  9  3.1941e+08
3  10  3.84322e+08
3  11  3.46051e+08
3  12  3.59072e+08
3  13  3.97739e+08
3  14  4.46593e+08
3  15  3.89889e+08
3  16  4.38779e+08
3  17  5.03383e+08
3  18  4.3502e+08
3  19  4.16981e+08
3  20  4.06269e+08
3  21  3.94603e+08
3  22  3.49243e+08
3  23  3.20346e+08
3  24  3.31326e+08
3  25  3.32119e+08
3  26  3.69701e+08
3  27  3.79692e+08
3  28  3.95695e+08
3  29  3.87812e+08
3  30  3.97813e+08
3  31  4.08971e+08
3  32  4.30202e+08
3  33  4.64141e+08
3  34  4.29428e+08
3  35  4.57155e+08
3  36  3.87973e+08
3  37  4.56357e+08
3  38  4.42122e+08
3  39  4.49227e+08
3  40  5.04989e+08
3  41  4.90271e+08
3  42  5.63093e+08
3  43  5.41144e+08
3  44  5.56788e+08
3  45  4.91855e+08
3  46  4.71847e+08
3  47  4.66183e+08
3  48  5.39234e+08
3  49  4.5444e+08
3  50  4.27705e+08
3  51  4.50327e+08
3  52  4.62486e+08
3  53  4.61258e+08
3  54  5.23822e+08
3  55  4.60047e+08
4  0  8.0761e+07
4  1  9.93482e+07
4  2  1.35744e+08
4  3  1.60471e+08
4  4  1.81523e+08
4  5  2.23062e+08
4  6  2.5183e+08
4  7  2.85862e+08
4  8  3.13156e+08
4  9  3.33307e+08
4  10  3.85207e+08
4  11  4.06487e+08
4  12  3.94607e+08
4  13  3.35146e+08
4  14  3.90691e+08
4  15  4.59944e+08
4  16  4.07953e+08
4  17  4.52973e+08
4  18  4.51017e+08
4  19  4.45604e+08
4  20  4.05222e+08
4  21  3.79911e+08
4  22  3.74009e+08
4  23  3.2374e+08
4  24  3.53099e+08
4  25  3.63732e+08
4  26  3.24723e+08
4  27  3.63954e+08
4  28  3.76737e+08
4  29  3.88053e+08
4  30  4.72943e+08
4  31  4.17998e+08
4  32  4.63223e+08
4  33  3.7614e+08
4  34  4.30797e+08
4  35  4.64115e+08
4  36  4.48148e+08
4  37  4.41215e+08
4  38  4.32886e+08
4  39  4.71869e+08
4  40  4.92034e+08
4  41  4.77552e+08
4  42  5.07506e+08
4  43  5.779e+08
4  44  5.10112e+08
4  45  5.53144e+08
4  46  5.47538e+08
4  47  4.73346e+08
4  48  5.19859e+08
4  49  4.47594e+08
4  50  4.69729e+08
4  51  4.31085e+08
4  52  4.24142e+08
4  53  4.47237e+08
4  54  4.01854e+08
4  55  4.78874e+08
5  0  8.12609e+07
5  1  1.07621e+08
5  2  1.6257e+08
5  3  1.64927e+08
5  4  2.19232e+08
5  5  2.41009e+08
5  6  3.19529e+08
5  7  2.90971e+08
5  8  3.70107e+08
5  9  3.98657e+08
5  10  4.07803e+08
5  11  3.75243e+08
5  12  3.96769e+08
5  13  3.74472e+08
5  14  3.97487e+08
5  15  3.87392e+08
5  16  4.05103e+08
5  17  4.16058e+08
5  18  4.26534e+08
5  19  3.92472e+08
5  20  3.97286e+08
5  21  3.79024e+08
5  22  3.04438e+08
5  23  3.4751e+08
5  24  3.1482e+08
5  25  3.11716e+08
5  26  3.74571e+08
5  27  3.93335e+08
5  28  3.87635e+08
5  29  3.80332e+08
5  30  4.22915e+08
5  31  4.09939e+08
5  32  4.15673e+08
5  33  4.3712e+08
5  34  4.13082e+08
5  35  3.90586e+08
5  36  4.4176e+08
5  37  4.46428e+08
5  38  4.57104e+08
5  39  4.47237e+08
5  40  4.87325e+08
5  41  5.09475e+08
5  42  4.89579e+08
5  43  5.10186e+08
5  44  5.45615e+08
5  45  4.8149e+08
5  46  5.13706e+08
5  47  5.0911e+08
5  48  4.84112e+08
5  49  5.12028e+08
5  50  4.8559e+08
5  51  3.97024e+08
5  52  3.81996e+08
5  53  4.72195e+08
5  54  4.28177e+08
5  55  4.49156e+08
6  0  8.6933e+07
6  1  1.2008e+08
6  2  1.78366e+08
6  3  2.28354e+08
6  4  2.41722e+08
6  5  2.97512e+08
6  6  3.07338e+08
6  7  3.27614e+08
6  8  3.59542e+08
6  9  3.55367e+08
6  10  4.15935e+08
6  11  3.88768e+08
6  12  3.42505e+08
6  13  3.63063e+08
6  14  4.00931e+08
6  15  4.14797e+08
6  16  4.01827e+08
6  17  4.75073e+08
6  18  4.5893e+08
6  19  3.8967e+08
6  20  3.52455e+08
6  21  3.33365e+08
6  22  3.49836e+08
6  23  3.13874e+08
6  24  3.24801e+08
6  25  3.63777e+08
6  26  3.50922e+08
6  27  3.64462e+08
6  28  3.73416e+08
6  29  3.72512e+08
6  30  3.78431e+08
6  31  3.84633e+08
6  32  3.92017e+08
6  33  4.64256e+08
6  34  4.06535e+08
6  35  3.88601e+08
6  36  4.54974e+08
6  37  4.44032e+08
6  38  4.22684e+08
6  39  4.86965e+08
6  40  4.76178e+08
6  41  4.76696e+08
6  42  4.97475e+08
6  43  4.78695e+08
6  44  4.44828e+08
6  45  5.04592e+08
6  46  4.64376e+08
6  47  5.07794e+08
6  48  4.71188e+08
6  49  4.35721e+08
6  50  3.95937e+08
6  51  4.40603e+08
6  52  4.36891e+08
6  53  4.22445e+08
6  54  4.86561e+08
6  55  4.55995e+08
7  0  9.03903e+07
7  1  1.38515e+08
7  2  1.97284e+08
7  3  2.67104e+08
7  4  2.99449e+08
7  5  3.76309e+08
7  6  3.57861e+08
7  7  3.72545e+08
7  8  3.61946e+08
7  9  4.03978e+08
7  10  4.18643e+08
7  11  4.41604e+08
7  12  3.94317e+08
7  13  3.89951e+08
7  14  3.79262e+08
7  15  3.95894e+08
7  16  3.7293e+08
7  17  3.89521e+08
7  18  3.89487e+08
7  19  3.60839e+08
7  20  3.68042e+08
7  21  3.13836e+08
7  22  3.50384e+08
7  23  3.1145e+08
7  24  3.17827e+08
7  25  3.53701e+08
7  26  3.27906e+08
7  27  3.36595e+08
7  28  3.76833e+08
7  29  3.58399e+08
7  30  3.67311e+08
7  31  4.40124e+08
7  32  4.20345e+08
7  33  4.16775e+08
7  34  4.2156e+08
7  35  3.49912e+08
7  36  3.87068e+08
7  37  3.99381e+08
7  38  4.42003e+08
7  39  4.10273e+08
7  40  4.56481e+08
7  41  4.6442e+08
7  42  4.9215e+08
7  43  4.774e+08
7  44  4.7481e+08
7  45  5.03355e+08
7  46  5.02025e+08
7  47  4.56263e+08
7  48  4.49328e+08
7  49  4.38528e+08
7  50  4.47562e+08
7  51  4.29031e+08
7  52  4.25433e+08
7  53  4.38371e+08
7  54  4.25865e+08
7  55  5.10163e+08
8  0  1.1731e+08
8  1  1.8722e+08
8  2  2.62844e+08
8  3  3.21908e+08
8  4  3.41101e+08
8  5  3.42001e+08
8  6  3.88851e+08
8  7  4.00421e+08
8  8  4.11069e+08
8  9  4.00605e+08
8  10  4.36094e+08
8  11  4.12437e+08
8  12  4.33138e+08
8  13  3.89871e+08
8  14  3.99827e+08
8  15  3.81738e+08
8  16  3.93613e+08
8  17  3.92186e+08
8  18  3.92608e+08
8  19  3.76044e+08
8  20  3.71466e+08
8  21  3.29418e+08
8  22  3.17476e+08
8  23  3.09614e+08
8  24  3.41849e+08
8  25  3.77499e+08
8  26  3.84646e+08
8  27  3.33412e+08
8  28  3.71441e+08
8  29  3.85765e+08
8  30  3.86179e+08
8  31  4.01797e+08
8  32  4.2595e+08
8  33  4.30993e+08
8  34  4.08494e+08
8  35  4.32058e+08
8  36  4.17533e+08
8  37  4.21458e+08
8  38  4.17493e+08
8  39  4.83758e+08
8  40  4.57942e+08
8  41  4.86115e+08
8  42  4.76124e+08
8  43  5.27705e+08
8  44  5.04124e+08
8  45  4.4652e+08
8  46  4.68643e+08
8  47  5.10965e+08
8  48  4.43791e+08
8  49  4.40474e+08
8  50  4.24712e+08
8  51  4.40124e+08
8  52  4.79346e+08
8  53  4.21486e+08
8  54  4.19519e+08
8  55  4.91126e+08
9  0  1.27267e+08
9  1  2.21455e+08
9  2  3.18933e+08
9  3  3.38161e+08
9  4  3.63492e+08
9  5  3.8389e+08
9  6  4.05649e+08
9  7  4.16604e+08
9  8  3.82923e+08
9  9  4.08659e+08
9  10  3.8186e+08
9  11  3.79165e+08
9  12  4.23258e+08
9  13  3.90366e+08
9  14  3.77625e+08
9  15  3.50476e+08
9  16  3.74019e+08
9  17  4.08228e+08
9  18  4.03547e+08
9  19  3.89105e+08
9  20  3.87383e+08
9  21  3.1992e+08
9  22  2.95688e+08
9  23  3.26919e+08
9  24  3.31874e+08
9  25  3.45267e+08
9  26  3.57579e+08
9  27  3.40791e+08
9  28  3.82142e+08
9  29  4.12628e+08
9  30  3.78996e+08
9  31  3.96501e+08
9  32  3.98529e+08
9  33  4.17557e+08
9  34  4.15285e+08
9  35  3.77542e+08
9  36  3.82484e+08
9  37  4.25875e+08
9  38  4.43995e+08
9  39  4.77553e+08
9  40  4.93869e+08
9  41  4.83463e+08
9  42  4.64279e+08
9  43  4.83531e+08
9  44  5.18497e+08
9  45  4.8939e+08
9  46  4.56119e+08
9  47  4.89104e+08
9  48  4.72254e+08
9  49  4.49864e+08
9  50  4.51038e+08
9  51  4.74048e+08
9  52  4.50638e+08
9  53  3.84888e+08
9  54  4.10583e+08
9  55  4.79272e+08
10  0  1.36949e+08
10  1  2.45685e+08
10  2  3.43728e+08
10  3  3.94738e+08
10  4  4.04713e+08
10  5  4.11597e+08
10  6  4.60581e+08
10  7  4.29817e+08
10  8  3.84467e+08
10  9  3.90258e+08
10  10  4.17313e+08
10  11  3.8786e+08
10  12  3.80737e+08
10  13  4.0627e+08
10  14  4.1745e+08
10  15  3.82762e+08
10  16  3.90927e+08
10  17  4.11664e+08
10  18  4.062e+08
10  19  3.77476e+08
10  20  3.58293e+08
10  21  3.63476e+08
10  22  3.13891e+08
10  23  3.19734e+08
10  24  3.35642e+08
10  25  3.63728e+08
10  26  3.32267e+08
10  27  3.0705e+08
10  28  3.60438e+08
10  29  3.52577e+08
10  30  3.97346e+08
10  31  4.06878e+08
10  32  4.51699e+08
10  33  4.51526e+08
10  34  3.69938e+08
10  35  4.24046e+08
10  36  4.03528e+08
10  37  4.21324e+08
10  38  4.57136e+08
10  39  5.03742e+08
10  40  4.27535e+08
10  41  4.73079e+08
10  42  4.87449e+08
10  43  4.53836e+08
10  44  4.78574e+08
10  45  4.93414e+08
10  46  4.39991e+08
10  47  4.9624e+08
10  48  4.52612e+08
10  49  4.90473e+08
10  50  4.85015e+08
10  51  4.14346e+08
10  52  4.276e+08
10  53  4.1855e+08
10  54  4.08589e+08
10  55  4.36634e+08
11  0  1.32695e+08
11  1  2.73544e+08
11  2  3.46025e+08
11  3  3.64102e+08
11  4  4.06247e+08
11  5  4.24499e+08
11  6  3.82993e+08
11  7  3.76916e+08
11  8  3.88926e+08
11  9  4.47935e+08
11  10  4.38971e+08
11  11  4.068e+08
11  12  4.1383e+08
11  13  3.83954e+08
11  14  3.93486e+08
11  15  3.89929e+08
11  16  3.78513e+08
11  17  3.89506e+08
11  18  3.99128e+08
11  19  3.76822e+08
11  20  3.69905e+08
11  21  3.54754e+08
11  22  3.03483e+08
11  23  3.05688e+08
11  24  3.0924e+08
11  25  3.22615e+08
11  26  3.48711e+08
11  27  3.0535e+08
11  28  3.51312e+08
11  29  3.6095e+08
11  30  4.11972e+08
11  31  3.85643e+08
11  32  4.84451e+08
11  33  3.82903e+08
11  34  4.28902e+08
11  35  3.93611e+08
11  36  4.4376e+08
11  37  4.42292e+08
11  38  4.23874e+08
11  39  4.65445e+08
11  40  4.41659e+08
11  41  4.3374e+08
11  42  4.40797e+08
11  43  4.58802e+08
11  44  5.09182e+08
11  45  4.83129e+08
11  46  4.97951e+08
11  47  5.1735e+08
11  48  4.84324e+08
11  49  4.90399e+08
11  50  4.71836e+08
11  51  4.58663e+08
11  52  4.22179e+08
11  53  3.98262e+08
11  54  4.63228e+08
11  55  4.3633e+08
12  0  1.59383e+08
12  1  2.94128e+08
12  2  4.41061e+08
12  3  4.10438e+08
12  4  4.18346e+08
12  5  3.929e+08
12  6  4.01391e+08
12  7  4.14768e+08
12  8  3.91871e+08
12  9  4.08112e+08
12  10  4.01256e+08
12  11  4.03782e+08
12  12  4.47036e+08
12  13  3.84433e+08
12  14  4.01499e+08
12  15  3.76291e+08
12  16  3.71904e+08
12  17  3.59591e+08
12  18  3.83983e+08
12  19  4.06084e+08
12  20  3.66913e+08
12  21  3.51187e+08
12  22  3.31492e+08
12  23  3.5134e+08
12  24  3.23627e+08
12  25  3.63882e+08
12  26  3.67107e+08
12  27  3.44788e+08
12  28  3.54062e+08
12  29  3.48584e+08
12  30  3.4556e+08
12  31  4.06692e+08
12  32  4.20191e+08
12  33  3.71008e+08
12  34  3.90089e+08
12  35  3.88797e+08
12  36  4.08807e+08
12  37  4.06132e+08
12  38  4.51715e+08
12  39  4.19569e+08
12  40  4.91166e+08
12  41  4.52874e+08
12  42  4.62284e+08
12  43  4.20923e+08
12  44  4.89855e+08
12  45  5.16765e+08
12  46  4.99738e+08
12  47  4.71912e+08
12  48  4.71021e+08
12  49  4.72015e+08
12  50  5.06738e+08
12  51  4.96369e+08
12  52  4.91043e+08
12  53  3.40659e+08
12  54  3.86609e+08
12  55  4.37745e+08
13  0  2.04774e+08
13  1  3.00429e+08
13  2  3.42858e+08
13  3  3.86936e+08
13  4  4.03456e+08
13  5  3.30542e+08
13  6  4.33956e+08
13  7  4.20638e+08
13  8  4.26161e+08
13  9  4.59551e+08
13  10  4.50747e+08
13  11  4.29738e+08
13  12  4.27354e+08
13  13  3.72668e+08
13  14  3.33386e+08
13  15  3.85596e+08
13  16  3.70166e+08
13  17  3.49142e+08
13  18  3.37982e+08
13  19  3.53495e+08
13  20  3.54453e+08
13  21  3.5567e+08
13  22  3.37065e+08
13  23  3.2536e+08
13  24  3.48925e+08
13  25  3.34083e+08
13  26  3.0245e+08
13  27  3.10061e+08
13  28  3.52425e+08
13  29  3.4334e+08
13  30  3.44766e+08
13  31  3.98653e+08
13  32  4.20253e+08
13  33  4.02246e+08
13  34  3.94628e+08
13  35  3.84089e+08
13  36  4.08043e+08
13  37  4.29096e+08
13  38  4.48924e+08
13  39  4.27846e+08
13  40  4.86397e+08
13  41  4.83035e+08
13  42  4.70782e+08
13  43  4.2657e+08
13  44  4.79253e+08
13  45  4.54466e+08
13  46  4.94357e+08
13  47  5.0126e+08
13  48  5.199e+08
13  49  4.88202e+08
13  50  4.63049e+08
13  51  5.07435e+08
13  52  4.22042e+08
13  53  3.95802e+08
13  54  3.88292e+08
13  55  4.03074e+08
14  0  1.9929e+08
14  1  3.12332e+08
14  2  3.65486e+08
14  3  4.0579e+08
14  4  3.971e+08
14  5  3.87694e+08
14  6  4.16842e+08
14  7  4.10978e+08
14  8  4.11524e+08
14  9  4.24584e+08
14  10  4.69534e+08
14  11  4.11924e+08
14  12  4.26922e+08
14  13  3.627e+08
14  14  4.14835e+08
14  15  3.55595e+08
14  16  3.75149e+08
14  17  3.50557e+08
14  18  3.23915e+08
14  19  3.57078e+08
14  20  3.39491e+08
14  21  3.24881e+08
14  22  3.10529e+08
14  23  3.34702e+08
14  24  3.40029e+08
14  25  3.07497e+08
14  26  3.29245e+08
14  27  3.28349e+08
14  28  3.36951e+08
14  29  3.54516e+08
14  30  3.43687e+08
14  31  3.79413e+08
14  32  4.05709e+08
14  33  4.05043e+08
14  34  3.41835e+08
14  35  3.46236e+08
14  36  4.01359e+08
14  37  3.76111e+08
14  38  4.42199e+08
14  39  4.607e+08
14  40  4.07882e+08
14  41  4.39235e+08
14  42  4.74646e+08
14  43  4.84345e+08
14  44  4.86889e+08
14  45  4.55153e+08
14  46  4.76083e+08
14  47  5.06206e+08
14  48  5.46242e+08
14  49  4.51846e+08
14  50  5.34528e+08
14  51  4.89848e+08
14  52  4.21872e+08
14  53  3.53229e+08
14  54  3.74927e+08
14  55  4.0198e+08
15  0  2.17282e+08
15  1  2.79457e+08
15  2  3.78146e+08
15  3  4.45473e+08
15  4  3.99735e+08
15  5  3.37243e+08
15  6  3.86232e+08
15  7  4.01968e+08
15  8  4.30282e+08
15  9  3.89319e+08
15  10  4.67296e+08
15  11  4.43926e+08
15  12  4.30382e+08
15  13  4.06272e+08
15  14  3.53236e+08
15  15  3.77075e+08
15  16  4.24909e+08
15  17  3.77775e+08
15  18  3.40344e+08
15  19  3.34113e+08
15  20  3.53881e+08
15  21  3.67377e+08
15  22  3.11042e+08
15  23  3.00811e+08
15  24  3.17396e+08
15  25  3.28486e+08
15  26  3.37158e+08
15  27  3.31955e+08
15  28  3.38278e+08
15  29  3.37287e+08
15  30  4.56575e+08
15  31  4.29053e+08
15  32  3.89901e+08
15  33  3.98785e+08
15  34  3.89648e+08
15  35  4.08873e+08
15  36  3.68928e+08
15  37  4.18468e+08
15  38  4.55364e+08
15  39  4.59943e+08
15  40  4.40477e+08
15  41  4.31035e+08
15  42  4.82597e+08
15  43  4.52538e+08
15  44  5.31877e+08
15  45  5.19807e+08
15  46  5.23633e+08
15  47  5.42621e+08
15  48  4.92763e+08
15  49  5.11683e+08
15  50  5.01625e+08
15  51  4.53311e+08
15  52  3.92422e+08
15  53  3.44309e+08
15  54  3.91218e+08
15  55  3.77642e+08
16  0  2.3042e+08
16  1  3.14284e+08
16  2  3.4418e+08
16  3  4.08078e+08
16  4  3.52064e+08
16  5  3.51869e+08
16  6  3.34227e+08
16  7  3.9411e+08
16  8  4.16704e+08
16  9  4.12789e+08
16  10  4.5683e+08
16  11  4.23172e+08
16  12  4.26228e+08
16  13  3.56242e+08
16  14  3.52167e+08
16  15  3.65826e+08
16  16  3.50362e+08
16  17  3.55507e+08
16  18  3.34535e+08
16  19  3.66733e+08
16  20  3.31203e+08
16  21  3.6766e+08
16  22  3.32061e+08
16  23  3.33761e+08
16  24  3.11358e+08
16  25  3.62653e+08
16  26  3.62618e+08
16  27  3.53746e+08
16  28  3.3136e+08
16  29  3.41914e+08
16  30  3.73072e+08
16  31  3.98183e+08
16  32  3.93038e+08
16  33  3.74182e+08
16  34  3.61654e+08
16  35  3.83381e+08
16  36  3.5706e+08
16  37  4.17438e+08
16  38  3.93247e+08
16  39  4.28289e+08
16  40  4.27798e+08
16  41  4.48831e+08
16  42  4.58739e+08
16  43  4.52773e+08
16  44  4.80845e+08
16  45  4.54985e+08
16  46  5.43983e+08
16  47  5.0135e+08
16  48  5.2026e+08
16  49  4.71325e+08
16  50  5.22762e+08
16  51  4.43435e+08
16  52  4.27413e+08
16  53  3.42093e+08
16  54  3.34394e+08
16  55  3.43477e+08
17  0  2.67749e+08
17  1  3.12636e+08
17  2  3.53902e+08
17  3  3.8352e+08
17  4  3.59175e+08
17  5  3.10362e+08
17  6  3.45787e+08
17  7  4.01911e+08
17  8  3.66193e+08
17  9  3.49355e+08
17  10  4.1302e+08
17  11  4.16832e+08
17  12  4.09821e+08
17  13  4.00059e+08
17  14  3.55528e+08
17  15  3.74544e+08
17  16  3.20578e+08
17  17  3.64557e+08
17  18  3.20123e+08
17  19  3.61389e+08
17  20  3.04903e+08
17  21  3.10021e+08
17  22  3.46166e+08
17  23  3.31617e+08
17  24  3.22099e+08
17  25  3.83131e+08
17  26  3.435e+08
17  27  3.42176e+08
17  28  3.00461e+08
17  29  3.43956e+08
17  30  3.57897e+08
17  31  3.95674e+08
17  32  3.89969e+08
17  33  3.56815e+08
17  34  3.35788e+08
17  35  4.01396e+08
17  36  3.72008e+08
17  37  3.90646e+08
17  38  4.10259e+08
17  39  4.24531e+08
17  40  4.4817e+08
17  41  4.5251e+08
17  42  4.39636e+08
17  43  4.15166e+08
17  44  4.41067e+08
17  45  5.02809e+08
17  46  5.46871e+08
17  47  4.93792e+08
17  48  4.77161e+08
17  49  4.94248e+08
17  50  4.61466e+08
17  51  4.66339e+08
17  52  4.1787e+08
17  53  3.17315e+08
17  54  3.02867e+08
17  55  3.38753e+08
18  0  2.59988e+08
18  1  3.20988e+08
18  2  3.19548e+08
18  3  3.58891e+08
18  4  3.3556e+08
18  5  3.1039e+08
18  6  3.25394e+08
18  7  4.16013e+08
18  8  3.59878e+08
18  9  4.3969e+08
18  10  4.22941e+08
18  11  3.80527e+08
18  12  3.88752e+08
18  13  3.72265e+08
18  14  3.80384e+08
18  15  3.47853e+08
18  16  3.47519e+08
18  17  3.40493e+08
18  18  3.15137e+08
18  19  3.28885e+08
18  20  3.34736e+08
18  21  3.30478e+08
18  22  3.15834e+08
18  23  3.33234e+08
18  24  3.09673e+08
18  25  3.24231e+08
18  26  3.39487e+08
18  27  3.29938e+08
18  28  3.29238e+08
18  29  3.26087e+08
18  30  3.65305e+08
18  31  3.54917e+08
18  32  4.11327e+08
18  33  3.50768e+08
18  34  3.60369e+08
18  35  3.84345e+08
18  36  3.62854e+08
18  37  3.59244e+08
18  38  3.97247e+08
18  39  4.38285e+08
18  40  4.17024e+08
18  41  4.36282e+08
18  42  4.37161e+08
18  43  4.18186e+08
18  44  4.62598e+08
18  45  4.44248e+08
18  46  5.0551e+08
18  47  5.40574e+08
18  48  5.21953e+08
18  49  4.58862e+08
18  50  4.55512e+08
18  51  4.3888e+08
18  52  4.33165e+08
18  53  3.42274e+08
18  54  3.27865e+08
18  55  2.94583e+08
19  0  2.76818e+08
19  1  2.87383e+08
19  2  3.41921e+08
19  3  3.59152e+08
19  4  2.81962e+08
19  5  2.69754e+08
19  6  3.25972e+08
19  7  3.8517e+08
19  8  3.97948e+08
19  9  4.02194e+08
19  10  4.21648e+08
19  11  3.76317e+08
19  12  3.68607e+08
19  13  4.00152e+08
19  14  3.4993e+08
19  15  3.38912e+08
19  16  3.15296e+08
19  17  3.61415e+08
19  18  3.29045e+08
19  19  3.50737e+08
19  20  3.28711e+08
19  21  2.94038e+08
19  22  3.44859e+08
19  23  3.54598e+08
19  24  3.22911e+08
19  25  3.35472e+08
19  26  3.39245e+08
19  27  3.29815e+08
19  28  3.43397e+08
19  29  3.28831e+08
19  30  3.25102e+08
19  31  3.50308e+08
19  32  3.45519e+08
19  33  3.64515e+08
19  34  3.83936e+08
19  35  3.63181e+08
19  36  3.51267e+08
19  37  3.87441e+08
19  38  4.24217e+08
19  39  4.3734e+08
19  40  4.06736e+08
19  41  3.9294e+08
19  42  4.11194e+08
19  43  3.99093e+08
19  44  3.99556e+08
19  45  4.54781e+08
19  46  4.45825e+08
19  47  4.50268e+08
19  48  5.10712e+08
19  49  4.61295e+08
19  50  4.58955e+08
19  51  4.48395e+08
19  52  3.92724e+08
19  53  3.08784e+08
19  54  3.09974e+08
19  55  3.06341e+08
20  0  2.506e+08
20  1  2.82231e+08
20  2  2.99222e+08
20  3  3.46239e+08
20  4  2.94595e+08
20  5  2.41981e+08
20  6  3.00618e+08
20  7  3.69008e+08
20  8  3.79577e+08
20  9  4.00983e+08
20  10  4.14107e+08
20  11  3.83296e+08
20  12  3.76575e+08
20  13  3.84233e+08
20  14  3.53677e+08
20  15  3.51126e+08
20  16  3.44253e+08
20  17  3.48288e+08
20  18  3.45621e+08
20  19  3.54441e+08
20  20  3.54309e+08
20  21  3.39682e+08
20  22  3.30558e+08
20  23  3.30858e+08
20  24  3.75305e+08
20  25  3.6985e+08
20  26  3.34238e+08
20  27  3.19422e+08
20  28  3.15838e+08
20  29  3.33019e+08
20  30  3.44742e+08
20  31  3.98096e+08
20  32  3.55321e+08
20  33  3.65025e+08
20  34  3.33972e+08
20  35  3.52353e+08
20  36  3.43069e+08
20  37  3.53692e+08
20  38  3.56807e+08
20  39  3.49375e+08
20  40  4.35299e+08
20  41  3.92312e+08
20  42  4.23848e+08
20  43  4.26209e+08
20  44  4.10219e+08
20  45  4.36991e+08
20  46  4.32147e+08
20  47  4.02207e+08
20  48  4.79084e+08
20  49  4.59245e+08
20  50  4.13541e+08
20  51  4.15353e+08
20  52  3.75048e+08
20  53  3.02452e+08
20  54  2.90569e+08
20  55  2.81255e+08
21  0  2.44571e+08
21  1  2.71626e+08
21  2  2.96857e+08
21  3  3.04158e+08
21  4  2.87049e+08
21  5  2.58886e+08
21  6  3.19626e+08
21  7  3.42754e+08
21  8  3.67139e+08
21  9  3.9764e+08
21  10  3.89559e+08
21  11  3.99807e+08
21  12  4.03906e+08
21  13  3.73466e+08
21  14  3.64248e+08
21  15  3.46426e+08
21  16  3.21271e+08
21  17  3.51774e+08
21  18  3.38457e+08
21  19  3.64205e+08
21  20  3.36714e+08
21  21  3.53696e+08
21  22  3.14879e+08
21  23  3.37536e+08
21  24  3.40357e+08
21  25  3.37394e+08
21  26  3.39448e+08
21  27  3.35939e+08
21  28  3.29668e+08
21  29  3.04919e+08
21  30  3.74046e+08
21  31  4.28271e+08
21  32  3.6653e+08
21  33  3.44909e+08
21  34  3.22068e+08
21  35  3.19542e+08
21  36  3.22551e+08
21  37  3.15945e+08
21  38  3.48709e+08
21  39  3.59619e+08
21  40  3.9414e+08
21  41  3.91524e+08
21  42  4.02314e+08
21  43  3.73374e+08
21  44  4.36539e+08
21  45  4.279e+08
21  46  4.912e+08
21  47  4.54855e+08
21  48  4.50509e+08
21  49  3.97124e+08
21  50  3.6914e+08
21  51  4.22336e+08
21  52  3.65054e+08
21  53  3.35366e+08
21  54  3.08776e+08
21  55  2.90462e+08
22  0  2.39241e+08
22  1  2.61485e+08
22  2  2.9597e+08
22  3  3.20799e+08
22  4  2.61757e+08
22  5  2.45183e+08
22  6  3.16749e+08
22  7  3.59865e+08
22  8  3.56421e+08
22  9  4.01184e+08
22  10  3.67637e+08
22  11  3.82779e+08
22  12  3.413e+08
22  13  3.37532e+08
22  14  3.65164e+08
22  15  3.09584e+08
22  16  3.21947e+08
22  17  3.2234e+08
22  18  3.28375e+08
22  19  3.59895e+08
22  20  3.6333e+08
22  21  3.53282e+08
22  22  3.15485e+08
22  23  3.4814e+08
22  24  3.26331e+08
22  25  3.63768e+08
22  26  3.4715e+08
22  27  3.79085e+08
22  28  3.5364e+08
22  29  3.31663e+08
22  30  3.65851e+08
22  31  3.92448e+08
22  32  3.58232e+08
22  33  3.17235e+08
22  34  3.16966e+08
22  35  3.37029e+08
22  36  3.53617e+08
22  37  3.36815e+08
22  38  3.08866e+08
22  39  3.09973e+08
22  40  3.34932e+08
22  41  4.19714e+08
22  42  3.61344e+08
22  43  3.55194e+08
22  44  3.8073e+08
22  45  3.65802e+08
22  46  3.9349e+08
22  47  4.36894e+08
22  48  5.03303e+08
22  49  4.01573e+08
22  50  3.59619e+08
22  51  3.92407e+08
22  52  3.20671e+08
22  53  2.99214e+08
22  54  3.25002e+08
22  55  2.94771e+08
23  0  2.40459e+08
23  1  2.71477e+08
23  2  3.03117e+08
23  3  2.76271e+08
23  4  2.78141e+08
23  5  2.22936e+08
23  6  2.92527e+08
23  7  3.59337e+08
23  8  3.58886e+08
23  9  3.92799e+08
23  10  3.89858e+08
23  11  3.7883e+08
23  12  3.34942e+08
23  13  3.37862e+08
23  14  3.34228e+08
23  15  3.05531e+08
23  16  3.38265e+08
23  17  3.24792e+08
23  18  3.08947e+08
23  19  3.06286e+08
23  20  3.28338e+08
23  21  3.41446e+08
23  22  3.34435e+08
23  23  3.41004e+08
23  24  3.44047e+08
23  25  3.60982e+08
23  26  3.67425e+08
23  27  3.3755e+08
23  28  3.08431e+08
23  29  3.7098e+08
23  30  3.95198e+08
23  31  3.86835e+08
23  32  3.6963e+08
23  33  3.56243e+08
23  34  3.41384e+08
23  35  3.15823e+08
23  36  3.00504e+08
23  37  3.50141e+08
23  38  3.24861e+08
23  39  3.55854e+08
23  40  3.28884e+08
23  41  3.27557e+08
23  42  3.3985e+08
23  43  3.49391e+08
23  44  3.31026e+08
23  45  4.16413e+08
23  46  3.83265e+08
23  47  3.9345e+08
23  48  4.89719e+08
23  49  4.18801e+08
23  50  3.84234e+08
23  51  3.99863e+08
23  52  3.04723e+08
23  53  2.65765e+08
23  54  3.0772e+08
23  55  3.21266e+08
24  0  2.39358e+08
24  1  2.48667e+08
24  2  2.70276e+08
24  3  2.85402e+08
24  4  2.48781e+08
24  5  2.45289e+08
24  6  3.15795e+08
24  7  3.89438e+08
24  8  3.72153e+08
24  9  3.49515e+08
24  10  3.44136e+08
24  11  3.73701e+08
24  12  3.77694e+08
24  13  3.62652e+08
24  14  3.35183e+08
24  15  3.1031e+08
24  16  3.30093e+08
24  17  3.36578e+08
24  18  3.4133e+08
24  19  3.28275e+08
24  20  3.38178e+08
24  21  3.40121e+08
24  22  3.23341e+08
24  23  3.33756e+08
24  24  3.47068e+08
24  25  3.25224e+08
24  26  3.44612e+08
24  27  3.52311e+08
24  28  2.92049e+08
24  29  3.03225e+08
24  30  3.65382e+08
24  31  4.03567e+08
24  32  3.21169e+08
24  33  3.17063e+08
24  34  3.40178e+08
24  35  2.98003e+08
24  36  3.24847e+08
24  37  3.1048e+08
24  38  2.90118e+08
24  39  3.06836e+08
24  40  3.15513e+08
24  41  3.30822e+08
24  42  3.47237e+08
24  43  3.69323e+08
24  44  3.36764e+08
24  45  3.29608e+08
24  46  3.78664e+08
24  47  3.41168e+08
24  48  4.3569e+08
24  49  4.158e+08
24  50  3.88488e+08
24  51  3.49323e+08
24  52  3.31529e+08
24  53  2.58574e+08
24  54  3.08095e+08
24  55  3.37122e+08
25  0  2.48588e+08
25  1  2.38762e+08
25  2  2.78706e+08
25  3  2.50993e+08
25  4  2.67065e+08
25  5  2.69911e+08
25  6  2.80096e+08
25  7  2.95019e+08
25  8  3.77729e+08
25  9  3.62393e+08
25  10  3.37411e+08
25  11  3.60143e+08
25  12  3.27956e+08
25  13  3.10981e+08
25  14  3.30218e+08
25  15  3.08842e+08
25  16  3.19877e+08
25  17  3.50524e+08
25  18  2.88616e+08
25  19  3.00625e+08
25  20  2.93548e+08
25  21  3.20782e+08
25  22  3.09738e+08
25  23  3.38633e+08
25  24  3.08874e+08
25  25  3.41187e+08
25  26  3.28665e+08
25  27  3.48995e+08
25  28  2.86486e+08
25  29  3.3698e+08
25  30  3.59236e+08
25  31  4.06132e+08
25  32  3.59273e+08
25  33  3.14467e+08
25  34  2.97951e+08
25  35  2.9468e+08
25  36  3.08936e+08
25  37  3.00326e+08
25  38  2.8817e+08
25  39  2.90479e+08
25  40  3.17046e+08
25  41  3.50054e+08
25  42  3.45391e+08
25  43  3.68152e+08
25  44  2.73918e+08
25  45  3.59781e+08
25  46  3.61655e+08
25  47  3.48282e+08
25  48  4.24458e+08
25  49  3.53532e+08
25  50  3.34898e+08
25  51  3.7231e+08
25  52  2.74666e+08
25  53  2.50735e+08
25  54  2.8863e+08
25  55  2.98197e+08
26  0  2.02341e+08
26  1  2.94592e+08
26  2  2.43212e+08
26  3  2.77889e+08
26  4  2.87703e+08
26  5  2.42958e+08
26  6  2.93034e+08
26  7  3.29446e+08
26  8  3.46001e+08
26  9  3.4153e+08
26  10  3.85226e+08
26  11  3.50534e+08
26  12  3.12185e+08
26  13  3.41205e+08
26  14  3.06201e+08
26  15  3.07702e+08
26  16  2.93196e+08
26  17  3.20867e+08
26  18  3.22712e+08
26  19  2.81708e+08
26  20  3.49058e+08
26  21  3.24534e+08
26  22  3.49619e+08
26  23  3.20687e+08
26  24  3.43467e+08
26  25  3.61275e+08
26  26  3.72663e+08
26  27  3.57146e+08
26  28  3.20877e+08
26  29  3.08777e+08
26  30  3.1981e+08
26  31  3.88656e+08
26  32  3.81722e+08
26  33  3.25293e+08
26  34  2.86182e+08
26  35  2.77703e+08
26  36  2.70914e+08
26  37  2.92882e+08
26  38  2.59933e+08
26  39  2.71215e+08
26  40  2.69407e+08
26  41  3.16019e+08
26  42  3.2583e+08
26  43  3.05203e+08
26  44  3.07407e+08
26  45  3.60059e+08
26  46  3.7248e+08
26  47  3.63825e+08
26  48  4.22794e+08
26  49  4.2042e+08
26  50  3.49917e+08
26  51  3.54626e+08
26  52  3.53916e+08
26  53  2.4471e+08
26  54  3.06177e+08
26  55  3.44887e+08
27  0  1.95679e+08
27  1  2.48948e+08
27  2  2.57566e+08
27  3  2.18684e+08
27  4  2.56327e+08
27  5  2.41414e+08
27  6  2.84902e+08
27  7  3.33235e+08
27  8  3.51206e+08
27  9  3.39152e+08
27  10  3.314e+08
27  11  3.56829e+08
27  12  3.18245e+08
27  13  3.49555e+08
27  14  3.54094e+08
27  15  3.06605e+08
27  16  2.99212e+08
27  17  3.23744e+08
27  18  2.98277e+08
27  19  2.9602e+08
27  20  3.16307e+08
27  21  3.01327e+08
27  22  3.21618e+08
27  23  3.43935e+08
27  24  3.19053e+08
27  25  3.16123e+08
27  26  3.8151e+08
27  27  3.33566e+08
27  28  3.16943e+08
27  29  2.83631e+08
27  30  3.50862e+08
27  31  3.97226e+08
27  32  3.29819e+08
27  33  2.94988e+08
27  34  3.05624e+08
27  35  2.4969e+08
27  36  2.69485e+08
27  37  2.58512e+08
27  38  2.74255e+08
27  39  2.57386e+08
27  40  2.71592e+08
27  41  3.02565e+08
27  42  3.16484e+08
27  43  3.18103e+08
27  44  2.77052e+08
27  45  3.72144e+08
27  46  3.1061e+08
27  47  3.60018e+08
27  48  4.05377e+08
27  49  3.24084e+08
27  50  3.82023e+08
27  51  3.79489e+08
27  52  2.94909e+08
27  53  2.61726e+08
27  54  2.70318e+08
27  55  3.21742e+08
28  0  1.74299e+08
28  1  2.35152e+08
28  2  2.38044e+08
28  3  2.53159e+08
28  4  2.3871e+08
28  5  2.2673e+08
28  6  2.94054e+08
28  7  3.15105e+08
28  8  3.04795e+08
28  9  3.50627e+08
28  10  2.94783e+08
28  11  3.0104e+08
28  12  3.48593e+08
28  13  2.80824e+08
28  14  3.03843e+08
28  15  3.02172e+08
28  16  2.76102e+08
28  17  3.1159e+08
28  18  3.10328e+08
28  19  3.17058e+08
28  20  3.34893e+08
28  21  3.49239e+08
28  22  3.42402e+08
28  23  3.30486e+08
28  24  3.35198e+08
28  25  3.17633e+08
28  26  3.69878e+08
28  27  4.04489e+08
28  28  2.85485e+08
28  29  2.60544e+08
28  30  3.50111e+08
28  31  3.80985e+08
28  32  3.81625e+08
28  33  2.9042e+08
28  34  3.1138e+08
28  35  2.50225e+08
28  36  2.39909e+08
28  37  2.69905e+08
28  38  2.48713e+08
28  39  2.35686e+08
28  40  2.02395e+08
28  41  2.74258e+08
28  42  2.85835e+08
28  43  3.10361e+08
28  44  2.45033e+08
28  45  3.17764e+08
28  46  3.2998e+08
28  47  3.60554e+08
28  48  3.21746e+08
28  49  3.47542e+08
28  50  3.48565e+08
28  51  3.53014e+08
28  52  3.76816e+08
28  53  2.58679e+08
28  54  2.66336e+08
28  55  3.36749e+08
29  0  1.68649e+08
29  1  2.28559e+08
29  2  2.44894e+08
29  3  2.32304e+08
29  4  2.17485e+08
29  5  2.383e+08
29  6  2.6782e+08
29  7  2.67194e+08
29  8  3.0949e+08
29  9  3.04409e+08
29  10  3.21814e+08
29  11  3.45933e+08
29  12  3.4354e+08
29  13  3.25752e+08
29  14  3.15858e+08
29  15  2.72626e+08
29  16  2.8347e+08
29  17  2.91543e+08
29  18  3.00908e+08
29  19  3.09507e+08
29  20  3.21358e+08
29  21  3.4302e+08
29  22  2.99101e+08
29  23  3.10251e+08
29  24  3.30029e+08
29  25  3.11731e+08
29  26  3.92457e+08
29  27  3.22047e+08
29  28  2.99812e+08
29  29  2.856e+08
29  30  3.12984e+08
29  31  3.71718e+08
29  32  3.34971e+08
29  33  2.99704e+08
29  34  2.93396e+08
29  35  2.63109e+08
29  36  2.5359e+08
29  37  2.47712e+08
29  38  2.34995e+08
29  39  2.2567e+08
29  40  2.16004e+08
29  41  2.74183e+08
29  42  3.12871e+08
29  43  2.86789e+08
29  44  2.28757e+08
29  45  2.77995e+08
29  46  2.85059e+08
29  47  2.76403e+08
29  48  3.29658e+08
29  49  3.07169e+08
29  50  3.76501e+08
29  51  3.29855e+08
29  52  2.82904e+08
29  53  2.36773e+08
29  54  2.601e+08
29  55  2.7018e+08
30  0  1.53044e+08
30  1  2.18433e+08
30  2  2.41176e+08
30  3  2.16997e+08
30  4  2.49178e+08
30  5  2.17195e+08
30  6  2.35701e+08
30  7  2.70029e+08
30  8  2.76029e+08
30  9  2.99595e+08
30  10  3.12233e+08
30  11  3.10787e+08
30  12  3.10281e+08
30  13  3.04039e+08
30  14  3.01062e+08
30  15  3.12969e+08
30  16  2.6674e+08
30  17  3.1975e+08
30  18  3.32984e+08
30  19  3.24574e+08
30  20  2.62919e+08
30  21  3.01678e+08
30  22  2.87433e+08
30  23  3.33956e+08
30  24  3.5078e+08
30  25  3.12069e+08
30  26  3.62215e+08
30  27  3.57957e+08
30  28  2.86267e+08
30  29  2.8814e+08
30  30  3.46077e+08
30  31  4.19713e+08
30  32  3.39611e+08
30  33  3.04539e+08
30  34  2.81387e+08
30  35  2.47481e+08
30  36  2.61906e+08
30  37  2.45462e+08
30  38  2.19538e+08
30  39  2.17357e+08
30  40  2.18537e+08
30  41  2.55025e+08
30  42  3.03811e+08
30  43  2.8447e+08
30  44  2.38683e+08
30  45  2.60229e+08
30  46  2.69745e+08
30  47  2.71263e+08
30  48  2.93335e+08
30  49  2.64413e+08
30  50  3.15015e+08
30  51  2.95718e+08
30  52  2.95065e+08
30  53  2.36231e+08
30  54  2.36694e+08
30  55  2.48877e+08
31  0  1.28794e+08
31  1  1.83102e+08
31  2  2.48475e+08
31  3  2.36136e+08
31  4  2.16181e+08
31  5  1.90682e+08
31  6  2.63255e+08
31  7  2.83049e+08
31  8  2.65328e+08
31  9  2.77834e+08
31  10  3.0379e+08
31  11  3.07858e+08
31  12  2.68844e+08
31  13  3.0285e+08
31  14  3.05941e+08
31  15  2.7514e+08
31  16  2.75361e+08
31  17  2.71209e+08
31  18  2.92966e+08
31  19  2.41145e+08
31  20  2.82081e+08
31  21  3.22859e+08
31  22  3.46019e+08
31  23  3.04019e+08
31  24  2.93044e+08
31  25  3.20834e+08
31  26  3.21956e+08
31  27  2.97553e+08
31  28  2.90835e+08
31  29  2.63453e+08
31  30  3.70472e+08
31  31  3.97334e+08
31  32  3.39544e+08
31  33  2.65773e+08
31  34  3.10416e+08
31  35  2.4077e+08
31  36  2.27009e+08
31  37  2.26974e+08
31  38  2.09119e+08
31  39  2.19904e+08
31  40  2.14411e+08
31  41  2.86722e+08
31  42  2.74107e+08
31  43  2.27444e+08
31  44  2.22657e+08
31  45  2.52115e+08
31  46  2.42476e+08
31  47  2.39799e+08
31  48  2.37828e+08
31  49  2.40246e+08
31  50  2.78553e+08
31  51  2.67357e+08
31  52  2.75219e+08
31  53  2.26049e+08
31  54  2.43202e+08
31  55  2.41692e+08
32  0  1.19621e+08
32  1  1.72001e+08
32  2  2.44628e+08
32  3  2.29864e+08
32  4  2.30265e+08
32  5  2.34855e+08
32  6  2.61875e+08
32  7  2.45373e+08
32  8  2.76109e+08
32  9  2.86778e+08
32  10  2.8304e+08
32  11  2.98704e+08
32  12  3.2014e+08
32  13  3.08902e+08
32  14  2.78361e+08
32  15  2.85453e+08
32  16  2.39885e+08
32  17  2.7904e+08
32  18  2.94286e+08
32  19  2.22215e+08
32  20  2.37278e+08
32  21  3.33728e+08
32  22  2.79668e+08
32  23  2.41889e+08
32  24  2.66524e+08
32  25  2.77541e+08
32  26  3.23403e+08
32  27  3.07357e+08
32  28  2.77236e+08
32  29  2.60801e+08
32  30  3.08993e+08
32  31  3.36872e+08
32  32  3.03709e+08
32  33  2.82121e+08
32  34  2.76794e+08
32  35  2.37735e+08
32  36  2.53604e+08
32  37  2.27536e+08
32  38  2.0513e+08
32  39  2.29421e+08
32  40  2.24666e+08
32  41  2.3075e+08
32  42  2.40699e+08
32  43  2.31393e+08
32  44  2.22524e+08
32  45  2.2641e+08
32  46  2.46391e+08
32  47  2.34269e+08
32  48  2.25805e+08
32  49  2.08509e+08
32  50  2.66605e+08
32  51  2.72105e+08
32  52  2.62304e+08
32  53  2.18247e+08
32  54  2.27976e+08
32  55  2.30936e+08
33  0  1.47858e+08
33  1  1.76763e+08
33  2  2.2582e+08
33  3  2.1172e+08
33  4  2.38722e+08
33  5  2.06368e+08
33  6  2.28015e+08
33  7  2.31499e+08
33  8  2.70832e+08
33  9  2.71172e+08
33  10  2.6514e+08
33  11  2.65975e+08
33  12  2.87916e+08
33  13  2.66574e+08
33  14  2.63322e+08
33  15  2.64463e+08
33  16  2.56963e+08
33  17  2.88325e+08
33  18  2.50912e+08
33  19  2.36528e+08
33  20  2.40896e+08
33  21  3.15419e+08
33  22  2.29748e+08
33  23  2.8117e+08
33  24  2.67765e+08
33  25  2.85731e+08
33  26  2.78471e+08
33  27  2.84739e+08
33  28  2.51598e+08
33  29  2.63314e+08
33  30  3.0447e+08
33  31  3.20393e+08
33  32  2.63203e+08
33  33  2.3955e+08
33  34  2.86331e+08
33  35  2.29808e+08
33  36  2.48534e+08
33  37  2.45084e+08
33  38  2.55955e+08
33  39  2.23769e+08
33  40  2.15342e+08
33  41  2.52157e+08
33  42  2.15907e+08
33  43  1.99791e+08
33  44  1.68326e+08
33  45  2.18253e+08
33  46  2.13697e+08
33  47  1.9021e+08
33  48  2.02374e+08
33  49  2.15423e+08
33  50  2.20594e+08
33  51  2.5807e+08
33  52  2.52832e+08
33  53  2.05387e+08
33  54  2.24583e+08
33  55  2.50535e+08
34  0  1.06466e+08
34  1  1.60884e+08
34  2  1.96326e+08
34  3  2.17223e+08
34  4  2.04589e+08
34  5  2.05587e+08
34  6  2.01425e+08
34  7  2.14029e+08
34  8  2.44541e+08
34  9  2.6897e+08
34  10  2.41412e+08
34  11  2.76784e+08
34  12  2.80764e+08
34  13  3.04813e+08
34  14  2.57804e+08
34  15  2.45113e+08
34  16  2.53129e+08
34  17  2.39183e+08
34  18  2.99681e+08
34  19  2.48085e+08
34  20  2.78571e+08
34  21  2.84083e+08
34  22  2.47072e+08
34  23  2.44373e+08
34  24  2.25566e+08
34  25  2.38592e+08
34  26  2.66056e+08
34  27  2.54558e+08
34  28  2.42875e+08
34  29  2.17682e+08
34  30  2.64647e+08
34  31  3.18597e+08
34  32  3.0158e+08
34  33  2.36867e+08
34  34  2.75201e+08
34  35  2.49584e+08
34  36  2.4035e+08
34  37  2.3719e+08
34  38  2.32906e+08
34  39  2.27075e+08
34  40  2.45498e+08
34  41  1.81126e+08
34  42  2.00555e+08
34  43  1.72946e+08
34  44  1.71261e+08
34  45  1.73118e+08
34  46  2.05572e+08
34  47  2.00316e+08
34  48  1.90945e+08
34  49  1.93489e+08
34  50  1.87847e+08
34  51  2.36388e+08
34  52  2.50766e+08
34  53  2.19499e+08
34  54  2.18586e+08
34  55  2.44332e+08
35  0  8.02059e+07
35  1  1.39396e+08
35  2  2.03201e+08
35  3  2.06053e+08
35  4  2.09969e+08
35  5  1.95502e+08
35  6  1.84324e+08
35  7  1.88037e+08
35  8  2.34635e+08
35  9  2.43655e+08
35  10  2.69854e+08
35  11  2.60698e+08
35  12  2.60122e+08
35  13  2.77608e+08
35  14  2.90039e+08
35  15  3.14421e+08
35  16  2.4959e+08
35  17  2.42025e+08
35  18  2.43192e+08
35  19  2.32041e+08
35  20  2.60519e+08
35  21  2.52924e+08
35  22  2.23938e+08
35  23  2.16285e+08
35  24  1.98155e+08
35  25  2.04175e+08
35  26  2.14283e+08
35  27  2.36448e+08
35  28  2.02333e+08
35  29  2.0191e+08
35  30  2.45435e+08
35  31  2.69731e+08
35  32  2.45302e+08
35  33  2.18254e+08
35  34  2.6278e+08
35  35  2.54473e+08
35  36  2.34137e+08
35  37  2.4105e+08
35  38  2.27084e+08
35  39  2.47915e+08
35  40  2.09075e+08
35  41  2.22913e+08
35  42  2.0829e+08
35  43  1.60469e+08
35  44  1.61773e+08
35  45  1.65394e+08
35  46  1.82039e+08
35  47  1.79793e+08
35  48  2.03026e+08
35  49  1.84123e+08
35  50  1.92556e+08
35  51  2.32728e+08
35  52  2.44679e+08
35  53  2.12318e+08
35  54  1.9858e+08
35  55  2.25371e+08
36  0  7.78841e+07
36  1  1.12363e+08
36  2  1.43339e+08
36  3  1.91181e+08
36  4  1.66986e+08
36  5  1.93849e+08
36  6  2.02095e+08
36  7  1.86387e+08
36  8  2.09737e+08
36  9  2.203e+08
36  10  2.09392e+08
36  11  2.21845e+08
36  12  2.68938e+08
36  13  3.25458e+08
36  14  2.83579e+08
36  15  2.95055e+08
36  16  2.91645e+08
36  17  2.4219e+08
36  18  2.74578e+08
36  19  2.68267e+08
36  20  2.20599e+08
36  21  2.55966e+08
36  22  2.32154e+08
36  23  2.08316e+08
36  24  1.87798e+08
36  25  2.08356e+08
36  26  2.01951e+08
36  27  1.9809e+08
36  28  2.02919e+08
36  29  1.86939e+08
36  30  2.31212e+08
36  31  2.91281e+08
36  32  2.35138e+08
36  33  2.6718e+08
36  34  2.37389e+08
36  35  2.39659e+08
36  36  2.39376e+08
36  37  2.6776e+08
36  38  2.64118e+08
36  39  2.87676e+08
36  40  1.90736e+08
36  41  2.16014e+08
36  42  1.9992e+08
36  43  1.69372e+08
36  44  1.80834e+08
36  45  1.83159e+08
36  46  1.76657e+08
36  47  1.69374e+08
36  48  1.84436e+08
36  49  1.61697e+08
36  50  1.87011e+08
36  51  1.94832e+08
36  52  2.30426e+08
36  53  1.78496e+08
36  54  2.17632e+08
36  55  2.36335e+08
37  0  7.76068e+07
37  1  1.07067e+08
37  2  1.6654e+08
37  3  1.83859e+08
37  4  1.80595e+08
37  5  2.00917e+08
37  6  1.7644e+08
37  7  1.80248e+08
37  8  1.8689e+08
37  9  2.33907e+08
37  10  2.46475e+08
37  11  2.49152e+08
37  12  2.63693e+08
37  13  2.86982e+08
37  14  2.79468e+08
37  15  3.03255e+08
37  16  2.72347e+08
37  17  2.57573e+08
37  18  2.4523e+08
37  19  2.48303e+08
37  20  1.91209e+08
37  21  2.51739e+08
37  22  2.47136e+08
37  23  2.04453e+08
37  24  2.0221e+08
37  25  2.06873e+08
37  26  2.03818e+08
37  27  1.91857e+08
37  28  1.86529e+08
37  29  1.96091e+08
37  30  2.33172e+08
37  31  2.58995e+08
37  32  2.62338e+08
37  33  2.11578e+08
37  34  2.74472e+08
37  35  2.69461e+08
37  36  2.96538e+08
37  37  3.00972e+08
37  38  2.54749e+08
37  39  2.57616e+08
37  40  2.1088e+08
37  41  1.97574e+08
37  42  1.72744e+08
37  43  1.75677e+08
37  44  1.77543e+08
37  45  1.59023e+08
37  46  1.67067e+08
37  47  1.70788e+08
37  48  1.87425e+08
37  49  1.60353e+08
37  50  1.63197e+08
37  51  2.09946e+08
37  52  2.20051e+08
37  53  2.01463e+08
37  54  2.11781e+08
37  55  2.08239e+08
38  0  7.31127e+07
38  1  1.08451e+08
38  2  1.10029e+08
38  3  1.82933e+08
38  4  1.82607e+08
38  5  1.72442e+08
38  6  1.90435e+08
38  7  2.18404e+08
38  8  2.12664e+08
38  9  2.22716e+08
38  10  2.277e+08
38  11  2.54858e+08
38  12  2.64025e+08
38  13  3.33865e+08
38  14  2.79324e+08
38  15  2.91869e+08
38  16  2.43608e+08
38  17  2.37043e+08
38  18  2.28497e+08
38  19  2.22589e+08
38  20  2.18639e+08
38  21  2.26054e+08
38  22  2.28537e+08
38  23  1.82202e+08
38  24  1.98375e+08
38  25  1.9282e+08
38  26  1.68923e+08
38  27  1.79633e+08
38  28  1.86864e+08
38  29  1.62211e+08
38  30  2.41014e+08
38  31  2.73068e+08
38  32  2.61636e+08
38  33  2.3368e+08
38  34  2.53111e+08
38  35  2.42318e+08
38  36  2.78965e+08
38  37  3.10741e+08
38  38  2.80706e+08
38  39  2.60542e+08
38  40  2.33882e+08
38  41  1.8326e+08
38  42  1.77887e+08
38  43  1.8014e+08
38  44  1.82887e+08
38  45  1.70538e+08
38  46  1.59081e+08
38  47  1.55502e+08
38  48  1.74516e+08
38  49  1.50529e+08
38  50  1.70337e+08
38  51  1.81831e+08
38  52  1.9195e+08
38  53  2.05233e+08
38  54  2.21957e+08
38  55  1.80244e+08
39  0  5.7801e+07
39  1  9.92727e+07
39  2  1.00558e+08
39  3  1.16827e+08
39  4  1.69549e+08
39  5  1.78638e+08
39  6  2.19602e+08
39  7  2.05021e+08
39  8  1.82128e+08
39  9  2.26141e+08
39  10  2.21617e+08
39  11  2.38407e+08
39  12  2.84075e+08
39  13  3.28936e+08
39  14  3.22229e+08
39  15  2.86324e+08
39  16  2.35078e+08
39  17  2.16029e+08
39  18  2.1696e+08
39  19  2.35776e+08
39  20  2.08834e+08
39  21  1.99926e+08
39  22  2.04624e+08
39  23  1.85294e+08
39  24  1.889e+08
39  25  1.98287e+08
39  26  1.95074e+08
39  27  2.00194e+08
39  28  1.77306e+08
39  29  1.68999e+08
39  30  2.05346e+08
39  31  2.49878e+08
39  32  2.29816e+08
39  33  2.00244e+08
39  34  2.23471e+08
39  35  2.48825e+08
39  36  2.86672e+08
39  37  3.18384e+08
39  38  2.69292e+08
39  39  2.60585e+08
39  40  2.39883e+08
39  41  1.91905e+08
39  42  1.84127e+08
39  43  2.16797e+08
39  44  1.90288e+08
39  45  1.56781e+08
39  46  1.53178e+08
39  47  1.62474e+08
39  48  1.4187e+08
39  49  1.312e+08
39  50  1.62096e+08
39  51  1.71681e+08
39  52  2.10133e+08
39  53  1.96465e+08
39  54  1.99455e+08
39  55  1.99023e+08
40  0  5.73614e+07
40  1  6.94103e+07
40  2  8.85909e+07
40  3  1.29426e+08
40  4  1.61405e+08
40  5  1.92567e+08
40  6  1.77515e+08
40  7  1.89958e+08
40  8  2.25042e+08
40  9  2.25554e+08
40  10  2.1331e+08
40  11  2.55465e+08
40  12  2.4451e+08
40  13  3.17182e+08
40  14  3.05479e+08
40  15  2.59175e+08
40  16  2.36181e+08
40  17  1.83162e+08
40  18  2.27202e+08
40  19  2.06193e+08
40  20  2.1276e+08
40  21  2.19646e+08
40  22  2.05041e+08
40  23  2.10113e+08
40  24  1.72484e+08
40  25  2.01039e+08
40  26  1.81546e+08
40  27  1.88218e+08
40  28  1.69282e+08
40  29  1.84222e+08
40  30  2.07539e+08
40  31  2.08579e+08
40  32  2.06216e+08
40  33  1.88586e+08
40  34  2.3119e+08
40  35  2.18653e+08
40  36  2.80847e+08
40  37  2.91233e+08
40  38  2.74243e+08
40  39  2.58103e+08
40  40  2.80384e+08
40  41  2.12129e+08
40  42  1.83211e+08
40  43  2.1997e+08
40  44  2.05586e+08
40  45  2.26419e+08
40  46  1.89377e+08
40  47  1.59394e+08
40  48  1.63332e+08
40  49  1.43039e+08
40  50  1.44782e+08
40  51  1.90135e+08
40  52  1.8815e+08
40  53  2.15096e+08
40  54  2.00137e+08
40  55  2.1267e+08
41  0  4.91028e+07
41  1  6.41793e+07
41  2  8.24157e+07
41  3  1.09672e+08
41  4  1.30491e+08
41  5  1.84297e+08
41  6  1.87379e+08
41  7  1.99117e+08
41  8  2.34692e+08
41  9  2.38138e+08
41  10  2.13982e+08
41  11  2.25569e+08
41  12  2.67497e+08
41  13  2.85236e+08
41  14  2.9065e+08
41  15  2.57924e+08
41  16  2.09287e+08
41  17  2.04775e+08
41  18  2.02412e+08
41  19  2.05913e+08
41  20  2.05114e+08
41  21  1.77189e+08
41  22  1.98719e+08
41  23  1.71407e+08
41  24  1.85969e+08
41  25  1.81269e+08
41  26  2.12282e+08
41  27  1.86745e+08
41  28  1.87518e+08
41  29  1.64208e+08
41  30  1.72894e+08
41  31  2.08676e+08
41  32  1.96116e+08
41  33  2.00609e+08
41  34  1.94105e+08
41  35  2.06169e+08
41  36  2.75456e+08
41  37  2.59866e+08
41  38  2.34171e+08
41  39  2.54357e+08
41  40  2.19843e+08
41  41  2.02124e+08
41  42  1.98873e+08
41  43  2.16135e+08
41  44  2.21855e+08
41  45  2.46905e+08
41  46  2.14124e+08
41  47  1.74462e+08
41  48  1.52479e+08
41  49  1.34058e+08
41  50  1.67894e+08
41  51  1.68734e+08
41  52  2.07389e+08
41  53  2.07463e+08
41  54  2.40455e+08
41  55  1.94181e+08
42  0  4.69912e+07
42  1  6.28658e+07
42  2  8.21345e+07
42  3  9.91013e+07
42  4  1.26177e+08
42  5  1.59533e+08
42  6  1.84291e+08
42  7  2.02428e+08
42  8  2.19109e+08
42  9  2.4899e+08
42  10  2.58844e+08
42  11  2.41936e+08
42  12  2.61024e+08
42  13  2.79035e+08
42  14  2.51107e+08
42  15  2.39729e+08
42  16  2.03835e+08
42  17  1.881e+08
42  18  2.00811e+08
42  19  1.93808e+08
42  20  1.86275e+08
42  21  1.85367e+08
42  22  2.02509e+08
42  23  1.77295e+08
42  24  1.63086e+08
42  25  1.89889e+08
42  26  1.8531e+08
42  27  1.82275e+08
42  28  1.66531e+08
42  29  1.58052e+08
42  30  1.7538e+08
42  31  2.0943e+08
42  32  1.7698e+08
42  33  1.68593e+08
42  34  1.80572e+08
42  35  2.05537e+08
42  36  2.4024e+08
42  37  2.55921e+08
42  38  2.19571e+08
42  39  2.17531e+08
42  40  2.21161e+08
42  41  1.87861e+08
42  42  1.83037e+08
42  43  1.94957e+08
42  44  2.37459e+08
42  45  2.32674e+08
42  46  2.09339e+08
42  47  2.01435e+08
42  48  1.75936e+08
42  49  1.36019e+08
42  50  1.48604e+08
42  51  1.69881e+08
42  52  1.91578e+08
42  53  2.33184e+08
42  54  2.46884e+08
42  55  2.28571e+08
43  0  4.95133e+07
43  1  5.96833e+07
43  2  7.21577e+07
43  3  8.48676e+07
43  4  1.14308e+08
43  5  1.56216e+08
43  6  1.9355e+08
43  7  2.07293e+08
43  8  2.00023e+08
43  9  2.05969e+08
43  10  2.11462e+08
43  11  2.46914e+08
43  12  2.59215e+08
43  13  2.53911e+08
43  14  2.50827e+08
43  15  2.32007e+08
43  16  2.30748e+08
43  17  2.26817e+08
43  18  2.17956e+08
43  19  1.92529e+08
43  20  1.98245e+08
43  21  2.0301e+08
43  22  1.97613e+08
43  23  1.81293e+08
43  24  1.52907e+08
43  25  1.94779e+08
43  26  1.9393e+08
43  27  1.74475e+08
43  28  1.66936e+08
43  29  1.70499e+08
43  30  1.65037e+08
43  31  1.59201e+08
43  32  1.63398e+08
43  33  1.71252e+08
43  34  2.00268e+08
43  35  1.94404e+08
43  36  2.18923e+08
43  37  2.3142e+08
43  38  2.14113e+08
43  39  1.92516e+08
43  40  1.6615e+08
43  41  1.87076e+08
43  42  1.68546e+08
43  43  2.20568e+08
43  44  2.32839e+08
43  45  2.33793e+08
43  46  2.28492e+08
43  47  2.10299e+08
43  48  1.85118e+08
43  49  1.55401e+08
43  50  1.40008e+08
43  51  1.56628e+08
43  52  1.98084e+08
43  53  2.16495e+08
43  54  2.39896e+08
43  55  2.09163e+08
44  0  4.02796e+07
44  1  5.14522e+07
44  2  5.7954e+07
44  3  7.73596e+07
44  4  1.01224e+08
44  5  1.56218e+08
44  6  1.82193e+08
44  7  1.76961e+08
44  8  1.9438e+08
44  9  2.19028e+08
44  10  2.29252e+08
44  11  2.51485e+08
44  12  2.40473e+08
44  13  2.55065e+08
44  14  2.3956e+08
44  15  2.57372e+08
44  16  2.12882e+08
44  17  1.99257e+08
44  18  2.00445e+08
44  19  2.0093e+08
44  20  1.87087e+08
44  21  1.93589e+08
44  22  1.86151e+08
44  23  1.76581e+08
44  24  1.7226e+08
44  25  2.08789e+08
44  26  1.84723e+08
44  27  1.68866e+08
44  28  1.73725e+08
44  29  2.0302e+08
44  30  1.88897e+08
44  31  1.70586e+08
44  32  1.67006e+08
44  33  1.84606e+08
44  34  1.89874e+08
44  35  1.78731e+08
44  36  1.90022e+08
44  37  2.38476e+08
44  38  1.72856e+08
44  39  1.76802e+08
44  40  1.69616e+08
44  41  1.89459e+08
44  42  1.65731e+08
44  43  2.08119e+08
44  44  2.49855e+08
44  45  2.25023e+08
44  46  2.21015e+08
44  47  2.6599e+08
44  48  1.98512e+08
44  49  1.6375e+08
44  50  1.52365e+08
44  51  1.70898e+08
44  52  2.08738e+08
44  53  2.44825e+08
44  54  2.54985e+08
44  55  1.99756e+08
45  0  2.52919e+07
45  1  4.80592e+07
45  2  5.56038e+07
45  3  8.55982e+07
45  4  1.11088e+08
45  5  1.51971e+08
45  6  1.78593e+08
45  7  1.91409e+08
45  8  1.96472e+08
45  9  2.21462e+08
45  10  2.15297e+08
45  11  2.2978e+08
45  12  2.30621e+08
45  13  2.33973e+08
45  14  2.61426e+08
45  15  2.13652e+08
45  16  2.10387e+08
45  17  2.28903e+08
45  18  1.95839e+08
45  19  2.17626e+08
45  20  1.9605e+08
45  21  2.12043e+08
45  22  2.17678e+08
45  23  1.55568e+08
45  24  1.63056e+08
45  25  1.95867e+08
45  26  2.08127e+08
45  27  1.99819e+08
45  28  1.77494e+08
45  29  1.8415e+08
45  30  1.73468e+08
45  31  1.66401e+08
45  32  1.51729e+08
45  33  1.53975e+08
45  34  1.69176e+08
45  35  1.70514e+08
45  36  2.03134e+08
45  37  2.06276e+08
45  38  1.56073e+08
45  39  1.72725e+08
45  40  1.54697e+08
45  41  1.78221e+08
45  42  1.86377e+08
45  43  2.49191e+08
45  44  2.44844e+08
45  45  2.52851e+08
45  46  2.56943e+08
45  47  2.58801e+08
45  48  2.40309e+08
45  49  1.8435e+08
45  50  1.60503e+08
45  51  1.6538e+08
45  52  2.01005e+08
45  53  2.63106e+08
45  54  2.3938e+08
45  55  2.20035e+08
46  0  4.3049e+07
46  1  4.78578e+07
46  2  5.33005e+07
46  3  6.97177e+07
46  4  1.02202e+08
46  5  1.36027e+08
46  6  1.68537e+08
46  7  1.89898e+08
46  8  1.87021e+08
46  9  2.1494e+08
46  10  2.3016e+08
46  11  2.34211e+08
46  12  2.30287e+08
46  13  2.58634e+08
46  14  2.4397e+08
46  15  2.52133e+08
46  16  2.03059e+08
46  17  2.18008e+08
46  18  2.03355e+08
46  19  1.90261e+08
46  20  2.08066e+08
46  21  2.05068e+08
46  22  1.85555e+08
46  23  1.81393e+08
46  24  1.67658e+08
46  25  1.97846e+08
46  26  1.95019e+08
46  27  2.00758e+08
46  28  1.94017e+08
46  29  1.83577e+08
46  30  1.89531e+08
46  31  1.5193e+08
46  32  1.62293e+08
46  33  1.37772e+08
46  34  1.94142e+08
46  35  1.83217e+08
46  36  1.98793e+08
46  37  2.19643e+08
46  38  1.43665e+08
46  39  1.43638e+08
46  40  1.72625e+08
46  41  1.75224e+08
46  42  2.05013e+08
46  43  1.97499e+08
46  44  2.34452e+08
46  45  2.62678e+08
46  46  2.36982e+08
46  47  2.58863e+08
46  48  2.64955e+08
46  49  1.68657e+08
46  50  1.59796e+08
46  51  1.73588e+08
46  52  2.03899e+08
46  53  2.85365e+08
46  54  2.56251e+08
46  55  2.09529e+08
47  0  3.60281e+07
47  1  4.15327e+07
47  2  6.83429e+07
47  3  7.20989e+07
47  4  1.11152e+08
47  5  1.75252e+08
47  6  2.06021e+08
47  7  1.91667e+08
47  8  1.93249e+08
47  9  2.41535e+08
47  10  2.3845e+08
47  11  2.55213e+08
47  12  2.31567e+08
47  13  2.37086e+08
47  14  2.32384e+08
47  15  2.33942e+08
47  16  2.43465e+08
47  17  2.19899e+08
47  18  2.1467e+08
47  19  2.14281e+08
47  20  1.86421e+08
47  21  2.04925e+08
47  22  2.3358e+08
47  23  1.66892e+08
47  24  1.58033e+08
47  25  1.95339e+08
47  26  1.93099e+08
47  27  2.13462e+08
47  28  1.73022e+08
47  29  1.7962e+08
47  30  1.77004e+08
47  31  1.54935e+08
47  32  1.61139e+08
47  33  1.64763e+08
47  34  1.67319e+08
47  35  1.72571e+08
47  36  2.10381e+08
47  37  2.10875e+08
47  38  1.51759e+08
47  39  1.36044e+08
47  40  1.57924e+08
47  41  1.83626e+08
47  42  2.23986e+08
47  43  2.51618e+08
47  44  2.24244e+08
47  45  2.57853e+08
47  46  2.43002e+08
47  47  2.63216e+08
47  48  2.46225e+08
47  49  2.1707e+08
47  50  1.79206e+08
47  51  1.79231e+08
47  52  2.21687e+08
47  53  2.53188e+08
47  54  2.69669e+08
47  55  2.05983e+08
48  0  2.84584e+07
48  1  4.9512e+07
48  2  5.21704e+07
48  3  7.98611e+07
48  4  1.15879e+08
48  5  1.89233e+08
48  6  2.06396e+08
48  7  2.13478e+08
48  8  2.35188e+08
48  9  2.10494e+08
48  10  2.29051e+08
48  11  2.51667e+08
48  12  2.35111e+08
48  13  2.57299e+08
48  14  2.72845e+08
48  15  2.49288e+08
48  16  2.50529e+08
48  17  2.31679e+08
48  18  2.05691e+08
48  19  2.17719e+08
48  20  1.84906e+08
48  21  1.90161e+08
48  22  1.75185e+08
48  23  1.92788e+08
48  24  1.74674e+08
48  25  2.13778e+08
48  26  1.96538e+08
48  27  1.95687e+08
48  28  1.95615e+08
48  29  1.99751e+08
48  30  1.74948e+08
48  31  1.83663e+08
48  32  1.60739e+08
48  33  1.63021e+08
48  34  1.82672e+08
48  35  1.80972e+08
48  36  2.0387e+08
48  37  1.92912e+08
48  38  1.65406e+08
48  39  1.45706e+08
48  40  1.50149e+08
48  41  1.71471e+08
48  42  2.12747e+08
48  43  2.37746e+08
48  44  2.30972e+08
48  45  2.18761e+08
48  46  2.02766e+08
48  47  2.39496e+08
48  48  2.25119e+08
48  49  1.76546e+08
48  50  1.95002e+08
48  51  1.96051e+08
48  52  2.31605e+08
48  53  2.81705e+08
48  54  2.94757e+08
48  55  2.59024e+08
49  0  4.14911e+07
49  1  4.33367e+07
49  2  6.28773e+07
49  3  8.98444e+07
49  4  1.2314e+08
49  5  1.87276e+08
49  6  2.07719e+08
49  7  2.2748e+08
49  8  2.32997e+08
49  9  2.20364e+08
49  10  2.60512e+08
49  11  2.37915e+08
49  12  2.21018e+08
49  13  2.47597e+08
49  14  2.11873e+08
49  15  2.23011e+08
49  16  2.33206e+08
49  17  2.27066e+08
49  18  2.28743e+08
49  19  2.17541e+08
49  20  2.09266e+08
49  21  2.17518e+08
49  22  2.01868e+08
49  23  1.68168e+08
49  24  2.15286e+08
49  25  1.99015e+08
49  26  1.96274e+08
49  27  2.26771e+08
49  28  2.10997e+08
49  29  2.16333e+08
49  30  1.94635e+08
49  31  1.60391e+08
49  32  1.64359e+08
49  33  1.65672e+08
49  34  1.9387e+08
49  35  1.61357e+08
49  36  2.14599e+08
49  37  1.91806e+08
49  38  1.52677e+08
49  39  1.60509e+08
49  40  1.44535e+08
49  41  1.77746e+08
49  42  1.94348e+08
49  43  2.27046e+08
49  44  2.1814e+08
49  45  2.6494e+08
49  46  2.16859e+08
49  47  2.4591e+08
49  48  2.00456e+08
49  49  1.81449e+08
49  50  2.00972e+08
49  51  2.02991e+08
49  52  2.26453e+08
49  53  2.66927e+08
49  54  2.79589e+08
49  55  2.23554e+08
50  0  4.22324e+07
50  1  4.94298e+07
50  2  6.90181e+07
50  3  8.05851e+07
50  4  1.46857e+08
50  5  2.18056e+08
50  6  2.2743e+08
50  7  2.49544e+08
50  8  2.35353e+08
50  9  2.6029e+08
50  10  2.40309e+08
50  11  2.18515e+08
50  12  2.56739e+08
50  13  2.24439e+08
50  14  2.60566e+08
50  15  2.55267e+08
50  16  2.33721e+08
50  17  2.28827e+08
50  18  2.29033e+08
50  19  2.36961e+08
50  20  2.1797e+08
50  21  2.01743e+08
50  22  1.9657e+08
50  23  1.85492e+08
50  24  1.83724e+08
50  25  1.92987e+08
50  26  2.00921e+08
50  27  2.36966e+08
50  28  1.99245e+08
50  29  2.00821e+08
50  30  2.09162e+08
50  31  2.1763e+08
50  32  1.81088e+08
50  33  1.57479e+08
50  34  2.0063e+08
50  35  1.90384e+08
50  36  2.22671e+08
50  37  1.73114e+08
50  38  1.41465e+08
50  39  1.722e+08
50  40  1.66876e+08
50  41  1.74073e+08
50  42  1.91487e+08
50  43  1.96835e+08
50  44  1.8066e+08
50  45  2.4894e+08
50  46  2.06498e+08
50  47  2.27325e+08
50  48  2.4109e+08
50  49  1.93178e+08
50  50  2.30846e+08
50  51  1.81978e+08
50  52  2.155e+08
50  53  2.6443e+08
50  54  3.06878e+08
50  55  2.39443e+08

