row  column  (images_19_742.edf Fe-K*images_19_742.edf Ar-K**2.3)
0  0  3.69797e+07
0  1  5.27412e+07
0  2  1.4125e+08
0  3  6.3405e+07
0  4  5.27856e+07
0  5  9.06882e+07
0  6  6.11298e+07
0  7  7.74608e+07
0  8  5.25125e+07
0  9  6.49631e+07
0  10  6.24348e+07
0  11  6.10289e+07
0  12  5.25165e+07
0  13  6.60268e+07
0  14  5.4389e+07
0  15  5.31822e+07
0  16  6.60901e+07
0  17  7.79557e+07
0  18  6.1862e+07
0  19  7.04632e+07
0  20  4.66926e+07
0  21  3.94743e+07
0  22  5.16506e+07
0  23  3.41743e+07
0  24  4.45651e+07
0  25  3.98744e+07
0  26  4.06754e+07
0  27  5.52257e+07
0  28  3.54119e+07
0  29  3.81509e+07
0  30  4.75648e+07
0  31  5.44285e+07
0  32  4.79687e+07
0  33  3.62687e+07
0  34  3.94804e+07
0  35  4.34862e+07
0  36  5.05447e+07
0  37  4.26825e+07
0  38  4.96633e+07
0  39  3.82959e+07
0  40  6.70931e+07
0  41  6.11099e+07
0  42  6.49362e+07
0  43  1.05406e+08
0  44  1.05524e+08
0  45  9.09511e+07
0  46  7.83286e+07
0  47  7.5357e+07
0  48  9.79084e+07
0  49  9.06937e+07
0  50  5.86231e+07
0  51  6.74209e+07
0  52  6.89089e+07
0  53  8.31329e+07
0  54  7.89298e+07
0  55  7.86715e+07
1  0  5.01457e+07
1  1  7.74803e+07
1  2  1.09239e+08
1  3  5.72917e+07
1  4  7.64516e+07
1  5  8.55436e+07
1  6  6.35618e+07
1  7  4.98904e+07
1  8  5.26163e+07
1  9  7.78047e+07
1  10  6.52845e+07
1  11  5.83054e+07
1  12  4.43175e+07
1  13  6.38502e+07
1  14  4.77714e+07
1  15  4.7212e+07
1  16  7.22778e+07
1  17  7.89337e+07
1  18  6.04735e+07
1  19  4.63788e+07
1  20  3.7168e+07
1  21  3.82731e+07
1  22  4.28867e+07
1  23  3.72108e+07
1  24  3.36439e+07
1  25  4.42314e+07
1  26  5.44247e+07
1  27  5.2361e+07
1  28  4.71144e+07
1  29  5.37329e+07
1  30  6.06817e+07
1  31  4.82817e+07
1  32  5.04473e+07
1  33  4.73392e+07
1  34  4.98677e+07
1  35  4.20516e+07
1  36  4.69428e+07
1  37  4.06451e+07
1  38  4.96711e+07
1  39  5.26644e+07
1  40  6.60148e+07
1  41  6.73724e+07
1  42  7.1126e+07
1  43  1.2979e+08
1  44  9.56655e+07
1  45  8.14022e+07
1  46  8.48448e+07
1  47  8.82427e+07
1  48  9.05343e+07
1  49  7.59742e+07
1  50  6.12106e+07
1  51  4.81353e+07
1  52  7.06601e+07
1  53  7.46517e+07
1  54  8.01151e+07
1  55  7.06605e+07
2  0  4.45221e+07
2  1  7.51399e+07
2  2  1.08631e+08
2  3  6.65984e+07
2  4  6.45175e+07
2  5  9.96038e+07
2  6  7.60725e+07
2  7  5.64766e+07
2  8  5.92294e+07
2  9  6.73333e+07
2  10  7.26117e+07
2  11  5.39899e+07
2  12  5.45259e+07
2  13  5.2528e+07
2  14  4.81937e+07
2  15  5.39981e+07
2  16  6.37546e+07
2  17  6.86153e+07
2  18  5.45699e+07
2  19  4.60401e+07
2  20  3.95801e+07
2  21  3.95153e+07
2  22  4.15629e+07
2  23  3.89674e+07
2  24  3.74392e+07
2  25  3.90224e+07
2  26  3.75123e+07
2  27  5.39409e+07
2  28  4.13045e+07
2  29  5.36401e+07
2  30  5.86406e+07
2  31  4.86369e+07
2  32  3.64904e+07
2  33  3.77105e+07
2  34  3.87616e+07
2  35  5.32616e+07
2  36  3.86903e+07
2  37  4.67476e+07
2  38  5.68641e+07
2  39  4.4741e+07
2  40  5.40597e+07
2  41  6.17433e+07
2  42  6.78134e+07
2  43  1.2459e+08
2  44  9.02628e+07
2  45  8.82349e+07
2  46  1.01662e+08
2  47  8.64492e+07
2  48  9.17754e+07
2  49  6.79822e+07
2  50  6.94816e+07
2  51  5.59094e+07
2  52  6.21836e+07
2  53  6.32225e+07
2  54  6.1229e+07
2  55  6.44187e+07
3  0  5.6066e+07
3  1  5.21955e+07
3  2  9.06011e+07
3  3  6.67584e+07
3  4  8.29445e+07
3  5  1.34897e+08
3  6  6.10996e+07
3  7  6.10056e+07
3  8  6.0534e+07
3  9  6.84534e+07
3  10  6.0636e+07
3  11  4.7922e+07
3  12  5.02171e+07
3  13  5.11925e+07
3  14  4.88662e+07
3  15  5.22003e+07
3  16  6.2113e+07
3  17  6.16572e+07
3  18  4.88126e+07
3  19  3.78666e+07
3  20  3.50316e+07
3  21  4.96274e+07
3  22  4.03313e+07
3  23  4.17084e+07
3  24  3.59442e+07
3  25  3.99303e+07
3  26  5.5739e+07
3  27  6.51604e+07
3  28  4.87303e+07
3  29  4.47861e+07
3  30  7.94786e+07
3  31  5.14014e+07
3  32  3.776e+07
3  33  5.12313e+07
3  34  4.38024e+07
3  35  4.01745e+07
3  36  3.58593e+07
3  37  4.43259e+07
3  38  4.47536e+07
3  39  4.54845e+07
3  40  6.0983e+07
3  41  6.10783e+07
3  42  9.51385e+07
3  43  1.6328e+08
3  44  9.35483e+07
3  45  8.16725e+07
3  46  9.1442e+07
3  47  8.15385e+07
3  48  9.39019e+07
3  49  7.18122e+07
3  50  6.48538e+07
3  51  7.49438e+07
3  52  6.50453e+07
3  53  6.10454e+07
3  54  6.48178e+07
3  55  6.09189e+07
4  0  3.90872e+07
4  1  5.80667e+07
4  2  9.0429e+07
4  3  6.6316e+07
4  4  7.99695e+07
4  5  1.68269e+08
4  6  6.90915e+07
4  7  7.05793e+07
4  8  7.02442e+07
4  9  7.62669e+07
4  10  6.69709e+07
4  11  4.16108e+07
4  12  5.53312e+07
4  13  4.0325e+07
4  14  6.09089e+07
4  15  5.40454e+07
4  16  4.81493e+07
4  17  5.09435e+07
4  18  4.78084e+07
4  19  4.17967e+07
4  20  4.04607e+07
4  21  4.69415e+07
4  22  3.16043e+07
4  23  4.00397e+07
4  24  3.55206e+07
4  25  3.67384e+07
4  26  4.26227e+07
4  27  5.11748e+07
4  28  4.93091e+07
4  29  5.05358e+07
4  30  6.25089e+07
4  31  4.71488e+07
4  32  5.35006e+07
4  33  5.2008e+07
4  34  3.77309e+07
4  35  4.52099e+07
4  36  3.73515e+07
4  37  5.62442e+07
4  38  4.87055e+07
4  39  4.41193e+07
4  40  4.57981e+07
4  41  6.90519e+07
4  42  7.20526e+07
4  43  2.20276e+08
4  44  8.48856e+07
4  45  8.34251e+07
4  46  8.94616e+07
4  47  7.6628e+07
4  48  9.46952e+07
4  49  7.25596e+07
4  50  6.43542e+07
4  51  6.58888e+07
4  52  6.1669e+07
4  53  6.07814e+07
4  54  5.35158e+07
4  55  5.74517e+07
5  0  3.91059e+07
5  1  5.29699e+07
5  2  7.68348e+07
5  3  7.40191e+07
5  4  9.26391e+07
5  5  1.32361e+08
5  6  6.9345e+07
5  7  5.65913e+07
5  8  6.07883e+07
5  9  7.06274e+07
5  10  5.4025e+07
5  11  4.36126e+07
5  12  5.02837e+07
5  13  4.25218e+07
5  14  5.38115e+07
5  15  5.94679e+07
5  16  4.33079e+07
5  17  4.47817e+07
5  18  3.91516e+07
5  19  4.40828e+07
5  20  4.49248e+07
5  21  4.94884e+07
5  22  3.80985e+07
5  23  3.72013e+07
5  24  3.79509e+07
5  25  3.34907e+07
5  26  3.87286e+07
5  27  4.66297e+07
5  28  4.8995e+07
5  29  3.69815e+07
5  30  5.5062e+07
5  31  5.20389e+07
5  32  4.426e+07
5  33  4.92265e+07
5  34  5.02936e+07
5  35  3.78049e+07
5  36  4.06164e+07
5  37  5.68228e+07
5  38  5.27657e+07
5  39  4.07547e+07
5  40  5.9412e+07
5  41  7.07024e+07
5  42  7.50992e+07
5  43  2.57783e+08
5  44  1.04888e+08
5  45  7.92401e+07
5  46  9.67156e+07
5  47  1.04269e+08
5  48  8.7736e+07
5  49  8.08143e+07
5  50  6.84036e+07
5  51  5.97214e+07
5  52  4.54209e+07
5  53  6.55675e+07
5  54  6.0655e+07
5  55  6.00748e+07
6  0  4.30032e+07
6  1  5.49424e+07
6  2  6.75403e+07
6  3  6.51343e+07
6  4  8.06092e+07
6  5  1.10461e+08
6  6  6.46038e+07
6  7  5.05035e+07
6  8  5.91642e+07
6  9  6.42227e+07
6  10  4.97571e+07
6  11  4.82203e+07
6  12  4.54665e+07
6  13  4.2925e+07
6  14  5.97823e+07
6  15  7.42672e+07
6  16  6.57456e+07
6  17  5.27214e+07
6  18  5.1957e+07
6  19  3.70697e+07
6  20  3.95113e+07
6  21  4.24091e+07
6  22  3.61138e+07
6  23  4.61679e+07
6  24  4.25181e+07
6  25  3.34468e+07
6  26  3.97393e+07
6  27  4.60782e+07
6  28  3.99975e+07
6  29  3.75004e+07
6  30  4.73578e+07
6  31  4.86495e+07
6  32  4.73641e+07
6  33  4.49921e+07
6  34  4.61208e+07
6  35  3.52888e+07
6  36  4.80543e+07
6  37  5.14632e+07
6  38  5.50964e+07
6  39  5.77153e+07
6  40  5.5044e+07
6  41  7.69537e+07
6  42  8.27385e+07
6  43  3.04684e+08
6  44  9.28762e+07
6  45  8.45607e+07
6  46  9.55568e+07
6  47  7.9652e+07
6  48  8.82657e+07
6  49  6.47049e+07
6  50  6.46678e+07
6  51  7.95829e+07
6  52  5.8194e+07
6  53  6.70361e+07
6  54  7.24705e+07
6  55  6.34355e+07
7  0  3.44543e+07
7  1  5.37186e+07
7  2  5.61523e+07
7  3  7.48321e+07
7  4  7.25473e+07
7  5  1.08313e+08
7  6  5.44934e+07
7  7  5.89892e+07
7  8  5.82648e+07
7  9  6.28976e+07
7  10  4.86034e+07
7  11  3.84432e+07
7  12  4.51552e+07
7  13  4.70973e+07
7  14  5.54081e+07
7  15  8.38373e+07
7  16  5.48243e+07
7  17  4.56004e+07
7  18  4.58316e+07
7  19  4.3662e+07
7  20  3.76112e+07
7  21  3.88913e+07
7  22  4.28776e+07
7  23  3.71812e+07
7  24  3.56971e+07
7  25  3.19866e+07
7  26  3.76076e+07
7  27  4.16938e+07
7  28  7.53438e+07
7  29  5.45844e+07
7  30  4.37451e+07
7  31  5.30994e+07
7  32  4.40122e+07
7  33  5.73573e+07
7  34  4.92275e+07
7  35  4.17254e+07
7  36  5.18447e+07
7  37  5.16215e+07
7  38  6.40688e+07
7  39  5.21816e+07
7  40  6.76834e+07
7  41  8.46343e+07
7  42  1.02018e+08
7  43  4.97381e+08
7  44  1.0303e+08
7  45  1.11629e+08
7  46  8.94094e+07
7  47  6.90652e+07
7  48  8.8248e+07
7  49  5.64229e+07
7  50  7.16605e+07
7  51  6.56042e+07
7  52  5.18101e+07
7  53  6.19878e+07
7  54  5.59028e+07
7  55  5.30402e+07
8  0  4.30355e+07
8  1  5.34831e+07
8  2  5.96844e+07
8  3  6.29753e+07
8  4  7.35731e+07
8  5  7.38551e+07
8  6  6.37001e+07
8  7  5.17256e+07
8  8  5.38595e+07
8  9  5.66387e+07
8  10  4.14241e+07
8  11  3.3372e+07
8  12  4.90421e+07
8  13  4.09881e+07
8  14  6.89538e+07
8  15  8.43161e+07
8  16  6.30882e+07
8  17  4.4911e+07
8  18  3.62513e+07
8  19  4.21592e+07
8  20  3.23336e+07
8  21  3.99408e+07
8  22  4.35694e+07
8  23  3.87718e+07
8  24  3.09431e+07
8  25  3.72362e+07
8  26  4.59047e+07
8  27  4.23332e+07
8  28  4.04262e+07
8  29  4.8069e+07
8  30  4.51683e+07
8  31  4.88034e+07
8  32  5.54129e+07
8  33  6.04696e+07
8  34  4.32529e+07
8  35  4.67661e+07
8  36  3.58296e+07
8  37  5.33014e+07
8  38  4.9971e+07
8  39  4.69259e+07
8  40  6.08532e+07
8  41  7.79275e+07
8  42  7.11645e+07
8  43  2.5096e+08
8  44  1.23261e+08
8  45  8.8986e+07
8  46  1.06322e+08
8  47  8.30794e+07
8  48  7.64016e+07
8  49  8.02039e+07
8  50  6.9836e+07
8  51  9.28317e+07
8  52  6.57574e+07
8  53  4.84787e+07
8  54  5.89196e+07
8  55  6.25208e+07
9  0  5.01271e+07
9  1  6.62157e+07
9  2  6.70469e+07
9  3  6.35576e+07
9  4  6.70261e+07
9  5  7.47938e+07
9  6  5.61741e+07
9  7  4.05102e+07
9  8  4.85477e+07
9  9  4.5928e+07
9  10  3.80612e+07
9  11  3.09847e+07
9  12  5.24602e+07
9  13  4.08922e+07
9  14  7.42612e+07
9  15  8.95188e+07
9  16  5.28526e+07
9  17  5.0915e+07
9  18  3.63514e+07
9  19  4.8643e+07
9  20  3.50749e+07
9  21  3.75982e+07
9  22  3.54218e+07
9  23  4.12473e+07
9  24  3.90516e+07
9  25  3.81702e+07
9  26  4.89578e+07
9  27  3.87221e+07
9  28  6.13249e+07
9  29  4.29574e+07
9  30  5.50151e+07
9  31  4.64943e+07
9  32  4.50968e+07
9  33  5.11532e+07
9  34  3.83693e+07
9  35  3.80806e+07
9  36  3.88345e+07
9  37  5.04775e+07
9  38  4.99634e+07
9  39  5.1468e+07
9  40  5.63719e+07
9  41  8.01476e+07
9  42  8.10624e+07
9  43  1.82603e+08
9  44  9.56305e+07
9  45  9.45417e+07
9  46  9.47296e+07
9  47  8.51384e+07
9  48  7.99893e+07
9  49  6.88969e+07
9  50  6.89135e+07
9  51  8.0115e+07
9  52  6.61784e+07
9  53  6.09245e+07
9  54  5.37504e+07
9  55  5.34299e+07
10  0  4.41341e+07
10  1  5.2124e+07
10  2  6.05874e+07
10  3  6.47743e+07
10  4  6.99295e+07
10  5  7.27248e+07
10  6  5.01635e+07
10  7  4.72463e+07
10  8  4.92639e+07
10  9  4.74568e+07
10  10  4.79137e+07
10  11  4.16892e+07
10  12  3.81746e+07
10  13  5.00491e+07
10  14  7.43375e+07
10  15  1.32842e+08
10  16  4.54692e+07
10  17  4.64025e+07
10  18  4.96751e+07
10  19  4.66842e+07
10  20  4.30966e+07
10  21  4.88274e+07
10  22  4.15629e+07
10  23  3.07733e+07
10  24  3.35836e+07
10  25  4.2929e+07
10  26  4.60409e+07
10  27  3.74689e+07
10  28  4.76127e+07
10  29  3.77924e+07
10  30  4.66882e+07
10  31  5.07776e+07
10  32  4.90617e+07
10  33  4.6633e+07
10  34  3.99739e+07
10  35  4.81688e+07
10  36  4.48644e+07
10  37  4.77256e+07
10  38  4.51605e+07
10  39  5.36356e+07
10  40  5.62728e+07
10  41  6.34333e+07
10  42  8.19662e+07
10  43  1.51764e+08
10  44  8.05302e+07
10  45  9.52339e+07
10  46  9.67587e+07
10  47  8.15681e+07
10  48  8.52977e+07
10  49  5.95916e+07
10  50  7.4251e+07
10  51  8.16258e+07
10  52  6.87599e+07
10  53  5.2059e+07
10  54  5.89172e+07
10  55  5.76748e+07
11  0  4.71156e+07
11  1  6.5555e+07
11  2  6.44327e+07
11  3  5.62329e+07
11  4  5.19319e+07
11  5  6.26365e+07
11  6  4.8712e+07
11  7  5.03405e+07
11  8  4.18517e+07
11  9  5.02432e+07
11  10  4.64921e+07
11  11  3.96542e+07
11  12  4.57778e+07
11  13  4.56076e+07
11  14  7.62991e+07
11  15  9.28335e+07
11  16  5.17561e+07
11  17  4.73742e+07
11  18  4.61208e+07
11  19  4.02548e+07
11  20  5.10411e+07
11  21  4.35049e+07
11  22  3.17864e+07
11  23  3.98042e+07
11  24  3.39231e+07
11  25  3.51643e+07
11  26  4.78424e+07
11  27  3.18508e+07
11  28  4.65387e+07
11  29  4.08726e+07
11  30  4.00622e+07
11  31  3.43004e+07
11  32  5.10744e+07
11  33  3.094e+07
11  34  4.41683e+07
11  35  6.40403e+07
11  36  4.75709e+07
11  37  4.93475e+07
11  38  5.58016e+07
11  39  4.58933e+07
11  40  4.46189e+07
11  41  5.35382e+07
11  42  5.85819e+07
11  43  1.19163e+08
11  44  8.30259e+07
11  45  9.37772e+07
11  46  7.38708e+07
11  47  7.6848e+07
11  48  6.55152e+07
11  49  5.97756e+07
11  50  6.22349e+07
11  51  7.96726e+07
11  52  6.56001e+07
11  53  6.1894e+07
11  54  8.26201e+07
11  55  7.17003e+07
12  0  5.26358e+07
12  1  5.88077e+07
12  2  7.51338e+07
12  3  7.1294e+07
12  4  5.53405e+07
12  5  6.66546e+07
12  6  4.93805e+07
12  7  4.77274e+07
12  8  4.57379e+07
12  9  4.47722e+07
12  10  4.25213e+07
12  11  4.52185e+07
12  12  3.73095e+07
12  13  4.51003e+07
12  14  6.32673e+07
12  15  8.68241e+07
12  16  4.7504e+07
12  17  4.44251e+07
12  18  4.70484e+07
12  19  4.47396e+07
12  20  3.79278e+07
12  21  5.14556e+07
12  22  4.06396e+07
12  23  3.68484e+07
12  24  3.10453e+07
12  25  3.46756e+07
12  26  4.75816e+07
12  27  3.58891e+07
12  28  5.04347e+07
12  29  4.46102e+07
12  30  4.00601e+07
12  31  3.6557e+07
12  32  4.70196e+07
12  33  4.35506e+07
12  34  4.53385e+07
12  35  4.76432e+07
12  36  4.85667e+07
12  37  4.35551e+07
12  38  5.44555e+07
12  39  4.89128e+07
12  40  5.28753e+07
12  41  6.16011e+07
12  42  5.89977e+07
12  43  8.04186e+07
12  44  7.89336e+07
12  45  8.18564e+07
12  46  8.84948e+07
12  47  7.83358e+07
12  48  8.04776e+07
12  49  6.76671e+07
12  50  6.45395e+07
12  51  6.39216e+07
12  52  6.65816e+07
12  53  4.88115e+07
12  54  6.81968e+07
12  55  7.1456e+07
13  0  7.00695e+07
13  1  7.76305e+07
13  2  5.65039e+07
13  3  6.32793e+07
13  4  5.6603e+07
13  5  5.24426e+07
13  6  5.15151e+07
13  7  4.4588e+07
13  8  4.94507e+07
13  9  3.81836e+07
13  10  5.21932e+07
13  11  4.20946e+07
13  12  4.15927e+07
13  13  3.86651e+07
13  14  7.09688e+07
13  15  5.13223e+07
13  16  4.15844e+07
13  17  4.15969e+07
13  18  4.47883e+07
13  19  4.99109e+07
13  20  5.62294e+07
13  21  5.46529e+07
13  22  3.18311e+07
13  23  3.37524e+07
13  24  3.63663e+07
13  25  4.04663e+07
13  26  3.52487e+07
13  27  3.73938e+07
13  28  4.5835e+07
13  29  4.43416e+07
13  30  3.51166e+07
13  31  4.48556e+07
13  32  4.39924e+07
13  33  4.66316e+07
13  34  3.80958e+07
13  35  5.35343e+07
13  36  4.63874e+07
13  37  5.00984e+07
13  38  5.74368e+07
13  39  5.01274e+07
13  40  5.35216e+07
13  41  5.47522e+07
13  42  6.33862e+07
13  43  8.49547e+07
13  44  8.14886e+07
13  45  6.68267e+07
13  46  9.0846e+07
13  47  9.02621e+07
13  48  8.72073e+07
13  49  7.66107e+07
13  50  7.95742e+07
13  51  7.82302e+07
13  52  7.04538e+07
13  53  5.97328e+07
13  54  7.97091e+07
13  55  5.78281e+07
14  0  5.86731e+07
14  1  6.46031e+07
14  2  6.80184e+07
14  3  5.99757e+07
14  4  6.12616e+07
14  5  6.31092e+07
14  6  3.69448e+07
14  7  4.11411e+07
14  8  4.63101e+07
14  9  4.08742e+07
14  10  4.31054e+07
14  11  3.61697e+07
14  12  5.01426e+07
14  13  4.31475e+07
14  14  5.56136e+07
14  15  6.69278e+07
14  16  4.92526e+07
14  17  4.81512e+07
14  18  4.07184e+07
14  19  4.83605e+07
14  20  4.86763e+07
14  21  5.90222e+07
14  22  4.5976e+07
14  23  3.93013e+07
14  24  4.45486e+07
14  25  4.64702e+07
14  26  3.13597e+07
14  27  3.98761e+07
14  28  4.62068e+07
14  29  4.05542e+07
14  30  4.97665e+07
14  31  4.68924e+07
14  32  5.04019e+07
14  33  4.80619e+07
14  34  4.43078e+07
14  35  4.79186e+07
14  36  5.30457e+07
14  37  5.29957e+07
14  38  5.5927e+07
14  39  4.72352e+07
14  40  5.56772e+07
14  41  6.12221e+07
14  42  5.83543e+07
14  43  9.75317e+07
14  44  7.80158e+07
14  45  5.90356e+07
14  46  7.78329e+07
14  47  8.12324e+07
14  48  9.30267e+07
14  49  7.09806e+07
14  50  7.44836e+07
14  51  7.74316e+07
14  52  6.31926e+07
14  53  6.5054e+07
14  54  8.37378e+07
14  55  8.39165e+07
15  0  5.81261e+07
15  1  5.46137e+07
15  2  5.89596e+07
15  3  6.55021e+07
15  4  5.472e+07
15  5  5.55648e+07
15  6  5.07487e+07
15  7  3.93511e+07
15  8  5.53927e+07
15  9  4.23131e+07
15  10  4.90104e+07
15  11  4.50866e+07
15  12  4.39128e+07
15  13  4.02574e+07
15  14  4.84917e+07
15  15  5.5361e+07
15  16  5.52791e+07
15  17  5.3384e+07
15  18  3.70609e+07
15  19  5.12705e+07
15  20  5.07901e+07
15  21  5.99252e+07
15  22  4.04507e+07
15  23  4.59894e+07
15  24  4.48408e+07
15  25  3.34815e+07
15  26  3.65509e+07
15  27  3.21914e+07
15  28  3.96898e+07
15  29  4.62153e+07
15  30  4.60541e+07
15  31  4.41594e+07
15  32  3.61019e+07
15  33  4.30114e+07
15  34  5.0269e+07
15  35  5.87271e+07
15  36  4.32428e+07
15  37  6.00088e+07
15  38  5.01216e+07
15  39  5.12514e+07
15  40  6.44058e+07
15  41  6.31689e+07
15  42  7.47649e+07
15  43  7.37246e+07
15  44  8.19008e+07
15  45  9.58395e+07
15  46  9.03259e+07
15  47  8.0694e+07
15  48  7.87727e+07
15  49  7.05662e+07
15  50  7.85893e+07
15  51  8.49805e+07
15  52  6.4517e+07
15  53  7.56432e+07
15  54  8.46299e+07
15  55  9.3091e+07
16  0  5.713e+07
16  1  6.89305e+07
16  2  5.65998e+07
16  3  6.57222e+07
16  4  4.951e+07
16  5  6.11748e+07
16  6  4.40233e+07
16  7  4.45789e+07
16  8  4.52577e+07
16  9  4.92886e+07
16  10  5.33422e+07
16  11  3.79366e+07
16  12  4.08022e+07
16  13  4.16419e+07
16  14  4.92127e+07
16  15  5.89854e+07
16  16  4.87729e+07
16  17  6.0288e+07
16  18  4.48005e+07
16  19  4.99575e+07
16  20  5.54256e+07
16  21  4.37996e+07
16  22  5.02965e+07
16  23  4.89467e+07
16  24  4.24154e+07
16  25  4.03574e+07
16  26  4.68553e+07
16  27  4.31659e+07
16  28  5.15004e+07
16  29  3.8888e+07
16  30  4.99296e+07
16  31  5.62817e+07
16  32  4.83658e+07
16  33  3.9799e+07
16  34  4.96594e+07
16  35  4.91415e+07
16  36  5.21491e+07
16  37  5.00232e+07
16  38  4.96403e+07
16  39  4.75868e+07
16  40  4.55778e+07
16  41  5.72517e+07
16  42  7.35269e+07
16  43  8.32427e+07
16  44  6.87016e+07
16  45  7.12323e+07
16  46  7.97791e+07
16  47  7.98734e+07
16  48  8.88677e+07
16  49  7.12246e+07
16  50  7.47183e+07
16  51  6.96529e+07
16  52  7.12443e+07
16  53  7.13711e+07
16  54  6.51245e+07
16  55  8.83694e+07
17  0  6.5181e+07
17  1  6.76618e+07
17  2  5.93916e+07
17  3  6.27437e+07
17  4  4.88976e+07
17  5  4.40094e+07
17  6  5.29802e+07
17  7  4.54495e+07
17  8  4.72436e+07
17  9  3.7018e+07
17  10  4.22075e+07
17  11  4.05088e+07
17  12  4.37521e+07
17  13  5.30105e+07
17  14  5.08972e+07
17  15  5.24672e+07
17  16  6.41475e+07
17  17  6.11363e+07
17  18  4.07864e+07
17  19  4.76969e+07
17  20  4.9913e+07
17  21  5.04061e+07
17  22  4.46727e+07
17  23  5.11717e+07
17  24  4.01087e+07
17  25  4.47278e+07
17  26  4.20686e+07
17  27  4.48613e+07
17  28  3.9255e+07
17  29  4.41172e+07
17  30  5.04061e+07
17  31  4.71011e+07
17  32  4.58403e+07
17  33  4.11474e+07
17  34  4.66143e+07
17  35  4.62414e+07
17  36  4.46022e+07
17  37  4.91997e+07
17  38  5.43827e+07
17  39  5.10808e+07
17  40  5.75445e+07
17  41  5.56133e+07
17  42  5.69455e+07
17  43  8.04034e+07
17  44  7.8397e+07
17  45  7.99409e+07
17  46  7.59363e+07
17  47  8.67372e+07
17  48  8.07592e+07
17  49  6.96279e+07
17  50  6.83694e+07
17  51  8.26242e+07
17  52  8.43896e+07
17  53  7.92132e+07
17  54  9.02149e+07
17  55  9.62756e+07
18  0  6.75708e+07
18  1  6.90216e+07
18  2  5.12374e+07
18  3  5.54265e+07
18  4  5.69873e+07
18  5  4.52771e+07
18  6  4.59009e+07
18  7  5.25556e+07
18  8  3.44515e+07
18  9  4.27072e+07
18  10  4.55438e+07
18  11  4.19997e+07
18  12  3.88279e+07
18  13  4.5564e+07
18  14  4.87671e+07
18  15  4.02743e+07
18  16  7.24381e+07
18  17  5.19002e+07
18  18  3.79437e+07
18  19  5.25832e+07
18  20  5.21417e+07
18  21  4.85002e+07
18  22  4.91853e+07
18  23  5.36049e+07
18  24  5.28973e+07
18  25  4.13916e+07
18  26  5.38421e+07
18  27  4.26805e+07
18  28  4.35786e+07
18  29  3.9357e+07
18  30  3.96676e+07
18  31  4.77011e+07
18  32  4.55415e+07
18  33  3.76461e+07
18  34  4.21112e+07
18  35  6.238e+07
18  36  4.56904e+07
18  37  4.52996e+07
18  38  5.63279e+07
18  39  5.1641e+07
18  40  5.067e+07
18  41  5.59429e+07
18  42  6.02479e+07
18  43  7.27094e+07
18  44  5.91223e+07
18  45  6.51267e+07
18  46  7.71965e+07
18  47  9.63313e+07
18  48  7.71767e+07
18  49  7.38098e+07
18  50  8.71346e+07
18  51  7.74414e+07
18  52  9.06468e+07
18  53  9.03532e+07
18  54  8.80766e+07
18  55  9.00838e+07
19  0  4.87433e+07
19  1  5.40898e+07
19  2  4.95519e+07
19  3  5.43701e+07
19  4  4.25414e+07
19  5  3.96586e+07
19  6  4.80779e+07
19  7  4.03841e+07
19  8  4.63087e+07
19  9  4.18088e+07
19  10  4.69086e+07
19  11  4.59205e+07
19  12  4.03828e+07
19  13  4.11426e+07
19  14  4.71943e+07
19  15  4.80239e+07
19  16  7.73062e+07
19  17  5.69597e+07
19  18  5.12e+07
19  19  5.02745e+07
19  20  4.82915e+07
19  21  3.84778e+07
19  22  5.74882e+07
19  23  5.61539e+07
19  24  4.02387e+07
19  25  5.29543e+07
19  26  5.76512e+07
19  27  4.24198e+07
19  28  4.63316e+07
19  29  5.0038e+07
19  30  4.03273e+07
19  31  5.41254e+07
19  32  5.33936e+07
19  33  4.5876e+07
19  34  4.17985e+07
19  35  4.73627e+07
19  36  3.69822e+07
19  37  4.7751e+07
19  38  5.02174e+07
19  39  5.21729e+07
19  40  4.79465e+07
19  41  5.71662e+07
19  42  6.68764e+07
19  43  6.38808e+07
19  44  6.02287e+07
19  45  7.69562e+07
19  46  6.46526e+07
19  47  9.85581e+07
19  48  7.89601e+07
19  49  7.41856e+07
19  50  8.36245e+07
19  51  7.92918e+07
19  52  8.31081e+07
19  53  1.04355e+08
19  54  9.77023e+07
19  55  1.10194e+08
20  0  5.55521e+07
20  1  4.92439e+07
20  2  3.43216e+07
20  3  4.9084e+07
20  4  5.05274e+07
20  5  4.89808e+07
20  6  4.88394e+07
20  7  5.81851e+07
20  8  4.14376e+07
20  9  5.12526e+07
20  10  3.64165e+07
20  11  4.62138e+07
20  12  4.28076e+07
20  13  4.33672e+07
20  14  5.04584e+07
20  15  5.99557e+07
20  16  9.2189e+07
20  17  7.18587e+07
20  18  4.57745e+07
20  19  6.79161e+07
20  20  4.8803e+07
20  21  4.41104e+07
20  22  4.69265e+07
20  23  3.70633e+07
20  24  4.82955e+07
20  25  5.40893e+07
20  26  6.12598e+07
20  27  4.92939e+07
20  28  4.44678e+07
20  29  4.88512e+07
20  30  4.76679e+07
20  31  6.14027e+07
20  32  4.71114e+07
20  33  5.2646e+07
20  34  4.61739e+07
20  35  5.0683e+07
20  36  5.17013e+07
20  37  3.50109e+07
20  38  4.33435e+07
20  39  5.05743e+07
20  40  6.11706e+07
20  41  4.78639e+07
20  42  5.36442e+07
20  43  8.15714e+07
20  44  6.41356e+07
20  45  6.22926e+07
20  46  6.76112e+07
20  47  8.88576e+07
20  48  9.63981e+07
20  49  8.22974e+07
20  50  7.59607e+07
20  51  7.93457e+07
20  52  8.05042e+07
20  53  8.51191e+07
20  54  9.70577e+07
20  55  1.24114e+08
21  0  5.27453e+07
21  1  5.14186e+07
21  2  4.99924e+07
21  3  5.01407e+07
21  4  5.16958e+07
21  5  4.00439e+07
21  6  4.39899e+07
21  7  4.2128e+07
21  8  4.04947e+07
21  9  4.8216e+07
21  10  5.51363e+07
21  11  6.09271e+07
21  12  5.44327e+07
21  13  5.10508e+07
21  14  4.48462e+07
21  15  4.48126e+07
21  16  1.0904e+08
21  17  8.53548e+07
21  18  5.75892e+07
21  19  8.7463e+07
21  20  4.52068e+07
21  21  3.92657e+07
21  22  4.95069e+07
21  23  4.79677e+07
21  24  4.75143e+07
21  25  5.18675e+07
21  26  5.00673e+07
21  27  4.91641e+07
21  28  4.48059e+07
21  29  3.81376e+07
21  30  5.76367e+07
21  31  6.91308e+07
21  32  4.63299e+07
21  33  4.57273e+07
21  34  4.41242e+07
21  35  4.99449e+07
21  36  4.32537e+07
21  37  4.09535e+07
21  38  4.21147e+07
21  39  4.85064e+07
21  40  5.26828e+07
21  41  5.22715e+07
21  42  5.3818e+07
21  43  6.96552e+07
21  44  5.9786e+07
21  45  7.14917e+07
21  46  7.18694e+07
21  47  1.04722e+08
21  48  7.56439e+07
21  49  6.3395e+07
21  50  7.479e+07
21  51  8.46085e+07
21  52  9.28405e+07
21  53  1.14152e+08
21  54  1.19123e+08
21  55  1.46638e+08
22  0  4.73256e+07
22  1  5.15377e+07
22  2  4.31445e+07
22  3  4.63551e+07
22  4  5.20579e+07
22  5  4.83427e+07
22  6  4.01873e+07
22  7  4.76939e+07
22  8  5.00384e+07
22  9  4.70689e+07
22  10  5.77216e+07
22  11  6.33976e+07
22  12  5.36111e+07
22  13  4.74695e+07
22  14  5.31983e+07
22  15  5.29645e+07
22  16  1.25649e+08
22  17  9.20607e+07
22  18  6.50626e+07
22  19  1.01223e+08
22  20  4.12335e+07
22  21  4.68683e+07
22  22  4.3081e+07
22  23  5.41241e+07
22  24  4.73953e+07
22  25  4.91682e+07
22  26  5.11132e+07
22  27  4.49637e+07
22  28  4.20879e+07
22  29  4.75717e+07
22  30  7.3125e+07
22  31  6.97278e+07
22  32  5.86463e+07
22  33  5.38574e+07
22  34  4.29039e+07
22  35  4.30595e+07
22  36  5.10967e+07
22  37  4.6962e+07
22  38  4.27437e+07
22  39  5.42288e+07
22  40  5.38057e+07
22  41  5.6722e+07
22  42  5.83108e+07
22  43  6.42416e+07
22  44  6.19225e+07
22  45  6.2178e+07
22  46  5.80492e+07
22  47  7.87043e+07
22  48  7.19867e+07
22  49  6.91219e+07
22  50  6.69925e+07
22  51  7.00578e+07
22  52  8.27929e+07
22  53  1.35137e+08
22  54  1.25766e+08
22  55  1.68019e+08
23  0  4.59798e+07
23  1  3.79959e+07
23  2  4.42023e+07
23  3  4.65638e+07
23  4  4.29978e+07
23  5  5.34648e+07
23  6  4.24273e+07
23  7  5.31066e+07
23  8  5.49724e+07
23  9  6.07506e+07
23  10  5.45506e+07
23  11  6.25307e+07
23  12  6.35753e+07
23  13  4.14599e+07
23  14  5.53139e+07
23  15  5.56566e+07
23  16  9.53241e+07
23  17  6.19261e+07
23  18  8.1194e+07
23  19  8.24619e+07
23  20  4.93255e+07
23  21  4.85578e+07
23  22  4.34318e+07
23  23  5.81762e+07
23  24  4.94469e+07
23  25  5.36214e+07
23  26  6.30813e+07
23  27  4.24115e+07
23  28  4.0428e+07
23  29  6.15872e+07
23  30  6.68479e+07
23  31  7.28685e+07
23  32  6.45271e+07
23  33  4.80898e+07
23  34  4.52599e+07
23  35  4.9782e+07
23  36  4.5318e+07
23  37  5.53805e+07
23  38  5.26756e+07
23  39  4.79737e+07
23  40  6.62848e+07
23  41  5.24908e+07
23  42  4.97032e+07
23  43  6.02723e+07
23  44  4.96943e+07
23  45  7.11993e+07
23  46  7.14028e+07
23  47  6.43013e+07
23  48  8.35844e+07
23  49  7.20599e+07
23  50  7.15304e+07
23  51  8.2612e+07
23  52  8.17342e+07
23  53  1.04977e+08
23  54  1.25222e+08
23  55  2.00809e+08
24  0  5.0582e+07
24  1  4.0684e+07
24  2  4.09186e+07
24  3  5.31435e+07
24  4  4.50101e+07
24  5  3.72965e+07
24  6  4.74888e+07
24  7  5.91381e+07
24  8  6.58215e+07
24  9  6.18073e+07
24  10  6.23946e+07
24  11  5.98643e+07
24  12  6.08846e+07
24  13  5.03754e+07
24  14  5.53016e+07
24  15  4.73834e+07
24  16  7.62777e+07
24  17  6.12362e+07
24  18  7.91471e+07
24  19  1.21752e+08
24  20  5.67063e+07
24  21  4.69091e+07
24  22  3.81667e+07
24  23  6.41825e+07
24  24  4.6754e+07
24  25  4.55445e+07
24  26  5.85401e+07
24  27  4.70515e+07
24  28  4.14022e+07
24  29  3.77826e+07
24  30  6.53488e+07
24  31  8.84211e+07
24  32  6.71423e+07
24  33  5.73024e+07
24  34  4.71931e+07
24  35  4.31908e+07
24  36  4.06917e+07
24  37  5.43376e+07
24  38  5.08997e+07
24  39  4.42552e+07
24  40  5.89442e+07
24  41  5.31496e+07
24  42  5.11833e+07
24  43  7.88808e+07
24  44  5.55522e+07
24  45  7.15982e+07
24  46  6.63523e+07
24  47  7.26622e+07
24  48  7.4655e+07
24  49  7.25108e+07
24  50  7.54572e+07
24  51  8.17932e+07
24  52  8.72391e+07
24  53  8.28103e+07
24  54  1.28209e+08
24  55  1.95592e+08
25  0  4.76734e+07
25  1  3.44944e+07
25  2  3.10795e+07
25  3  3.31982e+07
25  4  6.37013e+07
25  5  4.86765e+07
25  6  5.48021e+07
25  7  6.39184e+07
25  8  6.41085e+07
25  9  5.13742e+07
25  10  6.13659e+07
25  11  6.04456e+07
25  12  5.92752e+07
25  13  4.0488e+07
25  14  4.88956e+07
25  15  5.5259e+07
25  16  6.56121e+07
25  17  5.66275e+07
25  18  6.09092e+07
25  19  1.00517e+08
25  20  4.76641e+07
25  21  4.35424e+07
25  22  4.9219e+07
25  23  6.02977e+07
25  24  4.68888e+07
25  25  5.28546e+07
25  26  5.40615e+07
25  27  4.87068e+07
25  28  4.42517e+07
25  29  5.30522e+07
25  30  7.27792e+07
25  31  1.09638e+08
25  32  8.55772e+07
25  33  6.95687e+07
25  34  4.77276e+07
25  35  5.33031e+07
25  36  3.77175e+07
25  37  4.5305e+07
25  38  5.24951e+07
25  39  4.33023e+07
25  40  5.88569e+07
25  41  5.79869e+07
25  42  5.65412e+07
25  43  7.44228e+07
25  44  4.88999e+07
25  45  6.37508e+07
25  46  6.34935e+07
25  47  6.52319e+07
25  48  5.66854e+07
25  49  5.97926e+07
25  50  6.78127e+07
25  51  7.3732e+07
25  52  6.91759e+07
25  53  8.67681e+07
25  54  1.20341e+08
25  55  1.49072e+08
26  0  4.20704e+07
26  1  4.55267e+07
26  2  3.87644e+07
26  3  4.43307e+07
26  4  4.48475e+07
26  5  4.76631e+07
26  6  6.19752e+07
26  7  5.71988e+07
26  8  5.80824e+07
26  9  5.60372e+07
26  10  7.64015e+07
26  11  5.6826e+07
26  12  5.19033e+07
26  13  5.29383e+07
26  14  4.50071e+07
26  15  5.95032e+07
26  16  5.30359e+07
26  17  5.55067e+07
26  18  5.73665e+07
26  19  7.58473e+07
26  20  4.13812e+07
26  21  5.90519e+07
26  22  5.31001e+07
26  23  5.52727e+07
26  24  5.53478e+07
26  25  4.52337e+07
26  26  6.70549e+07
26  27  5.27159e+07
26  28  4.84662e+07
26  29  5.30416e+07
26  30  7.05645e+07
26  31  1.28142e+08
26  32  1.12315e+08
26  33  6.26366e+07
26  34  5.68029e+07
26  35  5.09114e+07
26  36  5.36889e+07
26  37  5.35104e+07
26  38  4.71814e+07
26  39  5.25238e+07
26  40  5.09411e+07
26  41  4.52701e+07
26  42  5.83177e+07
26  43  7.5052e+07
26  44  5.5607e+07
26  45  5.36691e+07
26  46  5.4267e+07
26  47  7.33774e+07
26  48  6.14974e+07
26  49  6.94884e+07
26  50  6.55213e+07
26  51  7.14301e+07
26  52  7.85097e+07
26  53  9.1591e+07
26  54  1.05866e+08
26  55  1.29845e+08
27  0  3.55094e+07
27  1  2.66219e+07
27  2  4.44288e+07
27  3  4.49495e+07
27  4  4.59201e+07
27  5  4.66073e+07
27  6  6.47809e+07
27  7  5.87672e+07
27  8  8.30863e+07
27  9  6.18546e+07
27  10  7.47832e+07
27  11  6.14124e+07
27  12  6.72049e+07
27  13  5.70631e+07
27  14  5.48051e+07
27  15  4.59588e+07
27  16  7.29243e+07
27  17  6.4591e+07
27  18  6.05507e+07
27  19  6.63083e+07
27  20  4.97232e+07
27  21  4.32849e+07
27  22  4.81232e+07
27  23  6.17681e+07
27  24  5.08947e+07
27  25  5.07215e+07
27  26  6.90849e+07
27  27  4.71034e+07
27  28  5.2248e+07
27  29  5.60017e+07
27  30  1.13991e+08
27  31  1.75345e+08
27  32  1.11544e+08
27  33  7.8547e+07
27  34  5.36717e+07
27  35  4.52194e+07
27  36  3.41328e+07
27  37  4.81863e+07
27  38  4.63619e+07
27  39  3.55121e+07
27  40  5.04337e+07
27  41  4.89791e+07
27  42  4.92835e+07
27  43  7.90793e+07
27  44  5.2892e+07
27  45  6.0548e+07
27  46  6.7227e+07
27  47  6.94752e+07
27  48  6.04366e+07
27  49  5.62672e+07
27  50  6.24535e+07
27  51  7.33221e+07
27  52  7.30938e+07
27  53  7.44019e+07
27  54  9.1482e+07
27  55  1.12726e+08
28  0  4.30065e+07
28  1  3.77064e+07
28  2  4.37006e+07
28  3  3.56045e+07
28  4  5.17936e+07
28  5  4.48551e+07
28  6  6.8448e+07
28  7  6.44937e+07
28  8  6.0066e+07
28  9  5.10949e+07
28  10  8.08508e+07
28  11  6.4364e+07
28  12  6.59203e+07
28  13  5.23977e+07
28  14  4.85884e+07
28  15  4.00166e+07
28  16  5.80112e+07
28  17  5.63544e+07
28  18  5.61403e+07
28  19  5.78422e+07
28  20  4.65963e+07
28  21  5.15403e+07
28  22  4.6659e+07
28  23  5.5546e+07
28  24  6.37158e+07
28  25  5.7939e+07
28  26  6.37096e+07
28  27  6.23692e+07
28  28  5.68563e+07
28  29  5.472e+07
28  30  1.0479e+08
28  31  1.77554e+08
28  32  1.23156e+08
28  33  8.51176e+07
28  34  5.66518e+07
28  35  4.87097e+07
28  36  4.27052e+07
28  37  4.33004e+07
28  38  3.99593e+07
28  39  4.78214e+07
28  40  3.82784e+07
28  41  4.84011e+07
28  42  5.44653e+07
28  43  8.6757e+07
28  44  5.11051e+07
28  45  6.10747e+07
28  46  5.72382e+07
28  47  7.35329e+07
28  48  5.65374e+07
28  49  5.28106e+07
28  50  6.77844e+07
28  51  6.44731e+07
28  52  7.2256e+07
28  53  6.97115e+07
28  54  9.23597e+07
28  55  9.40559e+07
29  0  4.01699e+07
29  1  4.73376e+07
29  2  4.45125e+07
29  3  3.99161e+07
29  4  5.32014e+07
29  5  5.41166e+07
29  6  6.41574e+07
29  7  4.89912e+07
29  8  5.66444e+07
29  9  5.46216e+07
29  10  9.39432e+07
29  11  7.21784e+07
29  12  4.86474e+07
29  13  5.06095e+07
29  14  5.27075e+07
29  15  4.34351e+07
29  16  4.81948e+07
29  17  4.93936e+07
29  18  6.50661e+07
29  19  4.95949e+07
29  20  3.8105e+07
29  21  5.99252e+07
29  22  4.18788e+07
29  23  5.52249e+07
29  24  5.67119e+07
29  25  5.60575e+07
29  26  6.51818e+07
29  27  5.54476e+07
29  28  6.33791e+07
29  29  5.56517e+07
29  30  1.28302e+08
29  31  2.18092e+08
29  32  1.40323e+08
29  33  1.00307e+08
29  34  6.29771e+07
29  35  5.2614e+07
29  36  4.53305e+07
29  37  4.44918e+07
29  38  3.84591e+07
29  39  3.36691e+07
29  40  4.3756e+07
29  41  3.65856e+07
29  42  5.21246e+07
29  43  6.1364e+07
29  44  4.17463e+07
29  45  4.96586e+07
29  46  4.54337e+07
29  47  5.03527e+07
29  48  4.95107e+07
29  49  5.81224e+07
29  50  6.86493e+07
29  51  6.99218e+07
29  52  6.42399e+07
29  53  6.39472e+07
29  54  9.45257e+07
29  55  7.6593e+07
30  0  3.7771e+07
30  1  5.27718e+07
30  2  4.21842e+07
30  3  3.70952e+07
30  4  4.34748e+07
30  5  4.54588e+07
30  6  5.51341e+07
30  7  4.64739e+07
30  8  5.20958e+07
30  9  5.42177e+07
30  10  1.08838e+08
30  11  7.80261e+07
30  12  6.15271e+07
30  13  5.81318e+07
30  14  5.66171e+07
30  15  5.23987e+07
30  16  6.10191e+07
30  17  5.36423e+07
30  18  7.46026e+07
30  19  6.00235e+07
30  20  4.72588e+07
30  21  5.14883e+07
30  22  4.86936e+07
30  23  5.652e+07
30  24  6.10132e+07
30  25  4.91916e+07
30  26  7.70077e+07
30  27  5.47617e+07
30  28  6.4249e+07
30  29  6.4048e+07
30  30  1.11195e+08
30  31  2.13563e+08
30  32  1.27307e+08
30  33  1.1721e+08
30  34  6.83686e+07
30  35  4.89951e+07
30  36  6.08514e+07
30  37  4.82766e+07
30  38  4.68998e+07
30  39  3.97871e+07
30  40  4.31988e+07
30  41  4.66004e+07
30  42  5.54201e+07
30  43  5.06192e+07
30  44  5.32308e+07
30  45  4.12063e+07
30  46  5.71161e+07
30  47  4.6288e+07
30  48  4.87876e+07
30  49  4.41448e+07
30  50  5.79669e+07
30  51  5.20786e+07
30  52  7.08178e+07
30  53  6.25663e+07
30  54  6.59018e+07
30  55  6.93806e+07
31  0  4.02632e+07
31  1  5.12212e+07
31  2  5.14186e+07
31  3  4.17613e+07
31  4  4.94746e+07
31  5  4.46668e+07
31  6  5.19208e+07
31  7  5.79522e+07
31  8  4.19145e+07
31  9  5.17271e+07
31  10  1.31387e+08
31  11  8.79532e+07
31  12  6.04059e+07
31  13  5.45644e+07
31  14  3.92262e+07
31  15  4.78247e+07
31  16  4.37046e+07
31  17  5.56478e+07
31  18  6.47162e+07
31  19  4.86448e+07
31  20  4.65158e+07
31  21  4.54238e+07
31  22  5.45783e+07
31  23  5.23493e+07
31  24  4.91704e+07
31  25  5.40744e+07
31  26  5.81818e+07
31  27  5.36733e+07
31  28  6.51671e+07
31  29  6.49602e+07
31  30  1.33556e+08
31  31  2.30585e+08
31  32  1.32687e+08
31  33  9.5136e+07
31  34  5.33035e+07
31  35  4.62864e+07
31  36  4.45153e+07
31  37  4.84482e+07
31  38  4.65684e+07
31  39  4.04737e+07
31  40  4.36526e+07
31  41  4.23902e+07
31  42  6.13985e+07
31  43  5.78542e+07
31  44  3.57195e+07
31  45  3.16036e+07
31  46  5.53099e+07
31  47  5.45537e+07
31  48  4.68813e+07
31  49  4.78919e+07
31  50  5.60157e+07
31  51  6.46674e+07
31  52  5.93886e+07
31  53  6.97145e+07
31  54  7.75878e+07
31  55  7.96279e+07
32  0  5.84654e+07
32  1  5.27394e+07
32  2  4.79158e+07
32  3  4.36332e+07
32  4  4.67644e+07
32  5  4.00634e+07
32  6  5.18369e+07
32  7  5.7976e+07
32  8  4.96752e+07
32  9  6.5378e+07
32  10  1.85226e+08
32  11  9.65705e+07
32  12  6.28209e+07
32  13  6.61231e+07
32  14  5.42038e+07
32  15  4.86908e+07
32  16  5.23998e+07
32  17  4.58866e+07
32  18  5.29386e+07
32  19  4.60512e+07
32  20  4.15764e+07
32  21  5.71407e+07
32  22  3.95316e+07
32  23  4.99922e+07
32  24  4.8487e+07
32  25  4.2627e+07
32  26  5.7477e+07
32  27  6.20077e+07
32  28  6.06156e+07
32  29  7.06465e+07
32  30  9.12029e+07
32  31  1.45938e+08
32  32  1.30388e+08
32  33  8.35117e+07
32  34  5.31898e+07
32  35  4.18169e+07
32  36  4.29798e+07
32  37  3.49369e+07
32  38  4.18373e+07
32  39  3.73811e+07
32  40  5.087e+07
32  41  3.62015e+07
32  42  4.87061e+07
32  43  5.38196e+07
32  44  4.22304e+07
32  45  4.02137e+07
32  46  4.70888e+07
32  47  5.97695e+07
32  48  3.42337e+07
32  49  4.61507e+07
32  50  6.10038e+07
32  51  4.24362e+07
32  52  5.89856e+07
32  53  5.92438e+07
32  54  6.76465e+07
32  55  7.13708e+07
33  0  3.94971e+07
33  1  5.24989e+07
33  2  4.64462e+07
33  3  4.92794e+07
33  4  4.30461e+07
33  5  6.08208e+07
33  6  4.96363e+07
33  7  5.84205e+07
33  8  6.01024e+07
33  9  7.15313e+07
33  10  1.09768e+08
33  11  7.32941e+07
33  12  5.23845e+07
33  13  4.20854e+07
33  14  4.38236e+07
33  15  4.25426e+07
33  16  5.02473e+07
33  17  4.80527e+07
33  18  5.733e+07
33  19  5.41158e+07
33  20  4.78189e+07
33  21  3.90264e+07
33  22  4.92375e+07
33  23  5.53917e+07
33  24  5.47627e+07
33  25  5.84947e+07
33  26  5.45981e+07
33  27  5.85984e+07
33  28  5.18891e+07
33  29  5.43085e+07
33  30  8.37479e+07
33  31  1.24678e+08
33  32  8.31889e+07
33  33  7.06713e+07
33  34  4.74634e+07
33  35  4.83263e+07
33  36  4.95561e+07
33  37  4.99936e+07
33  38  4.43121e+07
33  39  4.11315e+07
33  40  3.80314e+07
33  41  4.85859e+07
33  42  4.48899e+07
33  43  3.4706e+07
33  44  3.21899e+07
33  45  4.4524e+07
33  46  4.78344e+07
33  47  4.22295e+07
33  48  3.88008e+07
33  49  4.17423e+07
33  50  4.28165e+07
33  51  5.5738e+07
33  52  5.67351e+07
33  53  5.96821e+07
33  54  7.29003e+07
33  55  9.99076e+07
34  0  4.69117e+07
34  1  6.16273e+07
34  2  4.9535e+07
34  3  5.64202e+07
34  4  5.12728e+07
34  5  4.21038e+07
34  6  4.06953e+07
34  7  5.33402e+07
34  8  5.76968e+07
34  9  6.07837e+07
34  10  8.2156e+07
34  11  7.69647e+07
34  12  5.38216e+07
34  13  5.65402e+07
34  14  4.29019e+07
34  15  4.20071e+07
34  16  4.46643e+07
34  17  4.24041e+07
34  18  5.21776e+07
34  19  5.17638e+07
34  20  5.3082e+07
34  21  4.61631e+07
34  22  4.61111e+07
34  23  4.42176e+07
34  24  4.77016e+07
34  25  6.30363e+07
34  26  5.46189e+07
34  27  4.62323e+07
34  28  6.11235e+07
34  29  5.67842e+07
34  30  7.64882e+07
34  31  1.09906e+08
34  32  8.16875e+07
34  33  5.9911e+07
34  34  4.71578e+07
34  35  5.01394e+07
34  36  4.4249e+07
34  37  4.54289e+07
34  38  5.08138e+07
34  39  4.01655e+07
34  40  4.22428e+07
34  41  4.05622e+07
34  42  3.34402e+07
34  43  3.85117e+07
34  44  5.08713e+07
34  45  5.04086e+07
34  46  4.39697e+07
34  47  5.64067e+07
34  48  3.99582e+07
34  49  3.27909e+07
34  50  4.7816e+07
34  51  6.31029e+07
34  52  4.87888e+07
34  53  7.01179e+07
34  54  7.01166e+07
34  55  8.5531e+07
35  0  5.0694e+07
35  1  4.79765e+07
35  2  5.44771e+07
35  3  4.48566e+07
35  4  5.24016e+07
35  5  5.34026e+07
35  6  4.73397e+07
35  7  4.76058e+07
35  8  6.26986e+07
35  9  7.10419e+07
35  10  8.02301e+07
35  11  7.13904e+07
35  12  4.96775e+07
35  13  5.12292e+07
35  14  4.80486e+07
35  15  4.99243e+07
35  16  4.88384e+07
35  17  3.58997e+07
35  18  6.13047e+07
35  19  3.9044e+07
35  20  5.59222e+07
35  21  5.86883e+07
35  22  4.98627e+07
35  23  4.41265e+07
35  24  4.53993e+07
35  25  4.31065e+07
35  26  4.30327e+07
35  27  5.09733e+07
35  28  5.8739e+07
35  29  5.44151e+07
35  30  7.28968e+07
35  31  8.01714e+07
35  32  7.2454e+07
35  33  6.00734e+07
35  34  5.32258e+07
35  35  4.83212e+07
35  36  4.67308e+07
35  37  4.46274e+07
35  38  4.16336e+07
35  39  4.10654e+07
35  40  3.77694e+07
35  41  4.69106e+07
35  42  3.77807e+07
35  43  3.95297e+07
35  44  3.94515e+07
35  45  4.20343e+07
35  46  4.49026e+07
35  47  5.41411e+07
35  48  4.56001e+07
35  49  3.88188e+07
35  50  5.0134e+07
35  51  5.14531e+07
35  52  5.55701e+07
35  53  5.70618e+07
35  54  7.59692e+07
35  55  1.02167e+08
36  0  4.7098e+07
36  1  4.57143e+07
36  2  4.15123e+07
36  3  5.3998e+07
36  4  5.45708e+07
36  5  4.62401e+07
36  6  4.01524e+07
36  7  6.12403e+07
36  8  7.03621e+07
36  9  6.04061e+07
36  10  7.13651e+07
36  11  6.41614e+07
36  12  6.03799e+07
36  13  7.45567e+07
36  14  5.30183e+07
36  15  5.67363e+07
36  16  6.02236e+07
36  17  4.97674e+07
36  18  6.58572e+07
36  19  5.80018e+07
36  20  4.62556e+07
36  21  5.45798e+07
36  22  3.95569e+07
36  23  3.34693e+07
36  24  4.61432e+07
36  25  5.51807e+07
36  26  5.64242e+07
36  27  4.24157e+07
36  28  5.04325e+07
36  29  5.63161e+07
36  30  5.13915e+07
36  31  8.23815e+07
36  32  6.84233e+07
36  33  5.00032e+07
36  34  4.80161e+07
36  35  4.85999e+07
36  36  4.93263e+07
36  37  4.60521e+07
36  38  4.52461e+07
36  39  5.13368e+07
36  40  4.29966e+07
36  41  4.6867e+07
36  42  3.45818e+07
36  43  5.08544e+07
36  44  5.06586e+07
36  45  5.50087e+07
36  46  4.23849e+07
36  47  4.11256e+07
36  48  3.63291e+07
36  49  4.60451e+07
36  50  5.25189e+07
36  51  5.2248e+07
36  52  5.78618e+07
36  53  5.16136e+07
36  54  7.91413e+07
36  55  1.15431e+08
37  0  5.12348e+07
37  1  4.92558e+07
37  2  4.60483e+07
37  3  5.23993e+07
37  4  5.35039e+07
37  5  5.94501e+07
37  6  5.38682e+07
37  7  5.44845e+07
37  8  5.65662e+07
37  9  7.39267e+07
37  10  7.44083e+07
37  11  7.08496e+07
37  12  6.39554e+07
37  13  5.827e+07
37  14  4.57655e+07
37  15  4.94132e+07
37  16  5.14814e+07
37  17  5.30246e+07
37  18  5.0608e+07
37  19  4.44664e+07
37  20  3.89452e+07
37  21  5.13104e+07
37  22  3.70603e+07
37  23  3.97715e+07
37  24  4.55536e+07
37  25  6.38822e+07
37  26  5.40084e+07
37  27  3.71346e+07
37  28  6.68073e+07
37  29  6.51327e+07
37  30  6.90816e+07
37  31  7.58285e+07
37  32  5.31798e+07
37  33  4.27235e+07
37  34  4.4258e+07
37  35  5.67142e+07
37  36  6.14546e+07
37  37  5.41752e+07
37  38  5.03399e+07
37  39  4.68951e+07
37  40  4.66737e+07
37  41  4.77e+07
37  42  5.4172e+07
37  43  5.70617e+07
37  44  5.75678e+07
37  45  5.46725e+07
37  46  4.96415e+07
37  47  4.27154e+07
37  48  5.26272e+07
37  49  4.19993e+07
37  50  4.61408e+07
37  51  5.32167e+07
37  52  6.05767e+07
37  53  5.98703e+07
37  54  7.62797e+07
37  55  1.17195e+08
38  0  4.62411e+07
38  1  4.96137e+07
38  2  4.56185e+07
38  3  4.60219e+07
38  4  5.17914e+07
38  5  4.63872e+07
38  6  6.14371e+07
38  7  6.25101e+07
38  8  7.13888e+07
38  9  6.37674e+07
38  10  6.89457e+07
38  11  4.49408e+07
38  12  5.19448e+07
38  13  6.6369e+07
38  14  4.48683e+07
38  15  5.58058e+07
38  16  5.21358e+07
38  17  4.86865e+07
38  18  4.44943e+07
38  19  3.65305e+07
38  20  4.79518e+07
38  21  4.86185e+07
38  22  3.57267e+07
38  23  3.94092e+07
38  24  4.4247e+07
38  25  1.02766e+08
38  26  4.94507e+07
38  27  4.12514e+07
38  28  6.25978e+07
38  29  6.26677e+07
38  30  5.89247e+07
38  31  5.64015e+07
38  32  5.88673e+07
38  33  5.52016e+07
38  34  4.58513e+07
38  35  4.85005e+07
38  36  7.14644e+07
38  37  5.23148e+07
38  38  4.69601e+07
38  39  3.73248e+07
38  40  3.99624e+07
38  41  5.62089e+07
38  42  5.33731e+07
38  43  5.61026e+07
38  44  5.79416e+07
38  45  5.15107e+07
38  46  5.17968e+07
38  47  4.56138e+07
38  48  4.66935e+07
38  49  4.38406e+07
38  50  5.1336e+07
38  51  5.21588e+07
38  52  5.65701e+07
38  53  6.50787e+07
38  54  7.23711e+07
38  55  1.22034e+08
39  0  3.31375e+07
39  1  3.78775e+07
39  2  4.22639e+07
39  3  4.97472e+07
39  4  6.18553e+07
39  5  7.57002e+07
39  6  6.93313e+07
39  7  7.421e+07
39  8  6.18722e+07
39  9  9.22795e+07
39  10  6.45726e+07
39  11  5.2447e+07
39  12  6.87607e+07
39  13  6.31943e+07
39  14  4.85895e+07
39  15  4.47501e+07
39  16  3.44315e+07
39  17  4.021e+07
39  18  4.83864e+07
39  19  4.4292e+07
39  20  5.29338e+07
39  21  3.66657e+07
39  22  4.34701e+07
39  23  3.83064e+07
39  24  4.31932e+07
39  25  5.72153e+07
39  26  4.05214e+07
39  27  4.07937e+07
39  28  5.55866e+07
39  29  6.25299e+07
39  30  6.16202e+07
39  31  6.15612e+07
39  32  5.17353e+07
39  33  5.54164e+07
39  34  4.11186e+07
39  35  4.11034e+07
39  36  4.46697e+07
39  37  5.50942e+07
39  38  4.57071e+07
39  39  4.78731e+07
39  40  3.77825e+07
39  41  6.02755e+07
39  42  5.90079e+07
39  43  6.09429e+07
39  44  6.13376e+07
39  45  6.47719e+07
39  46  5.70124e+07
39  47  5.70855e+07
39  48  3.57928e+07
39  49  3.86462e+07
39  50  4.76398e+07
39  51  6.31938e+07
39  52  6.05511e+07
39  53  5.48123e+07
39  54  6.68858e+07
39  55  1.54466e+08
40  0  3.85082e+07
40  1  4.59782e+07
40  2  3.99071e+07
40  3  5.58817e+07
40  4  6.27456e+07
40  5  7.36149e+07
40  6  6.62286e+07
40  7  6.97258e+07
40  8  1.06344e+08
40  9  8.27813e+07
40  10  8.65225e+07
40  11  5.52723e+07
40  12  5.54328e+07
40  13  6.27309e+07
40  14  5.50628e+07
40  15  4.47005e+07
40  16  5.0519e+07
40  17  4.2791e+07
40  18  4.44845e+07
40  19  4.35738e+07
40  20  5.00966e+07
40  21  5.95022e+07
40  22  5.20455e+07
40  23  2.88697e+07
40  24  3.88069e+07
40  25  4.87054e+07
40  26  4.39067e+07
40  27  4.95603e+07
40  28  5.41353e+07
40  29  5.75696e+07
40  30  5.8413e+07
40  31  4.6087e+07
40  32  4.40255e+07
40  33  4.53429e+07
40  34  4.3605e+07
40  35  4.42325e+07
40  36  5.10959e+07
40  37  5.65019e+07
40  38  6.49237e+07
40  39  4.02161e+07
40  40  5.91142e+07
40  41  6.40847e+07
40  42  5.36205e+07
40  43  6.32096e+07
40  44  5.91096e+07
40  45  6.32583e+07
40  46  6.18213e+07
40  47  5.29066e+07
40  48  4.70342e+07
40  49  3.40092e+07
40  50  5.15202e+07
40  51  6.45194e+07
40  52  5.7607e+07
40  53  5.74956e+07
40  54  7.92431e+07
40  55  1.83116e+08
41  0  4.71248e+07
41  1  3.47161e+07
41  2  5.08738e+07
41  3  4.68775e+07
41  4  5.92385e+07
41  5  7.27246e+07
41  6  7.12127e+07
41  7  1.03356e+08
41  8  1.13345e+08
41  9  9.4908e+07
41  10  8.21366e+07
41  11  5.83879e+07
41  12  5.53302e+07
41  13  5.28273e+07
41  14  4.54118e+07
41  15  4.61693e+07
41  16  4.13207e+07
41  17  3.32132e+07
41  18  3.98034e+07
41  19  4.37161e+07
41  20  3.98862e+07
41  21  4.20278e+07
41  22  3.99649e+07
41  23  4.22338e+07
41  24  4.54464e+07
41  25  3.69993e+07
41  26  5.25542e+07
41  27  4.11909e+07
41  28  5.21298e+07
41  29  5.48969e+07
41  30  4.07599e+07
41  31  5.49996e+07
41  32  4.49717e+07
41  33  4.84752e+07
41  34  3.6576e+07
41  35  4.07598e+07
41  36  5.35019e+07
41  37  4.24758e+07
41  38  3.60545e+07
41  39  4.38718e+07
41  40  6.28305e+07
41  41  6.2029e+07
41  42  5.26085e+07
41  43  6.438e+07
41  44  6.54991e+07
41  45  5.54376e+07
41  46  4.59938e+07
41  47  5.18586e+07
41  48  4.62597e+07
41  49  3.39963e+07
41  50  5.44281e+07
41  51  5.39345e+07
41  52  6.57367e+07
41  53  5.47467e+07
41  54  9.65738e+07
41  55  2.41389e+08
42  0  4.90231e+07
42  1  3.85068e+07
42  2  3.33256e+07
42  3  4.88099e+07
42  4  6.01939e+07
42  5  8.77731e+07
42  6  9.17226e+07
42  7  7.34023e+07
42  8  8.81909e+07
42  9  9.90292e+07
42  10  7.28327e+07
42  11  3.91556e+07
42  12  5.68042e+07
42  13  5.06762e+07
42  14  4.88355e+07
42  15  4.88086e+07
42  16  5.40316e+07
42  17  3.47018e+07
42  18  5.05718e+07
42  19  4.125e+07
42  20  4.91013e+07
42  21  4.3276e+07
42  22  3.57051e+07
42  23  3.4424e+07
42  24  3.91984e+07
42  25  5.00398e+07
42  26  3.41383e+07
42  27  4.19363e+07
42  28  3.21908e+07
42  29  4.9911e+07
42  30  5.98664e+07
42  31  6.23093e+07
42  32  4.21912e+07
42  33  3.7367e+07
42  34  5.23482e+07
42  35  3.72781e+07
42  36  4.2523e+07
42  37  6.37199e+07
42  38  4.86318e+07
42  39  4.5004e+07
42  40  5.72288e+07
42  41  6.15316e+07
42  42  7.15873e+07
42  43  7.24799e+07
42  44  6.62983e+07
42  45  6.58971e+07
42  46  5.89955e+07
42  47  5.86961e+07
42  48  6.10516e+07
42  49  3.75753e+07
42  50  4.57207e+07
42  51  5.1294e+07
42  52  7.27275e+07
42  53  6.88701e+07
42  54  9.57879e+07
42  55  2.49944e+08
43  0  3.34908e+07
43  1  3.3363e+07
43  2  3.72443e+07
43  3  3.47779e+07
43  4  7.5704e+07
43  5  8.8536e+07
43  6  8.59196e+07
43  7  8.20811e+07
43  8  8.82383e+07
43  9  8.11815e+07
43  10  7.72929e+07
43  11  5.72435e+07
43  12  5.25503e+07
43  13  4.22286e+07
43  14  3.60094e+07
43  15  3.86839e+07
43  16  5.49201e+07
43  17  4.83746e+07
43  18  3.64699e+07
43  19  3.98944e+07
43  20  4.84708e+07
43  21  4.66886e+07
43  22  4.59681e+07
43  23  4.91492e+07
43  24  4.50967e+07
43  25  4.43096e+07
43  26  4.90131e+07
43  27  3.56024e+07
43  28  4.13476e+07
43  29  5.05295e+07
43  30  4.55956e+07
43  31  4.36226e+07
43  32  4.38577e+07
43  33  3.90475e+07
43  34  4.00799e+07
43  35  4.09118e+07
43  36  4.2787e+07
43  37  5.25451e+07
43  38  3.78047e+07
43  39  3.74453e+07
43  40  4.58767e+07
43  41  5.57906e+07
43  42  5.42544e+07
43  43  7.61865e+07
43  44  5.56845e+07
43  45  5.08925e+07
43  46  5.62083e+07
43  47  6.41068e+07
43  48  6.29197e+07
43  49  5.50467e+07
43  50  3.80178e+07
43  51  4.65132e+07
43  52  7.69857e+07
43  53  6.37788e+07
43  54  9.02654e+07
43  55  1.62999e+08
44  0  4.51564e+07
44  1  2.78887e+07
44  2  3.35053e+07
44  3  4.17743e+07
44  4  6.46577e+07
44  5  8.91289e+07
44  6  8.82107e+07
44  7  8.37957e+07
44  8  8.16937e+07
44  9  8.40224e+07
44  10  7.95414e+07
44  11  5.59247e+07
44  12  4.9519e+07
44  13  4.16796e+07
44  14  3.84912e+07
44  15  4.31524e+07
44  16  4.40225e+07
44  17  3.29937e+07
44  18  4.2111e+07
44  19  4.28429e+07
44  20  3.9643e+07
44  21  4.25703e+07
44  22  3.20702e+07
44  23  3.84145e+07
44  24  4.49651e+07
44  25  4.69259e+07
44  26  3.35177e+07
44  27  3.8942e+07
44  28  4.50824e+07
44  29  4.65782e+07
44  30  4.49094e+07
44  31  4.558e+07
44  32  5.05439e+07
44  33  3.73364e+07
44  34  4.3626e+07
44  35  3.8173e+07
44  36  4.28809e+07
44  37  3.61544e+07
44  38  4.42112e+07
44  39  3.99145e+07
44  40  4.96253e+07
44  41  5.43298e+07
44  42  6.19569e+07
44  43  5.47719e+07
44  44  6.40964e+07
44  45  4.82946e+07
44  46  5.81206e+07
44  47  5.28266e+07
44  48  5.69153e+07
44  49  5.27706e+07
44  50  3.75202e+07
44  51  5.25066e+07
44  52  7.37356e+07
44  53  5.46694e+07
44  54  9.44291e+07
44  55  1.29639e+08
45  0  3.60481e+07
45  1  4.4383e+07
45  2  3.36372e+07
45  3  3.21928e+07
45  4  5.79327e+07
45  5  8.14177e+07
45  6  7.52623e+07
45  7  7.69917e+07
45  8  6.56154e+07
45  9  1.00248e+08
45  10  8.3835e+07
45  11  4.25073e+07
45  12  4.76011e+07
45  13  4.28374e+07
45  14  3.38729e+07
45  15  4.43387e+07
45  16  4.19631e+07
45  17  4.71277e+07
45  18  3.73975e+07
45  19  4.75019e+07
45  20  3.83585e+07
45  21  5.10325e+07
45  22  4.37697e+07
45  23  3.21681e+07
45  24  4.84556e+07
45  25  4.00296e+07
45  26  4.87889e+07
45  27  4.59893e+07
45  28  3.23838e+07
45  29  4.45474e+07
45  30  5.33646e+07
45  31  3.31482e+07
45  32  3.87764e+07
45  33  3.86858e+07
45  34  4.1878e+07
45  35  3.30649e+07
45  36  4.38575e+07
45  37  3.83906e+07
45  38  3.73955e+07
45  39  4.25229e+07
45  40  4.53815e+07
45  41  5.59121e+07
45  42  5.16276e+07
45  43  6.57905e+07
45  44  5.71611e+07
45  45  4.76526e+07
45  46  4.93917e+07
45  47  5.92091e+07
45  48  6.44788e+07
45  49  5.36873e+07
45  50  4.84036e+07
45  51  4.44904e+07
45  52  6.79725e+07
45  53  7.06657e+07
45  54  7.75556e+07
45  55  1.17533e+08
46  0  4.54017e+07
46  1  3.45933e+07
46  2  4.7839e+07
46  3  4.24235e+07
46  4  5.47212e+07
46  5  6.80249e+07
46  6  7.37898e+07
46  7  8.18572e+07
46  8  6.25385e+07
46  9  1.07745e+08
46  10  1.12014e+08
46  11  5.16971e+07
46  12  4.15568e+07
46  13  4.1678e+07
46  14  3.77735e+07
46  15  3.93986e+07
46  16  4.82448e+07
46  17  4.50838e+07
46  18  4.60158e+07
46  19  4.25786e+07
46  20  3.5533e+07
46  21  5.58833e+07
46  22  3.97598e+07
46  23  3.37298e+07
46  24  3.96026e+07
46  25  5.07204e+07
46  26  4.176e+07
46  27  3.44875e+07
46  28  4.47851e+07
46  29  6.05317e+07
46  30  4.34983e+07
46  31  4.37628e+07
46  32  3.33522e+07
46  33  3.41796e+07
46  34  4.2477e+07
46  35  4.21995e+07
46  36  3.40832e+07
46  37  3.77611e+07
46  38  3.48525e+07
46  39  4.08126e+07
46  40  4.56055e+07
46  41  4.99394e+07
46  42  4.97019e+07
46  43  4.70656e+07
46  44  4.99595e+07
46  45  6.0409e+07
46  46  5.60749e+07
46  47  4.90929e+07
46  48  5.97964e+07
46  49  4.921e+07
46  50  4.31276e+07
46  51  4.75318e+07
46  52  7.09535e+07
46  53  6.72558e+07
46  54  7.62647e+07
46  55  9.10327e+07
47  0  4.0214e+07
47  1  4.24707e+07
47  2  4.46431e+07
47  3  4.67323e+07
47  4  6.39141e+07
47  5  5.40275e+07
47  6  7.38478e+07
47  7  6.77976e+07
47  8  5.97e+07
47  9  7.92181e+07
47  10  7.88585e+07
47  11  4.84829e+07
47  12  4.05304e+07
47  13  4.41726e+07
47  14  3.62707e+07
47  15  4.53492e+07
47  16  4.96041e+07
47  17  3.20082e+07
47  18  4.04699e+07
47  19  4.00101e+07
47  20  5.65742e+07
47  21  3.85852e+07
47  22  4.39832e+07
47  23  3.51816e+07
47  24  3.97369e+07
47  25  4.77912e+07
47  26  4.44366e+07
47  27  4.35866e+07
47  28  4.19945e+07
47  29  4.61692e+07
47  30  4.82485e+07
47  31  3.34984e+07
47  32  4.04059e+07
47  33  4.27274e+07
47  34  5.28369e+07
47  35  3.85871e+07
47  36  4.70688e+07
47  37  4.49099e+07
47  38  3.49412e+07
47  39  3.60644e+07
47  40  3.98864e+07
47  41  4.25513e+07
47  42  4.35814e+07
47  43  5.79513e+07
47  44  4.4384e+07
47  45  5.31718e+07
47  46  4.7121e+07
47  47  5.47506e+07
47  48  6.45878e+07
47  49  5.59579e+07
47  50  4.28294e+07
47  51  3.55222e+07
47  52  7.51133e+07
47  53  6.93853e+07
47  54  7.92478e+07
47  55  8.64175e+07
48  0  4.53263e+07
48  1  3.29501e+07
48  2  4.10973e+07
48  3  3.91474e+07
48  4  5.43832e+07
48  5  7.1976e+07
48  6  7.36519e+07
48  7  7.32483e+07
48  8  6.17691e+07
48  9  6.98317e+07
48  10  6.50963e+07
48  11  4.2308e+07
48  12  3.98073e+07
48  13  4.57162e+07
48  14  3.49098e+07
48  15  5.04832e+07
48  16  4.51184e+07
48  17  4.18553e+07
48  18  3.66778e+07
48  19  3.6675e+07
48  20  5.36687e+07
48  21  4.14572e+07
48  22  4.22411e+07
48  23  4.63003e+07
48  24  4.58337e+07
48  25  3.56541e+07
48  26  4.35174e+07
48  27  4.54359e+07
48  28  4.37527e+07
48  29  4.51417e+07
48  30  5.05416e+07
48  31  4.24111e+07
48  32  2.69305e+07
48  33  4.07532e+07
48  34  4.56766e+07
48  35  2.98714e+07
48  36  4.10537e+07
48  37  3.9021e+07
48  38  2.93332e+07
48  39  3.96935e+07
48  40  4.95234e+07
48  41  3.90959e+07
48  42  5.18821e+07
48  43  4.00809e+07
48  44  4.48821e+07
48  45  5.05972e+07
48  46  3.3416e+07
48  47  5.64574e+07
48  48  6.52501e+07
48  49  5.23523e+07
48  50  3.29737e+07
48  51  3.95683e+07
48  52  5.95878e+07
48  53  7.70257e+07
48  54  8.33796e+07
48  55  8.84298e+07
49  0  2.62825e+07
49  1  3.91181e+07
49  2  3.84704e+07
49  3  4.13618e+07
49  4  5.18255e+07
49  5  6.83189e+07
49  6  4.9936e+07
49  7  6.21466e+07
49  8  5.6379e+07
49  9  6.0123e+07
49  10  5.52664e+07
49  11  4.21257e+07
49  12  3.335e+07
49  13  4.50293e+07
49  14  4.17191e+07
49  15  4.15686e+07
49  16  4.01339e+07
49  17  4.10874e+07
49  18  4.56411e+07
49  19  4.80346e+07
49  20  7.17275e+07
49  21  5.79918e+07
49  22  5.04384e+07
49  23  3.74455e+07
49  24  3.5392e+07
49  25  3.84535e+07
49  26  4.24488e+07
49  27  5.15554e+07
49  28  3.5998e+07
49  29  4.40764e+07
49  30  4.34575e+07
49  31  4.09702e+07
49  32  4.36506e+07
49  33  3.91215e+07
49  34  4.79881e+07
49  35  4.53872e+07
49  36  4.05077e+07
49  37  3.11535e+07
49  38  2.27977e+07
49  39  3.28576e+07
49  40  4.04417e+07
49  41  3.79483e+07
49  42  5.16003e+07
49  43  4.92052e+07
49  44  3.91101e+07
49  45  5.46636e+07
49  46  5.53496e+07
49  47  6.61074e+07
49  48  6.64271e+07
49  49  5.40061e+07
49  50  5.14281e+07
49  51  4.46899e+07
49  52  6.54058e+07
49  53  6.42441e+07
49  54  7.5338e+07
49  55  6.5638e+07
50  0  3.9952e+07
50  1  3.85087e+07
50  2  3.45059e+07
50  3  3.32002e+07
50  4  4.54812e+07
50  5  5.63798e+07
50  6  5.51942e+07
50  7  6.32397e+07
50  8  6.25497e+07
50  9  7.58475e+07
50  10  5.89757e+07
50  11  4.13933e+07
50  12  3.37746e+07
50  13  4.75914e+07
50  14  3.72805e+07
50  15  3.93073e+07
50  16  4.82021e+07
50  17  4.73717e+07
50  18  4.97659e+07
50  19  3.95574e+07
50  20  5.79673e+07
50  21  7.89179e+07
50  22  4.83217e+07
50  23  3.80242e+07
50  24  3.21057e+07
50  25  4.66821e+07
50  26  4.76747e+07
50  27  6.30063e+07
50  28  4.52031e+07
50  29  5.746e+07
50  30  7.63118e+07
50  31  4.27516e+07
50  32  3.97158e+07
50  33  4.38388e+07
50  34  4.73484e+07
50  35  4.04646e+07
50  36  3.26216e+07
50  37  3.68952e+07
50  38  2.55238e+07
50  39  3.36433e+07
50  40  4.80324e+07
50  41  4.02015e+07
50  42  4.37593e+07
50  43  3.40353e+07
50  44  5.75758e+07
50  45  5.69908e+07
50  46  4.9969e+07
50  47  6.24725e+07
50  48  6.74217e+07
50  49  6.81254e+07
50  50  6.43465e+07
50  51  3.09009e+07
50  52  5.26708e+07
50  53  7.30935e+07
50  54  7.92324e+07
50  55  5.98814e+07

