row  column  (images_10_7103.edf Fe_K*images_10_7103.edf Ar_K**2.3)
0  0  4.04141e+08
0  1  5.50683e+08
0  2  3.14362e+08
0  3  2.15771e+08
0  4  2.47756e+08
0  5  2.60384e+08
0  6  2.76774e+08
0  7  3.11606e+08
0  8  2.60438e+08
0  9  2.03604e+08
0  10  2.31646e+08
0  11  2.63612e+08
0  12  2.79853e+08
0  13  2.51417e+08
0  14  2.58014e+08
0  15  2.44274e+08
0  16  2.76246e+08
0  17  2.98633e+08
0  18  3.21893e+08
0  19  2.86914e+08
0  20  2.79714e+08
0  21  3.5568e+08
0  22  4.30963e+08
0  23  4.02557e+08
0  24  4.61923e+08
0  25  5.76163e+08
0  26  3.52512e+08
0  27  3.20557e+08
0  28  4.05567e+08
0  29  4.37235e+08
0  30  4.61848e+08
0  31  5.25699e+08
0  32  5.14585e+08
0  33  4.98568e+08
0  34  4.56488e+08
0  35  5.1803e+08
0  36  4.43482e+08
0  37  5.8941e+08
0  38  4.27387e+08
0  39  4.96172e+08
0  40  5.34706e+08
0  41  6.66055e+08
0  42  1.20434e+09
0  43  8.76658e+08
0  44  6.38976e+08
0  45  1.14747e+09
0  46  5.95486e+08
0  47  5.56128e+08
0  48  5.07553e+08
0  49  4.89714e+08
0  50  4.56997e+08
1  0  4.15634e+08
1  1  3.40187e+08
1  2  2.5938e+08
1  3  3.15604e+08
1  4  3.35649e+08
1  5  2.39456e+08
1  6  2.76004e+08
1  7  2.55953e+08
1  8  2.62464e+08
1  9  2.36552e+08
1  10  2.3098e+08
1  11  2.58857e+08
1  12  2.68403e+08
1  13  2.73485e+08
1  14  2.55119e+08
1  15  3.46016e+08
1  16  3.25078e+08
1  17  3.0617e+08
1  18  3.52763e+08
1  19  3.04665e+08
1  20  2.93592e+08
1  21  3.19603e+08
1  22  4.52232e+08
1  23  3.81253e+08
1  24  4.57202e+08
1  25  4.64203e+08
1  26  3.51119e+08
1  27  4.48826e+08
1  28  4.19154e+08
1  29  5.29441e+08
1  30  5.02211e+08
1  31  5.972e+08
1  32  4.1308e+08
1  33  5.44141e+08
1  34  6.04857e+08
1  35  3.76637e+08
1  36  5.11991e+08
1  37  5.58845e+08
1  38  4.44757e+08
1  39  5.93377e+08
1  40  6.34534e+08
1  41  7.82871e+08
1  42  9.76729e+08
1  43  6.66605e+08
1  44  6.8399e+08
1  45  1.00791e+09
1  46  5.29798e+08
1  47  4.73315e+08
1  48  4.87296e+08
1  49  4.17823e+08
1  50  4.40762e+08
2  0  3.3622e+08
2  1  3.82638e+08
2  2  2.67633e+08
2  3  2.88398e+08
2  4  2.32312e+08
2  5  2.97217e+08
2  6  2.30919e+08
2  7  2.30796e+08
2  8  3.04072e+08
2  9  3.1321e+08
2  10  2.92952e+08
2  11  2.7009e+08
2  12  2.87078e+08
2  13  3.02238e+08
2  14  2.96688e+08
2  15  3.05672e+08
2  16  2.85411e+08
2  17  3.62143e+08
2  18  3.15731e+08
2  19  2.94767e+08
2  20  3.39776e+08
2  21  3.02362e+08
2  22  3.87475e+08
2  23  3.9427e+08
2  24  5.40037e+08
2  25  5.45626e+08
2  26  4.26777e+08
2  27  3.84825e+08
2  28  3.84464e+08
2  29  4.6197e+08
2  30  4.84756e+08
2  31  5.45079e+08
2  32  4.76218e+08
2  33  4.46223e+08
2  34  4.93489e+08
2  35  3.47788e+08
2  36  3.95327e+08
2  37  4.61579e+08
2  38  5.02739e+08
2  39  5.2498e+08
2  40  5.40252e+08
2  41  5.41222e+08
2  42  9.66904e+08
2  43  6.8154e+08
2  44  6.03302e+08
2  45  8.80331e+08
2  46  6.25848e+08
2  47  4.21508e+08
2  48  4.51697e+08
2  49  4.22632e+08
2  50  4.41885e+08
3  0  3.85518e+08
3  1  2.77141e+08
3  2  2.57626e+08
3  3  2.98115e+08
3  4  2.52587e+08
3  5  2.68224e+08
3  6  2.7177e+08
3  7  2.28709e+08
3  8  2.28839e+08
3  9  2.79885e+08
3  10  3.12985e+08
3  11  2.21832e+08
3  12  3.21146e+08
3  13  3.28342e+08
3  14  3.147e+08
3  15  2.40069e+08
3  16  2.91826e+08
3  17  3.43712e+08
3  18  3.28052e+08
3  19  3.18195e+08
3  20  3.26225e+08
3  21  3.85029e+08
3  22  3.93287e+08
3  23  4.31177e+08
3  24  4.67324e+08
3  25  4.22202e+08
3  26  3.48863e+08
3  27  4.51004e+08
3  28  4.58893e+08
3  29  4.46559e+08
3  30  4.79852e+08
3  31  5.38742e+08
3  32  5.36967e+08
3  33  4.63023e+08
3  34  4.7916e+08
3  35  4.12858e+08
3  36  4.53254e+08
3  37  4.82235e+08
3  38  4.00253e+08
3  39  5.71469e+08
3  40  5.4985e+08
3  41  5.38389e+08
3  42  8.03685e+08
3  43  6.07609e+08
3  44  6.71888e+08
3  45  7.32437e+08
3  46  6.17063e+08
3  47  4.30708e+08
3  48  5.129e+08
3  49  4.94378e+08
3  50  4.76745e+08
4  0  3.99633e+08
4  1  2.988e+08
4  2  3.03237e+08
4  3  2.47858e+08
4  4  2.20621e+08
4  5  2.7007e+08
4  6  2.06982e+08
4  7  3.00856e+08
4  8  3.10445e+08
4  9  3.23086e+08
4  10  2.92374e+08
4  11  2.75226e+08
4  12  3.2758e+08
4  13  2.88628e+08
4  14  2.91366e+08
4  15  2.96379e+08
4  16  2.40058e+08
4  17  2.9772e+08
4  18  3.38374e+08
4  19  2.8569e+08
4  20  3.34041e+08
4  21  4.06667e+08
4  22  3.52452e+08
4  23  3.93422e+08
4  24  4.16928e+08
4  25  5.05596e+08
4  26  3.83573e+08
4  27  4.50783e+08
4  28  4.55275e+08
4  29  4.85631e+08
4  30  5.17558e+08
4  31  5.87006e+08
4  32  5.57695e+08
4  33  4.72486e+08
4  34  5.36776e+08
4  35  4.40329e+08
4  36  3.611e+08
4  37  4.52975e+08
4  38  4.74248e+08
4  39  4.81278e+08
4  40  5.60565e+08
4  41  5.43632e+08
4  42  7.79371e+08
4  43  5.88679e+08
4  44  7.24559e+08
4  45  6.70663e+08
4  46  6.04434e+08
4  47  4.64882e+08
4  48  4.55937e+08
4  49  3.54382e+08
4  50  4.68617e+08
5  0  3.19812e+08
5  1  2.90517e+08
5  2  2.7563e+08
5  3  3.18464e+08
5  4  2.89957e+08
5  5  2.70177e+08
5  6  2.27065e+08
5  7  2.34836e+08
5  8  2.26379e+08
5  9  3.13878e+08
5  10  2.61147e+08
5  11  2.98067e+08
5  12  2.92974e+08
5  13  2.97356e+08
5  14  2.10327e+08
5  15  2.58632e+08
5  16  2.84142e+08
5  17  2.9094e+08
5  18  2.74782e+08
5  19  3.39533e+08
5  20  3.26061e+08
5  21  3.84628e+08
5  22  4.1642e+08
5  23  4.31834e+08
5  24  5.29201e+08
5  25  4.31829e+08
5  26  3.90433e+08
5  27  4.58692e+08
5  28  5.21446e+08
5  29  4.25186e+08
5  30  5.80259e+08
5  31  5.51296e+08
5  32  5.1597e+08
5  33  4.22185e+08
5  34  4.95474e+08
5  35  4.52267e+08
5  36  5.18344e+08
5  37  4.50841e+08
5  38  3.64371e+08
5  39  5.6171e+08
5  40  5.61655e+08
5  41  5.87098e+08
5  42  7.48581e+08
5  43  6.1049e+08
5  44  6.85134e+08
5  45  5.66444e+08
5  46  6.06388e+08
5  47  4.65604e+08
5  48  4.58424e+08
5  49  6.1951e+08
5  50  4.91898e+08
6  0  3.44778e+08
6  1  2.89181e+08
6  2  3.41605e+08
6  3  3.12953e+08
6  4  3.00864e+08
6  5  2.52862e+08
6  6  2.78128e+08
6  7  2.20571e+08
6  8  2.83932e+08
6  9  2.64893e+08
6  10  2.53742e+08
6  11  2.84897e+08
6  12  2.94871e+08
6  13  3.2952e+08
6  14  3.10287e+08
6  15  3.42117e+08
6  16  2.81801e+08
6  17  2.30254e+08
6  18  3.19755e+08
6  19  3.06343e+08
6  20  3.79713e+08
6  21  3.44289e+08
6  22  3.35855e+08
6  23  3.92989e+08
6  24  4.39107e+08
6  25  4.17393e+08
6  26  4.25532e+08
6  27  5.99944e+08
6  28  4.74602e+08
6  29  5.22744e+08
6  30  4.78805e+08
6  31  5.92101e+08
6  32  4.8396e+08
6  33  4.41737e+08
6  34  4.08281e+08
6  35  4.49777e+08
6  36  4.325e+08
6  37  4.82684e+08
6  38  5.13096e+08
6  39  5.04885e+08
6  40  4.67657e+08
6  41  5.57726e+08
6  42  6.64097e+08
6  43  6.28494e+08
6  44  6.50394e+08
6  45  7.19895e+08
6  46  5.75635e+08
6  47  4.93591e+08
6  48  4.10192e+08
6  49  4.94569e+08
6  50  4.35923e+08
7  0  3.80741e+08
7  1  2.44938e+08
7  2  3.02283e+08
7  3  3.10699e+08
7  4  2.49777e+08
7  5  3.08265e+08
7  6  2.96961e+08
7  7  2.72898e+08
7  8  2.29353e+08
7  9  2.95504e+08
7  10  2.53611e+08
7  11  3.21022e+08
7  12  2.66734e+08
7  13  3.97919e+08
7  14  3.27393e+08
7  15  2.87628e+08
7  16  2.43803e+08
7  17  2.98325e+08
7  18  3.2167e+08
7  19  3.74403e+08
7  20  4.20158e+08
7  21  4.03992e+08
7  22  3.75997e+08
7  23  4.16029e+08
7  24  4.22745e+08
7  25  4.53348e+08
7  26  4.00662e+08
7  27  3.77955e+08
7  28  4.06682e+08
7  29  4.25437e+08
7  30  4.52274e+08
7  31  4.85943e+08
7  32  4.92263e+08
7  33  4.11334e+08
7  34  4.60397e+08
7  35  4.6069e+08
7  36  4.7845e+08
7  37  4.40998e+08
7  38  4.31724e+08
7  39  4.37076e+08
7  40  5.12832e+08
7  41  4.89566e+08
7  42  6.65435e+08
7  43  6.12391e+08
7  44  5.63562e+08
7  45  6.14324e+08
7  46  6.26888e+08
7  47  5.61542e+08
7  48  5.02142e+08
7  49  4.64015e+08
7  50  4.89747e+08
8  0  3.16368e+08
8  1  3.01945e+08
8  2  2.81097e+08
8  3  2.78968e+08
8  4  2.43264e+08
8  5  2.80878e+08
8  6  2.23296e+08
8  7  1.92639e+08
8  8  2.55507e+08
8  9  3.01845e+08
8  10  3.42744e+08
8  11  2.87433e+08
8  12  2.53501e+08
8  13  2.8071e+08
8  14  2.8716e+08
8  15  2.37958e+08
8  16  3.19864e+08
8  17  2.61947e+08
8  18  2.70271e+08
8  19  3.53999e+08
8  20  4.46754e+08
8  21  3.61068e+08
8  22  3.86303e+08
8  23  3.4452e+08
8  24  4.70664e+08
8  25  2.81566e+08
8  26  3.55187e+08
8  27  4.22356e+08
8  28  4.40884e+08
8  29  4.00245e+08
8  30  4.6501e+08
8  31  4.92002e+08
8  32  4.39308e+08
8  33  4.77374e+08
8  34  5.55162e+08
8  35  3.38577e+08
8  36  4.54018e+08
8  37  4.31708e+08
8  38  4.8372e+08
8  39  4.53607e+08
8  40  5.41856e+08
8  41  4.81969e+08
8  42  5.97898e+08
8  43  5.80409e+08
8  44  5.92258e+08
8  45  6.40067e+08
8  46  5.9774e+08
8  47  4.68358e+08
8  48  4.03779e+08
8  49  4.6553e+08
8  50  4.24557e+08
9  0  4.47179e+08
9  1  2.82799e+08
9  2  2.79622e+08
9  3  2.91165e+08
9  4  3.16621e+08
9  5  2.60364e+08
9  6  2.86856e+08
9  7  2.59195e+08
9  8  1.90057e+08
9  9  2.9546e+08
9  10  3.36522e+08
9  11  3.32624e+08
9  12  2.22363e+08
9  13  3.13935e+08
9  14  3.16534e+08
9  15  2.95322e+08
9  16  3.44339e+08
9  17  2.24334e+08
9  18  3.28228e+08
9  19  3.27292e+08
9  20  4.86212e+08
9  21  3.58481e+08
9  22  3.39398e+08
9  23  3.3906e+08
9  24  3.59463e+08
9  25  3.70059e+08
9  26  4.59483e+08
9  27  3.39203e+08
9  28  4.78453e+08
9  29  4.2748e+08
9  30  4.22038e+08
9  31  5.5221e+08
9  32  4.36243e+08
9  33  4.67677e+08
9  34  5.43548e+08
9  35  4.73026e+08
9  36  4.74683e+08
9  37  4.72894e+08
9  38  4.43657e+08
9  39  4.86959e+08
9  40  5.72126e+08
9  41  5.18781e+08
9  42  6.05574e+08
9  43  4.97528e+08
9  44  5.5924e+08
9  45  5.1544e+08
9  46  5.00808e+08
9  47  5.32779e+08
9  48  5.03737e+08
9  49  4.19691e+08
9  50  4.96447e+08
10  0  4.1457e+08
10  1  3.30455e+08
10  2  3.14911e+08
10  3  3.15189e+08
10  4  3.05858e+08
10  5  2.41175e+08
10  6  3.12539e+08
10  7  2.95262e+08
10  8  2.56742e+08
10  9  3.19019e+08
10  10  3.45528e+08
10  11  3.36036e+08
10  12  2.79523e+08
10  13  3.54272e+08
10  14  3.12144e+08
10  15  2.62542e+08
10  16  3.25026e+08
10  17  3.33297e+08
10  18  3.07007e+08
10  19  3.60518e+08
10  20  4.71931e+08
10  21  4.28747e+08
10  22  3.64864e+08
10  23  3.72426e+08
10  24  3.60104e+08
10  25  3.4017e+08
10  26  4.401e+08
10  27  3.60035e+08
10  28  4.25186e+08
10  29  3.43369e+08
10  30  4.35541e+08
10  31  3.95161e+08
10  32  4.92006e+08
10  33  5.18553e+08
10  34  5.43666e+08
10  35  5.04315e+08
10  36  4.60235e+08
10  37  5.24381e+08
10  38  4.44438e+08
10  39  3.72743e+08
10  40  3.77724e+08
10  41  4.26101e+08
10  42  5.64618e+08
10  43  6.78927e+08
10  44  5.97384e+08
10  45  5.78233e+08
10  46  5.9232e+08
10  47  5.99682e+08
10  48  4.34555e+08
10  49  4.27212e+08
10  50  4.31941e+08
11  0  3.86323e+08
11  1  3.36498e+08
11  2  2.80723e+08
11  3  3.06731e+08
11  4  2.59954e+08
11  5  2.24075e+08
11  6  2.3359e+08
11  7  2.45797e+08
11  8  2.45214e+08
11  9  3.0735e+08
11  10  3.40322e+08
11  11  2.91291e+08
11  12  2.81294e+08
11  13  3.20364e+08
11  14  2.18646e+08
11  15  2.52651e+08
11  16  3.21082e+08
11  17  3.18786e+08
11  18  3.15342e+08
11  19  4.04168e+08
11  20  4.76849e+08
11  21  3.83931e+08
11  22  3.66343e+08
11  23  2.95826e+08
11  24  3.45205e+08
11  25  3.08019e+08
11  26  4.15007e+08
11  27  4.22595e+08
11  28  4.271e+08
11  29  3.72552e+08
11  30  4.26149e+08
11  31  4.54641e+08
11  32  4.527e+08
11  33  4.96744e+08
11  34  6.68474e+08
11  35  4.40345e+08
11  36  5.02715e+08
11  37  4.00565e+08
11  38  4.38756e+08
11  39  4.92117e+08
11  40  4.04764e+08
11  41  6.14748e+08
11  42  5.23403e+08
11  43  5.42313e+08
11  44  5.48271e+08
11  45  4.82905e+08
11  46  4.59484e+08
11  47  5.68142e+08
11  48  5.32434e+08
11  49  5.53848e+08
11  50  5.31734e+08
12  0  3.84968e+08
12  1  3.64562e+08
12  2  2.82459e+08
12  3  2.59966e+08
12  4  2.95586e+08
12  5  2.42683e+08
12  6  3.37106e+08
12  7  2.79312e+08
12  8  2.47555e+08
12  9  2.4571e+08
12  10  3.39788e+08
12  11  2.94307e+08
12  12  2.43449e+08
12  13  3.08605e+08
12  14  3.34077e+08
12  15  3.42091e+08
12  16  4.14588e+08
12  17  4.14776e+08
12  18  2.76791e+08
12  19  4.17163e+08
12  20  6.46183e+08
12  21  4.26374e+08
12  22  3.68643e+08
12  23  3.07054e+08
12  24  4.03788e+08
12  25  3.54475e+08
12  26  4.52069e+08
12  27  3.54668e+08
12  28  4.60874e+08
12  29  4.85022e+08
12  30  4.31488e+08
12  31  4.96098e+08
12  32  4.85596e+08
12  33  3.76699e+08
12  34  5.70475e+08
12  35  4.44496e+08
12  36  5.29458e+08
12  37  4.981e+08
12  38  5.05539e+08
12  39  4.50057e+08
12  40  4.55474e+08
12  41  5.4541e+08
12  42  6.06621e+08
12  43  5.78212e+08
12  44  6.08311e+08
12  45  4.48386e+08
12  46  5.32981e+08
12  47  4.11328e+08
12  48  4.77405e+08
12  49  5.50829e+08
12  50  4.71804e+08
13  0  4.13495e+08
13  1  2.72301e+08
13  2  2.7534e+08
13  3  3.20769e+08
13  4  2.79765e+08
13  5  2.38353e+08
13  6  2.80105e+08
13  7  2.54342e+08
13  8  2.69978e+08
13  9  2.80714e+08
13  10  2.84985e+08
13  11  2.45161e+08
13  12  2.41729e+08
13  13  2.93385e+08
13  14  3.36178e+08
13  15  3.58064e+08
13  16  3.67632e+08
13  17  3.65605e+08
13  18  2.98472e+08
13  19  4.41878e+08
13  20  9.44068e+08
13  21  4.29926e+08
13  22  3.74677e+08
13  23  3.53276e+08
13  24  3.35857e+08
13  25  4.1693e+08
13  26  4.99861e+08
13  27  5.48891e+08
13  28  5.32374e+08
13  29  4.09353e+08
13  30  3.52545e+08
13  31  5.25992e+08
13  32  5.24341e+08
13  33  4.61067e+08
13  34  5.74029e+08
13  35  4.08092e+08
13  36  4.60149e+08
13  37  4.37168e+08
13  38  5.83336e+08
13  39  5.1267e+08
13  40  4.71107e+08
13  41  5.61319e+08
13  42  5.72314e+08
13  43  5.36506e+08
13  44  4.84293e+08
13  45  4.09372e+08
13  46  4.92564e+08
13  47  5.05538e+08
13  48  5.35506e+08
13  49  4.82693e+08
13  50  4.50159e+08
14  0  3.76062e+08
14  1  3.25691e+08
14  2  4.01417e+08
14  3  3.11739e+08
14  4  2.88696e+08
14  5  2.67103e+08
14  6  2.07138e+08
14  7  3.19738e+08
14  8  2.91357e+08
14  9  2.65995e+08
14  10  3.1035e+08
14  11  2.40788e+08
14  12  3.58948e+08
14  13  2.45485e+08
14  14  3.09065e+08
14  15  3.4312e+08
14  16  3.99838e+08
14  17  2.42094e+08
14  18  3.13402e+08
14  19  4.21454e+08
14  20  1.10471e+09
14  21  4.77024e+08
14  22  3.26688e+08
14  23  4.28563e+08
14  24  3.26184e+08
14  25  4.11952e+08
14  26  3.50941e+08
14  27  4.40366e+08
14  28  4.58126e+08
14  29  4.54254e+08
14  30  4.41436e+08
14  31  5.65051e+08
14  32  4.24447e+08
14  33  4.22614e+08
14  34  5.24273e+08
14  35  4.47156e+08
14  36  4.38492e+08
14  37  4.97661e+08
14  38  5.38187e+08
14  39  4.42321e+08
14  40  4.57079e+08
14  41  5.17052e+08
14  42  6.14944e+08
14  43  5.70194e+08
14  44  4.88192e+08
14  45  4.74405e+08
14  46  4.34333e+08
14  47  5.38495e+08
14  48  5.6788e+08
14  49  5.15678e+08
14  50  5.90365e+08
15  0  4.33062e+08
15  1  3.99833e+08
15  2  3.62492e+08
15  3  2.73142e+08
15  4  2.70808e+08
15  5  3.09968e+08
15  6  3.01676e+08
15  7  2.25328e+08
15  8  2.88114e+08
15  9  2.27897e+08
15  10  2.81564e+08
15  11  3.30513e+08
15  12  3.51721e+08
15  13  3.01385e+08
15  14  2.72548e+08
15  15  4.51579e+08
15  16  4.47043e+08
15  17  3.45897e+08
15  18  3.79802e+08
15  19  4.37632e+08
15  20  1.28464e+09
15  21  5.92317e+08
15  22  4.06195e+08
15  23  4.265e+08
15  24  3.5798e+08
15  25  3.6514e+08
15  26  3.93627e+08
15  27  4.57767e+08
15  28  4.67492e+08
15  29  4.28885e+08
15  30  4.75642e+08
15  31  5.68807e+08
15  32  4.7311e+08
15  33  4.30495e+08
15  34  4.71143e+08
15  35  4.60547e+08
15  36  4.8839e+08
15  37  3.97041e+08
15  38  5.05879e+08
15  39  4.29995e+08
15  40  5.17254e+08
15  41  5.39419e+08
15  42  6.50232e+08
15  43  5.00902e+08
15  44  5.16863e+08
15  45  4.31029e+08
15  46  5.34092e+08
15  47  5.50627e+08
15  48  5.35216e+08
15  49  5.95291e+08
15  50  6.07258e+08
16  0  4.11819e+08
16  1  2.97797e+08
16  2  3.2415e+08
16  3  3.19977e+08
16  4  2.99983e+08
16  5  2.28628e+08
16  6  2.87193e+08
16  7  2.55024e+08
16  8  3.02735e+08
16  9  3.28002e+08
16  10  3.17489e+08
16  11  3.37916e+08
16  12  2.67951e+08
16  13  3.24884e+08
16  14  3.5647e+08
16  15  3.39856e+08
16  16  4.90302e+08
16  17  4.00929e+08
16  18  3.71428e+08
16  19  4.32298e+08
16  20  1.68788e+09
16  21  7.74026e+08
16  22  4.41623e+08
16  23  4.72557e+08
16  24  4.44695e+08
16  25  3.90928e+08
16  26  4.38866e+08
16  27  5.7233e+08
16  28  4.46106e+08
16  29  4.63749e+08
16  30  4.33979e+08
16  31  6.06099e+08
16  32  4.07963e+08
16  33  4.59733e+08
16  34  5.0568e+08
16  35  4.38949e+08
16  36  3.92933e+08
16  37  4.06206e+08
16  38  4.8373e+08
16  39  4.19521e+08
16  40  4.50218e+08
16  41  5.09988e+08
16  42  4.96545e+08
16  43  4.8017e+08
16  44  4.55805e+08
16  45  3.98185e+08
16  46  4.55958e+08
16  47  5.47698e+08
16  48  6.18216e+08
16  49  6.31004e+08
16  50  6.25887e+08
17  0  4.32706e+08
17  1  3.66291e+08
17  2  3.29246e+08
17  3  3.41523e+08
17  4  2.72831e+08
17  5  2.84231e+08
17  6  3.02624e+08
17  7  2.27155e+08
17  8  3.0979e+08
17  9  2.28269e+08
17  10  3.25892e+08
17  11  3.1703e+08
17  12  3.32948e+08
17  13  2.9347e+08
17  14  3.34291e+08
17  15  3.71241e+08
17  16  6.53202e+08
17  17  4.08055e+08
17  18  4.55775e+08
17  19  5.96995e+08
17  20  2.76652e+09
17  21  5.74114e+08
17  22  5.23814e+08
17  23  4.91509e+08
17  24  3.76814e+08
17  25  4.34799e+08
17  26  4.87655e+08
17  27  5.72463e+08
17  28  3.94081e+08
17  29  4.2941e+08
17  30  4.32315e+08
17  31  5.14991e+08
17  32  4.02144e+08
17  33  4.43253e+08
17  34  4.72265e+08
17  35  5.09948e+08
17  36  4.39346e+08
17  37  4.62008e+08
17  38  4.93803e+08
17  39  4.48216e+08
17  40  4.61986e+08
17  41  4.58556e+08
17  42  5.90525e+08
17  43  4.8651e+08
17  44  5.43573e+08
17  45  3.99468e+08
17  46  4.55073e+08
17  47  4.48482e+08
17  48  5.2049e+08
17  49  5.24194e+08
17  50  5.73575e+08
18  0  4.17216e+08
18  1  3.79615e+08
18  2  3.51151e+08
18  3  3.22756e+08
18  4  3.01267e+08
18  5  3.10787e+08
18  6  2.33245e+08
18  7  2.74619e+08
18  8  2.84288e+08
18  9  2.67937e+08
18  10  3.04931e+08
18  11  2.8631e+08
18  12  3.06301e+08
18  13  3.93658e+08
18  14  4.1129e+08
18  15  3.83603e+08
18  16  7.12928e+08
18  17  3.87292e+08
18  18  4.08117e+08
18  19  6.13169e+08
18  20  1.38096e+09
18  21  5.02048e+08
18  22  6.03127e+08
18  23  4.87609e+08
18  24  3.30304e+08
18  25  4.50461e+08
18  26  6.18803e+08
18  27  5.41284e+08
18  28  4.17392e+08
18  29  4.57115e+08
18  30  4.39584e+08
18  31  4.54919e+08
18  32  3.5976e+08
18  33  4.3532e+08
18  34  4.64974e+08
18  35  3.81182e+08
18  36  5.15255e+08
18  37  4.05022e+08
18  38  5.02491e+08
18  39  4.47782e+08
18  40  4.7398e+08
18  41  4.03181e+08
18  42  5.93554e+08
18  43  4.81803e+08
18  44  5.24583e+08
18  45  4.26337e+08
18  46  5.21484e+08
18  47  5.28348e+08
18  48  5.66418e+08
18  49  4.79247e+08
18  50  5.18752e+08
19  0  4.82483e+08
19  1  4.2609e+08
19  2  3.16548e+08
19  3  4.07403e+08
19  4  3.4222e+08
19  5  3.15256e+08
19  6  2.59629e+08
19  7  3.08248e+08
19  8  3.14595e+08
19  9  2.84641e+08
19  10  2.68506e+08
19  11  3.03752e+08
19  12  3.21755e+08
19  13  3.02303e+08
19  14  3.60372e+08
19  15  4.07824e+08
19  16  6.58001e+08
19  17  4.54134e+08
19  18  4.12981e+08
19  19  5.17704e+08
19  20  1.20618e+09
19  21  5.36611e+08
19  22  5.29421e+08
19  23  4.37118e+08
19  24  4.25521e+08
19  25  3.91108e+08
19  26  5.99781e+08
19  27  5.60513e+08
19  28  4.99691e+08
19  29  5.35272e+08
19  30  5.04184e+08
19  31  4.83686e+08
19  32  4.72003e+08
19  33  3.86302e+08
19  34  4.66306e+08
19  35  4.22302e+08
19  36  4.81877e+08
19  37  4.90726e+08
19  38  4.9162e+08
19  39  4.7285e+08
19  40  5.34123e+08
19  41  4.85719e+08
19  42  5.54758e+08
19  43  4.99433e+08
19  44  5.01177e+08
19  45  4.87447e+08
19  46  4.11273e+08
19  47  4.84515e+08
19  48  4.67334e+08
19  49  4.47612e+08
19  50  6.06754e+08
20  0  5.0446e+08
20  1  3.55863e+08
20  2  3.77378e+08
20  3  3.72106e+08
20  4  2.95228e+08
20  5  3.07582e+08
20  6  2.66371e+08
20  7  3.18414e+08
20  8  2.74451e+08
20  9  3.13689e+08
20  10  3.03729e+08
20  11  3.65585e+08
20  12  3.31095e+08
20  13  3.68135e+08
20  14  3.11393e+08
20  15  3.68381e+08
20  16  5.64661e+08
20  17  3.66261e+08
20  18  3.98162e+08
20  19  4.64002e+08
20  20  9.374e+08
20  21  5.56981e+08
20  22  5.15108e+08
20  23  3.66672e+08
20  24  3.99922e+08
20  25  5.17522e+08
20  26  5.86579e+08
20  27  5.65266e+08
20  28  3.9737e+08
20  29  4.13502e+08
20  30  3.77811e+08
20  31  4.81421e+08
20  32  4.42901e+08
20  33  4.09603e+08
20  34  3.92019e+08
20  35  4.72784e+08
20  36  4.87011e+08
20  37  4.55614e+08
20  38  4.49676e+08
20  39  5.80066e+08
20  40  4.34186e+08
20  41  5.21354e+08
20  42  5.44912e+08
20  43  4.93224e+08
20  44  4.40769e+08
20  45  4.26631e+08
20  46  4.70958e+08
20  47  4.67915e+08
20  48  5.0041e+08
20  49  4.7558e+08
20  50  4.73472e+08
21  0  5.2953e+08
21  1  4.87225e+08
21  2  3.42189e+08
21  3  3.4736e+08
21  4  3.36707e+08
21  5  3.00571e+08
21  6  2.94506e+08
21  7  3.15941e+08
21  8  2.65262e+08
21  9  2.99019e+08
21  10  3.6435e+08
21  11  2.87379e+08
21  12  3.29874e+08
21  13  2.69846e+08
21  14  3.16122e+08
21  15  3.35002e+08
21  16  4.68627e+08
21  17  3.13403e+08
21  18  3.68063e+08
21  19  4.21812e+08
21  20  8.28911e+08
21  21  4.35937e+08
21  22  4.72644e+08
21  23  3.81421e+08
21  24  4.30502e+08
21  25  5.69645e+08
21  26  8.01182e+08
21  27  5.42202e+08
21  28  4.36944e+08
21  29  4.69216e+08
21  30  4.73714e+08
21  31  4.65179e+08
21  32  4.28277e+08
21  33  4.11298e+08
21  34  4.35327e+08
21  35  4.66267e+08
21  36  5.11613e+08
21  37  4.77826e+08
21  38  4.37026e+08
21  39  4.81494e+08
21  40  3.80934e+08
21  41  4.55693e+08
21  42  5.99499e+08
21  43  5.18922e+08
21  44  4.8091e+08
21  45  4.05247e+08
21  46  4.84113e+08
21  47  4.0815e+08
21  48  4.15542e+08
21  49  4.51775e+08
21  50  5.07344e+08
22  0  4.96177e+08
22  1  4.66769e+08
22  2  3.47928e+08
22  3  3.65094e+08
22  4  4.30914e+08
22  5  3.10578e+08
22  6  3.19641e+08
22  7  3.32867e+08
22  8  3.45594e+08
22  9  2.99308e+08
22  10  3.08749e+08
22  11  3.12211e+08
22  12  3.08284e+08
22  13  2.87662e+08
22  14  2.68774e+08
22  15  3.51269e+08
22  16  4.04344e+08
22  17  3.39269e+08
22  18  3.56783e+08
22  19  4.34772e+08
22  20  7.14944e+08
22  21  4.99768e+08
22  22  4.70233e+08
22  23  4.09229e+08
22  24  5.00667e+08
22  25  4.69775e+08
22  26  6.46451e+08
22  27  5.05395e+08
22  28  3.85237e+08
22  29  4.582e+08
22  30  4.5108e+08
22  31  4.70774e+08
22  32  4.82288e+08
22  33  4.65807e+08
22  34  3.15523e+08
22  35  4.62507e+08
22  36  4.26271e+08
22  37  4.10958e+08
22  38  4.66982e+08
22  39  5.14612e+08
22  40  4.332e+08
22  41  5.14879e+08
22  42  5.70865e+08
22  43  4.55693e+08
22  44  4.71601e+08
22  45  4.91911e+08
22  46  3.87113e+08
22  47  4.00827e+08
22  48  4.72899e+08
22  49  4.65337e+08
22  50  5.60873e+08
23  0  5.48141e+08
23  1  5.8716e+08
23  2  4.43234e+08
23  3  4.61258e+08
23  4  3.83663e+08
23  5  3.70196e+08
23  6  3.94412e+08
23  7  2.55935e+08
23  8  2.86306e+08
23  9  3.20906e+08
23  10  2.8788e+08
23  11  3.73366e+08
23  12  3.43756e+08
23  13  2.85934e+08
23  14  2.5562e+08
23  15  3.35853e+08
23  16  3.38518e+08
23  17  3.56959e+08
23  18  3.10861e+08
23  19  3.81143e+08
23  20  5.48748e+08
23  21  4.55114e+08
23  22  4.45242e+08
23  23  4.2976e+08
23  24  4.46946e+08
23  25  5.52313e+08
23  26  6.05772e+08
23  27  5.166e+08
23  28  4.38236e+08
23  29  4.69827e+08
23  30  4.36214e+08
23  31  4.31379e+08
23  32  4.67528e+08
23  33  4.57349e+08
23  34  4.54385e+08
23  35  3.59042e+08
23  36  5.14735e+08
23  37  3.74192e+08
23  38  4.47427e+08
23  39  4.5168e+08
23  40  4.96368e+08
23  41  4.98894e+08
23  42  5.35892e+08
23  43  4.01791e+08
23  44  4.37157e+08
23  45  4.36931e+08
23  46  4.54362e+08
23  47  4.7895e+08
23  48  4.0956e+08
23  49  5.22179e+08
23  50  5.90203e+08
24  0  4.65487e+08
24  1  4.96939e+08
24  2  4.89765e+08
24  3  4.55368e+08
24  4  3.44906e+08
24  5  3.30427e+08
24  6  3.70853e+08
24  7  2.99776e+08
24  8  3.15346e+08
24  9  3.27485e+08
24  10  2.75309e+08
24  11  3.31528e+08
24  12  3.45707e+08
24  13  2.73766e+08
24  14  3.11028e+08
24  15  3.18336e+08
24  16  2.88621e+08
24  17  3.49949e+08
24  18  4.12935e+08
24  19  3.26931e+08
24  20  4.82484e+08
24  21  4.34486e+08
24  22  3.5703e+08
24  23  4.09181e+08
24  24  4.5451e+08
24  25  7.02134e+08
24  26  6.95106e+08
24  27  4.26853e+08
24  28  3.5396e+08
24  29  4.51844e+08
24  30  4.80647e+08
24  31  4.80366e+08
24  32  3.96408e+08
24  33  4.63879e+08
24  34  4.12699e+08
24  35  4.30723e+08
24  36  4.97027e+08
24  37  4.19946e+08
24  38  4.90779e+08
24  39  4.56272e+08
24  40  3.87127e+08
24  41  4.90997e+08
24  42  4.97246e+08
24  43  3.9289e+08
24  44  4.00594e+08
24  45  4.68015e+08
24  46  4.18812e+08
24  47  4.67175e+08
24  48  3.67434e+08
24  49  4.55693e+08
24  50  5.08107e+08
25  0  5.47612e+08
25  1  5.17787e+08
25  2  4.69924e+08
25  3  5.30687e+08
25  4  4.14428e+08
25  5  4.04519e+08
25  6  3.95788e+08
25  7  3.57661e+08
25  8  3.20329e+08
25  9  3.39897e+08
25  10  3.55013e+08
25  11  3.44492e+08
25  12  3.66657e+08
25  13  2.91484e+08
25  14  3.73702e+08
25  15  3.05624e+08
25  16  3.67746e+08
25  17  3.10701e+08
25  18  3.70183e+08
25  19  4.94871e+08
25  20  4.78209e+08
25  21  4.39964e+08
25  22  3.82318e+08
25  23  4.01881e+08
25  24  4.5708e+08
25  25  7.4981e+08
25  26  6.21566e+08
25  27  4.63421e+08
25  28  4.04221e+08
25  29  5.02017e+08
25  30  4.50121e+08
25  31  5.97712e+08
25  32  4.88683e+08
25  33  4.90521e+08
25  34  4.56357e+08
25  35  4.68736e+08
25  36  5.09443e+08
25  37  3.71769e+08
25  38  5.1624e+08
25  39  4.51307e+08
25  40  4.80869e+08
25  41  3.95248e+08
25  42  5.44058e+08
25  43  4.20726e+08
25  44  4.14948e+08
25  45  4.61729e+08
25  46  4.82411e+08
25  47  4.58101e+08
25  48  3.68762e+08
25  49  4.31883e+08
25  50  5.07114e+08
26  0  5.02644e+08
26  1  5.34719e+08
26  2  6.30013e+08
26  3  5.27835e+08
26  4  4.65483e+08
26  5  4.04534e+08
26  6  4.00757e+08
26  7  3.7964e+08
26  8  3.19463e+08
26  9  4.17629e+08
26  10  3.4044e+08
26  11  3.76532e+08
26  12  4.07759e+08
26  13  3.16886e+08
26  14  3.24466e+08
26  15  2.84431e+08
26  16  3.19467e+08
26  17  3.80707e+08
26  18  3.3819e+08
26  19  3.88899e+08
26  20  4.12295e+08
26  21  3.66862e+08
26  22  4.80713e+08
26  23  4.19362e+08
26  24  3.93718e+08
26  25  7.63062e+08
26  26  7.05162e+08
26  27  3.91576e+08
26  28  4.27418e+08
26  29  4.34686e+08
26  30  5.12089e+08
26  31  6.14014e+08
26  32  5.11794e+08
26  33  4.12716e+08
26  34  3.33498e+08
26  35  4.38111e+08
26  36  4.87681e+08
26  37  4.03719e+08
26  38  3.63366e+08
26  39  4.62786e+08
26  40  4.34669e+08
26  41  4.87549e+08
26  42  5.19212e+08
26  43  4.18398e+08
26  44  4.35119e+08
26  45  4.84126e+08
26  46  3.91634e+08
26  47  5.15075e+08
26  48  4.1769e+08
26  49  4.22023e+08
26  50  4.82151e+08
27  0  3.98594e+08
27  1  4.53189e+08
27  2  5.37223e+08
27  3  5.22478e+08
27  4  5.01441e+08
27  5  4.63032e+08
27  6  3.50252e+08
27  7  3.62971e+08
27  8  3.97863e+08
27  9  3.77374e+08
27  10  3.42225e+08
27  11  3.93077e+08
27  12  3.90556e+08
27  13  3.50049e+08
27  14  3.31563e+08
27  15  3.26273e+08
27  16  3.46079e+08
27  17  3.41332e+08
27  18  4.30417e+08
27  19  3.69558e+08
27  20  4.04033e+08
27  21  3.77888e+08
27  22  4.71293e+08
27  23  3.91897e+08
27  24  5.15243e+08
27  25  1.0908e+09
27  26  6.19985e+08
27  27  4.15573e+08
27  28  4.75541e+08
27  29  4.59271e+08
27  30  5.50137e+08
27  31  6.6012e+08
27  32  5.05013e+08
27  33  5.47612e+08
27  34  4.57958e+08
27  35  4.48643e+08
27  36  3.98136e+08
27  37  4.17812e+08
27  38  4.30691e+08
27  39  4.77537e+08
27  40  5.03639e+08
27  41  5.0093e+08
27  42  4.90344e+08
27  43  4.44384e+08
27  44  4.56565e+08
27  45  4.65484e+08
27  46  4.33458e+08
27  47  3.78012e+08
27  48  3.79543e+08
27  49  4.26239e+08
27  50  5.66724e+08
28  0  4.42714e+08
28  1  4.0727e+08
28  2  5.09891e+08
28  3  5.40625e+08
28  4  4.65458e+08
28  5  5.75364e+08
28  6  4.55314e+08
28  7  3.98361e+08
28  8  4.53451e+08
28  9  4.56047e+08
28  10  3.7488e+08
28  11  4.62468e+08
28  12  4.07593e+08
28  13  3.57665e+08
28  14  3.29382e+08
28  15  4.07862e+08
28  16  3.62785e+08
28  17  4.19758e+08
28  18  3.3588e+08
28  19  4.16868e+08
28  20  4.47326e+08
28  21  4.00082e+08
28  22  4.81325e+08
28  23  4.43205e+08
28  24  4.15565e+08
28  25  1.25067e+09
28  26  8.17918e+08
28  27  5.14867e+08
28  28  4.64276e+08
28  29  4.40403e+08
28  30  6.19897e+08
28  31  7.96641e+08
28  32  4.76887e+08
28  33  5.37391e+08
28  34  4.99286e+08
28  35  4.33148e+08
28  36  5.00784e+08
28  37  3.92744e+08
28  38  4.18093e+08
28  39  4.16555e+08
28  40  4.82844e+08
28  41  5.33145e+08
28  42  5.23124e+08
28  43  4.24568e+08
28  44  3.60831e+08
28  45  4.70697e+08
28  46  4.01036e+08
28  47  3.75158e+08
28  48  3.93898e+08
28  49  4.01263e+08
28  50  5.14196e+08
29  0  4.56654e+08
29  1  4.69809e+08
29  2  5.2709e+08
29  3  5.13834e+08
29  4  4.94075e+08
29  5  5.10634e+08
29  6  4.59778e+08
29  7  5.48001e+08
29  8  4.57173e+08
29  9  4.90633e+08
29  10  4.811e+08
29  11  4.85844e+08
29  12  5.80389e+08
29  13  4.39775e+08
29  14  4.3042e+08
29  15  4.24777e+08
29  16  4.12399e+08
29  17  3.91323e+08
29  18  3.60716e+08
29  19  4.09176e+08
29  20  4.16611e+08
29  21  4.12071e+08
29  22  5.28979e+08
29  23  4.25246e+08
29  24  5.13293e+08
29  25  1.07505e+09
29  26  6.99093e+08
29  27  5.03419e+08
29  28  4.35477e+08
29  29  4.87012e+08
29  30  5.92916e+08
29  31  1.01964e+09
29  32  5.21806e+08
29  33  4.68565e+08
29  34  4.29618e+08
29  35  3.3553e+08
29  36  4.88137e+08
29  37  3.66801e+08
29  38  4.02108e+08
29  39  4.31155e+08
29  40  5.26917e+08
29  41  4.28961e+08
29  42  4.88711e+08
29  43  4.62056e+08
29  44  4.22017e+08
29  45  4.92929e+08
29  46  4.01619e+08
29  47  3.87991e+08
29  48  3.86793e+08
29  49  3.90952e+08
29  50  5.21404e+08
30  0  4.22579e+08
30  1  4.01185e+08
30  2  5.3059e+08
30  3  5.91705e+08
30  4  4.52144e+08
30  5  5.10536e+08
30  6  4.38694e+08
30  7  4.61142e+08
30  8  4.94985e+08
30  9  5.74698e+08
30  10  5.87039e+08
30  11  5.77661e+08
30  12  5.55846e+08
30  13  4.93832e+08
30  14  4.01794e+08
30  15  4.18314e+08
30  16  3.77539e+08
30  17  4.1001e+08
30  18  4.44385e+08
30  19  3.89519e+08
30  20  4.62571e+08
30  21  4.96585e+08
30  22  4.77915e+08
30  23  4.38963e+08
30  24  4.39899e+08
30  25  7.95493e+08
30  26  6.76808e+08
30  27  5.25718e+08
30  28  4.62529e+08
30  29  4.68184e+08
30  30  6.52939e+08
30  31  1.13986e+09
30  32  4.86098e+08
30  33  5.08007e+08
30  34  4.88821e+08
30  35  4.23e+08
30  36  4.36164e+08
30  37  3.88097e+08
30  38  5.14153e+08
30  39  4.6542e+08
30  40  5.20544e+08
30  41  4.04425e+08
30  42  4.31678e+08
30  43  5.13354e+08
30  44  3.75147e+08
30  45  4.80072e+08
30  46  4.70971e+08
30  47  4.09218e+08
30  48  3.99711e+08
30  49  4.52652e+08
30  50  5.48415e+08
31  0  4.14275e+08
31  1  4.66878e+08
31  2  5.32721e+08
31  3  4.45659e+08
31  4  4.23876e+08
31  5  3.79951e+08
31  6  5.00305e+08
31  7  4.81255e+08
31  8  5.30145e+08
31  9  5.89348e+08
31  10  6.46363e+08
31  11  5.6882e+08
31  12  5.85553e+08
31  13  4.46027e+08
31  14  4.16724e+08
31  15  4.3756e+08
31  16  4.94843e+08
31  17  4.54545e+08
31  18  4.06596e+08
31  19  4.04259e+08
31  20  4.4403e+08
31  21  4.54659e+08
31  22  4.56472e+08
31  23  4.87537e+08
31  24  4.43497e+08
31  25  6.9126e+08
31  26  5.60537e+08
31  27  4.50773e+08
31  28  5.22754e+08
31  29  5.1242e+08
31  30  6.84557e+08
31  31  1.60033e+09
31  32  4.88292e+08
31  33  4.50829e+08
31  34  4.67272e+08
31  35  4.47998e+08
31  36  4.24029e+08
31  37  4.43686e+08
31  38  4.6834e+08
31  39  4.9078e+08
31  40  5.51239e+08
31  41  4.34438e+08
31  42  4.64443e+08
31  43  5.16289e+08
31  44  4.48377e+08
31  45  4.68828e+08
31  46  4.80653e+08
31  47  4.01994e+08
31  48  4.36239e+08
31  49  4.15612e+08
31  50  4.93948e+08
32  0  3.6728e+08
32  1  4.04493e+08
32  2  5.24625e+08
32  3  4.19236e+08
32  4  4.18709e+08
32  5  3.58339e+08
32  6  4.04168e+08
32  7  4.88973e+08
32  8  4.83601e+08
32  9  4.81313e+08
32  10  6.22518e+08
32  11  6.31224e+08
32  12  6.3369e+08
32  13  4.93261e+08
32  14  5.4225e+08
32  15  5.93018e+08
32  16  4.5686e+08
32  17  4.80192e+08
32  18  4.27253e+08
32  19  5.15213e+08
32  20  5.40068e+08
32  21  4.90886e+08
32  22  6.04035e+08
32  23  5.44566e+08
32  24  4.95533e+08
32  25  5.63171e+08
32  26  6.15834e+08
32  27  4.68668e+08
32  28  5.31218e+08
32  29  5.38078e+08
32  30  5.62734e+08
32  31  1.12618e+09
32  32  5.25884e+08
32  33  5.24905e+08
32  34  3.39684e+08
32  35  3.99648e+08
32  36  4.64123e+08
32  37  4.61658e+08
32  38  4.64545e+08
32  39  4.55698e+08
32  40  4.91233e+08
32  41  4.57386e+08
32  42  4.43602e+08
32  43  4.85605e+08
32  44  4.13631e+08
32  45  4.45634e+08
32  46  3.90852e+08
32  47  4.813e+08
32  48  4.33439e+08
32  49  4.39928e+08
32  50  5.49062e+08
33  0  2.92516e+08
33  1  3.97713e+08
33  2  5.76079e+08
33  3  3.26497e+08
33  4  3.91464e+08
33  5  3.77884e+08
33  6  4.54059e+08
33  7  4.56186e+08
33  8  4.71968e+08
33  9  4.6871e+08
33  10  4.30885e+08
33  11  6.0888e+08
33  12  5.03309e+08
33  13  4.80795e+08
33  14  4.63951e+08
33  15  5.47005e+08
33  16  5.56929e+08
33  17  5.88233e+08
33  18  4.9741e+08
33  19  4.49723e+08
33  20  5.37555e+08
33  21  5.68107e+08
33  22  5.60702e+08
33  23  4.60689e+08
33  24  4.61659e+08
33  25  5.79898e+08
33  26  5.86143e+08
33  27  5.08424e+08
33  28  4.89342e+08
33  29  5.26881e+08
33  30  5.26471e+08
33  31  9.74003e+08
33  32  5.22527e+08
33  33  4.6647e+08
33  34  4.62377e+08
33  35  3.79944e+08
33  36  4.83127e+08
33  37  5.03936e+08
33  38  4.64858e+08
33  39  4.54399e+08
33  40  5.16578e+08
33  41  4.229e+08
33  42  3.84637e+08
33  43  4.69742e+08
33  44  4.04664e+08
33  45  4.06084e+08
33  46  4.45931e+08
33  47  5.13042e+08
33  48  5.12794e+08
33  49  4.80088e+08
33  50  5.59312e+08
34  0  4.02569e+08
34  1  4.55033e+08
34  2  4.78576e+08
34  3  2.9885e+08
34  4  3.18423e+08
34  5  4.01083e+08
34  6  3.73746e+08
34  7  4.28543e+08
34  8  4.68455e+08
34  9  4.37842e+08
34  10  4.00131e+08
34  11  5.17357e+08
34  12  6.01385e+08
34  13  4.74634e+08
34  14  4.50123e+08
34  15  5.67775e+08
34  16  5.79156e+08
34  17  7.32547e+08
34  18  4.9146e+08
34  19  5.51972e+08
34  20  5.19678e+08
34  21  5.94691e+08
34  22  5.63106e+08
34  23  5.17639e+08
34  24  5.20631e+08
34  25  6.10969e+08
34  26  5.8786e+08
34  27  5.29459e+08
34  28  5.33358e+08
34  29  5.10082e+08
34  30  5.81301e+08
34  31  7.93638e+08
34  32  5.1949e+08
34  33  5.39459e+08
34  34  4.16874e+08
34  35  4.23874e+08
34  36  4.15846e+08
34  37  5.04184e+08
34  38  4.94361e+08
34  39  4.87898e+08
34  40  5.20772e+08
34  41  4.42187e+08
34  42  3.98313e+08
34  43  4.18683e+08
34  44  4.77622e+08
34  45  5.23888e+08
34  46  4.55932e+08
34  47  5.96357e+08
34  48  5.16633e+08
34  49  4.91394e+08
34  50  5.78683e+08
35  0  3.74248e+08
35  1  5.65155e+08
35  2  4.45125e+08
35  3  3.69205e+08
35  4  3.50006e+08
35  5  3.90841e+08
35  6  4.04048e+08
35  7  4.35335e+08
35  8  3.55658e+08
35  9  4.36168e+08
35  10  3.94332e+08
35  11  3.83714e+08
35  12  5.12468e+08
35  13  4.62659e+08
35  14  4.75411e+08
35  15  4.51527e+08
35  16  5.37432e+08
35  17  5.58151e+08
35  18  5.66361e+08
35  19  5.88529e+08
35  20  5.64331e+08
35  21  5.78513e+08
35  22  6.2564e+08
35  23  5.66231e+08
35  24  4.56506e+08
35  25  5.33205e+08
35  26  5.99105e+08
35  27  5.64711e+08
35  28  5.31929e+08
35  29  5.40252e+08
35  30  5.76924e+08
35  31  7.80721e+08
35  32  5.3356e+08
35  33  5.46268e+08
35  34  4.46027e+08
35  35  4.6375e+08
35  36  4.80638e+08
35  37  4.7662e+08
35  38  4.732e+08
35  39  4.3621e+08
35  40  4.36972e+08
35  41  4.78389e+08
35  42  4.91523e+08
35  43  5.01962e+08
35  44  5.70581e+08
35  45  4.39194e+08
35  46  4.78959e+08
35  47  5.02944e+08
35  48  5.22553e+08
35  49  5.34567e+08
35  50  5.55628e+08
36  0  3.30213e+08
36  1  3.92555e+08
36  2  4.29618e+08
36  3  3.79779e+08
36  4  3.25713e+08
36  5  4.43078e+08
36  6  4.05758e+08
36  7  3.43059e+08
36  8  3.88114e+08
36  9  3.19114e+08
36  10  3.82227e+08
36  11  4.13822e+08
36  12  4.41477e+08
36  13  4.34036e+08
36  14  4.04464e+08
36  15  4.99728e+08
36  16  5.85121e+08
36  17  5.01155e+08
36  18  5.93371e+08
36  19  6.31681e+08
36  20  5.88613e+08
36  21  6.80273e+08
36  22  6.23548e+08
36  23  5.32001e+08
36  24  4.90237e+08
36  25  5.5449e+08
36  26  5.54589e+08
36  27  6.33537e+08
36  28  5.71187e+08
36  29  6.07094e+08
36  30  5.25432e+08
36  31  6.71535e+08
36  32  5.49448e+08
36  33  5.67815e+08
36  34  5.02178e+08
36  35  3.87488e+08
36  36  4.80944e+08
36  37  5.65313e+08
36  38  5.58864e+08
36  39  4.38674e+08
36  40  5.07489e+08
36  41  5.99195e+08
36  42  4.78834e+08
36  43  4.79721e+08
36  44  5.81928e+08
36  45  5.07447e+08
36  46  5.92667e+08
36  47  5.12045e+08
36  48  5.20423e+08
36  49  5.50592e+08
36  50  5.82393e+08
37  0  3.22253e+08
37  1  3.52375e+08
37  2  3.80302e+08
37  3  3.23916e+08
37  4  3.20516e+08
37  5  4.18096e+08
37  6  4.10594e+08
37  7  3.9636e+08
37  8  3.82881e+08
37  9  4.09654e+08
37  10  4.44177e+08
37  11  3.40227e+08
37  12  3.80028e+08
37  13  4.16846e+08
37  14  4.63953e+08
37  15  4.57174e+08
37  16  4.96573e+08
37  17  5.52017e+08
37  18  6.41646e+08
37  19  6.31044e+08
37  20  7.26248e+08
37  21  6.54064e+08
37  22  5.9032e+08
37  23  5.68544e+08
37  24  4.27376e+08
37  25  6.25829e+08
37  26  6.87315e+08
37  27  5.73567e+08
37  28  6.21189e+08
37  29  6.94117e+08
37  30  6.68862e+08
37  31  7.54755e+08
37  32  6.10319e+08
37  33  6.04364e+08
37  34  5.64355e+08
37  35  4.6282e+08
37  36  4.88566e+08
37  37  4.65314e+08
37  38  4.99891e+08
37  39  5.53684e+08
37  40  4.82986e+08
37  41  6.25565e+08
37  42  5.63206e+08
37  43  4.88801e+08
37  44  6.04716e+08
37  45  6.08361e+08
37  46  5.62134e+08
37  47  5.63062e+08
37  48  5.39896e+08
37  49  4.25581e+08
37  50  5.95626e+08
38  0  3.24821e+08
38  1  2.7211e+08
38  2  3.20328e+08
38  3  2.7968e+08
38  4  3.82087e+08
38  5  3.92798e+08
38  6  4.18708e+08
38  7  4.65237e+08
38  8  3.31131e+08
38  9  3.70517e+08
38  10  4.10632e+08
38  11  3.76069e+08
38  12  4.133e+08
38  13  3.51513e+08
38  14  4.29619e+08
38  15  4.30517e+08
38  16  4.64995e+08
38  17  4.67917e+08
38  18  6.33215e+08
38  19  7.25311e+08
38  20  7.52045e+08
38  21  6.40503e+08
38  22  7.58141e+08
38  23  5.41771e+08
38  24  4.38555e+08
38  25  7.33404e+08
38  26  6.69095e+08
38  27  6.10566e+08
38  28  6.22475e+08
38  29  7.04955e+08
38  30  5.79877e+08
38  31  7.09424e+08
38  32  6.68376e+08
38  33  7.98251e+08
38  34  6.08997e+08
38  35  5.65801e+08
38  36  5.51444e+08
38  37  5.39068e+08
38  38  5.88537e+08
38  39  5.83658e+08
38  40  5.39795e+08
38  41  5.90695e+08
38  42  5.40656e+08
38  43  5.71788e+08
38  44  6.46783e+08
38  45  6.37885e+08
38  46  6.75227e+08
38  47  6.19594e+08
38  48  6.33744e+08
38  49  5.15823e+08
38  50  5.37876e+08
39  0  3.74212e+08
39  1  3.92031e+08
39  2  2.59721e+08
39  3  3.49427e+08
39  4  4.30776e+08
39  5  4.25878e+08
39  6  4.2687e+08
39  7  4.24941e+08
39  8  3.74957e+08
39  9  3.42384e+08
39  10  4.46312e+08
39  11  3.57639e+08
39  12  2.98847e+08
39  13  2.74361e+08
39  14  4.25012e+08
39  15  4.33557e+08
39  16  5.37361e+08
39  17  5.21914e+08
39  18  5.98244e+08
39  19  6.89135e+08
39  20  6.85916e+08
39  21  7.49076e+08
39  22  7.56778e+08
39  23  4.86561e+08
39  24  4.71943e+08
39  25  7.16156e+08
39  26  6.47783e+08
39  27  6.65808e+08
39  28  7.05013e+08
39  29  7.6447e+08
39  30  5.73684e+08
39  31  7.77053e+08
39  32  6.72426e+08
39  33  8.40485e+08
39  34  5.78818e+08
39  35  4.94372e+08
39  36  5.49698e+08
39  37  5.76497e+08
39  38  6.09291e+08
39  39  6.66982e+08
39  40  6.57204e+08
39  41  7.2671e+08
39  42  5.84031e+08
39  43  6.70036e+08
39  44  6.7835e+08
39  45  7.53634e+08
39  46  6.75202e+08
39  47  7.11141e+08
39  48  7.43262e+08
39  49  6.54462e+08
39  50  6.52071e+08
40  0  3.46585e+08
40  1  3.22413e+08
40  2  2.8347e+08
40  3  3.68785e+08
40  4  4.35692e+08
40  5  3.97064e+08
40  6  5.002e+08
40  7  3.58353e+08
40  8  4.21531e+08
40  9  3.91522e+08
40  10  3.3292e+08
40  11  4.10379e+08
40  12  4.0296e+08
40  13  3.90326e+08
40  14  3.55599e+08
40  15  4.74433e+08
40  16  4.44256e+08
40  17  5.69863e+08
40  18  6.14536e+08
40  19  6.05895e+08
40  20  7.60685e+08
40  21  7.28639e+08
40  22  8.06119e+08
40  23  6.13244e+08
40  24  5.09451e+08
40  25  6.58996e+08
40  26  7.20594e+08
40  27  7.42756e+08
40  28  6.62213e+08
40  29  7.79323e+08
40  30  6.8817e+08
40  31  7.46563e+08
40  32  6.73096e+08
40  33  1.07149e+09
40  34  7.09395e+08
40  35  5.54063e+08
40  36  6.02276e+08
40  37  6.1122e+08
40  38  6.44028e+08
40  39  6.67399e+08
40  40  6.1059e+08
40  41  6.41162e+08
40  42  6.482e+08
40  43  6.87726e+08
40  44  7.18164e+08
40  45  6.56601e+08
40  46  7.6937e+08
40  47  8.7605e+08
40  48  6.38288e+08
40  49  6.5373e+08
40  50  6.81806e+08
41  0  3.31702e+08
41  1  3.25447e+08
41  2  3.40955e+08
41  3  4.25121e+08
41  4  3.07347e+08
41  5  2.91615e+08
41  6  5.32271e+08
41  7  3.98993e+08
41  8  3.85832e+08
41  9  4.1253e+08
41  10  3.7912e+08
41  11  4.95873e+08
41  12  3.74078e+08
41  13  4.05848e+08
41  14  3.80869e+08
41  15  3.53525e+08
41  16  4.71269e+08
41  17  5.32445e+08
41  18  5.19944e+08
41  19  7.03815e+08
41  20  7.36291e+08
41  21  7.72045e+08
41  22  7.11059e+08
41  23  6.62069e+08
41  24  6.22886e+08
41  25  7.49848e+08
41  26  7.18714e+08
41  27  7.72586e+08
41  28  7.96365e+08
41  29  9.23733e+08
41  30  6.97857e+08
41  31  6.78543e+08
41  32  7.79072e+08
41  33  1.24446e+09
41  34  6.92069e+08
41  35  6.64301e+08
41  36  5.86636e+08
41  37  7.24035e+08
41  38  6.78985e+08
41  39  5.64647e+08
41  40  6.00713e+08
41  41  7.09305e+08
41  42  7.16138e+08
41  43  6.84774e+08
41  44  7.05098e+08
41  45  7.27616e+08
41  46  7.58173e+08
41  47  8.87529e+08
41  48  6.54753e+08
41  49  6.91947e+08
41  50  7.98142e+08
42  0  3.18867e+08
42  1  2.84777e+08
42  2  3.24243e+08
42  3  2.84734e+08
42  4  3.2753e+08
42  5  2.9647e+08
42  6  4.44857e+08
42  7  3.79903e+08
42  8  3.96709e+08
42  9  4.48535e+08
42  10  4.46845e+08
42  11  4.94852e+08
42  12  3.99305e+08
42  13  4.36422e+08
42  14  3.06955e+08
42  15  3.48279e+08
42  16  4.12551e+08
42  17  4.32011e+08
42  18  5.43011e+08
42  19  4.94848e+08
42  20  6.52948e+08
42  21  7.10504e+08
42  22  7.96567e+08
42  23  5.79038e+08
42  24  5.40326e+08
42  25  6.9732e+08
42  26  8.51532e+08
42  27  8.18274e+08
42  28  6.9439e+08
42  29  9.35848e+08
42  30  6.99398e+08
42  31  6.14355e+08
42  32  6.88084e+08
42  33  1.01048e+09
42  34  9.39062e+08
42  35  7.09967e+08
42  36  6.15011e+08
42  37  6.98084e+08
42  38  7.62144e+08
42  39  7.1496e+08
42  40  6.74307e+08
42  41  6.06441e+08
42  42  6.18031e+08
42  43  6.00362e+08
42  44  6.83352e+08
42  45  6.82562e+08
42  46  6.81622e+08
42  47  8.85333e+08
42  48  6.60923e+08
42  49  7.01805e+08
42  50  7.69871e+08
43  0  2.69965e+08
43  1  3.20859e+08
43  2  2.37312e+08
43  3  2.89352e+08
43  4  2.93927e+08
43  5  2.85492e+08
43  6  4.16555e+08
43  7  3.83549e+08
43  8  3.59332e+08
43  9  4.15592e+08
43  10  4.91453e+08
43  11  5.31367e+08
43  12  4.08396e+08
43  13  3.3898e+08
43  14  3.5777e+08
43  15  4.47076e+08
43  16  4.44395e+08
43  17  5.22821e+08
43  18  5.211e+08
43  19  5.13126e+08
43  20  5.25517e+08
43  21  6.00454e+08
43  22  7.28081e+08
43  23  6.55662e+08
43  24  6.60788e+08
43  25  6.45568e+08
43  26  8.32986e+08
43  27  7.75768e+08
43  28  8.02355e+08
43  29  8.01789e+08
43  30  7.30368e+08
43  31  6.71242e+08
43  32  5.99034e+08
43  33  8.78623e+08
43  34  8.02776e+08
43  35  6.87213e+08
43  36  7.36208e+08
43  37  7.29135e+08
43  38  6.95717e+08
43  39  6.52469e+08
43  40  5.84999e+08
43  41  6.20666e+08
43  42  5.20198e+08
43  43  5.64601e+08
43  44  5.49981e+08
43  45  6.67203e+08
43  46  7.20009e+08
43  47  1.10377e+09
43  48  6.50323e+08
43  49  6.74704e+08
43  50  8.05805e+08
44  0  2.74171e+08
44  1  3.08867e+08
44  2  2.43762e+08
44  3  2.5338e+08
44  4  3.34648e+08
44  5  4.24897e+08
44  6  3.32343e+08
44  7  2.82723e+08
44  8  3.64212e+08
44  9  4.80668e+08
44  10  4.49431e+08
44  11  6.01688e+08
44  12  3.86639e+08
44  13  3.89658e+08
44  14  3.27688e+08
44  15  4.31231e+08
44  16  4.95012e+08
44  17  4.30748e+08
44  18  3.74637e+08
44  19  5.32315e+08
44  20  5.2504e+08
44  21  5.63695e+08
44  22  4.60174e+08
44  23  4.47697e+08
44  24  5.32595e+08
44  25  5.88838e+08
44  26  7.69566e+08
44  27  7.37918e+08
44  28  7.76128e+08
44  29  8.33833e+08
44  30  6.86395e+08
44  31  7.60846e+08
44  32  6.16026e+08
44  33  8.55258e+08
44  34  7.84783e+08
44  35  6.3142e+08
44  36  6.00734e+08
44  37  7.35795e+08
44  38  6.67897e+08
44  39  5.76409e+08
44  40  5.21227e+08
44  41  5.10102e+08
44  42  4.89454e+08
44  43  5.43677e+08
44  44  5.55304e+08
44  45  5.14016e+08
44  46  4.59101e+08
44  47  1.10024e+09
44  48  8.33384e+08
44  49  6.18683e+08
44  50  7.41183e+08
45  0  3.27092e+08
45  1  2.78996e+08
45  2  3.2333e+08
45  3  2.64693e+08
45  4  2.67363e+08
45  5  2.77078e+08
45  6  3.25726e+08
45  7  3.41306e+08
45  8  2.92018e+08
45  9  4.33551e+08
45  10  5.76893e+08
45  11  5.99572e+08
45  12  4.267e+08
45  13  4.65152e+08
45  14  3.32442e+08
45  15  3.70766e+08
45  16  4.85302e+08
45  17  4.39858e+08
45  18  3.92916e+08
45  19  4.33904e+08
45  20  4.60831e+08
45  21  5.30514e+08
45  22  4.7506e+08
45  23  4.85918e+08
45  24  5.37626e+08
45  25  5.58362e+08
45  26  6.54583e+08
45  27  6.22546e+08
45  28  7.19663e+08
45  29  8.00229e+08
45  30  7.16847e+08
45  31  6.88005e+08
45  32  5.4356e+08
45  33  7.98041e+08
45  34  7.30874e+08
45  35  5.58575e+08
45  36  4.88778e+08
45  37  5.0906e+08
45  38  5.69374e+08
45  39  5.138e+08
45  40  4.99467e+08
45  41  5.71345e+08
45  42  4.92005e+08
45  43  4.97933e+08
45  44  5.57705e+08
45  45  6.04866e+08
45  46  4.92066e+08
45  47  1.00057e+09
45  48  6.90645e+08
45  49  4.64011e+08
45  50  7.43532e+08
46  0  2.95456e+08
46  1  2.74444e+08
46  2  2.49157e+08
46  3  2.58306e+08
46  4  1.66497e+08
46  5  3.94169e+08
46  6  3.58393e+08
46  7  3.23945e+08
46  8  2.94617e+08
46  9  4.40222e+08
46  10  3.68954e+08
46  11  5.4654e+08
46  12  3.92611e+08
46  13  3.80137e+08
46  14  3.60413e+08
46  15  3.57145e+08
46  16  4.47694e+08
46  17  3.88014e+08
46  18  4.40807e+08
46  19  3.54665e+08
46  20  4.19206e+08
46  21  4.3294e+08
46  22  4.15689e+08
46  23  4.85332e+08
46  24  5.1012e+08
46  25  5.13797e+08
46  26  6.13367e+08
46  27  6.20903e+08
46  28  6.05612e+08
46  29  6.48376e+08
46  30  6.87866e+08
46  31  6.26595e+08
46  32  5.0144e+08
46  33  6.27412e+08
46  34  6.18058e+08
46  35  5.85431e+08
46  36  5.51936e+08
46  37  5.56599e+08
46  38  5.546e+08
46  39  4.79713e+08
46  40  4.55277e+08
46  41  5.70801e+08
46  42  4.82066e+08
46  43  5.38572e+08
46  44  4.58616e+08
46  45  5.00368e+08
46  46  5.94085e+08
46  47  4.94437e+08
46  48  7.20851e+08
46  49  6.70954e+08
46  50  5.17869e+08
47  0  2.46803e+08
47  1  3.24351e+08
47  2  2.52145e+08
47  3  2.62881e+08
47  4  2.73056e+08
47  5  3.45852e+08
47  6  3.00143e+08
47  7  2.89543e+08
47  8  3.30362e+08
47  9  4.12237e+08
47  10  3.57171e+08
47  11  4.00206e+08
47  12  4.12435e+08
47  13  4.01823e+08
47  14  3.32775e+08
47  15  3.76141e+08
47  16  4.31305e+08
47  17  4.27986e+08
47  18  4.19042e+08
47  19  4.3655e+08
47  20  4.00972e+08
47  21  4.44513e+08
47  22  4.8134e+08
47  23  3.50556e+08
47  24  4.0892e+08
47  25  4.75733e+08
47  26  5.3899e+08
47  27  5.12671e+08
47  28  5.73254e+08
47  29  4.97944e+08
47  30  6.18994e+08
47  31  5.21475e+08
47  32  5.17374e+08
47  33  6.04352e+08
47  34  4.80473e+08
47  35  5.0311e+08
47  36  5.20707e+08
47  37  5.20245e+08
47  38  4.32043e+08
47  39  4.89614e+08
47  40  5.7788e+08
47  41  4.18773e+08
47  42  5.44272e+08
47  43  4.72523e+08
47  44  4.7022e+08
47  45  4.15944e+08
47  46  5.3158e+08
47  47  6.44617e+08
47  48  5.76866e+08
47  49  5.19667e+08
47  50  5.35064e+08
48  0  2.61785e+08
48  1  1.9427e+08
48  2  2.83717e+08
48  3  1.91846e+08
48  4  3.05856e+08
48  5  2.66316e+08
48  6  2.57381e+08
48  7  3.70108e+08
48  8  4.05628e+08
48  9  3.06769e+08
48  10  2.92618e+08
48  11  4.27171e+08
48  12  4.07317e+08
48  13  4.12778e+08
48  14  3.33963e+08
48  15  3.42411e+08
48  16  4.10084e+08
48  17  3.89707e+08
48  18  3.06666e+08
48  19  3.61474e+08
48  20  4.77153e+08
48  21  4.11561e+08
48  22  3.93541e+08
48  23  3.29499e+08
48  24  4.40638e+08
48  25  4.08872e+08
48  26  5.29067e+08
48  27  4.54994e+08
48  28  4.68981e+08
48  29  6.50442e+08
48  30  4.92945e+08
48  31  5.87398e+08
48  32  4.76889e+08
48  33  5.1903e+08
48  34  5.25977e+08
48  35  3.43384e+08
48  36  4.79606e+08
48  37  4.98164e+08
48  38  4.61269e+08
48  39  3.82285e+08
48  40  3.79354e+08
48  41  3.78782e+08
48  42  4.6399e+08
48  43  3.69339e+08
48  44  4.12387e+08
48  45  5.23191e+08
48  46  4.86583e+08
48  47  3.99868e+08
48  48  5.9685e+08
48  49  6.65208e+08
48  50  4.09243e+08
49  0  2.63785e+08
49  1  2.98405e+08
49  2  2.93443e+08
49  3  2.04394e+08
49  4  2.75221e+08
49  5  2.92245e+08
49  6  3.23381e+08
49  7  3.59699e+08
49  8  2.63568e+08
49  9  3.18256e+08
49  10  2.98119e+08
49  11  3.98157e+08
49  12  4.04087e+08
49  13  4.93289e+08
49  14  3.36705e+08
49  15  3.008e+08
49  16  3.65211e+08
49  17  3.42393e+08
49  18  3.9212e+08
49  19  3.33312e+08
49  20  3.39184e+08
49  21  5.15998e+08
49  22  4.33774e+08
49  23  3.96563e+08
49  24  3.87738e+08
49  25  4.48286e+08
49  26  5.17053e+08
49  27  4.40913e+08
49  28  4.77691e+08
49  29  5.03168e+08
49  30  4.86947e+08
49  31  4.93814e+08
49  32  4.27093e+08
49  33  5.00285e+08
49  34  5.15341e+08
49  35  4.62237e+08
49  36  4.22072e+08
49  37  5.74746e+08
49  38  4.60946e+08
49  39  4.5448e+08
49  40  4.69563e+08
49  41  4.23991e+08
49  42  3.65164e+08
49  43  3.84093e+08
49  44  4.86699e+08
49  45  4.69297e+08
49  46  3.90958e+08
49  47  4.63249e+08
49  48  5.10643e+08
49  49  4.57475e+08
49  50  4.41395e+08
50  0  3.07122e+08
50  1  2.56236e+08
50  2  2.43031e+08
50  3  3.00189e+08
50  4  2.77556e+08
50  5  3.25768e+08
50  6  3.37932e+08
50  7  3.16459e+08
50  8  2.50258e+08
50  9  3.12695e+08
50  10  3.88145e+08
50  11  4.30505e+08
50  12  3.83802e+08
50  13  4.14759e+08
50  14  2.83098e+08
50  15  2.80213e+08
50  16  3.23266e+08
50  17  3.8728e+08
50  18  3.40046e+08
50  19  3.82885e+08
50  20  3.64444e+08
50  21  4.76527e+08
50  22  4.2689e+08
50  23  3.32355e+08
50  24  3.63432e+08
50  25  4.67943e+08
50  26  4.70301e+08
50  27  4.11659e+08
50  28  5.09367e+08
50  29  4.15464e+08
50  30  4.14302e+08
50  31  4.48809e+08
50  32  4.65657e+08
50  33  5.12428e+08
50  34  4.42061e+08
50  35  3.80665e+08
50  36  3.96974e+08
50  37  4.90741e+08
50  38  5.26043e+08
50  39  3.85417e+08
50  40  3.30195e+08
50  41  3.82697e+08
50  42  4.28078e+08
50  43  4.39127e+08
50  44  3.95763e+08
50  45  4.3057e+08
50  46  4.31599e+08
50  47  4.14862e+08
50  48  4.49917e+08
50  49  5.48632e+08
50  50  4.28777e+08

