row  column  (images_10_7103.edf Zn_K*images_10_7103.edf Ar_K**2.3)
0  0  3.51125e+08
0  1  3.30581e+08
0  2  2.09474e+08
0  3  3.84053e+08
0  4  4.13686e+08
0  5  3.92667e+08
0  6  4.33244e+08
0  7  4.33461e+08
0  8  3.94606e+08
0  9  3.76957e+08
0  10  2.42957e+08
0  11  3.62279e+08
0  12  3.6477e+08
0  13  3.76793e+08
0  14  3.52683e+08
0  15  2.61471e+08
0  16  4.8117e+08
0  17  4.1049e+08
0  18  3.60454e+08
0  19  2.41174e+08
0  20  2.20679e+08
0  21  2.82932e+08
0  22  3.87618e+08
0  23  3.49625e+08
0  24  3.47095e+08
0  25  4.75272e+08
0  26  2.45571e+08
0  27  9.40564e+07
0  28  1.24335e+08
0  29  2.67139e+08
0  30  3.71948e+08
0  31  3.81141e+08
0  32  4.76528e+08
0  33  3.74561e+08
0  34  4.34135e+08
0  35  3.6518e+08
0  36  2.3377e+08
0  37  3.32325e+08
0  38  2.61111e+08
0  39  1.18799e+08
0  40  3.41466e+08
0  41  3.50768e+08
0  42  1.61572e+08
0  43  2.38219e+08
0  44  1.61869e+08
0  45  1.90158e+08
0  46  2.94709e+08
0  47  2.05602e+08
0  48  3.58095e+08
0  49  3.44698e+08
0  50  2.79173e+08
1  0  3.45216e+08
1  1  3.37857e+08
1  2  2.94658e+08
1  3  4.26892e+08
1  4  4.73794e+08
1  5  4.31711e+08
1  6  3.52676e+08
1  7  4.46262e+08
1  8  3.58936e+08
1  9  1.93682e+08
1  10  3.60439e+08
1  11  3.71443e+08
1  12  4.16045e+08
1  13  3.08863e+08
1  14  3.51003e+08
1  15  4.1868e+08
1  16  3.9259e+08
1  17  3.98217e+08
1  18  3.04254e+08
1  19  2.5632e+08
1  20  3.34485e+08
1  21  3.41085e+08
1  22  3.27561e+08
1  23  3.60649e+08
1  24  4.31662e+08
1  25  4.96534e+08
1  26  1.42814e+08
1  27  1.3902e+08
1  28  3.36305e+08
1  29  2.80523e+08
1  30  4.25755e+08
1  31  4.65464e+08
1  32  3.68445e+08
1  33  4.15318e+08
1  34  2.5752e+08
1  35  1.68e+08
1  36  3.5875e+08
1  37  2.92203e+08
1  38  1.37112e+08
1  39  1.72099e+08
1  40  2.49332e+08
1  41  1.88606e+08
1  42  1.3303e+08
1  43  1.88181e+08
1  44  1.88986e+08
1  45  2.71311e+08
1  46  2.34991e+08
1  47  2.86643e+08
1  48  2.08274e+08
1  49  3.06105e+08
1  50  2.16759e+08
2  0  4.03395e+08
2  1  3.28194e+08
2  2  3.15263e+08
2  3  4.06205e+08
2  4  4.04436e+08
2  5  3.49968e+08
2  6  3.37024e+08
2  7  3.32448e+08
2  8  3.19534e+08
2  9  2.64582e+08
2  10  2.59495e+08
2  11  3.69243e+08
2  12  3.0495e+08
2  13  3.11243e+08
2  14  3.74928e+08
2  15  2.96696e+08
2  16  5.03725e+08
2  17  3.07419e+08
2  18  2.44731e+08
2  19  2.35605e+08
2  20  3.27078e+08
2  21  3.12285e+08
2  22  3.98489e+08
2  23  3.13519e+08
2  24  4.84569e+08
2  25  5.47926e+08
2  26  1.54642e+08
2  27  9.76347e+07
2  28  2.50015e+08
2  29  3.44976e+08
2  30  5.03745e+08
2  31  5.31798e+08
2  32  3.773e+08
2  33  3.98675e+08
2  34  3.46e+08
2  35  1.75549e+08
2  36  2.14552e+08
2  37  2.88405e+08
2  38  2.52439e+08
2  39  1.42377e+08
2  40  3.46207e+08
2  41  1.8722e+08
2  42  1.83503e+08
2  43  2.87701e+08
2  44  2.45577e+08
2  45  2.26988e+08
2  46  2.1453e+08
2  47  2.04859e+08
2  48  3.31907e+08
2  49  2.43556e+08
2  50  1.72156e+08
3  0  2.92861e+08
3  1  2.37212e+08
3  2  2.81498e+08
3  3  4.3021e+08
3  4  3.50054e+08
3  5  3.71026e+08
3  6  2.71598e+08
3  7  3.68892e+08
3  8  2.68295e+08
3  9  3.03127e+08
3  10  3.36802e+08
3  11  3.51808e+08
3  12  3.26263e+08
3  13  2.99123e+08
3  14  3.34784e+08
3  15  4.11082e+08
3  16  4.53698e+08
3  17  3.35326e+08
3  18  2.5685e+08
3  19  2.44003e+08
3  20  3.30942e+08
3  21  3.4736e+08
3  22  4.50535e+08
3  23  3.49656e+08
3  24  5.5804e+08
3  25  4.09289e+08
3  26  1.13629e+08
3  27  1.7526e+08
3  28  2.90084e+08
3  29  4.30783e+08
3  30  4.49994e+08
3  31  4.23233e+08
3  32  3.94946e+08
3  33  3.23278e+08
3  34  2.81104e+08
3  35  1.94055e+08
3  36  2.8217e+08
3  37  3.17589e+08
3  38  1.90009e+08
3  39  1.38978e+08
3  40  2.40035e+08
3  41  1.42545e+08
3  42  1.94461e+08
3  43  3.13993e+08
3  44  3.90348e+08
3  45  2.53107e+08
3  46  3.26191e+08
3  47  1.22251e+08
3  48  2.78823e+08
3  49  3.69149e+08
3  50  1.39343e+08
4  0  3.75502e+08
4  1  2.93078e+08
4  2  2.95417e+08
4  3  4.37834e+08
4  4  3.16684e+08
4  5  4.32015e+08
4  6  2.69629e+08
4  7  3.81689e+08
4  8  2.23785e+08
4  9  3.15988e+08
4  10  2.87781e+08
4  11  3.96684e+08
4  12  3.56216e+08
4  13  3.07103e+08
4  14  3.13145e+08
4  15  4.16338e+08
4  16  4.12641e+08
4  17  3.47324e+08
4  18  2.37456e+08
4  19  3.08362e+08
4  20  3.49535e+08
4  21  3.55035e+08
4  22  4.79141e+08
4  23  3.5038e+08
4  24  4.21539e+08
4  25  5.3337e+08
4  26  1.33434e+08
4  27  2.18923e+08
4  28  3.3043e+08
4  29  3.84978e+08
4  30  4.4673e+08
4  31  4.69765e+08
4  32  4.0908e+08
4  33  3.14828e+08
4  34  2.8221e+08
4  35  1.82927e+08
4  36  1.79144e+08
4  37  2.54146e+08
4  38  2.06307e+08
4  39  1.121e+08
4  40  2.40856e+08
4  41  2.13067e+08
4  42  1.55509e+08
4  43  2.04063e+08
4  44  2.60309e+08
4  45  2.02393e+08
4  46  2.45198e+08
4  47  2.06112e+08
4  48  2.73291e+08
4  49  3.18596e+08
4  50  3.15408e+08
5  0  4.47475e+08
5  1  2.12189e+08
5  2  2.42695e+08
5  3  4.76342e+08
5  4  2.98849e+08
5  5  3.99096e+08
5  6  3.78873e+08
5  7  3.3981e+08
5  8  1.58532e+08
5  9  2.56226e+08
5  10  2.74128e+08
5  11  4.005e+08
5  12  2.8127e+08
5  13  2.7964e+08
5  14  3.42971e+08
5  15  3.8525e+08
5  16  3.67913e+08
5  17  1.94882e+08
5  18  1.42918e+08
5  19  3.31251e+08
5  20  2.83444e+08
5  21  4.07562e+08
5  22  3.55302e+08
5  23  3.50831e+08
5  24  4.91402e+08
5  25  2.68994e+08
5  26  2.59006e+08
5  27  2.63064e+08
5  28  3.97074e+08
5  29  4.06017e+08
5  30  4.99395e+08
5  31  4.76924e+08
5  32  3.00159e+08
5  33  2.38552e+08
5  34  2.122e+08
5  35  2.23616e+08
5  36  2.13511e+08
5  37  2.71799e+08
5  38  2.29276e+08
5  39  2.15394e+08
5  40  2.12778e+08
5  41  9.27287e+07
5  42  1.85974e+08
5  43  1.8159e+08
5  44  3.48975e+08
5  45  2.06921e+08
5  46  2.3931e+08
5  47  2.15179e+08
5  48  3.01949e+08
5  49  3.68225e+08
5  50  2.52245e+08
6  0  3.80362e+08
6  1  2.14175e+08
6  2  3.03044e+08
6  3  4.84413e+08
6  4  3.32692e+08
6  5  4.11901e+08
6  6  3.16083e+08
6  7  3.07631e+08
6  8  1.80733e+08
6  9  2.67915e+08
6  10  2.85249e+08
6  11  3.40465e+08
6  12  3.02083e+08
6  13  4.17229e+08
6  14  3.91339e+08
6  15  3.75894e+08
6  16  2.87704e+08
6  17  1.84875e+08
6  18  1.70806e+08
6  19  3.19878e+08
6  20  3.53318e+08
6  21  2.91308e+08
6  22  3.85872e+08
6  23  3.30851e+08
6  24  3.7903e+08
6  25  3.61095e+08
6  26  2.17869e+08
6  27  2.79514e+08
6  28  3.29051e+08
6  29  3.08015e+08
6  30  3.03173e+08
6  31  4.2608e+08
6  32  2.84325e+08
6  33  2.28355e+08
6  34  2.60912e+08
6  35  2.46892e+08
6  36  1.43213e+08
6  37  3.26978e+08
6  38  3.07829e+08
6  39  1.83872e+08
6  40  2.61661e+08
6  41  1.39449e+08
6  42  1.33018e+08
6  43  2.06103e+08
6  44  1.98222e+08
6  45  2.80504e+08
6  46  2.53549e+08
6  47  1.98312e+08
6  48  2.71148e+08
6  49  2.83939e+08
6  50  2.70356e+08
7  0  3.43625e+08
7  1  2.99062e+08
7  2  3.08959e+08
7  3  4.04704e+08
7  4  3.47228e+08
7  5  4.61407e+08
7  6  3.48369e+08
7  7  2.94207e+08
7  8  3.103e+08
7  9  3.33392e+08
7  10  2.97486e+08
7  11  4.16589e+08
7  12  2.75498e+08
7  13  3.02718e+08
7  14  3.68637e+08
7  15  2.94676e+08
7  16  3.89037e+08
7  17  2.01413e+08
7  18  1.68547e+08
7  19  2.96902e+08
7  20  2.90845e+08
7  21  2.17394e+08
7  22  2.85201e+08
7  23  3.78418e+08
7  24  3.7048e+08
7  25  1.81583e+08
7  26  1.61347e+08
7  27  2.56328e+08
7  28  3.24192e+08
7  29  2.96821e+08
7  30  2.38913e+08
7  31  2.71616e+08
7  32  2.53322e+08
7  33  1.87894e+08
7  34  2.45979e+08
7  35  2.84855e+08
7  36  2.37061e+08
7  37  4.42452e+08
7  38  2.02245e+08
7  39  1.5756e+08
7  40  1.92184e+08
7  41  1.19999e+08
7  42  2.49898e+08
7  43  2.30378e+08
7  44  2.91038e+08
7  45  3.24455e+08
7  46  2.81442e+08
7  47  2.83866e+08
7  48  2.94694e+08
7  49  2.67041e+08
7  50  2.97675e+08
8  0  3.59247e+08
8  1  4.08756e+08
8  2  2.86565e+08
8  3  3.76645e+08
8  4  2.66987e+08
8  5  4.33016e+08
8  6  3.68508e+08
8  7  2.99402e+08
8  8  2.12333e+08
8  9  3.63881e+08
8  10  2.92892e+08
8  11  4.25017e+08
8  12  3.02364e+08
8  13  3.30215e+08
8  14  3.57428e+08
8  15  3.12372e+08
8  16  4.13258e+08
8  17  1.93866e+08
8  18  1.60011e+08
8  19  2.49965e+08
8  20  2.86055e+08
8  21  1.90361e+08
8  22  2.75246e+08
8  23  3.36792e+08
8  24  2.9392e+08
8  25  2.3578e+08
8  26  1.02561e+08
8  27  2.16044e+08
8  28  2.48984e+08
8  29  2.66664e+08
8  30  2.37176e+08
8  31  2.8063e+08
8  32  3.61434e+08
8  33  2.91463e+08
8  34  2.52714e+08
8  35  1.81659e+08
8  36  1.77459e+08
8  37  1.74523e+08
8  38  2.28486e+08
8  39  1.79605e+08
8  40  2.528e+08
8  41  1.43358e+08
8  42  3.36439e+08
8  43  3.11128e+08
8  44  2.56691e+08
8  45  2.78532e+08
8  46  3.99749e+08
8  47  3.3952e+08
8  48  3.22743e+08
8  49  3.63369e+08
8  50  3.19838e+08
9  0  2.98877e+08
9  1  3.61458e+08
9  2  3.27772e+08
9  3  3.29765e+08
9  4  2.47416e+08
9  5  4.02242e+08
9  6  3.67055e+08
9  7  1.57489e+08
9  8  2.0528e+08
9  9  3.17199e+08
9  10  3.10672e+08
9  11  3.33868e+08
9  12  2.9888e+08
9  13  2.9957e+08
9  14  3.20134e+08
9  15  3.16113e+08
9  16  3.8108e+08
9  17  1.51012e+08
9  18  2.16498e+08
9  19  4.03584e+08
9  20  2.69426e+08
9  21  1.86095e+08
9  22  2.66431e+08
9  23  2.08815e+08
9  24  3.45449e+08
9  25  9.53473e+07
9  26  9.28949e+07
9  27  2.36592e+08
9  28  3.89912e+08
9  29  2.20821e+08
9  30  1.93476e+08
9  31  2.65956e+08
9  32  2.71432e+08
9  33  2.23767e+08
9  34  2.98984e+08
9  35  3.19697e+08
9  36  3.69493e+08
9  37  3.08906e+08
9  38  3.08587e+08
9  39  1.48886e+08
9  40  2.05077e+08
9  41  1.1681e+08
9  42  2.55572e+08
9  43  3.52655e+08
9  44  2.74313e+08
9  45  1.96346e+08
9  46  3.62585e+08
9  47  3.93529e+08
9  48  2.57777e+08
9  49  3.59568e+08
9  50  2.99293e+08
10  0  3.78346e+08
10  1  3.21211e+08
10  2  2.56534e+08
10  3  3.54359e+08
10  4  2.60883e+08
10  5  4.69288e+08
10  6  2.93592e+08
10  7  1.91e+08
10  8  2.36285e+08
10  9  4.2822e+08
10  10  2.66235e+08
10  11  2.83612e+08
10  12  3.21293e+08
10  13  3.14265e+08
10  14  3.01337e+08
10  15  3.58106e+08
10  16  4.02783e+08
10  17  1.6528e+08
10  18  1.89875e+08
10  19  2.78715e+08
10  20  3.22726e+08
10  21  2.41333e+08
10  22  1.95444e+08
10  23  1.89381e+08
10  24  3.333e+08
10  25  6.72085e+07
10  26  1.0937e+08
10  27  2.49117e+08
10  28  2.96589e+08
10  29  3.22467e+08
10  30  2.68345e+08
10  31  3.15499e+08
10  32  3.82869e+08
10  33  2.5975e+08
10  34  2.98336e+08
10  35  3.02788e+08
10  36  3.36749e+08
10  37  3.0961e+08
10  38  2.39032e+08
10  39  2.13541e+08
10  40  1.94945e+08
10  41  2.15212e+08
10  42  3.0723e+08
10  43  3.25078e+08
10  44  2.20817e+08
10  45  1.75449e+08
10  46  2.71078e+08
10  47  3.41283e+08
10  48  2.61511e+08
10  49  2.91217e+08
10  50  2.50653e+08
11  0  3.90466e+08
11  1  2.95877e+08
11  2  2.97915e+08
11  3  2.90019e+08
11  4  2.1737e+08
11  5  4.33822e+08
11  6  3.50542e+08
11  7  1.50649e+08
11  8  2.6456e+08
11  9  3.27237e+08
11  10  4.05283e+08
11  11  3.3538e+08
11  12  3.50759e+08
11  13  3.32505e+08
11  14  2.99002e+08
11  15  2.61351e+08
11  16  4.34981e+08
11  17  1.26688e+08
11  18  2.66354e+08
11  19  2.56736e+08
11  20  2.77973e+08
11  21  2.69862e+08
11  22  2.89053e+08
11  23  3.38035e+08
11  24  2.24453e+08
11  25  3.42572e+07
11  26  1.40763e+08
11  27  1.95108e+08
11  28  3.85949e+08
11  29  1.87447e+08
11  30  2.81854e+08
11  31  3.63091e+08
11  32  2.69776e+08
11  33  2.3712e+08
11  34  2.99133e+08
11  35  3.30365e+08
11  36  3.60646e+08
11  37  3.20924e+08
11  38  1.13522e+08
11  39  3.0255e+08
11  40  1.488e+08
11  41  2.95985e+08
11  42  3.63025e+08
11  43  4.36569e+08
11  44  2.34285e+08
11  45  1.25626e+08
11  46  3.01837e+08
11  47  3.59269e+08
11  48  2.57246e+08
11  49  2.28488e+08
11  50  2.18359e+08
12  0  3.49173e+08
12  1  3.28579e+08
12  2  2.48777e+08
12  3  2.21046e+08
12  4  2.29115e+08
12  5  2.25324e+08
12  6  3.08786e+08
12  7  1.86409e+08
12  8  1.47767e+08
12  9  4.15842e+08
12  10  3.24504e+08
12  11  2.35523e+08
12  12  3.6647e+08
12  13  4.43234e+08
12  14  2.07713e+08
12  15  2.86737e+08
12  16  4.37276e+08
12  17  1.85306e+08
12  18  2.11638e+08
12  19  3.1082e+08
12  20  2.53701e+08
12  21  2.93063e+08
12  22  2.29147e+08
12  23  2.24994e+08
12  24  2.03064e+08
12  25  1.30539e+08
12  26  2.66848e+08
12  27  2.33005e+08
12  28  3.98489e+08
12  29  2.6136e+08
12  30  2.38841e+08
12  31  3.28625e+08
12  32  3.83957e+08
12  33  2.94611e+08
12  34  3.72042e+08
12  35  3.75671e+08
12  36  3.67868e+08
12  37  2.37378e+08
12  38  2.00787e+08
12  39  3.16419e+08
12  40  1.40169e+08
12  41  3.46508e+08
12  42  3.74067e+08
12  43  3.82287e+08
12  44  3.18057e+08
12  45  6.21923e+07
12  46  2.60381e+08
12  47  3.52993e+08
12  48  3.60584e+08
12  49  2.93164e+08
12  50  2.58037e+08
13  0  4.32623e+08
13  1  3.0626e+08
13  2  2.17272e+08
13  3  1.62078e+08
13  4  1.71903e+08
13  5  2.23325e+08
13  6  1.256e+08
13  7  1.11412e+08
13  8  2.18591e+08
13  9  3.35914e+08
13  10  3.58151e+08
13  11  2.71203e+08
13  12  3.26955e+08
13  13  4.01743e+08
13  14  1.56655e+08
13  15  3.05257e+08
13  16  3.51275e+08
13  17  2.53213e+08
13  18  2.6996e+08
13  19  3.16283e+08
13  20  2.95337e+08
13  21  2.39542e+08
13  22  1.98473e+08
13  23  2.58455e+08
13  24  2.20185e+08
13  25  2.14879e+08
13  26  2.57243e+08
13  27  3.21712e+08
13  28  5.01507e+08
13  29  3.60314e+08
13  30  1.68854e+08
13  31  3.274e+08
13  32  2.81799e+08
13  33  2.76598e+08
13  34  3.33261e+08
13  35  2.93983e+08
13  36  2.67596e+08
13  37  2.10826e+08
13  38  2.97557e+08
13  39  2.38682e+08
13  40  1.98727e+08
13  41  2.65079e+08
13  42  3.64842e+08
13  43  4.32572e+08
13  44  1.92671e+08
13  45  1.69401e+08
13  46  1.73476e+08
13  47  2.9315e+08
13  48  3.06517e+08
13  49  3.79663e+08
13  50  2.82874e+08
14  0  3.61448e+08
14  1  2.81549e+08
14  2  2.07807e+08
14  3  3.02632e+08
14  4  1.78698e+08
14  5  1.75989e+08
14  6  1.75278e+08
14  7  1.79441e+08
14  8  2.1368e+08
14  9  2.61981e+08
14  10  3.10841e+08
14  11  2.47363e+08
14  12  3.48245e+08
14  13  4.12876e+08
14  14  2.34823e+08
14  15  3.62415e+08
14  16  3.00084e+08
14  17  3.21061e+08
14  18  2.19347e+08
14  19  3.12238e+08
14  20  2.23461e+08
14  21  2.61453e+08
14  22  1.27171e+08
14  23  1.50897e+08
14  24  1.54535e+08
14  25  1.32616e+08
14  26  1.95634e+08
14  27  2.72865e+08
14  28  3.64464e+08
14  29  2.27355e+08
14  30  2.26222e+08
14  31  3.67489e+08
14  32  2.89136e+08
14  33  2.23661e+08
14  34  2.47935e+08
14  35  3.15129e+08
14  36  1.63861e+08
14  37  3.23452e+08
14  38  2.72324e+08
14  39  1.86386e+08
14  40  1.63641e+08
14  41  3.10403e+08
14  42  3.33985e+08
14  43  1.90829e+08
14  44  9.60297e+07
14  45  8.72809e+07
14  46  2.05623e+08
14  47  2.65977e+08
14  48  2.86883e+08
14  49  2.35136e+08
14  50  1.96202e+08
15  0  4.02013e+08
15  1  2.55165e+08
15  2  2.49414e+08
15  3  3.30964e+08
15  4  2.48545e+08
15  5  2.50259e+08
15  6  1.86329e+08
15  7  2.44976e+08
15  8  1.40131e+08
15  9  1.81436e+08
15  10  1.98406e+08
15  11  2.1348e+08
15  12  2.73522e+08
15  13  4.06047e+08
15  14  1.75514e+08
15  15  2.64043e+08
15  16  2.35547e+08
15  17  2.56205e+08
15  18  3.24667e+08
15  19  2.67714e+08
15  20  3.12495e+08
15  21  2.71146e+08
15  22  2.11975e+08
15  23  1.26348e+08
15  24  1.8848e+08
15  25  2.04986e+08
15  26  2.94121e+08
15  27  2.95507e+08
15  28  3.46473e+08
15  29  2.70846e+08
15  30  2.70884e+08
15  31  2.42364e+08
15  32  1.97729e+08
15  33  3.09526e+08
15  34  2.71849e+08
15  35  2.33047e+08
15  36  2.1015e+08
15  37  2.25397e+08
15  38  1.94932e+08
15  39  1.59437e+08
15  40  1.2603e+08
15  41  2.34326e+08
15  42  3.14266e+08
15  43  2.58343e+08
15  44  7.4128e+07
15  45  1.10517e+08
15  46  2.07064e+08
15  47  2.92476e+08
15  48  3.51948e+08
15  49  2.8001e+08
15  50  2.0655e+08
16  0  3.75537e+08
16  1  1.87912e+08
16  2  3.06078e+08
16  3  3.50127e+08
16  4  3.45529e+08
16  5  2.69077e+08
16  6  1.43862e+08
16  7  1.89778e+08
16  8  1.76593e+08
16  9  9.91089e+07
16  10  2.06088e+08
16  11  1.57409e+08
16  12  2.16e+08
16  13  2.59274e+08
16  14  1.81191e+08
16  15  1.94425e+08
16  16  2.21798e+08
16  17  2.10059e+08
16  18  2.33592e+08
16  19  3.32322e+08
16  20  3.0375e+08
16  21  3.20564e+08
16  22  1.70921e+08
16  23  1.61474e+08
16  24  1.72994e+08
16  25  1.9035e+08
16  26  2.61173e+08
16  27  2.73021e+08
16  28  3.33524e+08
16  29  3.14195e+08
16  30  2.12035e+08
16  31  2.39157e+08
16  32  8.00645e+07
16  33  2.50157e+08
16  34  2.09155e+08
16  35  2.34233e+08
16  36  2.24788e+08
16  37  2.1346e+08
16  38  2.78687e+08
16  39  1.55677e+08
16  40  7.82932e+07
16  41  1.92816e+08
16  42  2.41845e+08
16  43  1.60086e+08
16  44  1.23322e+08
16  45  7.64816e+07
16  46  2.07611e+08
16  47  3.81934e+08
16  48  3.76411e+08
16  49  3.10693e+08
16  50  3.28331e+08
17  0  3.13848e+08
17  1  2.52016e+08
17  2  3.41904e+08
17  3  3.72356e+08
17  4  3.53802e+08
17  5  2.48198e+08
17  6  2.31676e+08
17  7  2.05384e+08
17  8  2.32237e+08
17  9  1.31613e+08
17  10  3.08219e+08
17  11  1.81853e+08
17  12  2.15569e+08
17  13  3.01426e+08
17  14  7.02978e+07
17  15  1.97725e+08
17  16  1.91282e+08
17  17  2.05218e+08
17  18  2.47524e+08
17  19  3.03626e+08
17  20  3.75112e+08
17  21  2.21454e+08
17  22  1.80587e+08
17  23  1.44623e+08
17  24  1.6275e+08
17  25  1.87589e+08
17  26  2.68374e+08
17  27  2.8023e+08
17  28  2.34809e+08
17  29  2.51899e+08
17  30  2.39025e+08
17  31  1.87143e+08
17  32  1.85675e+08
17  33  2.60286e+08
17  34  2.97513e+08
17  35  2.83722e+08
17  36  2.36498e+08
17  37  2.48698e+08
17  38  2.71084e+08
17  39  1.62168e+08
17  40  1.3228e+08
17  41  1.74271e+08
17  42  2.69225e+08
17  43  2.57272e+08
17  44  1.83912e+08
17  45  1.07668e+08
17  46  1.76154e+08
17  47  4.78037e+08
17  48  2.89298e+08
17  49  2.73323e+08
17  50  2.8707e+08
18  0  3.18519e+08
18  1  3.11805e+08
18  2  3.15614e+08
18  3  3.98734e+08
18  4  4.34155e+08
18  5  2.54838e+08
18  6  1.07456e+08
18  7  2.44108e+08
18  8  1.5926e+08
18  9  1.64661e+08
18  10  2.04863e+08
18  11  1.80391e+08
18  12  1.81029e+08
18  13  2.2228e+08
18  14  1.87015e+08
18  15  2.51832e+08
18  16  2.11467e+08
18  17  2.30035e+08
18  18  2.65639e+08
18  19  3.23888e+08
18  20  3.14365e+08
18  21  2.25051e+08
18  22  2.67277e+08
18  23  1.88143e+08
18  24  1.09691e+08
18  25  1.15472e+08
18  26  3.21551e+08
18  27  2.5409e+08
18  28  3.14302e+08
18  29  2.12188e+08
18  30  2.9071e+08
18  31  2.45879e+08
18  32  1.6209e+08
18  33  2.34262e+08
18  34  2.23004e+08
18  35  2.15284e+08
18  36  3.33716e+08
18  37  2.61251e+08
18  38  1.45827e+08
18  39  2.5019e+08
18  40  1.76006e+08
18  41  2.26616e+08
18  42  3.0299e+08
18  43  2.74369e+08
18  44  1.42748e+08
18  45  1.0428e+08
18  46  2.97657e+08
18  47  3.79583e+08
18  48  2.80849e+08
18  49  3.21396e+08
18  50  3.77095e+08
19  0  5.07405e+08
19  1  2.71625e+08
19  2  2.81676e+08
19  3  6.02144e+08
19  4  4.14761e+08
19  5  3.31013e+08
19  6  2.49095e+08
19  7  3.49106e+08
19  8  3.17538e+08
19  9  1.372e+08
19  10  1.92782e+08
19  11  2.48258e+08
19  12  1.70092e+08
19  13  2.22308e+08
19  14  3.85133e+08
19  15  3.17484e+08
19  16  2.19657e+08
19  17  3.08527e+08
19  18  2.97614e+08
19  19  3.12527e+08
19  20  2.80394e+08
19  21  2.65262e+08
19  22  3.11009e+08
19  23  2.90899e+08
19  24  1.43911e+08
19  25  1.66246e+08
19  26  3.40841e+08
19  27  3.47385e+08
19  28  3.74886e+08
19  29  2.80995e+08
19  30  3.2207e+08
19  31  2.33776e+08
19  32  1.76014e+08
19  33  1.87136e+08
19  34  1.94836e+08
19  35  3.1846e+08
19  36  3.82217e+08
19  37  2.87996e+08
19  38  2.75756e+08
19  39  2.58345e+08
19  40  1.78774e+08
19  41  2.03289e+08
19  42  4.19708e+08
19  43  3.82256e+08
19  44  1.05555e+08
19  45  1.67525e+08
19  46  3.00924e+08
19  47  3.99813e+08
19  48  2.33855e+08
19  49  1.56898e+08
19  50  3.19507e+08
20  0  5.86794e+08
20  1  3.21619e+08
20  2  2.70257e+08
20  3  4.90897e+08
20  4  4.52403e+08
20  5  4.63497e+08
20  6  2.94744e+08
20  7  3.28275e+08
20  8  3.50094e+08
20  9  2.10846e+08
20  10  2.24717e+08
20  11  3.04491e+08
20  12  2.45575e+08
20  13  2.18508e+08
20  14  3.50218e+08
20  15  3.02812e+08
20  16  1.77759e+08
20  17  2.71685e+08
20  18  2.85955e+08
20  19  3.74416e+08
20  20  2.8874e+08
20  21  3.46393e+08
20  22  3.76851e+08
20  23  2.83038e+08
20  24  1.80585e+08
20  25  2.49147e+08
20  26  3.22414e+08
20  27  3.75971e+08
20  28  3.28625e+08
20  29  3.46336e+08
20  30  3.39536e+08
20  31  3.55345e+08
20  32  3.07852e+08
20  33  2.2011e+08
20  34  2.50556e+08
20  35  2.32846e+08
20  36  4.96119e+08
20  37  3.54835e+08
20  38  2.62045e+08
20  39  3.02185e+08
20  40  2.67477e+08
20  41  2.45993e+08
20  42  5.10759e+08
20  43  3.7209e+08
20  44  1.43756e+08
20  45  1.49722e+08
20  46  2.58167e+08
20  47  3.36782e+08
20  48  1.10037e+08
20  49  7.9237e+07
20  50  3.26525e+08
21  0  6.02878e+08
21  1  3.18181e+08
21  2  2.35247e+08
21  3  5.33328e+08
21  4  5.04526e+08
21  5  4.34919e+08
21  6  3.27978e+08
21  7  2.85391e+08
21  8  4.09625e+08
21  9  2.65439e+08
21  10  3.25785e+08
21  11  3.67107e+08
21  12  2.56937e+08
21  13  2.57889e+08
21  14  2.94779e+08
21  15  2.46872e+08
21  16  1.81499e+08
21  17  2.81086e+08
21  18  2.88267e+08
21  19  3.52262e+08
21  20  3.62595e+08
21  21  3.79046e+08
21  22  3.55239e+08
21  23  2.48164e+08
21  24  1.82651e+08
21  25  3.17553e+08
21  26  3.22714e+08
21  27  4.4936e+08
21  28  2.70912e+08
21  29  3.04669e+08
21  30  3.64931e+08
21  31  3.24462e+08
21  32  3.0524e+08
21  33  1.20015e+08
21  34  1.39448e+08
21  35  2.88364e+08
21  36  5.5309e+08
21  37  4.49428e+08
21  38  3.57929e+08
21  39  2.84932e+08
21  40  2.64009e+08
21  41  3.07593e+08
21  42  4.22545e+08
21  43  2.73767e+08
21  44  2.20301e+08
21  45  2.49251e+08
21  46  3.19233e+08
21  47  1.94875e+08
21  48  9.58396e+07
21  49  1.58366e+08
21  50  3.25814e+08
22  0  5.8623e+08
22  1  3.79015e+08
22  2  2.44639e+08
22  3  4.50665e+08
22  4  4.34683e+08
22  5  3.78222e+08
22  6  3.4019e+08
22  7  2.96975e+08
22  8  4.02479e+08
22  9  2.75548e+08
22  10  3.36619e+08
22  11  3.88529e+08
22  12  3.30174e+08
22  13  2.50048e+08
22  14  2.01269e+08
22  15  2.50946e+08
22  16  1.56398e+08
22  17  2.28528e+08
22  18  3.44472e+08
22  19  3.94984e+08
22  20  3.44425e+08
22  21  4.72289e+08
22  22  4.05139e+08
22  23  2.30028e+08
22  24  2.08498e+08
22  25  2.95564e+08
22  26  4.21525e+08
22  27  3.53238e+08
22  28  2.13251e+08
22  29  2.41451e+08
22  30  3.58081e+08
22  31  3.33836e+08
22  32  2.78136e+08
22  33  1.85344e+08
22  34  1.81898e+08
22  35  2.86759e+08
22  36  4.94467e+08
22  37  3.6123e+08
22  38  3.83727e+08
22  39  3.13141e+08
22  40  3.41447e+08
22  41  3.85766e+08
22  42  3.82214e+08
22  43  2.49652e+08
22  44  1.71766e+08
22  45  3.25466e+08
22  46  1.9549e+08
22  47  1.48754e+08
22  48  1.16671e+08
22  49  1.19733e+08
22  50  2.40358e+08
23  0  5.12349e+08
23  1  2.86022e+08
23  2  2.79491e+08
23  3  5.21959e+08
23  4  4.61372e+08
23  5  3.52337e+08
23  6  4.38149e+08
23  7  2.31229e+08
23  8  3.89283e+08
23  9  3.11142e+08
23  10  3.09455e+08
23  11  4.86893e+08
23  12  4.11031e+08
23  13  2.58792e+08
23  14  2.58037e+08
23  15  2.41836e+08
23  16  1.06017e+08
23  17  3.60878e+08
23  18  2.79779e+08
23  19  2.92433e+08
23  20  3.82266e+08
23  21  4.43488e+08
23  22  3.2951e+08
23  23  1.81754e+08
23  24  3.31387e+08
23  25  3.8571e+08
23  26  4.17942e+08
23  27  3.35545e+08
23  28  2.89076e+08
23  29  2.92043e+08
23  30  2.17361e+08
23  31  2.84201e+08
23  32  2.87129e+08
23  33  1.86847e+08
23  34  8.91323e+07
23  35  2.55383e+08
23  36  4.61178e+08
23  37  3.81131e+08
23  38  4.1055e+08
23  39  4.17923e+08
23  40  3.23398e+08
23  41  3.42e+08
23  42  3.12461e+08
23  43  2.12561e+08
23  44  2.22209e+08
23  45  3.4215e+08
23  46  2.00389e+08
23  47  2.00692e+08
23  48  1.39074e+08
23  49  5.53727e+07
23  50  2.96967e+08
24  0  5.05958e+08
24  1  3.76744e+08
24  2  4.69864e+08
24  3  4.24816e+08
24  4  3.92366e+08
24  5  4.03023e+08
24  6  3.98985e+08
24  7  3.46722e+08
24  8  3.76255e+08
24  9  3.7257e+08
24  10  4.01003e+08
24  11  4.37161e+08
24  12  4.49238e+08
24  13  2.99339e+08
24  14  3.11106e+08
24  15  1.17455e+08
24  16  1.4496e+08
24  17  2.76877e+08
24  18  3.25998e+08
24  19  2.8119e+08
24  20  3.58448e+08
24  21  3.04484e+08
24  22  3.57683e+08
24  23  1.61299e+08
24  24  3.58913e+08
24  25  3.82767e+08
24  26  4.30563e+08
24  27  2.84541e+08
24  28  3.23779e+08
24  29  3.11087e+08
24  30  2.42559e+08
24  31  3.0111e+08
24  32  3.15198e+08
24  33  1.98367e+08
24  34  1.16364e+08
24  35  2.77308e+08
24  36  4.58965e+08
24  37  3.81056e+08
24  38  2.95674e+08
24  39  4.17169e+08
24  40  3.10689e+08
24  41  2.97481e+08
24  42  3.33329e+08
24  43  1.20467e+08
24  44  2.38006e+08
24  45  2.95211e+08
24  46  2.01198e+08
24  47  2.27752e+08
24  48  1.29421e+08
24  49  1.07844e+08
24  50  2.93706e+08
25  0  4.3511e+08
25  1  2.93264e+08
25  2  5.40838e+08
25  3  5.21649e+08
25  4  4.51264e+08
25  5  3.44519e+08
25  6  3.51484e+08
25  7  3.44255e+08
25  8  3.76062e+08
25  9  3.42532e+08
25  10  4.40655e+08
25  11  5.01663e+08
25  12  4.15716e+08
25  13  3.92e+08
25  14  2.79546e+08
25  15  1.32924e+08
25  16  1.66064e+08
25  17  2.94686e+08
25  18  3.54727e+08
25  19  2.90348e+08
25  20  2.72507e+08
25  21  3.92929e+08
25  22  3.01436e+08
25  23  3.21267e+08
25  24  3.49762e+08
25  25  3.78249e+08
25  26  4.0252e+08
25  27  2.54909e+08
25  28  3.81648e+08
25  29  3.05607e+08
25  30  2.70912e+08
25  31  3.43896e+08
25  32  2.96969e+08
25  33  1.70586e+08
25  34  1.6511e+08
25  35  3.74342e+08
25  36  4.72212e+08
25  37  3.14354e+08
25  38  4.1018e+08
25  39  4.72507e+08
25  40  3.73393e+08
25  41  2.44213e+08
25  42  3.02131e+08
25  43  1.16568e+08
25  44  1.82697e+08
25  45  4.18376e+08
25  46  1.48391e+08
25  47  1.72367e+08
25  48  4.53802e+07
25  49  2.60544e+08
25  50  3.74373e+08
26  0  3.46131e+08
26  1  3.85619e+08
26  2  5.60018e+08
26  3  4.95202e+08
26  4  4.17543e+08
26  5  3.09681e+08
26  6  4.088e+08
26  7  2.20759e+08
26  8  3.47514e+08
26  9  3.51132e+08
26  10  4.30603e+08
26  11  4.59632e+08
26  12  4.40463e+08
26  13  3.02488e+08
26  14  2.10123e+08
26  15  1.70484e+08
26  16  2.4576e+08
26  17  3.71681e+08
26  18  2.08898e+08
26  19  2.57108e+08
26  20  3.00693e+08
26  21  3.71947e+08
26  22  3.3765e+08
26  23  2.69369e+08
26  24  5.06472e+08
26  25  4.28493e+08
26  26  3.81813e+08
26  27  3.15203e+08
26  28  4.14555e+08
26  29  4.29433e+08
26  30  3.20805e+08
26  31  3.09317e+08
26  32  2.33609e+08
26  33  1.22509e+08
26  34  1.52391e+08
26  35  3.71703e+08
26  36  4.36808e+08
26  37  3.16351e+08
26  38  3.92275e+08
26  39  3.94351e+08
26  40  4.27452e+08
26  41  3.11165e+08
26  42  3.24804e+08
26  43  1.30073e+08
26  44  1.60944e+08
26  45  3.61914e+08
26  46  1.60853e+08
26  47  1.77206e+08
26  48  6.74777e+07
26  49  2.14633e+08
26  50  3.90717e+08
27  0  2.94922e+08
27  1  2.51317e+08
27  2  5.29765e+08
27  3  5.17763e+08
27  4  4.07698e+08
27  5  4.69617e+08
27  6  4.34538e+08
27  7  2.52588e+08
27  8  3.60933e+08
27  9  4.26757e+08
27  10  4.64826e+08
27  11  5.20788e+08
27  12  4.9265e+08
27  13  3.11762e+08
27  14  2.06178e+08
27  15  3.17157e+08
27  16  3.42322e+08
27  17  3.79813e+08
27  18  2.16646e+08
27  19  2.16053e+08
27  20  1.59703e+08
27  21  3.26646e+08
27  22  2.37843e+08
27  23  2.83648e+08
27  24  4.23582e+08
27  25  4.05205e+08
27  26  4.10778e+08
27  27  4.46734e+08
27  28  4.42345e+08
27  29  3.10459e+08
27  30  3.12163e+08
27  31  3.06421e+08
27  32  2.42007e+08
27  33  7.92449e+07
27  34  2.21718e+08
27  35  4.04697e+08
27  36  4.68095e+08
27  37  3.42457e+08
27  38  3.51424e+08
27  39  5.12894e+08
27  40  4.53345e+08
27  41  4.41079e+08
27  42  3.08719e+08
27  43  2.34862e+08
27  44  3.2222e+08
27  45  3.62136e+08
27  46  2.60264e+08
27  47  1.93098e+08
27  48  1.34044e+08
27  49  1.37324e+08
27  50  4.66671e+08
28  0  1.35526e+08
28  1  2.00494e+08
28  2  4.46749e+08
28  3  4.90407e+08
28  4  3.99659e+08
28  5  4.5021e+08
28  6  3.8029e+08
28  7  2.15861e+08
28  8  3.49462e+08
28  9  4.06505e+08
28  10  4.56112e+08
28  11  5.24882e+08
28  12  4.65461e+08
28  13  3.53972e+08
28  14  2.09317e+08
28  15  3.02108e+08
28  16  3.62265e+08
28  17  4.45459e+08
28  18  3.59961e+08
28  19  2.40061e+08
28  20  2.08147e+08
28  21  3.62578e+08
28  22  3.25392e+08
28  23  2.93096e+08
28  24  3.59968e+08
28  25  4.44226e+08
28  26  5.00384e+08
28  27  3.8513e+08
28  28  3.98012e+08
28  29  3.98521e+08
28  30  3.82235e+08
28  31  2.16703e+08
28  32  1.88698e+08
28  33  7.68862e+07
28  34  1.66956e+08
28  35  3.97552e+08
28  36  5.09382e+08
28  37  1.75429e+08
28  38  3.43058e+08
28  39  4.42122e+08
28  40  4.15718e+08
28  41  4.12553e+08
28  42  3.63461e+08
28  43  2.98121e+08
28  44  1.52651e+08
28  45  4.28565e+08
28  46  3.07046e+08
28  47  1.77494e+08
28  48  4.41637e+07
28  49  1.57695e+08
28  50  4.09486e+08
29  0  7.3071e+07
29  1  1.89539e+08
29  2  2.65907e+08
29  3  3.55916e+08
29  4  3.46701e+08
29  5  3.8211e+08
29  6  3.65952e+08
29  7  2.47774e+08
29  8  3.07424e+08
29  9  4.42593e+08
29  10  5.68004e+08
29  11  5.25698e+08
29  12  5.45838e+08
29  13  3.62273e+08
29  14  2.01019e+08
29  15  2.82767e+08
29  16  3.76462e+08
29  17  4.12305e+08
29  18  3.9725e+08
29  19  3.00477e+08
29  20  1.97799e+08
29  21  4.38128e+08
29  22  3.43304e+08
29  23  3.53656e+08
29  24  4.37511e+08
29  25  3.69609e+08
29  26  4.32059e+08
29  27  4.45683e+08
29  28  4.14608e+08
29  29  3.82441e+08
29  30  3.72495e+08
29  31  1.80615e+08
29  32  3.43926e+07
29  33  6.50111e+07
29  34  1.39547e+08
29  35  3.2077e+08
29  36  4.16426e+08
29  37  2.92745e+08
29  38  3.85625e+08
29  39  4.74935e+08
29  40  4.97505e+08
29  41  3.32852e+08
29  42  4.44174e+08
29  43  3.44758e+08
29  44  2.4135e+08
29  45  4.70119e+08
29  46  2.85768e+08
29  47  1.97204e+08
29  48  2.01601e+07
29  49  1.96462e+08
29  50  3.85442e+08
30  0  1.90627e+07
30  1  6.99115e+07
30  2  2.15118e+08
30  3  2.86274e+08
30  4  2.42748e+08
30  5  3.28539e+08
30  6  3.37333e+08
30  7  2.41792e+08
30  8  3.80521e+08
30  9  4.88348e+08
30  10  6.7517e+08
30  11  6.84283e+08
30  12  5.25645e+08
30  13  3.78837e+08
30  14  2.33759e+08
30  15  3.9499e+08
30  16  4.79366e+08
30  17  4.76707e+08
30  18  5.8118e+08
30  19  2.76695e+08
30  20  2.46012e+08
30  21  4.10516e+08
30  22  4.19879e+08
30  23  3.01949e+08
30  24  3.61643e+08
30  25  2.40496e+08
30  26  4.14359e+08
30  27  4.49256e+08
30  28  4.888e+08
30  29  4.38535e+08
30  30  2.27909e+08
30  31  1.56866e+08
30  32  1.39599e+08
30  33  5.72561e+07
30  34  1.46703e+08
30  35  2.91537e+08
30  36  4.09313e+08
30  37  3.2526e+08
30  38  4.71624e+08
30  39  4.67383e+08
30  40  4.89907e+08
30  41  2.95337e+08
30  42  2.47331e+08
30  43  4.28344e+08
30  44  3.76928e+08
30  45  4.80912e+08
30  46  3.20067e+08
30  47  1.98686e+08
30  48  2.29527e+08
30  49  1.99198e+08
30  50  4.69261e+08
31  0  4.06202e+07
31  1  7.27438e+07
31  2  1.04863e+08
31  3  1.99015e+08
31  4  1.63006e+08
31  5  2.67504e+08
31  6  1.67667e+08
31  7  2.58721e+08
31  8  2.69733e+08
31  9  4.83654e+08
31  10  5.69639e+08
31  11  4.67448e+08
31  12  4.43982e+08
31  13  3.10042e+08
31  14  2.33538e+08
31  15  4.68613e+08
31  16  5.7876e+08
31  17  4.63758e+08
31  18  4.12044e+08
31  19  3.22533e+08
31  20  2.53073e+08
31  21  3.59024e+08
31  22  4.61249e+08
31  23  4.1583e+08
31  24  3.14069e+08
31  25  2.74557e+08
31  26  3.94942e+08
31  27  3.70673e+08
31  28  4.1854e+08
31  29  2.86353e+08
31  30  2.0847e+08
31  31  1.57649e+08
31  32  1.59501e+08
31  33  6.03781e+07
31  34  1.56811e+08
31  35  2.44583e+08
31  36  5.00599e+08
31  37  4.34992e+08
31  38  4.46071e+08
31  39  4.7893e+08
31  40  4.14808e+08
31  41  2.96576e+08
31  42  2.93092e+08
31  43  4.68151e+08
31  44  4.43799e+08
31  45  4.92746e+08
31  46  3.15053e+08
31  47  2.98657e+08
31  48  2.08583e+08
31  49  1.80516e+08
31  50  4.75738e+08
32  0  3.86347e+07
32  1  7.39669e+07
32  2  4.47492e+07
32  3  1.11282e+08
32  4  1.75081e+08
32  5  1.32319e+08
32  6  1.38584e+08
32  7  1.50892e+08
32  8  1.47117e+08
32  9  2.92329e+08
32  10  4.44613e+08
32  11  4.99449e+08
32  12  4.4886e+08
32  13  3.25677e+08
32  14  1.91093e+08
32  15  4.24623e+08
32  16  4.23608e+08
32  17  4.35441e+08
32  18  3.93594e+08
32  19  2.74427e+08
32  20  2.00413e+08
32  21  4.26453e+08
32  22  5.1556e+08
32  23  4.21785e+08
32  24  3.17459e+08
32  25  2.1206e+08
32  26  3.04276e+08
32  27  3.4124e+08
32  28  4.27639e+08
32  29  3.55332e+08
32  30  1.79423e+08
32  31  1.1852e+08
32  32  1.83515e+08
32  33  2.77783e+07
32  34  8.97238e+07
32  35  2.23512e+08
32  36  4.69563e+08
32  37  4.54297e+08
32  38  5.10132e+08
32  39  6.05343e+08
32  40  5.6358e+08
32  41  2.87998e+08
32  42  3.07753e+08
32  43  5.21669e+08
32  44  4.48914e+08
32  45  5.74643e+08
32  46  3.67338e+08
32  47  2.7781e+08
32  48  2.98568e+08
32  49  2.76554e+08
32  50  4.46172e+08
33  0  3.21186e+07
33  1  4.71384e+06
33  2  3.85416e+07
33  3  9.51904e+07
33  4  9.07673e+07
33  5  1.41544e+08
33  6  1.32827e+08
33  7  1.81093e+08
33  8  1.36611e+08
33  9  2.2899e+08
33  10  3.29609e+08
33  11  4.61065e+08
33  12  4.28894e+08
33  13  4.22836e+08
33  14  2.82855e+08
33  15  4.45197e+08
33  16  4.75416e+08
33  17  3.3084e+08
33  18  3.7472e+08
33  19  4.20161e+08
33  20  3.59496e+08
33  21  5.03344e+08
33  22  5.72308e+08
33  23  4.10167e+08
33  24  2.30711e+08
33  25  9.90009e+07
33  26  2.73259e+08
33  27  3.51698e+08
33  28  3.58632e+08
33  29  4.00633e+08
33  30  1.99491e+08
33  31  2.49475e+08
33  32  2.62261e+08
33  33  2.14831e+08
33  34  8.15485e+07
33  35  2.57207e+08
33  36  4.8312e+08
33  37  4.35195e+08
33  38  5.6527e+08
33  39  4.84192e+08
33  40  4.04691e+08
33  41  2.7521e+08
33  42  4.60974e+08
33  43  5.80483e+08
33  44  5.53867e+08
33  45  4.56073e+08
33  46  2.85323e+08
33  47  3.86978e+08
33  48  3.77988e+08
33  49  3.00131e+08
33  50  4.61912e+08
34  0  0
34  1  0
34  2  5.69768e+07
34  3  7.19423e+07
34  4  2.26789e+07
34  5  1.05163e+08
34  6  6.61639e+07
34  7  7.22116e+07
34  8  8.53175e+07
34  9  2.05354e+08
34  10  1.49245e+08
34  11  3.03529e+08
34  12  3.3427e+08
34  13  3.38899e+08
34  14  3.04871e+08
34  15  4.36389e+08
34  16  5.25936e+08
34  17  2.98798e+08
34  18  3.36848e+08
34  19  3.63326e+08
34  20  3.50142e+08
34  21  4.88966e+08
34  22  4.34843e+08
34  23  3.62647e+08
34  24  1.05121e+08
34  25  8.73214e+07
34  26  2.79588e+08
34  27  3.42386e+08
34  28  3.91862e+08
34  29  3.4904e+08
34  30  1.99175e+08
34  31  2.9735e+08
34  32  2.26498e+08
34  33  2.80684e+07
34  34  7.19119e+07
34  35  2.44945e+08
34  36  3.64731e+08
34  37  4.53232e+08
34  38  4.47366e+08
34  39  5.04463e+08
34  40  5.3974e+08
34  41  3.69766e+08
34  42  4.02527e+08
34  43  7.84683e+08
34  44  7.10441e+08
34  45  6.46848e+08
34  46  3.46913e+08
34  47  3.90845e+08
34  48  4.7548e+08
34  49  3.96025e+08
34  50  4.66785e+08
35  0  0
35  1  0
35  2  1.19653e+08
35  3  0
35  4  0
35  5  8.34533e+06
35  6  7.76383e+07
35  7  4.26941e+07
35  8  3.51442e+07
35  9  8.75465e+07
35  10  1.33345e+08
35  11  2.57225e+08
35  12  2.84247e+08
35  13  3.05248e+08
35  14  3.07826e+08
35  15  5.29469e+08
35  16  4.98942e+08
35  17  4.22173e+08
35  18  4.36952e+08
35  19  4.96402e+08
35  20  4.91459e+08
35  21  4.24471e+08
35  22  3.73449e+08
35  23  2.84504e+08
35  24  1.16746e+08
35  25  1.83529e+08
35  26  3.10792e+08
35  27  3.35838e+08
35  28  4.54529e+08
35  29  3.57596e+08
35  30  2.2829e+08
35  31  3.50019e+08
35  32  2.03582e+08
35  33  5.75616e+07
35  34  9.64227e+07
35  35  1.12934e+08
35  36  4.20561e+08
35  37  4.84373e+08
35  38  5.00071e+08
35  39  4.96526e+08
35  40  5.30736e+08
35  41  3.89005e+08
35  42  4.50037e+08
35  43  7.03952e+08
35  44  6.97367e+08
35  45  5.54094e+08
35  46  4.06811e+08
35  47  5.61008e+08
35  48  5.05039e+08
35  49  5.25449e+08
35  50  5.7252e+08
36  0  3.94699e+07
36  1  3.2524e+07
36  2  4.70049e+07
36  3  4.56157e+06
36  4  5.23812e+07
36  5  2.03684e+07
36  6  6.42382e+07
36  7  5.06643e+07
36  8  1.33422e+08
36  9  1.26968e+08
36  10  9.72524e+07
36  11  1.04979e+08
36  12  1.82416e+08
36  13  2.30054e+08
36  14  2.72439e+08
36  15  3.45242e+08
36  16  4.98086e+08
36  17  3.09678e+08
36  18  4.17988e+08
36  19  4.24841e+08
36  20  4.82189e+08
36  21  4.27124e+08
36  22  4.39899e+08
36  23  3.40104e+08
36  24  1.27265e+08
36  25  2.17377e+08
36  26  2.75947e+08
36  27  3.85716e+08
36  28  3.49196e+08
36  29  4.71988e+08
36  30  3.17743e+08
36  31  3.64963e+08
36  32  3.14308e+08
36  33  1.62886e+08
36  34  4.71934e+07
36  35  1.10816e+08
36  36  3.24178e+08
36  37  4.27452e+08
36  38  5.27823e+08
36  39  5.74684e+08
36  40  5.94945e+08
36  41  3.88756e+08
36  42  3.70699e+08
36  43  6.42949e+08
36  44  6.96184e+08
36  45  6.48955e+08
36  46  3.70775e+08
36  47  4.38546e+08
36  48  5.11762e+08
36  49  5.26773e+08
36  50  5.06774e+08
37  0  0
37  1  6.8324e+07
37  2  4.21359e+07
37  3  4.89916e+06
37  4  2.75544e+07
37  5  5.69205e+06
37  6  5.25537e+07
37  7  7.38719e+07
37  8  7.17894e+07
37  9  1.07591e+08
37  10  2.60047e+07
37  11  7.23565e+07
37  12  1.33441e+08
37  13  1.0358e+08
37  14  1.91339e+08
37  15  2.64811e+08
37  16  3.80355e+08
37  17  2.63903e+08
37  18  3.90982e+08
37  19  4.20366e+08
37  20  4.82907e+08
37  21  5.06419e+08
37  22  3.50717e+08
37  23  3.22075e+08
37  24  9.29589e+07
37  25  1.84723e+08
37  26  3.82747e+08
37  27  3.40649e+08
37  28  3.56697e+08
37  29  5.18515e+08
37  30  3.86093e+08
37  31  4.84138e+08
37  32  2.76483e+08
37  33  1.16783e+08
37  34  1.32364e+08
37  35  1.34215e+08
37  36  3.60394e+08
37  37  3.83877e+08
37  38  4.84828e+08
37  39  5.06998e+08
37  40  6.23516e+08
37  41  5.11367e+08
37  42  5.05707e+08
37  43  6.84352e+08
37  44  6.53768e+08
37  45  6.20022e+08
37  46  4.49306e+08
37  47  4.845e+08
37  48  5.9242e+08
37  49  6.01858e+08
37  50  4.97504e+08
38  0  5.06315e+07
38  1  0
38  2  4.5782e+07
38  3  2.40096e+07
38  4  6.76349e+07
38  5  1.52829e+08
38  6  0
38  7  0
38  8  9.81477e+07
38  9  3.31405e+07
38  10  7.79931e+06
38  11  8.49839e+07
38  12  7.40151e+07
38  13  1.61728e+08
38  14  1.22732e+08
38  15  3.20054e+08
38  16  2.34043e+08
38  17  2.75867e+08
38  18  4.06002e+08
38  19  4.17113e+08
38  20  5.12959e+08
38  21  3.56113e+08
38  22  4.25961e+08
38  23  2.2565e+08
38  24  9.00212e+07
38  25  2.33464e+08
38  26  3.95726e+08
38  27  3.99736e+08
38  28  3.55994e+08
38  29  5.17902e+08
38  30  3.81889e+08
38  31  4.42453e+08
38  32  4.26991e+08
38  33  2.62622e+08
38  34  1.47384e+08
38  35  1.28976e+08
38  36  2.40411e+08
38  37  4.11319e+08
38  38  3.56176e+08
38  39  5.31897e+08
38  40  6.41971e+08
38  41  4.88398e+08
38  42  3.75726e+08
38  43  5.82203e+08
38  44  7.14968e+08
38  45  6.63821e+08
38  46  3.74745e+08
38  47  6.12849e+08
38  48  6.00247e+08
38  49  6.07251e+08
38  50  5.44539e+08
39  0  3.19963e+07
39  1  0
39  2  2.19531e+07
39  3  9.95678e+07
39  4  1.02353e+08
39  5  5.44865e+07
39  6  1.04179e+07
39  7  0
39  8  4.56879e+07
39  9  7.10854e+07
39  10  3.20153e+07
39  11  5.73766e+07
39  12  4.0331e+07
39  13  8.39401e+07
39  14  1.02719e+08
39  15  2.09226e+08
39  16  1.7738e+08
39  17  1.52457e+08
39  18  2.88156e+08
39  19  3.77842e+08
39  20  4.91072e+08
39  21  4.50789e+08
39  22  3.27431e+08
39  23  1.05102e+08
39  24  1.38305e+08
39  25  3.12774e+08
39  26  4.01722e+08
39  27  4.23206e+08
39  28  4.25073e+08
39  29  4.37561e+08
39  30  3.99929e+08
39  31  3.59121e+08
39  32  4.04427e+08
39  33  2.98594e+08
39  34  1.20804e+08
39  35  9.27928e+07
39  36  3.23358e+08
39  37  3.20612e+08
39  38  4.08165e+08
39  39  4.918e+08
39  40  5.38523e+08
39  41  5.07554e+08
39  42  4.46819e+08
39  43  6.17057e+08
39  44  6.48816e+08
39  45  5.32849e+08
39  46  4.66222e+08
39  47  6.40567e+08
39  48  7.13607e+08
39  49  6.08643e+08
39  50  5.7826e+08
40  0  0
40  1  0
40  2  7.2251e+06
40  3  0
40  4  0
40  5  0
40  6  9.60731e+07
40  7  1.72389e+07
40  8  3.25483e+07
40  9  1.07275e+08
40  10  1.54103e+07
40  11  0
40  12  1.32438e+08
40  13  5.14744e+07
40  14  1.21019e+08
40  15  1.03857e+08
40  16  1.1032e+08
40  17  1.73412e+08
40  18  2.92868e+08
40  19  3.53655e+08
40  20  3.76161e+08
40  21  3.85167e+08
40  22  3.70666e+08
40  23  2.83486e+08
40  24  1.52094e+08
40  25  2.69756e+08
40  26  4.28924e+08
40  27  4.57734e+08
40  28  4.98235e+08
40  29  5.038e+08
40  30  2.47488e+08
40  31  3.2221e+08
40  32  2.94907e+08
40  33  4.33207e+08
40  34  1.75421e+08
40  35  2.17723e+08
40  36  1.77266e+08
40  37  3.42496e+08
40  38  4.27955e+08
40  39  4.00261e+08
40  40  4.91781e+08
40  41  5.31496e+08
40  42  4.51884e+08
40  43  5.60765e+08
40  44  5.7257e+08
40  45  4.80074e+08
40  46  4.95787e+08
40  47  5.4642e+08
40  48  5.60317e+08
40  49  5.74533e+08
40  50  5.50602e+08
41  0  3.70468e+07
41  1  0
41  2  1.50918e+07
41  3  669724
41  4  3.10099e+07
41  5  1.86573e+07
41  6  1.6596e+08
41  7  0
41  8  6.03846e+07
41  9  0
41  10  814465
41  11  6.37391e+07
41  12  2.26195e+07
41  13  6.39639e+07
41  14  5.83682e+07
41  15  9.56626e+07
41  16  1.91067e+08
41  17  1.4753e+08
41  18  3.55868e+08
41  19  2.67188e+08
41  20  3.11543e+08
41  21  3.7523e+08
41  22  4.08089e+08
41  23  1.65267e+08
41  24  9.5512e+07
41  25  3.42444e+08
41  26  5.21016e+08
41  27  5.44565e+08
41  28  5.19421e+08
41  29  3.87537e+08
41  30  2.3247e+08
41  31  1.62589e+08
41  32  3.29761e+08
41  33  4.61649e+08
41  34  3.53568e+08
41  35  2.28668e+08
41  36  1.83906e+08
41  37  2.96057e+08
41  38  4.48824e+08
41  39  4.25439e+08
41  40  4.7785e+08
41  41  3.98823e+08
41  42  3.62946e+08
41  43  4.47017e+08
41  44  5.33397e+08
41  45  4.08061e+08
41  46  4.59215e+08
41  47  5.68994e+08
41  48  5.01233e+08
41  49  5.46558e+08
41  50  5.40278e+08
42  0  0
42  1  1.06242e+07
42  2  0
42  3  4.76272e+07
42  4  3.04284e+07
42  5  1.64157e+07
42  6  8.91968e+07
42  7  0
42  8  2.00974e+07
42  9  1.62276e+07
42  10  6.05435e+07
42  11  3.21657e+07
42  12  0
42  13  2.36574e+07
42  14  1.21105e+08
42  15  6.68198e+07
42  16  5.23002e+07
42  17  2.15918e+08
42  18  1.08537e+08
42  19  1.95751e+08
42  20  1.99252e+08
42  21  1.92416e+08
42  22  3.23949e+08
42  23  2.01155e+08
42  24  2.22342e+08
42  25  3.06399e+08
42  26  5.86644e+08
42  27  5.64251e+08
42  28  4.97687e+08
42  29  5.3355e+08
42  30  2.95944e+08
42  31  2.7652e+08
42  32  1.44603e+08
42  33  4.62988e+08
42  34  4.1847e+08
42  35  2.70236e+08
42  36  1.78864e+08
42  37  2.63669e+08
42  38  4.50737e+08
42  39  4.11057e+08
42  40  4.48473e+08
42  41  4.62908e+08
42  42  3.17348e+08
42  43  3.4561e+08
42  44  3.75014e+08
42  45  2.41695e+08
42  46  2.54851e+08
42  47  4.27027e+08
42  48  4.67542e+08
42  49  4.18547e+08
42  50  5.12189e+08
43  0  0
43  1  0
43  2  0
43  3  0
43  4  0
43  5  2.42487e+07
43  6  3.28312e+07
43  7  1.10425e+07
43  8  4.70538e+07
43  9  4.01038e+07
43  10  2.8104e+07
43  11  0
43  12  1.15501e+08
43  13  0
43  14  0
43  15  1.0229e+07
43  16  1.02059e+08
43  17  1.08325e+08
43  18  7.86938e+07
43  19  1.37367e+08
43  20  1.77497e+08
43  21  2.41573e+08
43  22  2.33529e+08
43  23  3.3861e+08
43  24  2.91886e+08
43  25  3.4167e+08
43  26  5.19392e+08
43  27  5.99889e+08
43  28  5.57601e+08
43  29  4.47385e+08
43  30  4.10119e+08
43  31  1.7179e+08
43  32  2.51866e+08
43  33  5.17074e+08
43  34  3.52851e+08
43  35  3.9085e+08
43  36  2.95127e+08
43  37  2.65565e+08
43  38  4.10091e+08
43  39  4.24413e+08
43  40  3.40429e+08
43  41  4.08098e+08
43  42  2.03632e+08
43  43  2.37753e+08
43  44  3.63295e+08
43  45  1.83413e+08
43  46  2.33166e+08
43  47  2.37347e+08
43  48  2.53366e+08
43  49  3.72841e+08
43  50  3.80958e+08
44  0  4.76332e+07
44  1  0
44  2  0
44  3  0
44  4  0
44  5  0
44  6  3.76069e+07
44  7  0
44  8  3.59442e+07
44  9  1.83989e+07
44  10  0
44  11  0
44  12  0
44  13  0
44  14  0
44  15  0
44  16  8.25143e+07
44  17  0
44  18  1.27719e+08
44  19  3.07392e+08
44  20  1.58892e+08
44  21  1.15135e+08
44  22  2.43625e+08
44  23  9.18289e+07
44  24  1.49516e+08
44  25  2.709e+08
44  26  4.97646e+08
44  27  5.80223e+08
44  28  5.41103e+08
44  29  5.13785e+08
44  30  4.38476e+08
44  31  2.60334e+08
44  32  1.77402e+08
44  33  4.76659e+08
44  34  5.08225e+08
44  35  3.92659e+08
44  36  3.02331e+08
44  37  3.67606e+08
44  38  2.62654e+08
44  39  3.72554e+08
44  40  1.92761e+08
44  41  2.50414e+08
44  42  2.27198e+08
44  43  1.17704e+08
44  44  1.34582e+08
44  45  7.04377e+07
44  46  1.09936e+08
44  47  1.21266e+08
44  48  8.92996e+07
44  49  1.84874e+08
44  50  3.04335e+08
45  0  0
45  1  3.75032e+07
45  2  0
45  3  0
45  4  0
45  5  0
45  6  4.90177e+07
45  7  0
45  8  0
45  9  0
45  10  1.02557e+07
45  11  8.93142e+07
45  12  0
45  13  0
45  14  2.43607e+07
45  15  1.70906e+07
45  16  2.45615e+07
45  17  3.18943e+07
45  18  3.54174e+07
45  19  1.39853e+08
45  20  7.80069e+07
45  21  1.72749e+08
45  22  7.48097e+07
45  23  1.25025e+08
45  24  1.99252e+08
45  25  1.38279e+08
45  26  3.82374e+08
45  27  3.50308e+08
45  28  4.46013e+08
45  29  4.07242e+08
45  30  3.49208e+08
45  31  4.27564e+08
45  32  2.59561e+08
45  33  2.1286e+08
45  34  3.53138e+08
45  35  2.6291e+08
45  36  1.23169e+08
45  37  2.24622e+08
45  38  1.50818e+08
45  39  2.05661e+08
45  40  1.73372e+08
45  41  1.30039e+08
45  42  1.7412e+08
45  43  8.12936e+07
45  44  3.1444e+07
45  45  0
45  46  5.39296e+07
45  47  1.34573e+08
45  48  1.27999e+08
45  49  1.84247e+08
45  50  1.9019e+08
46  0  0
46  1  0
46  2  0
46  3  0
46  4  4.46018e+07
46  5  5.11425e+07
46  6  0
46  7  0
46  8  0
46  9  7.85938e+06
46  10  3.24257e+07
46  11  0
46  12  6.9504e+07
46  13  0
46  14  0
46  15  0
46  16  2.235e+07
46  17  1.69348e+07
46  18  0
46  19  8.48465e+07
46  20  7.1165e+07
46  21  4.67129e+07
46  22  1.40727e+08
46  23  1.17353e+08
46  24  4.0403e+07
46  25  7.449e+07
46  26  2.36077e+08
46  27  2.60117e+08
46  28  3.02057e+08
46  29  1.9603e+08
46  30  3.76137e+08
46  31  1.49946e+08
46  32  1.80847e+08
46  33  2.80697e+08
46  34  2.15741e+08
46  35  1.78031e+08
46  36  2.92271e+08
46  37  1.30113e+08
46  38  2.16956e+08
46  39  1.71823e+08
46  40  1.15077e+08
46  41  1.62842e+08
46  42  1.21309e+08
46  43  1.26798e+08
46  44  1.69498e+08
46  45  1.20076e+08
46  46  1.59622e+08
46  47  0
46  48  4.72276e+07
46  49  5.08702e+07
46  50  1.1361e+08
47  0  0
47  1  1.58788e+07
47  2  0
47  3  0
47  4  0
47  5  0
47  6  3.77268e+07
47  7  0
47  8  0
47  9  2.25594e+07
47  10  1.12586e+07
47  11  0
47  12  4.99368e+07
47  13  6.46258e+07
47  14  0
47  15  5.10646e+07
47  16  0
47  17  0
47  18  0
47  19  9.94285e+07
47  20  1.29238e+08
47  21  4.6556e+07
47  22  6.23603e+07
47  23  2.58757e+07
47  24  0
47  25  4.99945e+07
47  26  1.59057e+08
47  27  1.45185e+08
47  28  8.79586e+07
47  29  1.73751e+08
47  30  1.99525e+08
47  31  6.73118e+07
47  32  1.17562e+08
47  33  2.19667e+08
47  34  3.02945e+07
47  35  1.36269e+08
47  36  1.42154e+08
47  37  9.22577e+07
47  38  1.83305e+08
47  39  1.2468e+08
47  40  5.4095e+07
47  41  1.93675e+08
47  42  1.05934e+08
47  43  1.00643e+07
47  44  3.05447e+07
47  45  4.8554e+07
47  46  2.69624e+07
47  47  3.07748e+07
47  48  2.06092e+07
47  49  4.78244e+07
47  50  1.30779e+08
48  0  0
48  1  0
48  2  0
48  3  3.09397e+07
48  4  4.06463e+07
48  5  5.69107e+07
48  6  7.10376e+07
48  7  0
48  8  0
48  9  0
48  10  4.80181e+07
48  11  2.41514e+07
48  12  0
48  13  1.94285e+07
48  14  0
48  15  0
48  16  0
48  17  1.34443e+07
48  18  4.15517e+07
48  19  3.82973e+07
48  20  0
48  21  1.15301e+08
48  22  1.43057e+08
48  23  0
48  24  8.56274e+07
48  25  1.42972e+08
48  26  1.04757e+08
48  27  1.59099e+08
48  28  1.82883e+08
48  29  1.03267e+08
48  30  2.50508e+07
48  31  4.03637e+06
48  32  4.76685e+07
48  33  1.18247e+08
48  34  5.12622e+07
48  35  2.21439e+07
48  36  3.59916e+07
48  37  3.64942e+07
48  38  0
48  39  4.43398e+07
48  40  0
48  41  1.97571e+08
48  42  2.99002e+07
48  43  0
48  44  0
48  45  9.1323e+07
48  46  1.16665e+07
48  47  0
48  48  0
48  49  0
48  50  1.49802e+08
49  0  0
49  1  5.38817e+07
49  2  3.51591e+07
49  3  0
49  4  0
49  5  0
49  6  0
49  7  4.59454e+07
49  8  0
49  9  2.22362e+07
49  10  6.87473e+07
49  11  3.5442e+07
49  12  5.88461e+07
49  13  0
49  14  0
49  15  0
49  16  7.57109e+07
49  17  4.42196e+07
49  18  0
49  19  0
49  20  4.81327e+07
49  21  7.08444e+07
49  22  3.21786e+07
49  23  8.15643e+07
49  24  1.46946e+08
49  25  9.34524e+07
49  26  8.11151e+06
49  27  1.05636e+08
49  28  1.56851e+08
49  29  7.851e+07
49  30  1.36204e+08
49  31  3.09873e+07
49  32  0
49  33  7.85419e+07
49  34  7.56932e+07
49  35  8.37862e+07
49  36  0
49  37  1.95412e+07
49  38  3.79825e+07
49  39  0
49  40  0
49  41  0
49  42  3.08285e+07
49  43  2.26126e+07
49  44  0
49  45  0
49  46  2.53692e+07
49  47  2.47697e+07
49  48  0
49  49  2.61905e+07
49  50  4.06582e+07
50  0  3.20844e+07
50  1  5.94577e+07
50  2  0
50  3  0
50  4  0
50  5  0
50  6  4.14808e+06
50  7  0
50  8  0
50  9  0
50  10  0
50  11  7.75075e+07
50  12  0
50  13  2.45241e+07
50  14  0
50  15  0
50  16  0
50  17  9.84421e+06
50  18  5.83422e+07
50  19  5.63374e+07
50  20  5.3265e+07
50  21  1.06871e+08
50  22  1.89105e+07
50  23  0
50  24  6.41341e+07
50  25  3.31018e+07
50  26  7.03297e+07
50  27  1.03164e+08
50  28  5.20111e+07
50  29  0
50  30  6.92486e+07
50  31  0
50  32  0
50  33  8.05038e+07
50  34  7.25761e+07
50  35  1.13512e+08
50  36  9.18398e+06
50  37  2.12299e+07
50  38  0
50  39  7.43492e+07
50  40  3.69562e+07
50  41  0
50  42  8.71579e+07
50  43  0
50  44  0
50  45  1.46838e+07
50  46  5.20234e+07
50  47  0
50  48  0
50  49  0
50  50  0

