row  column  (images_33.edf Mn-K*images_33.edf Ar-K**2.3)
0  0  2.27671e+07
0  1  3.14662e+07
0  2  2.3275e+07
0  3  2.07121e+07
0  4  5.13687e+07
0  5  2.33064e+07
0  6  4.3119e+07
0  7  3.40506e+07
0  8  3.81954e+07
0  9  2.85453e+07
0  10  2.03023e+07
0  11  3.01084e+07
0  12  2.27308e+07
0  13  3.99753e+07
0  14  1.76347e+07
0  15  1.35037e+07
0  16  2.26859e+07
0  17  3.10552e+07
0  18  2.74704e+07
0  19  3.20303e+07
0  20  2.98342e+07
0  21  1.44919e+07
0  22  1.34635e+07
0  23  1.41233e+07
0  24  2.60518e+07
0  25  2.27094e+07
0  26  2.22322e+07
0  27  2.05955e+07
0  28  4.47756e+07
0  29  3.92849e+07
0  30  3.91623e+07
0  31  2.52318e+07
0  32  2.21675e+07
0  33  4.60852e+07
0  34  4.67484e+07
0  35  2.56075e+07
0  36  1.91889e+07
0  37  2.78293e+07
0  38  3.72549e+07
0  39  4.43765e+07
0  40  3.09373e+07
0  41  2.41853e+07
0  42  3.67297e+07
0  43  2.15176e+07
0  44  2.57941e+07
0  45  2.05796e+07
0  46  3.56388e+07
0  47  3.33805e+07
0  48  2.53343e+07
0  49  3.43298e+07
0  50  3.63856e+07
1  0  3.13025e+07
1  1  1.57263e+07
1  2  4.50518e+07
1  3  1.32255e+07
1  4  2.10619e+07
1  5  3.65771e+07
1  6  2.83863e+07
1  7  3.32528e+07
1  8  2.3149e+07
1  9  2.15548e+07
1  10  2.67583e+07
1  11  3.5098e+07
1  12  2.34969e+07
1  13  2.25439e+07
1  14  2.59187e+07
1  15  2.17208e+07
1  16  1.7808e+07
1  17  1.52732e+07
1  18  3.30547e+07
1  19  3.57846e+07
1  20  3.94501e+07
1  21  2.30306e+07
1  22  1.97342e+07
1  23  2.99117e+07
1  24  2.9201e+07
1  25  2.33509e+07
1  26  1.87813e+07
1  27  2.51203e+07
1  28  2.41494e+07
1  29  3.50642e+07
1  30  3.20076e+07
1  31  2.27187e+07
1  32  1.65271e+07
1  33  1.8983e+07
1  34  1.50236e+07
1  35  1.54266e+07
1  36  2.1974e+07
1  37  2.27384e+07
1  38  1.00429e+07
1  39  0
1  40  1.33918e+07
1  41  3.02205e+07
1  42  2.7499e+07
1  43  2.11432e+07
1  44  2.19764e+07
1  45  2.58056e+07
1  46  1.59117e+07
1  47  3.9026e+07
1  48  1.56794e+07
1  49  4.7452e+07
1  50  1.67643e+07
2  0  3.22962e+07
2  1  5.03937e+07
2  2  1.17919e+07
2  3  2.28021e+07
2  4  3.83611e+07
2  5  2.45097e+07
2  6  0
2  7  3.2876e+07
2  8  1.98616e+07
2  9  5.34086e+07
2  10  2.17913e+07
2  11  3.42541e+07
2  12  2.62856e+07
2  13  2.6957e+07
2  14  2.76254e+07
2  15  2.28825e+07
2  16  2.81068e+07
2  17  1.53906e+07
2  18  3.44911e+07
2  19  2.74491e+07
2  20  2.36501e+07
2  21  1.57868e+07
2  22  2.59122e+07
2  23  2.14769e+07
2  24  3.94076e+07
2  25  2.02982e+07
2  26  3.8873e+07
2  27  1.34938e+07
2  28  5.27032e+07
2  29  3.35097e+07
2  30  3.55878e+07
2  31  2.8202e+07
2  32  1.62619e+07
2  33  3.12542e+07
2  34  3.3409e+07
2  35  3.60178e+07
2  36  3.17477e+07
2  37  3.33451e+07
2  38  1.65052e+07
2  39  1.55733e+07
2  40  2.11294e+07
2  41  2.51334e+07
2  42  2.02457e+07
2  43  2.08109e+07
2  44  2.94304e+07
2  45  1.41989e+07
2  46  2.14346e+07
2  47  2.75323e+07
2  48  8.13701e+06
2  49  2.29046e+07
2  50  9.33909e+06
3  0  1.39073e+07
3  1  1.85911e+07
3  2  2.14479e+07
3  3  3.88822e+07
3  4  3.37414e+07
3  5  4.58615e+07
3  6  4.57043e+07
3  7  2.59253e+07
3  8  2.73484e+07
3  9  4.14988e+07
3  10  3.79577e+07
3  11  4.66139e+07
3  12  1.85479e+07
3  13  4.0549e+07
3  14  3.25873e+07
3  15  2.5278e+07
3  16  4.77671e+07
3  17  1.57603e+07
3  18  3.17616e+07
3  19  2.59515e+07
3  20  3.21218e+07
3  21  4.16195e+07
3  22  3.24822e+07
3  23  3.27092e+07
3  24  4.04377e+07
3  25  2.97001e+07
3  26  2.64958e+07
3  27  3.07239e+07
3  28  3.03751e+07
3  29  2.79579e+07
3  30  2.35354e+07
3  31  3.0293e+07
3  32  2.23173e+07
3  33  2.3366e+07
3  34  3.93683e+07
3  35  2.46257e+07
3  36  6.78929e+06
3  37  4.13904e+07
3  38  3.44826e+07
3  39  4.1695e+07
3  40  2.43024e+07
3  41  2.70562e+07
3  42  1.96446e+07
3  43  2.07263e+07
3  44  3.03993e+07
3  45  3.36029e+07
3  46  2.49422e+07
3  47  1.50306e+07
3  48  2.57331e+07
3  49  2.81669e+07
3  50  2.60358e+07
4  0  3.38749e+07
4  1  5.49128e+07
4  2  2.01937e+07
4  3  3.13587e+07
4  4  3.10965e+07
4  5  5.07616e+07
4  6  4.01916e+07
4  7  4.50728e+07
4  8  2.58679e+07
4  9  2.21624e+07
4  10  3.11049e+07
4  11  3.07904e+07
4  12  3.12778e+07
4  13  2.72503e+07
4  14  2.83259e+07
4  15  3.53447e+07
4  16  4.81905e+07
4  17  2.377e+07
4  18  3.08881e+07
4  19  1.76489e+07
4  20  1.80682e+07
4  21  2.83365e+07
4  22  1.82149e+07
4  23  1.14066e+07
4  24  1.98071e+07
4  25  3.67655e+07
4  26  3.26741e+07
4  27  3.60915e+07
4  28  1.79532e+07
4  29  2.04295e+07
4  30  1.27552e+07
4  31  9.94093e+06
4  32  3.59953e+07
4  33  2.45261e+07
4  34  1.66907e+07
4  35  2.62108e+07
4  36  2.76494e+07
4  37  2.93055e+07
4  38  1.83644e+07
4  39  1.58537e+07
4  40  4.23014e+07
4  41  2.18883e+07
4  42  1.11978e+07
4  43  3.21904e+07
4  44  3.37542e+06
4  45  1.75356e+07
4  46  3.4965e+07
4  47  3.35046e+07
4  48  2.81301e+07
4  49  4.3308e+06
4  50  4.10371e+07
5  0  4.54581e+07
5  1  1.7928e+07
5  2  3.03088e+07
5  3  4.42162e+07
5  4  3.85157e+07
5  5  3.11524e+07
5  6  3.34649e+07
5  7  3.17441e+07
5  8  2.51015e+07
5  9  2.38223e+07
5  10  2.88937e+07
5  11  3.46501e+07
5  12  3.36976e+07
5  13  2.61433e+07
5  14  2.23298e+07
5  15  4.02754e+07
5  16  2.41889e+07
5  17  2.87014e+07
5  18  2.51224e+07
5  19  2.31181e+07
5  20  1.27977e+07
5  21  3.01545e+07
5  22  2.54813e+07
5  23  2.64504e+07
5  24  2.62059e+07
5  25  2.43702e+07
5  26  3.20541e+07
5  27  2.28614e+07
5  28  2.00696e+07
5  29  4.52112e+07
5  30  2.03888e+07
5  31  1.52206e+07
5  32  3.03567e+07
5  33  1.71402e+07
5  34  2.82128e+07
5  35  2.25146e+07
5  36  1.77125e+07
5  37  1.9354e+07
5  38  2.69819e+07
5  39  2.5192e+07
5  40  3.37907e+07
5  41  1.91687e+07
5  42  1.70178e+07
5  43  1.178e+07
5  44  1.60508e+07
5  45  3.52827e+07
5  46  3.3311e+07
5  47  3.11608e+07
5  48  4.39536e+07
5  49  1.39738e+07
5  50  2.44922e+07
6  0  4.53852e+07
6  1  3.8465e+07
6  2  8.09074e+06
6  3  4.05632e+07
6  4  3.52534e+07
6  5  2.89796e+07
6  6  2.37204e+07
6  7  4.24932e+07
6  8  3.3444e+07
6  9  3.9504e+07
6  10  3.09359e+07
6  11  2.04901e+07
6  12  1.96638e+07
6  13  2.14102e+07
6  14  3.1697e+07
6  15  2.55708e+07
6  16  2.51599e+07
6  17  2.11716e+07
6  18  2.69669e+07
6  19  1.91042e+07
6  20  2.26357e+07
6  21  2.37445e+07
6  22  1.72573e+07
6  23  3.4559e+07
6  24  4.37145e+07
6  25  1.59038e+07
6  26  3.26552e+07
6  27  3.77408e+07
6  28  2.39492e+07
6  29  3.40427e+07
6  30  3.11019e+07
6  31  2.98206e+07
6  32  1.64134e+07
6  33  2.21137e+07
6  34  1.49678e+07
6  35  2.123e+07
6  36  3.23555e+07
6  37  2.72111e+07
6  38  1.67255e+07
6  39  1.32956e+07
6  40  3.05551e+07
6  41  3.35883e+07
6  42  2.83525e+07
6  43  1.29019e+07
6  44  1.86274e+07
6  45  3.41754e+07
6  46  4.22005e+07
6  47  3.41404e+07
6  48  1.77047e+07
6  49  2.86822e+07
6  50  2.60485e+07
7  0  1.90292e+07
7  1  3.26159e+07
7  2  3.57182e+07
7  3  2.9964e+07
7  4  3.2475e+07
7  5  3.20847e+07
7  6  2.85889e+07
7  7  3.03914e+07
7  8  3.51003e+07
7  9  1.67891e+07
7  10  4.04987e+07
7  11  4.65851e+07
7  12  2.12806e+07
7  13  4.94565e+07
7  14  1.8107e+07
7  15  3.31007e+07
7  16  1.97487e+07
7  17  2.509e+07
7  18  2.94835e+07
7  19  1.33455e+07
7  20  2.91266e+07
7  21  2.84748e+07
7  22  1.3839e+07
7  23  1.31768e+07
7  24  3.12882e+07
7  25  1.77137e+07
7  26  2.02578e+07
7  27  2.54013e+07
7  28  2.03826e+07
7  29  2.22092e+07
7  30  1.88677e+07
7  31  1.85329e+07
7  32  3.99204e+07
7  33  3.75092e+07
7  34  2.90552e+07
7  35  9.46307e+06
7  36  3.46338e+07
7  37  1.79725e+07
7  38  2.28737e+07
7  39  2.88536e+07
7  40  3.06852e+07
7  41  1.92058e+07
7  42  2.68838e+07
7  43  2.0124e+07
7  44  3.10201e+07
7  45  2.31453e+07
7  46  4.49943e+07
7  47  2.26803e+07
7  48  3.75171e+07
7  49  2.51258e+07
7  50  1.78122e+07
8  0  4.24402e+07
8  1  1.91299e+07
8  2  3.76714e+07
8  3  3.49642e+07
8  4  3.11147e+07
8  5  4.96498e+07
8  6  3.22038e+07
8  7  3.15557e+07
8  8  3.47048e+07
8  9  4.33682e+07
8  10  1.94177e+07
8  11  3.20322e+07
8  12  3.57057e+07
8  13  3.28412e+07
8  14  3.00643e+07
8  15  3.49254e+07
8  16  4.09932e+07
8  17  2.0046e+07
8  18  2.93369e+07
8  19  2.33967e+07
8  20  1.77508e+07
8  21  1.8374e+07
8  22  3.03897e+07
8  23  4.357e+07
8  24  2.75421e+07
8  25  3.36328e+07
8  26  3.64005e+07
8  27  4.02721e+07
8  28  2.04509e+07
8  29  3.03161e+07
8  30  1.58055e+07
8  31  3.09732e+07
8  32  1.93684e+07
8  33  1.01412e+07
8  34  2.26024e+07
8  35  7.79689e+06
8  36  3.38449e+07
8  37  2.4032e+07
8  38  2.65408e+07
8  39  2.92974e+07
8  40  3.95914e+07
8  41  3.40643e+07
8  42  2.57999e+07
8  43  2.12641e+07
8  44  1.79755e+07
8  45  1.43592e+07
8  46  6.15887e+07
8  47  1.85554e+07
8  48  3.53607e+07
8  49  1.30378e+07
8  50  2.11081e+07
9  0  5.01713e+07
9  1  3.55982e+07
9  2  3.77014e+07
9  3  3.46197e+07
9  4  5.52182e+07
9  5  3.35954e+07
9  6  4.89689e+07
9  7  2.7572e+07
9  8  3.18276e+07
9  9  4.16902e+07
9  10  2.52722e+07
9  11  1.85389e+07
9  12  1.46498e+07
9  13  2.36726e+07
9  14  2.27542e+07
9  15  3.75793e+07
9  16  2.89168e+07
9  17  2.49334e+07
9  18  2.23063e+07
9  19  1.693e+07
9  20  3.4091e+07
9  21  3.00454e+07
9  22  1.64416e+07
9  23  2.803e+07
9  24  1.14797e+07
9  25  2.16373e+07
9  26  2.06863e+07
9  27  1.87885e+07
9  28  3.12644e+07
9  29  3.20909e+07
9  30  2.01755e+07
9  31  2.2391e+07
9  32  1.92553e+07
9  33  2.15361e+07
9  34  2.27597e+07
9  35  3.02845e+07
9  36  2.32068e+07
9  37  2.15148e+07
9  38  1.99647e+07
9  39  1.32851e+07
9  40  3.49889e+07
9  41  3.21388e+07
9  42  1.79583e+07
9  43  2.91958e+07
9  44  1.8066e+07
9  45  7.87683e+06
9  46  5.78943e+07
9  47  1.19395e+07
9  48  2.02549e+07
9  49  2.25749e+07
9  50  1.87632e+07
10  0  3.04341e+07
10  1  3.08236e+07
10  2  3.28429e+07
10  3  4.63808e+07
10  4  5.09292e+07
10  5  3.60848e+07
10  6  2.11765e+07
10  7  2.60267e+07
10  8  2.22772e+07
10  9  3.06687e+07
10  10  2.68007e+07
10  11  3.93119e+07
10  12  2.14495e+07
10  13  4.88144e+07
10  14  2.51491e+07
10  15  1.83297e+07
10  16  2.75227e+07
10  17  1.38082e+07
10  18  2.4117e+07
10  19  2.7177e+07
10  20  2.4631e+07
10  21  1.83186e+07
10  22  1.7657e+07
10  23  2.79544e+07
10  24  3.51343e+07
10  25  1.94502e+07
10  26  2.94619e+07
10  27  4.53666e+07
10  28  1.87732e+07
10  29  1.27661e+07
10  30  2.90312e+07
10  31  1.49086e+07
10  32  2.09889e+07
10  33  2.22277e+07
10  34  1.93717e+07
10  35  1.95416e+07
10  36  3.81473e+07
10  37  2.9051e+07
10  38  0
10  39  1.61423e+07
10  40  3.08577e+07
10  41  3.83323e+07
10  42  1.94285e+07
10  43  4.02535e+06
10  44  2.08647e+07
10  45  2.01311e+07
10  46  8.62533e+07
10  47  3.14601e+07
10  48  2.27908e+07
10  49  2.15084e+07
10  50  2.35466e+07
11  0  1.21747e+07
11  1  3.15753e+07
11  2  2.06779e+07
11  3  2.75832e+07
11  4  4.9213e+07
11  5  3.5553e+07
11  6  2.25219e+07
11  7  3.36889e+07
11  8  1.79412e+07
11  9  1.74356e+07
11  10  3.15034e+07
11  11  4.58704e+07
11  12  3.32482e+07
11  13  2.18165e+07
11  14  2.89204e+07
11  15  3.1663e+07
11  16  5.1281e+07
11  17  1.91721e+07
11  18  3.39654e+07
11  19  2.41577e+07
11  20  2.03105e+07
11  21  4.29956e+07
11  22  2.61394e+07
11  23  0
11  24  1.95805e+07
11  25  2.2546e+07
11  26  2.70778e+07
11  27  2.35276e+07
11  28  2.65514e+07
11  29  2.89038e+07
11  30  8.21435e+06
11  31  3.03955e+07
11  32  1.27617e+07
11  33  1.67668e+07
11  34  1.49694e+07
11  35  2.5668e+07
11  36  2.432e+07
11  37  3.25319e+07
11  38  1.57168e+07
11  39  1.23105e+07
11  40  2.6198e+07
11  41  3.175e+07
11  42  2.93035e+07
11  43  5.22112e+06
11  44  1.04504e+07
11  45  2.3628e+07
11  46  7.73581e+07
11  47  3.49925e+07
11  48  2.97399e+07
11  49  3.21524e+07
11  50  3.05833e+07
12  0  2.3265e+07
12  1  2.5512e+07
12  2  3.63893e+07
12  3  3.02083e+07
12  4  5.68131e+07
12  5  5.23619e+07
12  6  2.8458e+07
12  7  3.36545e+07
12  8  2.0286e+07
12  9  4.08271e+07
12  10  4.21658e+07
12  11  2.44362e+07
12  12  3.95811e+07
12  13  3.1287e+07
12  14  3.08494e+07
12  15  3.35279e+07
12  16  3.01833e+07
12  17  2.5632e+07
12  18  3.56711e+07
12  19  3.14717e+07
12  20  1.84952e+07
12  21  2.12336e+07
12  22  1.48067e+07
12  23  2.10876e+07
12  24  3.25515e+07
12  25  2.52876e+07
12  26  3.00495e+07
12  27  8.31677e+06
12  28  2.64268e+07
12  29  1.79449e+07
12  30  2.34997e+07
12  31  8.82729e+06
12  32  2.1937e+07
12  33  2.42769e+07
12  34  2.1864e+07
12  35  2.54027e+07
12  36  7.119e+06
12  37  1.80055e+07
12  38  2.39249e+07
12  39  1.98865e+07
12  40  3.49606e+07
12  41  2.96766e+07
12  42  3.4883e+07
12  43  5.23264e+06
12  44  1.92713e+07
12  45  2.09683e+07
12  46  4.23538e+07
12  47  2.86517e+07
12  48  1.33987e+07
12  49  9.1271e+06
12  50  2.37431e+07
13  0  3.22324e+07
13  1  6.13437e+07
13  2  3.81084e+07
13  3  2.82895e+07
13  4  5.16107e+07
13  5  4.68892e+07
13  6  2.53177e+07
13  7  3.3111e+07
13  8  3.77162e+07
13  9  2.32334e+07
13  10  4.44593e+07
13  11  3.91589e+07
13  12  4.33125e+07
13  13  3.38644e+07
13  14  2.8297e+07
13  15  2.56007e+07
13  16  4.07429e+07
13  17  2.94109e+07
13  18  3.89891e+07
13  19  2.27156e+07
13  20  2.80668e+07
13  21  1.85703e+07
13  22  3.28744e+07
13  23  3.47391e+07
13  24  2.08092e+07
13  25  4.26769e+07
13  26  2.34149e+07
13  27  3.65003e+07
13  28  3.22242e+07
13  29  2.26843e+07
13  30  2.45511e+07
13  31  2.50889e+07
13  32  2.10486e+07
13  33  4.14055e+07
13  34  2.27678e+07
13  35  4.08701e+07
13  36  2.80297e+07
13  37  2.89508e+07
13  38  1.80013e+07
13  39  8.37708e+06
13  40  2.16244e+07
13  41  2.95219e+07
13  42  1.78427e+07
13  43  2.08169e+07
13  44  1.09968e+07
13  45  1.91594e+07
13  46  4.4269e+07
13  47  8.61993e+06
13  48  1.48656e+07
13  49  1.40247e+07
13  50  4.61167e+06
14  0  3.6783e+07
14  1  3.25748e+07
14  2  4.56562e+07
14  3  3.28616e+07
14  4  2.93519e+07
14  5  5.43607e+07
14  6  2.19685e+07
14  7  3.33492e+07
14  8  4.6763e+07
14  9  1.21447e+07
14  10  3.26152e+07
14  11  3.19099e+07
14  12  2.92672e+07
14  13  4.05233e+07
14  14  2.50953e+07
14  15  3.04617e+07
14  16  4.08366e+07
14  17  3.70449e+07
14  18  2.96186e+07
14  19  4.00328e+07
14  20  2.35624e+07
14  21  1.59872e+07
14  22  3.85714e+07
14  23  2.55192e+07
14  24  3.0416e+07
14  25  1.26838e+07
14  26  2.84008e+07
14  27  1.87051e+07
14  28  3.77846e+07
14  29  2.08784e+07
14  30  1.13016e+07
14  31  1.63548e+07
14  32  1.46269e+07
14  33  3.46912e+07
14  34  3.58932e+07
14  35  1.9299e+07
14  36  3.01478e+07
14  37  1.49533e+07
14  38  1.45882e+07
14  39  2.15285e+07
14  40  1.69836e+07
14  41  3.5818e+07
14  42  3.35733e+07
14  43  2.07072e+07
14  44  9.87829e+06
14  45  1.29309e+07
14  46  4.21586e+07
14  47  1.31604e+07
14  48  1.88739e+07
14  49  1.70457e+07
14  50  2.27492e+07
15  0  5.09016e+07
15  1  2.67919e+07
15  2  2.22822e+07
15  3  3.3191e+07
15  4  3.1229e+07
15  5  3.66624e+07
15  6  3.70725e+07
15  7  3.9159e+07
15  8  3.95106e+07
15  9  2.25936e+07
15  10  5.82448e+07
15  11  2.62936e+07
15  12  3.42881e+07
15  13  3.9974e+07
15  14  3.87378e+07
15  15  2.42213e+07
15  16  2.84587e+07
15  17  1.61548e+07
15  18  2.12811e+07
15  19  1.8478e+07
15  20  1.87339e+07
15  21  1.29402e+07
15  22  2.23312e+07
15  23  2.35307e+07
15  24  3.09411e+07
15  25  2.05807e+07
15  26  1.98498e+07
15  27  2.19657e+07
15  28  2.93776e+07
15  29  1.26831e+07
15  30  1.71699e+07
15  31  1.73521e+07
15  32  2.95048e+07
15  33  1.02796e+07
15  34  1.80463e+07
15  35  2.03998e+07
15  36  3.19631e+07
15  37  8.93118e+06
15  38  3.36902e+07
15  39  1.54956e+07
15  40  2.21897e+07
15  41  1.77939e+07
15  42  1.9163e+07
15  43  1.84603e+07
15  44  1.18825e+07
15  45  1.24776e+07
15  46  3.36605e+07
15  47  1.07148e+07
15  48  1.99202e+07
15  49  1.9123e+07
15  50  1.48873e+07
16  0  2.84026e+07
16  1  2.3932e+07
16  2  3.74224e+07
16  3  4.61299e+07
16  4  2.97639e+07
16  5  2.93589e+07
16  6  2.68473e+07
16  7  3.38504e+07
16  8  2.87515e+07
16  9  1.16275e+07
16  10  2.09195e+07
16  11  3.45039e+07
16  12  3.83197e+07
16  13  1.36573e+07
16  14  4.09165e+07
16  15  3.22354e+07
16  16  3.00751e+07
16  17  3.39246e+07
16  18  1.8026e+07
16  19  1.8695e+07
16  20  2.95954e+07
16  21  2.87153e+07
16  22  1.52595e+07
16  23  3.28623e+07
16  24  3.95891e+07
16  25  2.00027e+07
16  26  1.88294e+07
16  27  2.26164e+07
16  28  2.65677e+07
16  29  2.11464e+07
16  30  5.68527e+06
16  31  6.85163e+06
16  32  2.558e+07
16  33  2.573e+07
16  34  1.33243e+07
16  35  1.39324e+07
16  36  2.89355e+07
16  37  2.47918e+07
16  38  2.76885e+07
16  39  1.0222e+07
16  40  2.82122e+07
16  41  1.3002e+07
16  42  2.94352e+07
16  43  2.35076e+07
16  44  1.84812e+07
16  45  1.80343e+07
16  46  2.62222e+07
16  47  5.91061e+06
16  48  9.12535e+06
16  49  1.78738e+07
16  50  2.3797e+07
17  0  3.60032e+07
17  1  4.62851e+07
17  2  5.13516e+07
17  3  3.38653e+07
17  4  3.66018e+07
17  5  3.9865e+07
17  6  3.821e+07
17  7  1.92324e+07
17  8  3.19974e+07
17  9  3.39031e+07
17  10  1.51706e+07
17  11  4.00184e+07
17  12  1.9204e+07
17  13  4.16329e+07
17  14  3.26089e+07
17  15  3.24286e+07
17  16  0
17  17  3.31952e+07
17  18  2.96218e+07
17  19  1.50107e+07
17  20  1.81821e+07
17  21  3.0253e+07
17  22  2.94568e+07
17  23  1.15832e+07
17  24  2.27568e+07
17  25  1.61378e+07
17  26  1.94414e+07
17  27  3.32267e+07
17  28  2.82012e+07
17  29  1.88387e+07
17  30  2.11477e+07
17  31  2.12214e+07
17  32  1.08953e+07
17  33  2.28757e+07
17  34  3.02767e+07
17  35  2.88241e+07
17  36  3.1968e+07
17  37  1.16001e+07
17  38  1.49428e+07
17  39  1.39696e+07
17  40  1.90629e+07
17  41  1.8389e+07
17  42  2.74638e+07
17  43  6.91082e+06
17  44  1.33014e+07
17  45  2.26551e+07
17  46  3.02786e+07
17  47  1.48912e+07
17  48  1.03835e+07
17  49  1.59959e+07
17  50  1.2396e+07
18  0  3.18435e+07
18  1  3.26281e+07
18  2  2.00104e+07
18  3  3.59347e+07
18  4  4.26023e+07
18  5  4.63797e+07
18  6  3.67931e+07
18  7  3.28494e+07
18  8  3.62081e+07
18  9  3.61707e+07
18  10  3.99416e+07
18  11  1.72374e+07
18  12  3.81029e+07
18  13  2.55057e+07
18  14  5.42361e+07
18  15  2.59853e+07
18  16  1.83385e+07
18  17  3.29277e+07
18  18  2.84183e+07
18  19  1.24094e+07
18  20  1.72823e+07
18  21  4.66989e+07
18  22  2.18876e+07
18  23  2.34354e+07
18  24  1.98575e+07
18  25  1.62212e+07
18  26  2.54693e+07
18  27  2.11363e+07
18  28  2.28465e+07
18  29  1.98422e+07
18  30  2.62981e+07
18  31  1.70329e+07
18  32  1.96989e+07
18  33  3.09759e+07
18  34  2.3505e+07
18  35  3.45802e+07
18  36  2.15835e+07
18  37  9.24712e+06
18  38  1.64391e+07
18  39  2.39166e+07
18  40  1.58822e+07
18  41  1.93637e+07
18  42  1.644e+07
18  43  2.13021e+07
18  44  3.13112e+06
18  45  3.09671e+07
18  46  1.70619e+07
18  47  1.39968e+07
18  48  0
18  49  2.87802e+07
18  50  2.55284e+07
19  0  4.16701e+07
19  1  2.51081e+07
19  2  4.90942e+07
19  3  4.27087e+07
19  4  4.00783e+07
19  5  2.07993e+07
19  6  2.46271e+07
19  7  4.11107e+07
19  8  1.63682e+07
19  9  2.8803e+07
19  10  2.40618e+07
19  11  4.07085e+07
19  12  4.45699e+07
19  13  2.13004e+07
19  14  4.02312e+07
19  15  2.4657e+07
19  16  2.67417e+07
19  17  3.83479e+07
19  18  1.23081e+07
19  19  1.70817e+07
19  20  2.16537e+07
19  21  2.75519e+07
19  22  2.92562e+07
19  23  2.56309e+07
19  24  2.88879e+07
19  25  2.75088e+07
19  26  3.10011e+07
19  27  3.63683e+07
19  28  2.40761e+07
19  29  1.66983e+07
19  30  0
19  31  1.85109e+07
19  32  3.22702e+07
19  33  2.18412e+07
19  34  3.48e+07
19  35  1.95435e+07
19  36  1.76697e+07
19  37  1.61637e+07
19  38  1.08786e+07
19  39  2.83116e+07
19  40  2.17983e+07
19  41  2.98201e+07
19  42  3.04004e+07
19  43  1.4714e+07
19  44  1.61651e+07
19  45  2.20163e+07
19  46  1.29308e+07
19  47  1.9533e+07
19  48  2.35393e+07
19  49  1.13372e+07
19  50  1.21456e+07
20  0  3.56322e+07
20  1  3.50348e+07
20  2  3.08387e+07
20  3  4.2885e+07
20  4  1.60807e+07
20  5  2.90644e+07
20  6  1.7436e+07
20  7  2.1592e+07
20  8  2.79552e+07
20  9  3.6768e+07
20  10  4.09148e+07
20  11  2.15272e+07
20  12  4.4151e+07
20  13  2.26615e+07
20  14  3.0117e+07
20  15  2.68477e+07
20  16  4.12498e+07
20  17  3.00079e+07
20  18  3.5257e+07
20  19  3.31392e+06
20  20  7.3543e+06
20  21  2.49393e+07
20  22  3.21655e+07
20  23  1.63955e+07
20  24  1.43499e+07
20  25  2.11343e+07
20  26  3.47876e+07
20  27  2.98207e+07
20  28  2.25102e+07
20  29  2.7584e+07
20  30  2.31307e+07
20  31  1.85048e+07
20  32  2.29288e+07
20  33  3.46943e+07
20  34  2.09327e+07
20  35  2.64444e+07
20  36  1.51609e+07
20  37  2.22906e+07
20  38  2.0707e+07
20  39  9.00136e+06
20  40  1.68199e+07
20  41  2.37714e+07
20  42  9.32422e+06
20  43  2.08938e+07
20  44  1.51581e+07
20  45  8.47744e+06
20  46  3.55349e+07
20  47  3.6612e+06
20  48  1.67381e+07
20  49  1.5179e+07
20  50  2.39182e+07
21  0  2.76546e+07
21  1  4.09477e+07
21  2  5.18617e+07
21  3  3.0765e+07
21  4  5.08987e+07
21  5  2.7354e+07
21  6  3.43738e+07
21  7  2.78335e+07
21  8  2.3512e+07
21  9  2.09354e+07
21  10  4.45225e+07
21  11  4.32763e+07
21  12  3.08207e+07
21  13  1.78023e+07
21  14  3.73487e+07
21  15  2.2403e+07
21  16  2.26754e+07
21  17  2.7042e+07
21  18  1.89772e+06
21  19  2.08636e+07
21  20  2.25465e+07
21  21  2.03725e+07
21  22  2.59583e+07
21  23  2.99391e+07
21  24  3.47161e+07
21  25  1.71488e+07
21  26  3.76597e+07
21  27  1.11365e+07
21  28  3.03234e+07
21  29  2.81046e+07
21  30  7.82257e+06
21  31  3.08136e+07
21  32  8.94068e+06
21  33  1.52931e+07
21  34  2.23198e+07
21  35  3.84635e+07
21  36  1.49241e+07
21  37  2.00603e+07
21  38  1.67793e+07
21  39  2.05349e+07
21  40  3.58205e+07
21  41  2.72101e+07
21  42  4.30221e+07
21  43  2.17081e+07
21  44  1.8037e+07
21  45  1.3239e+07
21  46  2.28879e+07
21  47  0
21  48  5.09018e+06
21  49  2.65459e+07
21  50  2.51805e+07
22  0  3.67591e+07
22  1  2.87092e+07
22  2  4.67609e+07
22  3  3.17139e+07
22  4  2.122e+07
22  5  4.11203e+07
22  6  4.5748e+07
22  7  3.4767e+07
22  8  3.4053e+07
22  9  1.53524e+07
22  10  3.86693e+07
22  11  1.9974e+07
22  12  3.95866e+07
22  13  3.87981e+07
22  14  3.0976e+07
22  15  1.61265e+07
22  16  1.94855e+07
22  17  3.28129e+07
22  18  2.22009e+07
22  19  2.54048e+07
22  20  3.02148e+07
22  21  3.86401e+07
22  22  2.27078e+07
22  23  2.08263e+07
22  24  2.1451e+07
22  25  2.93211e+07
22  26  2.18036e+07
22  27  3.35539e+07
22  28  3.38364e+07
22  29  9.21305e+06
22  30  1.54451e+07
22  31  1.73916e+07
22  32  2.35383e+07
22  33  1.93657e+07
22  34  2.33506e+07
22  35  1.57692e+07
22  36  1.1676e+07
22  37  0
22  38  2.15277e+07
22  39  9.3413e+06
22  40  1.06635e+07
22  41  3.50444e+07
22  42  2.41137e+07
22  43  3.16961e+07
22  44  1.53857e+07
22  45  2.04291e+07
22  46  2.93649e+07
22  47  0
22  48  1.94091e+07
22  49  0
22  50  1.52806e+07
23  0  3.45313e+07
23  1  4.68531e+07
23  2  4.7021e+07
23  3  4.38303e+07
23  4  5.78506e+07
23  5  4.65316e+07
23  6  4.90854e+07
23  7  4.08745e+07
23  8  4.10481e+07
23  9  3.58314e+07
23  10  2.31705e+07
23  11  3.06332e+07
23  12  2.09975e+07
23  13  3.34769e+07
23  14  1.92144e+07
23  15  1.71872e+07
23  16  1.85568e+07
23  17  3.14894e+07
23  18  2.78763e+07
23  19  2.68169e+07
23  20  4.16637e+07
23  21  3.15848e+07
23  22  2.8988e+07
23  23  2.25762e+07
23  24  2.61878e+07
23  25  2.19715e+07
23  26  2.84325e+07
23  27  2.34311e+07
23  28  1.3522e+07
23  29  1.57084e+07
23  30  3.21088e+07
23  31  9.8319e+06
23  32  2.37856e+07
23  33  1.9218e+07
23  34  2.29182e+07
23  35  2.44835e+07
23  36  9.1823e+06
23  37  2.51715e+07
23  38  2.64187e+07
23  39  2.52734e+07
23  40  1.54726e+07
23  41  2.12574e+07
23  42  3.46764e+07
23  43  3.32989e+07
23  44  1.67227e+07
23  45  1.07631e+07
23  46  1.97577e+07
23  47  1.25549e+07
23  48  1.50539e+07
23  49  2.1113e+07
23  50  1.45406e+07
24  0  4.55744e+07
24  1  3.30896e+07
24  2  2.69262e+07
24  3  3.07346e+07
24  4  2.9131e+07
24  5  4.96317e+07
24  6  4.37145e+07
24  7  3.49215e+07
24  8  2.34118e+07
24  9  4.3693e+07
24  10  4.13241e+07
24  11  2.68193e+07
24  12  3.01834e+07
24  13  4.78736e+07
24  14  1.20234e+07
24  15  1.87852e+07
24  16  2.55809e+07
24  17  2.31129e+07
24  18  1.66326e+07
24  19  2.25953e+07
24  20  1.51641e+07
24  21  3.58777e+07
24  22  3.47046e+07
24  23  1.07422e+07
24  24  2.08019e+07
24  25  2.35274e+07
24  26  2.30573e+07
24  27  3.42966e+07
24  28  2.71868e+07
24  29  1.81521e+07
24  30  3.1803e+07
24  31  0
24  32  6.70969e+06
24  33  2.48503e+07
24  34  3.0329e+07
24  35  3.37045e+07
24  36  2.03807e+07
24  37  2.23752e+07
24  38  2.25788e+07
24  39  3.05134e+07
24  40  1.15644e+07
24  41  2.59585e+07
24  42  1.51451e+07
24  43  1.3339e+07
24  44  2.22431e+07
24  45  2.20356e+07
24  46  2.29605e+07
24  47  1.16306e+07
24  48  3.99132e+06
24  49  3.31609e+06
24  50  1.78238e+07
25  0  4.75277e+07
25  1  3.73461e+07
25  2  3.41255e+07
25  3  1.97162e+07
25  4  4.7409e+07
25  5  5.62349e+07
25  6  3.2291e+07
25  7  5.26975e+07
25  8  5.00641e+07
25  9  3.87981e+07
25  10  3.89755e+07
25  11  3.92498e+07
25  12  3.12e+07
25  13  5.27961e+07
25  14  4.43446e+07
25  15  3.00343e+07
25  16  3.04175e+07
25  17  2.89021e+07
25  18  2.20443e+07
25  19  3.04782e+07
25  20  1.82322e+07
25  21  2.61383e+07
25  22  2.62973e+07
25  23  2.6978e+07
25  24  3.16969e+07
25  25  2.54257e+07
25  26  3.00768e+07
25  27  3.64467e+07
25  28  1.05347e+07
25  29  1.95269e+07
25  30  2.84011e+07
25  31  1.10783e+07
25  32  1.74048e+07
25  33  2.50953e+07
25  34  1.6496e+07
25  35  1.06046e+07
25  36  6.82668e+06
25  37  1.60338e+07
25  38  2.39608e+07
25  39  2.52208e+07
25  40  1.42375e+07
25  41  3.47629e+07
25  42  2.52935e+07
25  43  1.52608e+07
25  44  5.42889e+06
25  45  1.61202e+07
25  46  1.4938e+07
25  47  8.33588e+06
25  48  7.96728e+06
25  49  1.72126e+07
25  50  1.82807e+07
26  0  3.70644e+07
26  1  2.74818e+07
26  2  2.9352e+07
26  3  3.72731e+07
26  4  2.98749e+07
26  5  1.93612e+07
26  6  3.48473e+07
26  7  3.40468e+07
26  8  4.76157e+07
26  9  3.97438e+07
26  10  3.58285e+07
26  11  3.90091e+07
26  12  4.14717e+07
26  13  2.52316e+07
26  14  3.30873e+07
26  15  5.29994e+07
26  16  4.95777e+07
26  17  1.69953e+07
26  18  1.88551e+07
26  19  2.90207e+07
26  20  2.83443e+07
26  21  2.70641e+07
26  22  4.32436e+07
26  23  3.35132e+07
26  24  2.38923e+07
26  25  1.19588e+07
26  26  3.05483e+07
26  27  1.73935e+07
26  28  1.67104e+07
26  29  1.80526e+07
26  30  1.63097e+07
26  31  2.83146e+07
26  32  2.84455e+07
26  33  1.72372e+07
26  34  2.66581e+07
26  35  1.81077e+07
26  36  1.94034e+07
26  37  2.55975e+07
26  38  1.52299e+07
26  39  1.10197e+07
26  40  1.7056e+07
26  41  2.52477e+07
26  42  6.30171e+06
26  43  2.24578e+07
26  44  1.21181e+07
26  45  1.48461e+07
26  46  2.33988e+07
26  47  0
26  48  9.93042e+06
26  49  9.44456e+06
26  50  1.90187e+07
27  0  3.4095e+07
27  1  3.90158e+07
27  2  1.97514e+07
27  3  3.43526e+07
27  4  1.43152e+07
27  5  4.09923e+07
27  6  3.12317e+07
27  7  3.57667e+07
27  8  3.35604e+07
27  9  4.03545e+07
27  10  2.31475e+07
27  11  4.21191e+07
27  12  3.58808e+07
27  13  3.94212e+07
27  14  3.38013e+07
27  15  3.59102e+07
27  16  4.03456e+07
27  17  2.94485e+07
27  18  3.34573e+07
27  19  2.08905e+07
27  20  4.22746e+07
27  21  1.67514e+07
27  22  1.63474e+07
27  23  2.09079e+07
27  24  1.72104e+07
27  25  2.7e+07
27  26  2.76232e+07
27  27  2.45306e+07
27  28  2.18698e+07
27  29  2.41936e+07
27  30  2.01347e+07
27  31  3.51981e+07
27  32  3.40819e+07
27  33  6.88736e+06
27  34  1.12079e+07
27  35  1.26506e+07
27  36  1.29512e+07
27  37  2.61361e+07
27  38  2.0849e+07
27  39  2.86415e+07
27  40  1.94203e+07
27  41  1.98739e+07
27  42  1.91441e+07
27  43  1.84874e+07
27  44  1.69099e+07
27  45  1.53316e+07
27  46  3.10283e+06
27  47  1.39156e+07
27  48  1.76783e+07
27  49  7.58563e+06
27  50  8.88498e+06
28  0  4.16602e+07
28  1  2.8947e+07
28  2  2.8113e+07
28  3  3.9654e+07
28  4  5.82886e+07
28  5  2.19868e+07
28  6  4.4971e+07
28  7  3.35431e+07
28  8  1.87641e+07
28  9  3.8056e+07
28  10  3.92421e+07
28  11  2.14997e+07
28  12  2.43414e+07
28  13  2.85691e+07
28  14  3.32289e+07
28  15  3.6731e+07
28  16  2.56701e+07
28  17  1.3694e+07
28  18  3.29874e+07
28  19  1.62498e+07
28  20  2.95272e+07
28  21  2.19315e+07
28  22  4.99665e+06
28  23  2.62832e+07
28  24  2.16504e+07
28  25  2.67616e+07
28  26  2.37192e+07
28  27  2.67263e+07
28  28  3.15608e+07
28  29  1.80679e+07
28  30  1.28675e+07
28  31  1.94414e+07
28  32  1.28872e+07
28  33  2.49011e+07
28  34  3.36605e+07
28  35  2.53853e+07
28  36  1.2623e+07
28  37  3.14243e+07
28  38  1.46651e+07
28  39  2.5406e+07
28  40  1.65935e+07
28  41  2.58686e+07
28  42  3.56107e+07
28  43  1.52218e+07
28  44  1.51691e+07
28  45  2.46826e+07
28  46  1.31164e+07
28  47  2.37373e+07
28  48  0
28  49  7.72894e+06
28  50  3.51282e+07
29  0  4.01163e+07
29  1  3.14789e+07
29  2  3.11036e+07
29  3  5.03666e+07
29  4  2.19753e+07
29  5  3.32444e+07
29  6  4.35134e+07
29  7  3.22197e+07
29  8  2.13642e+07
29  9  3.61963e+07
29  10  2.76262e+07
29  11  3.98584e+07
29  12  3.32709e+07
29  13  3.74352e+07
29  14  5.19415e+07
29  15  1.8444e+07
29  16  2.20326e+07
29  17  3.49348e+07
29  18  1.88327e+07
29  19  3.02965e+07
29  20  3.00442e+07
29  21  2.16021e+07
29  22  2.73546e+07
29  23  2.72957e+07
29  24  2.32794e+07
29  25  3.36012e+07
29  26  3.14646e+07
29  27  3.80332e+07
29  28  2.58911e+07
29  29  2.21257e+07
29  30  2.25083e+07
29  31  2.81965e+07
29  32  3.50198e+07
29  33  2.56444e+07
29  34  2.93603e+07
29  35  3.32602e+07
29  36  8.00768e+06
29  37  1.17955e+07
29  38  2.51876e+07
29  39  1.72142e+07
29  40  4.2041e+07
29  41  2.23238e+07
29  42  3.13977e+07
29  43  1.95197e+07
29  44  3.72313e+07
29  45  2.45894e+07
29  46  0
29  47  8.06532e+06
29  48  1.7434e+07
29  49  4.9578e+06
29  50  7.69372e+06
30  0  3.03333e+07
30  1  5.2383e+07
30  2  3.40681e+07
30  3  2.97953e+07
30  4  2.41934e+07
30  5  4.87007e+07
30  6  2.15871e+07
30  7  3.29087e+07
30  8  4.07225e+07
30  9  2.60731e+07
30  10  2.10777e+07
30  11  5.33375e+07
30  12  3.98982e+07
30  13  3.38657e+07
30  14  3.14086e+07
30  15  3.84969e+07
30  16  3.15714e+07
30  17  1.84254e+07
30  18  3.00164e+07
30  19  2.90852e+07
30  20  2.68057e+07
30  21  2.56247e+07
30  22  2.17732e+07
30  23  3.51594e+07
30  24  1.48182e+07
30  25  3.10182e+07
30  26  1.08866e+07
30  27  2.0797e+07
30  28  2.26852e+07
30  29  1.30717e+07
30  30  1.21134e+07
30  31  2.50081e+07
30  32  2.77936e+07
30  33  2.09338e+07
30  34  2.15043e+07
30  35  1.65032e+07
30  36  1.42307e+07
30  37  9.80592e+06
30  38  3.47921e+07
30  39  2.83788e+07
30  40  2.6771e+07
30  41  2.09009e+07
30  42  1.01129e+07
30  43  3.34048e+07
30  44  3.3776e+07
30  45  1.01863e+07
30  46  7.96187e+06
30  47  7.94327e+06
30  48  0
30  49  0
30  50  1.38147e+07
31  0  4.10706e+07
31  1  4.21756e+07
31  2  3.61525e+07
31  3  3.00415e+07
31  4  4.83742e+07
31  5  4.06441e+07
31  6  3.93126e+07
31  7  4.92108e+07
31  8  1.81869e+07
31  9  3.36882e+07
31  10  2.30561e+07
31  11  2.07054e+07
31  12  2.4587e+07
31  13  4.60617e+07
31  14  5.96138e+07
31  15  4.66967e+07
31  16  2.42426e+07
31  17  3.34359e+07
31  18  2.17276e+07
31  19  3.91135e+07
31  20  2.03328e+07
31  21  3.9377e+07
31  22  2.79669e+07
31  23  3.66906e+07
31  24  1.67483e+07
31  25  2.65489e+07
31  26  2.34385e+07
31  27  1.02439e+07
31  28  2.1113e+07
31  29  2.91899e+07
31  30  2.28653e+07
31  31  2.44873e+07
31  32  2.94122e+07
31  33  1.86943e+07
31  34  2.94458e+07
31  35  2.03382e+07
31  36  2.6348e+07
31  37  1.4037e+07
31  38  2.81946e+07
31  39  3.43347e+07
31  40  1.70221e+07
31  41  3.44028e+07
31  42  3.47187e+07
31  43  1.71349e+07
31  44  1.79612e+07
31  45  1.72428e+07
31  46  3.25759e+06
31  47  0
31  48  1.17994e+07
31  49  1.7159e+07
31  50  3.55316e+06
32  0  2.68581e+07
32  1  2.80471e+07
32  2  4.94933e+07
32  3  4.21737e+07
32  4  3.3668e+07
32  5  2.60234e+07
32  6  5.09852e+07
32  7  4.01052e+07
32  8  3.68675e+07
32  9  4.11126e+07
32  10  4.31562e+07
32  11  2.57772e+07
32  12  3.65629e+07
32  13  2.91637e+07
32  14  1.78144e+07
32  15  3.04594e+07
32  16  5.31622e+07
32  17  2.05137e+07
32  18  4.39954e+07
32  19  3.1819e+07
32  20  1.84989e+07
32  21  2.58984e+07
32  22  5.08901e+07
32  23  3.57493e+07
32  24  2.10292e+07
32  25  2.89005e+07
32  26  3.58549e+07
32  27  2.53892e+07
32  28  3.52221e+07
32  29  1.92321e+07
32  30  3.6025e+07
32  31  6.194e+06
32  32  3.14839e+07
32  33  1.98202e+07
32  34  3.7173e+07
32  35  3.05579e+07
32  36  2.72549e+07
32  37  1.27782e+07
32  38  2.84531e+07
32  39  1.92133e+07
32  40  2.63549e+07
32  41  3.55505e+07
32  42  2.83216e+07
32  43  2.57068e+06
32  44  3.70072e+07
32  45  8.01305e+06
32  46  2.83218e+07
32  47  0
32  48  2.17321e+07
32  49  1.44898e+07
32  50  3.5018e+06
33  0  1.94044e+07
33  1  3.13022e+07
33  2  3.73485e+07
33  3  4.94409e+07
33  4  4.55604e+07
33  5  3.60841e+07
33  6  4.29531e+07
33  7  3.0121e+07
33  8  5.07801e+07
33  9  4.53974e+07
33  10  4.25095e+07
33  11  3.08685e+07
33  12  1.51179e+07
33  13  5.01079e+07
33  14  2.72208e+07
33  15  2.84838e+07
33  16  1.89398e+07
33  17  4.15456e+07
33  18  4.22996e+07
33  19  3.43223e+07
33  20  3.17955e+07
33  21  3.62382e+07
33  22  2.96893e+07
33  23  2.33238e+07
33  24  3.58448e+07
33  25  3.2341e+07
33  26  2.63987e+07
33  27  8.16132e+06
33  28  2.89718e+07
33  29  2.50472e+07
33  30  9.26486e+06
33  31  3.80375e+07
33  32  1.11857e+07
33  33  1.40714e+07
33  34  3.18812e+07
33  35  3.08601e+07
33  36  4.70862e+07
33  37  2.01549e+07
33  38  2.59914e+07
33  39  4.36981e+07
33  40  2.32532e+07
33  41  5.60119e+07
33  42  2.43246e+07
33  43  2.42534e+07
33  44  2.566e+07
33  45  1.17677e+07
33  46  0
33  47  1.35903e+07
33  48  0
33  49  2.27162e+07
33  50  9.39021e+06
34  0  3.14516e+07
34  1  3.18081e+07
34  2  4.6298e+07
34  3  5.18781e+07
34  4  4.37335e+07
34  5  2.7768e+07
34  6  3.10883e+07
34  7  4.26375e+07
34  8  5.53151e+07
34  9  4.08679e+07
34  10  2.27658e+07
34  11  3.78895e+07
34  12  4.07608e+07
34  13  2.4647e+07
34  14  2.26198e+07
34  15  3.81559e+07
34  16  3.73018e+07
34  17  1.98808e+07
34  18  2.95087e+07
34  19  1.44467e+07
34  20  4.3937e+07
34  21  2.40716e+07
34  22  2.26422e+07
34  23  2.12734e+07
34  24  2.34977e+07
34  25  9.77185e+06
34  26  1.79253e+07
34  27  4.63503e+07
34  28  2.18385e+07
34  29  2.63659e+07
34  30  3.51487e+07
34  31  2.75244e+07
34  32  3.55477e+07
34  33  3.0359e+07
34  34  2.71929e+07
34  35  2.12968e+07
34  36  2.48638e+07
34  37  2.43885e+07
34  38  2.6702e+07
34  39  1.18696e+07
34  40  1.97412e+07
34  41  1.95419e+07
34  42  2.6392e+07
34  43  1.93419e+07
34  44  2.38329e+07
34  45  0
34  46  1.26397e+07
34  47  1.55769e+07
34  48  1.9e+07
34  49  8.68205e+06
34  50  0
35  0  4.20906e+07
35  1  3.35507e+07
35  2  4.63706e+07
35  3  4.76024e+07
35  4  2.7093e+07
35  5  1.93554e+07
35  6  2.55013e+07
35  7  1.98739e+07
35  8  3.58198e+07
35  9  4.47694e+07
35  10  4.29915e+07
35  11  4.13629e+07
35  12  3.27957e+07
35  13  2.25625e+07
35  14  2.87595e+07
35  15  2.80508e+07
35  16  5.22111e+07
35  17  4.14839e+07
35  18  2.577e+07
35  19  2.10694e+07
35  20  3.86951e+07
35  21  2.62981e+07
35  22  1.73918e+07
35  23  2.415e+07
35  24  1.69161e+07
35  25  2.82013e+07
35  26  3.12913e+07
35  27  3.21764e+07
35  28  1.79116e+07
35  29  1.52527e+07
35  30  2.84941e+07
35  31  2.12028e+07
35  32  2.32608e+07
35  33  2.96853e+07
35  34  4.15328e+07
35  35  1.7922e+07
35  36  2.0203e+07
35  37  3.11422e+07
35  38  8.18199e+06
35  39  1.67645e+07
35  40  3.56489e+07
35  41  3.57106e+07
35  42  1.35538e+07
35  43  2.50841e+07
35  44  3.06499e+07
35  45  1.46694e+07
35  46  7.24614e+06
35  47  1.35922e+07
35  48  1.01639e+07
35  49  1.46199e+07
35  50  8.25582e+06
36  0  2.73802e+07
36  1  4.55738e+07
36  2  2.99904e+07
36  3  3.04843e+07
36  4  2.93963e+07
36  5  4.32786e+07
36  6  2.77333e+07
36  7  2.41123e+07
36  8  3.8942e+07
36  9  4.66134e+07
36  10  3.05063e+07
36  11  2.63183e+07
36  12  3.1858e+07
36  13  2.52612e+07
36  14  4.38734e+07
36  15  3.04308e+07
36  16  3.34442e+07
36  17  3.22331e+07
36  18  3.81538e+07
36  19  3.60709e+07
36  20  3.55509e+07
36  21  2.96742e+07
36  22  2.19221e+07
36  23  1.73114e+07
36  24  3.23522e+07
36  25  2.83288e+07
36  26  4.16447e+07
36  27  1.93051e+07
36  28  2.50787e+07
36  29  2.15358e+07
36  30  2.80451e+07
36  31  1.27472e+07
36  32  2.37045e+07
36  33  2.39785e+07
36  34  2.06624e+07
36  35  4.41966e+07
36  36  2.08715e+07
36  37  2.041e+07
36  38  2.03433e+07
36  39  3.43938e+07
36  40  3.45209e+07
36  41  1.2346e+07
36  42  2.67787e+07
36  43  1.50136e+07
36  44  1.76296e+07
36  45  0
36  46  1.65784e+07
36  47  2.64252e+07
36  48  6.91416e+06
36  49  6.54955e+06
36  50  1.5714e+07
37  0  4.392e+07
37  1  4.1101e+07
37  2  2.01288e+07
37  3  4.57391e+07
37  4  4.46571e+07
37  5  3.96491e+07
37  6  4.10416e+07
37  7  3.21755e+07
37  8  3.8898e+07
37  9  2.21525e+07
37  10  3.93727e+07
37  11  3.36919e+07
37  12  2.8861e+07
37  13  3.1836e+07
37  14  1.99025e+07
37  15  2.65925e+07
37  16  3.35822e+07
37  17  4.00777e+07
37  18  1.12742e+07
37  19  3.77321e+07
37  20  3.18159e+07
37  21  3.22627e+07
37  22  3.25643e+07
37  23  2.96528e+07
37  24  2.51326e+07
37  25  1.35147e+07
37  26  3.67303e+07
37  27  2.49028e+07
37  28  3.20064e+07
37  29  2.5403e+07
37  30  2.22134e+07
37  31  2.38521e+07
37  32  1.53608e+07
37  33  1.1371e+07
37  34  1.88803e+07
37  35  3.05216e+07
37  36  2.66877e+07
37  37  3.55721e+07
37  38  1.84319e+07
37  39  2.06638e+07
37  40  3.0067e+07
37  41  3.03635e+07
37  42  1.16469e+07
37  43  2.88266e+07
37  44  1.53717e+07
37  45  3.70275e+06
37  46  2.1813e+07
37  47  2.33295e+07
37  48  1.67147e+07
37  49  6.04029e+06
37  50  2.22623e+07
38  0  5.17724e+07
38  1  4.81075e+07
38  2  3.00254e+07
38  3  3.83237e+07
38  4  2.05246e+07
38  5  2.68145e+07
38  6  4.4272e+07
38  7  2.9904e+07
38  8  3.86685e+07
38  9  5.10468e+07
38  10  4.17431e+07
38  11  3.89619e+07
38  12  3.15021e+07
38  13  3.45874e+07
38  14  4.82404e+07
38  15  1.48244e+07
38  16  4.33454e+07
38  17  3.08233e+07
38  18  5.55672e+07
38  19  2.19128e+07
38  20  2.50589e+07
38  21  2.75876e+07
38  22  3.67352e+07
38  23  2.97141e+07
38  24  3.23087e+07
38  25  1.54076e+07
38  26  4.45506e+07
38  27  2.86672e+07
38  28  3.46712e+07
38  29  1.9016e+07
38  30  2.38401e+07
38  31  3.44239e+07
38  32  2.32349e+07
38  33  1.65827e+07
38  34  1.71962e+07
38  35  2.22685e+07
38  36  1.38014e+07
38  37  1.9331e+07
38  38  1.79367e+07
38  39  2.53896e+07
38  40  2.78741e+07
38  41  1.12133e+07
38  42  1.99873e+07
38  43  1.05725e+07
38  44  8.84044e+06
38  45  1.59186e+07
38  46  3.3604e+06
38  47  9.04629e+06
38  48  2.24014e+07
38  49  0
38  50  1.79955e+07
39  0  3.57144e+07
39  1  3.78303e+07
39  2  3.11184e+07
39  3  3.11911e+07
39  4  2.66915e+07
39  5  2.55326e+07
39  6  3.30918e+07
39  7  3.93361e+07
39  8  3.12756e+07
39  9  2.47621e+07
39  10  4.59916e+07
39  11  2.65098e+07
39  12  2.92526e+07
39  13  2.09679e+07
39  14  2.86658e+07
39  15  3.5704e+07
39  16  3.53438e+07
39  17  1.79908e+07
39  18  4.78216e+07
39  19  1.92884e+07
39  20  3.71581e+07
39  21  2.5653e+07
39  22  3.1584e+07
39  23  2.48333e+07
39  24  2.5043e+07
39  25  1.9998e+07
39  26  1.77178e+07
39  27  2.72882e+07
39  28  3.75993e+07
39  29  3.30603e+07
39  30  3.65743e+07
39  31  4.31045e+07
39  32  3.23292e+07
39  33  9.78827e+06
39  34  3.83359e+07
39  35  2.01396e+07
39  36  3.49759e+07
39  37  2.4625e+07
39  38  2.76976e+07
39  39  2.65451e+07
39  40  1.08855e+07
39  41  1.05433e+07
39  42  2.30195e+07
39  43  1.19242e+07
39  44  2.50437e+07
39  45  2.14446e+07
39  46  2.10344e+07
39  47  1.52271e+07
39  48  1.59684e+07
39  49  1.3485e+07
39  50  6.64602e+06
40  0  3.76987e+07
40  1  3.09891e+07
40  2  3.60332e+07
40  3  3.96121e+07
40  4  4.96748e+07
40  5  3.96453e+07
40  6  3.81066e+07
40  7  2.85535e+07
40  8  3.37196e+07
40  9  4.04751e+07
40  10  4.48225e+07
40  11  3.84225e+07
40  12  3.55687e+07
40  13  4.28571e+07
40  14  1.14812e+07
40  15  2.72158e+07
40  16  2.86789e+07
40  17  3.66491e+07
40  18  2.78234e+07
40  19  3.57269e+07
40  20  2.26886e+07
40  21  3.72692e+07
40  22  2.36305e+07
40  23  4.01136e+07
40  24  1.95346e+07
40  25  3.02777e+07
40  26  1.50626e+07
40  27  2.02105e+07
40  28  1.21595e+07
40  29  3.29165e+07
40  30  2.63276e+07
40  31  1.51297e+07
40  32  3.46355e+07
40  33  1.14022e+07
40  34  7.18457e+06
40  35  1.04914e+07
40  36  2.03082e+07
40  37  2.37556e+07
40  38  2.23539e+07
40  39  4.24427e+07
40  40  2.3442e+07
40  41  2.0933e+07
40  42  2.52759e+07
40  43  1.25751e+07
40  44  1.78655e+07
40  45  2.60098e+07
40  46  0
40  47  1.10125e+07
40  48  1.55784e+07
40  49  1.04351e+07
40  50  1.60829e+07
41  0  3.11436e+07
41  1  4.10676e+07
41  2  5.66643e+07
41  3  4.16716e+07
41  4  2.65869e+07
41  5  4.10575e+07
41  6  3.76148e+07
41  7  4.40385e+07
41  8  3.41847e+07
41  9  3.33928e+07
41  10  3.17026e+07
41  11  4.04036e+07
41  12  4.03635e+07
41  13  2.56095e+07
41  14  3.95742e+07
41  15  3.55685e+07
41  16  2.26057e+07
41  17  2.86661e+07
41  18  1.48064e+07
41  19  3.13365e+07
41  20  4.75169e+07
41  21  2.87877e+07
41  22  3.2484e+07
41  23  2.33975e+07
41  24  2.78399e+07
41  25  2.12893e+07
41  26  2.44254e+07
41  27  1.85598e+07
41  28  2.98493e+07
41  29  2.1932e+07
41  30  2.16377e+07
41  31  2.84272e+07
41  32  2.05454e+07
41  33  1.67336e+07
41  34  2.071e+07
41  35  1.95384e+07
41  36  3.16729e+07
41  37  2.95881e+07
41  38  2.3867e+07
41  39  1.2252e+07
41  40  4.39764e+07
41  41  2.17263e+07
41  42  3.12508e+07
41  43  1.87836e+07
41  44  1.14993e+07
41  45  1.11874e+07
41  46  6.1253e+06
41  47  0
41  48  1.04659e+07
41  49  0
41  50  1.3233e+07
42  0  1.48465e+07
42  1  3.38079e+07
42  2  3.53556e+07
42  3  3.22446e+07
42  4  4.57103e+07
42  5  4.89719e+07
42  6  3.11223e+07
42  7  2.66157e+07
42  8  4.36033e+07
42  9  4.70141e+07
42  10  2.64318e+07
42  11  4.39196e+07
42  12  3.95816e+07
42  13  3.31712e+07
42  14  4.10655e+07
42  15  3.23477e+07
42  16  4.32603e+07
42  17  1.28527e+07
42  18  1.81335e+07
42  19  2.52305e+07
42  20  4.59428e+07
42  21  2.71173e+07
42  22  2.7724e+07
42  23  4.34279e+07
42  24  2.70255e+07
42  25  3.02582e+07
42  26  2.9196e+07
42  27  2.7029e+07
42  28  3.54987e+07
42  29  2.92687e+07
42  30  4.41508e+07
42  31  2.1545e+07
42  32  2.73323e+07
42  33  1.888e+07
42  34  0
42  35  3.46437e+07
42  36  3.00781e+07
42  37  3.84245e+07
42  38  2.58256e+07
42  39  1.60783e+07
42  40  1.95675e+07
42  41  4.67926e+06
42  42  2.05492e+07
42  43  1.13227e+07
42  44  1.76257e+07
42  45  1.48766e+07
42  46  2.10838e+07
42  47  0
42  48  7.1089e+06
42  49  1.64679e+07
42  50  1.58039e+07
43  0  4.02084e+07
43  1  2.41666e+07
43  2  3.92194e+07
43  3  3.54785e+07
43  4  2.49211e+07
43  5  2.62311e+07
43  6  4.42483e+07
43  7  4.82117e+07
43  8  4.39477e+07
43  9  2.99136e+07
43  10  2.58194e+07
43  11  4.8892e+07
43  12  2.97166e+07
43  13  3.86631e+07
43  14  1.86786e+07
43  15  3.93719e+07
43  16  2.78608e+07
43  17  5.42098e+07
43  18  3.00489e+07
43  19  3.26333e+07
43  20  3.88558e+07
43  21  5.08973e+07
43  22  3.42607e+07
43  23  4.46125e+07
43  24  3.6272e+07
43  25  4.48593e+07
43  26  2.79521e+07
43  27  3.98896e+07
43  28  2.49485e+07
43  29  6.22965e+06
43  30  1.70065e+07
43  31  3.99837e+07
43  32  1.86099e+07
43  33  2.50989e+07
43  34  2.74959e+07
43  35  2.36312e+07
43  36  1.99337e+07
43  37  1.91226e+07
43  38  2.31633e+07
43  39  3.14266e+07
43  40  1.28839e+07
43  41  4.15443e+07
43  42  2.36155e+07
43  43  9.79235e+06
43  44  2.38762e+07
43  45  2.22723e+07
43  46  9.25455e+06
43  47  0
43  48  1.20707e+07
43  49  1.30765e+07
43  50  2.65133e+07
44  0  2.7221e+07
44  1  1.63038e+07
44  2  3.54435e+07
44  3  1.84054e+07
44  4  3.42632e+07
44  5  3.54122e+07
44  6  4.094e+07
44  7  2.74248e+07
44  8  3.66184e+07
44  9  4.80754e+07
44  10  2.10496e+07
44  11  4.45399e+07
44  12  3.5693e+07
44  13  3.18417e+07
44  14  3.59146e+07
44  15  2.47613e+07
44  16  2.55192e+07
44  17  3.02631e+07
44  18  3.04839e+07
44  19  5.78209e+07
44  20  4.17361e+07
44  21  3.33923e+07
44  22  3.84073e+07
44  23  1.95865e+07
44  24  4.02105e+07
44  25  3.54582e+07
44  26  3.17863e+07
44  27  3.22015e+07
44  28  2.46615e+07
44  29  3.13545e+07
44  30  2.70016e+07
44  31  2.77215e+07
44  32  5.7741e+06
44  33  2.23566e+07
44  34  1.09436e+07
44  35  1.96881e+07
44  36  9.1342e+06
44  37  1.73829e+07
44  38  1.88964e+07
44  39  1.15102e+07
44  40  2.05085e+07
44  41  2.77225e+07
44  42  3.12906e+07
44  43  2.01552e+07
44  44  2.71673e+07
44  45  4.71421e+06
44  46  3.64321e+06
44  47  4.69509e+06
44  48  0
44  49  0
44  50  2.07433e+07
45  0  2.16942e+07
45  1  2.64858e+07
45  2  3.23885e+07
45  3  4.12088e+07
45  4  4.21501e+07
45  5  3.98361e+07
45  6  3.59268e+07
45  7  2.2462e+07
45  8  3.25318e+07
45  9  2.41458e+07
45  10  5.41372e+07
45  11  5.52099e+07
45  12  3.61336e+07
45  13  1.77841e+07
45  14  4.51453e+07
45  15  4.81233e+07
45  16  2.50311e+07
45  17  5.67815e+07
45  18  4.97842e+07
45  19  4.33321e+07
45  20  3.54962e+07
45  21  4.70087e+07
45  22  2.66705e+07
45  23  3.54571e+07
45  24  3.45001e+07
45  25  1.95433e+07
45  26  3.24368e+07
45  27  2.59237e+07
45  28  2.85602e+07
45  29  2.68845e+07
45  30  3.27617e+07
45  31  2.27106e+07
45  32  2.97706e+07
45  33  2.78264e+07
45  34  1.27123e+07
45  35  2.04544e+07
45  36  1.70901e+07
45  37  1.61914e+07
45  38  3.70076e+07
45  39  3.11774e+07
45  40  2.50128e+07
45  41  1.90541e+07
45  42  2.4121e+07
45  43  1.11148e+07
45  44  2.22978e+07
45  45  1.65612e+07
45  46  1.62829e+07
45  47  2.13804e+07
45  48  0
45  49  0
45  50  8.47454e+06
46  0  6.34904e+07
46  1  4.24322e+07
46  2  3.73562e+07
46  3  2.56375e+07
46  4  1.96255e+07
46  5  3.58031e+07
46  6  4.44089e+07
46  7  2.67187e+07
46  8  4.45556e+07
46  9  3.58987e+07
46  10  2.94913e+07
46  11  4.3336e+07
46  12  2.53571e+07
46  13  3.22675e+07
46  14  1.77764e+07
46  15  4.98488e+07
46  16  2.88627e+07
46  17  3.7472e+07
46  18  2.75922e+07
46  19  3.15695e+07
46  20  4.40421e+07
46  21  4.89275e+07
46  22  2.16396e+07
46  23  3.61554e+07
46  24  3.60662e+07
46  25  9.27304e+06
46  26  3.51811e+07
46  27  1.96932e+07
46  28  2.72771e+07
46  29  3.32124e+07
46  30  2.04593e+07
46  31  2.58398e+07
46  32  1.70993e+07
46  33  5.05995e+06
46  34  2.9628e+07
46  35  3.12706e+07
46  36  2.01365e+07
46  37  1.74443e+07
46  38  9.84182e+06
46  39  4.08828e+07
46  40  4.02719e+07
46  41  2.03168e+07
46  42  2.14237e+07
46  43  1.73868e+07
46  44  4.01715e+06
46  45  1.78729e+07
46  46  1.62565e+07
46  47  1.35584e+07
46  48  1.95379e+07
46  49  1.7934e+07
46  50  8.98218e+06
47  0  4.57172e+07
47  1  2.95034e+07
47  2  3.93847e+07
47  3  3.08001e+07
47  4  3.52298e+07
47  5  3.51574e+07
47  6  3.84865e+07
47  7  4.11499e+07
47  8  3.56414e+07
47  9  2.70627e+07
47  10  3.68483e+07
47  11  3.5512e+07
47  12  3.77872e+07
47  13  4.08793e+07
47  14  4.26878e+07
47  15  2.35574e+07
47  16  2.39226e+07
47  17  6.50145e+07
47  18  2.23881e+07
47  19  1.77358e+07
47  20  4.96785e+07
47  21  1.54875e+07
47  22  4.32795e+07
47  23  3.75448e+07
47  24  2.82507e+07
47  25  2.95226e+07
47  26  2.36806e+07
47  27  2.71292e+07
47  28  3.72543e+07
47  29  8.32483e+06
47  30  3.11392e+07
47  31  1.64528e+07
47  32  3.21104e+07
47  33  1.05013e+07
47  34  3.62924e+07
47  35  2.20351e+07
47  36  3.57579e+07
47  37  1.90501e+07
47  38  3.06271e+07
47  39  2.09477e+07
47  40  2.84677e+07
47  41  2.16972e+07
47  42  2.90992e+07
47  43  7.11288e+06
47  44  2.26522e+07
47  45  1.66624e+07
47  46  9.5098e+06
47  47  1.45432e+07
47  48  9.7016e+06
47  49  1.92195e+07
47  50  5.24752e+06
48  0  3.85226e+07
48  1  4.69173e+07
48  2  1.7147e+07
48  3  5.35501e+07
48  4  3.43595e+07
48  5  3.66475e+07
48  6  5.06543e+07
48  7  2.98136e+07
48  8  4.16996e+07
48  9  2.63128e+07
48  10  3.68981e+07
48  11  3.57335e+07
48  12  5.32246e+07
48  13  5.04141e+07
48  14  4.3899e+07
48  15  2.17932e+07
48  16  2.41426e+07
48  17  3.50023e+07
48  18  2.83259e+07
48  19  4.96108e+07
48  20  3.60903e+07
48  21  3.52323e+07
48  22  1.41448e+07
48  23  3.10016e+07
48  24  3.18998e+07
48  25  3.76474e+07
48  26  2.79717e+07
48  27  3.45053e+07
48  28  3.63065e+07
48  29  3.68696e+07
48  30  1.56196e+07
48  31  2.80648e+07
48  32  3.28568e+07
48  33  2.06346e+07
48  34  2.33895e+07
48  35  3.15665e+07
48  36  2.98468e+07
48  37  2.97615e+07
48  38  1.90474e+07
48  39  2.25113e+07
48  40  1.84292e+07
48  41  4.01427e+07
48  42  1.34252e+07
48  43  1.32955e+07
48  44  3.96871e+07
48  45  2.97958e+07
48  46  1.44765e+07
48  47  2.10839e+07
48  48  1.49845e+07
48  49  2.26644e+07
48  50  1.42601e+07
49  0  3.96271e+07
49  1  4.88962e+07
49  2  6.17345e+07
49  3  4.59206e+07
49  4  1.86963e+07
49  5  2.6271e+07
49  6  5.54249e+07
49  7  2.62539e+07
49  8  3.98933e+07
49  9  3.95289e+07
49  10  2.37153e+07
49  11  2.69353e+07
49  12  3.24187e+07
49  13  2.66792e+07
49  14  4.90066e+07
49  15  3.72859e+07
49  16  2.30861e+07
49  17  3.00528e+07
49  18  4.06256e+07
49  19  3.72677e+07
49  20  5.02919e+07
49  21  2.62785e+07
49  22  3.48941e+07
49  23  4.95528e+07
49  24  5.01112e+07
49  25  2.92356e+07
49  26  4.83498e+07
49  27  3.43499e+07
49  28  6.9576e+07
49  29  2.36002e+07
49  30  2.81324e+07
49  31  2.54141e+07
49  32  3.92625e+07
49  33  9.61444e+06
49  34  2.02844e+07
49  35  2.02922e+07
49  36  4.91139e+06
49  37  3.4196e+07
49  38  2.76582e+07
49  39  3.6609e+07
49  40  2.73467e+07
49  41  2.52252e+07
49  42  2.1752e+07
49  43  3.61331e+07
49  44  2.64633e+07
49  45  1.24549e+07
49  46  1.88816e+07
49  47  1.64567e+07
49  48  2.01463e+07
49  49  1.11229e+07
49  50  2.86902e+07
50  0  4.14962e+07
50  1  4.81735e+07
50  2  2.89375e+07
50  3  2.56381e+07
50  4  5.22927e+07
50  5  2.30283e+07
50  6  3.18249e+07
50  7  4.31007e+07
50  8  4.53079e+07
50  9  2.65533e+07
50  10  3.34397e+07
50  11  3.21529e+07
50  12  3.05953e+07
50  13  2.57451e+07
50  14  4.67166e+07
50  15  2.57509e+07
50  16  3.23481e+07
50  17  4.76073e+07
50  18  4.3726e+07
50  19  4.54822e+07
50  20  3.01264e+07
50  21  4.73545e+07
50  22  1.20198e+07
50  23  5.24497e+07
50  24  3.28032e+07
50  25  2.37481e+07
50  26  8.59835e+06
50  27  2.19658e+07
50  28  2.6201e+07
50  29  2.85959e+07
50  30  4.09884e+07
50  31  3.6554e+07
50  32  3.1533e+07
50  33  3.6525e+07
50  34  2.00412e+07
50  35  3.70219e+07
50  36  3.35767e+07
50  37  8.89319e+06
50  38  4.64659e+07
50  39  2.83261e+07
50  40  1.89659e+07
50  41  3.56429e+07
50  42  2.29655e+07
50  43  1.9803e+07
50  44  1.88806e+07
50  45  1.39914e+07
50  46  2.29196e+07
50  47  2.13958e+07
50  48  1.96033e+07
50  49  1.86683e+07
50  50  1.296e+07

