row  column  (images_33.edf Ca-K*images_33.edf Ar-K**2.3)
0  0  1.51117e+08
0  1  2.58122e+08
0  2  2.38609e+08
0  3  2.07701e+08
0  4  2.56942e+08
0  5  3.06424e+08
0  6  4.71032e+08
0  7  6.09462e+08
0  8  8.63895e+08
0  9  8.09666e+08
0  10  7.19339e+08
0  11  7.32826e+08
0  12  6.43428e+08
0  13  7.07731e+08
0  14  1.09287e+09
0  15  1.27507e+09
0  16  1.64218e+09
0  17  1.70841e+09
0  18  1.9051e+09
0  19  1.77525e+09
0  20  1.6538e+09
0  21  1.87199e+09
0  22  2.08197e+09
0  23  1.9974e+09
0  24  1.1432e+09
0  25  1.5549e+09
0  26  1.43417e+09
0  27  1.10177e+09
0  28  1.59883e+09
0  29  1.7942e+09
0  30  1.64825e+09
0  31  2.11254e+09
0  32  1.67061e+09
0  33  2.04653e+09
0  34  2.098e+09
0  35  1.62251e+09
0  36  2.11091e+09
0  37  1.90163e+09
0  38  1.95598e+09
0  39  1.86975e+09
0  40  1.85679e+09
0  41  1.74479e+09
0  42  2.21738e+09
0  43  2.66377e+09
0  44  3.05965e+09
0  45  2.99872e+09
0  46  2.67775e+09
0  47  1.40991e+09
0  48  1.4654e+09
0  49  1.6504e+09
0  50  1.25243e+09
1  0  1.99373e+08
1  1  2.6968e+08
1  2  1.90621e+08
1  3  2.04066e+08
1  4  2.51168e+08
1  5  4.82536e+08
1  6  6.98249e+08
1  7  7.58537e+08
1  8  1.0895e+09
1  9  9.28361e+08
1  10  7.02178e+08
1  11  6.45665e+08
1  12  6.03976e+08
1  13  7.68159e+08
1  14  9.75837e+08
1  15  1.43273e+09
1  16  1.98303e+09
1  17  1.94556e+09
1  18  2.07993e+09
1  19  1.73626e+09
1  20  1.81506e+09
1  21  2.1374e+09
1  22  2.3622e+09
1  23  1.78832e+09
1  24  1.78473e+09
1  25  1.73494e+09
1  26  1.32632e+09
1  27  1.62189e+09
1  28  1.73616e+09
1  29  1.84221e+09
1  30  2.13629e+09
1  31  2.42836e+09
1  32  2.16921e+09
1  33  2.20861e+09
1  34  1.911e+09
1  35  2.02633e+09
1  36  2.23866e+09
1  37  2.0043e+09
1  38  1.94222e+09
1  39  2.05187e+09
1  40  2.15881e+09
1  41  1.98718e+09
1  42  2.41679e+09
1  43  2.67711e+09
1  44  2.88514e+09
1  45  3.08465e+09
1  46  2.38485e+09
1  47  1.81626e+09
1  48  1.73338e+09
1  49  1.97276e+09
1  50  1.11868e+09
2  0  2.61116e+08
2  1  2.30627e+08
2  2  2.25715e+08
2  3  2.71821e+08
2  4  2.84715e+08
2  5  5.18204e+08
2  6  6.95102e+08
2  7  9.17253e+08
2  8  1.26432e+09
2  9  9.80615e+08
2  10  7.47083e+08
2  11  6.17715e+08
2  12  5.7723e+08
2  13  7.16831e+08
2  14  1.04414e+09
2  15  1.34754e+09
2  16  1.84396e+09
2  17  1.9357e+09
2  18  2.19953e+09
2  19  2.00722e+09
2  20  2.17979e+09
2  21  2.01474e+09
2  22  2.67305e+09
2  23  2.02525e+09
2  24  1.83972e+09
2  25  1.85312e+09
2  26  1.49709e+09
2  27  2.25613e+09
2  28  2.18986e+09
2  29  2.00301e+09
2  30  2.6253e+09
2  31  2.49578e+09
2  32  2.36565e+09
2  33  2.4629e+09
2  34  2.13472e+09
2  35  2.01113e+09
2  36  2.2638e+09
2  37  2.13389e+09
2  38  2.1465e+09
2  39  1.98332e+09
2  40  2.06917e+09
2  41  2.28319e+09
2  42  2.53739e+09
2  43  2.80295e+09
2  44  2.96446e+09
2  45  3.04399e+09
2  46  2.53589e+09
2  47  1.99871e+09
2  48  1.74545e+09
2  49  1.8427e+09
2  50  1.24924e+09
3  0  2.47269e+08
3  1  2.17832e+08
3  2  1.50826e+08
3  3  2.91982e+08
3  4  4.39747e+08
3  5  5.89614e+08
3  6  8.16583e+08
3  7  9.34928e+08
3  8  1.38532e+09
3  9  1.05632e+09
3  10  7.35007e+08
3  11  6.84438e+08
3  12  6.76169e+08
3  13  9.14238e+08
3  14  1.0745e+09
3  15  1.63282e+09
3  16  2.19887e+09
3  17  2.14836e+09
3  18  2.36466e+09
3  19  2.1009e+09
3  20  2.4974e+09
3  21  2.48061e+09
3  22  2.37198e+09
3  23  2.55361e+09
3  24  2.01028e+09
3  25  2.12397e+09
3  26  1.69304e+09
3  27  2.07514e+09
3  28  2.40669e+09
3  29  2.44124e+09
3  30  2.65886e+09
3  31  3.19349e+09
3  32  2.41564e+09
3  33  2.61645e+09
3  34  2.64283e+09
3  35  2.34317e+09
3  36  2.47095e+09
3  37  2.40803e+09
3  38  2.38771e+09
3  39  2.51934e+09
3  40  2.17914e+09
3  41  2.09715e+09
3  42  2.32507e+09
3  43  2.31622e+09
3  44  2.46237e+09
3  45  2.85167e+09
3  46  2.69887e+09
3  47  2.03304e+09
3  48  2.09623e+09
3  49  2.26388e+09
3  50  1.30342e+09
4  0  2.45786e+08
4  1  1.94074e+08
4  2  1.91159e+08
4  3  2.5577e+08
4  4  3.8576e+08
4  5  6.96104e+08
4  6  8.5804e+08
4  7  9.6198e+08
4  8  1.57355e+09
4  9  1.03573e+09
4  10  8.24802e+08
4  11  7.27411e+08
4  12  5.96268e+08
4  13  7.66394e+08
4  14  8.72853e+08
4  15  1.43161e+09
4  16  2.37368e+09
4  17  2.47426e+09
4  18  2.25166e+09
4  19  2.40065e+09
4  20  2.54054e+09
4  21  2.49822e+09
4  22  2.65142e+09
4  23  2.56277e+09
4  24  1.85697e+09
4  25  2.44341e+09
4  26  1.92133e+09
4  27  2.09925e+09
4  28  2.39613e+09
4  29  2.32316e+09
4  30  2.53247e+09
4  31  3.02448e+09
4  32  2.79849e+09
4  33  2.71014e+09
4  34  2.5091e+09
4  35  2.38357e+09
4  36  2.48177e+09
4  37  2.04264e+09
4  38  2.39068e+09
4  39  2.03016e+09
4  40  2.02147e+09
4  41  2.06807e+09
4  42  2.36889e+09
4  43  2.42231e+09
4  44  2.83265e+09
4  45  3.15224e+09
4  46  3.05292e+09
4  47  2.20883e+09
4  48  2.23022e+09
4  49  2.15134e+09
4  50  1.49041e+09
5  0  2.21294e+08
5  1  1.91417e+08
5  2  1.97378e+08
5  3  2.51449e+08
5  4  3.50934e+08
5  5  6.56043e+08
5  6  7.59608e+08
5  7  1.01551e+09
5  8  1.29274e+09
5  9  1.22362e+09
5  10  8.82893e+08
5  11  7.01869e+08
5  12  6.66709e+08
5  13  7.21925e+08
5  14  8.44868e+08
5  15  1.47882e+09
5  16  2.38461e+09
5  17  2.30378e+09
5  18  2.21338e+09
5  19  2.44915e+09
5  20  2.58515e+09
5  21  2.69632e+09
5  22  3.25758e+09
5  23  2.90978e+09
5  24  1.71246e+09
5  25  2.43075e+09
5  26  2.0178e+09
5  27  2.37591e+09
5  28  2.49218e+09
5  29  2.33035e+09
5  30  2.75684e+09
5  31  2.85979e+09
5  32  2.85885e+09
5  33  2.429e+09
5  34  2.42382e+09
5  35  2.56131e+09
5  36  2.74071e+09
5  37  2.49266e+09
5  38  2.92428e+09
5  39  2.0625e+09
5  40  2.25906e+09
5  41  2.35582e+09
5  42  2.36358e+09
5  43  2.65997e+09
5  44  2.65256e+09
5  45  3.23934e+09
5  46  3.01417e+09
5  47  2.58164e+09
5  48  2.24627e+09
5  49  1.86275e+09
5  50  1.50906e+09
6  0  2.29187e+08
6  1  1.589e+08
6  2  1.74712e+08
6  3  2.39981e+08
6  4  3.37684e+08
6  5  7.89851e+08
6  6  8.27534e+08
6  7  1.04829e+09
6  8  1.55208e+09
6  9  1.40527e+09
6  10  8.60319e+08
6  11  7.24187e+08
6  12  6.79266e+08
6  13  8.29115e+08
6  14  1.02967e+09
6  15  1.52883e+09
6  16  2.18651e+09
6  17  2.33674e+09
6  18  2.47318e+09
6  19  2.59068e+09
6  20  3.14399e+09
6  21  2.63601e+09
6  22  2.56468e+09
6  23  2.82256e+09
6  24  2.08664e+09
6  25  2.36011e+09
6  26  2.11249e+09
6  27  2.20771e+09
6  28  2.54968e+09
6  29  2.33107e+09
6  30  3.08185e+09
6  31  3.06985e+09
6  32  2.75257e+09
6  33  2.73003e+09
6  34  2.77029e+09
6  35  2.20313e+09
6  36  2.39974e+09
6  37  2.40128e+09
6  38  2.47605e+09
6  39  2.31286e+09
6  40  2.24463e+09
6  41  2.11071e+09
6  42  2.3459e+09
6  43  2.67444e+09
6  44  2.6227e+09
6  45  3.07129e+09
6  46  3.07096e+09
6  47  2.43019e+09
6  48  2.17353e+09
6  49  1.89714e+09
6  50  1.64799e+09
7  0  2.08937e+08
7  1  1.82941e+08
7  2  1.76053e+08
7  3  2.43214e+08
7  4  4.62412e+08
7  5  7.75598e+08
7  6  8.10841e+08
7  7  9.29092e+08
7  8  1.46142e+09
7  9  1.47129e+09
7  10  9.00743e+08
7  11  7.02283e+08
7  12  6.0187e+08
7  13  9.50418e+08
7  14  1.11889e+09
7  15  1.98197e+09
7  16  1.83197e+09
7  17  2.40825e+09
7  18  2.34773e+09
7  19  2.62889e+09
7  20  2.83639e+09
7  21  2.57707e+09
7  22  2.85585e+09
7  23  2.77443e+09
7  24  2.32277e+09
7  25  2.44204e+09
7  26  2.19012e+09
7  27  2.33952e+09
7  28  2.23485e+09
7  29  2.56651e+09
7  30  2.78905e+09
7  31  3.01597e+09
7  32  3.00903e+09
7  33  2.47894e+09
7  34  2.73009e+09
7  35  2.7251e+09
7  36  2.48318e+09
7  37  2.76896e+09
7  38  2.6977e+09
7  39  2.76877e+09
7  40  2.35951e+09
7  41  2.04492e+09
7  42  2.25287e+09
7  43  2.69497e+09
7  44  2.97589e+09
7  45  3.11805e+09
7  46  3.23496e+09
7  47  2.44671e+09
7  48  2.07545e+09
7  49  1.62487e+09
7  50  1.50025e+09
8  0  1.99791e+08
8  1  1.69345e+08
8  2  1.69545e+08
8  3  2.48459e+08
8  4  4.15331e+08
8  5  7.52384e+08
8  6  8.23912e+08
8  7  1.07822e+09
8  8  1.64947e+09
8  9  1.56793e+09
8  10  9.12319e+08
8  11  7.58909e+08
8  12  7.10708e+08
8  13  7.90336e+08
8  14  1.01307e+09
8  15  1.69958e+09
8  16  1.79628e+09
8  17  2.24612e+09
8  18  2.33567e+09
8  19  2.61611e+09
8  20  3.0612e+09
8  21  2.78716e+09
8  22  2.66377e+09
8  23  2.85577e+09
8  24  2.19895e+09
8  25  2.77376e+09
8  26  2.4887e+09
8  27  2.18893e+09
8  28  2.38384e+09
8  29  2.48534e+09
8  30  3.27669e+09
8  31  3.14378e+09
8  32  2.80061e+09
8  33  2.55061e+09
8  34  3.00919e+09
8  35  2.64139e+09
8  36  2.6693e+09
8  37  3.02047e+09
8  38  3.07621e+09
8  39  2.72091e+09
8  40  2.38886e+09
8  41  2.63242e+09
8  42  2.59983e+09
8  43  3.10468e+09
8  44  2.99869e+09
8  45  3.53107e+09
8  46  3.22068e+09
8  47  2.63832e+09
8  48  2.1353e+09
8  49  1.74462e+09
8  50  1.76216e+09
9  0  1.40072e+08
9  1  1.71721e+08
9  2  2.07062e+08
9  3  2.19656e+08
9  4  4.2059e+08
9  5  7.01813e+08
9  6  8.63055e+08
9  7  1.09388e+09
9  8  1.55049e+09
9  9  1.42579e+09
9  10  8.48891e+08
9  11  7.75495e+08
9  12  6.94557e+08
9  13  8.38052e+08
9  14  1.00614e+09
9  15  1.60831e+09
9  16  1.84436e+09
9  17  2.28588e+09
9  18  2.48897e+09
9  19  2.74712e+09
9  20  2.71128e+09
9  21  2.81126e+09
9  22  2.82603e+09
9  23  2.76125e+09
9  24  2.30174e+09
9  25  2.67366e+09
9  26  2.52283e+09
9  27  2.31307e+09
9  28  2.345e+09
9  29  2.48804e+09
9  30  2.86515e+09
9  31  2.94791e+09
9  32  3.15764e+09
9  33  2.611e+09
9  34  2.9993e+09
9  35  2.74017e+09
9  36  2.92987e+09
9  37  2.89812e+09
9  38  2.85462e+09
9  39  2.97489e+09
9  40  2.95927e+09
9  41  2.69052e+09
9  42  2.84824e+09
9  43  3.52622e+09
9  44  3.37104e+09
9  45  3.08823e+09
9  46  3.17105e+09
9  47  2.47859e+09
9  48  2.48626e+09
9  49  1.72944e+09
9  50  1.97216e+09
10  0  1.77865e+08
10  1  2.04032e+08
10  2  2.06832e+08
10  3  1.98943e+08
10  4  3.26556e+08
10  5  6.33886e+08
10  6  8.48597e+08
10  7  9.03169e+08
10  8  1.38133e+09
10  9  1.55064e+09
10  10  1.1472e+09
10  11  8.53771e+08
10  12  6.57244e+08
10  13  8.28871e+08
10  14  8.73401e+08
10  15  1.39731e+09
10  16  1.47235e+09
10  17  2.04109e+09
10  18  2.43313e+09
10  19  2.88629e+09
10  20  2.89148e+09
10  21  2.85903e+09
10  22  2.73931e+09
10  23  2.48365e+09
10  24  2.43028e+09
10  25  2.42412e+09
10  26  2.5126e+09
10  27  2.38249e+09
10  28  2.06063e+09
10  29  2.48741e+09
10  30  2.96548e+09
10  31  3.12782e+09
10  32  3.16908e+09
10  33  2.73458e+09
10  34  2.76434e+09
10  35  2.94725e+09
10  36  3.10001e+09
10  37  3.1079e+09
10  38  3.04451e+09
10  39  3.15548e+09
10  40  2.54578e+09
10  41  2.84657e+09
10  42  2.61202e+09
10  43  3.34805e+09
10  44  3.29841e+09
10  45  3.55647e+09
10  46  3.51154e+09
10  47  2.89383e+09
10  48  2.54114e+09
10  49  2.04105e+09
10  50  2.03439e+09
11  0  1.92314e+08
11  1  1.65208e+08
11  2  1.92555e+08
11  3  2.38387e+08
11  4  3.2963e+08
11  5  6.13529e+08
11  6  7.18168e+08
11  7  1.17041e+09
11  8  1.46217e+09
11  9  1.52638e+09
11  10  1.17535e+09
11  11  7.17957e+08
11  12  5.76658e+08
11  13  6.39333e+08
11  14  8.17688e+08
11  15  1.35098e+09
11  16  1.59067e+09
11  17  1.8879e+09
11  18  2.37621e+09
11  19  2.90921e+09
11  20  2.97634e+09
11  21  2.72201e+09
11  22  2.74404e+09
11  23  2.82871e+09
11  24  2.49133e+09
11  25  2.57966e+09
11  26  2.58529e+09
11  27  2.36252e+09
11  28  2.21417e+09
11  29  2.49758e+09
11  30  2.9448e+09
11  31  3.12859e+09
11  32  2.84927e+09
11  33  2.67194e+09
11  34  2.98211e+09
11  35  2.93746e+09
11  36  2.8261e+09
11  37  3.29979e+09
11  38  3.44949e+09
11  39  3.35424e+09
11  40  2.69606e+09
11  41  2.84604e+09
11  42  2.91066e+09
11  43  3.65607e+09
11  44  3.51286e+09
11  45  3.20399e+09
11  46  3.1651e+09
11  47  3.27357e+09
11  48  2.36417e+09
11  49  2.38558e+09
11  50  2.59812e+09
12  0  1.45105e+08
12  1  1.62773e+08
12  2  1.64042e+08
12  3  1.98524e+08
12  4  3.30502e+08
12  5  5.49656e+08
12  6  6.33754e+08
12  7  1.0744e+09
12  8  1.35866e+09
12  9  1.50931e+09
12  10  1.02109e+09
12  11  8.01687e+08
12  12  5.30148e+08
12  13  5.59291e+08
12  14  8.62176e+08
12  15  1.08602e+09
12  16  1.41805e+09
12  17  1.93145e+09
12  18  2.31164e+09
12  19  2.5061e+09
12  20  2.76604e+09
12  21  2.6496e+09
12  22  2.56759e+09
12  23  2.66954e+09
12  24  2.41822e+09
12  25  2.59477e+09
12  26  2.63828e+09
12  27  2.55237e+09
12  28  2.15066e+09
12  29  2.29711e+09
12  30  3.01161e+09
12  31  3.12087e+09
12  32  3.00258e+09
12  33  3.02977e+09
12  34  3.39684e+09
12  35  3.17271e+09
12  36  3.14413e+09
12  37  3.11789e+09
12  38  3.20426e+09
12  39  3.80553e+09
12  40  3.02643e+09
12  41  3.21423e+09
12  42  2.86357e+09
12  43  3.44948e+09
12  44  3.92127e+09
12  45  3.08771e+09
12  46  3.20638e+09
12  47  2.89086e+09
12  48  2.83463e+09
12  49  2.39202e+09
12  50  2.40146e+09
13  0  1.26723e+08
13  1  1.52032e+08
13  2  1.62838e+08
13  3  2.21924e+08
13  4  2.95602e+08
13  5  5.34528e+08
13  6  7.095e+08
13  7  1.01605e+09
13  8  1.45087e+09
13  9  1.49948e+09
13  10  1.09309e+09
13  11  7.02904e+08
13  12  5.65313e+08
13  13  5.96983e+08
13  14  8.35107e+08
13  15  1.04848e+09
13  16  1.34049e+09
13  17  1.93194e+09
13  18  2.3733e+09
13  19  2.27409e+09
13  20  2.70189e+09
13  21  2.5963e+09
13  22  2.53135e+09
13  23  2.44618e+09
13  24  2.4171e+09
13  25  2.50933e+09
13  26  2.73668e+09
13  27  2.27341e+09
13  28  2.10512e+09
13  29  2.49482e+09
13  30  3.35779e+09
13  31  2.77455e+09
13  32  2.79098e+09
13  33  2.79547e+09
13  34  2.72252e+09
13  35  3.1636e+09
13  36  3.39443e+09
13  37  3.03462e+09
13  38  3.00683e+09
13  39  3.3384e+09
13  40  3.56286e+09
13  41  3.3096e+09
13  42  2.81739e+09
13  43  4.05946e+09
13  44  3.59928e+09
13  45  3.13212e+09
13  46  3.24132e+09
13  47  3.29644e+09
13  48  3.19344e+09
13  49  2.75664e+09
13  50  2.69691e+09
14  0  1.26241e+08
14  1  1.46515e+08
14  2  2.10099e+08
14  3  2.02928e+08
14  4  2.92832e+08
14  5  4.52329e+08
14  6  5.44889e+08
14  7  1.0939e+09
14  8  1.3895e+09
14  9  1.48281e+09
14  10  1.14213e+09
14  11  7.52647e+08
14  12  5.07611e+08
14  13  5.53695e+08
14  14  7.19983e+08
14  15  1.0812e+09
14  16  1.27475e+09
14  17  1.7243e+09
14  18  2.00935e+09
14  19  2.28349e+09
14  20  2.46724e+09
14  21  2.44838e+09
14  22  2.42269e+09
14  23  2.73134e+09
14  24  2.51961e+09
14  25  2.34756e+09
14  26  2.52949e+09
14  27  2.55036e+09
14  28  2.22898e+09
14  29  2.51377e+09
14  30  2.9514e+09
14  31  3.06106e+09
14  32  2.99966e+09
14  33  3.25252e+09
14  34  3.24248e+09
14  35  2.95717e+09
14  36  3.24667e+09
14  37  3.30928e+09
14  38  3.46996e+09
14  39  3.27614e+09
14  40  3.31471e+09
14  41  3.97406e+09
14  42  2.92911e+09
14  43  3.7016e+09
14  44  3.71146e+09
14  45  3.23912e+09
14  46  3.47665e+09
14  47  2.99125e+09
14  48  3.62625e+09
14  49  2.6063e+09
14  50  2.60743e+09
15  0  1.4678e+08
15  1  2.03528e+08
15  2  1.56769e+08
15  3  2.12778e+08
15  4  2.58353e+08
15  5  4.576e+08
15  6  4.61767e+08
15  7  8.54834e+08
15  8  1.33037e+09
15  9  1.45302e+09
15  10  1.11491e+09
15  11  7.54054e+08
15  12  5.29472e+08
15  13  5.27382e+08
15  14  5.87945e+08
15  15  1.00033e+09
15  16  1.35063e+09
15  17  1.67534e+09
15  18  2.08318e+09
15  19  2.39781e+09
15  20  2.45389e+09
15  21  2.7714e+09
15  22  2.45849e+09
15  23  2.88759e+09
15  24  2.36657e+09
15  25  2.70034e+09
15  26  2.72694e+09
15  27  2.53525e+09
15  28  2.17687e+09
15  29  2.57812e+09
15  30  2.72353e+09
15  31  2.63533e+09
15  32  2.83105e+09
15  33  3.28561e+09
15  34  3.20178e+09
15  35  3.28008e+09
15  36  3.45073e+09
15  37  3.57228e+09
15  38  3.29953e+09
15  39  3.78243e+09
15  40  4.05513e+09
15  41  3.25096e+09
15  42  2.93059e+09
15  43  4.02934e+09
15  44  3.96173e+09
15  45  2.90576e+09
15  46  3.49874e+09
15  47  3.80049e+09
15  48  2.98493e+09
15  49  2.56747e+09
15  50  2.21037e+09
16  0  1.06045e+08
16  1  1.19213e+08
16  2  1.31158e+08
16  3  1.8521e+08
16  4  2.22524e+08
16  5  3.00615e+08
16  6  4.25523e+08
16  7  7.72909e+08
16  8  1.23687e+09
16  9  1.51928e+09
16  10  1.32156e+09
16  11  7.93506e+08
16  12  5.46935e+08
16  13  5.75059e+08
16  14  5.97079e+08
16  15  1.16307e+09
16  16  1.40568e+09
16  17  1.81751e+09
16  18  2.2966e+09
16  19  2.23714e+09
16  20  2.4824e+09
16  21  2.44875e+09
16  22  2.48355e+09
16  23  2.55809e+09
16  24  2.49718e+09
16  25  2.8284e+09
16  26  3.05419e+09
16  27  2.26102e+09
16  28  2.3252e+09
16  29  2.38422e+09
16  30  3.22298e+09
16  31  3.0456e+09
16  32  2.87834e+09
16  33  2.95433e+09
16  34  3.1826e+09
16  35  2.61816e+09
16  36  3.16566e+09
16  37  3.62115e+09
16  38  3.42976e+09
16  39  3.44951e+09
16  40  3.82357e+09
16  41  3.64629e+09
16  42  3.16876e+09
16  43  3.86926e+09
16  44  3.88721e+09
16  45  3.51362e+09
16  46  3.22415e+09
16  47  3.5954e+09
16  48  3.52594e+09
16  49  2.64037e+09
16  50  2.28972e+09
17  0  1.35104e+08
17  1  1.35778e+08
17  2  1.38644e+08
17  3  1.7528e+08
17  4  2.34371e+08
17  5  2.82625e+08
17  6  4.39861e+08
17  7  7.65124e+08
17  8  1.09777e+09
17  9  1.47229e+09
17  10  1.12541e+09
17  11  7.86636e+08
17  12  5.31883e+08
17  13  5.09513e+08
17  14  7.33483e+08
17  15  1.02725e+09
17  16  1.60495e+09
17  17  1.88376e+09
17  18  1.98038e+09
17  19  2.72394e+09
17  20  2.28313e+09
17  21  2.05702e+09
17  22  2.33994e+09
17  23  2.47666e+09
17  24  2.38645e+09
17  25  2.50417e+09
17  26  2.6886e+09
17  27  2.51845e+09
17  28  2.57772e+09
17  29  2.57632e+09
17  30  3.21893e+09
17  31  2.99218e+09
17  32  2.85901e+09
17  33  2.98785e+09
17  34  3.07033e+09
17  35  3.18945e+09
17  36  3.24683e+09
17  37  3.48e+09
17  38  3.67384e+09
17  39  3.36479e+09
17  40  4.05902e+09
17  41  3.27866e+09
17  42  3.12932e+09
17  43  3.69167e+09
17  44  3.88606e+09
17  45  3.46559e+09
17  46  3.46284e+09
17  47  3.67211e+09
17  48  3.51259e+09
17  49  2.37973e+09
17  50  2.14918e+09
18  0  1.11787e+08
18  1  1.31955e+08
18  2  1.57527e+08
18  3  1.57947e+08
18  4  2.2592e+08
18  5  2.48411e+08
18  6  3.54037e+08
18  7  5.19613e+08
18  8  1.05868e+09
18  9  1.26228e+09
18  10  1.50281e+09
18  11  9.21368e+08
18  12  6.65874e+08
18  13  4.83021e+08
18  14  6.1429e+08
18  15  9.70912e+08
18  16  1.47142e+09
18  17  2.01592e+09
18  18  2.32178e+09
18  19  2.56361e+09
18  20  2.51214e+09
18  21  2.4074e+09
18  22  2.39947e+09
18  23  2.64095e+09
18  24  2.40302e+09
18  25  2.83839e+09
18  26  2.95187e+09
18  27  2.532e+09
18  28  2.74979e+09
18  29  2.50967e+09
18  30  3.29257e+09
18  31  2.9059e+09
18  32  2.91683e+09
18  33  3.03183e+09
18  34  2.98282e+09
18  35  2.8343e+09
18  36  3.00717e+09
18  37  3.36108e+09
18  38  3.66971e+09
18  39  4.02667e+09
18  40  4.37128e+09
18  41  3.59456e+09
18  42  3.19938e+09
18  43  3.43132e+09
18  44  3.85836e+09
18  45  3.40393e+09
18  46  2.9152e+09
18  47  3.74685e+09
18  48  3.55322e+09
18  49  2.93404e+09
18  50  2.30423e+09
19  0  1.11631e+08
19  1  1.24795e+08
19  2  1.56479e+08
19  3  2.00041e+08
19  4  2.19059e+08
19  5  2.1712e+08
19  6  3.73902e+08
19  7  6.4757e+08
19  8  9.2223e+08
19  9  1.26828e+09
19  10  1.18792e+09
19  11  7.48044e+08
19  12  5.03265e+08
19  13  5.76218e+08
19  14  7.69419e+08
19  15  1.28459e+09
19  16  1.98318e+09
19  17  2.16257e+09
19  18  2.48279e+09
19  19  2.82836e+09
19  20  2.48089e+09
19  21  2.26547e+09
19  22  2.56982e+09
19  23  2.76577e+09
19  24  2.56055e+09
19  25  2.81551e+09
19  26  2.65131e+09
19  27  2.88488e+09
19  28  2.36891e+09
19  29  2.67707e+09
19  30  3.05012e+09
19  31  3.31466e+09
19  32  2.79729e+09
19  33  3.21894e+09
19  34  3.18681e+09
19  35  2.98941e+09
19  36  3.02703e+09
19  37  3.36464e+09
19  38  3.35819e+09
19  39  3.52779e+09
19  40  4.3997e+09
19  41  3.39512e+09
19  42  2.87191e+09
19  43  3.636e+09
19  44  3.48334e+09
19  45  3.08082e+09
19  46  3.07453e+09
19  47  4.1962e+09
19  48  3.84945e+09
19  49  2.59705e+09
19  50  2.11964e+09
20  0  1.2705e+08
20  1  1.34793e+08
20  2  1.38261e+08
20  3  1.35853e+08
20  4  1.60771e+08
20  5  2.06924e+08
20  6  3.01725e+08
20  7  5.01008e+08
20  8  9.10337e+08
20  9  1.21897e+09
20  10  1.34745e+09
20  11  9.69399e+08
20  12  7.25236e+08
20  13  4.92805e+08
20  14  6.78318e+08
20  15  1.11032e+09
20  16  1.90851e+09
20  17  2.27532e+09
20  18  2.09199e+09
20  19  2.67304e+09
20  20  2.20155e+09
20  21  2.21145e+09
20  22  2.25629e+09
20  23  2.40884e+09
20  24  2.29242e+09
20  25  2.90967e+09
20  26  2.46876e+09
20  27  3.04313e+09
20  28  2.49112e+09
20  29  2.70253e+09
20  30  3.12105e+09
20  31  3.28275e+09
20  32  3.05459e+09
20  33  3.34069e+09
20  34  3.29115e+09
20  35  3.00292e+09
20  36  3.35583e+09
20  37  3.2189e+09
20  38  3.74897e+09
20  39  3.19366e+09
20  40  3.94755e+09
20  41  3.26295e+09
20  42  2.81037e+09
20  43  3.59889e+09
20  44  3.09779e+09
20  45  3.05387e+09
20  46  2.8011e+09
20  47  3.86585e+09
20  48  3.20464e+09
20  49  2.46666e+09
20  50  2.32033e+09
21  0  1.08399e+08
21  1  1.21421e+08
21  2  1.27275e+08
21  3  1.21523e+08
21  4  1.69149e+08
21  5  2.49e+08
21  6  3.16632e+08
21  7  5.83808e+08
21  8  8.05886e+08
21  9  1.25256e+09
21  10  9.26261e+08
21  11  8.39528e+08
21  12  5.70151e+08
21  13  5.37921e+08
21  14  7.67481e+08
21  15  1.6735e+09
21  16  2.28053e+09
21  17  2.39025e+09
21  18  2.35829e+09
21  19  2.44915e+09
21  20  2.43275e+09
21  21  2.08645e+09
21  22  2.38566e+09
21  23  2.47969e+09
21  24  2.409e+09
21  25  2.62687e+09
21  26  2.7544e+09
21  27  2.67223e+09
21  28  2.87856e+09
21  29  3.08295e+09
21  30  3.03128e+09
21  31  3.17385e+09
21  32  3.15158e+09
21  33  3.29622e+09
21  34  2.92092e+09
21  35  3.35183e+09
21  36  3.43305e+09
21  37  2.9804e+09
21  38  3.5399e+09
21  39  3.25346e+09
21  40  3.5649e+09
21  41  2.86679e+09
21  42  2.6887e+09
21  43  3.2808e+09
21  44  2.95051e+09
21  45  3.44631e+09
21  46  2.91337e+09
21  47  3.47997e+09
21  48  3.60867e+09
21  49  2.4775e+09
21  50  2.54214e+09
22  0  7.74248e+07
22  1  7.78362e+07
22  2  1.45864e+08
22  3  1.39653e+08
22  4  1.57127e+08
22  5  2.40533e+08
22  6  2.76134e+08
22  7  5.20377e+08
22  8  7.37163e+08
22  9  1.19167e+09
22  10  1.05089e+09
22  11  7.26036e+08
22  12  7.20558e+08
22  13  6.20452e+08
22  14  7.46917e+08
22  15  1.51093e+09
22  16  2.31359e+09
22  17  2.59771e+09
22  18  2.33386e+09
22  19  2.7816e+09
22  20  2.45273e+09
22  21  2.2655e+09
22  22  2.41286e+09
22  23  2.55067e+09
22  24  2.59913e+09
22  25  2.82455e+09
22  26  2.77552e+09
22  27  2.97271e+09
22  28  2.67063e+09
22  29  2.79265e+09
22  30  3.16255e+09
22  31  3.30273e+09
22  32  3.03971e+09
22  33  3.14571e+09
22  34  3.1056e+09
22  35  2.89719e+09
22  36  3.28539e+09
22  37  3.45253e+09
22  38  2.94146e+09
22  39  3.30274e+09
22  40  3.44103e+09
22  41  2.83546e+09
22  42  2.574e+09
22  43  2.90609e+09
22  44  3.00793e+09
22  45  2.65576e+09
22  46  3.03935e+09
22  47  3.48428e+09
22  48  4.0652e+09
22  49  2.55332e+09
22  50  2.62379e+09
23  0  1.37019e+08
23  1  1.14792e+08
23  2  1.29077e+08
23  3  1.25053e+08
23  4  1.9216e+08
23  5  2.47397e+08
23  6  2.75912e+08
23  7  5.28561e+08
23  8  6.91168e+08
23  9  1.13132e+09
23  10  7.79911e+08
23  11  6.95484e+08
23  12  6.4594e+08
23  13  6.89746e+08
23  14  8.91239e+08
23  15  1.9609e+09
23  16  2.4569e+09
23  17  2.48095e+09
23  18  2.38343e+09
23  19  2.86443e+09
23  20  2.36722e+09
23  21  2.37698e+09
23  22  2.75092e+09
23  23  2.34021e+09
23  24  2.70869e+09
23  25  2.57062e+09
23  26  2.59528e+09
23  27  2.80569e+09
23  28  2.74298e+09
23  29  3.08643e+09
23  30  3.40985e+09
23  31  3.25252e+09
23  32  3.14236e+09
23  33  3.17228e+09
23  34  2.80853e+09
23  35  2.93547e+09
23  36  3.24943e+09
23  37  3.45445e+09
23  38  2.98687e+09
23  39  3.35214e+09
23  40  3.11203e+09
23  41  2.92593e+09
23  42  2.74494e+09
23  43  2.73987e+09
23  44  3.08292e+09
23  45  2.59402e+09
23  46  3.00871e+09
23  47  4.08941e+09
23  48  3.68532e+09
23  49  2.74842e+09
23  50  2.88007e+09
24  0  9.71853e+07
24  1  1.09123e+08
24  2  7.70649e+07
24  3  1.4861e+08
24  4  1.0238e+08
24  5  2.14819e+08
24  6  2.51302e+08
24  7  4.31126e+08
24  8  5.51101e+08
24  9  9.41161e+08
24  10  7.33981e+08
24  11  5.44371e+08
24  12  6.34928e+08
24  13  6.98107e+08
24  14  9.33424e+08
24  15  1.86977e+09
24  16  2.49849e+09
24  17  2.54275e+09
24  18  2.43259e+09
24  19  2.67637e+09
24  20  2.14651e+09
24  21  2.14226e+09
24  22  2.75104e+09
24  23  2.52807e+09
24  24  2.49643e+09
24  25  2.51437e+09
24  26  2.58371e+09
24  27  2.57542e+09
24  28  2.75399e+09
24  29  3.08854e+09
24  30  3.16523e+09
24  31  3.21193e+09
24  32  3.39645e+09
24  33  3.33561e+09
24  34  3.0372e+09
24  35  2.95945e+09
24  36  3.51215e+09
24  37  2.83828e+09
24  38  2.77253e+09
24  39  3.20568e+09
24  40  2.80397e+09
24  41  2.76744e+09
24  42  2.43177e+09
24  43  2.27019e+09
24  44  2.6083e+09
24  45  2.73645e+09
24  46  2.88414e+09
24  47  3.55129e+09
24  48  3.22842e+09
24  49  2.87432e+09
24  50  3.10316e+09
25  0  6.47125e+07
25  1  9.3119e+07
25  2  1.12002e+08
25  3  1.09816e+08
25  4  1.55695e+08
25  5  1.76021e+08
25  6  2.10031e+08
25  7  4.14949e+08
25  8  5.74489e+08
25  9  8.21133e+08
25  10  6.46344e+08
25  11  5.0812e+08
25  12  5.76413e+08
25  13  6.08172e+08
25  14  9.0195e+08
25  15  2.06119e+09
25  16  2.54319e+09
25  17  2.76865e+09
25  18  2.42953e+09
25  19  3.02652e+09
25  20  2.55603e+09
25  21  2.47455e+09
25  22  2.62053e+09
25  23  2.53506e+09
25  24  2.9429e+09
25  25  2.72686e+09
25  26  2.85962e+09
25  27  2.46237e+09
25  28  2.69007e+09
25  29  3.73901e+09
25  30  3.33336e+09
25  31  3.29882e+09
25  32  3.66657e+09
25  33  3.0035e+09
25  34  3.18278e+09
25  35  2.59977e+09
25  36  3.04992e+09
25  37  2.74307e+09
25  38  2.67266e+09
25  39  2.93675e+09
25  40  3.25658e+09
25  41  2.96173e+09
25  42  2.2069e+09
25  43  2.36042e+09
25  44  2.42048e+09
25  45  3.07084e+09
25  46  3.05093e+09
25  47  3.55923e+09
25  48  3.50217e+09
25  49  3.42259e+09
25  50  2.85028e+09
26  0  8.89311e+07
26  1  8.83209e+07
26  2  9.877e+07
26  3  1.09302e+08
26  4  1.49598e+08
26  5  1.53472e+08
26  6  2.14873e+08
26  7  3.64842e+08
26  8  4.44734e+08
26  9  6.98101e+08
26  10  6.45064e+08
26  11  4.66035e+08
26  12  5.04641e+08
26  13  6.41783e+08
26  14  8.43133e+08
26  15  1.69305e+09
26  16  2.48929e+09
26  17  2.50864e+09
26  18  2.3593e+09
26  19  2.91836e+09
26  20  2.39094e+09
26  21  2.68648e+09
26  22  2.53047e+09
26  23  2.93222e+09
26  24  2.56416e+09
26  25  2.72623e+09
26  26  2.46415e+09
26  27  2.56069e+09
26  28  2.668e+09
26  29  2.7122e+09
26  30  3.25768e+09
26  31  3.21009e+09
26  32  3.64681e+09
26  33  3.50255e+09
26  34  2.5435e+09
26  35  2.65311e+09
26  36  3.35991e+09
26  37  2.82962e+09
26  38  2.62221e+09
26  39  3.34693e+09
26  40  2.73168e+09
26  41  2.77205e+09
26  42  2.48819e+09
26  43  2.38952e+09
26  44  2.48259e+09
26  45  2.80505e+09
26  46  2.79643e+09
26  47  3.59709e+09
26  48  3.58e+09
26  49  2.84857e+09
26  50  3.08352e+09
27  0  1.17079e+08
27  1  6.81252e+07
27  2  9.23445e+07
27  3  7.91549e+07
27  4  1.21006e+08
27  5  1.4271e+08
27  6  1.79414e+08
27  7  3.03826e+08
27  8  5.20809e+08
27  9  6.01825e+08
27  10  4.53555e+08
27  11  4.32942e+08
27  12  5.3987e+08
27  13  5.76425e+08
27  14  8.60867e+08
27  15  1.5411e+09
27  16  2.43179e+09
27  17  2.47303e+09
27  18  2.5202e+09
27  19  3.1748e+09
27  20  2.6581e+09
27  21  2.59731e+09
27  22  2.45716e+09
27  23  2.50659e+09
27  24  2.70525e+09
27  25  2.68162e+09
27  26  2.3151e+09
27  27  2.69538e+09
27  28  2.92626e+09
27  29  2.90955e+09
27  30  3.41302e+09
27  31  3.39567e+09
27  32  3.30878e+09
27  33  3.14246e+09
27  34  2.5428e+09
27  35  3.02477e+09
27  36  3.50381e+09
27  37  3.06949e+09
27  38  2.63088e+09
27  39  2.96848e+09
27  40  2.93067e+09
27  41  2.79137e+09
27  42  2.26788e+09
27  43  2.0985e+09
27  44  2.48783e+09
27  45  2.60949e+09
27  46  2.95589e+09
27  47  3.83567e+09
27  48  4.07033e+09
27  49  3.419e+09
27  50  3.08738e+09
28  0  1.22879e+08
28  1  8.52317e+07
28  2  1.0527e+08
28  3  9.04519e+07
28  4  1.21743e+08
28  5  1.59744e+08
28  6  1.73639e+08
28  7  2.33299e+08
28  8  4.36858e+08
28  9  6.04642e+08
28  10  4.74494e+08
28  11  3.76305e+08
28  12  5.15755e+08
28  13  6.24858e+08
28  14  8.45629e+08
28  15  1.65124e+09
28  16  2.44719e+09
28  17  2.55695e+09
28  18  2.63435e+09
28  19  2.752e+09
28  20  2.359e+09
28  21  2.61448e+09
28  22  2.74306e+09
28  23  2.87993e+09
28  24  2.9716e+09
28  25  2.66133e+09
28  26  2.31688e+09
28  27  2.80656e+09
28  28  3.08301e+09
28  29  3.0181e+09
28  30  3.60357e+09
28  31  3.5662e+09
28  32  3.30287e+09
28  33  2.69582e+09
28  34  2.87425e+09
28  35  2.96423e+09
28  36  2.91551e+09
28  37  2.9536e+09
28  38  2.44579e+09
28  39  3.33755e+09
28  40  3.03771e+09
28  41  2.35985e+09
28  42  2.24947e+09
28  43  1.92133e+09
28  44  2.4942e+09
28  45  2.97796e+09
28  46  3.3365e+09
28  47  3.70167e+09
28  48  4.02947e+09
28  49  3.83681e+09
28  50  3.24579e+09
29  0  8.22571e+07
29  1  9.83931e+07
29  2  1.02591e+08
29  3  1.07153e+08
29  4  1.11862e+08
29  5  1.70102e+08
29  6  2.04069e+08
29  7  2.872e+08
29  8  5.28899e+08
29  9  5.81514e+08
29  10  4.92404e+08
29  11  4.37167e+08
29  12  5.61699e+08
29  13  6.93711e+08
29  14  9.42673e+08
29  15  1.36181e+09
29  16  2.43888e+09
29  17  2.60427e+09
29  18  2.45682e+09
29  19  3.17562e+09
29  20  2.8499e+09
29  21  2.5788e+09
29  22  2.71502e+09
29  23  2.93169e+09
29  24  2.94083e+09
29  25  2.92247e+09
29  26  2.60304e+09
29  27  2.49368e+09
29  28  3.14194e+09
29  29  2.55728e+09
29  30  3.52171e+09
29  31  3.38878e+09
29  32  3.33495e+09
29  33  3.27398e+09
29  34  2.81132e+09
29  35  2.93054e+09
29  36  3.19611e+09
29  37  2.71353e+09
29  38  2.41153e+09
29  39  2.7072e+09
29  40  2.66897e+09
29  41  2.16871e+09
29  42  1.99541e+09
29  43  1.95188e+09
29  44  2.73325e+09
29  45  3.09203e+09
29  46  3.25726e+09
29  47  3.87134e+09
29  48  3.62545e+09
29  49  3.23685e+09
29  50  3.24424e+09
30  0  9.0112e+07
30  1  1.19298e+08
30  2  1.12042e+08
30  3  1.01599e+08
30  4  1.31675e+08
30  5  1.3754e+08
30  6  1.75431e+08
30  7  2.84234e+08
30  8  5.33287e+08
30  9  5.10221e+08
30  10  4.42741e+08
30  11  3.86918e+08
30  12  4.20997e+08
30  13  5.42866e+08
30  14  7.24639e+08
30  15  1.24602e+09
30  16  1.85049e+09
30  17  2.34025e+09
30  18  2.28501e+09
30  19  2.64277e+09
30  20  2.48103e+09
30  21  3.19044e+09
30  22  2.7071e+09
30  23  3.01499e+09
30  24  2.80307e+09
30  25  2.64838e+09
30  26  2.59447e+09
30  27  2.50538e+09
30  28  3.05518e+09
30  29  2.62582e+09
30  30  3.5978e+09
30  31  3.44266e+09
30  32  2.93068e+09
30  33  2.82873e+09
30  34  2.68416e+09
30  35  2.88351e+09
30  36  3.06416e+09
30  37  2.91532e+09
30  38  2.91816e+09
30  39  2.53033e+09
30  40  2.54319e+09
30  41  2.31366e+09
30  42  1.97413e+09
30  43  2.19485e+09
30  44  2.54249e+09
30  45  3.33121e+09
30  46  3.38576e+09
30  47  3.77377e+09
30  48  3.68784e+09
30  49  4.10007e+09
30  50  3.48279e+09
31  0  9.79183e+07
31  1  1.05279e+08
31  2  1.08001e+08
31  3  1.22907e+08
31  4  1.45014e+08
31  5  1.35678e+08
31  6  1.75097e+08
31  7  2.72388e+08
31  8  4.55062e+08
31  9  4.26568e+08
31  10  3.91336e+08
31  11  3.21987e+08
31  12  3.58724e+08
31  13  5.37998e+08
31  14  7.50693e+08
31  15  1.11489e+09
31  16  1.54853e+09
31  17  2.39362e+09
31  18  2.32772e+09
31  19  2.90158e+09
31  20  2.35342e+09
31  21  2.68326e+09
31  22  3.18364e+09
31  23  2.8688e+09
31  24  2.73804e+09
31  25  2.89134e+09
31  26  2.23413e+09
31  27  2.42865e+09
31  28  2.71819e+09
31  29  2.86995e+09
31  30  3.36911e+09
31  31  3.5478e+09
31  32  2.86786e+09
31  33  3.02869e+09
31  34  2.7981e+09
31  35  2.74588e+09
31  36  2.75113e+09
31  37  2.95006e+09
31  38  2.41525e+09
31  39  2.64994e+09
31  40  2.41045e+09
31  41  2.16296e+09
31  42  1.8033e+09
31  43  2.03341e+09
31  44  2.34537e+09
31  45  3.33488e+09
31  46  3.5552e+09
31  47  3.70507e+09
31  48  3.82868e+09
31  49  3.81186e+09
31  50  3.48842e+09
32  0  8.0544e+07
32  1  1.12704e+08
32  2  1.01068e+08
32  3  1.19678e+08
32  4  1.51371e+08
32  5  1.26776e+08
32  6  1.33863e+08
32  7  1.84794e+08
32  8  3.40936e+08
32  9  2.97381e+08
32  10  3.35695e+08
32  11  2.82014e+08
32  12  3.20563e+08
32  13  4.46499e+08
32  14  6.14671e+08
32  15  1.1554e+09
32  16  1.58268e+09
32  17  1.68068e+09
32  18  2.2069e+09
32  19  2.96197e+09
32  20  2.52866e+09
32  21  2.73245e+09
32  22  3.43684e+09
32  23  3.15445e+09
32  24  3.08158e+09
32  25  2.72856e+09
32  26  2.84649e+09
32  27  2.89139e+09
32  28  2.837e+09
32  29  2.60184e+09
32  30  2.96136e+09
32  31  3.17435e+09
32  32  2.9389e+09
32  33  3.37162e+09
32  34  2.89978e+09
32  35  2.76633e+09
32  36  3.06532e+09
32  37  2.93497e+09
32  38  2.57069e+09
32  39  2.17732e+09
32  40  2.56382e+09
32  41  2.01815e+09
32  42  1.78879e+09
32  43  2.18052e+09
32  44  2.60414e+09
32  45  3.58732e+09
32  46  4.01239e+09
32  47  4.02572e+09
32  48  4.01263e+09
32  49  3.73246e+09
32  50  3.72838e+09
33  0  7.98516e+07
33  1  7.96532e+07
33  2  8.13748e+07
33  3  1.62914e+08
33  4  1.71992e+08
33  5  1.29428e+08
33  6  1.78196e+08
33  7  2.17851e+08
33  8  2.74996e+08
33  9  2.92921e+08
33  10  2.50467e+08
33  11  2.64339e+08
33  12  3.27643e+08
33  13  4.15519e+08
33  14  5.87156e+08
33  15  1.02528e+09
33  16  1.31481e+09
33  17  1.49587e+09
33  18  1.76429e+09
33  19  2.29516e+09
33  20  2.20805e+09
33  21  2.60911e+09
33  22  2.62098e+09
33  23  3.09662e+09
33  24  2.90846e+09
33  25  2.76234e+09
33  26  2.67907e+09
33  27  2.86323e+09
33  28  2.90712e+09
33  29  2.71171e+09
33  30  3.32764e+09
33  31  2.87428e+09
33  32  2.593e+09
33  33  3.03854e+09
33  34  2.79029e+09
33  35  3.06729e+09
33  36  3.10525e+09
33  37  2.6923e+09
33  38  2.7551e+09
33  39  2.58546e+09
33  40  2.70209e+09
33  41  2.34313e+09
33  42  2.2572e+09
33  43  2.19879e+09
33  44  3.04013e+09
33  45  3.69144e+09
33  46  3.93219e+09
33  47  3.44307e+09
33  48  4.07154e+09
33  49  3.84833e+09
33  50  3.56041e+09
34  0  9.47453e+07
34  1  1.04562e+08
34  2  7.48849e+07
34  3  1.40618e+08
34  4  2.00166e+08
34  5  1.69509e+08
34  6  1.15214e+08
34  7  1.97171e+08
34  8  2.74913e+08
34  9  2.99688e+08
34  10  2.19576e+08
34  11  2.45674e+08
34  12  2.51732e+08
34  13  3.14466e+08
34  14  4.90363e+08
34  15  8.38902e+08
34  16  1.13184e+09
34  17  1.41002e+09
34  18  1.55974e+09
34  19  1.74245e+09
34  20  1.7689e+09
34  21  1.94806e+09
34  22  2.35207e+09
34  23  2.83976e+09
34  24  2.73356e+09
34  25  2.64225e+09
34  26  2.74918e+09
34  27  2.78029e+09
34  28  2.72684e+09
34  29  2.77839e+09
34  30  3.32858e+09
34  31  2.91347e+09
34  32  2.84835e+09
34  33  2.92131e+09
34  34  3.0689e+09
34  35  3.13148e+09
34  36  2.86346e+09
34  37  2.77195e+09
34  38  2.13011e+09
34  39  2.59442e+09
34  40  2.48772e+09
34  41  2.25888e+09
34  42  2.23978e+09
34  43  2.26006e+09
34  44  2.76187e+09
34  45  3.42854e+09
34  46  3.54306e+09
34  47  4.36487e+09
34  48  4.00154e+09
34  49  3.7047e+09
34  50  3.1239e+09
35  0  8.52002e+07
35  1  9.22262e+07
35  2  1.27165e+08
35  3  1.74639e+08
35  4  2.26365e+08
35  5  1.69896e+08
35  6  1.39582e+08
35  7  2.00734e+08
35  8  2.43793e+08
35  9  2.05098e+08
35  10  2.26739e+08
35  11  2.25029e+08
35  12  2.31013e+08
35  13  3.07719e+08
35  14  4.7591e+08
35  15  8.03124e+08
35  16  1.04912e+09
35  17  1.10722e+09
35  18  1.46201e+09
35  19  1.69985e+09
35  20  1.70483e+09
35  21  2.0229e+09
35  22  2.58671e+09
35  23  2.89684e+09
35  24  2.69559e+09
35  25  2.87342e+09
35  26  2.78954e+09
35  27  2.60656e+09
35  28  2.38365e+09
35  29  2.92112e+09
35  30  3.00705e+09
35  31  2.89387e+09
35  32  3.26094e+09
35  33  3.05365e+09
35  34  2.70198e+09
35  35  2.86527e+09
35  36  2.74141e+09
35  37  2.74954e+09
35  38  2.79944e+09
35  39  2.91594e+09
35  40  2.79512e+09
35  41  2.31639e+09
35  42  2.15037e+09
35  43  2.53853e+09
35  44  2.97098e+09
35  45  3.78976e+09
35  46  4.16356e+09
35  47  3.85987e+09
35  48  3.79277e+09
35  49  3.94684e+09
35  50  3.35713e+09
36  0  9.57253e+07
36  1  1.13793e+08
36  2  9.32141e+07
36  3  9.63834e+07
36  4  2.29314e+08
36  5  2.05315e+08
36  6  1.68348e+08
36  7  1.65956e+08
36  8  2.03764e+08
36  9  2.19977e+08
36  10  1.87094e+08
36  11  1.99941e+08
36  12  2.26723e+08
36  13  3.23357e+08
36  14  4.55736e+08
36  15  7.9831e+08
36  16  9.67425e+08
36  17  1.03887e+09
36  18  1.16196e+09
36  19  1.5292e+09
36  20  1.50847e+09
36  21  1.97251e+09
36  22  2.46971e+09
36  23  2.78035e+09
36  24  2.93823e+09
36  25  2.61337e+09
36  26  2.82985e+09
36  27  2.737e+09
36  28  2.453e+09
36  29  3.20535e+09
36  30  2.80208e+09
36  31  3.1673e+09
36  32  3.16587e+09
36  33  2.8645e+09
36  34  2.81926e+09
36  35  2.88151e+09
36  36  2.84317e+09
36  37  2.6049e+09
36  38  2.45866e+09
36  39  2.68956e+09
36  40  2.62253e+09
36  41  2.13116e+09
36  42  2.29048e+09
36  43  2.63265e+09
36  44  3.77487e+09
36  45  3.61656e+09
36  46  3.88908e+09
36  47  4.21825e+09
36  48  3.97272e+09
36  49  3.35655e+09
36  50  3.61329e+09
37  0  1.21818e+08
37  1  1.24886e+08
37  2  1.4465e+08
37  3  1.9691e+08
37  4  3.12591e+08
37  5  2.19062e+08
37  6  1.38745e+08
37  7  1.61863e+08
37  8  2.12209e+08
37  9  2.00087e+08
37  10  1.65833e+08
37  11  1.83537e+08
37  12  2.45179e+08
37  13  3.08257e+08
37  14  3.87222e+08
37  15  7.89795e+08
37  16  8.53803e+08
37  17  1.04466e+09
37  18  9.9963e+08
37  19  1.2672e+09
37  20  1.38404e+09
37  21  1.84586e+09
37  22  2.54102e+09
37  23  2.89743e+09
37  24  2.88093e+09
37  25  2.57135e+09
37  26  2.85091e+09
37  27  2.84081e+09
37  28  2.76235e+09
37  29  2.77386e+09
37  30  2.69496e+09
37  31  3.00894e+09
37  32  3.00237e+09
37  33  3.20365e+09
37  34  3.13189e+09
37  35  3.10394e+09
37  36  2.76745e+09
37  37  2.66992e+09
37  38  2.50757e+09
37  39  2.6652e+09
37  40  2.61162e+09
37  41  2.32036e+09
37  42  2.27427e+09
37  43  3.11847e+09
37  44  3.33176e+09
37  45  3.93176e+09
37  46  4.38491e+09
37  47  4.39131e+09
37  48  4.06567e+09
37  49  3.57569e+09
37  50  3.48355e+09
38  0  8.94974e+07
38  1  9.80455e+07
38  2  1.4406e+08
38  3  2.52473e+08
38  4  3.88742e+08
38  5  2.25671e+08
38  6  1.55862e+08
38  7  1.54632e+08
38  8  2.12281e+08
38  9  1.7452e+08
38  10  1.94257e+08
38  11  2.28356e+08
38  12  2.19923e+08
38  13  2.29609e+08
38  14  3.8625e+08
38  15  7.03934e+08
38  16  8.44255e+08
38  17  1.08002e+09
38  18  1.03457e+09
38  19  1.1207e+09
38  20  1.17702e+09
38  21  1.71657e+09
38  22  2.28025e+09
38  23  2.28701e+09
38  24  2.68508e+09
38  25  2.31521e+09
38  26  2.86548e+09
38  27  2.69649e+09
38  28  2.7528e+09
38  29  2.65936e+09
38  30  2.31655e+09
38  31  3.00264e+09
38  32  3.23284e+09
38  33  2.73319e+09
38  34  3.39017e+09
38  35  3.17007e+09
38  36  3.07509e+09
38  37  2.80664e+09
38  38  2.72013e+09
38  39  2.97642e+09
38  40  2.57557e+09
38  41  2.16347e+09
38  42  2.56834e+09
38  43  3.21085e+09
38  44  3.09417e+09
38  45  3.71975e+09
38  46  3.68009e+09
38  47  4.50829e+09
38  48  4.20277e+09
38  49  3.59837e+09
38  50  3.31584e+09
39  0  9.36374e+07
39  1  8.31963e+07
39  2  1.74764e+08
39  3  2.27034e+08
39  4  5.00628e+08
39  5  3.32734e+08
39  6  2.04496e+08
39  7  1.8022e+08
39  8  2.14057e+08
39  9  1.32135e+08
39  10  1.64255e+08
39  11  1.71002e+08
39  12  2.18594e+08
39  13  2.21693e+08
39  14  3.58729e+08
39  15  6.07978e+08
39  16  7.85996e+08
39  17  8.27804e+08
39  18  8.99288e+08
39  19  9.98929e+08
39  20  9.85589e+08
39  21  1.45525e+09
39  22  2.39981e+09
39  23  2.22861e+09
39  24  2.31414e+09
39  25  2.82246e+09
39  26  2.64546e+09
39  27  2.53438e+09
39  28  2.56546e+09
39  29  2.85235e+09
39  30  2.54546e+09
39  31  2.99578e+09
39  32  3.37239e+09
39  33  2.79457e+09
39  34  3.50286e+09
39  35  2.79291e+09
39  36  2.95219e+09
39  37  2.70355e+09
39  38  2.81723e+09
39  39  2.62947e+09
39  40  2.64077e+09
39  41  2.47439e+09
39  42  2.77853e+09
39  43  2.9772e+09
39  44  3.48142e+09
39  45  3.82435e+09
39  46  3.96747e+09
39  47  4.27978e+09
39  48  4.30213e+09
39  49  3.71627e+09
39  50  3.52976e+09
40  0  1.12768e+08
40  1  9.30512e+07
40  2  1.49896e+08
40  3  2.47384e+08
40  4  6.53733e+08
40  5  3.33244e+08
40  6  1.65926e+08
40  7  1.65629e+08
40  8  2.25063e+08
40  9  1.55929e+08
40  10  1.49648e+08
40  11  1.82067e+08
40  12  1.69568e+08
40  13  2.07309e+08
40  14  2.85864e+08
40  15  5.63403e+08
40  16  7.05033e+08
40  17  7.42874e+08
40  18  8.15151e+08
40  19  9.56622e+08
40  20  1.11567e+09
40  21  1.31327e+09
40  22  2.08067e+09
40  23  2.32203e+09
40  24  2.63245e+09
40  25  2.40429e+09
40  26  2.85064e+09
40  27  2.784e+09
40  28  2.54148e+09
40  29  2.97426e+09
40  30  3.02151e+09
40  31  3.14772e+09
40  32  3.61665e+09
40  33  3.08256e+09
40  34  2.94563e+09
40  35  3.05669e+09
40  36  2.91289e+09
40  37  2.52642e+09
40  38  2.42397e+09
40  39  2.80195e+09
40  40  2.53343e+09
40  41  2.31073e+09
40  42  2.6016e+09
40  43  3.00293e+09
40  44  3.16445e+09
40  45  3.38319e+09
40  46  4.18977e+09
40  47  4.39608e+09
40  48  3.55316e+09
40  49  3.41792e+09
40  50  3.49701e+09
41  0  9.11436e+07
41  1  1.10931e+08
41  2  1.82734e+08
41  3  2.7598e+08
41  4  8.30566e+08
41  5  3.95666e+08
41  6  1.5354e+08
41  7  1.88326e+08
41  8  1.97638e+08
41  9  1.32406e+08
41  10  1.268e+08
41  11  1.79276e+08
41  12  1.87468e+08
41  13  2.0589e+08
41  14  2.812e+08
41  15  4.90425e+08
41  16  6.48588e+08
41  17  6.89637e+08
41  18  7.24984e+08
41  19  8.15556e+08
41  20  9.74451e+08
41  21  1.28898e+09
41  22  1.6566e+09
41  23  2.15093e+09
41  24  2.32884e+09
41  25  2.58509e+09
41  26  2.9156e+09
41  27  2.57391e+09
41  28  2.48297e+09
41  29  2.93019e+09
41  30  2.82404e+09
41  31  3.22611e+09
41  32  3.6554e+09
41  33  3.1671e+09
41  34  3.07136e+09
41  35  3.05361e+09
41  36  2.73761e+09
41  37  2.85926e+09
41  38  2.80253e+09
41  39  2.63976e+09
41  40  2.91736e+09
41  41  2.47092e+09
41  42  2.9392e+09
41  43  3.76789e+09
41  44  3.47476e+09
41  45  4.05882e+09
41  46  3.96934e+09
41  47  3.87299e+09
41  48  4.09797e+09
41  49  3.79578e+09
41  50  3.97068e+09
42  0  8.29317e+07
42  1  1.21062e+08
42  2  1.65274e+08
42  3  2.55058e+08
42  4  9.10609e+08
42  5  6.26144e+08
42  6  2.15268e+08
42  7  2.34785e+08
42  8  1.53582e+08
42  9  1.7916e+08
42  10  1.24251e+08
42  11  1.4206e+08
42  12  1.29332e+08
42  13  1.65261e+08
42  14  2.32452e+08
42  15  4.17224e+08
42  16  5.02137e+08
42  17  6.44178e+08
42  18  6.35124e+08
42  19  6.943e+08
42  20  6.91692e+08
42  21  1.03524e+09
42  22  1.50906e+09
42  23  1.85019e+09
42  24  2.18639e+09
42  25  2.25945e+09
42  26  2.427e+09
42  27  2.67882e+09
42  28  2.2995e+09
42  29  2.62566e+09
42  30  2.96027e+09
42  31  3.00426e+09
42  32  3.63947e+09
42  33  3.36136e+09
42  34  3.29632e+09
42  35  2.99296e+09
42  36  2.92892e+09
42  37  2.65411e+09
42  38  2.57228e+09
42  39  2.68291e+09
42  40  2.81555e+09
42  41  2.68647e+09
42  42  3.07645e+09
42  43  3.29286e+09
42  44  3.58548e+09
42  45  3.76714e+09
42  46  4.08142e+09
42  47  4.35377e+09
42  48  3.99521e+09
42  49  3.97331e+09
42  50  3.99775e+09
43  0  1.29694e+08
43  1  1.36731e+08
43  2  1.68582e+08
43  3  3.47353e+08
43  4  1.20894e+09
43  5  5.03783e+08
43  6  2.464e+08
43  7  1.80056e+08
43  8  1.90735e+08
43  9  1.47958e+08
43  10  1.02815e+08
43  11  1.26591e+08
43  12  1.75472e+08
43  13  1.80882e+08
43  14  2.15151e+08
43  15  3.57363e+08
43  16  5.41625e+08
43  17  5.50911e+08
43  18  5.5526e+08
43  19  6.35976e+08
43  20  6.62717e+08
43  21  1.11603e+09
43  22  1.31313e+09
43  23  1.67961e+09
43  24  2.00602e+09
43  25  2.02409e+09
43  26  2.27817e+09
43  27  2.43705e+09
43  28  2.81701e+09
43  29  2.79159e+09
43  30  2.79802e+09
43  31  3.13273e+09
43  32  3.27807e+09
43  33  3.45485e+09
43  34  3.29097e+09
43  35  2.84685e+09
43  36  2.77328e+09
43  37  2.72962e+09
43  38  2.66198e+09
43  39  2.72753e+09
43  40  2.58302e+09
43  41  2.25188e+09
43  42  2.93349e+09
43  43  3.12254e+09
43  44  3.52314e+09
43  45  3.9926e+09
43  46  4.31795e+09
43  47  3.96864e+09
43  48  3.91908e+09
43  49  3.96026e+09
43  50  4.40629e+09
44  0  1.37918e+08
44  1  1.31049e+08
44  2  1.7632e+08
44  3  3.1644e+08
44  4  1.08898e+09
44  5  6.64702e+08
44  6  2.5125e+08
44  7  2.11883e+08
44  8  1.61904e+08
44  9  1.58621e+08
44  10  8.60463e+07
44  11  1.45438e+08
44  12  1.51527e+08
44  13  1.53906e+08
44  14  1.58489e+08
44  15  3.12153e+08
44  16  4.24306e+08
44  17  5.91764e+08
44  18  4.6816e+08
44  19  5.11675e+08
44  20  6.25145e+08
44  21  8.31685e+08
44  22  1.02269e+09
44  23  1.35222e+09
44  24  1.55288e+09
44  25  1.9427e+09
44  26  2.19489e+09
44  27  2.23397e+09
44  28  2.13829e+09
44  29  2.4258e+09
44  30  2.70971e+09
44  31  3.18167e+09
44  32  3.48048e+09
44  33  3.53223e+09
44  34  3.09214e+09
44  35  3.27975e+09
44  36  2.74135e+09
44  37  2.46748e+09
44  38  2.84702e+09
44  39  2.89522e+09
44  40  2.58405e+09
44  41  2.58034e+09
44  42  3.09496e+09
44  43  3.57217e+09
44  44  3.23802e+09
44  45  4.32573e+09
44  46  4.28162e+09
44  47  4.07977e+09
44  48  4.20501e+09
44  49  3.87747e+09
44  50  4.57667e+09
45  0  1.54499e+08
45  1  1.68348e+08
45  2  1.7316e+08
45  3  2.45164e+08
45  4  6.82754e+08
45  5  5.21609e+08
45  6  2.16193e+08
45  7  1.67769e+08
45  8  1.86866e+08
45  9  1.24745e+08
45  10  1.58517e+08
45  11  1.68706e+08
45  12  2.15387e+08
45  13  1.16848e+08
45  14  1.77837e+08
45  15  2.60931e+08
45  16  4.9749e+08
45  17  4.93694e+08
45  18  4.67031e+08
45  19  5.04847e+08
45  20  5.52741e+08
45  21  7.46211e+08
45  22  9.63542e+08
45  23  1.20711e+09
45  24  1.47442e+09
45  25  1.47214e+09
45  26  1.83237e+09
45  27  1.94672e+09
45  28  1.90031e+09
45  29  2.50233e+09
45  30  2.92128e+09
45  31  3.22333e+09
45  32  3.38934e+09
45  33  3.15478e+09
45  34  2.87904e+09
45  35  2.49383e+09
45  36  2.73187e+09
45  37  2.91685e+09
45  38  2.90921e+09
45  39  2.61787e+09
45  40  2.49139e+09
45  41  2.98323e+09
45  42  3.52705e+09
45  43  3.43082e+09
45  44  3.62236e+09
45  45  3.96554e+09
45  46  3.91511e+09
45  47  4.04328e+09
45  48  4.15252e+09
45  49  4.17504e+09
45  50  4.08516e+09
46  0  1.30078e+08
46  1  1.44489e+08
46  2  1.50113e+08
46  3  2.29492e+08
46  4  5.86263e+08
46  5  3.71175e+08
46  6  2.12939e+08
46  7  1.5542e+08
46  8  1.72336e+08
46  9  1.28389e+08
46  10  1.17908e+08
46  11  1.24338e+08
46  12  1.12073e+08
46  13  1.29796e+08
46  14  1.55078e+08
46  15  2.30282e+08
46  16  3.27837e+08
46  17  3.78167e+08
46  18  3.86517e+08
46  19  3.85553e+08
46  20  4.87144e+08
46  21  6.20318e+08
46  22  8.71182e+08
46  23  1.01642e+09
46  24  1.16472e+09
46  25  1.32095e+09
46  26  1.65562e+09
46  27  1.82983e+09
46  28  1.95819e+09
46  29  2.16764e+09
46  30  2.6904e+09
46  31  3.59136e+09
46  32  3.16715e+09
46  33  3.17251e+09
46  34  3.09298e+09
46  35  2.68692e+09
46  36  2.64299e+09
46  37  2.64169e+09
46  38  2.72486e+09
46  39  2.66607e+09
46  40  2.80827e+09
46  41  2.73721e+09
46  42  3.48737e+09
46  43  3.62327e+09
46  44  2.92019e+09
46  45  3.58257e+09
46  46  3.62992e+09
46  47  3.76338e+09
46  48  4.01076e+09
46  49  4.17073e+09
46  50  4.13127e+09
47  0  1.20883e+08
47  1  1.183e+08
47  2  1.42827e+08
47  3  2.41515e+08
47  4  5.34112e+08
47  5  3.22949e+08
47  6  1.54811e+08
47  7  1.38141e+08
47  8  1.28741e+08
47  9  1.01174e+08
47  10  1.1742e+08
47  11  1.03248e+08
47  12  1.30718e+08
47  13  1.50746e+08
47  14  1.74772e+08
47  15  1.92103e+08
47  16  3.36955e+08
47  17  3.62893e+08
47  18  3.47561e+08
47  19  3.50881e+08
47  20  3.63122e+08
47  21  5.43359e+08
47  22  8.02259e+08
47  23  9.2536e+08
47  24  1.07883e+09
47  25  1.16262e+09
47  26  1.43334e+09
47  27  1.77732e+09
47  28  1.77222e+09
47  29  2.0678e+09
47  30  2.85179e+09
47  31  2.86698e+09
47  32  3.05413e+09
47  33  2.99488e+09
47  34  2.69844e+09
47  35  2.59417e+09
47  36  2.64378e+09
47  37  2.61298e+09
47  38  2.47856e+09
47  39  2.71607e+09
47  40  2.53954e+09
47  41  2.4639e+09
47  42  3.25105e+09
47  43  2.97904e+09
47  44  3.22301e+09
47  45  3.69068e+09
47  46  3.4563e+09
47  47  3.89549e+09
47  48  4.70695e+09
47  49  3.98977e+09
47  50  3.78215e+09
48  0  1.07461e+08
48  1  1.19047e+08
48  2  1.22706e+08
48  3  1.82061e+08
48  4  4.8778e+08
48  5  2.67683e+08
48  6  1.82485e+08
48  7  1.66509e+08
48  8  1.32948e+08
48  9  1.07222e+08
48  10  1.30397e+08
48  11  1.0377e+08
48  12  1.00702e+08
48  13  1.20882e+08
48  14  1.51817e+08
48  15  2.33498e+08
48  16  2.46655e+08
48  17  2.98292e+08
48  18  3.08196e+08
48  19  2.79596e+08
48  20  3.26893e+08
48  21  4.12912e+08
48  22  5.95574e+08
48  23  8.01899e+08
48  24  8.08576e+08
48  25  9.3074e+08
48  26  1.1086e+09
48  27  1.23814e+09
48  28  1.50767e+09
48  29  1.82791e+09
48  30  2.49649e+09
48  31  2.91391e+09
48  32  2.83277e+09
48  33  2.72768e+09
48  34  2.58437e+09
48  35  2.43189e+09
48  36  2.50234e+09
48  37  2.44407e+09
48  38  2.51879e+09
48  39  2.14419e+09
48  40  2.21425e+09
48  41  2.41565e+09
48  42  2.97651e+09
48  43  2.89531e+09
48  44  3.0662e+09
48  45  3.4491e+09
48  46  3.3265e+09
48  47  3.19516e+09
48  48  3.97085e+09
48  49  3.90363e+09
48  50  4.12771e+09
49  0  9.80273e+07
49  1  1.02434e+08
49  2  1.68949e+08
49  3  1.92776e+08
49  4  3.72158e+08
49  5  2.81643e+08
49  6  1.5794e+08
49  7  1.60952e+08
49  8  1.26884e+08
49  9  1.18289e+08
49  10  7.10801e+07
49  11  6.30346e+07
49  12  6.0647e+07
49  13  1.18575e+08
49  14  1.31018e+08
49  15  1.36212e+08
49  16  1.9398e+08
49  17  2.81134e+08
49  18  2.34541e+08
49  19  2.17235e+08
49  20  3.41503e+08
49  21  3.18149e+08
49  22  4.79787e+08
49  23  5.2919e+08
49  24  7.68801e+08
49  25  8.43982e+08
49  26  1.06946e+09
49  27  1.17411e+09
49  28  1.33822e+09
49  29  1.58562e+09
49  30  2.06091e+09
49  31  2.69551e+09
49  32  2.80294e+09
49  33  2.76517e+09
49  34  2.30573e+09
49  35  2.58124e+09
49  36  1.9997e+09
49  37  2.34655e+09
49  38  2.15145e+09
49  39  1.95863e+09
49  40  1.96823e+09
49  41  2.08559e+09
49  42  2.55156e+09
49  43  2.82176e+09
49  44  2.49952e+09
49  45  2.84513e+09
49  46  2.90098e+09
49  47  2.94012e+09
49  48  3.13209e+09
49  49  3.77235e+09
49  50  4.50117e+09
50  0  7.13283e+07
50  1  8.93572e+07
50  2  1.11054e+08
50  3  2.05683e+08
50  4  3.75604e+08
50  5  3.15888e+08
50  6  1.50691e+08
50  7  1.5131e+08
50  8  1.16468e+08
50  9  1.16365e+08
50  10  8.06287e+07
50  11  1.03319e+08
50  12  8.4614e+07
50  13  7.51214e+07
50  14  1.1121e+08
50  15  1.66146e+08
50  16  2.00526e+08
50  17  2.13625e+08
50  18  2.34165e+08
50  19  2.35624e+08
50  20  2.54761e+08
50  21  2.71063e+08
50  22  4.0209e+08
50  23  4.92492e+08
50  24  7.23703e+08
50  25  6.06526e+08
50  26  7.35883e+08
50  27  9.13267e+08
50  28  1.08594e+09
50  29  1.21647e+09
50  30  1.74889e+09
50  31  1.95002e+09
50  32  2.13366e+09
50  33  2.53611e+09
50  34  2.1465e+09
50  35  1.96203e+09
50  36  1.94529e+09
50  37  2.04309e+09
50  38  1.98245e+09
50  39  1.5542e+09
50  40  1.62071e+09
50  41  1.77246e+09
50  42  1.96421e+09
50  43  2.14927e+09
50  44  2.1906e+09
50  45  2.44464e+09
50  46  2.51142e+09
50  47  2.68319e+09
50  48  3.30641e+09
50  49  3.16684e+09
50  50  3.72758e+09

