row  column  (images_33.edf Zn-K*images_33.edf Ar-K**2.3)
0  0  3.09348e+06
0  1  0
0  2  0
0  3  1.35512e+07
0  4  0
0  5  0
0  6  2.20149e+07
0  7  3.92551e+07
0  8  4.35356e+07
0  9  3.30406e+07
0  10  3.60972e+07
0  11  5.3228e+07
0  12  2.13047e+07
0  13  6.28576e+07
0  14  3.47596e+07
0  15  2.87887e+07
0  16  3.51995e+07
0  17  6.30124e+07
0  18  3.53914e+07
0  19  6.47653e+07
0  20  3.64273e+07
0  21  4.74917e+07
0  22  7.16949e+07
0  23  5.90043e+07
0  24  3.88262e+07
0  25  5.44323e+07
0  26  5.34667e+07
0  27  2.60847e+07
0  28  1.49583e+07
0  29  4.80052e+07
0  30  3.44185e+07
0  31  7.65843e+07
0  32  7.6152e+07
0  33  9.96299e+07
0  34  8.3303e+07
0  35  8.30907e+07
0  36  6.65138e+07
0  37  8.53623e+07
0  38  8.6032e+07
0  39  7.57542e+07
0  40  6.7785e+07
0  41  1.0858e+08
0  42  1.14663e+08
0  43  1.03636e+08
0  44  1.52691e+08
0  45  1.36113e+08
0  46  1.58081e+08
0  47  9.21641e+07
0  48  5.04557e+07
0  49  8.95834e+07
0  50  6.77185e+07
1  0  0
1  1  0
1  2  0
1  3  6.80931e+06
1  4  0
1  5  5.64344e+06
1  6  570270
1  7  2.83402e+07
1  8  6.82633e+07
1  9  4.94406e+07
1  10  3.28587e+07
1  11  4.24514e+07
1  12  2.61612e+07
1  13  4.3432e+07
1  14  1.99261e+07
1  15  4.12849e+07
1  16  6.55275e+07
1  17  7.19397e+07
1  18  9.60514e+07
1  19  6.07427e+07
1  20  5.01339e+07
1  21  5.95889e+07
1  22  7.39366e+07
1  23  6.9258e+07
1  24  8.50721e+07
1  25  8.36914e+07
1  26  2.42094e+07
1  27  1.25054e+07
1  28  7.03081e+07
1  29  4.04315e+07
1  30  6.17914e+07
1  31  9.8503e+07
1  32  8.81023e+07
1  33  7.67126e+07
1  34  7.39407e+07
1  35  6.47479e+07
1  36  9.41453e+07
1  37  6.10469e+07
1  38  9.02402e+07
1  39  8.40025e+07
1  40  8.32324e+07
1  41  8.29029e+07
1  42  9.76145e+07
1  43  1.20308e+08
1  44  1.47332e+08
1  45  1.28295e+08
1  46  1.39929e+08
1  47  8.874e+07
1  48  7.54575e+07
1  49  1.54399e+08
1  50  6.20247e+07
2  0  4.03235e+06
2  1  3.49743e+06
2  2  0
2  3  3.2488e+06
2  4  0
2  5  6.65375e+06
2  6  4.71927e+07
2  7  3.71569e+07
2  8  6.91479e+07
2  9  3.0004e+07
2  10  1.93931e+07
2  11  4.34735e+07
2  12  1.19889e+07
2  13  3.35057e+07
2  14  3.49964e+07
2  15  2.99579e+07
2  16  5.22007e+07
2  17  4.5566e+07
2  18  5.62261e+07
2  19  5.65488e+07
2  20  8.09916e+07
2  21  7.29245e+07
2  22  9.83083e+07
2  23  5.45625e+07
2  24  6.96992e+07
2  25  7.32576e+07
2  26  2.69163e+07
2  27  8.18231e+07
2  28  9.41388e+07
2  29  5.2578e+07
2  30  1.00403e+08
2  31  9.41318e+07
2  32  1.18445e+08
2  33  1.06367e+08
2  34  4.8877e+07
2  35  1.01392e+08
2  36  7.85717e+07
2  37  1.08661e+08
2  38  7.61092e+07
2  39  8.09055e+07
2  40  7.04196e+07
2  41  1.10416e+08
2  42  1.18917e+08
2  43  9.01793e+07
2  44  1.13427e+08
2  45  1.37439e+08
2  46  1.79591e+08
2  47  9.50006e+07
2  48  7.87277e+07
2  49  1.23653e+08
2  50  1.06682e+08
3  0  0
3  1  0
3  2  0
3  3  1.35853e+07
3  4  8.49128e+06
3  5  2.96986e+07
3  6  3.64252e+07
3  7  3.5262e+07
3  8  7.3197e+07
3  9  3.8142e+07
3  10  4.97226e+07
3  11  5.96285e+07
3  12  5.69582e+07
3  13  1.0269e+08
3  14  7.40374e+06
3  15  4.20958e+07
3  16  5.43429e+07
3  17  7.58932e+07
3  18  6.18413e+07
3  19  5.3029e+07
3  20  1.06214e+08
3  21  7.88523e+07
3  22  9.77349e+07
3  23  1.03242e+08
3  24  5.06108e+07
3  25  6.22795e+07
3  26  3.49625e+07
3  27  6.32648e+07
3  28  8.72956e+07
3  29  1.12925e+08
3  30  1.07412e+08
3  31  1.56609e+08
3  32  1.18674e+08
3  33  1.35486e+08
3  34  9.62202e+07
3  35  8.96841e+07
3  36  9.82045e+07
3  37  1.12004e+08
3  38  1.03271e+08
3  39  9.72153e+07
3  40  9.42204e+07
3  41  8.63107e+07
3  42  7.71449e+07
3  43  1.0051e+08
3  44  9.82758e+07
3  45  1.15216e+08
3  46  1.41077e+08
3  47  9.36182e+07
3  48  9.3041e+07
3  49  1.55524e+08
3  50  9.51387e+07
4  0  0
4  1  0
4  2  829822
4  3  9.13637e+06
4  4  0
4  5  1.32665e+07
4  6  2.88755e+07
4  7  5.17813e+07
4  8  8.8006e+07
4  9  4.3277e+07
4  10  1.99121e+07
4  11  3.37208e+07
4  12  5.39415e+06
4  13  2.13455e+07
4  14  177628
4  15  3.04864e+07
4  16  8.50222e+07
4  17  6.99694e+07
4  18  9.87441e+07
4  19  7.83406e+07
4  20  1.29277e+08
4  21  7.51603e+07
4  22  1.15863e+08
4  23  8.86868e+07
4  24  7.0174e+07
4  25  8.70469e+07
4  26  3.96337e+07
4  27  7.80984e+07
4  28  8.82524e+07
4  29  8.38956e+07
4  30  8.55325e+07
4  31  1.41374e+08
4  32  1.2422e+08
4  33  1.38505e+08
4  34  9.30047e+07
4  35  6.82346e+07
4  36  8.4464e+07
4  37  6.26217e+07
4  38  8.86386e+07
4  39  7.93164e+07
4  40  8.45248e+07
4  41  6.74219e+07
4  42  9.05869e+07
4  43  7.93645e+07
4  44  1.06798e+08
4  45  1.48899e+08
4  46  1.59801e+08
4  47  1.27416e+08
4  48  1.24679e+08
4  49  1.54379e+08
4  50  6.54131e+07
5  0  0
5  1  2.4389e+06
5  2  3.32326e+07
5  3  0
5  4  2.78869e+07
5  5  6.83226e+06
5  6  3.75705e+07
5  7  5.85695e+07
5  8  6.08905e+07
5  9  7.16365e+07
5  10  3.85077e+07
5  11  5.45696e+07
5  12  2.36487e+07
5  13  4.40367e+07
5  14  2.87082e+07
5  15  4.1163e+06
5  16  8.73208e+07
5  17  8.29199e+07
5  18  6.84806e+07
5  19  7.83685e+07
5  20  8.82125e+07
5  21  7.52056e+07
5  22  1.15935e+08
5  23  1.15159e+08
5  24  3.92611e+07
5  25  9.5877e+07
5  26  6.284e+07
5  27  8.53282e+07
5  28  9.99468e+07
5  29  8.5489e+07
5  30  1.00119e+08
5  31  1.64665e+08
5  32  1.32188e+08
5  33  1.17532e+08
5  34  8.49846e+07
5  35  8.49718e+07
5  36  9.87912e+07
5  37  9.61676e+07
5  38  7.79213e+07
5  39  6.44664e+07
5  40  1.10762e+08
5  41  9.28242e+07
5  42  7.48172e+07
5  43  1.10103e+08
5  44  1.17215e+08
5  45  1.4901e+08
5  46  1.67605e+08
5  47  1.53192e+08
5  48  1.21971e+08
5  49  1.2687e+08
5  50  1.02402e+08
6  0  0
6  1  2.16611e+06
6  2  1.1655e+07
6  3  7.27653e+06
6  4  8.38801e+06
6  5  3.99855e+07
6  6  4.71832e+07
6  7  6.85563e+07
6  8  8.97533e+07
6  9  8.64347e+07
6  10  3.23714e+07
6  11  5.72566e+07
6  12  3.93733e+07
6  13  6.95831e+07
6  14  2.01906e+07
6  15  3.53274e+07
6  16  7.95468e+07
6  17  7.4975e+07
6  18  7.28798e+07
6  19  1.01905e+08
6  20  1.17255e+08
6  21  9.66896e+07
6  22  1.01892e+08
6  23  1.01713e+08
6  24  5.25659e+07
6  25  1.00969e+08
6  26  8.07784e+07
6  27  8.27597e+07
6  28  1.11375e+08
6  29  6.68095e+07
6  30  1.34173e+08
6  31  1.21916e+08
6  32  1.33397e+08
6  33  1.17056e+08
6  34  1.23477e+08
6  35  1.02678e+08
6  36  8.9852e+07
6  37  6.96721e+07
6  38  1.13849e+08
6  39  8.86034e+07
6  40  7.90583e+07
6  41  8.10565e+07
6  42  7.40735e+07
6  43  1.00173e+08
6  44  9.92256e+07
6  45  1.40014e+08
6  46  1.42211e+08
6  47  1.41881e+08
6  48  1.09432e+08
6  49  9.08382e+07
6  50  9.58664e+07
7  0  1.43949e+07
7  1  0
7  2  0
7  3  1.68169e+06
7  4  0
7  5  4.71893e+07
7  6  5.92929e+07
7  7  4.48084e+07
7  8  5.52793e+07
7  9  5.83842e+07
7  10  1.15517e+07
7  11  4.76599e+07
7  12  4.15157e+07
7  13  9.19044e+07
7  14  4.04332e+07
7  15  2.68737e+07
7  16  5.55284e+07
7  17  6.28236e+07
7  18  8.35162e+07
7  19  8.96763e+07
7  20  1.20671e+08
7  21  7.40116e+07
7  22  1.17448e+08
7  23  8.70948e+07
7  24  8.06866e+07
7  25  8.69183e+07
7  26  6.49963e+07
7  27  7.91192e+07
7  28  9.82106e+07
7  29  6.85219e+07
7  30  1.34163e+08
7  31  1.74926e+08
7  32  1.03777e+08
7  33  1.24531e+08
7  34  1.02244e+08
7  35  1.34825e+08
7  36  6.07255e+07
7  37  1.02834e+08
7  38  1.21689e+08
7  39  9.62434e+07
7  40  8.42974e+07
7  41  6.12726e+07
7  42  9.30478e+07
7  43  1.19864e+08
7  44  1.16255e+08
7  45  1.5671e+08
7  46  1.68276e+08
7  47  1.37754e+08
7  48  1.12772e+08
7  49  9.39495e+07
7  50  7.02279e+07
8  0  6.80888e+06
8  1  7.32813e+06
8  2  784841
8  3  0
8  4  1.23175e+07
8  5  1.89407e+07
8  6  5.74671e+07
8  7  3.57315e+07
8  8  8.21977e+07
8  9  7.42455e+07
8  10  2.88698e+07
8  11  5.32585e+07
8  12  2.61698e+07
8  13  1.05909e+08
8  14  2.57792e+07
8  15  4.75437e+07
8  16  4.38724e+07
8  17  4.79921e+07
8  18  7.80361e+07
8  19  9.89997e+07
8  20  1.11514e+08
8  21  7.73825e+07
8  22  9.1702e+07
8  23  1.07528e+08
8  24  4.60766e+07
8  25  9.52344e+07
8  26  8.73478e+07
8  27  7.04375e+07
8  28  1.00936e+08
8  29  6.5061e+07
8  30  1.75782e+08
8  31  1.66593e+08
8  32  1.47969e+08
8  33  9.83668e+07
8  34  1.27307e+08
8  35  1.05492e+08
8  36  8.84764e+07
8  37  1.1954e+08
8  38  1.32981e+08
8  39  9.54354e+07
8  40  7.72598e+07
8  41  7.66191e+07
8  42  9.26981e+07
8  43  1.41047e+08
8  44  1.28781e+08
8  45  1.83902e+08
8  46  1.78892e+08
8  47  1.57777e+08
8  48  1.29878e+08
8  49  6.63469e+07
8  50  7.84554e+07
9  0  1.31195e+07
9  1  0
9  2  330362
9  3  0
9  4  9.74999e+06
9  5  5.72018e+07
9  6  3.00406e+07
9  7  2.04914e+07
9  8  8.0514e+07
9  9  6.96222e+07
9  10  3.91098e+07
9  11  5.51417e+07
9  12  5.38421e+07
9  13  1.08624e+08
9  14  2.18523e+07
9  15  4.51103e+07
9  16  5.31367e+07
9  17  7.06907e+07
9  18  8.16331e+07
9  19  1.13222e+08
9  20  1.37684e+08
9  21  9.33915e+07
9  22  1.25384e+08
9  23  9.04353e+07
9  24  7.49609e+07
9  25  9.06614e+07
9  26  9.36882e+07
9  27  9.28438e+07
9  28  7.04796e+07
9  29  8.47642e+07
9  30  1.03156e+08
9  31  1.15858e+08
9  32  1.62228e+08
9  33  8.95022e+07
9  34  1.18883e+08
9  35  1.21675e+08
9  36  8.70878e+07
9  37  8.68459e+07
9  38  1.18347e+08
9  39  1.23686e+08
9  40  9.67485e+07
9  41  1.08555e+08
9  42  1.06266e+08
9  43  1.51656e+08
9  44  1.71458e+08
9  45  1.89265e+08
9  46  1.68101e+08
9  47  1.72483e+08
9  48  1.48232e+08
9  49  8.38621e+07
9  50  8.64072e+07
10  0  1.68948e+07
10  1  0
10  2  5.73458e+06
10  3  0
10  4  1.03964e+07
10  5  4.31446e+07
10  6  4.02575e+07
10  7  5.28172e+07
10  8  6.82476e+07
10  9  5.86523e+07
10  10  3.83815e+07
10  11  7.55515e+07
10  12  1.66058e+07
10  13  1.04935e+08
10  14  2.3223e+07
10  15  2.24468e+07
10  16  4.2704e+07
10  17  7.98065e+07
10  18  7.07694e+07
10  19  1.10025e+08
10  20  1.07639e+08
10  21  1.08777e+08
10  22  9.89714e+07
10  23  5.2219e+07
10  24  9.84721e+07
10  25  1.09901e+08
10  26  1.22074e+08
10  27  5.56519e+07
10  28  4.94779e+07
10  29  9.48619e+07
10  30  1.41811e+08
10  31  1.73075e+08
10  32  1.33828e+08
10  33  9.98666e+07
10  34  8.76805e+07
10  35  1.196e+08
10  36  1.38711e+08
10  37  8.78746e+07
10  38  9.96992e+07
10  39  1.36284e+08
10  40  7.66526e+07
10  41  1.20094e+08
10  42  1.21565e+08
10  43  1.46033e+08
10  44  1.74617e+08
10  45  2.42203e+08
10  46  1.89387e+08
10  47  1.87165e+08
10  48  1.42491e+08
10  49  8.77027e+07
10  50  1.15457e+08
11  0  0
11  1  1.09788e+07
11  2  0
11  3  0
11  4  1.16247e+07
11  5  3.84304e+07
11  6  3.31143e+07
11  7  5.1847e+07
11  8  4.91339e+07
11  9  6.13902e+07
11  10  4.67591e+07
11  11  5.66073e+07
11  12  2.20194e+07
11  13  3.53157e+07
11  14  2.45103e+07
11  15  1.9687e+07
11  16  3.56117e+07
11  17  3.44917e+07
11  18  7.62183e+07
11  19  9.74999e+07
11  20  9.84109e+07
11  21  1.13503e+08
11  22  7.95194e+07
11  23  6.2957e+07
11  24  8.46827e+07
11  25  8.19328e+07
11  26  9.92869e+07
11  27  5.73814e+07
11  28  7.74072e+07
11  29  7.07946e+07
11  30  1.33787e+08
11  31  1.59279e+08
11  32  1.40028e+08
11  33  1.02948e+08
11  34  1.11392e+08
11  35  1.18735e+08
11  36  1.07902e+08
11  37  1.23435e+08
11  38  1.20253e+08
11  39  1.31737e+08
11  40  9.85023e+07
11  41  1.36576e+08
11  42  1.44126e+08
11  43  1.96873e+08
11  44  2.1429e+08
11  45  2.23253e+08
11  46  1.34494e+08
11  47  1.95569e+08
11  48  1.26438e+08
11  49  1.26268e+08
11  50  1.51217e+08
12  0  0
12  1  0
12  2  1.27008e+06
12  3  501887
12  4  6.17396e+07
12  5  2.21478e+07
12  6  3.6142e+07
12  7  6.71701e+07
12  8  6.43391e+07
12  9  7.31317e+07
12  10  4.08408e+07
12  11  4.81109e+07
12  12  8.17381e+06
12  13  4.5447e+07
12  14  0
12  15  2.37044e+07
12  16  2.85969e+07
12  17  5.14087e+07
12  18  7.6354e+07
12  19  8.83885e+07
12  20  1.06012e+08
12  21  7.50452e+07
12  22  7.79387e+07
12  23  9.03967e+07
12  24  6.37323e+07
12  25  1.05896e+08
12  26  1.09072e+08
12  27  1.11811e+08
12  28  5.62056e+07
12  29  8.14574e+07
12  30  1.66052e+08
12  31  1.42057e+08
12  32  1.2503e+08
12  33  1.38855e+08
12  34  1.3607e+08
12  35  1.22017e+08
12  36  1.14377e+08
12  37  9.50378e+07
12  38  1.18142e+08
12  39  1.62887e+08
12  40  1.23718e+08
12  41  1.3524e+08
12  42  1.37905e+08
12  43  1.90426e+08
12  44  2.29636e+08
12  45  1.8984e+08
12  46  1.42029e+08
12  47  1.77402e+08
12  48  1.46819e+08
12  49  1.41395e+08
12  50  1.63497e+08
13  0  0
13  1  0
13  2  0
13  3  0
13  4  3.91347e+07
13  5  1.77299e+07
13  6  1.73307e+07
13  7  7.45169e+07
13  8  7.21617e+07
13  9  5.66443e+07
13  10  3.07991e+07
13  11  3.12511e+07
13  12  1.37411e+07
13  13  3.37487e+07
13  14  1.65359e+07
13  15  1.81198e+07
13  16  3.12133e+07
13  17  4.92119e+07
13  18  8.19781e+07
13  19  8.80939e+07
13  20  9.90898e+07
13  21  7.26723e+07
13  22  1.08875e+08
13  23  7.62997e+07
13  24  6.30976e+07
13  25  9.02094e+07
13  26  1.02511e+08
13  27  1.0181e+08
13  28  7.37186e+07
13  29  1.06136e+08
13  30  1.67347e+08
13  31  1.26452e+08
13  32  1.24194e+08
13  33  1.23154e+08
13  34  1.07137e+08
13  35  1.52384e+08
13  36  1.28218e+08
13  37  1.05056e+08
13  38  1.07841e+08
13  39  1.2284e+08
13  40  1.35154e+08
13  41  1.57304e+08
13  42  1.20256e+08
13  43  2.72878e+08
13  44  2.27784e+08
13  45  1.65233e+08
13  46  1.90846e+08
13  47  2.04686e+08
13  48  1.79294e+08
13  49  2.19501e+08
13  50  1.80409e+08
14  0  0
14  1  0
14  2  0
14  3  1.59473e+06
14  4  6.95459e+06
14  5  0
14  6  2.63272e+07
14  7  2.4167e+07
14  8  9.03031e+07
14  9  7.28606e+07
14  10  3.27428e+07
14  11  4.36731e+07
14  12  1.36297e+07
14  13  8.46691e+06
14  14  2.32326e+07
14  15  3.08394e+07
14  16  2.26575e+07
14  17  7.19801e+07
14  18  4.30872e+07
14  19  7.87174e+07
14  20  8.27833e+07
14  21  6.78455e+07
14  22  9.73816e+07
14  23  9.94354e+07
14  24  1.00108e+08
14  25  8.05732e+07
14  26  9.3089e+07
14  27  8.73657e+07
14  28  5.78103e+07
14  29  9.04036e+07
14  30  1.92939e+08
14  31  1.60297e+08
14  32  1.14257e+08
14  33  1.29513e+08
14  34  1.20489e+08
14  35  1.39335e+08
14  36  1.42436e+08
14  37  1.37235e+08
14  38  1.47427e+08
14  39  1.37436e+08
14  40  1.6217e+08
14  41  2.10722e+08
14  42  1.50108e+08
14  43  2.08482e+08
14  44  2.77706e+08
14  45  1.9115e+08
14  46  1.32086e+08
14  47  1.59144e+08
14  48  2.34002e+08
14  49  1.95718e+08
14  50  2.30911e+08
15  0  0
15  1  0
15  2  976708
15  3  0
15  4  8.06192e+06
15  5  0
15  6  0
15  7  2.95525e+07
15  8  9.50428e+07
15  9  6.83352e+07
15  10  6.33629e+07
15  11  3.3571e+07
15  12  1.57307e+07
15  13  6.70508e+06
15  14  0
15  15  4.00324e+07
15  16  1.41836e+07
15  17  4.87419e+07
15  18  3.12181e+07
15  19  7.0276e+07
15  20  9.1236e+07
15  21  6.76917e+07
15  22  7.65742e+07
15  23  8.12216e+07
15  24  1.06719e+08
15  25  9.62011e+07
15  26  1.07943e+08
15  27  9.26465e+07
15  28  6.82575e+07
15  29  1.22176e+08
15  30  1.83189e+08
15  31  1.25759e+08
15  32  1.06363e+08
15  33  1.66505e+08
15  34  9.81725e+07
15  35  1.40541e+08
15  36  1.31257e+08
15  37  1.36021e+08
15  38  1.52422e+08
15  39  1.75251e+08
15  40  1.82489e+08
15  41  1.92898e+08
15  42  1.65227e+08
15  43  2.81733e+08
15  44  2.34899e+08
15  45  1.12576e+08
15  46  1.55059e+08
15  47  2.23063e+08
15  48  2.34208e+08
15  49  2.30292e+08
15  50  1.53363e+08
16  0  0
16  1  0
16  2  0
16  3  0
16  4  0
16  5  9.51462e+06
16  6  1.51197e+07
16  7  4.70318e+07
16  8  6.18511e+07
16  9  8.47494e+07
16  10  5.61786e+07
16  11  3.9697e+07
16  12  0
16  13  2.2551e+06
16  14  3.62468e+07
16  15  2.39204e+07
16  16  2.27191e+07
16  17  2.64704e+07
16  18  5.86426e+07
16  19  7.42659e+07
16  20  5.39284e+07
16  21  7.21341e+07
16  22  9.80782e+07
16  23  9.40598e+07
16  24  1.02525e+08
16  25  8.59516e+07
16  26  1.02562e+08
16  27  9.79535e+07
16  28  7.0951e+07
16  29  7.56851e+07
16  30  1.63829e+08
16  31  1.38294e+08
16  32  1.24304e+08
16  33  1.46659e+08
16  34  1.61659e+08
16  35  1.3276e+08
16  36  1.47994e+08
16  37  1.60099e+08
16  38  1.77865e+08
16  39  1.5834e+08
16  40  1.88438e+08
16  41  2.29677e+08
16  42  1.5625e+08
16  43  2.77114e+08
16  44  2.69582e+08
16  45  1.65904e+08
16  46  1.48295e+08
16  47  1.97024e+08
16  48  2.88618e+08
16  49  2.31985e+08
16  50  1.84368e+08
17  0  0
17  1  0
17  2  0
17  3  0
17  4  0
17  5  0
17  6  625026
17  7  2.38575e+07
17  8  5.00877e+07
17  9  9.74985e+07
17  10  6.13498e+07
17  11  3.19632e+07
17  12  0
17  13  0
17  14  0
17  15  2.52868e+07
17  16  3.20356e+07
17  17  3.49526e+07
17  18  3.48636e+07
17  19  7.58798e+07
17  20  8.05896e+07
17  21  7.08021e+07
17  22  7.57846e+07
17  23  9.34088e+07
17  24  8.90264e+07
17  25  1.03398e+08
17  26  9.13806e+07
17  27  7.41452e+07
17  28  8.86027e+07
17  29  7.49941e+07
17  30  1.61176e+08
17  31  1.55081e+08
17  32  1.3674e+08
17  33  1.21527e+08
17  34  1.11942e+08
17  35  1.50854e+08
17  36  1.30354e+08
17  37  1.90426e+08
17  38  1.80752e+08
17  39  1.65202e+08
17  40  2.32749e+08
17  41  1.73899e+08
17  42  1.2776e+08
17  43  2.55172e+08
17  44  2.48536e+08
17  45  1.78698e+08
17  46  1.77943e+08
17  47  2.76171e+08
17  48  2.90353e+08
17  49  2.15327e+08
17  50  1.8733e+08
18  0  0
18  1  0
18  2  0
18  3  0
18  4  0
18  5  1.58973e+07
18  6  1.40917e+07
18  7  2.69893e+07
18  8  5.23968e+07
18  9  8.8395e+07
18  10  8.55334e+07
18  11  6.69514e+07
18  12  3.78976e+07
18  13  2.76835e+07
18  14  2.03866e+07
18  15  4.65528e+07
18  16  5.26539e+07
18  17  4.61705e+07
18  18  4.17257e+07
18  19  9.09345e+07
18  20  8.41814e+07
18  21  6.58754e+07
18  22  6.9097e+07
18  23  1.03055e+08
18  24  7.52769e+07
18  25  1.24852e+08
18  26  6.78745e+07
18  27  7.52679e+07
18  28  1.05002e+08
18  29  1.15392e+08
18  30  1.50945e+08
18  31  1.34694e+08
18  32  1.40956e+08
18  33  1.16424e+08
18  34  1.07414e+08
18  35  1.36866e+08
18  36  1.34334e+08
18  37  1.3464e+08
18  38  1.92016e+08
18  39  1.64936e+08
18  40  2.52527e+08
18  41  2.36646e+08
18  42  1.17698e+08
18  43  1.9594e+08
18  44  2.78897e+08
18  45  1.51668e+08
18  46  1.46904e+08
18  47  2.89604e+08
18  48  3.098e+08
18  49  2.54349e+08
18  50  1.72311e+08
19  0  0
19  1  0
19  2  5.27783e+06
19  3  0
19  4  0
19  5  1.00359e+07
19  6  0
19  7  1.00831e+07
19  8  1.46797e+07
19  9  7.46056e+07
19  10  6.17322e+07
19  11  2.38111e+07
19  12  1.60955e+07
19  13  1.08754e+07
19  14  2.05849e+07
19  15  3.47576e+07
19  16  2.76503e+07
19  17  6.78115e+07
19  18  8.00181e+07
19  19  9.14403e+07
19  20  7.31713e+07
19  21  9.14486e+07
19  22  9.89521e+07
19  23  9.97114e+07
19  24  8.11775e+07
19  25  1.24952e+08
19  26  6.0833e+07
19  27  9.79336e+07
19  28  1.0412e+08
19  29  8.70902e+07
19  30  1.54993e+08
19  31  1.77602e+08
19  32  1.04529e+08
19  33  1.33475e+08
19  34  1.43729e+08
19  35  1.30575e+08
19  36  1.28977e+08
19  37  2.32709e+08
19  38  1.66772e+08
19  39  1.94663e+08
19  40  2.57531e+08
19  41  1.96717e+08
19  42  1.36841e+08
19  43  2.30361e+08
19  44  1.6257e+08
19  45  1.46303e+08
19  46  2.1817e+08
19  47  3.44315e+08
19  48  2.98507e+08
19  49  2.3194e+08
19  50  1.38815e+08
20  0  0
20  1  0
20  2  0
20  3  0
20  4  1.46257e+07
20  5  0
20  6  3.7325e+06
20  7  1.7666e+07
20  8  3.99273e+07
20  9  6.00803e+07
20  10  9.46201e+07
20  11  2.42451e+07
20  12  2.45404e+07
20  13  1.81941e+07
20  14  2.2519e+07
20  15  3.44125e+07
20  16  4.64658e+07
20  17  9.21566e+07
20  18  6.57267e+07
20  19  1.15277e+08
20  20  7.47955e+07
20  21  4.96987e+07
20  22  7.9268e+07
20  23  8.26817e+07
20  24  7.21094e+07
20  25  9.37642e+07
20  26  1.05588e+08
20  27  9.06998e+07
20  28  8.06334e+07
20  29  1.22595e+08
20  30  1.50732e+08
20  31  1.50806e+08
20  32  1.23863e+08
20  33  1.51512e+08
20  34  1.42204e+08
20  35  1.38302e+08
20  36  1.49226e+08
20  37  1.86855e+08
20  38  1.7734e+08
20  39  1.64897e+08
20  40  2.0603e+08
20  41  1.65796e+08
20  42  1.45325e+08
20  43  2.11599e+08
20  44  1.77782e+08
20  45  1.51775e+08
20  46  1.52707e+08
20  47  2.98177e+08
20  48  2.8022e+08
20  49  1.84142e+08
20  50  1.22605e+08
21  0  9.91863e+06
21  1  0
21  2  0
21  3  0
21  4  0
21  5  0
21  6  1.65661e+06
21  7  5.33203e+06
21  8  3.61465e+07
21  9  7.51166e+07
21  10  5.0669e+07
21  11  1.86129e+07
21  12  1.79166e+07
21  13  1.3106e+07
21  14  0
21  15  4.73995e+07
21  16  9.96614e+07
21  17  9.17233e+07
21  18  7.59553e+07
21  19  8.76619e+07
21  20  7.65184e+07
21  21  6.99051e+07
21  22  9.89393e+07
21  23  7.93115e+07
21  24  9.06807e+07
21  25  8.89446e+07
21  26  9.17565e+07
21  27  1.11955e+08
21  28  1.11687e+08
21  29  1.15869e+08
21  30  1.30248e+08
21  31  1.28074e+08
21  32  1.06058e+08
21  33  1.78229e+08
21  34  1.47268e+08
21  35  1.54848e+08
21  36  1.67657e+08
21  37  1.36387e+08
21  38  1.56369e+08
21  39  1.9208e+08
21  40  1.98661e+08
21  41  1.10324e+08
21  42  1.4332e+08
21  43  2.11999e+08
21  44  1.65586e+08
21  45  1.62824e+08
21  46  1.92678e+08
21  47  2.9017e+08
21  48  3.14233e+08
21  49  1.86515e+08
21  50  1.58111e+08
22  0  0
22  1  0
22  2  1.00361e+07
22  3  0
22  4  0
22  5  0
22  6  0
22  7  2.44839e+07
22  8  4.3617e+07
22  9  7.51146e+07
22  10  7.55991e+07
22  11  1.74123e+07
22  12  3.34779e+07
22  13  9.68085e+06
22  14  623743
22  15  4.26573e+07
22  16  1.05765e+08
22  17  8.29847e+07
22  18  7.45505e+07
22  19  1.00459e+08
22  20  1.02409e+08
22  21  7.10446e+07
22  22  8.53723e+07
22  23  9.41619e+07
22  24  6.82996e+07
22  25  8.83169e+07
22  26  9.03504e+07
22  27  1.29909e+08
22  28  8.61242e+07
22  29  1.1041e+08
22  30  1.29556e+08
22  31  1.54967e+08
22  32  1.18339e+08
22  33  1.38748e+08
22  34  1.54335e+08
22  35  1.41951e+08
22  36  1.63911e+08
22  37  1.64212e+08
22  38  1.54715e+08
22  39  2.08633e+08
22  40  1.75967e+08
22  41  1.25195e+08
22  42  1.02208e+08
22  43  1.72303e+08
22  44  1.82458e+08
22  45  1.23341e+08
22  46  1.78302e+08
22  47  2.84822e+08
22  48  3.49889e+08
22  49  1.93829e+08
22  50  1.37964e+08
23  0  0
23  1  0
23  2  0
23  3  7.9714e+06
23  4  0
23  5  0
23  6  3.15968e+07
23  7  2.05005e+07
23  8  9.21396e+06
23  9  8.35618e+07
23  10  1.11852e+07
23  11  1.94522e+07
23  12  2.34901e+07
23  13  2.83957e+07
23  14  2.25571e+07
23  15  7.7827e+07
23  16  8.42254e+07
23  17  8.8335e+07
23  18  8.55e+07
23  19  9.77532e+07
23  20  7.85415e+07
23  21  8.58203e+07
23  22  1.15632e+08
23  23  1.10771e+08
23  24  1.21245e+08
23  25  9.68823e+07
23  26  1.00741e+08
23  27  1.04501e+08
23  28  1.17951e+08
23  29  1.36484e+08
23  30  1.38752e+08
23  31  1.16219e+08
23  32  1.40668e+08
23  33  1.81351e+08
23  34  1.4837e+08
23  35  1.40943e+08
23  36  1.4472e+08
23  37  1.95846e+08
23  38  1.6755e+08
23  39  2.14023e+08
23  40  2.0323e+08
23  41  1.63483e+08
23  42  1.38059e+08
23  43  1.5813e+08
23  44  1.90672e+08
23  45  1.38123e+08
23  46  2.09277e+08
23  47  3.09775e+08
23  48  2.93963e+08
23  49  2.13044e+08
23  50  2.14482e+08
24  0  0
24  1  1.26293e+06
24  2  0
24  3  0
24  4  0
24  5  0
24  6  0
24  7  3.00488e+07
24  8  0
24  9  7.77357e+07
24  10  3.81958e+07
24  11  1.97808e+07
24  12  3.43396e+07
24  13  9.82802e+06
24  14  1.68985e+07
24  15  8.77928e+07
24  16  8.85349e+07
24  17  8.50194e+07
24  18  7.69766e+07
24  19  1.12605e+08
24  20  7.5155e+07
24  21  7.62347e+07
24  22  1.09836e+08
24  23  8.19303e+07
24  24  6.96692e+07
24  25  8.4135e+07
24  26  1.00929e+08
24  27  9.81091e+07
24  28  1.03744e+08
24  29  1.54049e+08
24  30  1.55204e+08
24  31  1.57665e+08
24  32  1.64106e+08
24  33  1.94535e+08
24  34  1.61571e+08
24  35  1.24331e+08
24  36  1.48936e+08
24  37  1.402e+08
24  38  1.49725e+08
24  39  1.69751e+08
24  40  1.56235e+08
24  41  1.36007e+08
24  42  1.69112e+08
24  43  1.03195e+08
24  44  1.55301e+08
24  45  1.44467e+08
24  46  1.5128e+08
24  47  2.39071e+08
24  48  2.79098e+08
24  49  2.20161e+08
24  50  1.85096e+08
25  0  0
25  1  0
25  2  0
25  3  0
25  4  0
25  5  0
25  6  0
25  7  0
25  8  1.18106e+07
25  9  4.05294e+07
25  10  2.86046e+07
25  11  1.52712e+07
25  12  3.63009e+07
25  13  1.67058e+07
25  14  2.21373e+07
25  15  1.37702e+08
25  16  1.05617e+08
25  17  1.24904e+08
25  18  8.71183e+07
25  19  1.672e+08
25  20  9.24044e+07
25  21  8.69797e+07
25  22  1.17822e+08
25  23  9.97007e+07
25  24  1.25674e+08
25  25  9.2401e+07
25  26  9.68613e+07
25  27  9.12643e+07
25  28  1.12675e+08
25  29  1.4512e+08
25  30  1.39184e+08
25  31  1.29108e+08
25  32  2.1106e+08
25  33  1.46439e+08
25  34  1.7594e+08
25  35  1.27285e+08
25  36  1.76069e+08
25  37  1.42684e+08
25  38  1.37992e+08
25  39  1.91159e+08
25  40  1.70736e+08
25  41  1.60189e+08
25  42  1.1634e+08
25  43  1.00917e+08
25  44  1.32737e+08
25  45  1.51387e+08
25  46  1.75446e+08
25  47  2.51039e+08
25  48  2.73728e+08
25  49  2.54454e+08
25  50  2.33703e+08
26  0  0
26  1  866079
26  2  0
26  3  0
26  4  906953
26  5  0
26  6  0
26  7  8.55518e+06
26  8  0
26  9  2.99455e+07
26  10  0
26  11  0
26  12  1.72767e+07
26  13  7.03371e+06
26  14  2.17659e+07
26  15  1.31731e+08
26  16  1.17462e+08
26  17  1.03577e+08
26  18  8.56425e+07
26  19  1.28758e+08
26  20  7.63181e+07
26  21  8.63358e+07
26  22  9.60836e+07
26  23  1.18079e+08
26  24  1.0397e+08
26  25  9.85286e+07
26  26  7.25845e+07
26  27  1.09396e+08
26  28  1.44434e+08
26  29  1.11318e+08
26  30  1.44071e+08
26  31  1.22232e+08
26  32  1.77677e+08
26  33  1.73051e+08
26  34  1.07334e+08
26  35  1.07796e+08
26  36  1.52695e+08
26  37  1.15021e+08
26  38  1.2495e+08
26  39  1.95124e+08
26  40  1.75622e+08
26  41  1.87552e+08
26  42  1.58282e+08
26  43  1.25649e+08
26  44  1.15833e+08
26  45  1.36202e+08
26  46  1.6643e+08
26  47  2.44036e+08
26  48  2.75559e+08
26  49  2.1592e+08
26  50  2.55245e+08
27  0  0
27  1  0
27  2  0
27  3  85975.3
27  4  0
27  5  0
27  6  0
27  7  0
27  8  8.32302e+06
27  9  2.68795e+07
27  10  3.34065e+07
27  11  1.25781e+07
27  12  3.71633e+07
27  13  1.7321e+07
27  14  4.56185e+07
27  15  1.18036e+08
27  16  9.81512e+07
27  17  1.05485e+08
27  18  1.03813e+08
27  19  1.31931e+08
27  20  1.0011e+08
27  21  1.24545e+08
27  22  9.00892e+07
27  23  1.17278e+08
27  24  9.86803e+07
27  25  9.84777e+07
27  26  1.1543e+08
27  27  7.89322e+07
27  28  1.45021e+08
27  29  1.16669e+08
27  30  1.48915e+08
27  31  1.29081e+08
27  32  1.88793e+08
27  33  1.26262e+08
27  34  1.08826e+08
27  35  1.06419e+08
27  36  1.52874e+08
27  37  1.45023e+08
27  38  9.84041e+07
27  39  1.83274e+08
27  40  1.69401e+08
27  41  1.71828e+08
27  42  1.38998e+08
27  43  9.72039e+07
27  44  1.37239e+08
27  45  1.46122e+08
27  46  1.80441e+08
27  47  2.70181e+08
27  48  2.87183e+08
27  49  3.11731e+08
27  50  2.45225e+08
28  0  0
28  1  0
28  2  0
28  3  2.97394e+06
28  4  6.65407e+06
28  5  0
28  6  0
28  7  0
28  8  2.7988e+07
28  9  1.85586e+07
28  10  3.64997e+07
28  11  2.41113e+07
28  12  2.63911e+07
28  13  2.11728e+07
28  14  5.06483e+07
28  15  1.46641e+08
28  16  1.15071e+08
28  17  1.43025e+08
28  18  8.46807e+07
28  19  1.08911e+08
28  20  8.20898e+07
28  21  1.0116e+08
28  22  1.2081e+08
28  23  1.46265e+08
28  24  1.06584e+08
28  25  9.51964e+07
28  26  8.47176e+07
28  27  9.14517e+07
28  28  1.59539e+08
28  29  1.30025e+08
28  30  1.40222e+08
28  31  1.62585e+08
28  32  1.92927e+08
28  33  1.33945e+08
28  34  1.42389e+08
28  35  1.27397e+08
28  36  1.41665e+08
28  37  1.21696e+08
28  38  1.08599e+08
28  39  2.31898e+08
28  40  1.4058e+08
28  41  1.24464e+08
28  42  1.13024e+08
28  43  8.57947e+07
28  44  1.01736e+08
28  45  1.65535e+08
28  46  1.83438e+08
28  47  2.75191e+08
28  48  3.26082e+08
28  49  3.30124e+08
28  50  3.02579e+08
29  0  6.48766e+06
29  1  0
29  2  1.34253e+06
29  3  0
29  4  0
29  5  0
29  6  0
29  7  1.03272e+07
29  8  2.40578e+07
29  9  700983
29  10  0
29  11  1.21216e+07
29  12  6.76681e+06
29  13  1.16912e+07
29  14  5.20112e+07
29  15  1.48978e+08
29  16  1.34389e+08
29  17  1.2362e+08
29  18  1.09061e+08
29  19  1.47271e+08
29  20  1.3046e+08
29  21  1.04391e+08
29  22  1.12636e+08
29  23  1.23692e+08
29  24  1.10402e+08
29  25  9.8544e+07
29  26  9.04277e+07
29  27  7.93156e+07
29  28  1.4015e+08
29  29  8.18879e+07
29  30  1.40363e+08
29  31  1.65555e+08
29  32  1.54699e+08
29  33  1.94823e+08
29  34  1.32515e+08
29  35  1.07399e+08
29  36  1.49036e+08
29  37  1.14532e+08
29  38  1.19549e+08
29  39  1.42431e+08
29  40  1.63916e+08
29  41  1.38173e+08
29  42  1.12211e+08
29  43  8.33916e+07
29  44  1.29337e+08
29  45  1.90785e+08
29  46  2.16428e+08
29  47  3.28789e+08
29  48  2.98681e+08
29  49  2.81877e+08
29  50  2.80437e+08
30  0  0
30  1  3.53635e+06
30  2  186963
30  3  0
30  4  0
30  5  518549
30  6  0
30  7  0
30  8  1.96021e+07
30  9  5.1943e+07
30  10  6.71332e+06
30  11  7.18588e+06
30  12  8.48276e+06
30  13  2.22115e+07
30  14  5.06954e+07
30  15  1.03129e+08
30  16  4.78085e+07
30  17  1.0708e+08
30  18  1.04714e+08
30  19  1.12596e+08
30  20  1.4251e+08
30  21  1.46231e+08
30  22  1.15945e+08
30  23  1.03959e+08
30  24  1.02922e+08
30  25  1.084e+08
30  26  9.9009e+07
30  27  8.73705e+07
30  28  1.39503e+08
30  29  1.03196e+08
30  30  1.59908e+08
30  31  1.86774e+08
30  32  1.69877e+08
30  33  1.48222e+08
30  34  1.07251e+08
30  35  1.30241e+08
30  36  1.54419e+08
30  37  1.41794e+08
30  38  1.35739e+08
30  39  1.24662e+08
30  40  1.52571e+08
30  41  1.53675e+08
30  42  9.82534e+07
30  43  1.1046e+08
30  44  1.29989e+08
30  45  1.80288e+08
30  46  2.2159e+08
30  47  2.92177e+08
30  48  3.16917e+08
30  49  3.96248e+08
30  50  3.05227e+08
31  0  0
31  1  3.6345e+06
31  2  0
31  3  8.17799e+06
31  4  4.85114e+06
31  5  0
31  6  0
31  7  2.70391e+06
31  8  1.83286e+06
31  9  1.92954e+07
31  10  1.0677e+07
31  11  0
31  12  0
31  13  4.38623e+06
31  14  2.01055e+07
31  15  9.3265e+07
31  16  7.97289e+07
31  17  1.21187e+08
31  18  1.20975e+08
31  19  1.17756e+08
31  20  1.0904e+08
31  21  1.08427e+08
31  22  1.31465e+08
31  23  1.09489e+08
31  24  9.24435e+07
31  25  1.15933e+08
31  26  7.66578e+07
31  27  8.63876e+07
31  28  1.10676e+08
31  29  1.38654e+08
31  30  1.79744e+08
31  31  2.20837e+08
31  32  1.25387e+08
31  33  1.62231e+08
31  34  1.25474e+08
31  35  1.14017e+08
31  36  1.33073e+08
31  37  1.22634e+08
31  38  1.40716e+08
31  39  1.73626e+08
31  40  1.62495e+08
31  41  1.27033e+08
31  42  8.90526e+07
31  43  1.01962e+08
31  44  1.11364e+08
31  45  1.97784e+08
31  46  2.85803e+08
31  47  3.17631e+08
31  48  3.70041e+08
31  49  3.50106e+08
31  50  2.95012e+08
32  0  0
32  1  0
32  2  1.72142e+07
32  3  0
32  4  0
32  5  0
32  6  0
32  7  5.13312e+06
32  8  2.76203e+07
32  9  2.21724e+07
32  10  0
32  11  0
32  12  371827
32  13  0
32  14  2.8553e+07
32  15  5.09923e+07
32  16  6.10857e+07
32  17  6.17657e+07
32  18  8.65967e+07
32  19  1.67086e+08
32  20  1.09033e+08
32  21  1.12686e+08
32  22  1.31918e+08
32  23  1.07898e+08
32  24  1.48181e+08
32  25  1.23177e+08
32  26  1.16133e+08
32  27  1.08269e+08
32  28  1.24969e+08
32  29  7.42606e+07
32  30  1.42196e+08
32  31  1.67047e+08
32  32  1.12617e+08
32  33  1.90528e+08
32  34  1.5579e+08
32  35  1.15315e+08
32  36  1.43459e+08
32  37  1.41357e+08
32  38  1.16138e+08
32  39  1.13728e+08
32  40  1.97282e+08
32  41  1.06242e+08
32  42  9.49543e+07
32  43  1.07824e+08
32  44  1.27417e+08
32  45  2.34043e+08
32  46  3.23023e+08
32  47  3.43148e+08
32  48  3.61975e+08
32  49  3.67391e+08
32  50  3.05991e+08
33  0  0
33  1  0
33  2  5.63939e+06
33  3  0
33  4  0
33  5  0
33  6  0
33  7  1.48021e+07
33  8  4.59605e+06
33  9  1.15893e+07
33  10  0
33  11  0
33  12  0
33  13  1.10128e+07
33  14  3.10937e+07
33  15  6.39551e+07
33  16  3.42191e+07
33  17  6.12053e+07
33  18  1.13467e+08
33  19  1.07958e+08
33  20  7.95526e+07
33  21  1.06249e+08
33  22  8.67783e+07
33  23  1.21453e+08
33  24  1.36382e+08
33  25  1.30909e+08
33  26  1.06368e+08
33  27  1.23946e+08
33  28  1.15044e+08
33  29  1.1137e+08
33  30  1.49253e+08
33  31  1.56186e+08
33  32  1.25053e+08
33  33  1.30127e+08
33  34  1.17963e+08
33  35  1.26139e+08
33  36  1.58887e+08
33  37  1.22698e+08
33  38  1.60662e+08
33  39  1.1213e+08
33  40  1.75921e+08
33  41  1.33627e+08
33  42  1.25257e+08
33  43  1.27456e+08
33  44  1.45028e+08
33  45  2.82713e+08
33  46  3.28219e+08
33  47  2.96561e+08
33  48  3.82953e+08
33  49  3.9281e+08
33  50  3.33359e+08
34  0  0
34  1  1.5787e+07
34  2  0
34  3  0
34  4  0
34  5  1.57689e+06
34  6  0
34  7  0
34  8  0
34  9  0
34  10  0
34  11  0
34  12  0
34  13  0
34  14  1.38508e+07
34  15  1.27218e+07
34  16  3.5917e+07
34  17  5.81493e+07
34  18  4.93642e+07
34  19  5.76461e+07
34  20  7.7222e+07
34  21  7.61787e+07
34  22  5.40462e+07
34  23  9.80032e+07
34  24  1.16136e+08
34  25  1.05237e+08
34  26  1.16611e+08
34  27  1.10766e+08
34  28  1.13822e+08
34  29  9.37124e+07
34  30  1.39413e+08
34  31  1.55207e+08
34  32  1.0291e+08
34  33  1.08706e+08
34  34  1.81762e+08
34  35  1.6613e+08
34  36  1.4202e+08
34  37  1.49389e+08
34  38  1.10152e+08
34  39  1.16217e+08
34  40  1.49059e+08
34  41  1.24635e+08
34  42  9.75684e+07
34  43  1.14918e+08
34  44  1.72251e+08
34  45  2.76638e+08
34  46  3.05738e+08
34  47  3.86962e+08
34  48  3.60055e+08
34  49  3.66538e+08
34  50  3.04716e+08
35  0  0
35  1  6.46929e+06
35  2  7.32962e+06
35  3  0
35  4  0
35  5  0
35  6  0
35  7  3.31007e+06
35  8  9.71057e+06
35  9  0
35  10  0
35  11  1.41425e+07
35  12  0
35  13  3.71962e+06
35  14  6.5488e+06
35  15  1.76286e+07
35  16  5.06205e+07
35  17  2.71586e+07
35  18  9.09083e+07
35  19  5.86188e+07
35  20  7.11535e+07
35  21  1.03942e+08
35  22  8.07191e+07
35  23  1.14084e+08
35  24  1.4799e+08
35  25  9.02848e+07
35  26  1.33679e+08
35  27  9.02305e+07
35  28  1.20963e+08
35  29  9.60622e+07
35  30  1.2999e+08
35  31  1.2086e+08
35  32  1.25686e+08
35  33  1.38299e+08
35  34  1.26825e+08
35  35  1.48032e+08
35  36  1.32598e+08
35  37  1.40027e+08
35  38  1.20351e+08
35  39  1.15793e+08
35  40  1.85974e+08
35  41  1.43402e+08
35  42  1.09707e+08
35  43  8.86621e+07
35  44  1.81117e+08
35  45  2.7681e+08
35  46  3.50063e+08
35  47  3.42722e+08
35  48  3.74734e+08
35  49  3.93474e+08
35  50  3.20155e+08
36  0  0
36  1  0
36  2  0
36  3  0
36  4  0
36  5  0
36  6  0
36  7  1.92457e+07
36  8  0
36  9  0
36  10  1.89353e+06
36  11  0
36  12  0
36  13  0
36  14  0
36  15  2.31452e+07
36  16  4.23183e+07
36  17  4.15682e+07
36  18  4.14005e+07
36  19  4.94546e+07
36  20  2.68016e+07
36  21  9.66966e+07
36  22  8.87129e+07
36  23  6.99872e+07
36  24  1.15746e+08
36  25  9.27654e+07
36  26  1.00817e+08
36  27  6.56245e+07
36  28  1.02436e+08
36  29  1.6394e+08
36  30  1.0496e+08
36  31  1.44577e+08
36  32  1.33402e+08
36  33  1.23304e+08
36  34  1.417e+08
36  35  1.50448e+08
36  36  1.62557e+08
36  37  1.28955e+08
36  38  1.10856e+08
36  39  1.24343e+08
36  40  1.34116e+08
36  41  7.75335e+07
36  42  1.51503e+08
36  43  9.86489e+07
36  44  2.28361e+08
36  45  2.56311e+08
36  46  3.12228e+08
36  47  3.72398e+08
36  48  3.52744e+08
36  49  3.39966e+08
36  50  3.45656e+08
37  0  0
37  1  3.46831e+06
37  2  0
37  3  0
37  4  888235
37  5  0
37  6  0
37  7  0
37  8  0
37  9  0
37  10  0
37  11  0
37  12  1.51309e+07
37  13  0
37  14  1.28074e+07
37  15  1.14553e+07
37  16  2.58907e+07
37  17  5.28855e+07
37  18  1.95346e+07
37  19  4.96644e+07
37  20  6.11458e+07
37  21  1.047e+08
37  22  1.16262e+08
37  23  1.07595e+08
37  24  1.43221e+08
37  25  1.09664e+08
37  26  1.44682e+08
37  27  9.88196e+07
37  28  9.95212e+07
37  29  1.39034e+08
37  30  1.22061e+08
37  31  1.293e+08
37  32  1.55396e+08
37  33  1.27956e+08
37  34  1.58558e+08
37  35  1.77497e+08
37  36  1.23118e+08
37  37  1.09836e+08
37  38  1.06428e+08
37  39  1.57992e+08
37  40  1.45084e+08
37  41  1.20894e+08
37  42  1.09037e+08
37  43  1.87913e+08
37  44  2.05769e+08
37  45  2.99493e+08
37  46  3.6533e+08
37  47  3.40035e+08
37  48  3.58125e+08
37  49  3.44959e+08
37  50  3.41599e+08
38  0  0
38  1  0
38  2  4.2923e+06
38  3  4.36723e+06
38  4  7.78473e+06
38  5  2.5596e+07
38  6  0
38  7  0
38  8  1.41222e+07
38  9  1.81045e+07
38  10  0
38  11  1.36397e+06
38  12  0
38  13  0
38  14  1.95252e+07
38  15  2.26075e+07
38  16  2.23677e+07
38  17  3.12563e+07
38  18  5.06771e+07
38  19  4.34753e+07
38  20  1.06368e+07
38  21  1.02763e+08
38  22  1.05558e+08
38  23  1.19582e+08
38  24  1.19794e+08
38  25  9.43087e+07
38  26  1.12194e+08
38  27  9.60452e+07
38  28  1.46603e+08
38  29  8.81844e+07
38  30  9.9292e+07
38  31  1.23467e+08
38  32  1.4832e+08
38  33  9.847e+07
38  34  1.54989e+08
38  35  1.8914e+08
38  36  1.72125e+08
38  37  1.21634e+08
38  38  1.29357e+08
38  39  1.537e+08
38  40  1.2182e+08
38  41  1.36521e+08
38  42  1.16496e+08
38  43  1.71074e+08
38  44  2.39078e+08
38  45  2.75823e+08
38  46  3.02224e+08
38  47  3.71407e+08
38  48  3.64831e+08
38  49  3.22125e+08
38  50  3.26175e+08
39  0  0
39  1  1.98944e+07
39  2  997922
39  3  0
39  4  2.24966e+07
39  5  1.3687e+07
39  6  0
39  7  0
39  8  4.0377e+06
39  9  0
39  10  799071
39  11  9.69907e+06
39  12  1.09146e+07
39  13  0
39  14  0
39  15  1.8537e+07
39  16  4.74494e+07
39  17  4.94635e+07
39  18  3.65219e+07
39  19  3.99787e+07
39  20  4.55363e+07
39  21  8.37273e+07
39  22  1.43858e+08
39  23  1.11466e+08
39  24  1.13935e+08
39  25  1.31893e+08
39  26  1.13228e+08
39  27  1.01529e+08
39  28  8.54098e+07
39  29  1.43058e+08
39  30  9.39166e+07
39  31  1.48196e+08
39  32  1.60214e+08
39  33  1.11763e+08
39  34  1.79144e+08
39  35  1.84844e+08
39  36  1.26624e+08
39  37  1.39308e+08
39  38  1.21376e+08
39  39  1.40883e+08
39  40  1.31081e+08
39  41  1.3196e+08
39  42  9.43454e+07
39  43  1.56487e+08
39  44  2.47735e+08
39  45  2.86095e+08
39  46  3.23642e+08
39  47  3.55281e+08
39  48  3.83704e+08
39  49  3.11302e+08
39  50  3.21562e+08
40  0  0
40  1  0
40  2  0
40  3  1.54221e+06
40  4  6.89742e+06
40  5  9.23177e+06
40  6  0
40  7  2.30094e+06
40  8  801717
40  9  0
40  10  0
40  11  0
40  12  0
40  13  0
40  14  1.40379e+06
40  15  2.37055e+07
40  16  4.69339e+07
40  17  3.24225e+07
40  18  1.83142e+07
40  19  9.24434e+06
40  20  3.38042e+07
40  21  1.02465e+08
40  22  1.80677e+08
40  23  8.97768e+07
40  24  8.34258e+07
40  25  9.8808e+07
40  26  1.35718e+08
40  27  1.52612e+08
40  28  1.16629e+08
40  29  1.13329e+08
40  30  1.05638e+08
40  31  1.54516e+08
40  32  2.20877e+08
40  33  1.3683e+08
40  34  1.81554e+08
40  35  2.0249e+08
40  36  1.23871e+08
40  37  1.46313e+08
40  38  9.92068e+07
40  39  1.23334e+08
40  40  1.26059e+08
40  41  1.13517e+08
40  42  1.31558e+08
40  43  1.54599e+08
40  44  2.42228e+08
40  45  2.52737e+08
40  46  3.0984e+08
40  47  3.27891e+08
40  48  3.35796e+08
40  49  2.74202e+08
40  50  3.16174e+08
41  0  3.06312e+06
41  1  0
41  2  6.24543e+06
41  3  1.34869e+07
41  4  4.91781e+07
41  5  1.40036e+07
41  6  0
41  7  1.14804e+07
41  8  0
41  9  0
41  10  0
41  11  0
41  12  3.80144e+06
41  13  1.30097e+07
41  14  1.58704e+07
41  15  3.23782e+07
41  16  2.76303e+07
41  17  8.46583e+06
41  18  1.96289e+07
41  19  3.96123e+07
41  20  4.0916e+07
41  21  1.26168e+08
41  22  1.23352e+08
41  23  1.1577e+08
41  24  1.13172e+08
41  25  1.02179e+08
41  26  1.37269e+08
41  27  1.10926e+08
41  28  1.02335e+08
41  29  1.22351e+08
41  30  1.37492e+08
41  31  1.48013e+08
41  32  1.71926e+08
41  33  1.55094e+08
41  34  1.8848e+08
41  35  1.82056e+08
41  36  1.33484e+08
41  37  1.53511e+08
41  38  1.35327e+08
41  39  1.27161e+08
41  40  1.13139e+08
41  41  9.09963e+07
41  42  1.57494e+08
41  43  2.44321e+08
41  44  2.11591e+08
41  45  3.0009e+08
41  46  2.88533e+08
41  47  2.99314e+08
41  48  3.51822e+08
41  49  3.0232e+08
41  50  3.04116e+08
42  0  0
42  1  0
42  2  0
42  3  0
42  4  7.747e+07
42  5  3.542e+07
42  6  0
42  7  3.79183e+06
42  8  2.57951e+07
42  9  1.04741e+07
42  10  5.65738e+06
42  11  0
42  12  0
42  13  0
42  14  2.52115e+07
42  15  1.192e+07
42  16  1.77303e+07
42  17  2.83587e+07
42  18  0
42  19  1.95555e+07
42  20  4.84483e+07
42  21  9.31802e+07
42  22  2.41622e+08
42  23  9.91717e+07
42  24  7.24463e+07
42  25  9.66605e+07
42  26  9.67855e+07
42  27  9.53492e+07
42  28  7.40957e+07
42  29  1.10808e+08
42  30  1.17489e+08
42  31  1.32034e+08
42  32  1.6663e+08
42  33  1.80423e+08
42  34  2.39907e+08
42  35  1.99555e+08
42  36  1.72681e+08
42  37  1.15556e+08
42  38  1.21895e+08
42  39  1.44785e+08
42  40  1.38001e+08
42  41  1.12366e+08
42  42  1.33492e+08
42  43  1.82881e+08
42  44  2.19945e+08
42  45  2.98591e+08
42  46  2.68554e+08
42  47  3.6333e+08
42  48  2.9975e+08
42  49  3.01813e+08
42  50  3.2939e+08
43  0  4.54409e+06
43  1  0
43  2  1.63814e+06
43  3  1.75334e+07
43  4  1.35143e+08
43  5  3.89382e+07
43  6  0
43  7  0
43  8  1.57008e+07
43  9  0
43  10  0
43  11  0
43  12  0
43  13  525760
43  14  3.83839e+07
43  15  1.30011e+07
43  16  1.88826e+07
43  17  2.26908e+07
43  18  1.36877e+07
43  19  4.41238e+06
43  20  2.05418e+07
43  21  1.86949e+08
43  22  2.868e+08
43  23  8.72939e+07
43  24  9.98182e+07
43  25  5.76014e+07
43  26  1.17981e+08
43  27  9.60811e+07
43  28  1.11095e+08
43  29  9.63231e+07
43  30  1.18344e+08
43  31  1.40329e+08
43  32  1.67287e+08
43  33  2.30022e+08
43  34  2.16344e+08
43  35  1.59533e+08
43  36  1.48257e+08
43  37  1.3082e+08
43  38  1.17009e+08
43  39  1.38209e+08
43  40  1.36529e+08
43  41  1.18633e+08
43  42  1.41839e+08
43  43  2.03916e+08
43  44  2.33619e+08
43  45  2.97076e+08
43  46  3.03619e+08
43  47  2.82951e+08
43  48  3.35418e+08
43  49  2.76003e+08
43  50  3.16195e+08
44  0  2.70736e+07
44  1  0
44  2  0
44  3  5.59618e+06
44  4  9.7152e+07
44  5  4.38319e+07
44  6  5.23625e+06
44  7  1.23666e+07
44  8  0
44  9  0
44  10  0
44  11  0
44  12  0
44  13  0
44  14  7.57215e+06
44  15  0
44  16  3.49959e+07
44  17  4.95427e+07
44  18  1.69439e+07
44  19  1.24607e+07
44  20  2.43359e+07
44  21  1.10402e+08
44  22  5.42778e+08
44  23  7.56533e+07
44  24  7.75324e+07
44  25  8.63721e+07
44  26  1.26409e+08
44  27  9.04235e+07
44  28  9.88125e+07
44  29  1.23016e+08
44  30  1.59104e+08
44  31  1.27903e+08
44  32  1.56192e+08
44  33  2.22227e+08
44  34  2.29398e+08
44  35  1.91269e+08
44  36  1.13985e+08
44  37  9.14808e+07
44  38  1.29397e+08
44  39  1.08968e+08
44  40  1.13395e+08
44  41  1.09848e+08
44  42  1.38567e+08
44  43  2.40437e+08
44  44  1.98276e+08
44  45  2.65707e+08
44  46  2.95535e+08
44  47  3.08571e+08
44  48  3.40631e+08
44  49  3.32532e+08
44  50  3.62542e+08
45  0  1.56786e+07
45  1  1.22618e+07
45  2  1.15032e+07
45  3  0
45  4  5.8603e+07
45  5  2.01501e+07
45  6  0
45  7  8.38328e+06
45  8  0
45  9  0
45  10  9.03265e+06
45  11  7.92814e+06
45  12  0
45  13  0
45  14  1.47247e+07
45  15  0
45  16  4.47845e+07
45  17  4.37644e+07
45  18  1.5186e+07
45  19  1.48475e+07
45  20  3.30867e+07
45  21  1.59836e+08
45  22  8.67329e+08
45  23  7.50598e+07
45  24  6.36283e+07
45  25  8.64299e+07
45  26  8.58771e+07
45  27  9.46159e+07
45  28  8.14778e+07
45  29  1.15885e+08
45  30  1.39595e+08
45  31  1.385e+08
45  32  2.00217e+08
45  33  1.8952e+08
45  34  2.13235e+08
45  35  1.25348e+08
45  36  1.2027e+08
45  37  1.13674e+08
45  38  1.35262e+08
45  39  9.87532e+07
45  40  9.40812e+07
45  41  1.14345e+08
45  42  1.77822e+08
45  43  2.18798e+08
45  44  2.19227e+08
45  45  2.91437e+08
45  46  2.67497e+08
45  47  3.19813e+08
45  48  3.55275e+08
45  49  3.3629e+08
45  50  2.88863e+08
46  0  1.3083e+07
46  1  0
46  2  1.53916e+06
46  3  3.61058e+06
46  4  6.06712e+07
46  5  4.89958e+06
46  6  0
46  7  1.31008e+07
46  8  0
46  9  5.52925e+06
46  10  0
46  11  0
46  12  1.29872e+07
46  13  2.18067e+07
46  14  8.21719e+06
46  15  0
46  16  3.81348e+07
46  17  3.01844e+07
46  18  2.40233e+07
46  19  1.65647e+07
46  20  6.93182e+07
46  21  2.41272e+08
46  22  7.34614e+08
46  23  9.86788e+07
46  24  7.48372e+07
46  25  7.12883e+07
46  26  7.47157e+07
46  27  7.63268e+07
46  28  7.32229e+07
46  29  9.44944e+07
46  30  1.18118e+08
46  31  2.03508e+08
46  32  1.74678e+08
46  33  1.92968e+08
46  34  2.01651e+08
46  35  1.46931e+08
46  36  1.20199e+08
46  37  1.15424e+08
46  38  1.33368e+08
46  39  1.06826e+08
46  40  1.26845e+08
46  41  1.79251e+08
46  42  2.27664e+08
46  43  2.3948e+08
46  44  1.9269e+08
46  45  2.40863e+08
46  46  2.70828e+08
46  47  2.67596e+08
46  48  3.06059e+08
46  49  3.20278e+08
46  50  2.94512e+08
47  0  6.41144e+06
47  1  0
47  2  0
47  3  0
47  4  1.66561e+06
47  5  0
47  6  0
47  7  723071
47  8  1.08278e+07
47  9  0
47  10  9.33654e+06
47  11  2.64714e+06
47  12  1.30632e+06
47  13  0
47  14  5.8841e+06
47  15  0
47  16  0
47  17  2.34439e+07
47  18  7.72221e+06
47  19  1.64984e+07
47  20  5.32444e+07
47  21  3.07494e+08
47  22  2.84176e+08
47  23  6.34713e+07
47  24  4.75094e+07
47  25  5.61895e+07
47  26  7.82458e+07
47  27  6.23744e+07
47  28  7.53323e+07
47  29  1.0073e+08
47  30  1.31111e+08
47  31  1.71117e+08
47  32  1.57619e+08
47  33  1.66445e+08
47  34  1.56002e+08
47  35  1.19956e+08
47  36  1.42988e+08
47  37  1.23661e+08
47  38  9.57902e+07
47  39  1.32133e+08
47  40  1.17852e+08
47  41  1.74797e+08
47  42  1.92671e+08
47  43  1.88423e+08
47  44  1.7964e+08
47  45  2.47532e+08
47  46  2.57073e+08
47  47  2.8108e+08
47  48  3.35933e+08
47  49  2.97735e+08
47  50  2.92435e+08
48  0  1.31995e+07
48  1  0
48  2  0
48  3  4.27532e+06
48  4  1.67729e+07
48  5  5.46419e+06
48  6  3.95647e+06
48  7  0
48  8  1.76346e+07
48  9  0
48  10  0
48  11  2.10267e+06
48  12  0
48  13  0
48  14  2.38898e+07
48  15  7.52967e+06
48  16  1.60651e+07
48  17  1.3479e+07
48  18  1.48854e+07
48  19  4.1687e+06
48  20  9.67327e+06
48  21  8.62869e+07
48  22  2.96144e+08
48  23  6.25114e+07
48  24  3.57771e+07
48  25  3.1732e+07
48  26  2.35507e+07
48  27  4.74653e+07
48  28  6.30357e+07
48  29  5.03656e+07
48  30  9.19391e+07
48  31  1.62475e+08
48  32  1.48209e+08
48  33  1.44088e+08
48  34  1.37848e+08
48  35  1.21329e+08
48  36  1.13265e+08
48  37  1.32048e+08
48  38  8.5808e+07
48  39  8.89414e+07
48  40  1.21749e+08
48  41  9.91366e+07
48  42  1.84605e+08
48  43  1.42734e+08
48  44  1.60204e+08
48  45  2.41869e+08
48  46  2.47218e+08
48  47  2.11063e+08
48  48  2.87353e+08
48  49  3.22045e+08
48  50  2.98674e+08
49  0  0
49  1  3.75428e+06
49  2  1.64929e+07
49  3  0
49  4  1.05121e+07
49  5  0
49  6  0
49  7  0
49  8  0
49  9  0
49  10  0
49  11  0
49  12  2.6632e+07
49  13  0
49  14  4.76924e+06
49  15  0
49  16  1.89366e+07
49  17  3.77853e+06
49  18  0
49  19  6.99369e+06
49  20  1.6073e+07
49  21  6.16092e+07
49  22  1.58674e+08
49  23  3.90274e+07
49  24  1.01084e+07
49  25  4.18031e+07
49  26  2.79187e+07
49  27  3.43184e+07
49  28  7.08261e+07
49  29  3.40944e+07
49  30  6.69425e+07
49  31  1.23795e+08
49  32  1.69147e+08
49  33  1.72832e+08
49  34  9.90093e+07
49  35  1.2506e+08
49  36  9.19793e+07
49  37  9.29483e+07
49  38  6.1925e+07
49  39  8.44552e+07
49  40  7.71585e+07
49  41  7.93133e+07
49  42  1.11545e+08
49  43  1.57104e+08
49  44  1.44789e+08
49  45  1.67747e+08
49  46  1.62421e+08
49  47  1.62996e+08
49  48  2.30788e+08
49  49  2.81921e+08
49  50  3.77575e+08
50  0  0
50  1  2.01795e+06
50  2  8.43737e+06
50  3  0
50  4  2.22003e+07
50  5  2.0971e+07
50  6  0
50  7  0
50  8  0
50  9  0
50  10  0
50  11  0
50  12  1.23206e+07
50  13  0
50  14  8.22678e+06
50  15  0
50  16  0
50  17  1.56424e+07
50  18  0
50  19  0
50  20  0
50  21  0
50  22  1.58161e+08
50  23  1.97537e+07
50  24  9.96789e+06
50  25  1.45774e+07
50  26  1.55964e+07
50  27  2.24902e+07
50  28  2.80107e+07
50  29  5.99816e+07
50  30  6.28564e+07
50  31  7.2683e+07
50  32  1.06395e+08
50  33  1.01454e+08
50  34  1.02529e+08
50  35  1.2117e+08
50  36  7.33552e+07
50  37  4.81869e+07
50  38  7.57571e+07
50  39  4.77358e+07
50  40  7.81305e+07
50  41  7.4783e+07
50  42  9.97474e+07
50  43  1.10642e+08
50  44  1.12485e+08
50  45  1.18631e+08
50  46  1.21907e+08
50  47  1.39013e+08
50  48  2.44554e+08
50  49  1.81635e+08
50  50  2.75783e+08

