row  column  (images_8.edf P_K*images_8.edf Ar_K**2.3)
0  0  1.0232e+06
0  1  0
0  2  1.39145e+06
0  3  3.37743e+06
0  4  9.93049e+06
0  5  2.25162e+06
0  6  2.4129e+06
0  7  0
0  8  8.11022e+06
0  9  0
0  10  6.00478e+06
0  11  0
0  12  1.25316e+07
0  13  0
0  14  0
0  15  0
0  16  0
0  17  5.91722e+06
0  18  1.13906e+07
0  19  9.22365e+06
0  20  0
0  21  8.25478e+06
0  22  0
0  23  0
0  24  0
0  25  0
0  26  0
0  27  0
0  28  1.04139e+07
0  29  0
0  30  0
0  31  0
0  32  0
0  33  0
0  34  0
0  35  0
0  36  0
0  37  0
0  38  0
0  39  0
0  40  0
0  41  0
0  42  0
0  43  0
0  44  0
0  45  0
0  46  0
0  47  0
0  48  0
0  49  0
0  50  0
1  0  0
1  1  2.14692e+06
1  2  0
1  3  1.78172e+06
1  4  3.34836e+06
1  5  0
1  6  8.43651e+06
1  7  3.49062e+06
1  8  0
1  9  4.76547e+06
1  10  0
1  11  4.42823e+06
1  12  4.39472e+06
1  13  0
1  14  0
1  15  0
1  16  0
1  17  9.0246e+06
1  18  1.65931e+07
1  19  1.01223e+07
1  20  1.08703e+07
1  21  1.21542e+06
1  22  0
1  23  0
1  24  0
1  25  0
1  26  0
1  27  0
1  28  0
1  29  0
1  30  0
1  31  0
1  32  0
1  33  348164
1  34  0
1  35  0
1  36  0
1  37  0
1  38  0
1  39  0
1  40  0
1  41  0
1  42  0
1  43  0
1  44  0
1  45  0
1  46  0
1  47  0
1  48  0
1  49  0
1  50  0
2  0  0
2  1  1.45913e+06
2  2  0
2  3  6.38451e+06
2  4  3.43635e+06
2  5  0
2  6  6.26266e+06
2  7  6.05621e+06
2  8  8.82511e+06
2  9  7.73606e+06
2  10  4.30447e+06
2  11  0
2  12  0
2  13  5.07501e+06
2  14  0
2  15  0
2  16  7.60473e+06
2  17  0
2  18  1.03563e+07
2  19  9.93428e+06
2  20  0
2  21  0
2  22  0
2  23  0
2  24  0
2  25  0
2  26  0
2  27  0
2  28  8.16923e+06
2  29  0
2  30  0
2  31  0
2  32  0
2  33  0
2  34  0
2  35  0
2  36  0
2  37  0
2  38  0
2  39  0
2  40  0
2  41  0
2  42  0
2  43  0
2  44  0
2  45  0
2  46  0
2  47  0
2  48  0
2  49  0
2  50  0
3  0  2.21621e+06
3  1  0
3  2  0
3  3  5.5636e+06
3  4  0
3  5  0
3  6  0
3  7  0
3  8  1.00377e+07
3  9  7.5552e+06
3  10  0
3  11  0
3  12  0
3  13  0
3  14  0
3  15  0
3  16  0
3  17  6.95451e+06
3  18  9.02572e+06
3  19  1.05565e+07
3  20  0
3  21  6.24413e+06
3  22  8.0403e+06
3  23  0
3  24  0
3  25  9.21943e+06
3  26  0
3  27  6.30721e+06
3  28  0
3  29  0
3  30  0
3  31  0
3  32  0
3  33  0
3  34  0
3  35  0
3  36  6.70194e+06
3  37  0
3  38  0
3  39  0
3  40  0
3  41  0
3  42  0
3  43  0
3  44  0
3  45  0
3  46  0
3  47  0
3  48  0
3  49  0
3  50  0
4  0  0
4  1  0
4  2  0
4  3  6.44784e+06
4  4  0
4  5  0
4  6  3.15534e+06
4  7  5.11984e+06
4  8  1.01465e+07
4  9  3.9157e+06
4  10  0
4  11  8.66725e+06
4  12  0
4  13  0
4  14  0
4  15  0
4  16  0
4  17  0
4  18  0
4  19  1.31144e+07
4  20  0
4  21  9.43522e+06
4  22  2.06436e+07
4  23  0
4  24  9.96845e+06
4  25  9.06532e+06
4  26  0
4  27  0
4  28  9.92276e+06
4  29  0
4  30  0
4  31  0
4  32  0
4  33  9.42632e+06
4  34  0
4  35  0
4  36  0
4  37  0
4  38  0
4  39  0
4  40  0
4  41  0
4  42  0
4  43  0
4  44  0
4  45  0
4  46  0
4  47  0
4  48  0
4  49  0
4  50  0
5  0  6.80761e+06
5  1  0
5  2  0
5  3  1.26625e+07
5  4  5.11692e+06
5  5  4.16527e+06
5  6  0
5  7  5.64654e+06
5  8  6.91574e+06
5  9  0
5  10  1.15998e+07
5  11  0
5  12  0
5  13  0
5  14  0
5  15  0
5  16  6.61099e+06
5  17  1.05519e+07
5  18  1.11189e+07
5  19  0
5  20  7.35444e+06
5  21  1.14166e+07
5  22  1.53386e+07
5  23  0
5  24  0
5  25  0
5  26  0
5  27  0
5  28  3.08043e+06
5  29  0
5  30  0
5  31  9.02653e+06
5  32  0
5  33  0
5  34  0
5  35  0
5  36  0
5  37  0
5  38  0
5  39  0
5  40  0
5  41  0
5  42  0
5  43  0
5  44  0
5  45  0
5  46  0
5  47  0
5  48  0
5  49  0
5  50  0
6  0  0
6  1  0
6  2  7.85397e+06
6  3  1.32551e+07
6  4  0
6  5  0
6  6  0
6  7  7.56308e+06
6  8  0
6  9  5.2553e+06
6  10  1.01632e+07
6  11  9.1578e+06
6  12  0
6  13  0
6  14  8.5663e+06
6  15  0
6  16  0
6  17  0
6  18  0
6  19  8.62294e+06
6  20  7.97149e+06
6  21  1.68812e+07
6  22  1.29589e+07
6  23  8.86795e+06
6  24  0
6  25  9.66027e+06
6  26  0
6  27  0
6  28  1.54296e+07
6  29  0
6  30  0
6  31  0
6  32  0
6  33  0
6  34  9.62678e+06
6  35  1.35969e+07
6  36  0
6  37  0
6  38  0
6  39  0
6  40  0
6  41  0
6  42  0
6  43  0
6  44  0
6  45  0
6  46  0
6  47  0
6  48  0
6  49  0
6  50  0
7  0  0
7  1  5.37486e+06
7  2  5.23047e+06
7  3  5.86962e+06
7  4  6.54e+06
7  5  0
7  6  0
7  7  0
7  8  0
7  9  0
7  10  0
7  11  1.20308e+07
7  12  0
7  13  0
7  14  0
7  15  6.65551e+06
7  16  1.38835e+07
7  17  9.36093e+06
7  18  0
7  19  8.05973e+06
7  20  1.09489e+07
7  21  1.68839e+07
7  22  1.18686e+07
7  23  1.15916e+07
7  24  1.17058e+07
7  25  6.92425e+06
7  26  0
7  27  7.13526e+06
7  28  0
7  29  0
7  30  9.00755e+06
7  31  0
7  32  8.23964e+06
7  33  1.18507e+07
7  34  6.35398e+06
7  35  9.23616e+06
7  36  9.12208e+06
7  37  0
7  38  6.65624e+06
7  39  0
7  40  0
7  41  0
7  42  0
7  43  0
7  44  0
7  45  0
7  46  0
7  47  0
7  48  0
7  49  0
7  50  0
8  0  0
8  1  0
8  2  8.72156e+06
8  3  0
8  4  0
8  5  0
8  6  0
8  7  7.31823e+06
8  8  6.76156e+06
8  9  7.58705e+06
8  10  0
8  11  9.42292e+06
8  12  0
8  13  0
8  14  0
8  15  0
8  16  1.33506e+07
8  17  1.32558e+07
8  18  7.7813e+06
8  19  9.3214e+06
8  20  1.64168e+07
8  21  1.126e+07
8  22  9.44026e+06
8  23  1.83387e+07
8  24  0
8  25  2.02651e+07
8  26  0
8  27  0
8  28  0
8  29  0
8  30  0
8  31  1.59697e+07
8  32  0
8  33  0
8  34  0
8  35  0
8  36  7.73366e+06
8  37  8.24153e+06
8  38  7.26018e+06
8  39  0
8  40  0
8  41  0
8  42  0
8  43  0
8  44  0
8  45  0
8  46  0
8  47  0
8  48  0
8  49  0
8  50  0
9  0  7.09982e+06
9  1  0
9  2  0
9  3  0
9  4  6.37389e+06
9  5  0
9  6  3.45053e+06
9  7  0
9  8  5.56498e+06
9  9  0
9  10  9.89683e+06
9  11  9.65295e+06
9  12  0
9  13  0
9  14  1.28886e+07
9  15  1.14835e+07
9  16  0
9  17  0
9  18  1.06672e+07
9  19  0
9  20  0
9  21  1.41958e+07
9  22  1.10845e+07
9  23  1.23767e+07
9  24  1.28052e+07
9  25  0
9  26  0
9  27  0
9  28  0
9  29  0
9  30  0
9  31  0
9  32  6.97962e+06
9  33  1.13076e+07
9  34  0
9  35  0
9  36  0
9  37  0
9  38  0
9  39  0
9  40  0
9  41  0
9  42  0
9  43  0
9  44  0
9  45  0
9  46  0
9  47  0
9  48  0
9  49  0
9  50  0
10  0  0
10  1  0
10  2  7.01942e+06
10  3  0
10  4  0
10  5  7.49744e+06
10  6  0
10  7  4.59037e+06
10  8  7.75214e+06
10  9  0
10  10  0
10  11  1.19225e+07
10  12  1.02402e+07
10  13  0
10  14  1.17014e+07
10  15  0
10  16  1.03777e+07
10  17  1.00129e+07
10  18  0
10  19  0
10  20  0
10  21  0
10  22  9.9455e+06
10  23  0
10  24  1.52742e+07
10  25  1.23358e+07
10  26  0
10  27  1.3244e+07
10  28  0
10  29  4.0177e+06
10  30  0
10  31  0
10  32  0
10  33  8.97358e+06
10  34  0
10  35  8.60409e+06
10  36  0
10  37  0
10  38  8.75043e+06
10  39  0
10  40  0
10  41  0
10  42  0
10  43  0
10  44  0
10  45  0
10  46  0
10  47  0
10  48  0
10  49  0
10  50  0
11  0  0
11  1  5.32845e+06
11  2  6.48933e+06
11  3  0
11  4  0
11  5  0
11  6  4.0753e+06
11  7  0
11  8  0
11  9  0
11  10  0
11  11  1.28623e+07
11  12  0
11  13  6.83853e+06
11  14  8.22224e+06
11  15  0
11  16  0
11  17  1.19196e+07
11  18  0
11  19  9.26639e+06
11  20  9.40251e+06
11  21  1.06925e+07
11  22  8.50566e+06
11  23  8.88684e+06
11  24  1.00171e+07
11  25  1.09173e+07
11  26  1.07375e+07
11  27  0
11  28  0
11  29  0
11  30  6.89396e+06
11  31  7.40002e+06
11  32  0
11  33  1.12483e+07
11  34  0
11  35  0
11  36  0
11  37  0
11  38  1.03238e+06
11  39  0
11  40  0
11  41  0
11  42  0
11  43  0
11  44  0
11  45  0
11  46  0
11  47  0
11  48  0
11  49  0
11  50  0
12  0  5.0826e+06
12  1  0
12  2  0
12  3  0
12  4  6.11779e+06
12  5  0
12  6  0
12  7  0
12  8  6.34852e+06
12  9  0
12  10  2.73712e+06
12  11  0
12  12  0
12  13  0
12  14  0
12  15  0
12  16  1.24595e+07
12  17  0
12  18  1.55218e+07
12  19  0
12  20  0
12  21  0
12  22  1.26227e+07
12  23  1.40214e+07
12  24  1.10584e+07
12  25  1.12015e+07
12  26  8.95019e+06
12  27  1.74669e+07
12  28  0
12  29  1.62479e+07
12  30  1.46228e+07
12  31  1.18294e+07
12  32  1.11666e+07
12  33  0
12  34  0
12  35  0
12  36  0
12  37  0
12  38  0
12  39  0
12  40  0
12  41  0
12  42  0
12  43  0
12  44  0
12  45  0
12  46  0
12  47  0
12  48  0
12  49  0
12  50  0
13  0  0
13  1  0
13  2  0
13  3  0
13  4  0
13  5  7.20331e+06
13  6  0
13  7  0
13  8  0
13  9  6.92474e+06
13  10  0
13  11  0
13  12  0
13  13  0
13  14  0
13  15  0
13  16  1.26993e+07
13  17  1.69269e+07
13  18  9.40269e+06
13  19  0
13  20  0
13  21  0
13  22  0
13  23  1.5332e+07
13  24  7.73631e+06
13  25  8.31074e+06
13  26  8.58375e+06
13  27  1.22669e+07
13  28  1.31502e+07
13  29  1.12265e+07
13  30  1.24014e+07
13  31  1.06729e+07
13  32  1.05691e+07
13  33  8.80156e+06
13  34  0
13  35  0
13  36  0
13  37  0
13  38  0
13  39  0
13  40  0
13  41  0
13  42  0
13  43  0
13  44  0
13  45  0
13  46  0
13  47  0
13  48  0
13  49  0
13  50  0
14  0  0
14  1  0
14  2  6.97152e+06
14  3  0
14  4  0
14  5  0
14  6  0
14  7  0
14  8  0
14  9  0
14  10  0
14  11  0
14  12  0
14  13  7.49461e+06
14  14  0
14  15  1.10773e+07
14  16  1.16308e+07
14  17  2.12503e+07
14  18  1.82537e+07
14  19  1.57108e+07
14  20  0
14  21  0
14  22  0
14  23  0
14  24  7.72056e+06
14  25  0
14  26  1.43943e+07
14  27  9.66494e+06
14  28  1.62939e+07
14  29  1.35792e+07
14  30  1.05237e+07
14  31  0
14  32  9.3965e+06
14  33  0
14  34  0
14  35  1.0203e+07
14  36  0
14  37  1.41709e+07
14  38  7.8183e+06
14  39  1.34143e+07
14  40  0
14  41  0
14  42  0
14  43  7.28286e+06
14  44  0
14  45  0
14  46  0
14  47  0
14  48  0
14  49  0
14  50  0
15  0  0
15  1  0
15  2  0
15  3  0
15  4  0
15  5  0
15  6  6.77234e+06
15  7  0
15  8  7.25305e+06
15  9  0
15  10  0
15  11  7.87743e+06
15  12  0
15  13  0
15  14  1.18697e+07
15  15  8.3916e+06
15  16  1.38919e+07
15  17  1.20474e+07
15  18  1.62409e+07
15  19  0
15  20  0
15  21  0
15  22  0
15  23  0
15  24  7.55891e+06
15  25  0
15  26  8.70147e+06
15  27  1.75266e+07
15  28  1.12187e+07
15  29  1.04108e+07
15  30  1.15942e+07
15  31  1.67323e+07
15  32  1.89757e+07
15  33  7.68093e+06
15  34  0
15  35  0
15  36  0
15  37  0
15  38  1.86446e+07
15  39  1.28638e+07
15  40  0
15  41  0
15  42  1.10832e+07
15  43  0
15  44  1.25618e+07
15  45  0
15  46  0
15  47  0
15  48  0
15  49  0
15  50  0
16  0  0
16  1  0
16  2  0
16  3  1.03023e+07
16  4  6.35443e+06
16  5  0
16  6  0
16  7  0
16  8  0
16  9  0
16  10  0
16  11  1.02761e+07
16  12  0
16  13  0
16  14  9.2652e+06
16  15  0
16  16  0
16  17  1.68352e+07
16  18  2.35176e+07
16  19  1.62932e+07
16  20  0
16  21  0
16  22  0
16  23  8.12548e+06
16  24  8.36823e+06
16  25  1.55696e+07
16  26  0
16  27  1.43664e+07
16  28  1.49247e+07
16  29  1.78084e+07
16  30  1.39152e+07
16  31  0
16  32  1.23176e+07
16  33  0
16  34  0
16  35  0
16  36  0
16  37  1.10641e+07
16  38  1.71726e+07
16  39  8.53378e+06
16  40  0
16  41  7.38239e+06
16  42  0
16  43  0
16  44  0
16  45  0
16  46  0
16  47  0
16  48  0
16  49  0
16  50  0
17  0  0
17  1  0
17  2  0
17  3  0
17  4  0
17  5  0
17  6  0
17  7  0
17  8  1.3756e+07
17  9  0
17  10  0
17  11  0
17  12  1.58438e+07
17  13  0
17  14  0
17  15  7.13474e+06
17  16  0
17  17  1.28873e+07
17  18  2.12528e+07
17  19  9.85089e+06
17  20  0
17  21  0
17  22  0
17  23  0
17  24  0
17  25  1.00367e+07
17  26  1.07042e+07
17  27  7.02796e+06
17  28  1.35505e+07
17  29  1.71547e+07
17  30  1.20707e+07
17  31  7.47861e+06
17  32  1.31388e+07
17  33  1.22055e+07
17  34  0
17  35  0
17  36  1.40994e+07
17  37  0
17  38  1.3664e+07
17  39  1.14245e+07
17  40  0
17  41  0
17  42  0
17  43  0
17  44  0
17  45  0
17  46  0
17  47  0
17  48  0
17  49  0
17  50  0
18  0  8.42794e+06
18  1  6.725e+06
18  2  6.00913e+06
18  3  9.64017e+06
18  4  1.32363e+07
18  5  0
18  6  0
18  7  0
18  8  1.20287e+07
18  9  0
18  10  0
18  11  0
18  12  9.4278e+06
18  13  0
18  14  0
18  15  7.70412e+06
18  16  1.29925e+07
18  17  0
18  18  1.35568e+07
18  19  1.4438e+07
18  20  0
18  21  0
18  22  0
18  23  7.57981e+06
18  24  1.55427e+07
18  25  1.56447e+07
18  26  1.61323e+07
18  27  2.32197e+07
18  28  1.69913e+07
18  29  1.51084e+07
18  30  8.59649e+06
18  31  1.03974e+07
18  32  8.43366e+06
18  33  0
18  34  0
18  35  0
18  36  0
18  37  5.94565e+06
18  38  1.66243e+07
18  39  1.36559e+07
18  40  0
18  41  0
18  42  0
18  43  0
18  44  0
18  45  0
18  46  0
18  47  0
18  48  0
18  49  0
18  50  0
19  0  7.51131e+06
19  1  0
19  2  0
19  3  0
19  4  9.04529e+06
19  5  7.28105e+06
19  6  0
19  7  4.9769e+06
19  8  0
19  9  0
19  10  1.42258e+07
19  11  7.51542e+06
19  12  1.04473e+07
19  13  0
19  14  8.71863e+06
19  15  0
19  16  1.34785e+07
19  17  1.32336e+07
19  18  9.34785e+06
19  19  0
19  20  7.05936e+06
19  21  0
19  22  0
19  23  0
19  24  7.25344e+06
19  25  1.18864e+07
19  26  1.7762e+07
19  27  1.64757e+07
19  28  1.32256e+07
19  29  1.33885e+07
19  30  1.26017e+07
19  31  1.22458e+07
19  32  1.34902e+07
19  33  0
19  34  0
19  35  0
19  36  0
19  37  0
19  38  0
19  39  0
19  40  888989
19  41  0
19  42  0
19  43  0
19  44  0
19  45  0
19  46  0
19  47  0
19  48  0
19  49  0
19  50  0
20  0  0
20  1  6.74774e+06
20  2  0
20  3  0
20  4  1.80305e+07
20  5  0
20  6  0
20  7  0
20  8  6.91509e+06
20  9  9.25141e+06
20  10  0
20  11  0
20  12  1.03308e+07
20  13  7.0795e+06
20  14  8.38828e+06
20  15  1.5987e+07
20  16  0
20  17  1.05845e+07
20  18  1.41997e+07
20  19  9.33737e+06
20  20  0
20  21  0
20  22  9.70301e+06
20  23  0
20  24  9.46717e+06
20  25  1.33013e+07
20  26  1.35067e+07
20  27  2.2907e+07
20  28  2.20174e+07
20  29  1.00643e+07
20  30  1.77879e+07
20  31  1.20766e+07
20  32  1.53554e+07
20  33  9.56186e+06
20  34  0
20  35  0
20  36  0
20  37  733187
20  38  2.23863e+07
20  39  1.02872e+07
20  40  8.27487e+06
20  41  0
20  42  0
20  43  0
20  44  0
20  45  0
20  46  1.02988e+07
20  47  0
20  48  0
20  49  0
20  50  0
21  0  1.69211e+07
21  1  0
21  2  0
21  3  6.3447e+06
21  4  0
21  5  1.29363e+07
21  6  0
21  7  1.11895e+07
21  8  6.90118e+06
21  9  0
21  10  8.34172e+06
21  11  0
21  12  0
21  13  1.36244e+07
21  14  1.06554e+07
21  15  1.9374e+07
21  16  1.1846e+07
21  17  1.29925e+07
21  18  1.78358e+07
21  19  1.41678e+07
21  20  0
21  21  0
21  22  0
21  23  0
21  24  1.33504e+07
21  25  0
21  26  1.77161e+07
21  27  1.75231e+07
21  28  1.59796e+07
21  29  1.34041e+07
21  30  1.01679e+07
21  31  1.02503e+07
21  32  0
21  33  0
21  34  0
21  35  0
21  36  0
21  37  0
21  38  1.75709e+07
21  39  9.6993e+06
21  40  0
21  41  1.22222e+07
21  42  8.06931e+06
21  43  7.9759e+06
21  44  0
21  45  1.29588e+07
21  46  1.18251e+07
21  47  0
21  48  0
21  49  6.99647e+06
21  50  0
22  0  0
22  1  7.82538e+06
22  2  0
22  3  0
22  4  8.46202e+06
22  5  8.7793e+06
22  6  0
22  7  0
22  8  0
22  9  0
22  10  8.27935e+06
22  11  7.96455e+06
22  12  1.46907e+07
22  13  1.02515e+07
22  14  9.75621e+06
22  15  1.10068e+07
22  16  1.39854e+07
22  17  8.57835e+06
22  18  1.79546e+07
22  19  1.41944e+07
22  20  1.16913e+07
22  21  0
22  22  1.1616e+07
22  23  1.09086e+07
22  24  0
22  25  2.37712e+07
22  26  0
22  27  1.3245e+07
22  28  1.49452e+07
22  29  8.42648e+06
22  30  1.24749e+07
22  31  1.27045e+07
22  32  1.81819e+07
22  33  0
22  34  9.78736e+06
22  35  0
22  36  0
22  37  0
22  38  1.65911e+07
22  39  8.42468e+06
22  40  0
22  41  9.18263e+06
22  42  8.76441e+06
22  43  1.27859e+07
22  44  0
22  45  7.43075e+06
22  46  0
22  47  0
22  48  0
22  49  0
22  50  0
23  0  0
23  1  9.15746e+06
23  2  9.84078e+06
23  3  0
23  4  0
23  5  9.29883e+06
23  6  7.76406e+06
23  7  9.11306e+06
23  8  1.14002e+07
23  9  1.1767e+07
23  10  1.07565e+07
23  11  2.07555e+07
23  12  1.4037e+07
23  13  9.55525e+06
23  14  7.54426e+06
23  15  1.07016e+07
23  16  8.99112e+06
23  17  8.8841e+06
23  18  0
23  19  1.65551e+07
23  20  0
23  21  7.92141e+06
23  22  1.03336e+07
23  23  1.11372e+07
23  24  8.37716e+06
23  25  1.2887e+07
23  26  1.42269e+07
23  27  1.67395e+07
23  28  9.88516e+06
23  29  1.42953e+07
23  30  1.41591e+07
23  31  9.14431e+06
23  32  1.41065e+07
23  33  3.36464e+06
23  34  0
23  35  1.12465e+07
23  36  1.10628e+07
23  37  1.71646e+07
23  38  2.53685e+07
23  39  1.14212e+07
23  40  0
23  41  7.01602e+06
23  42  1.51856e+07
23  43  1.38058e+07
23  44  1.21223e+07
23  45  0
23  46  0
23  47  1.46907e+07
23  48  0
23  49  0
23  50  9.33964e+06
24  0  1.21109e+07
24  1  8.69103e+06
24  2  8.94664e+06
24  3  9.32957e+06
24  4  7.5123e+06
24  5  1.14194e+07
24  6  1.48112e+07
24  7  0
24  8  0
24  9  1.51291e+07
24  10  1.59542e+07
24  11  1.53853e+07
24  12  1.20988e+07
24  13  1.52339e+07
24  14  1.98788e+07
24  15  1.83814e+07
24  16  1.44258e+07
24  17  2.05143e+07
24  18  1.21664e+07
24  19  1.17318e+07
24  20  0
24  21  0
24  22  6.55712e+06
24  23  1.01081e+07
24  24  0
24  25  1.47723e+07
24  26  9.20841e+06
24  27  0
24  28  1.87925e+07
24  29  9.91269e+06
24  30  1.61236e+07
24  31  1.76733e+07
24  32  1.55476e+07
24  33  8.83371e+06
24  34  1.37659e+07
24  35  1.47072e+07
24  36  1.31087e+07
24  37  2.066e+07
24  38  1.30073e+07
24  39  1.64244e+07
24  40  1.33725e+07
24  41  9.61453e+06
24  42  1.85499e+07
24  43  1.35402e+07
24  44  1.48154e+07
24  45  8.2014e+06
24  46  0
24  47  1.39925e+07
24  48  1.08574e+07
24  49  1.5376e+07
24  50  1.19976e+07
25  0  1.28678e+07
25  1  0
25  2  7.46542e+06
25  3  0
25  4  6.57118e+06
25  5  1.02495e+07
25  6  1.03268e+07
25  7  7.89156e+06
25  8  9.464e+06
25  9  1.48473e+07
25  10  1.25761e+07
25  11  1.78724e+07
25  12  1.84457e+07
25  13  1.5573e+07
25  14  1.24008e+07
25  15  1.91815e+07
25  16  1.69125e+07
25  17  1.37755e+07
25  18  2.65219e+07
25  19  0
25  20  0
25  21  8.85196e+06
25  22  0
25  23  8.58455e+06
25  24  1.2371e+07
25  25  1.40084e+07
25  26  1.24914e+07
25  27  1.60888e+07
25  28  1.45259e+07
25  29  1.43678e+07
25  30  1.43957e+07
25  31  1.16075e+07
25  32  1.48086e+07
25  33  1.32308e+07
25  34  1.14628e+07
25  35  0
25  36  1.53276e+07
25  37  1.27505e+07
25  38  1.36128e+07
25  39  0
25  40  1.5462e+07
25  41  9.64926e+06
25  42  1.31099e+07
25  43  1.35113e+07
25  44  1.31444e+07
25  45  0
25  46  0
25  47  0
25  48  0
25  49  0
25  50  1.13679e+07
26  0  1.50505e+07
26  1  1.30119e+07
26  2  8.54887e+06
26  3  6.06591e+06
26  4  1.32871e+07
26  5  8.55305e+06
26  6  1.29678e+07
26  7  8.38578e+06
26  8  9.31214e+06
26  9  1.55321e+07
26  10  1.77744e+07
26  11  1.96119e+07
26  12  1.80161e+07
26  13  1.5071e+07
26  14  2.09965e+07
26  15  1.30014e+07
26  16  1.98022e+07
26  17  9.60991e+06
26  18  1.76668e+07
26  19  9.29283e+06
26  20  1.55718e+07
26  21  9.56752e+06
26  22  2.13632e+07
26  23  2.01334e+07
26  24  1.91791e+07
26  25  1.88001e+07
26  26  1.76456e+07
26  27  1.91033e+07
26  28  2.1589e+07
26  29  2.22793e+07
26  30  1.95207e+07
26  31  1.33525e+07
26  32  1.83878e+07
26  33  1.24967e+07
26  34  1.40588e+07
26  35  0
26  36  1.3213e+07
26  37  1.52364e+07
26  38  1.78204e+07
26  39  1.07591e+07
26  40  1.25532e+07
26  41  1.039e+07
26  42  1.29403e+07
26  43  1.48312e+07
26  44  1.15039e+07
26  45  1.48762e+07
26  46  1.24993e+07
26  47  1.33115e+07
26  48  7.57033e+06
26  49  0
26  50  9.79239e+06
27  0  0
27  1  7.12652e+06
27  2  0
27  3  0
27  4  1.73337e+07
27  5  0
27  6  8.0355e+06
27  7  1.05171e+07
27  8  1.81001e+07
27  9  9.97469e+06
27  10  2.13728e+07
27  11  1.69347e+07
27  12  1.49397e+07
27  13  1.6378e+07
27  14  1.67229e+07
27  15  1.50182e+07
27  16  1.65337e+07
27  17  1.47224e+07
27  18  1.5305e+07
27  19  2.39591e+07
27  20  1.47693e+07
27  21  2.13495e+07
27  22  1.67097e+07
27  23  2.2464e+07
27  24  1.81814e+07
27  25  1.69387e+07
27  26  1.64225e+07
27  27  1.44797e+07
27  28  1.81218e+07
27  29  1.89704e+07
27  30  2.00194e+07
27  31  1.72869e+07
27  32  1.43764e+07
27  33  1.5835e+07
27  34  1.3301e+07
27  35  1.48601e+07
27  36  1.96092e+07
27  37  1.4537e+07
27  38  2.24174e+07
27  39  1.1784e+07
27  40  1.43235e+07
27  41  8.23117e+06
27  42  1.79914e+07
27  43  0
27  44  1.31029e+07
27  45  9.79206e+06
27  46  1.50262e+07
27  47  1.08565e+07
27  48  1.10911e+07
27  49  9.46789e+06
27  50  1.11338e+07
28  0  8.91307e+06
28  1  1.6931e+07
28  2  1.48209e+07
28  3  1.06808e+07
28  4  9.87685e+06
28  5  1.2064e+07
28  6  1.28984e+07
28  7  1.08213e+07
28  8  1.32082e+07
28  9  1.0368e+07
28  10  1.36716e+07
28  11  1.95357e+07
28  12  2.13536e+07
28  13  1.94485e+07
28  14  1.23474e+07
28  15  1.37841e+07
28  16  1.30443e+07
28  17  8.82324e+06
28  18  1.25953e+07
28  19  1.39215e+07
28  20  2.05399e+07
28  21  1.93773e+07
28  22  2.71036e+07
28  23  2.20532e+07
28  24  1.62062e+07
28  25  2.3534e+07
28  26  2.03554e+07
28  27  1.52161e+07
28  28  1.8805e+07
28  29  1.33749e+07
28  30  1.81647e+07
28  31  1.38903e+07
28  32  1.60258e+07
28  33  1.74075e+07
28  34  1.18641e+07
28  35  1.00247e+07
28  36  1.4527e+07
28  37  2.06389e+07
28  38  1.54384e+07
28  39  1.69393e+07
28  40  1.11443e+07
28  41  0
28  42  2.07899e+07
28  43  1.19673e+07
28  44  1.89786e+07
28  45  0
28  46  1.56418e+07
28  47  7.93101e+06
28  48  1.1555e+07
28  49  1.06237e+07
28  50  1.10816e+07
29  0  8.02402e+06
29  1  1.53747e+07
29  2  0
29  3  7.94389e+06
29  4  1.70628e+07
29  5  8.45733e+06
29  6  1.46515e+07
29  7  1.25196e+07
29  8  1.41247e+07
29  9  1.36712e+07
29  10  8.21814e+06
29  11  1.56088e+07
29  12  1.63774e+07
29  13  9.65107e+06
29  14  1.5805e+07
29  15  1.47617e+07
29  16  1.59474e+07
29  17  8.54997e+06
29  18  8.52712e+06
29  19  1.54078e+07
29  20  2.64256e+07
29  21  2.45979e+07
29  22  2.18216e+07
29  23  2.63626e+07
29  24  1.86476e+07
29  25  1.61977e+07
29  26  1.87059e+07
29  27  1.77536e+07
29  28  1.71245e+07
29  29  1.03425e+07
29  30  1.89759e+07
29  31  1.49835e+07
29  32  1.0806e+07
29  33  2.0303e+07
29  34  1.48694e+07
29  35  1.4609e+07
29  36  1.94855e+07
29  37  1.95696e+07
29  38  1.12285e+07
29  39  1.37e+07
29  40  1.6778e+07
29  41  1.42489e+07
29  42  1.55934e+07
29  43  1.17056e+07
29  44  1.44888e+07
29  45  2.20193e+07
29  46  1.91779e+07
29  47  1.01882e+07
29  48  0
29  49  1.0875e+07
29  50  0
30  0  7.21747e+06
30  1  8.97552e+06
30  2  0
30  3  1.04548e+07
30  4  1.07844e+07
30  5  1.30811e+07
30  6  9.56092e+06
30  7  1.20839e+07
30  8  9.00488e+06
30  9  1.3278e+07
30  10  1.64718e+07
30  11  1.88282e+07
30  12  1.64383e+07
30  13  9.22231e+06
30  14  1.78762e+07
30  15  1.92291e+07
30  16  1.92454e+07
30  17  1.63916e+07
30  18  1.48364e+07
30  19  2.03337e+07
30  20  2.35461e+07
30  21  2.30215e+07
30  22  2.36253e+07
30  23  3.0114e+07
30  24  1.62597e+07
30  25  2.63911e+07
30  26  2.0963e+07
30  27  1.15353e+07
30  28  1.52936e+07
30  29  1.99895e+07
30  30  1.70913e+07
30  31  1.75107e+07
30  32  1.06307e+07
30  33  1.44373e+07
30  34  1.60794e+07
30  35  1.28089e+07
30  36  1.68085e+07
30  37  2.00626e+07
30  38  1.75173e+07
30  39  2.2278e+07
30  40  1.14074e+07
30  41  1.30067e+07
30  42  1.33977e+07
30  43  1.4944e+07
30  44  1.53898e+07
30  45  1.4732e+07
30  46  1.22227e+07
30  47  9.97363e+06
30  48  1.17594e+07
30  49  0
30  50  8.87607e+06
31  0  0
31  1  1.02103e+07
31  2  7.20295e+06
31  3  6.65011e+06
31  4  7.37339e+06
31  5  2.12599e+07
31  6  1.79238e+07
31  7  1.7678e+07
31  8  1.21241e+07
31  9  1.0391e+07
31  10  1.67144e+07
31  11  1.7977e+07
31  12  1.03082e+07
31  13  0
31  14  1.34493e+07
31  15  1.42556e+07
31  16  8.33342e+06
31  17  8.11398e+06
31  18  1.03628e+07
31  19  1.50465e+07
31  20  1.9121e+07
31  21  3.27182e+07
31  22  2.07095e+07
31  23  2.14947e+07
31  24  1.91839e+07
31  25  1.10731e+07
31  26  1.13533e+07
31  27  2.11631e+07
31  28  8.9047e+06
31  29  1.48344e+07
31  30  1.34739e+07
31  31  1.42331e+07
31  32  1.27517e+07
31  33  1.38117e+07
31  34  9.43646e+06
31  35  8.58616e+06
31  36  1.21669e+07
31  37  1.52068e+07
31  38  1.70417e+07
31  39  2.47658e+07
31  40  1.23016e+07
31  41  1.61094e+07
31  42  1.40724e+07
31  43  1.60374e+07
31  44  2.01045e+07
31  45  1.11123e+07
31  46  1.22177e+07
31  47  1.12392e+07
31  48  1.10567e+07
31  49  1.0653e+07
31  50  0
32  0  9.56754e+06
32  1  1.07086e+07
32  2  6.16702e+06
32  3  7.42744e+06
32  4  1.09455e+07
32  5  8.98323e+06
32  6  1.17337e+07
32  7  1.82969e+07
32  8  1.35918e+07
32  9  7.24574e+06
32  10  9.69796e+06
32  11  1.61688e+07
32  12  1.48733e+07
32  13  1.18922e+07
32  14  1.71833e+07
32  15  1.5976e+07
32  16  1.09659e+07
32  17  0
32  18  1.05314e+07
32  19  2.57232e+07
32  20  2.49892e+07
32  21  2.30917e+07
32  22  1.8274e+07
32  23  3.00343e+07
32  24  2.02216e+07
32  25  1.85818e+07
32  26  1.57946e+07
32  27  1.82178e+07
32  28  1.53424e+07
32  29  1.66461e+07
32  30  1.41331e+07
32  31  1.05712e+07
32  32  8.74821e+06
32  33  1.3423e+07
32  34  1.13871e+07
32  35  1.27739e+07
32  36  2.88406e+07
32  37  5.98251e+06
32  38  1.64421e+07
32  39  1.71931e+07
32  40  1.71474e+07
32  41  1.7093e+07
32  42  1.37973e+07
32  43  1.17744e+07
32  44  1.97586e+07
32  45  1.69802e+07
32  46  1.36481e+07
32  47  1.99535e+07
32  48  1.19075e+07
32  49  8.82704e+06
32  50  0
33  0  0
33  1  1.15342e+07
33  2  0
33  3  1.47452e+07
33  4  1.11705e+07
33  5  1.72627e+07
33  6  9.78642e+06
33  7  1.70219e+07
33  8  1.03057e+07
33  9  1.12483e+07
33  10  1.22291e+07
33  11  1.11714e+07
33  12  1.34477e+07
33  13  1.2275e+07
33  14  1.60708e+07
33  15  1.41104e+07
33  16  0
33  17  8.70683e+06
33  18  1.8063e+07
33  19  1.97277e+07
33  20  2.96971e+07
33  21  2.80501e+07
33  22  2.6434e+07
33  23  2.43048e+07
33  24  2.96749e+07
33  25  1.77109e+07
33  26  1.45428e+07
33  27  1.98111e+07
33  28  1.69509e+07
33  29  1.21222e+07
33  30  0
33  31  1.77307e+07
33  32  1.09773e+07
33  33  0
33  34  1.15657e+07
33  35  0
33  36  1.33558e+07
33  37  1.32959e+07
33  38  1.26696e+07
33  39  1.72341e+07
33  40  1.81066e+07
33  41  1.8492e+07
33  42  1.55634e+07
33  43  2.44674e+07
33  44  2.01702e+07
33  45  1.74274e+07
33  46  1.57894e+07
33  47  1.36426e+07
33  48  0
33  49  8.58899e+06
33  50  0
34  0  0
34  1  0
34  2  5.75401e+06
34  3  0
34  4  1.29193e+07
34  5  1.74932e+07
34  6  1.47145e+06
34  7  1.13137e+07
34  8  1.75993e+07
34  9  7.40988e+06
34  10  9.65726e+06
34  11  9.47262e+06
34  12  1.051e+07
34  13  6.61352e+06
34  14  0
34  15  0
34  16  8.254e+06
34  17  7.93123e+06
34  18  1.85086e+07
34  19  2.02315e+07
34  20  2.46531e+07
34  21  1.89253e+07
34  22  2.77547e+07
34  23  2.68542e+07
34  24  2.72147e+07
34  25  1.63516e+07
34  26  1.99562e+07
34  27  1.32746e+07
34  28  1.21802e+07
34  29  1.15585e+07
34  30  1.95332e+07
34  31  8.85042e+06
34  32  9.15296e+06
34  33  1.27489e+07
34  34  8.47142e+06
34  35  1.48706e+07
34  36  1.70092e+07
34  37  1.86938e+07
34  38  1.15526e+07
34  39  1.31825e+07
34  40  1.83639e+07
34  41  1.49017e+07
34  42  1.32972e+07
34  43  1.83429e+07
34  44  2.0201e+07
34  45  1.73037e+07
34  46  1.03354e+07
34  47  1.47959e+07
34  48  1.0588e+07
34  49  1.00599e+07
34  50  0
35  0  8.09221e+06
35  1  1.60579e+07
35  2  7.73245e+06
35  3  1.19897e+07
35  4  1.02e+07
35  5  1.18221e+07
35  6  1.18188e+07
35  7  2.05521e+07
35  8  1.15597e+07
35  9  7.77003e+06
35  10  8.16622e+06
35  11  7.05747e+06
35  12  1.35424e+07
35  13  1.16207e+07
35  14  6.56493e+06
35  15  0
35  16  1.00457e+07
35  17  1.07693e+07
35  18  2.09022e+07
35  19  2.73333e+07
35  20  2.10673e+07
35  21  2.3153e+07
35  22  3.26497e+07
35  23  2.63695e+07
35  24  2.394e+07
35  25  1.93916e+07
35  26  2.11279e+07
35  27  2.46403e+07
35  28  1.89272e+07
35  29  1.27617e+07
35  30  9.16363e+06
35  31  1.59742e+07
35  32  0
35  33  0
35  34  1.16772e+07
35  35  0
35  36  1.82678e+07
35  37  9.34908e+06
35  38  1.44622e+07
35  39  1.9513e+07
35  40  1.52183e+07
35  41  1.44821e+07
35  42  2.07644e+07
35  43  1.65913e+07
35  44  1.67159e+07
35  45  1.23148e+07
35  46  1.60078e+07
35  47  1.90715e+07
35  48  1.07492e+07
35  49  0
35  50  0
36  0  4.93199e+06
36  1  7.99687e+06
36  2  0
36  3  7.88198e+06
36  4  1.03208e+07
36  5  1.75086e+07
36  6  1.25875e+07
36  7  1.60248e+07
36  8  1.03258e+07
36  9  1.41396e+07
36  10  0
36  11  6.25335e+06
36  12  0
36  13  7.64948e+06
36  14  1.42896e+07
36  15  1.0685e+07
36  16  1.17649e+07
36  17  1.14774e+07
36  18  2.47407e+07
36  19  2.66359e+07
36  20  3.19196e+07
36  21  3.29283e+07
36  22  2.7993e+07
36  23  3.439e+07
36  24  2.61705e+07
36  25  2.1176e+07
36  26  1.86004e+07
36  27  2.0317e+07
36  28  2.00215e+07
36  29  2.60971e+07
36  30  0
36  31  9.68294e+06
36  32  9.96689e+06
36  33  1.18145e+07
36  34  1.0747e+07
36  35  1.02528e+07
36  36  1.2381e+07
36  37  1.35789e+07
36  38  1.95432e+07
36  39  2.04258e+07
36  40  9.29703e+06
36  41  1.68096e+07
36  42  2.22436e+07
36  43  2.22856e+07
36  44  1.86865e+07
36  45  2.08986e+07
36  46  1.11397e+07
36  47  1.2592e+07
36  48  9.33423e+06
36  49  1.08727e+07
36  50  0
37  0  5.74975e+06
37  1  9.83847e+06
37  2  6.56177e+06
37  3  0
37  4  0
37  5  1.61956e+07
37  6  9.02044e+06
37  7  9.69217e+06
37  8  1.14169e+07
37  9  8.36899e+06
37  10  1.11567e+07
37  11  0
37  12  9.25363e+06
37  13  0
37  14  0
37  15  0
37  16  1.78816e+07
37  17  1.47786e+07
37  18  2.14478e+07
37  19  3.05285e+07
37  20  2.25303e+07
37  21  2.09566e+07
37  22  2.28303e+07
37  23  2.81971e+07
37  24  2.90955e+07
37  25  2.26113e+07
37  26  2.46079e+07
37  27  1.53251e+07
37  28  2.0262e+07
37  29  1.83357e+07
37  30  1.36119e+07
37  31  9.8509e+06
37  32  9.10161e+06
37  33  1.12618e+07
37  34  9.3879e+06
37  35  1.10109e+07
37  36  1.51075e+07
37  37  0
37  38  1.72878e+07
37  39  8.89494e+06
37  40  1.56397e+07
37  41  1.77652e+07
37  42  1.75692e+07
37  43  1.95664e+07
37  44  2.4551e+07
37  45  1.49138e+07
37  46  1.85349e+07
37  47  1.20951e+07
37  48  1.02717e+07
37  49  1.31952e+07
37  50  1.04926e+07
38  0  7.38835e+06
38  1  1.25078e+07
38  2  8.34716e+06
38  3  0
38  4  2.09112e+07
38  5  8.44756e+06
38  6  1.05429e+07
38  7  9.9366e+06
38  8  0
38  9  9.90786e+06
38  10  1.11581e+07
38  11  6.90876e+06
38  12  0
38  13  9.28655e+06
38  14  8.08309e+06
38  15  9.31284e+06
38  16  2.45254e+07
38  17  2.34751e+07
38  18  2.12707e+07
38  19  3.34033e+07
38  20  2.63095e+07
38  21  2.45254e+07
38  22  3.4734e+07
38  23  2.86928e+07
38  24  2.17411e+07
38  25  2.60488e+07
38  26  1.661e+07
38  27  1.82383e+07
38  28  1.53633e+07
38  29  1.55766e+07
38  30  1.94551e+07
38  31  1.59857e+07
38  32  1.06988e+07
38  33  1.85179e+07
38  34  1.1986e+07
38  35  0
38  36  6.66731e+06
38  37  0
38  38  1.61516e+07
38  39  1.41728e+07
38  40  1.33019e+07
38  41  2.35247e+07
38  42  2.12148e+07
38  43  2.39537e+07
38  44  1.76415e+07
38  45  2.39338e+07
38  46  2.09299e+07
38  47  1.58157e+07
38  48  1.11347e+07
38  49  1.09652e+07
38  50  0
39  0  1.16318e+07
39  1  0
39  2  7.05569e+06
39  3  0
39  4  0
39  5  1.90478e+07
39  6  1.18307e+07
39  7  9.39998e+06
39  8  7.97371e+06
39  9  1.63922e+07
39  10  9.79574e+06
39  11  0
39  12  0
39  13  0
39  14  0
39  15  1.64734e+07
39  16  2.45758e+07
39  17  2.16514e+07
39  18  2.11629e+07
39  19  2.6833e+07
39  20  3.00437e+07
39  21  2.33132e+07
39  22  2.49751e+07
39  23  1.98864e+07
39  24  2.64981e+07
39  25  2.10538e+07
39  26  1.83296e+07
39  27  1.66052e+07
39  28  1.58845e+07
39  29  1.50399e+07
39  30  1.18103e+07
39  31  1.45778e+07
39  32  1.2724e+07
39  33  9.22883e+06
39  34  8.45603e+06
39  35  0
39  36  1.26588e+07
39  37  7.65757e+06
39  38  1.78783e+07
39  39  1.66173e+07
39  40  1.85075e+07
39  41  2.11082e+07
39  42  1.19944e+07
39  43  1.60946e+07
39  44  2.35789e+07
39  45  2.44855e+07
39  46  1.46819e+07
39  47  1.24345e+07
39  48  1.63992e+07
39  49  0
39  50  0
40  0  9.03336e+06
40  1  0
40  2  5.95341e+06
40  3  1.22492e+07
40  4  1.16013e+07
40  5  1.82086e+07
40  6  1.4243e+07
40  7  1.6632e+07
40  8  7.1284e+06
40  9  1.13341e+07
40  10  7.54658e+06
40  11  0
40  12  6.03997e+06
40  13  0
40  14  0
40  15  1.48419e+07
40  16  2.90088e+07
40  17  2.12746e+07
40  18  2.39219e+07
40  19  3.5046e+07
40  20  3.47048e+07
40  21  2.78127e+07
40  22  2.07682e+07
40  23  2.46288e+07
40  24  2.41615e+07
40  25  2.27745e+07
40  26  1.59802e+07
40  27  1.70077e+07
40  28  2.32702e+07
40  29  1.37522e+07
40  30  7.0506e+06
40  31  1.27734e+07
40  32  7.98485e+06
40  33  1.38955e+07
40  34  9.66528e+06
40  35  8.79117e+06
40  36  9.19766e+06
40  37  1.10904e+07
40  38  1.72049e+07
40  39  1.85761e+07
40  40  2.30367e+07
40  41  2.44963e+07
40  42  2.03623e+07
40  43  1.27041e+07
40  44  2.49348e+07
40  45  2.09678e+07
40  46  2.37365e+07
40  47  2.27914e+07
40  48  1.28438e+07
40  49  0
40  50  1.05134e+07
41  0  8.27277e+06
41  1  6.98523e+06
41  2  1.16836e+07
41  3  9.77061e+06
41  4  1.64674e+07
41  5  1.35952e+07
41  6  1.11432e+07
41  7  1.4387e+07
41  8  7.95497e+06
41  9  7.46582e+06
41  10  6.45525e+06
41  11  0
41  12  6.31372e+06
41  13  6.63768e+06
41  14  0
41  15  1.08186e+07
41  16  1.97063e+07
41  17  2.80711e+07
41  18  2.44347e+07
41  19  2.82794e+07
41  20  3.11299e+07
41  21  3.15419e+07
41  22  3.66485e+07
41  23  2.65927e+07
41  24  9.81491e+06
41  25  1.74879e+07
41  26  1.9671e+07
41  27  1.84383e+07
41  28  9.79991e+06
41  29  6.8044e+06
41  30  1.52264e+07
41  31  1.11759e+07
41  32  7.3957e+06
41  33  6.7365e+06
41  34  3.53078e+06
41  35  0
41  36  1.53574e+07
41  37  5.65603e+06
41  38  1.07685e+07
41  39  1.49734e+07
41  40  1.3309e+07
41  41  2.1199e+07
41  42  2.46822e+07
41  43  1.77165e+07
41  44  2.28815e+07
41  45  1.85231e+07
41  46  2.88949e+07
41  47  1.68075e+07
41  48  1.66269e+07
41  49  0
41  50  0
42  0  7.58414e+06
42  1  1.14202e+07
42  2  7.12257e+06
42  3  7.69299e+06
42  4  2.09481e+07
42  5  1.12865e+07
42  6  2.04156e+07
42  7  1.20803e+07
42  8  1.08179e+07
42  9  1.27379e+07
42  10  6.60977e+06
42  11  0
42  12  0
42  13  5.77835e+06
42  14  6.23197e+06
42  15  1.23391e+07
42  16  2.35479e+07
42  17  2.0713e+07
42  18  2.25835e+07
42  19  3.02796e+07
42  20  2.58612e+07
42  21  2.07977e+07
42  22  2.53938e+07
42  23  2.76158e+07
42  24  2.04178e+07
42  25  2.22055e+07
42  26  1.51791e+07
42  27  2.58809e+07
42  28  2.35147e+07
42  29  1.34135e+07
42  30  1.81685e+07
42  31  1.3265e+07
42  32  1.56911e+07
42  33  1.48073e+07
42  34  1.09604e+07
42  35  1.20829e+07
42  36  1.18253e+07
42  37  1.62244e+07
42  38  1.23363e+07
42  39  1.93775e+07
42  40  1.42811e+07
42  41  2.80612e+07
42  42  2.26404e+07
42  43  1.55563e+07
42  44  2.00277e+07
42  45  1.61991e+07
42  46  3.47071e+07
42  47  1.78188e+07
42  48  1.09991e+07
42  49  1.13111e+07
42  50  0
43  0  0
43  1  8.98945e+06
43  2  6.28846e+06
43  3  8.8078e+06
43  4  1.20415e+07
43  5  1.77406e+07
43  6  9.49525e+06
43  7  1.40359e+07
43  8  1.45911e+07
43  9  1.37215e+07
43  10  1.44215e+07
43  11  5.69059e+06
43  12  8.26375e+06
43  13  0
43  14  8.06587e+06
43  15  2.37451e+07
43  16  2.08878e+07
43  17  2.12071e+07
43  18  2.71275e+07
43  19  3.23604e+07
43  20  1.82834e+07
43  21  3.03991e+07
43  22  2.30494e+07
43  23  2.74872e+07
43  24  2.66043e+07
43  25  2.45141e+07
43  26  3.16611e+07
43  27  1.97194e+07
43  28  1.78656e+07
43  29  1.68331e+07
43  30  1.85015e+07
43  31  1.43281e+07
43  32  1.73145e+07
43  33  1.24019e+07
43  34  1.71664e+07
43  35  1.25015e+07
43  36  1.25966e+07
43  37  1.4234e+07
43  38  1.30955e+07
43  39  2.28235e+07
43  40  2.46442e+07
43  41  1.71485e+07
43  42  2.05926e+07
43  43  2.30677e+07
43  44  1.84596e+07
43  45  2.2461e+07
43  46  2.40531e+07
43  47  2.00606e+07
43  48  1.5718e+07
43  49  1.05917e+07
43  50  1.10847e+07
44  0  8.74084e+06
44  1  0
44  2  0
44  3  0
44  4  1.52837e+07
44  5  1.47291e+07
44  6  1.65246e+07
44  7  7.81257e+06
44  8  8.31917e+06
44  9  1.11937e+07
44  10  8.94365e+06
44  11  0
44  12  0
44  13  1.24394e+07
44  14  0
44  15  7.28086e+06
44  16  1.97886e+07
44  17  2.6599e+07
44  18  1.7853e+07
44  19  2.66615e+07
44  20  2.09458e+07
44  21  2.24969e+07
44  22  2.71551e+07
44  23  2.43132e+07
44  24  2.61576e+07
44  25  2.29839e+07
44  26  3.21747e+07
44  27  2.77035e+07
44  28  1.82765e+07
44  29  1.51802e+07
44  30  1.53122e+07
44  31  2.05005e+07
44  32  2.03606e+07
44  33  2.52762e+07
44  34  1.53455e+07
44  35  2.04146e+07
44  36  2.01009e+07
44  37  1.90384e+07
44  38  1.47147e+07
44  39  2.7812e+07
44  40  2.37559e+07
44  41  2.09832e+07
44  42  2.22605e+07
44  43  2.76456e+07
44  44  1.77438e+07
44  45  2.46559e+07
44  46  2.05507e+07
44  47  2.75449e+07
44  48  2.03503e+07
44  49  1.17174e+07
44  50  1.2263e+07
45  0  4.93522e+06
45  1  0
45  2  0
45  3  0
45  4  6.82133e+06
45  5  1.30562e+07
45  6  1.33423e+07
45  7  7.75432e+06
45  8  1.31228e+07
45  9  1.74161e+07
45  10  9.08164e+06
45  11  0
45  12  0
45  13  0
45  14  7.0474e+06
45  15  1.97395e+07
45  16  1.65119e+07
45  17  1.78657e+07
45  18  1.24933e+07
45  19  2.4141e+07
45  20  1.81184e+07
45  21  2.6643e+07
45  22  1.98923e+07
45  23  2.17109e+07
45  24  2.19798e+07
45  25  1.45974e+07
45  26  1.57836e+07
45  27  2.31007e+07
45  28  2.26807e+07
45  29  1.47233e+07
45  30  1.69301e+07
45  31  2.57997e+07
45  32  1.71654e+07
45  33  2.53112e+07
45  34  3.63236e+07
45  35  1.79778e+07
45  36  3.12809e+07
45  37  2.51223e+07
45  38  2.22668e+07
45  39  2.82636e+07
45  40  2.79349e+07
45  41  2.15161e+07
45  42  1.92819e+07
45  43  2.22279e+07
45  44  1.93331e+07
45  45  2.3625e+07
45  46  1.63585e+07
45  47  3.02345e+07
45  48  1.57432e+07
45  49  1.39066e+07
45  50  1.36922e+07
46  0  5.30979e+06
46  1  0
46  2  0
46  3  0
46  4  1.42421e+07
46  5  1.83527e+07
46  6  2.10807e+07
46  7  1.66482e+07
46  8  1.62514e+07
46  9  8.31826e+06
46  10  6.50369e+06
46  11  0
46  12  0
46  13  6.82431e+06
46  14  0
46  15  1.28433e+07
46  16  1.77664e+07
46  17  3.13084e+07
46  18  2.26137e+07
46  19  3.11993e+07
46  20  2.39437e+07
46  21  2.60626e+07
46  22  2.10735e+07
46  23  2.48329e+07
46  24  2.47067e+07
46  25  1.97218e+07
46  26  2.83752e+07
46  27  2.55059e+07
46  28  2.10067e+07
46  29  1.51457e+07
46  30  1.21612e+07
46  31  1.70371e+07
46  32  1.92336e+07
46  33  2.15411e+07
46  34  2.14716e+07
46  35  2.2981e+07
46  36  1.67397e+07
46  37  2.3617e+07
46  38  2.58226e+07
46  39  2.66225e+07
46  40  2.80586e+07
46  41  2.80461e+07
46  42  2.63263e+07
46  43  3.11257e+07
46  44  1.76342e+07
46  45  2.41301e+07
46  46  1.27765e+07
46  47  2.35635e+07
46  48  1.30444e+07
46  49  1.09156e+07
46  50  2.12082e+07
47  0  0
47  1  0
47  2  0
47  3  8.22117e+06
47  4  1.62141e+07
47  5  1.45025e+07
47  6  2.19935e+07
47  7  1.29118e+07
47  8  1.6152e+07
47  9  1.0165e+07
47  10  1.31686e+07
47  11  0
47  12  0
47  13  0
47  14  0
47  15  2.01157e+07
47  16  1.3096e+07
47  17  2.45824e+07
47  18  2.64416e+07
47  19  2.0612e+07
47  20  2.56172e+07
47  21  2.62473e+07
47  22  3.31892e+07
47  23  3.00788e+07
47  24  1.97779e+07
47  25  2.72292e+07
47  26  2.56125e+07
47  27  2.77254e+07
47  28  2.36273e+07
47  29  1.62107e+07
47  30  2.51473e+07
47  31  2.6893e+07
47  32  1.83051e+07
47  33  1.92775e+07
47  34  1.8494e+07
47  35  2.35237e+07
47  36  2.64533e+07
47  37  2.26579e+07
47  38  3.11847e+07
47  39  3.91754e+07
47  40  2.49757e+07
47  41  3.0679e+07
47  42  3.35367e+07
47  43  3.18852e+07
47  44  3.2421e+07
47  45  2.29701e+07
47  46  2.9594e+07
47  47  2.10992e+07
47  48  1.86278e+07
47  49  1.62464e+07
47  50  1.24118e+07
48  0  5.18766e+06
48  1  0
48  2  0
48  3  0
48  4  9.56906e+06
48  5  2.03808e+07
48  6  1.12601e+07
48  7  1.20467e+07
48  8  1.89333e+07
48  9  7.52173e+06
48  10  0
48  11  8.33176e+06
48  12  0
48  13  0
48  14  0
48  15  1.36526e+07
48  16  1.539e+07
48  17  2.2195e+07
48  18  2.87887e+07
48  19  2.30905e+07
48  20  2.42234e+07
48  21  2.32143e+07
48  22  2.51346e+07
48  23  3.67054e+07
48  24  2.09247e+07
48  25  3.75215e+07
48  26  2.83697e+07
48  27  2.5113e+07
48  28  3.29812e+07
48  29  2.754e+07
48  30  2.55461e+07
48  31  2.04305e+07
48  32  1.61321e+07
48  33  2.29959e+07
48  34  1.77416e+07
48  35  1.37097e+07
48  36  2.39004e+07
48  37  1.84986e+07
48  38  2.72433e+07
48  39  3.31808e+07
48  40  3.38871e+07
48  41  3.76382e+07
48  42  4.28026e+07
48  43  3.33915e+07
48  44  2.82446e+07
48  45  3.07594e+07
48  46  2.14312e+07
48  47  1.92882e+07
48  48  2.46861e+07
48  49  1.562e+07
48  50  1.48502e+07
49  0  0
49  1  0
49  2  0
49  3  0
49  4  1.75496e+07
49  5  2.90584e+07
49  6  1.97349e+07
49  7  2.23776e+07
49  8  1.92908e+07
49  9  1.60656e+07
49  10  1.36508e+07
49  11  0
49  12  0
49  13  0
49  14  0
49  15  1.58004e+07
49  16  1.49802e+07
49  17  2.00512e+07
49  18  3.21714e+07
49  19  2.52001e+07
49  20  3.00565e+07
49  21  2.36896e+07
49  22  4.08368e+07
49  23  3.40532e+07
49  24  2.81026e+07
49  25  2.91804e+07
49  26  2.19608e+07
49  27  3.53926e+07
49  28  2.84699e+07
49  29  2.72212e+07
49  30  3.60751e+07
49  31  2.73562e+07
49  32  2.95409e+07
49  33  2.60279e+07
49  34  2.31512e+07
49  35  2.45248e+07
49  36  1.74135e+07
49  37  2.09584e+07
49  38  2.9587e+07
49  39  3.46278e+07
49  40  4.56621e+07
49  41  3.88192e+07
49  42  4.4604e+07
49  43  3.82377e+07
49  44  2.78603e+07
49  45  2.77342e+07
49  46  1.96182e+07
49  47  2.43595e+07
49  48  2.87977e+07
49  49  1.65939e+07
49  50  1.75094e+07
50  0  0
50  1  0
50  2  0
50  3  6.81056e+06
50  4  1.37799e+07
50  5  1.26385e+07
50  6  9.33114e+06
50  7  1.56421e+07
50  8  1.08853e+07
50  9  1.70539e+07
50  10  0
50  11  0
50  12  0
50  13  0
50  14  0
50  15  2.12192e+07
50  16  1.9894e+07
50  17  2.19326e+07
50  18  2.36963e+07
50  19  2.57385e+07
50  20  2.68378e+07
50  21  4.09971e+07
50  22  3.26378e+07
50  23  3.43595e+07
50  24  3.58729e+07
50  25  2.0013e+07
50  26  2.22754e+07
50  27  2.84448e+07
50  28  2.63058e+07
50  29  3.32059e+07
50  30  2.14823e+07
50  31  2.34283e+07
50  32  3.38693e+07
50  33  1.8047e+07
50  34  2.16323e+07
50  35  2.88457e+07
50  36  2.1623e+07
50  37  2.24491e+07
50  38  2.02911e+07
50  39  3.11156e+07
50  40  4.23236e+07
50  41  4.45989e+07
50  42  3.84809e+07
50  43  3.47146e+07
50  44  3.46244e+07
50  45  2.93659e+07
50  46  1.94333e+07
50  47  1.75055e+07
50  48  2.24165e+07
50  49  2.32382e+07
50  50  1.36691e+07

