row  column  (images_8.edf Mn_K*images_8.edf Ar_K**2.3)
0  0  0
0  1  6.55374e+06
0  2  1.06527e+07
0  3  2.26665e+06
0  4  1.09608e+07
0  5  7.3154e+06
0  6  8.52284e+06
0  7  5.21648e+06
0  8  1.23237e+07
0  9  1.04095e+07
0  10  1.27707e+07
0  11  1.30416e+07
0  12  8.09877e+06
0  13  1.18536e+07
0  14  1.04266e+07
0  15  1.10263e+07
0  16  1.48756e+07
0  17  1.36639e+07
0  18  1.56697e+07
0  19  1.66368e+07
0  20  1.17714e+07
0  21  8.56448e+06
0  22  8.76324e+06
0  23  1.39348e+07
0  24  9.19569e+06
0  25  5.9243e+06
0  26  5.52008e+06
0  27  1.59193e+07
0  28  6.82707e+06
0  29  8.77034e+06
0  30  1.16059e+07
0  31  1.19773e+07
0  32  1.47391e+07
0  33  1.6465e+07
0  34  1.22615e+07
0  35  2.35004e+07
0  36  1.19817e+07
0  37  1.78662e+07
0  38  1.28508e+07
0  39  2.58673e+07
0  40  2.15724e+07
0  41  1.9268e+07
0  42  1.64318e+07
0  43  1.70403e+07
0  44  1.45017e+07
0  45  1.44399e+07
0  46  1.09535e+07
0  47  1.00189e+07
0  48  1.93863e+07
0  49  1.83155e+07
0  50  1.42282e+07
1  0  3.94017e+06
1  1  9.42378e+06
1  2  2.31407e+06
1  3  8.61018e+06
1  4  1.10888e+07
1  5  1.04284e+07
1  6  8.14346e+06
1  7  7.9472e+06
1  8  8.53178e+06
1  9  8.96608e+06
1  10  6.03729e+06
1  11  1.41348e+07
1  12  9.32095e+06
1  13  1.20374e+07
1  14  8.98117e+06
1  15  1.06217e+07
1  16  1.27034e+07
1  17  9.74414e+06
1  18  1.2999e+07
1  19  9.08159e+06
1  20  1.04879e+07
1  21  1.51571e+07
1  22  1.05365e+07
1  23  7.9643e+06
1  24  1.17638e+07
1  25  1.04404e+07
1  26  9.26867e+06
1  27  1.29757e+07
1  28  1.73601e+07
1  29  1.13837e+07
1  30  1.78924e+07
1  31  1.96603e+07
1  32  1.50372e+07
1  33  1.35234e+07
1  34  1.55663e+07
1  35  1.52769e+07
1  36  1.39263e+07
1  37  1.05587e+07
1  38  1.04466e+07
1  39  1.0807e+07
1  40  1.96278e+07
1  41  2.05802e+07
1  42  1.93106e+07
1  43  1.52305e+07
1  44  2.1033e+07
1  45  2.09088e+07
1  46  2.40468e+07
1  47  2.07813e+07
1  48  1.59727e+07
1  49  1.94622e+07
1  50  2.68235e+07
2  0  1.176e+07
2  1  1.21556e+07
2  2  7.78762e+06
2  3  1.23269e+07
2  4  9.28589e+06
2  5  1.32304e+07
2  6  1.02508e+07
2  7  6.41719e+06
2  8  7.90075e+06
2  9  1.01739e+07
2  10  1.34919e+07
2  11  6.91273e+06
2  12  8.94479e+06
2  13  4.68588e+06
2  14  9.70161e+06
2  15  1.04128e+07
2  16  1.01186e+07
2  17  1.18841e+07
2  18  8.29475e+06
2  19  9.25498e+06
2  20  9.03795e+06
2  21  8.85449e+06
2  22  1.37394e+07
2  23  1.97164e+07
2  24  1.08501e+07
2  25  1.56702e+07
2  26  8.27652e+06
2  27  1.20323e+07
2  28  1.2392e+07
2  29  1.27315e+07
2  30  1.17002e+07
2  31  1.16688e+07
2  32  1.17857e+07
2  33  3.9943e+06
2  34  1.41354e+07
2  35  1.82066e+07
2  36  1.5273e+07
2  37  1.41846e+07
2  38  6.22664e+06
2  39  1.69441e+07
2  40  1.43582e+07
2  41  1.33276e+07
2  42  1.94327e+07
2  43  1.23204e+07
2  44  1.7944e+07
2  45  1.63344e+07
2  46  1.76476e+07
2  47  2.52641e+07
2  48  1.76919e+07
2  49  1.76865e+07
2  50  2.51825e+07
3  0  1.35266e+07
3  1  6.21437e+06
3  2  7.07263e+06
3  3  1.13689e+07
3  4  6.08765e+06
3  5  1.32335e+07
3  6  1.70207e+07
3  7  1.0686e+07
3  8  1.32064e+07
3  9  7.12503e+06
3  10  8.61379e+06
3  11  1.23878e+07
3  12  9.94898e+06
3  13  4.40618e+06
3  14  1.27547e+07
3  15  5.35337e+06
3  16  9.23053e+06
3  17  1.07671e+07
3  18  4.14018e+06
3  19  6.29734e+06
3  20  1.05383e+07
3  21  7.71966e+06
3  22  8.98997e+06
3  23  9.79245e+06
3  24  6.66466e+06
3  25  9.9451e+06
3  26  1.0868e+07
3  27  1.19344e+07
3  28  9.14496e+06
3  29  1.39798e+07
3  30  1.19711e+07
3  31  1.39982e+07
3  32  1.39823e+07
3  33  1.97771e+07
3  34  1.27726e+07
3  35  1.8571e+07
3  36  1.13573e+07
3  37  8.4257e+06
3  38  1.39887e+07
3  39  1.14019e+07
3  40  1.58303e+07
3  41  1.37581e+07
3  42  1.94699e+07
3  43  1.63602e+07
3  44  1.2966e+07
3  45  1.67992e+07
3  46  1.17621e+07
3  47  1.42072e+07
3  48  2.22093e+07
3  49  1.71035e+07
3  50  2.21513e+07
4  0  1.25287e+07
4  1  5.99982e+06
4  2  6.69669e+06
4  3  5.71765e+06
4  4  4.77694e+06
4  5  1.00131e+07
4  6  4.04935e+06
4  7  5.47289e+06
4  8  1.27586e+07
4  9  7.24964e+06
4  10  2.10078e+07
4  11  8.11756e+06
4  12  9.60322e+06
4  13  9.42191e+06
4  14  1.39359e+07
4  15  1.07644e+07
4  16  1.43058e+07
4  17  7.14805e+06
4  18  1.52053e+07
4  19  7.93673e+06
4  20  7.31521e+06
4  21  1.07521e+07
4  22  7.05926e+06
4  23  1.09146e+07
4  24  1.2081e+07
4  25  1.588e+07
4  26  1.02843e+07
4  27  1.24932e+07
4  28  1.2047e+07
4  29  1.18342e+07
4  30  1.2052e+07
4  31  1.99001e+07
4  32  1.10879e+07
4  33  8.06441e+06
4  34  1.40396e+07
4  35  9.26645e+06
4  36  1.87925e+07
4  37  1.71655e+07
4  38  2.097e+07
4  39  1.63875e+07
4  40  3.93887e+06
4  41  1.03964e+07
4  42  1.2884e+07
4  43  2.22135e+07
4  44  1.65078e+07
4  45  1.90776e+07
4  46  1.9777e+07
4  47  2.94284e+07
4  48  2.11921e+07
4  49  2.2142e+07
4  50  1.96562e+07
5  0  9.6e+06
5  1  8.89517e+06
5  2  7.57868e+06
5  3  1.10609e+07
5  4  4.01895e+06
5  5  9.0692e+06
5  6  9.04512e+06
5  7  7.95396e+06
5  8  6.1672e+06
5  9  1.25666e+07
5  10  8.23213e+06
5  11  2.72733e+06
5  12  1.33633e+07
5  13  1.28653e+07
5  14  9.21288e+06
5  15  5.36021e+06
5  16  1.84711e+07
5  17  8.7061e+06
5  18  4.28929e+06
5  19  8.42179e+06
5  20  1.39897e+07
5  21  7.2095e+06
5  22  1.03295e+07
5  23  8.03376e+06
5  24  6.73109e+06
5  25  1.19135e+07
5  26  9.40345e+06
5  27  1.49519e+07
5  28  8.33328e+06
5  29  1.69291e+07
5  30  1.76717e+07
5  31  1.53514e+07
5  32  1.03254e+07
5  33  1.11641e+07
5  34  1.18978e+07
5  35  1.12612e+07
5  36  1.06722e+07
5  37  1.49388e+07
5  38  1.27049e+07
5  39  1.68542e+07
5  40  1.20588e+07
5  41  1.32716e+07
5  42  1.98084e+07
5  43  9.9704e+06
5  44  1.13666e+07
5  45  1.18313e+07
5  46  2.78177e+07
5  47  1.67713e+07
5  48  2.13457e+07
5  49  2.34674e+07
5  50  1.6855e+07
6  0  3.83632e+06
6  1  4.32844e+06
6  2  1.00301e+07
6  3  1.25664e+07
6  4  8.82821e+06
6  5  6.275e+06
6  6  8.3198e+06
6  7  6.76641e+06
6  8  8.35698e+06
6  9  8.71251e+06
6  10  7.44414e+06
6  11  1.00066e+07
6  12  9.87797e+06
6  13  9.11652e+06
6  14  5.95644e+06
6  15  7.53862e+06
6  16  1.14182e+07
6  17  7.18311e+06
6  18  7.48942e+06
6  19  8.83922e+06
6  20  6.04587e+06
6  21  5.4011e+06
6  22  9.32286e+06
6  23  1.34881e+07
6  24  1.29973e+07
6  25  4.46506e+06
6  26  1.58565e+07
6  27  8.59731e+06
6  28  1.24781e+07
6  29  8.74237e+06
6  30  1.99413e+07
6  31  1.33188e+07
6  32  8.71299e+06
6  33  7.71072e+06
6  34  1.24508e+07
6  35  1.20587e+07
6  36  8.5887e+06
6  37  1.17605e+07
6  38  1.76638e+07
6  39  1.57826e+07
6  40  1.06968e+07
6  41  2.40297e+07
6  42  2.52961e+07
6  43  1.26346e+07
6  44  2.31061e+07
6  45  8.84366e+06
6  46  2.38371e+07
6  47  2.17283e+07
6  48  1.74539e+07
6  49  1.4082e+07
6  50  1.6973e+07
7  0  4.60702e+06
7  1  7.40879e+06
7  2  1.07409e+07
7  3  8.10407e+06
7  4  1.21192e+07
7  5  1.22039e+07
7  6  7.61237e+06
7  7  7.93668e+06
7  8  1.27938e+07
7  9  7.54537e+06
7  10  1.04881e+07
7  11  8.7223e+06
7  12  8.71351e+06
7  13  1.18979e+07
7  14  1.16683e+07
7  15  4.22715e+06
7  16  8.72244e+06
7  17  6.92888e+06
7  18  7.42453e+06
7  19  8.63886e+06
7  20  1.30411e+07
7  21  6.46712e+06
7  22  0
7  23  5.12913e+06
7  24  8.17719e+06
7  25  7.06236e+06
7  26  1.41536e+07
7  27  1.05619e+07
7  28  1.01839e+07
7  29  1.65171e+07
7  30  1.20728e+07
7  31  9.77784e+06
7  32  1.1062e+07
7  33  8.35039e+06
7  34  1.12364e+07
7  35  6.75823e+06
7  36  7.51573e+06
7  37  1.07312e+07
7  38  1.16991e+07
7  39  7.20612e+06
7  40  1.11851e+07
7  41  1.3754e+07
7  42  2.17938e+07
7  43  1.42452e+07
7  44  2.40997e+07
7  45  2.44525e+07
7  46  1.87219e+07
7  47  2.37536e+07
7  48  1.1053e+07
7  49  1.80652e+07
7  50  1.72589e+07
8  0  8.55148e+06
8  1  1.14863e+07
8  2  5.69955e+06
8  3  7.88097e+06
8  4  8.55517e+06
8  5  6.74334e+06
8  6  2.77532e+06
8  7  6.3584e+06
8  8  1.22552e+07
8  9  6.97907e+06
8  10  7.91086e+06
8  11  6.44502e+06
8  12  6.51317e+06
8  13  9.41831e+06
8  14  8.351e+06
8  15  8.8278e+06
8  16  9.58867e+06
8  17  1.87008e+06
8  18  4.43297e+06
8  19  8.09206e+06
8  20  1.15775e+07
8  21  7.60729e+06
8  22  6.33052e+06
8  23  6.54822e+06
8  24  1.09673e+07
8  25  1.04991e+07
8  26  1.01534e+07
8  27  1.21218e+07
8  28  1.06637e+07
8  29  1.25256e+07
8  30  1.23631e+07
8  31  1.31646e+07
8  32  1.35366e+07
8  33  8.83725e+06
8  34  7.50741e+06
8  35  1.59029e+07
8  36  8.61049e+06
8  37  2.76447e+06
8  38  1.31861e+07
8  39  1.46504e+07
8  40  1.01136e+07
8  41  1.49697e+07
8  42  1.26953e+07
8  43  7.79747e+06
8  44  2.29589e+07
8  45  1.56126e+07
8  46  1.23755e+07
8  47  1.82816e+07
8  48  2.18196e+07
8  49  2.27667e+07
8  50  1.5919e+07
9  0  5.10121e+06
9  1  7.38795e+06
9  2  7.37547e+06
9  3  8.25352e+06
9  4  1.30934e+07
9  5  8.4525e+06
9  6  1.0877e+07
9  7  6.80125e+06
9  8  1.14219e+07
9  9  1.36168e+07
9  10  9.51425e+06
9  11  8.07754e+06
9  12  1.37702e+07
9  13  8.76014e+06
9  14  1.22369e+07
9  15  9.83898e+06
9  16  1.19539e+07
9  17  7.99982e+06
9  18  8.5588e+06
9  19  1.15281e+07
9  20  1.03224e+07
9  21  1.11816e+07
9  22  4.58831e+06
9  23  6.023e+06
9  24  7.47007e+06
9  25  5.5452e+06
9  26  8.62597e+06
9  27  1.65336e+07
9  28  1.40178e+07
9  29  7.51366e+06
9  30  9.49181e+06
9  31  5.24045e+06
9  32  1.08362e+07
9  33  9.98146e+06
9  34  1.9578e+07
9  35  9.60008e+06
9  36  1.17438e+07
9  37  7.27379e+06
9  38  1.31324e+07
9  39  1.47793e+07
9  40  1.78372e+07
9  41  1.61645e+07
9  42  1.23846e+07
9  43  1.73982e+07
9  44  1.82999e+07
9  45  1.44315e+07
9  46  1.74346e+07
9  47  1.95509e+07
9  48  1.6584e+07
9  49  1.3054e+07
9  50  2.38889e+07
10  0  1.02128e+07
10  1  9.88449e+06
10  2  1.05863e+07
10  3  6.76711e+06
10  4  9.28908e+06
10  5  6.30748e+06
10  6  1.34582e+07
10  7  7.03802e+06
10  8  9.40728e+06
10  9  6.59077e+06
10  10  9.10842e+06
10  11  9.24594e+06
10  12  6.17842e+06
10  13  5.15923e+06
10  14  7.08806e+06
10  15  7.657e+06
10  16  9.7067e+06
10  17  1.12436e+07
10  18  6.54221e+06
10  19  2.92283e+06
10  20  1.07058e+07
10  21  1.04063e+07
10  22  5.32125e+06
10  23  2.09394e+06
10  24  1.12407e+07
10  25  7.62614e+06
10  26  1.16288e+07
10  27  1.23047e+07
10  28  7.37488e+06
10  29  1.0808e+07
10  30  1.67004e+07
10  31  1.29539e+07
10  32  9.06203e+06
10  33  7.28495e+06
10  34  1.54089e+07
10  35  5.88358e+06
10  36  1.42668e+07
10  37  1.18051e+07
10  38  1.25666e+07
10  39  9.36146e+06
10  40  1.05884e+07
10  41  1.21002e+07
10  42  1.97292e+07
10  43  1.29865e+07
10  44  1.7457e+07
10  45  1.59687e+07
10  46  1.61403e+07
10  47  1.87751e+07
10  48  9.02388e+06
10  49  1.04575e+07
10  50  1.2808e+07
11  0  3.7329e+06
11  1  5.22943e+06
11  2  1.13255e+07
11  3  5.06767e+06
11  4  1.41701e+07
11  5  3.93851e+06
11  6  1.29516e+07
11  7  6.6417e+06
11  8  7.75058e+06
11  9  9.15508e+06
11  10  4.63281e+06
11  11  1.16217e+07
11  12  6.73023e+06
11  13  1.05003e+07
11  14  6.34688e+06
11  15  1.37968e+07
11  16  4.28479e+06
11  17  3.96971e+06
11  18  8.55155e+06
11  19  4.81464e+06
11  20  1.1595e+07
11  21  5.59048e+06
11  22  1.20419e+07
11  23  1.34478e+07
11  24  3.21397e+06
11  25  8.68524e+06
11  26  1.03674e+07
11  27  7.38004e+06
11  28  8.79517e+06
11  29  6.82921e+06
11  30  6.78387e+06
11  31  1.18867e+07
11  32  9.25867e+06
11  33  1.88537e+07
11  34  9.55827e+06
11  35  5.07563e+06
11  36  9.91118e+06
11  37  4.78977e+06
11  38  8.53835e+06
11  39  6.92411e+06
11  40  8.97569e+06
11  41  7.78887e+06
11  42  7.33763e+06
11  43  6.66573e+06
11  44  9.12531e+06
11  45  1.52098e+07
11  46  1.94697e+07
11  47  1.77269e+07
11  48  5.18405e+06
11  49  1.55622e+07
11  50  1.56741e+07
12  0  1.14519e+07
12  1  1.08759e+07
12  2  4.54456e+06
12  3  1.09386e+07
12  4  7.38439e+06
12  5  9.11066e+06
12  6  3.73825e+06
12  7  7.63393e+06
12  8  3.35701e+06
12  9  9.96176e+06
12  10  1.02844e+07
12  11  9.53134e+06
12  12  8.45832e+06
12  13  6.81386e+06
12  14  7.83992e+06
12  15  9.06743e+06
12  16  5.81683e+06
12  17  4.99442e+06
12  18  5.22675e+06
12  19  8.37965e+06
12  20  1.17595e+07
12  21  1.10517e+07
12  22  1.19033e+07
12  23  5.58862e+06
12  24  8.45707e+06
12  25  1.07462e+07
12  26  1.52606e+07
12  27  1.55372e+07
12  28  1.12262e+07
12  29  1.11372e+07
12  30  5.09997e+06
12  31  3.73437e+06
12  32  1.09215e+07
12  33  1.23263e+07
12  34  7.86946e+06
12  35  9.69449e+06
12  36  5.56609e+06
12  37  1.73649e+07
12  38  9.78976e+06
12  39  8.08435e+06
12  40  1.3037e+07
12  41  1.04139e+07
12  42  1.34348e+07
12  43  1.9505e+07
12  44  1.03822e+07
12  45  1.12904e+07
12  46  1.98918e+07
12  47  1.59081e+07
12  48  1.44556e+07
12  49  1.17192e+07
12  50  8.28554e+06
13  0  9.16534e+06
13  1  7.15026e+06
13  2  7.40558e+06
13  3  1.00358e+07
13  4  1.11672e+07
13  5  6.66936e+06
13  6  7.49706e+06
13  7  3.58761e+06
13  8  5.12184e+06
13  9  6.51045e+06
13  10  7.86565e+06
13  11  6.65642e+06
13  12  7.8612e+06
13  13  6.47248e+06
13  14  1.18784e+07
13  15  9.94501e+06
13  16  7.10252e+06
13  17  1.72535e+06
13  18  6.75851e+06
13  19  2.71483e+06
13  20  1.30616e+07
13  21  9.21098e+06
13  22  3.25364e+06
13  23  7.8676e+06
13  24  8.25653e+06
13  25  8.67642e+06
13  26  7.38907e+06
13  27  1.63332e+07
13  28  5.50885e+06
13  29  1.21336e+07
13  30  4.64356e+06
13  31  1.3791e+07
13  32  4.42846e+06
13  33  1.35313e+07
13  34  1.24044e+07
13  35  1.08037e+07
13  36  1.20885e+07
13  37  1.11296e+07
13  38  1.31641e+07
13  39  9.20358e+06
13  40  7.23958e+06
13  41  1.23319e+07
13  42  1.54198e+07
13  43  8.52784e+06
13  44  5.60586e+06
13  45  1.38207e+07
13  46  1.53169e+07
13  47  1.22305e+07
13  48  1.38095e+07
13  49  1.13731e+07
13  50  1.47337e+07
14  0  9.80652e+06
14  1  2.87001e+06
14  2  0
14  3  8.11475e+06
14  4  6.939e+06
14  5  9.0264e+06
14  6  1.05422e+07
14  7  5.71216e+06
14  8  9.6752e+06
14  9  7.29732e+06
14  10  9.23038e+06
14  11  4.62105e+06
14  12  6.65228e+06
14  13  7.56877e+06
14  14  8.85606e+06
14  15  4.81713e+06
14  16  5.52159e+06
14  17  728412
14  18  5.03735e+06
14  19  3.31889e+06
14  20  2.92069e+06
14  21  8.90329e+06
14  22  9.69933e+06
14  23  1.00982e+07
14  24  1.01771e+07
14  25  6.58134e+06
14  26  1.51288e+07
14  27  8.06888e+06
14  28  8.07056e+06
14  29  8.26062e+06
14  30  1.06662e+07
14  31  6.69727e+06
14  32  2.21735e+06
14  33  4.63571e+06
14  34  5.39875e+06
14  35  1.23214e+07
14  36  7.53492e+06
14  37  1.14565e+07
14  38  5.60508e+06
14  39  1.20405e+07
14  40  1.43759e+07
14  41  1.29897e+07
14  42  1.13042e+07
14  43  8.67996e+06
14  44  5.34353e+06
14  45  1.05931e+07
14  46  1.29147e+07
14  47  2.12718e+07
14  48  1.2059e+07
14  49  9.2385e+06
14  50  2.06636e+07
15  0  4.42953e+06
15  1  7.97066e+06
15  2  1.0253e+07
15  3  8.68702e+06
15  4  1.01169e+07
15  5  1.08228e+07
15  6  1.18825e+07
15  7  8.75172e+06
15  8  4.30866e+06
15  9  6.31368e+06
15  10  6.96663e+06
15  11  3.23971e+06
15  12  2.2709e+06
15  13  8.20658e+06
15  14  1.03165e+07
15  15  2.15544e+06
15  16  1.1262e+07
15  17  7.75302e+06
15  18  6.75966e+06
15  19  1.9016e+06
15  20  5.08326e+06
15  21  8.07123e+06
15  22  1.19528e+07
15  23  7.66577e+06
15  24  1.39314e+07
15  25  6.7896e+06
15  26  5.83909e+06
15  27  8.39632e+06
15  28  5.35156e+06
15  29  7.05793e+06
15  30  1.0802e+07
15  31  4.74762e+06
15  32  4.66079e+06
15  33  7.30746e+06
15  34  4.90059e+06
15  35  1.44942e+07
15  36  1.42022e+07
15  37  9.79704e+06
15  38  7.42186e+06
15  39  1.04612e+07
15  40  8.31486e+06
15  41  1.23488e+07
15  42  9.87379e+06
15  43  8.76124e+06
15  44  8.90862e+06
15  45  4.99318e+06
15  46  1.10671e+07
15  47  1.58407e+07
15  48  8.27386e+06
15  49  1.00463e+07
15  50  8.78737e+06
16  0  3.09418e+06
16  1  8.38601e+06
16  2  4.94179e+06
16  3  6.17263e+06
16  4  1.49381e+07
16  5  1.01312e+07
16  6  8.59317e+06
16  7  1.10081e+07
16  8  4.47409e+06
16  9  8.24418e+06
16  10  1.97857e+06
16  11  4.96664e+06
16  12  1.37356e+06
16  13  3.67306e+06
16  14  1.35053e+07
16  15  1.45294e+06
16  16  0
16  17  2.14736e+06
16  18  4.14636e+06
16  19  0
16  20  1.14906e+07
16  21  9.98979e+06
16  22  1.09362e+07
16  23  6.15742e+06
16  24  1.55969e+06
16  25  9.17446e+06
16  26  1.09783e+07
16  27  1.09916e+07
16  28  0
16  29  0
16  30  9.87848e+06
16  31  7.13743e+06
16  32  3.71673e+06
16  33  1.45696e+07
16  34  1.28975e+07
16  35  1.13793e+07
16  36  3.86773e+06
16  37  7.22625e+06
16  38  8.82053e+06
16  39  4.51462e+06
16  40  3.8685e+06
16  41  9.12496e+06
16  42  1.27222e+07
16  43  3.11463e+06
16  44  6.20548e+06
16  45  1.32603e+07
16  46  9.45064e+06
16  47  1.20159e+07
16  48  6.10491e+06
16  49  1.082e+07
16  50  1.11178e+07
17  0  6.76402e+06
17  1  4.43381e+06
17  2  0
17  3  6.46105e+06
17  4  7.75582e+06
17  5  1.04096e+07
17  6  7.3646e+06
17  7  2.18334e+06
17  8  1.01809e+07
17  9  5.50964e+06
17  10  5.95998e+06
17  11  5.19862e+06
17  12  1.04861e+07
17  13  7.69145e+06
17  14  1.2433e+07
17  15  6.57295e+06
17  16  4.4068e+06
17  17  0
17  18  6.79123e+06
17  19  3.40445e+06
17  20  7.43518e+06
17  21  1.25054e+07
17  22  3.82545e+06
17  23  7.17921e+06
17  24  9.3326e+06
17  25  6.41472e+06
17  26  8.47539e+06
17  27  5.66186e+06
17  28  3.98536e+06
17  29  2.06267e+06
17  30  7.37174e+06
17  31  6.60712e+06
17  32  6.99133e+06
17  33  3.70269e+06
17  34  5.67214e+06
17  35  5.77434e+06
17  36  1.33575e+07
17  37  1.24521e+07
17  38  8.08086e+06
17  39  1.25937e+07
17  40  5.03529e+06
17  41  1.20522e+07
17  42  9.98718e+06
17  43  1.04699e+07
17  44  5.16393e+06
17  45  1.16912e+07
17  46  1.32906e+07
17  47  1.28075e+07
17  48  9.11594e+06
17  49  6.33354e+06
17  50  7.63053e+06
18  0  5.1533e+06
18  1  2.41603e+06
18  2  4.21125e+06
18  3  5.65195e+06
18  4  4.10577e+06
18  5  1.12014e+07
18  6  5.44376e+06
18  7  0
18  8  4.89312e+06
18  9  8.72047e+06
18  10  6.2062e+06
18  11  5.14202e+06
18  12  7.41208e+06
18  13  7.77819e+06
18  14  8.33748e+06
18  15  7.76023e+06
18  16  0
18  17  2.76485e+06
18  18  1.39906e+06
18  19  7.39273e+06
18  20  4.70399e+06
18  21  1.04707e+07
18  22  9.51821e+06
18  23  8.26188e+06
18  24  7.94374e+06
18  25  7.25411e+06
18  26  8.1551e+06
18  27  4.48376e+06
18  28  2.77695e+06
18  29  0
18  30  1.26475e+07
18  31  1.88308e+06
18  32  1.23848e+06
18  33  8.61698e+06
18  34  7.1046e+06
18  35  6.04017e+06
18  36  5.04419e+06
18  37  1.28706e+07
18  38  1.19529e+07
18  39  9.82848e+06
18  40  5.82036e+06
18  41  1.04201e+07
18  42  1.39605e+07
18  43  2.52982e+06
18  44  1.04992e+07
18  45  5.4893e+06
18  46  1.12108e+07
18  47  5.97528e+06
18  48  7.48559e+06
18  49  6.9783e+06
18  50  1.88789e+07
19  0  8.42824e+06
19  1  6.01888e+06
19  2  7.80165e+06
19  3  1.1554e+07
19  4  5.43404e+06
19  5  9.04287e+06
19  6  8.02038e+06
19  7  9.84759e+06
19  8  1.18515e+07
19  9  0
19  10  0
19  11  5.00181e+06
19  12  3.79312e+06
19  13  5.79728e+06
19  14  3.3696e+06
19  15  2.42431e+06
19  16  1.74051e+06
19  17  2.99477e+06
19  18  0
19  19  4.01932e+06
19  20  1.47885e+07
19  21  1.20179e+07
19  22  7.7409e+06
19  23  7.93138e+06
19  24  5.30371e+06
19  25  6.90788e+06
19  26  5.76774e+06
19  27  6.52695e+06
19  28  8.6661e+06
19  29  3.71876e+06
19  30  6.80756e+06
19  31  4.28894e+06
19  32  0
19  33  6.35362e+06
19  34  8.4541e+06
19  35  1.24989e+07
19  36  1.04001e+07
19  37  9.55433e+06
19  38  7.91488e+06
19  39  6.51624e+06
19  40  7.86191e+06
19  41  7.56547e+06
19  42  1.07927e+07
19  43  2.01396e+06
19  44  5.73979e+06
19  45  5.29836e+06
19  46  9.52069e+06
19  47  1.08815e+07
19  48  1.25307e+07
19  49  1.01889e+07
19  50  1.64662e+07
20  0  4.53566e+06
20  1  6.94e+06
20  2  5.97349e+06
20  3  7.7059e+06
20  4  7.78152e+06
20  5  4.24693e+06
20  6  7.0131e+06
20  7  0
20  8  5.0679e+06
20  9  6.94212e+06
20  10  4.98437e+06
20  11  8.7898e+06
20  12  0
20  13  4.17784e+06
20  14  1.07443e+07
20  15  1.7038e+06
20  16  2.65089e+06
20  17  6.78847e+06
20  18  0
20  19  7.12339e+06
20  20  1.54814e+06
20  21  7.35184e+06
20  22  1.24792e+07
20  23  1.08795e+07
20  24  3.57006e+06
20  25  1.34101e+07
20  26  1.13383e+07
20  27  4.0821e+06
20  28  4.41842e+06
20  29  3.32383e+06
20  30  1.98664e+06
20  31  1.5176e+06
20  32  1.02847e+07
20  33  4.20034e+06
20  34  7.49266e+06
20  35  7.42648e+06
20  36  7.44167e+06
20  37  1.12793e+07
20  38  1.78754e+06
20  39  4.52721e+06
20  40  7.48022e+06
20  41  8.26322e+06
20  42  8.49112e+06
20  43  5.99041e+06
20  44  6.31503e+06
20  45  1.49476e+06
20  46  1.00305e+07
20  47  1.02329e+07
20  48  6.31587e+06
20  49  1.77907e+07
20  50  1.04873e+07
21  0  8.27742e+06
21  1  2.56158e+06
21  2  5.43378e+06
21  3  7.57392e+06
21  4  6.17527e+06
21  5  4.05841e+06
21  6  8.67585e+06
21  7  1.16313e+07
21  8  2.64577e+06
21  9  4.10494e+06
21  10  8.20699e+06
21  11  3.81174e+06
21  12  2.20383e+06
21  13  0
21  14  2.67733e+06
21  15  1.25643e+06
21  16  4.72169e+06
21  17  1.13727e+07
21  18  2.43948e+06
21  19  2.53448e+06
21  20  7.55703e+06
21  21  1.52596e+07
21  22  1.05455e+07
21  23  5.68059e+06
21  24  5.11343e+06
21  25  1.06992e+07
21  26  6.80034e+06
21  27  5.81959e+06
21  28  4.32779e+06
21  29  8.53008e+06
21  30  9.586e+06
21  31  8.67711e+06
21  32  8.97314e+06
21  33  5.21243e+06
21  34  8.78864e+06
21  35  6.31891e+06
21  36  9.66493e+06
21  37  1.00986e+07
21  38  7.37895e+06
21  39  3.94852e+06
21  40  9.23948e+06
21  41  7.36932e+06
21  42  1.34663e+07
21  43  5.02811e+06
21  44  1.14158e+07
21  45  1.38186e+07
21  46  6.45094e+06
21  47  922688
21  48  1.25653e+07
21  49  1.24822e+07
21  50  6.25921e+06
22  0  5.96245e+06
22  1  2.94403e+06
22  2  3.81356e+06
22  3  3.53964e+06
22  4  4.44066e+06
22  5  3.73138e+06
22  6  6.65153e+06
22  7  6.44343e+06
22  8  4.32302e+06
22  9  6.97342e+06
22  10  2.50309e+06
22  11  5.11144e+06
22  12  7.82585e+06
22  13  8.33512e+06
22  14  2.14423e+06
22  15  2.90802e+06
22  16  0
22  17  4.65115e+06
22  18  2.87711e+06
22  19  0
22  20  8.03501e+06
22  21  9.21179e+06
22  22  6.71788e+06
22  23  3.41063e+06
22  24  6.34517e+06
22  25  2.68451e+06
22  26  3.54572e+06
22  27  7.30154e+06
22  28  4.59491e+06
22  29  3.54259e+06
22  30  0
22  31  1.38077e+07
22  32  2.03206e+06
22  33  9.7904e+06
22  34  1.13961e+07
22  35  1.70298e+07
22  36  1.1521e+07
22  37  6.73142e+06
22  38  9.00001e+06
22  39  0
22  40  5.03819e+06
22  41  8.48401e+06
22  42  4.79034e+06
22  43  1.03413e+07
22  44  9.52136e+06
22  45  6.53149e+06
22  46  4.18125e+06
22  47  9.92962e+06
22  48  1.44573e+07
22  49  9.4619e+06
22  50  2.68677e+06
23  0  6.06545e+06
23  1  5.42582e+06
23  2  6.85286e+06
23  3  2.47831e+06
23  4  6.15295e+06
23  5  5.20361e+06
23  6  8.27301e+06
23  7  8.9832e+06
23  8  7.18645e+06
23  9  1.28089e+06
23  10  3.65565e+06
23  11  2.32782e+06
23  12  4.85519e+06
23  13  3.74795e+06
23  14  1.79145e+06
23  15  2.83226e+06
23  16  0
23  17  1.77368e+06
23  18  6.23988e+06
23  19  1.03604e+07
23  20  1.16174e+07
23  21  3.85569e+06
23  22  6.6949e+06
23  23  1.04569e+07
23  24  6.4701e+06
23  25  8.64206e+06
23  26  4.40495e+06
23  27  3.47355e+06
23  28  2.88705e+06
23  29  8.24026e+06
23  30  8.9218e+06
23  31  7.37149e+06
23  32  7.45651e+06
23  33  8.12388e+06
23  34  6.1713e+06
23  35  8.70323e+06
23  36  2.17464e+06
23  37  6.40476e+06
23  38  9.14274e+06
23  39  7.0734e+06
23  40  6.58115e+06
23  41  5.32222e+06
23  42  6.58009e+06
23  43  4.25263e+06
23  44  3.55696e+06
23  45  7.39927e+06
23  46  7.06881e+06
23  47  7.80861e+06
23  48  4.11537e+06
23  49  3.12088e+06
23  50  7.33712e+06
24  0  4.75523e+06
24  1  5.67734e+06
24  2  4.31354e+06
24  3  8.70212e+06
24  4  2.07051e+06
24  5  5.03669e+06
24  6  3.13424e+06
24  7  6.60627e+06
24  8  2.71678e+06
24  9  5.14404e+06
24  10  2.99823e+06
24  11  2.40381e+06
24  12  9.77269e+06
24  13  0
24  14  0
24  15  1.37412e+06
24  16  0
24  17  0
24  18  7.84156e+06
24  19  0
24  20  6.60225e+06
24  21  1.02094e+07
24  22  9.80164e+06
24  23  5.65797e+06
24  24  4.9695e+06
24  25  8.35447e+06
24  26  5.3276e+06
24  27  5.52464e+06
24  28  8.13306e+06
24  29  771022
24  30  3.99665e+06
24  31  1.37265e+06
24  32  3.76771e+06
24  33  5.10233e+06
24  34  6.75388e+06
24  35  8.10667e+06
24  36  6.0971e+06
24  37  4.47259e+06
24  38  1.21446e+06
24  39  2.57115e+06
24  40  3.3773e+06
24  41  0
24  42  6.18448e+06
24  43  6.2904e+06
24  44  8.94672e+06
24  45  7.07177e+06
24  46  2.41635e+06
24  47  0
24  48  0
24  49  3.93165e+06
24  50  5.09717e+06
25  0  4.03404e+06
25  1  8.38654e+06
25  2  1.00748e+07
25  3  4.8468e+06
25  4  2.09874e+06
25  5  5.31059e+06
25  6  0
25  7  6.08309e+06
25  8  5.23625e+06
25  9  2.7634e+06
25  10  2.88548e+06
25  11  2.09897e+06
25  12  7.33342e+06
25  13  6.14529e+06
25  14  4.19649e+06
25  15  1.16004e+06
25  16  0
25  17  3.57274e+06
25  18  3.24117e+06
25  19  5.3635e+06
25  20  3.1403e+06
25  21  3.17515e+06
25  22  4.86712e+06
25  23  3.7338e+06
25  24  0
25  25  7.0507e+06
25  26  0
25  27  0
25  28  5.81819e+06
25  29  0
25  30  1.70701e+06
25  31  7.38488e+06
25  32  2.8028e+06
25  33  7.04638e+06
25  34  2.92587e+06
25  35  9.53861e+06
25  36  8.41898e+06
25  37  4.3995e+06
25  38  3.5778e+06
25  39  4.9922e+06
25  40  0
25  41  0
25  42  1.37103e+07
25  43  7.29262e+06
25  44  0
25  45  2.21624e+06
25  46  6.12758e+06
25  47  0
25  48  8.05191e+06
25  49  4.28194e+06
25  50  1.80484e+06
26  0  2.39403e+06
26  1  6.13398e+06
26  2  2.95789e+06
26  3  7.87742e+06
26  4  6.28696e+06
26  5  7.31805e+06
26  6  3.67701e+06
26  7  3.94184e+06
26  8  2.80211e+06
26  9  9.71315e+06
26  10  6.17626e+06
26  11  1.79697e+06
26  12  3.84191e+06
26  13  1.87425e+06
26  14  6.89788e+06
26  15  4.81895e+06
26  16  1.92346e+06
26  17  976025
26  18  5.44004e+06
26  19  3.76129e+06
26  20  8.37049e+06
26  21  6.07663e+06
26  22  4.46518e+06
26  23  2.6979e+06
26  24  2.24227e+06
26  25  0
26  26  7.25591e+06
26  27  4.1112e+06
26  28  3.01004e+06
26  29  2.66244e+06
26  30  3.76039e+06
26  31  3.15634e+06
26  32  0
26  33  7.27323e+06
26  34  8.93062e+06
26  35  5.018e+06
26  36  3.57061e+06
26  37  1.04293e+07
26  38  5.91983e+06
26  39  9.92915e+06
26  40  3.66921e+06
26  41  8.14612e+06
26  42  8.08347e+06
26  43  0
26  44  0
26  45  3.15589e+06
26  46  4.45941e+06
26  47  894158
26  48  0
26  49  3.6604e+06
26  50  4.00309e+06
27  0  4.43706e+06
27  1  4.34715e+06
27  2  5.50207e+06
27  3  7.12898e+06
27  4  4.95741e+06
27  5  3.0327e+06
27  6  4.34572e+06
27  7  3.10458e+06
27  8  0
27  9  3.29308e+06
27  10  2.72902e+06
27  11  1.33817e+06
27  12  6.00512e+06
27  13  1.9877e+06
27  14  4.20276e+06
27  15  0
27  16  5.50371e+06
27  17  9.49829e+06
27  18  1.33761e+06
27  19  5.43871e+06
27  20  7.07612e+06
27  21  8.52216e+06
27  22  8.30923e+06
27  23  3.83043e+06
27  24  0
27  25  3.30284e+06
27  26  3.04508e+06
27  27  1.59442e+06
27  28  1.42236e+06
27  29  6.05527e+06
27  30  4.62244e+06
27  31  3.86606e+06
27  32  6.21902e+06
27  33  5.46482e+06
27  34  3.20272e+06
27  35  8.20882e+06
27  36  3.30803e+06
27  37  3.05226e+06
27  38  4.57397e+06
27  39  7.55353e+06
27  40  6.7823e+06
27  41  6.55975e+06
27  42  0
27  43  2.98581e+06
27  44  0
27  45  0
27  46  6.53182e+06
27  47  2.58616e+06
27  48  0
27  49  4.92725e+06
27  50  3.13282e+06
28  0  1.20731e+06
28  1  1.53027e+06
28  2  5.87926e+06
28  3  6.58708e+06
28  4  1.77178e+06
28  5  810343
28  6  8.12149e+06
28  7  2.15327e+06
28  8  8.72654e+06
28  9  4.38199e+06
28  10  5.55751e+06
28  11  1.70727e+06
28  12  4.7048e+06
28  13  2.03254e+06
28  14  1.51531e+06
28  15  6.05921e+06
28  16  0
28  17  2.65155e+06
28  18  5.38547e+06
28  19  1.04699e+07
28  20  8.03227e+06
28  21  4.45179e+06
28  22  2.33348e+06
28  23  5.12258e+06
28  24  0
28  25  0
28  26  0
28  27  5.54878e+06
28  28  2.79712e+06
28  29  1.97049e+06
28  30  1.99614e+06
28  31  8.2063e+06
28  32  9.80938e+06
28  33  4.82913e+06
28  34  2.4019e+06
28  35  5.11633e+06
28  36  4.07771e+06
28  37  3.47286e+06
28  38  7.94339e+06
28  39  931847
28  40  8.40614e+06
28  41  7.34686e+06
28  42  0
28  43  1.3981e+06
28  44  8.55056e+06
28  45  0
28  46  1.99958e+06
28  47  4.6584e+06
28  48  0
28  49  3.58936e+06
28  50  4.33006e+06
29  0  7.67986e+06
29  1  8.20044e+06
29  2  6.97657e+06
29  3  8.47833e+06
29  4  4.61764e+06
29  5  609101
29  6  2.35758e+06
29  7  2.15613e+06
29  8  5.21313e+06
29  9  0
29  10  1.64223e+06
29  11  7.27031e+06
29  12  7.95186e+06
29  13  0
29  14  5.10896e+06
29  15  0
29  16  0
29  17  1.81719e+06
29  18  7.92842e+06
29  19  7.51334e+06
29  20  6.20977e+06
29  21  5.05868e+06
29  22  2.84547e+06
29  23  0
29  24  2.90137e+06
29  25  0
29  26  3.07083e+06
29  27  0
29  28  1.69877e+06
29  29  6.28326e+06
29  30  2.61612e+06
29  31  5.29622e+06
29  32  2.19925e+06
29  33  9.02032e+06
29  34  2.71281e+06
29  35  5.36503e+06
29  36  1.14919e+06
29  37  4.02208e+06
29  38  2.49867e+06
29  39  1.00569e+07
29  40  3.47559e+06
29  41  9.94228e+06
29  42  8.31924e+06
29  43  2.81629e+06
29  44  6.8799e+06
29  45  5.73562e+06
29  46  6.39969e+06
29  47  1.87201e+06
29  48  1.00747e+07
29  49  2.99785e+06
29  50  0
30  0  9.64323e+06
30  1  0
30  2  0
30  3  9.22196e+06
30  4  4.85071e+06
30  5  9.06519e+06
30  6  3.75492e+06
30  7  5.7709e+06
30  8  5.97008e+06
30  9  4.30566e+06
30  10  3.59118e+06
30  11  3.28646e+06
30  12  1.9201e+06
30  13  8.00582e+06
30  14  2.65343e+06
30  15  1.48111e+06
30  16  5.63874e+06
30  17  7.32142e+06
30  18  9.56686e+06
30  19  8.72185e+06
30  20  5.33273e+06
30  21  1.99057e+06
30  22  0
30  23  6.99826e+06
30  24  1.42131e+06
30  25  0
30  26  2.50112e+06
30  27  2.57017e+06
30  28  2.88382e+06
30  29  1.48234e+06
30  30  1.95796e+06
30  31  3.63264e+06
30  32  5.76907e+06
30  33  2.36153e+06
30  34  4.26721e+06
30  35  6.0242e+06
30  36  4.0499e+06
30  37  3.69371e+06
30  38  3.77749e+06
30  39  1.30692e+06
30  40  0
30  41  2.13777e+06
30  42  1.22918e+06
30  43  9.11661e+06
30  44  3.00072e+06
30  45  5.09698e+06
30  46  0
30  47  4.20419e+06
30  48  0
30  49  4.0006e+06
30  50  5.1592e+06
31  0  9.41472e+06
31  1  4.42258e+06
31  2  9.62741e+06
31  3  7.99378e+06
31  4  4.25014e+06
31  5  3.60526e+06
31  6  5.00403e+06
31  7  3.20761e+06
31  8  8.13004e+06
31  9  6.03262e+06
31  10  3.60321e+06
31  11  4.3076e+06
31  12  2.7807e+06
31  13  2.80054e+06
31  14  6.89271e+06
31  15  5.98505e+06
31  16  1.71278e+06
31  17  1.12504e+06
31  18  4.28963e+06
31  19  6.11959e+06
31  20  0
31  21  7.51794e+06
31  22  0
31  23  3.22519e+06
31  24  1.24461e+06
31  25  0
31  26  2.23243e+06
31  27  0
31  28  4.86779e+06
31  29  4.43305e+06
31  30  1.88894e+06
31  31  6.85409e+06
31  32  8.70185e+06
31  33  4.30614e+06
31  34  4.73762e+06
31  35  5.33025e+06
31  36  6.82088e+06
31  37  0
31  38  6.10442e+06
31  39  1.19947e+07
31  40  2.81158e+06
31  41  0
31  42  6.4279e+06
31  43  2.60156e+06
31  44  8.37351e+06
31  45  4.06972e+06
31  46  5.0481e+06
31  47  4.61332e+06
31  48  0
31  49  0
31  50  2.01926e+06
32  0  6.38332e+06
32  1  5.98261e+06
32  2  7.82995e+06
32  3  5.7734e+06
32  4  3.71615e+06
32  5  5.98057e+06
32  6  7.26281e+06
32  7  1.12824e+06
32  8  1.09424e+06
32  9  7.96196e+06
32  10  1.13541e+06
32  11  1.55361e+06
32  12  5.86941e+06
32  13  3.61249e+06
32  14  8.04222e+06
32  15  1.15735e+06
32  16  4.00098e+06
32  17  2.34607e+06
32  18  5.81197e+06
32  19  4.10597e+06
32  20  4.80756e+06
32  21  4.72025e+06
32  22  0
32  23  3.02635e+06
32  24  1.44001e+06
32  25  3.24867e+06
32  26  4.25387e+06
32  27  2.99643e+06
32  28  0
32  29  7.67327e+06
32  30  0
32  31  2.91962e+06
32  32  1.15233e+07
32  33  6.10575e+06
32  34  6.05199e+06
32  35  7.00265e+06
32  36  4.70613e+06
32  37  4.50159e+06
32  38  4.52468e+06
32  39  0
32  40  8.71527e+06
32  41  4.49537e+06
32  42  1.60155e+06
32  43  3.44947e+06
32  44  508934
32  45  3.77785e+06
32  46  5.03156e+06
32  47  6.69576e+06
32  48  0
32  49  2.12338e+06
32  50  4.00093e+06
33  0  1.06779e+07
33  1  4.97105e+06
33  2  3.69797e+06
33  3  6.06414e+06
33  4  6.20255e+06
33  5  5.0709e+06
33  6  9.04364e+06
33  7  3.90538e+06
33  8  6.30746e+06
33  9  1.10578e+07
33  10  8.71765e+06
33  11  8.89176e+06
33  12  7.6106e+06
33  13  4.3515e+06
33  14  0
33  15  1.03183e+07
33  16  1.88996e+06
33  17  5.2235e+06
33  18  0
33  19  2.91878e+06
33  20  1.11751e+07
33  21  5.71752e+06
33  22  0
33  23  0
33  24  3.38002e+06
33  25  6.35938e+06
33  26  3.51929e+06
33  27  8.09468e+06
33  28  0
33  29  5.49169e+06
33  30  6.41214e+06
33  31  8.53005e+06
33  32  6.12025e+06
33  33  6.46396e+06
33  34  7.00675e+06
33  35  4.02345e+06
33  36  4.5146e+06
33  37  1.50392e+06
33  38  3.95704e+06
33  39  3.86328e+06
33  40  0
33  41  5.27837e+06
33  42  924939
33  43  1.64212e+06
33  44  0
33  45  0
33  46  0
33  47  0
33  48  4.23637e+06
33  49  5.78704e+06
33  50  2.40622e+06
34  0  8.17962e+06
34  1  7.70546e+06
34  2  6.93215e+06
34  3  1.73679e+06
34  4  2.7695e+06
34  5  8.4076e+06
34  6  7.45504e+06
34  7  8.39339e+06
34  8  2.80778e+06
34  9  8.40352e+06
34  10  6.40859e+06
34  11  5.88623e+06
34  12  1.17839e+07
34  13  7.71527e+06
34  14  8.9988e+06
34  15  1.93339e+06
34  16  1.26811e+07
34  17  7.15512e+06
34  18  8.17536e+06
34  19  3.20934e+06
34  20  2.92806e+06
34  21  0
34  22  3.05561e+06
34  23  2.57933e+06
34  24  4.83715e+06
34  25  0
34  26  3.93082e+06
34  27  7.30459e+06
34  28  5.18419e+06
34  29  8.69001e+06
34  30  3.97188e+06
34  31  6.01716e+06
34  32  0
34  33  6.49406e+06
34  34  9.27141e+06
34  35  8.97114e+06
34  36  1.33108e+07
34  37  4.22655e+06
34  38  0
34  39  6.15486e+06
34  40  1.15465e+06
34  41  6.56336e+06
34  42  3.97519e+06
34  43  493255
34  44  1.40275e+06
34  45  0
34  46  1.49355e+06
34  47  1.01475e+07
34  48  4.75793e+06
34  49  0
34  50  1.00687e+07
35  0  6.9531e+06
35  1  8.19128e+06
35  2  6.15259e+06
35  3  3.72796e+06
35  4  4.72939e+06
35  5  8.24538e+06
35  6  3.5883e+06
35  7  6.38687e+06
35  8  3.60247e+06
35  9  9.06344e+06
35  10  1.18936e+07
35  11  3.92776e+06
35  12  9.73207e+06
35  13  9.16861e+06
35  14  7.19692e+06
35  15  6.85584e+06
35  16  5.68777e+06
35  17  6.48941e+06
35  18  5.70565e+06
35  19  1.53115e+07
35  20  8.52025e+06
35  21  5.346e+06
35  22  2.07367e+06
35  23  994808
35  24  3.54952e+06
35  25  2.89402e+06
35  26  1.72851e+06
35  27  4.28812e+06
35  28  4.20468e+06
35  29  1.08159e+07
35  30  2.89569e+06
35  31  3.93197e+06
35  32  0
35  33  6.94376e+06
35  34  1.10492e+07
35  35  7.90384e+06
35  36  8.20788e+06
35  37  0
35  38  3.29207e+06
35  39  5.12894e+06
35  40  1.44728e+06
35  41  5.12998e+06
35  42  6.46804e+06
35  43  2.71599e+06
35  44  4.20356e+06
35  45  1.30618e+06
35  46  2.58428e+06
35  47  0
35  48  3.10275e+06
35  49  7.6029e+06
35  50  0
36  0  7.22561e+06
36  1  6.0645e+06
36  2  8.69058e+06
36  3  2.17618e+06
36  4  9.71095e+06
36  5  1.05848e+07
36  6  7.19122e+06
36  7  6.73305e+06
36  8  3.96237e+06
36  9  1.12123e+07
36  10  4.31798e+06
36  11  5.07549e+06
36  12  8.89793e+06
36  13  5.61785e+06
36  14  6.0177e+06
36  15  8.498e+06
36  16  1.14672e+07
36  17  4.04398e+06
36  18  5.5074e+06
36  19  0
36  20  0
36  21  1.94934e+06
36  22  6.30247e+06
36  23  2.28028e+06
36  24  2.45193e+06
36  25  5.17622e+06
36  26  2.84444e+06
36  27  1.63746e+06
36  28  6.81252e+06
36  29  6.03873e+06
36  30  4.41726e+06
36  31  2.83239e+06
36  32  9.89503e+06
36  33  8.8695e+06
36  34  9.14545e+06
36  35  3.68244e+06
36  36  0
36  37  3.32545e+06
36  38  3.82173e+06
36  39  2.23894e+06
36  40  1.00976e+07
36  41  7.30297e+06
36  42  0
36  43  0
36  44  1.19639e+06
36  45  1.43721e+06
36  46  2.00686e+06
36  47  0
36  48  2.75501e+06
36  49  4.15595e+06
36  50  5.15539e+06
37  0  9.28004e+06
37  1  6.31921e+06
37  2  6.84849e+06
37  3  2.92053e+06
37  4  1.43044e+07
37  5  5.01679e+06
37  6  6.19589e+06
37  7  5.54265e+06
37  8  6.23955e+06
37  9  6.06774e+06
37  10  5.90316e+06
37  11  9.34471e+06
37  12  1.03934e+07
37  13  7.70149e+06
37  14  1.03007e+07
37  15  8.15383e+06
37  16  6.56741e+06
37  17  6.99902e+06
37  18  2.57808e+06
37  19  8.25357e+06
37  20  2.14235e+06
37  21  0
37  22  0
37  23  0
37  24  4.6162e+06
37  25  3.58046e+06
37  26  5.27547e+06
37  27  5.93146e+06
37  28  7.4438e+06
37  29  8.16699e+06
37  30  2.25706e+06
37  31  9.20692e+06
37  32  7.71689e+06
37  33  3.43986e+06
37  34  1.23693e+07
37  35  6.72363e+06
37  36  1.73567e+07
37  37  7.22277e+06
37  38  4.92365e+06
37  39  4.19582e+06
37  40  8.9328e+06
37  41  0
37  42  1.28213e+06
37  43  1.91078e+06
37  44  0
37  45  1.4245e+06
37  46  3.50641e+06
37  47  1.74999e+06
37  48  0
37  49  4.942e+06
37  50  0
38  0  5.94306e+06
38  1  1.44941e+06
38  2  1.51298e+06
38  3  8.32945e+06
38  4  6.7559e+06
38  5  1.1924e+07
38  6  6.7528e+06
38  7  8.23722e+06
38  8  6.22048e+06
38  9  5.71849e+06
38  10  1.2465e+07
38  11  1.39916e+07
38  12  3.53803e+06
38  13  9.22211e+06
38  14  6.8743e+06
38  15  1.41816e+07
38  16  8.71398e+06
38  17  4.1944e+06
38  18  1.68321e+06
38  19  1.43471e+06
38  20  3.53897e+06
38  21  0
38  22  3.88687e+06
38  23  1.78675e+06
38  24  4.8079e+06
38  25  8.30594e+06
38  26  4.26993e+06
38  27  1.25548e+07
38  28  7.28524e+06
38  29  6.59319e+06
38  30  6.15311e+06
38  31  8.51461e+06
38  32  1.11412e+07
38  33  1.08463e+07
38  34  6.70963e+06
38  35  1.04772e+07
38  36  5.20611e+06
38  37  1.2101e+07
38  38  6.09455e+06
38  39  1.18837e+07
38  40  7.13698e+06
38  41  6.30826e+06
38  42  1.12442e+06
38  43  6.80307e+06
38  44  4.67484e+06
38  45  1.54233e+06
38  46  974178
38  47  2.9636e+06
38  48  2.72967e+06
38  49  6.70093e+06
38  50  6.64086e+06
39  0  9.65067e+06
39  1  5.393e+06
39  2  7.10427e+06
39  3  3.90443e+06
39  4  4.84064e+06
39  5  7.75295e+06
39  6  1.17277e+07
39  7  7.98167e+06
39  8  7.53621e+06
39  9  7.31355e+06
39  10  7.77645e+06
39  11  4.19526e+06
39  12  1.29158e+07
39  13  4.91796e+06
39  14  9.15031e+06
39  15  7.64149e+06
39  16  9.71923e+06
39  17  0
39  18  5.50491e+06
39  19  0
39  20  0
39  21  6.64094e+06
39  22  3.54779e+06
39  23  2.61714e+06
39  24  4.35037e+06
39  25  3.7338e+06
39  26  5.31385e+06
39  27  7.48256e+06
39  28  7.62303e+06
39  29  4.67289e+06
39  30  4.94366e+06
39  31  7.74127e+06
39  32  6.22623e+06
39  33  3.13236e+06
39  34  8.95361e+06
39  35  1.12967e+07
39  36  1.44733e+07
39  37  1.05576e+07
39  38  8.77467e+06
39  39  3.87444e+06
39  40  9.89659e+06
39  41  2.83097e+06
39  42  5.58261e+06
39  43  4.72247e+06
39  44  2.96971e+06
39  45  0
39  46  6.38677e+06
39  47  0
39  48  1.55432e+06
39  49  1.16081e+06
39  50  2.07032e+06
40  0  6.847e+06
40  1  2.6105e+06
40  2  8.20947e+06
40  3  7.7879e+06
40  4  7.0954e+06
40  5  6.68247e+06
40  6  1.11623e+07
40  7  1.19599e+07
40  8  6.3729e+06
40  9  5.39465e+06
40  10  6.8215e+06
40  11  1.23575e+07
40  12  7.50202e+06
40  13  1.1345e+07
40  14  6.38218e+06
40  15  9.37259e+06
40  16  673723
40  17  5.25855e+06
40  18  3.1168e+06
40  19  0
40  20  2.6743e+06
40  21  2.24764e+06
40  22  9.21326e+06
40  23  7.69764e+06
40  24  9.89182e+06
40  25  7.61028e+06
40  26  7.0403e+06
40  27  4.44515e+06
40  28  7.16318e+06
40  29  5.75566e+06
40  30  2.77769e+06
40  31  1.3296e+07
40  32  1.57963e+06
40  33  9.73597e+06
40  34  5.48615e+06
40  35  6.02052e+06
40  36  8.7177e+06
40  37  9.05827e+06
40  38  4.26467e+06
40  39  2.28799e+06
40  40  1.58339e+07
40  41  7.94887e+06
40  42  6.12254e+06
40  43  4.04217e+06
40  44  4.40698e+06
40  45  0
40  46  8.12057e+06
40  47  1.36785e+06
40  48  0
40  49  0
40  50  5.97162e+06
41  0  5.94445e+06
41  1  7.20193e+06
41  2  7.31115e+06
41  3  5.77279e+06
41  4  4.13898e+06
41  5  6.19196e+06
41  6  1.20085e+07
41  7  4.69215e+06
41  8  1.08982e+07
41  9  1.14007e+07
41  10  8.20426e+06
41  11  1.32913e+07
41  12  1.70582e+07
41  13  1.05935e+07
41  14  1.02274e+07
41  15  1.26948e+07
41  16  7.49117e+06
41  17  4.08391e+06
41  18  2.72484e+06
41  19  1.3402e+06
41  20  2.18176e+06
41  21  4.02283e+06
41  22  0
41  23  1.16711e+07
41  24  7.016e+06
41  25  1.01678e+07
41  26  6.46974e+06
41  27  9.28919e+06
41  28  1.18272e+07
41  29  9.71692e+06
41  30  7.67167e+06
41  31  1.32294e+07
41  32  1.28453e+07
41  33  1.24398e+07
41  34  4.1512e+06
41  35  1.6432e+07
41  36  1.6456e+07
41  37  1.17264e+07
41  38  5.40172e+06
41  39  0
41  40  8.47359e+06
41  41  1.28791e+07
41  42  1.24136e+06
41  43  1.40324e+07
41  44  3.0736e+06
41  45  0
41  46  1.79501e+06
41  47  4.94955e+06
41  48  3.33335e+06
41  49  5.75468e+06
41  50  8.18076e+06
42  0  3.95381e+06
42  1  7.49973e+06
42  2  8.43059e+06
42  3  6.80935e+06
42  4  2.71435e+06
42  5  2.89947e+06
42  6  1.10879e+07
42  7  0
42  8  7.55559e+06
42  9  6.77587e+06
42  10  5.94636e+06
42  11  6.04427e+06
42  12  8.3887e+06
42  13  8.40553e+06
42  14  8.3699e+06
42  15  1.03453e+07
42  16  1.22467e+07
42  17  4.58329e+06
42  18  1.72103e+06
42  19  6.92872e+06
42  20  5.79344e+06
42  21  2.08025e+06
42  22  5.66135e+06
42  23  8.61418e+06
42  24  7.71585e+06
42  25  9.41853e+06
42  26  7.24095e+06
42  27  7.49431e+06
42  28  1.00463e+07
42  29  6.53454e+06
42  30  1.12532e+07
42  31  9.84226e+06
42  32  5.81278e+06
42  33  1.37794e+07
42  34  1.1027e+07
42  35  3.37904e+06
42  36  6.21101e+06
42  37  1.00726e+07
42  38  1.54767e+07
42  39  5.4453e+06
42  40  6.87633e+06
42  41  6.76102e+06
42  42  6.35755e+06
42  43  7.95424e+06
42  44  2.89918e+06
42  45  9.83891e+06
42  46  0
42  47  7.52407e+06
42  48  0
42  49  3.38148e+06
42  50  3.47399e+06
43  0  3.77234e+06
43  1  6.0148e+06
43  2  5.09548e+06
43  3  1.50198e+07
43  4  6.19482e+06
43  5  8.67983e+06
43  6  8.44783e+06
43  7  5.96107e+06
43  8  1.07823e+07
43  9  3.82445e+06
43  10  1.32163e+07
43  11  6.69435e+06
43  12  8.96492e+06
43  13  1.77225e+07
43  14  6.12231e+06
43  15  1.19905e+07
43  16  5.97448e+06
43  17  2.31021e+06
43  18  3.85181e+06
43  19  1.43006e+06
43  20  930979
43  21  3.01675e+06
43  22  0
43  23  4.07487e+06
43  24  6.76749e+06
43  25  3.64551e+06
43  26  2.7139e+06
43  27  3.16608e+06
43  28  5.56601e+06
43  29  3.35773e+06
43  30  2.69644e+06
43  31  9.80852e+06
43  32  9.13756e+06
43  33  6.24704e+06
43  34  1.00503e+07
43  35  8.38278e+06
43  36  9.65709e+06
43  37  8.92371e+06
43  38  5.72574e+06
43  39  6.18514e+06
43  40  5.03358e+06
43  41  2.1377e+06
43  42  6.18578e+06
43  43  4.53011e+06
43  44  9.13083e+06
43  45  1.80009e+06
43  46  4.54528e+06
43  47  0
43  48  957635
43  49  7.59559e+06
43  50  3.85198e+06
44  0  1.07947e+07
44  1  8.25371e+06
44  2  1.66578e+07
44  3  9.37567e+06
44  4  3.74274e+06
44  5  3.30957e+06
44  6  3.93794e+06
44  7  8.1417e+06
44  8  5.26313e+06
44  9  2.69351e+06
44  10  1.18308e+07
44  11  1.15843e+07
44  12  1.42137e+07
44  13  1.21597e+07
44  14  6.07342e+06
44  15  1.39883e+07
44  16  5.07064e+06
44  17  6.39983e+06
44  18  5.18793e+06
44  19  9.30783e+06
44  20  2.38409e+06
44  21  6.77993e+06
44  22  7.78365e+06
44  23  3.98981e+06
44  24  3.36346e+06
44  25  3.11498e+06
44  26  1.52463e+07
44  27  3.02748e+06
44  28  9.33678e+06
44  29  5.85572e+06
44  30  5.06185e+06
44  31  1.01381e+07
44  32  4.45182e+06
44  33  9.37143e+06
44  34  1.58286e+07
44  35  1.02764e+07
44  36  3.37056e+06
44  37  1.54559e+06
44  38  9.49403e+06
44  39  3.01706e+06
44  40  3.87089e+06
44  41  1.19526e+07
44  42  8.59514e+06
44  43  4.85044e+06
44  44  3.14048e+06
44  45  3.50363e+06
44  46  2.20095e+06
44  47  1.999e+06
44  48  0
44  49  3.24612e+06
44  50  5.35056e+06
45  0  6.97439e+06
45  1  1.43998e+07
45  2  5.82834e+06
45  3  1.30133e+07
45  4  4.62029e+06
45  5  1.00462e+07
45  6  5.60891e+06
45  7  5.48608e+06
45  8  4.88246e+06
45  9  7.19198e+06
45  10  6.8631e+06
45  11  1.5877e+07
45  12  5.52913e+06
45  13  9.97985e+06
45  14  6.2575e+06
45  15  6.8146e+06
45  16  1.26443e+07
45  17  2.28543e+06
45  18  4.17321e+06
45  19  6.62542e+06
45  20  5.41341e+06
45  21  3.33632e+06
45  22  8.53419e+06
45  23  8.5351e+06
45  24  8.46255e+06
45  25  4.14873e+06
45  26  6.16233e+06
45  27  7.3948e+06
45  28  8.29225e+06
45  29  4.75241e+06
45  30  9.66993e+06
45  31  8.8426e+06
45  32  5.5902e+06
45  33  8.77448e+06
45  34  3.32996e+06
45  35  9.73513e+06
45  36  1.09765e+07
45  37  1.39484e+07
45  38  7.64968e+06
45  39  5.46063e+06
45  40  8.90579e+06
45  41  5.96168e+06
45  42  1.19232e+06
45  43  0
45  44  1.42568e+07
45  45  4.09662e+06
45  46  2.46661e+06
45  47  4.58368e+06
45  48  0
45  49  4.97148e+06
45  50  0
46  0  5.99559e+06
46  1  9.00141e+06
46  2  7.51579e+06
46  3  1.11757e+07
46  4  2.26134e+06
46  5  5.55635e+06
46  6  6.56694e+06
46  7  7.25807e+06
46  8  6.48949e+06
46  9  3.29432e+06
46  10  3.37399e+06
46  11  5.6494e+06
46  12  4.03453e+06
46  13  1.1022e+07
46  14  1.60047e+07
46  15  9.75885e+06
46  16  7.92959e+06
46  17  8.3928e+06
46  18  4.39866e+06
46  19  4.51618e+06
46  20  1.57528e+06
46  21  4.47607e+06
46  22  4.24913e+06
46  23  4.7781e+06
46  24  7.65694e+06
46  25  6.79318e+06
46  26  8.60619e+06
46  27  3.25162e+06
46  28  6.68618e+06
46  29  1.17242e+07
46  30  7.97753e+06
46  31  1.01595e+07
46  32  3.92851e+06
46  33  5.47797e+06
46  34  1.27422e+07
46  35  4.69247e+06
46  36  4.42214e+06
46  37  2.88544e+06
46  38  6.48437e+06
46  39  8.50144e+06
46  40  1.15367e+07
46  41  3.15314e+06
46  42  1.51542e+06
46  43  4.70947e+06
46  44  7.5996e+06
46  45  343475
46  46  1.13219e+06
46  47  549490
46  48  0
46  49  1.43973e+06
46  50  4.40284e+06
47  0  4.67032e+06
47  1  9.33789e+06
47  2  9.77973e+06
47  3  1.0701e+07
47  4  9.08167e+06
47  5  6.30455e+06
47  6  7.23769e+06
47  7  0
47  8  6.87889e+06
47  9  4.97391e+06
47  10  8.21749e+06
47  11  9.03549e+06
47  12  1.07728e+07
47  13  9.79531e+06
47  14  1.27279e+07
47  15  7.44125e+06
47  16  7.82164e+06
47  17  4.93774e+06
47  18  2.71315e+06
47  19  6.92355e+06
47  20  3.04534e+06
47  21  1.10447e+07
47  22  2.634e+06
47  23  8.50639e+06
47  24  9.97811e+06
47  25  3.45601e+06
47  26  8.9863e+06
47  27  1.58393e+06
47  28  7.95407e+06
47  29  7.15454e+06
47  30  1.0752e+07
47  31  7.07435e+06
47  32  7.86656e+06
47  33  7.89757e+06
47  34  6.09652e+06
47  35  0
47  36  3.15029e+06
47  37  5.56155e+06
47  38  7.11348e+06
47  39  3.94469e+06
47  40  4.94811e+06
47  41  816501
47  42  0
47  43  5.90659e+06
47  44  1.23964e+07
47  45  0
47  46  0
47  47  1.12251e+06
47  48  0
47  49  2.67231e+06
47  50  2.43051e+06
48  0  5.6723e+06
48  1  1.21419e+07
48  2  7.43733e+06
48  3  1.0049e+07
48  4  1.06062e+07
48  5  7.27463e+06
48  6  1.40356e+07
48  7  0
48  8  9.13469e+06
48  9  4.51485e+06
48  10  1.29976e+07
48  11  1.64345e+07
48  12  6.95255e+06
48  13  1.14715e+07
48  14  6.83399e+06
48  15  1.00793e+07
48  16  6.74481e+06
48  17  5.78912e+06
48  18  1.24634e+07
48  19  5.25408e+06
48  20  6.79328e+06
48  21  7.4941e+06
48  22  1.03307e+07
48  23  1.52265e+06
48  24  8.19631e+06
48  25  4.02148e+06
48  26  4.9335e+06
48  27  7.24274e+06
48  28  4.83919e+06
48  29  1.09435e+07
48  30  9.71152e+06
48  31  1.15142e+07
48  32  5.96747e+06
48  33  8.19653e+06
48  34  7.34777e+06
48  35  6.65518e+06
48  36  2.85839e+06
48  37  7.31233e+06
48  38  1.17329e+07
48  39  5.16137e+06
48  40  3.81456e+06
48  41  3.60214e+06
48  42  5.47725e+06
48  43  8.82592e+06
48  44  1.42065e+06
48  45  0
48  46  3.44501e+06
48  47  3.42687e+06
48  48  2.22111e+06
48  49  1.06374e+06
48  50  2.22673e+06
49  0  1.31299e+07
49  1  7.08669e+06
49  2  1.0498e+07
49  3  9.10087e+06
49  4  8.26779e+06
49  5  1.48206e+07
49  6  4.42086e+06
49  7  2.55408e+06
49  8  0
49  9  3.48908e+06
49  10  4.2105e+06
49  11  9.03223e+06
49  12  8.80286e+06
49  13  2.03368e+07
49  14  1.29984e+07
49  15  5.3249e+06
49  16  6.59755e+06
49  17  4.78526e+06
49  18  4.47124e+06
49  19  2.11865e+06
49  20  3.95643e+06
49  21  0
49  22  7.70265e+06
49  23  0
49  24  5.98787e+06
49  25  1.28883e+06
49  26  9.35638e+06
49  27  7.18149e+06
49  28  3.35426e+06
49  29  9.29849e+06
49  30  8.15297e+06
49  31  1.98989e+06
49  32  6.97474e+06
49  33  9.4265e+06
49  34  1.09283e+07
49  35  5.09265e+06
49  36  6.60184e+06
49  37  5.6713e+06
49  38  1.14851e+07
49  39  4.40347e+06
49  40  8.42986e+06
49  41  6.69564e+06
49  42  0
49  43  3.76945e+06
49  44  0
49  45  0
49  46  0
49  47  0
49  48  0
49  49  7.04553e+06
49  50  1.23773e+06
50  0  1.08015e+07
50  1  9.13931e+06
50  2  9.63645e+06
50  3  1.01462e+07
50  4  2.74518e+06
50  5  5.9136e+06
50  6  9.97574e+06
50  7  6.63213e+06
50  8  4.5609e+06
50  9  5.09328e+06
50  10  0
50  11  6.42148e+06
50  12  9.28262e+06
50  13  1.17345e+07
50  14  1.14853e+07
50  15  1.00169e+07
50  16  0
50  17  1.023e+07
50  18  4.93352e+06
50  19  0
50  20  1.2482e+06
50  21  1.36657e+07
50  22  5.09498e+06
50  23  0
50  24  5.38752e+06
50  25  6.09146e+06
50  26  1.00596e+07
50  27  2.90832e+06
50  28  7.38461e+06
50  29  4.79454e+06
50  30  7.5295e+06
50  31  1.04731e+07
50  32  4.29973e+06
50  33  8.42782e+06
50  34  1.20778e+07
50  35  6.03355e+06
50  36  4.61425e+06
50  37  7.37004e+06
50  38  8.56917e+06
50  39  1.24262e+06
50  40  5.92454e+06
50  41  5.01983e+06
50  42  1.57947e+06
50  43  0
50  44  2.93263e+06
50  45  932624
50  46  3.50824e+06
50  47  2.67318e+06
50  48  2.92757e+06
50  49  0
50  50  3.3485e+06

