row  column  (images_8.edf Zn_K*images_8.edf Ar_K**2.3)
0  0  2.17693e+07
0  1  2.07922e+07
0  2  2.77142e+07
0  3  2.35925e+07
0  4  2.63263e+07
0  5  3.09394e+07
0  6  3.58338e+07
0  7  3.42455e+07
0  8  3.49271e+07
0  9  3.7202e+07
0  10  4.91725e+07
0  11  4.08374e+07
0  12  4.90744e+07
0  13  6.45422e+07
0  14  6.42902e+07
0  15  4.23503e+07
0  16  5.51798e+07
0  17  4.01806e+07
0  18  5.32246e+07
0  19  8.12079e+07
0  20  6.74619e+07
0  21  5.25877e+07
0  22  4.63574e+07
0  23  3.54542e+07
0  24  5.54357e+07
0  25  4.38219e+07
0  26  5.4834e+07
0  27  6.5544e+07
0  28  5.17546e+07
0  29  2.42156e+07
0  30  2.18866e+07
0  31  2.57233e+07
0  32  1.70932e+07
0  33  2.11465e+07
0  34  1.51358e+07
0  35  0
0  36  1.04986e+07
0  37  5.83678e+06
0  38  1.68083e+07
0  39  6.188e+06
0  40  0
0  41  0
0  42  0
0  43  0
0  44  5.63831e+06
0  45  848808
0  46  0
0  47  7.28406e+06
0  48  1.63317e+06
0  49  0
0  50  0
1  0  2.20416e+07
1  1  2.1439e+07
1  2  1.63434e+07
1  3  3.05347e+07
1  4  3.02202e+07
1  5  2.05898e+07
1  6  2.46523e+07
1  7  2.17947e+07
1  8  2.36169e+07
1  9  4.15907e+07
1  10  4.29371e+07
1  11  4.55289e+07
1  12  5.06357e+07
1  13  4.93447e+07
1  14  4.54351e+07
1  15  5.14617e+07
1  16  5.62002e+07
1  17  4.99643e+07
1  18  6.97078e+07
1  19  7.04717e+07
1  20  5.83114e+07
1  21  4.72789e+07
1  22  5.36145e+07
1  23  6.03038e+07
1  24  6.52954e+07
1  25  5.91395e+07
1  26  4.61169e+07
1  27  5.53035e+07
1  28  5.45629e+07
1  29  3.08913e+07
1  30  3.35274e+07
1  31  2.5876e+07
1  32  3.87129e+07
1  33  3.32398e+07
1  34  1.17609e+07
1  35  1.38532e+07
1  36  1.69369e+07
1  37  1.58783e+07
1  38  2.87561e+06
1  39  6.97938e+06
1  40  7.48645e+06
1  41  0
1  42  0
1  43  0
1  44  0
1  45  0
1  46  0
1  47  0
1  48  0
1  49  0
1  50  0
2  0  1.3692e+07
2  1  2.28214e+07
2  2  2.42201e+07
2  3  2.40122e+07
2  4  2.86475e+07
2  5  1.34629e+07
2  6  1.46453e+07
2  7  2.29637e+07
2  8  2.88383e+07
2  9  3.0448e+07
2  10  3.73837e+07
2  11  3.94779e+07
2  12  4.66685e+07
2  13  3.62144e+07
2  14  3.77032e+07
2  15  4.59088e+07
2  16  3.0125e+07
2  17  3.28482e+07
2  18  8.5439e+07
2  19  7.87404e+07
2  20  6.44737e+07
2  21  6.79738e+07
2  22  5.46991e+07
2  23  4.33344e+07
2  24  5.59068e+07
2  25  7.06117e+07
2  26  6.20775e+07
2  27  5.82921e+07
2  28  5.9748e+07
2  29  2.79644e+07
2  30  3.66129e+07
2  31  5.4274e+07
2  32  5.46968e+07
2  33  5.28654e+07
2  34  1.9684e+07
2  35  1.53502e+07
2  36  2.68068e+07
2  37  1.98162e+07
2  38  2.63722e+07
2  39  0
2  40  0
2  41  161605
2  42  0
2  43  0
2  44  0
2  45  1.07462e+07
2  46  0
2  47  0
2  48  0
2  49  5.98136e+06
2  50  988115
3  0  2.76272e+07
3  1  2.24448e+07
3  2  3.25994e+07
3  3  3.25294e+07
3  4  1.61845e+07
3  5  1.63148e+07
3  6  1.81201e+07
3  7  2.44783e+07
3  8  3.86543e+07
3  9  3.15676e+07
3  10  3.91898e+07
3  11  2.73911e+07
3  12  5.40544e+07
3  13  4.17172e+07
3  14  3.51648e+07
3  15  4.24255e+07
3  16  4.01732e+07
3  17  4.55396e+07
3  18  7.04972e+07
3  19  5.74863e+07
3  20  5.61053e+07
3  21  6.87006e+07
3  22  5.26568e+07
3  23  6.45858e+07
3  24  5.08578e+07
3  25  6.62925e+07
3  26  4.90423e+07
3  27  5.9334e+07
3  28  5.28569e+07
3  29  1.98582e+07
3  30  4.43768e+07
3  31  6.69469e+07
3  32  5.18969e+07
3  33  6.03169e+07
3  34  2.98457e+07
3  35  2.7674e+07
3  36  3.91053e+07
3  37  3.843e+07
3  38  3.05593e+07
3  39  5.93436e+06
3  40  8.16809e+06
3  41  3.34675e+06
3  42  0
3  43  211805
3  44  0
3  45  0
3  46  0
3  47  0
3  48  0
3  49  0
3  50  1.74217e+06
4  0  3.10985e+07
4  1  2.65821e+07
4  2  4.14476e+07
4  3  4.16551e+07
4  4  4.31731e+07
4  5  1.71166e+07
4  6  1.85425e+07
4  7  1.73275e+07
4  8  4.76073e+07
4  9  5.09215e+07
4  10  3.88813e+07
4  11  3.76787e+07
4  12  4.85098e+07
4  13  4.84618e+07
4  14  3.34149e+07
4  15  3.28598e+07
4  16  4.96033e+07
4  17  4.73767e+07
4  18  6.47207e+07
4  19  6.1469e+07
4  20  6.56368e+07
4  21  5.10775e+07
4  22  4.63075e+07
4  23  4.47975e+07
4  24  4.74532e+07
4  25  5.48973e+07
4  26  4.91749e+07
4  27  4.51763e+07
4  28  4.88772e+07
4  29  2.78234e+07
4  30  3.93706e+07
4  31  6.14691e+07
4  32  3.72035e+07
4  33  5.6201e+07
4  34  4.25707e+07
4  35  2.71327e+07
4  36  5.27626e+07
4  37  4.88293e+07
4  38  3.47925e+07
4  39  3.0122e+07
4  40  1.04074e+07
4  41  1.76878e+07
4  42  0
4  43  1881.81
4  44  0
4  45  3.97799e+06
4  46  0
4  47  2.98707e+06
4  48  3.18697e+06
4  49  0
4  50  0
5  0  4.14725e+07
5  1  4.06304e+07
5  2  5.80993e+07
5  3  5.53889e+07
5  4  4.4003e+07
5  5  1.42123e+07
5  6  2.61885e+07
5  7  3.29075e+07
5  8  3.94606e+07
5  9  4.75823e+07
5  10  5.51404e+07
5  11  4.00289e+07
5  12  5.23962e+07
5  13  4.25646e+07
5  14  4.79018e+07
5  15  4.98713e+07
5  16  6.01007e+07
5  17  4.79512e+07
5  18  6.695e+07
5  19  7.07049e+07
5  20  4.39945e+07
5  21  4.96069e+07
5  22  8.03525e+07
5  23  7.05781e+07
5  24  4.87509e+07
5  25  4.61299e+07
5  26  4.65054e+07
5  27  5.24078e+07
5  28  4.17038e+07
5  29  2.00962e+07
5  30  4.84864e+07
5  31  5.08947e+07
5  32  3.19622e+07
5  33  4.05999e+07
5  34  3.63534e+07
5  35  3.50294e+07
5  36  4.91767e+07
5  37  7.3841e+07
5  38  5.63277e+07
5  39  4.13787e+07
5  40  2.90566e+07
5  41  9.86742e+06
5  42  9.84853e+06
5  43  5.99206e+06
5  44  6.14072e+06
5  45  6.41232e+06
5  46  4.02305e+06
5  47  6.09176e+06
5  48  0
5  49  0
5  50  691194
6  0  6.03628e+07
6  1  5.0093e+07
6  2  5.57812e+07
6  3  5.44955e+07
6  4  3.5214e+07
6  5  2.1863e+07
6  6  2.49162e+07
6  7  2.54901e+07
6  8  4.54605e+07
6  9  5.23416e+07
6  10  5.40386e+07
6  11  3.90218e+07
6  12  4.33306e+07
6  13  5.33813e+07
6  14  6.26998e+07
6  15  7.13716e+07
6  16  6.52133e+07
6  17  5.16708e+07
6  18  5.50421e+07
6  19  5.27936e+07
6  20  6.15876e+07
6  21  5.11426e+07
6  22  4.98763e+07
6  23  6.55493e+07
6  24  5.38394e+07
6  25  6.61656e+07
6  26  4.68549e+07
6  27  4.00321e+07
6  28  4.06463e+07
6  29  3.40471e+07
6  30  4.29767e+07
6  31  6.74564e+07
6  32  4.36228e+07
6  33  5.22374e+07
6  34  5.51096e+07
6  35  5.01373e+07
6  36  5.47659e+07
6  37  4.76733e+07
6  38  7.28698e+07
6  39  3.36928e+07
6  40  3.60339e+07
6  41  2.53599e+07
6  42  5.79015e+06
6  43  7.03049e+06
6  44  5.42085e+06
6  45  7.52691e+06
6  46  0
6  47  0
6  48  4.25886e+06
6  49  0
6  50  0
7  0  5.49565e+07
7  1  4.793e+07
7  2  5.46424e+07
7  3  6.26714e+07
7  4  2.99916e+07
7  5  2.79804e+07
7  6  3.42905e+07
7  7  4.30688e+07
7  8  5.60272e+07
7  9  5.75458e+07
7  10  4.10801e+07
7  11  3.4738e+07
7  12  2.94236e+07
7  13  5.76976e+07
7  14  6.23082e+07
7  15  7.31747e+07
7  16  6.47564e+07
7  17  5.79642e+07
7  18  7.31265e+07
7  19  6.63212e+07
7  20  6.17265e+07
7  21  6.50263e+07
7  22  6.95049e+07
7  23  6.58166e+07
7  24  6.15825e+07
7  25  5.6566e+07
7  26  4.72085e+07
7  27  4.91147e+07
7  28  3.26896e+07
7  29  2.0977e+07
7  30  3.48387e+07
7  31  5.4991e+07
7  32  5.20082e+07
7  33  5.72731e+07
7  34  4.98642e+07
7  35  6.31824e+07
7  36  7.63571e+07
7  37  6.06697e+07
7  38  4.65562e+07
7  39  3.76545e+07
7  40  1.66838e+07
7  41  9.56054e+06
7  42  1.08347e+07
7  43  3.74599e+06
7  44  4.38131e+06
7  45  0
7  46  7.8164e+06
7  47  4.16043e+06
7  48  5.57853e+06
7  49  0
7  50  0
8  0  4.62553e+07
8  1  4.17618e+07
8  2  5.61289e+07
8  3  5.51763e+07
8  4  3.52597e+07
8  5  5.81724e+07
8  6  5.686e+07
8  7  4.92484e+07
8  8  3.71374e+07
8  9  5.2485e+07
8  10  2.5129e+07
8  11  4.23257e+07
8  12  4.9989e+07
8  13  5.97475e+07
8  14  6.01753e+07
8  15  6.52659e+07
8  16  6.08803e+07
8  17  5.92915e+07
8  18  5.8358e+07
8  19  6.32286e+07
8  20  7.21024e+07
8  21  5.39087e+07
8  22  6.7813e+07
8  23  8.14028e+07
8  24  7.51666e+07
8  25  6.95322e+07
8  26  5.57095e+07
8  27  3.31794e+07
8  28  3.77431e+07
8  29  3.47943e+07
8  30  3.43236e+07
8  31  5.62492e+07
8  32  4.75978e+07
8  33  4.42105e+07
8  34  5.69695e+07
8  35  6.06457e+07
8  36  9.28377e+07
8  37  6.34761e+07
8  38  6.66708e+07
8  39  3.59143e+07
8  40  2.06321e+07
8  41  1.50232e+07
8  42  1.51724e+07
8  43  5.32678e+06
8  44  1.10135e+07
8  45  7.79113e+06
8  46  9.87077e+06
8  47  2.62735e+06
8  48  5.23111e+06
8  49  0
8  50  0
9  0  5.67908e+07
9  1  5.36795e+07
9  2  7.52493e+07
9  3  6.4641e+07
9  4  4.82785e+07
9  5  5.52607e+07
9  6  5.83523e+07
9  7  4.41579e+07
9  8  3.67792e+07
9  9  3.43916e+07
9  10  4.3414e+07
9  11  6.08423e+07
9  12  6.71231e+07
9  13  7.61011e+07
9  14  6.82532e+07
9  15  6.75231e+07
9  16  7.12719e+07
9  17  7.08127e+07
9  18  7.41904e+07
9  19  7.48786e+07
9  20  5.44196e+07
9  21  5.79793e+07
9  22  5.58402e+07
9  23  7.49323e+07
9  24  6.29578e+07
9  25  7.04137e+07
9  26  5.11317e+07
9  27  4.85091e+07
9  28  3.70526e+07
9  29  3.38478e+07
9  30  3.62416e+07
9  31  4.40885e+07
9  32  4.14544e+07
9  33  3.93199e+07
9  34  6.12792e+07
9  35  6.19013e+07
9  36  7.66084e+07
9  37  7.0523e+07
9  38  4.07936e+07
9  39  3.01993e+07
9  40  1.22524e+07
9  41  1.69457e+07
9  42  6.85551e+06
9  43  268299
9  44  9.62202e+06
9  45  0
9  46  1.54356e+07
9  47  0
9  48  6.31132e+06
9  49  4.2777e+06
9  50  1.00997e+06
10  0  6.74085e+07
10  1  4.27001e+07
10  2  7.16797e+07
10  3  7.11109e+07
10  4  5.9118e+07
10  5  6.9976e+07
10  6  7.52153e+07
10  7  4.76337e+07
10  8  2.97898e+07
10  9  4.02358e+07
10  10  4.57983e+07
10  11  5.68105e+07
10  12  6.91188e+07
10  13  7.58207e+07
10  14  8.08502e+07
10  15  6.39057e+07
10  16  7.23908e+07
10  17  6.40994e+07
10  18  6.50999e+07
10  19  6.56512e+07
10  20  5.96551e+07
10  21  4.77691e+07
10  22  6.33369e+07
10  23  6.16798e+07
10  24  6.10918e+07
10  25  7.26687e+07
10  26  6.94386e+07
10  27  3.5102e+07
10  28  3.33148e+07
10  29  3.28407e+07
10  30  2.78788e+07
10  31  3.74669e+07
10  32  3.84517e+07
10  33  4.83392e+07
10  34  7.46244e+07
10  35  6.98825e+07
10  36  6.80642e+07
10  37  6.11323e+07
10  38  3.7253e+07
10  39  1.96708e+07
10  40  2.07674e+07
10  41  1.59098e+07
10  42  1.05058e+07
10  43  1.61841e+07
10  44  1.32172e+07
10  45  2.57238e+06
10  46  1.65311e+07
10  47  1.52401e+07
10  48  0
10  49  399408
10  50  0
11  0  5.17275e+07
11  1  3.98781e+07
11  2  6.93265e+07
11  3  6.51711e+07
11  4  6.08778e+07
11  5  7.65539e+07
11  6  7.01766e+07
11  7  6.36889e+07
11  8  3.0599e+07
11  9  4.41339e+07
11  10  4.8968e+07
11  11  5.69037e+07
11  12  8.44765e+07
11  13  6.74639e+07
11  14  6.49769e+07
11  15  5.97245e+07
11  16  7.20699e+07
11  17  7.69161e+07
11  18  7.42878e+07
11  19  6.98607e+07
11  20  6.50616e+07
11  21  5.8372e+07
11  22  4.36546e+07
11  23  5.13094e+07
11  24  4.49465e+07
11  25  4.88901e+07
11  26  5.22899e+07
11  27  3.60014e+07
11  28  3.12473e+07
11  29  4.10877e+07
11  30  3.17814e+07
11  31  4.64275e+07
11  32  2.24044e+07
11  33  5.26785e+07
11  34  6.99145e+07
11  35  4.95784e+07
11  36  7.88067e+07
11  37  3.98694e+07
11  38  4.13951e+07
11  39  2.11446e+07
11  40  3.11661e+07
11  41  2.01319e+07
11  42  2.82941e+07
11  43  2.2789e+07
11  44  2.70411e+07
11  45  2.2485e+07
11  46  2.05236e+07
11  47  1.25702e+07
11  48  8.27414e+06
11  49  8.42426e+06
11  50  4.78678e+06
12  0  4.38894e+07
12  1  4.40207e+07
12  2  5.83637e+07
12  3  5.57549e+07
12  4  5.50356e+07
12  5  6.95639e+07
12  6  7.68048e+07
12  7  5.84937e+07
12  8  5.29622e+07
12  9  4.2322e+07
12  10  5.30869e+07
12  11  5.88475e+07
12  12  7.48453e+07
12  13  5.95366e+07
12  14  6.02093e+07
12  15  6.29895e+07
12  16  9.29729e+07
12  17  8.52583e+07
12  18  6.80587e+07
12  19  8.45668e+07
12  20  6.60011e+07
12  21  3.98746e+07
12  22  4.2716e+07
12  23  5.8262e+07
12  24  4.3131e+07
12  25  5.69635e+07
12  26  5.59478e+07
12  27  4.98775e+07
12  28  3.36685e+07
12  29  4.916e+07
12  30  4.66329e+07
12  31  6.76338e+07
12  32  4.20772e+07
12  33  4.82859e+07
12  34  6.24853e+07
12  35  5.43855e+07
12  36  7.46656e+07
12  37  4.594e+07
12  38  3.81343e+07
12  39  3.52662e+07
12  40  4.55722e+07
12  41  3.14329e+07
12  42  5.74143e+07
12  43  3.21817e+07
12  44  2.69994e+07
12  45  2.70629e+07
12  46  2.31091e+07
12  47  2.94752e+07
12  48  2.57916e+07
12  49  7.84534e+06
12  50  0
13  0  4.17395e+07
13  1  3.90155e+07
13  2  5.68602e+07
13  3  5.27876e+07
13  4  5.18371e+07
13  5  7.43261e+07
13  6  8.71093e+07
13  7  5.18558e+07
13  8  5.4165e+07
13  9  4.59168e+07
13  10  7.31276e+07
13  11  6.01279e+07
13  12  6.34094e+07
13  13  5.82636e+07
13  14  6.02378e+07
13  15  7.2531e+07
13  16  9.42481e+07
13  17  9.58352e+07
13  18  8.6986e+07
13  19  6.31767e+07
13  20  5.29632e+07
13  21  2.37397e+07
13  22  3.93327e+07
13  23  5.56295e+07
13  24  3.92468e+07
13  25  4.95072e+07
13  26  4.85041e+07
13  27  4.41328e+07
13  28  5.15411e+07
13  29  4.73433e+07
13  30  6.47641e+07
13  31  8.0382e+07
13  32  4.54175e+07
13  33  5.31148e+07
13  34  7.38807e+07
13  35  7.23084e+07
13  36  5.68429e+07
13  37  4.24795e+07
13  38  3.60201e+07
13  39  4.14413e+07
13  40  3.31047e+07
13  41  2.70377e+07
13  42  6.14003e+07
13  43  5.88099e+07
13  44  4.35027e+07
13  45  3.11809e+07
13  46  4.56017e+07
13  47  4.32465e+07
13  48  2.37468e+07
13  49  2.68532e+07
13  50  1.10595e+07
14  0  4.08167e+07
14  1  4.14778e+07
14  2  6.09601e+07
14  3  5.27779e+07
14  4  4.62111e+07
14  5  6.88824e+07
14  6  7.10457e+07
14  7  6.08507e+07
14  8  4.63088e+07
14  9  4.95833e+07
14  10  6.14789e+07
14  11  6.41567e+07
14  12  8.55797e+07
14  13  7.92756e+07
14  14  5.94885e+07
14  15  6.98674e+07
14  16  7.62461e+07
14  17  7.99698e+07
14  18  7.9955e+07
14  19  8.282e+07
14  20  6.16589e+07
14  21  2.25517e+07
14  22  5.30502e+07
14  23  5.29982e+07
14  24  3.85007e+07
14  25  5.34634e+07
14  26  3.71416e+07
14  27  4.75686e+07
14  28  4.30943e+07
14  29  5.18683e+07
14  30  6.52597e+07
14  31  7.72445e+07
14  32  7.00946e+07
14  33  5.77013e+07
14  34  5.23997e+07
14  35  6.7396e+07
14  36  6.05547e+07
14  37  4.86951e+07
14  38  4.41252e+07
14  39  4.35741e+07
14  40  2.97417e+07
14  41  4.0034e+07
14  42  7.66702e+07
14  43  8.61702e+07
14  44  4.89685e+07
14  45  6.0778e+07
14  46  5.15985e+07
14  47  6.26297e+07
14  48  4.97913e+07
14  49  4.46444e+07
14  50  1.35681e+07
15  0  5.34115e+07
15  1  4.88807e+07
15  2  5.4743e+07
15  3  4.94401e+07
15  4  4.17609e+07
15  5  5.75411e+07
15  6  4.48484e+07
15  7  4.47685e+07
15  8  4.52771e+07
15  9  5.97091e+07
15  10  7.06349e+07
15  11  8.74963e+07
15  12  1.01303e+08
15  13  1.05706e+08
15  14  5.18635e+07
15  15  1.03761e+08
15  16  7.57917e+07
15  17  8.02681e+07
15  18  1.00207e+08
15  19  8.15376e+07
15  20  6.84152e+07
15  21  2.60578e+07
15  22  4.45572e+07
15  23  4.89877e+07
15  24  4.828e+07
15  25  4.91751e+07
15  26  4.81002e+07
15  27  2.84084e+07
15  28  3.7317e+07
15  29  6.0796e+07
15  30  5.97738e+07
15  31  7.3359e+07
15  32  6.01532e+07
15  33  6.06383e+07
15  34  5.74096e+07
15  35  5.37834e+07
15  36  5.43327e+07
15  37  3.72345e+07
15  38  3.7688e+07
15  39  5.09955e+07
15  40  3.37051e+07
15  41  4.84781e+07
15  42  6.03486e+07
15  43  8.63598e+07
15  44  8.4088e+07
15  45  7.51124e+07
15  46  5.68638e+07
15  47  6.38486e+07
15  48  4.98429e+07
15  49  3.56767e+07
15  50  3.24096e+07
16  0  7.12933e+07
16  1  6.10675e+07
16  2  6.99513e+07
16  3  5.50101e+07
16  4  5.09157e+07
16  5  7.04669e+07
16  6  5.26983e+07
16  7  3.77025e+07
16  8  5.24262e+07
16  9  6.99018e+07
16  10  8.27889e+07
16  11  7.55896e+07
16  12  1.01887e+08
16  13  1.12679e+08
16  14  6.69845e+07
16  15  9.23014e+07
16  16  7.38641e+07
16  17  7.79202e+07
16  18  8.36223e+07
16  19  8.23438e+07
16  20  6.49043e+07
16  21  2.20229e+07
16  22  3.96745e+07
16  23  5.61287e+07
16  24  3.92153e+07
16  25  6.18822e+07
16  26  4.86734e+07
16  27  3.98923e+07
16  28  6.34623e+07
16  29  7.82213e+07
16  30  7.1084e+07
16  31  9.90346e+07
16  32  8.4298e+07
16  33  4.9344e+07
16  34  5.87171e+07
16  35  5.55996e+07
16  36  4.36273e+07
16  37  2.01862e+07
16  38  3.74534e+07
16  39  4.29552e+07
16  40  3.33653e+07
16  41  4.95969e+07
16  42  5.1096e+07
16  43  9.97673e+07
16  44  7.82907e+07
16  45  7.3632e+07
16  46  5.63699e+07
16  47  4.82869e+07
16  48  5.00363e+07
16  49  5.954e+07
16  50  4.83772e+07
17  0  6.45424e+07
17  1  7.56754e+07
17  2  8.90103e+07
17  3  8.22312e+07
17  4  6.58018e+07
17  5  6.64668e+07
17  6  5.85347e+07
17  7  4.7217e+07
17  8  5.67457e+07
17  9  8.14456e+07
17  10  9.12741e+07
17  11  7.9106e+07
17  12  9.54476e+07
17  13  8.34786e+07
17  14  6.53115e+07
17  15  6.53131e+07
17  16  6.36234e+07
17  17  6.39807e+07
17  18  9.48373e+07
17  19  8.54661e+07
17  20  5.82638e+07
17  21  3.36724e+07
17  22  5.31258e+07
17  23  5.82873e+07
17  24  4.39819e+07
17  25  6.51549e+07
17  26  5.97549e+07
17  27  5.95446e+07
17  28  6.35543e+07
17  29  8.44309e+07
17  30  8.67281e+07
17  31  9.52801e+07
17  32  9.50992e+07
17  33  7.84983e+07
17  34  8.08786e+07
17  35  8.14369e+07
17  36  4.46657e+07
17  37  2.19846e+07
17  38  5.13214e+07
17  39  4.34694e+07
17  40  3.8631e+07
17  41  4.71416e+07
17  42  4.44323e+07
17  43  6.32852e+07
17  44  7.35893e+07
17  45  7.27657e+07
17  46  8.66596e+07
17  47  4.37967e+07
17  48  2.62342e+07
17  49  3.9023e+07
17  50  3.20248e+07
18  0  7.66458e+07
18  1  7.66583e+07
18  2  8.02809e+07
18  3  7.38044e+07
18  4  8.58586e+07
18  5  7.29403e+07
18  6  6.18021e+07
18  7  5.65133e+07
18  8  5.02239e+07
18  9  7.87768e+07
18  10  8.5267e+07
18  11  9.00252e+07
18  12  8.40144e+07
18  13  7.94104e+07
18  14  5.42908e+07
18  15  6.9729e+07
18  16  4.89545e+07
18  17  6.29899e+07
18  18  7.95892e+07
18  19  8.28839e+07
18  20  4.82309e+07
18  21  3.27859e+07
18  22  4.56931e+07
18  23  6.3482e+07
18  24  3.80209e+07
18  25  4.61425e+07
18  26  6.08964e+07
18  27  6.41597e+07
18  28  6.4045e+07
18  29  9.49789e+07
18  30  8.90095e+07
18  31  7.83906e+07
18  32  8.86702e+07
18  33  9.66716e+07
18  34  1.16113e+08
18  35  8.67961e+07
18  36  3.9178e+07
18  37  2.72086e+07
18  38  3.55942e+07
18  39  4.09707e+07
18  40  2.52281e+07
18  41  3.0444e+07
18  42  3.0205e+07
18  43  4.62166e+07
18  44  5.58945e+07
18  45  5.66841e+07
18  46  6.98004e+07
18  47  4.14413e+07
18  48  2.96659e+07
18  49  2.72868e+07
18  50  2.32853e+07
19  0  8.90301e+07
19  1  7.24441e+07
19  2  9.45968e+07
19  3  6.94948e+07
19  4  7.52334e+07
19  5  6.70762e+07
19  6  6.18506e+07
19  7  4.68897e+07
19  8  4.1931e+07
19  9  7.08738e+07
19  10  7.56451e+07
19  11  7.46279e+07
19  12  7.5384e+07
19  13  8.08e+07
19  14  5.52928e+07
19  15  6.46472e+07
19  16  5.45778e+07
19  17  6.50004e+07
19  18  7.73323e+07
19  19  6.71485e+07
19  20  3.82636e+07
19  21  2.13308e+07
19  22  4.31604e+07
19  23  4.61554e+07
19  24  3.65635e+07
19  25  7.27702e+07
19  26  5.94549e+07
19  27  6.99754e+07
19  28  7.51099e+07
19  29  9.26847e+07
19  30  8.01461e+07
19  31  9.66059e+07
19  32  9.74695e+07
19  33  1.02515e+08
19  34  1.03136e+08
19  35  1.06823e+08
19  36  4.27745e+07
19  37  2.35041e+07
19  38  5.08031e+07
19  39  3.94058e+07
19  40  3.10119e+07
19  41  3.08592e+07
19  42  3.5254e+07
19  43  4.1537e+07
19  44  3.58963e+07
19  45  4.85119e+07
19  46  4.53316e+07
19  47  2.75606e+07
19  48  2.66915e+07
19  49  2.52072e+07
19  50  4.02117e+07
20  0  7.97401e+07
20  1  6.9151e+07
20  2  8.88011e+07
20  3  7.13668e+07
20  4  6.4555e+07
20  5  8.34356e+07
20  6  7.27552e+07
20  7  4.09399e+07
20  8  6.61882e+07
20  9  7.08693e+07
20  10  7.11451e+07
20  11  6.67912e+07
20  12  8.36453e+07
20  13  7.43205e+07
20  14  6.91453e+07
20  15  8.8486e+07
20  16  7.23157e+07
20  17  7.37475e+07
20  18  7.92432e+07
20  19  6.12662e+07
20  20  5.49532e+07
20  21  2.40042e+07
20  22  3.20419e+07
20  23  3.36475e+07
20  24  2.30497e+07
20  25  5.24817e+07
20  26  6.93077e+07
20  27  7.71982e+07
20  28  7.20234e+07
20  29  8.12171e+07
20  30  8.25798e+07
20  31  7.87848e+07
20  32  9.34218e+07
20  33  8.58288e+07
20  34  1.05611e+08
20  35  9.55787e+07
20  36  6.41746e+07
20  37  3.10184e+07
20  38  8.12721e+07
20  39  3.3291e+07
20  40  2.88283e+07
20  41  2.63787e+07
20  42  3.11304e+07
20  43  3.32622e+07
20  44  3.25316e+07
20  45  4.24883e+07
20  46  4.77523e+07
20  47  2.56759e+07
20  48  4.66543e+07
20  49  3.38508e+07
20  50  3.32535e+07
21  0  8.348e+07
21  1  7.79641e+07
21  2  8.51715e+07
21  3  5.30228e+07
21  4  7.14268e+07
21  5  9.33583e+07
21  6  9.39351e+07
21  7  8.36557e+07
21  8  6.66662e+07
21  9  6.39014e+07
21  10  8.43018e+07
21  11  1.02837e+08
21  12  9.31884e+07
21  13  8.50871e+07
21  14  8.52848e+07
21  15  8.75862e+07
21  16  8.65131e+07
21  17  1.02294e+08
21  18  7.41454e+07
21  19  7.0212e+07
21  20  5.29756e+07
21  21  1.76907e+07
21  22  2.13846e+07
21  23  2.74076e+07
21  24  4.3285e+07
21  25  6.21483e+07
21  26  4.48752e+07
21  27  6.04456e+07
21  28  6.92598e+07
21  29  6.14191e+07
21  30  5.54844e+07
21  31  6.33638e+07
21  32  6.71231e+07
21  33  7.53424e+07
21  34  9.57873e+07
21  35  8.99448e+07
21  36  6.25525e+07
21  37  2.59288e+07
21  38  7.18887e+07
21  39  4.19945e+07
21  40  3.78354e+07
21  41  2.46633e+07
21  42  4.4539e+07
21  43  3.20282e+07
21  44  4.07429e+07
21  45  3.15476e+07
21  46  5.37508e+07
21  47  4.42559e+07
21  48  5.16016e+07
21  49  5.02387e+07
21  50  4.32055e+07
22  0  7.48759e+07
22  1  8.74484e+07
22  2  1.01044e+08
22  3  5.92338e+07
22  4  7.03331e+07
22  5  1.02507e+08
22  6  1.14577e+08
22  7  9.14664e+07
22  8  7.80372e+07
22  9  7.98583e+07
22  10  7.69193e+07
22  11  9.60535e+07
22  12  1.13986e+08
22  13  1.0975e+08
22  14  9.47443e+07
22  15  8.36223e+07
22  16  1.00683e+08
22  17  7.95021e+07
22  18  8.37864e+07
22  19  8.4225e+07
22  20  6.07748e+07
22  21  3.3892e+07
22  22  1.93004e+07
22  23  3.20849e+07
22  24  3.4385e+07
22  25  3.23817e+07
22  26  4.61709e+07
22  27  4.19672e+07
22  28  5.43944e+07
22  29  5.51586e+07
22  30  4.63033e+07
22  31  6.49411e+07
22  32  5.04334e+07
22  33  6.8107e+07
22  34  6.92408e+07
22  35  6.7647e+07
22  36  5.77445e+07
22  37  4.30331e+07
22  38  6.97475e+07
22  39  6.01947e+07
22  40  5.0039e+07
22  41  5.09854e+07
22  42  4.73583e+07
22  43  5.88396e+07
22  44  5.54743e+07
22  45  4.35795e+07
22  46  5.77115e+07
22  47  6.30672e+07
22  48  6.27039e+07
22  49  7.07388e+07
22  50  6.9242e+07
23  0  7.93823e+07
23  1  8.25487e+07
23  2  9.76316e+07
23  3  5.05693e+07
23  4  8.96572e+07
23  5  1.24446e+08
23  6  1.1554e+08
23  7  1.12139e+08
23  8  1.01798e+08
23  9  8.12276e+07
23  10  8.57774e+07
23  11  1.11739e+08
23  12  1.15174e+08
23  13  1.13822e+08
23  14  8.05019e+07
23  15  9.9683e+07
23  16  9.7996e+07
23  17  1.05159e+08
23  18  9.1449e+07
23  19  8.04264e+07
23  20  6.18021e+07
23  21  1.92673e+07
23  22  3.12881e+07
23  23  2.85182e+07
23  24  3.62385e+07
23  25  3.48663e+07
23  26  3.76335e+07
23  27  3.96651e+07
23  28  5.28776e+07
23  29  5.82749e+07
23  30  3.38276e+07
23  31  5.31348e+07
23  32  4.64683e+07
23  33  4.73051e+07
23  34  5.01024e+07
23  35  5.72363e+07
23  36  4.85403e+07
23  37  3.21994e+07
23  38  8.28313e+07
23  39  6.94465e+07
23  40  5.91804e+07
23  41  6.19325e+07
23  42  6.23381e+07
23  43  5.88709e+07
23  44  6.13593e+07
23  45  8.25737e+07
23  46  8.09238e+07
23  47  9.07691e+07
23  48  8.58383e+07
23  49  1.00269e+08
23  50  1.14409e+08
24  0  9.41726e+07
24  1  9.16506e+07
24  2  9.17347e+07
24  3  5.23791e+07
24  4  7.2972e+07
24  5  9.91739e+07
24  6  1.00691e+08
24  7  8.21483e+07
24  8  9.05419e+07
24  9  8.6667e+07
24  10  9.1818e+07
24  11  9.34208e+07
24  12  9.2291e+07
24  13  1.0968e+08
24  14  1.25272e+08
24  15  1.12525e+08
24  16  1.11275e+08
24  17  1.04272e+08
24  18  1.02811e+08
24  19  1.03133e+08
24  20  6.33485e+07
24  21  3.46946e+07
24  22  2.22587e+07
24  23  2.4784e+07
24  24  2.52538e+07
24  25  4.41205e+07
24  26  4.42213e+07
24  27  4.10887e+07
24  28  5.52321e+07
24  29  5.43831e+07
24  30  4.26007e+07
24  31  6.53707e+07
24  32  8.13397e+07
24  33  5.56182e+07
24  34  5.71071e+07
24  35  5.83003e+07
24  36  5.57073e+07
24  37  5.51789e+07
24  38  8.73026e+07
24  39  7.41366e+07
24  40  8.04665e+07
24  41  6.28255e+07
24  42  8.22849e+07
24  43  8.64903e+07
24  44  8.92265e+07
24  45  7.88931e+07
24  46  7.41307e+07
24  47  9.28301e+07
24  48  1.1112e+08
24  49  8.56066e+07
24  50  1.04446e+08
25  0  8.31256e+07
25  1  9.28275e+07
25  2  9.28272e+07
25  3  5.80156e+07
25  4  8.14817e+07
25  5  8.99988e+07
25  6  9.34945e+07
25  7  8.66901e+07
25  8  9.00379e+07
25  9  7.54577e+07
25  10  8.62089e+07
25  11  1.01958e+08
25  12  1.18822e+08
25  13  9.30497e+07
25  14  9.56207e+07
25  15  1.07001e+08
25  16  1.11987e+08
25  17  9.39775e+07
25  18  9.01459e+07
25  19  7.81012e+07
25  20  5.32264e+07
25  21  3.97188e+07
25  22  2.97082e+07
25  23  4.50012e+07
25  24  5.44796e+07
25  25  6.34259e+07
25  26  5.72811e+07
25  27  6.34301e+07
25  28  7.28738e+07
25  29  6.44321e+07
25  30  6.81485e+07
25  31  8.82177e+07
25  32  8.02829e+07
25  33  6.60834e+07
25  34  7.00344e+07
25  35  5.56041e+07
25  36  5.74832e+07
25  37  5.30308e+07
25  38  9.54049e+07
25  39  8.91714e+07
25  40  5.80277e+07
25  41  7.6436e+07
25  42  7.83363e+07
25  43  7.16992e+07
25  44  9.197e+07
25  45  7.54407e+07
25  46  8.29049e+07
25  47  9.08715e+07
25  48  1.06398e+08
25  49  9.71998e+07
25  50  1.25072e+08
26  0  1.11514e+08
26  1  9.54878e+07
26  2  9.93157e+07
26  3  7.23529e+07
26  4  7.97813e+07
26  5  1.05004e+08
26  6  1.05002e+08
26  7  9.95972e+07
26  8  9.96156e+07
26  9  8.53661e+07
26  10  8.47808e+07
26  11  9.88033e+07
26  12  1.04214e+08
26  13  1.02519e+08
26  14  1.02663e+08
26  15  9.11499e+07
26  16  1.09106e+08
26  17  9.40212e+07
26  18  9.72509e+07
26  19  6.24869e+07
26  20  5.82503e+07
26  21  3.69135e+07
26  22  4.63234e+07
26  23  5.9537e+07
26  24  5.20628e+07
26  25  7.61945e+07
26  26  7.67279e+07
26  27  7.53191e+07
26  28  8.74604e+07
26  29  1.06246e+08
26  30  7.57274e+07
26  31  1.15086e+08
26  32  1.12976e+08
26  33  9.9818e+07
26  34  8.50618e+07
26  35  8.86534e+07
26  36  8.75739e+07
26  37  7.10131e+07
26  38  1.06949e+08
26  39  1.0151e+08
26  40  7.68812e+07
26  41  8.88059e+07
26  42  6.68472e+07
26  43  8.42999e+07
26  44  9.87479e+07
26  45  9.15053e+07
26  46  8.9308e+07
26  47  1.04518e+08
26  48  1.01566e+08
26  49  9.69369e+07
26  50  1.11232e+08
27  0  8.42833e+07
27  1  8.60538e+07
27  2  1.04759e+08
27  3  6.81091e+07
27  4  8.4363e+07
27  5  9.85533e+07
27  6  1.00344e+08
27  7  1.00663e+08
27  8  9.12356e+07
27  9  9.55317e+07
27  10  9.89668e+07
27  11  1.04711e+08
27  12  9.28979e+07
27  13  1.09686e+08
27  14  9.34858e+07
27  15  1.01085e+08
27  16  1.08397e+08
27  17  9.54153e+07
27  18  7.7833e+07
27  19  5.70833e+07
27  20  4.9944e+07
27  21  4.38154e+07
27  22  6.61095e+07
27  23  8.08912e+07
27  24  9.97106e+07
27  25  1.07068e+08
27  26  1.15459e+08
27  27  9.50011e+07
27  28  1.13365e+08
27  29  1.27682e+08
27  30  1.19215e+08
27  31  1.27647e+08
27  32  9.78887e+07
27  33  9.8684e+07
27  34  1.35311e+08
27  35  1.11969e+08
27  36  1.15631e+08
27  37  1.28628e+08
27  38  1.39056e+08
27  39  1.29634e+08
27  40  1.08714e+08
27  41  7.51412e+07
27  42  7.71133e+07
27  43  1.04241e+08
27  44  1.04158e+08
27  45  1.09408e+08
27  46  9.72955e+07
27  47  1.03187e+08
27  48  7.97396e+07
27  49  8.63989e+07
27  50  8.92673e+07
28  0  7.63975e+07
28  1  8.71057e+07
28  2  1.20655e+08
28  3  7.47659e+07
28  4  9.19512e+07
28  5  9.8847e+07
28  6  9.57403e+07
28  7  9.71912e+07
28  8  1.0634e+08
28  9  9.60546e+07
28  10  8.39314e+07
28  11  1.0876e+08
28  12  1.19769e+08
28  13  1.07224e+08
28  14  7.6837e+07
28  15  9.18916e+07
28  16  8.92931e+07
28  17  8.26163e+07
28  18  7.53338e+07
28  19  4.03042e+07
28  20  4.13156e+07
28  21  6.34314e+07
28  22  8.96576e+07
28  23  1.13827e+08
28  24  1.07494e+08
28  25  1.41056e+08
28  26  1.4121e+08
28  27  1.2872e+08
28  28  1.19855e+08
28  29  1.39328e+08
28  30  1.24295e+08
28  31  1.06203e+08
28  32  1.27599e+08
28  33  1.08413e+08
28  34  1.52222e+08
28  35  1.40085e+08
28  36  1.46243e+08
28  37  1.13676e+08
28  38  1.81519e+08
28  39  1.18826e+08
28  40  9.03576e+07
28  41  8.55397e+07
28  42  9.36943e+07
28  43  9.48337e+07
28  44  1.10896e+08
28  45  8.40286e+07
28  46  8.75005e+07
28  47  8.28588e+07
28  48  8.18558e+07
28  49  7.92489e+07
28  50  1.13134e+08
29  0  6.18766e+07
29  1  8.69056e+07
29  2  7.46322e+07
29  3  6.33396e+07
29  4  7.85706e+07
29  5  9.00135e+07
29  6  9.34676e+07
29  7  8.72074e+07
29  8  8.32937e+07
29  9  9.78347e+07
29  10  8.67332e+07
29  11  7.92434e+07
29  12  9.49231e+07
29  13  1.00842e+08
29  14  9.11713e+07
29  15  9.44226e+07
29  16  9.83179e+07
29  17  7.36785e+07
29  18  5.13095e+07
29  19  4.62757e+07
29  20  6.35655e+07
29  21  9.11538e+07
29  22  1.01297e+08
29  23  1.35344e+08
29  24  1.41446e+08
29  25  1.32325e+08
29  26  1.50638e+08
29  27  1.41607e+08
29  28  1.34068e+08
29  29  1.54928e+08
29  30  1.30788e+08
29  31  1.05975e+08
29  32  9.21204e+07
29  33  1.1479e+08
29  34  1.2279e+08
29  35  1.27573e+08
29  36  1.38557e+08
29  37  1.60334e+08
29  38  2.18324e+08
29  39  1.30893e+08
29  40  9.65747e+07
29  41  9.20691e+07
29  42  9.10294e+07
29  43  8.81768e+07
29  44  1.04529e+08
29  45  1.09639e+08
29  46  1.01235e+08
29  47  1.03677e+08
29  48  8.35603e+07
29  49  9.07877e+07
29  50  1.07882e+08
30  0  4.16575e+07
30  1  7.91152e+07
30  2  7.60735e+07
30  3  6.56699e+07
30  4  6.86924e+07
30  5  7.76696e+07
30  6  7.76538e+07
30  7  7.90209e+07
30  8  8.65891e+07
30  9  7.88007e+07
30  10  1.04518e+08
30  11  8.23857e+07
30  12  7.76763e+07
30  13  8.75785e+07
30  14  9.37495e+07
30  15  1.09371e+08
30  16  9.24194e+07
30  17  5.98506e+07
30  18  4.0308e+07
30  19  4.81772e+07
30  20  6.62204e+07
30  21  9.62472e+07
30  22  1.31969e+08
30  23  1.71026e+08
30  24  1.39106e+08
30  25  1.34134e+08
30  26  1.36736e+08
30  27  1.2639e+08
30  28  1.66813e+08
30  29  1.37387e+08
30  30  1.41784e+08
30  31  1.11296e+08
30  32  6.51717e+07
30  33  9.3435e+07
30  34  1.22573e+08
30  35  1.17171e+08
30  36  1.36316e+08
30  37  1.56298e+08
30  38  2.63085e+08
30  39  1.65917e+08
30  40  1.08045e+08
30  41  8.94905e+07
30  42  1.0426e+08
30  43  1.0004e+08
30  44  9.87734e+07
30  45  1.10826e+08
30  46  1.0528e+08
30  47  8.32172e+07
30  48  8.94929e+07
30  49  1.03152e+08
30  50  9.35248e+07
31  0  3.53235e+07
31  1  6.68147e+07
31  2  6.242e+07
31  3  6.65449e+07
31  4  5.46426e+07
31  5  7.154e+07
31  6  6.92365e+07
31  7  8.39545e+07
31  8  8.23599e+07
31  9  5.66386e+07
31  10  7.12701e+07
31  11  7.36149e+07
31  12  8.43118e+07
31  13  8.28767e+07
31  14  7.27764e+07
31  15  9.16626e+07
31  16  7.4749e+07
31  17  5.22675e+07
31  18  5.99737e+07
31  19  5.33035e+07
31  20  9.29702e+07
31  21  1.21558e+08
31  22  1.25206e+08
31  23  1.31459e+08
31  24  1.54071e+08
31  25  1.50618e+08
31  26  1.24006e+08
31  27  1.41969e+08
31  28  1.50766e+08
31  29  1.58106e+08
31  30  1.5947e+08
31  31  1.09212e+08
31  32  8.29273e+07
31  33  7.14909e+07
31  34  1.19593e+08
31  35  9.89336e+07
31  36  1.62555e+08
31  37  2.26487e+08
31  38  3.69483e+08
31  39  1.79799e+08
31  40  1.01283e+08
31  41  1.03231e+08
31  42  1.03059e+08
31  43  1.15643e+08
31  44  1.04126e+08
31  45  9.44622e+07
31  46  1.03477e+08
31  47  9.3049e+07
31  48  1.02062e+08
31  49  1.071e+08
31  50  1.11142e+08
32  0  4.2446e+07
32  1  6.77167e+07
32  2  8.25411e+07
32  3  5.85275e+07
32  4  4.98374e+07
32  5  7.67618e+07
32  6  7.98836e+07
32  7  1.14209e+08
32  8  9.7793e+07
32  9  6.47603e+07
32  10  6.28225e+07
32  11  6.39505e+07
32  12  9.91349e+07
32  13  1.03824e+08
32  14  8.90848e+07
32  15  9.64696e+07
32  16  6.05858e+07
32  17  4.1477e+07
32  18  4.79261e+07
32  19  7.4549e+07
32  20  1.00064e+08
32  21  1.24896e+08
32  22  1.14803e+08
32  23  1.51244e+08
32  24  1.55079e+08
32  25  1.57208e+08
32  26  1.32271e+08
32  27  1.59848e+08
32  28  1.32007e+08
32  29  1.28541e+08
32  30  1.56402e+08
32  31  1.27857e+08
32  32  6.93503e+07
32  33  8.68493e+07
32  34  1.02695e+08
32  35  1.22901e+08
32  36  1.70273e+08
32  37  2.19523e+08
32  38  3.3988e+08
32  39  2.36404e+08
32  40  1.43148e+08
32  41  1.29179e+08
32  42  1.17161e+08
32  43  1.16199e+08
32  44  1.09894e+08
32  45  1.06255e+08
32  46  1.06945e+08
32  47  1.04956e+08
32  48  1.1e+08
32  49  9.84935e+07
32  50  8.50905e+07
33  0  3.96963e+07
33  1  8.88157e+07
33  2  9.60065e+07
33  3  7.28241e+07
33  4  6.96682e+07
33  5  9.1329e+07
33  6  9.6672e+07
33  7  9.55038e+07
33  8  6.79674e+07
33  9  5.60427e+07
33  10  4.9844e+07
33  11  7.88913e+07
33  12  7.40148e+07
33  13  8.18268e+07
33  14  6.97059e+07
33  15  6.36111e+07
33  16  3.5048e+07
33  17  4.1746e+07
33  18  4.67165e+07
33  19  6.48282e+07
33  20  9.24945e+07
33  21  1.25469e+08
33  22  9.90426e+07
33  23  1.52518e+08
33  24  1.68135e+08
33  25  1.54387e+08
33  26  1.41152e+08
33  27  1.66502e+08
33  28  1.43853e+08
33  29  1.41336e+08
33  30  1.90939e+08
33  31  1.37595e+08
33  32  8.0829e+07
33  33  1.11513e+08
33  34  1.14523e+08
33  35  1.59573e+08
33  36  2.19715e+08
33  37  3.28172e+08
33  38  3.88378e+08
33  39  1.82317e+08
33  40  1.36208e+08
33  41  1.37652e+08
33  42  1.27693e+08
33  43  1.27255e+08
33  44  1.25312e+08
33  45  1.14974e+08
33  46  1.04859e+08
33  47  1.18773e+08
33  48  1.11781e+08
33  49  1.08402e+08
33  50  1.02754e+08
34  0  3.92304e+07
34  1  8.36048e+07
34  2  9.38812e+07
34  3  7.22739e+07
34  4  6.77216e+07
34  5  7.26362e+07
34  6  8.70237e+07
34  7  1.0134e+08
34  8  7.18249e+07
34  9  6.3205e+07
34  10  4.60315e+07
34  11  4.10401e+07
34  12  5.64673e+07
34  13  5.86126e+07
34  14  4.78698e+07
34  15  4.75831e+07
34  16  4.37661e+07
34  17  3.53031e+07
34  18  6.14396e+07
34  19  6.77878e+07
34  20  1.0519e+08
34  21  1.08064e+08
34  22  1.38949e+08
34  23  1.47139e+08
34  24  1.98469e+08
34  25  1.58925e+08
34  26  1.5596e+08
34  27  1.47915e+08
34  28  1.66128e+08
34  29  2.02008e+08
34  30  1.85883e+08
34  31  1.71049e+08
34  32  9.02394e+07
34  33  1.15581e+08
34  34  1.42319e+08
34  35  1.89998e+08
34  36  2.26408e+08
34  37  3.7164e+08
34  38  3.59635e+08
34  39  1.97282e+08
34  40  1.57827e+08
34  41  1.48332e+08
34  42  1.47591e+08
34  43  1.30446e+08
34  44  1.14557e+08
34  45  1.24584e+08
34  46  9.98081e+07
34  47  1.13617e+08
34  48  9.73948e+07
34  49  9.91026e+07
34  50  1.28013e+08
35  0  3.81696e+07
35  1  6.77494e+07
35  2  7.8001e+07
35  3  7.64662e+07
35  4  6.09247e+07
35  5  7.35116e+07
35  6  7.05667e+07
35  7  9.85165e+07
35  8  6.06805e+07
35  9  4.38654e+07
35  10  4.80209e+07
35  11  4.09539e+07
35  12  4.90818e+07
35  13  5.40568e+07
35  14  4.30538e+07
35  15  3.5488e+07
35  16  2.39716e+07
35  17  4.52783e+07
35  18  8.29347e+07
35  19  9.62895e+07
35  20  1.07575e+08
35  21  1.48918e+08
35  22  1.54681e+08
35  23  1.59805e+08
35  24  1.77536e+08
35  25  1.65984e+08
35  26  1.71799e+08
35  27  1.81035e+08
35  28  2.08146e+08
35  29  2.33783e+08
35  30  2.92645e+08
35  31  2.20433e+08
35  32  1.2089e+08
35  33  1.44323e+08
35  34  2.70754e+08
35  35  2.59065e+08
35  36  3.37198e+08
35  37  3.51227e+08
35  38  2.74997e+08
35  39  1.57844e+08
35  40  1.31115e+08
35  41  1.49192e+08
35  42  1.49144e+08
35  43  1.30734e+08
35  44  1.2537e+08
35  45  1.01686e+08
35  46  1.18343e+08
35  47  1.23563e+08
35  48  1.14815e+08
35  49  1.19932e+08
35  50  1.27368e+08
36  0  4.22386e+07
36  1  5.31107e+07
36  2  5.43779e+07
36  3  5.58754e+07
36  4  4.51474e+07
36  5  5.00392e+07
36  6  5.0349e+07
36  7  5.6806e+07
36  8  3.52342e+07
36  9  4.25137e+07
36  10  4.72371e+07
36  11  4.133e+07
36  12  2.93313e+07
36  13  3.39647e+07
36  14  3.08864e+07
36  15  2.37331e+07
36  16  3.21233e+07
36  17  5.32799e+07
36  18  9.32261e+07
36  19  1.23208e+08
36  20  1.53825e+08
36  21  1.59241e+08
36  22  1.67991e+08
36  23  1.99886e+08
36  24  1.8783e+08
36  25  1.64042e+08
36  26  1.77241e+08
36  27  1.79358e+08
36  28  2.27015e+08
36  29  2.85607e+08
36  30  3.5572e+08
36  31  3.11625e+08
36  32  1.52763e+08
36  33  2.23998e+08
36  34  2.68575e+08
36  35  2.49741e+08
36  36  2.23758e+08
36  37  2.63218e+08
36  38  2.03895e+08
36  39  1.57842e+08
36  40  1.65272e+08
36  41  1.33833e+08
36  42  1.44188e+08
36  43  1.3253e+08
36  44  1.3506e+08
36  45  1.43973e+08
36  46  1.36019e+08
36  47  1.3148e+08
36  48  1.11512e+08
36  49  1.18058e+08
36  50  1.2677e+08
37  0  4.1155e+07
37  1  6.42461e+07
37  2  5.65805e+07
37  3  5.26218e+07
37  4  5.33201e+07
37  5  4.0362e+07
37  6  3.64706e+07
37  7  5.24905e+07
37  8  3.95749e+07
37  9  3.5701e+07
37  10  3.08885e+07
37  11  2.25456e+07
37  12  2.35188e+07
37  13  3.68208e+07
37  14  2.25466e+07
37  15  2.88176e+07
37  16  3.06872e+07
37  17  6.86676e+07
37  18  1.25099e+08
37  19  1.55992e+08
37  20  1.37874e+08
37  21  1.4956e+08
37  22  1.76396e+08
37  23  1.96747e+08
37  24  1.97412e+08
37  25  1.60081e+08
37  26  1.73287e+08
37  27  1.62416e+08
37  28  2.55542e+08
37  29  3.05149e+08
37  30  4.19183e+08
37  31  2.54028e+08
37  32  1.74859e+08
37  33  1.70308e+08
37  34  2.34236e+08
37  35  2.03346e+08
37  36  2.16698e+08
37  37  1.717e+08
37  38  1.41731e+08
37  39  1.38368e+08
37  40  1.37966e+08
37  41  1.50323e+08
37  42  1.3654e+08
37  43  1.3715e+08
37  44  1.51494e+08
37  45  1.59423e+08
37  46  1.69674e+08
37  47  1.36608e+08
37  48  1.16804e+08
37  49  1.26004e+08
37  50  1.19739e+08
38  0  4.66398e+07
38  1  6.35953e+07
38  2  5.06483e+07
38  3  3.51596e+07
38  4  4.92701e+07
38  5  3.89166e+07
38  6  5.01646e+07
38  7  5.97222e+07
38  8  4.18165e+07
38  9  5.05951e+07
38  10  4.97246e+07
38  11  1.98446e+07
38  12  2.6964e+07
38  13  3.13708e+07
38  14  3.1245e+07
38  15  3.68235e+07
38  16  5.55829e+07
38  17  7.72636e+07
38  18  1.28881e+08
38  19  1.42515e+08
38  20  1.47622e+08
38  21  1.60715e+08
38  22  1.68611e+08
38  23  1.94606e+08
38  24  1.73478e+08
38  25  1.76202e+08
38  26  1.82742e+08
38  27  1.64621e+08
38  28  2.4043e+08
38  29  3.69948e+08
38  30  4.90724e+08
38  31  2.58505e+08
38  32  1.44725e+08
38  33  1.70645e+08
38  34  1.60685e+08
38  35  1.27886e+08
38  36  1.16031e+08
38  37  1.45235e+08
38  38  1.25773e+08
38  39  1.08025e+08
38  40  1.2061e+08
38  41  1.53163e+08
38  42  1.3168e+08
38  43  1.57088e+08
38  44  1.39753e+08
38  45  1.50675e+08
38  46  1.53106e+08
38  47  1.51449e+08
38  48  1.31458e+08
38  49  1.24693e+08
38  50  1.14438e+08
39  0  9.03531e+07
39  1  6.31254e+07
39  2  4.6983e+07
39  3  5.90405e+07
39  4  5.82818e+07
39  5  6.17318e+07
39  6  4.94328e+07
39  7  7.66237e+07
39  8  6.38989e+07
39  9  4.81272e+07
39  10  6.27087e+07
39  11  2.42261e+07
39  12  2.14994e+07
39  13  2.61066e+07
39  14  4.30734e+07
39  15  3.57885e+07
39  16  6.08494e+07
39  17  9.62902e+07
39  18  1.25218e+08
39  19  1.55737e+08
39  20  1.57955e+08
39  21  1.54347e+08
39  22  1.65588e+08
39  23  1.63609e+08
39  24  1.77261e+08
39  25  1.50317e+08
39  26  1.61758e+08
39  27  1.66521e+08
39  28  2.54239e+08
39  29  3.73864e+08
39  30  3.49513e+08
39  31  1.64558e+08
39  32  1.1331e+08
39  33  1.10396e+08
39  34  1.15077e+08
39  35  1.09472e+08
39  36  9.3059e+07
39  37  1.04478e+08
39  38  8.95405e+07
39  39  9.87726e+07
39  40  9.92345e+07
39  41  1.37112e+08
39  42  1.45617e+08
39  43  1.09053e+08
39  44  1.24531e+08
39  45  1.51007e+08
39  46  1.26185e+08
39  47  1.44155e+08
39  48  1.34546e+08
39  49  1.38172e+08
39  50  1.14691e+08
40  0  8.28297e+07
40  1  8.75082e+07
40  2  5.75502e+07
40  3  7.45095e+07
40  4  7.64765e+07
40  5  7.2125e+07
40  6  7.33511e+07
40  7  7.91959e+07
40  8  8.1625e+07
40  9  7.88633e+07
40  10  7.8085e+07
40  11  5.00148e+07
40  12  3.1139e+07
40  13  3.89841e+07
40  14  3.89157e+07
40  15  4.12636e+07
40  16  8.16171e+07
40  17  1.23015e+08
40  18  1.44635e+08
40  19  1.70413e+08
40  20  1.98782e+08
40  21  1.68677e+08
40  22  1.85281e+08
40  23  1.74262e+08
40  24  1.78817e+08
40  25  1.56631e+08
40  26  1.86534e+08
40  27  1.75812e+08
40  28  2.73096e+08
40  29  4.82152e+08
40  30  2.85342e+08
40  31  1.6866e+08
40  32  8.90105e+07
40  33  9.42555e+07
40  34  1.00897e+08
40  35  7.39061e+07
40  36  7.5495e+07
40  37  7.55421e+07
40  38  6.96281e+07
40  39  7.12747e+07
40  40  9.05127e+07
40  41  1.23317e+08
40  42  1.17997e+08
40  43  1.21421e+08
40  44  1.34472e+08
40  45  1.43727e+08
40  46  1.43897e+08
40  47  1.32513e+08
40  48  1.29562e+08
40  49  1.2823e+08
40  50  1.42142e+08
41  0  9.53481e+07
41  1  8.84962e+07
41  2  5.60779e+07
41  3  5.91438e+07
41  4  7.92623e+07
41  5  8.48945e+07
41  6  8.23631e+07
41  7  1.16029e+08
41  8  8.85637e+07
41  9  7.82183e+07
41  10  8.93983e+07
41  11  5.53967e+07
41  12  3.11014e+07
41  13  5.34166e+07
41  14  3.30049e+07
41  15  6.7453e+07
41  16  1.10146e+08
41  17  1.50416e+08
41  18  1.47744e+08
41  19  1.50063e+08
41  20  1.6047e+08
41  21  1.71875e+08
41  22  1.95667e+08
41  23  1.60057e+08
41  24  1.61815e+08
41  25  1.5021e+08
41  26  1.76435e+08
41  27  1.4448e+08
41  28  3.74719e+08
41  29  3.6148e+08
41  30  2.07634e+08
41  31  1.46328e+08
41  32  1.04916e+08
41  33  8.29909e+07
41  34  6.7058e+07
41  35  7.4452e+07
41  36  7.36818e+07
41  37  5.9416e+07
41  38  5.82011e+07
41  39  6.94813e+07
41  40  7.63832e+07
41  41  1.11466e+08
41  42  1.10536e+08
41  43  1.25109e+08
41  44  1.5e+08
41  45  1.44139e+08
41  46  1.52699e+08
41  47  1.30263e+08
41  48  1.40318e+08
41  49  1.40074e+08
41  50  1.18914e+08
42  0  9.67844e+07
42  1  9.63311e+07
42  2  6.41516e+07
42  3  5.94576e+07
42  4  6.62175e+07
42  5  7.6847e+07
42  6  9.63788e+07
42  7  1.32579e+08
42  8  1.0052e+08
42  9  8.96218e+07
42  10  8.18509e+07
42  11  6.42562e+07
42  12  3.43456e+07
42  13  5.73247e+07
42  14  3.79856e+07
42  15  4.21459e+07
42  16  8.2392e+07
42  17  1.39216e+08
42  18  1.78286e+08
42  19  1.73743e+08
42  20  1.57859e+08
42  21  1.58112e+08
42  22  1.55826e+08
42  23  1.40995e+08
42  24  1.47454e+08
42  25  1.383e+08
42  26  1.62771e+08
42  27  1.9971e+08
42  28  3.702e+08
42  29  3.09424e+08
42  30  1.7628e+08
42  31  1.41263e+08
42  32  1.25842e+08
42  33  9.8893e+07
42  34  7.00398e+07
42  35  7.35006e+07
42  36  5.5835e+07
42  37  5.68388e+07
42  38  6.79255e+07
42  39  7.8401e+07
42  40  9.73355e+07
42  41  1.00333e+08
42  42  1.04153e+08
42  43  7.92291e+07
42  44  1.26652e+08
42  45  1.48336e+08
42  46  1.45296e+08
42  47  1.43038e+08
42  48  1.52265e+08
42  49  1.23226e+08
42  50  1.1857e+08
43  0  8.00882e+07
43  1  7.72247e+07
43  2  5.87648e+07
43  3  4.39175e+07
43  4  7.63853e+07
43  5  7.96599e+07
43  6  8.44791e+07
43  7  1.13163e+08
43  8  1.06069e+08
43  9  9.8078e+07
43  10  7.93707e+07
43  11  3.82398e+07
43  12  5.28969e+07
43  13  6.28623e+07
43  14  3.58047e+07
43  15  5.9667e+07
43  16  1.09354e+08
43  17  1.49408e+08
43  18  1.57848e+08
43  19  1.80826e+08
43  20  1.57785e+08
43  21  1.53872e+08
43  22  1.87054e+08
43  23  1.46734e+08
43  24  1.51938e+08
43  25  1.6107e+08
43  26  2.23503e+08
43  27  1.84005e+08
43  28  3.02662e+08
43  29  2.36815e+08
43  30  2.08727e+08
43  31  1.69342e+08
43  32  1.43568e+08
43  33  1.1732e+08
43  34  1.0282e+08
43  35  8.37181e+07
43  36  8.57462e+07
43  37  7.63694e+07
43  38  9.57287e+07
43  39  1.05485e+08
43  40  1.00356e+08
43  41  1.12577e+08
43  42  1.2353e+08
43  43  9.58899e+07
43  44  1.04312e+08
43  45  1.23964e+08
43  46  1.30876e+08
43  47  1.49977e+08
43  48  1.40584e+08
43  49  1.42754e+08
43  50  1.41635e+08
44  0  6.38129e+07
44  1  4.65061e+07
44  2  3.06273e+07
44  3  2.97338e+07
44  4  5.01992e+07
44  5  5.92289e+07
44  6  5.77276e+07
44  7  7.66235e+07
44  8  7.10267e+07
44  9  8.1768e+07
44  10  5.77256e+07
44  11  5.05064e+07
44  12  4.2631e+07
44  13  4.01537e+07
44  14  2.68914e+07
44  15  4.67112e+07
44  16  1.28903e+08
44  17  1.43776e+08
44  18  1.33593e+08
44  19  1.51718e+08
44  20  1.34282e+08
44  21  1.19994e+08
44  22  1.15199e+08
44  23  1.32345e+08
44  24  1.1892e+08
44  25  1.34127e+08
44  26  1.81292e+08
44  27  1.88066e+08
44  28  2.22264e+08
44  29  1.91281e+08
44  30  1.5579e+08
44  31  1.4439e+08
44  32  1.39308e+08
44  33  1.24927e+08
44  34  1.47124e+08
44  35  1.37867e+08
44  36  1.22222e+08
44  37  1.12187e+08
44  38  1.36673e+08
44  39  1.43447e+08
44  40  1.68597e+08
44  41  1.30488e+08
44  42  1.25397e+08
44  43  1.06464e+08
44  44  1.117e+08
44  45  1.24185e+08
44  46  1.33153e+08
44  47  1.65145e+08
44  48  1.30434e+08
44  49  1.34496e+08
44  50  1.17093e+08
45  0  5.16237e+07
45  1  4.20818e+07
45  2  1.91039e+07
45  3  1.75704e+07
45  4  4.51907e+07
45  5  4.89556e+07
45  6  6.86341e+07
45  7  7.20006e+07
45  8  8.27764e+07
45  9  8.0322e+07
45  10  7.37358e+07
45  11  6.64672e+07
45  12  5.0026e+07
45  13  3.52033e+07
45  14  2.37577e+07
45  15  5.45883e+07
45  16  1.0414e+08
45  17  1.15526e+08
45  18  1.05774e+08
45  19  9.67288e+07
45  20  1.06675e+08
45  21  1.29786e+08
45  22  1.31719e+08
45  23  1.10773e+08
45  24  1.1145e+08
45  25  1.21419e+08
45  26  1.52342e+08
45  27  1.42907e+08
45  28  2.00866e+08
45  29  1.32396e+08
45  30  1.37684e+08
45  31  1.27269e+08
45  32  1.39136e+08
45  33  1.44506e+08
45  34  1.72833e+08
45  35  1.4709e+08
45  36  1.83054e+08
45  37  1.80635e+08
45  38  1.7267e+08
45  39  1.63509e+08
45  40  1.86632e+08
45  41  1.61173e+08
45  42  1.44239e+08
45  43  1.1826e+08
45  44  8.84976e+07
45  45  1.23628e+08
45  46  1.17642e+08
45  47  1.71809e+08
45  48  1.60406e+08
45  49  1.43343e+08
45  50  1.42e+08
46  0  5.79493e+07
46  1  2.56662e+07
46  2  2.77765e+07
46  3  4.89008e+06
46  4  4.74801e+07
46  5  6.89224e+07
46  6  5.90852e+07
46  7  6.96917e+07
46  8  9.21787e+07
46  9  8.43871e+07
46  10  7.97788e+07
46  11  6.72661e+07
46  12  4.51624e+07
46  13  2.97819e+07
46  14  1.70964e+07
46  15  3.17605e+07
46  16  5.802e+07
46  17  9.69927e+07
46  18  9.73075e+07
46  19  1.01838e+08
46  20  1.28861e+08
46  21  1.30049e+08
46  22  1.12235e+08
46  23  1.02655e+08
46  24  1.04072e+08
46  25  9.35885e+07
46  26  1.26208e+08
46  27  1.29588e+08
46  28  1.47882e+08
46  29  1.34655e+08
46  30  1.24042e+08
46  31  1.2292e+08
46  32  1.12609e+08
46  33  1.59858e+08
46  34  1.77875e+08
46  35  1.90988e+08
46  36  1.91793e+08
46  37  1.57619e+08
46  38  1.96126e+08
46  39  2.04392e+08
46  40  2.06519e+08
46  41  1.99203e+08
46  42  1.80448e+08
46  43  1.63804e+08
46  44  1.24229e+08
46  45  1.5455e+08
46  46  1.35148e+08
46  47  1.82201e+08
46  48  1.82266e+08
46  49  1.64478e+08
46  50  1.68085e+08
47  0  6.5256e+07
47  1  4.44541e+07
47  2  1.35199e+07
47  3  2.00857e+07
47  4  4.89459e+07
47  5  7.92087e+07
47  6  7.28587e+07
47  7  8.07113e+07
47  8  9.55133e+07
47  9  8.64428e+07
47  10  8.15147e+07
47  11  8.55124e+07
47  12  2.95928e+07
47  13  1.9907e+07
47  14  2.1641e+07
47  15  4.1799e+07
47  16  5.7173e+07
47  17  7.14546e+07
47  18  9.25093e+07
47  19  1.20015e+08
47  20  1.17517e+08
47  21  1.3577e+08
47  22  1.24619e+08
47  23  1.44881e+08
47  24  1.19463e+08
47  25  1.242e+08
47  26  1.32527e+08
47  27  1.46794e+08
47  28  1.85893e+08
47  29  1.67125e+08
47  30  1.1859e+08
47  31  1.23058e+08
47  32  1.28946e+08
47  33  1.25198e+08
47  34  1.50176e+08
47  35  1.89308e+08
47  36  2.04132e+08
47  37  1.75968e+08
47  38  1.78195e+08
47  39  2.46022e+08
47  40  2.15848e+08
47  41  2.04887e+08
47  42  2.04305e+08
47  43  1.69602e+08
47  44  1.85207e+08
47  45  1.87849e+08
47  46  1.89207e+08
47  47  1.94952e+08
47  48  2.07337e+08
47  49  1.73122e+08
47  50  2.01671e+08
48  0  8.55742e+07
48  1  5.20525e+07
48  2  2.24613e+07
48  3  1.55629e+07
48  4  4.20552e+07
48  5  9.9589e+07
48  6  1.10533e+08
48  7  9.24379e+07
48  8  1.11674e+08
48  9  1.05631e+08
48  10  7.96686e+07
48  11  1.01156e+08
48  12  4.25202e+07
48  13  2.49187e+07
48  14  2.4558e+07
48  15  3.25667e+07
48  16  7.48079e+07
48  17  7.44435e+07
48  18  9.32974e+07
48  19  1.31791e+08
48  20  1.42397e+08
48  21  1.55092e+08
48  22  1.72248e+08
48  23  1.71948e+08
48  24  1.38582e+08
48  25  1.57201e+08
48  26  1.58662e+08
48  27  1.80152e+08
48  28  2.08931e+08
48  29  1.74694e+08
48  30  2.02469e+08
48  31  1.4698e+08
48  32  1.451e+08
48  33  1.20984e+08
48  34  1.53256e+08
48  35  1.68302e+08
48  36  1.73064e+08
48  37  1.97632e+08
48  38  1.82769e+08
48  39  1.84599e+08
48  40  2.04118e+08
48  41  2.34727e+08
48  42  2.49577e+08
48  43  2.51456e+08
48  44  1.86872e+08
48  45  1.87834e+08
48  46  1.9057e+08
48  47  2.03096e+08
48  48  2.11684e+08
48  49  2.20735e+08
48  50  2.06428e+08
49  0  7.07149e+07
49  1  1.92628e+07
49  2  2.85723e+07
49  3  2.00815e+07
49  4  4.58981e+07
49  5  1.30458e+08
49  6  1.07092e+08
49  7  9.03397e+07
49  8  1.08274e+08
49  9  9.46248e+07
49  10  8.23707e+07
49  11  7.44107e+07
49  12  4.66477e+07
49  13  1.91018e+07
49  14  1.99341e+07
49  15  6.54437e+07
49  16  7.27156e+07
49  17  1.08989e+08
49  18  1.36474e+08
49  19  1.54818e+08
49  20  1.72067e+08
49  21  1.70915e+08
49  22  2.13943e+08
49  23  2.13253e+08
49  24  2.40148e+08
49  25  2.06934e+08
49  26  2.02751e+08
49  27  2.11163e+08
49  28  2.07779e+08
49  29  1.97194e+08
49  30  2.10164e+08
49  31  1.84498e+08
49  32  1.45978e+08
49  33  1.24505e+08
49  34  1.72121e+08
49  35  1.91913e+08
49  36  1.75028e+08
49  37  1.67589e+08
49  38  1.67966e+08
49  39  1.8783e+08
49  40  2.32716e+08
49  41  2.35752e+08
49  42  2.55476e+08
49  43  2.12304e+08
49  44  1.97485e+08
49  45  2.16558e+08
49  46  1.64974e+08
49  47  2.17146e+08
49  48  2.1664e+08
49  49  1.76152e+08
49  50  1.77106e+08
50  0  6.34357e+07
50  1  3.96217e+07
50  2  1.99847e+07
50  3  2.43403e+07
50  4  6.18288e+07
50  5  1.02999e+08
50  6  9.73296e+07
50  7  9.70398e+07
50  8  8.78637e+07
50  9  9.8116e+07
50  10  8.90099e+07
50  11  9.5413e+07
50  12  7.27108e+07
50  13  2.70156e+07
50  14  2.30424e+07
50  15  7.05932e+07
50  16  8.71637e+07
50  17  9.95258e+07
50  18  1.16305e+08
50  19  1.36113e+08
50  20  1.8448e+08
50  21  2.13113e+08
50  22  2.19278e+08
50  23  2.16177e+08
50  24  2.14276e+08
50  25  2.5029e+08
50  26  2.34446e+08
50  27  2.06726e+08
50  28  1.94958e+08
50  29  2.04141e+08
50  30  1.81065e+08
50  31  1.46432e+08
50  32  1.64766e+08
50  33  1.65258e+08
50  34  1.377e+08
50  35  1.86673e+08
50  36  1.68607e+08
50  37  1.73788e+08
50  38  1.288e+08
50  39  1.53992e+08
50  40  1.7494e+08
50  41  2.3868e+08
50  42  2.51508e+08
50  43  2.31202e+08
50  44  1.96424e+08
50  45  1.89342e+08
50  46  1.71042e+08
50  47  1.58407e+08
50  48  1.77496e+08
50  49  2.0514e+08
50  50  1.81988e+08

