row  column  (images_37.edf Mn-K*images_37.edf Ar-K**2.3)
0  0  7.58395e+06
0  1  6.06037e+06
0  2  9.54605e+06
0  3  8.08072e+06
0  4  5.06891e+06
0  5  6.86703e+06
0  6  3.36964e+06
0  7  5.22093e+06
0  8  2.70893e+06
0  9  6.67205e+06
0  10  7.12699e+06
0  11  7.46745e+06
0  12  6.98268e+06
0  13  6.82938e+06
0  14  3.55407e+06
0  15  6.14288e+06
0  16  8.83753e+06
0  17  9.67513e+06
0  18  3.26352e+06
0  19  3.27583e+06
0  20  4.41575e+06
0  21  6.49016e+06
0  22  5.87494e+06
0  23  3.73363e+06
0  24  9.00809e+06
0  25  1.84081e+06
0  26  3.88473e+06
0  27  9.21753e+06
0  28  4.64911e+06
0  29  6.97292e+06
0  30  1.11931e+07
0  31  7.24989e+06
0  32  9.52473e+06
0  33  1.03297e+07
0  34  6.27434e+06
0  35  5.42426e+06
0  36  8.90504e+06
0  37  7.49851e+06
0  38  1.15831e+07
0  39  1.03616e+07
0  40  1.0251e+07
0  41  1.31373e+07
0  42  1.31963e+07
0  43  7.69622e+06
0  44  1.02005e+07
0  45  8.30345e+06
0  46  1.3392e+07
0  47  1.04322e+07
0  48  1.42898e+07
0  49  6.55253e+06
0  50  7.94151e+06
1  0  2.96636e+06
1  1  7.45428e+06
1  2  1.09134e+07
1  3  5.30425e+06
1  4  5.72187e+06
1  5  7.88893e+06
1  6  3.13743e+06
1  7  8.94001e+06
1  8  1.02865e+07
1  9  6.41129e+06
1  10  1.0427e+07
1  11  8.10371e+06
1  12  5.51194e+06
1  13  4.02137e+06
1  14  3.15357e+06
1  15  3.38724e+06
1  16  8.39214e+06
1  17  0
1  18  5.15746e+06
1  19  6.84058e+06
1  20  5.04064e+06
1  21  5.49473e+06
1  22  5.99944e+06
1  23  6.83326e+06
1  24  8.44137e+06
1  25  5.00725e+06
1  26  6.63396e+06
1  27  5.91128e+06
1  28  3.77e+06
1  29  3.9754e+06
1  30  8.19002e+06
1  31  9.93696e+06
1  32  8.62914e+06
1  33  8.0137e+06
1  34  1.19377e+07
1  35  3.55065e+06
1  36  7.4343e+06
1  37  7.68802e+06
1  38  1.4709e+07
1  39  9.1212e+06
1  40  7.53137e+06
1  41  7.5763e+06
1  42  1.22172e+07
1  43  7.08789e+06
1  44  8.87062e+06
1  45  1.15495e+07
1  46  9.72031e+06
1  47  1.3923e+07
1  48  6.16236e+06
1  49  6.92999e+06
1  50  1.40743e+07
2  0  8.03505e+06
2  1  6.44396e+06
2  2  7.61419e+06
2  3  2.26328e+06
2  4  7.07011e+06
2  5  2.95226e+06
2  6  3.27285e+06
2  7  8.0263e+06
2  8  0
2  9  5.39879e+06
2  10  3.55329e+06
2  11  9.20026e+06
2  12  0
2  13  5.02291e+06
2  14  5.02677e+06
2  15  0
2  16  6.3636e+06
2  17  2.15329e+06
2  18  5.16346e+06
2  19  1.03668e+07
2  20  5.97964e+06
2  21  2.04158e+06
2  22  7.96612e+06
2  23  4.18531e+06
2  24  5.55076e+06
2  25  9.43314e+06
2  26  5.26247e+06
2  27  6.30226e+06
2  28  6.09164e+06
2  29  4.51612e+06
2  30  3.01357e+06
2  31  4.62808e+06
2  32  1.0471e+07
2  33  1.8596e+07
2  34  6.45127e+06
2  35  1.08869e+07
2  36  1.14883e+07
2  37  1.52746e+07
2  38  7.11782e+06
2  39  1.33888e+07
2  40  7.36508e+06
2  41  7.65099e+06
2  42  7.32485e+06
2  43  1.10102e+07
2  44  1.13934e+07
2  45  7.88727e+06
2  46  8.58815e+06
2  47  9.02967e+06
2  48  3.73137e+06
2  49  1.3031e+07
2  50  1.14197e+07
3  0  7.32196e+06
3  1  7.23274e+06
3  2  7.14048e+06
3  3  4.40253e+06
3  4  7.76535e+06
3  5  7.54719e+06
3  6  1.09282e+07
3  7  8.00257e+06
3  8  7.24853e+06
3  9  6.24771e+06
3  10  3.4003e+06
3  11  9.2891e+06
3  12  9.93525e+06
3  13  9.2858e+06
3  14  1.80541e+06
3  15  5.82671e+06
3  16  875019
3  17  6.37831e+06
3  18  7.90971e+06
3  19  5.74347e+06
3  20  4.33928e+06
3  21  6.24158e+06
3  22  4.54046e+06
3  23  4.48901e+06
3  24  7.70921e+06
3  25  4.47682e+06
3  26  5.39495e+06
3  27  2.47201e+06
3  28  8.61004e+06
3  29  1.21139e+07
3  30  8.56284e+06
3  31  7.13511e+06
3  32  9.85549e+06
3  33  1.05296e+07
3  34  5.08931e+06
3  35  7.59461e+06
3  36  4.76562e+06
3  37  8.63464e+06
3  38  7.84966e+06
3  39  1.51464e+07
3  40  5.6917e+06
3  41  2.88783e+06
3  42  1.19392e+07
3  43  1.13464e+07
3  44  1.2721e+07
3  45  1.02973e+07
3  46  1.20667e+07
3  47  7.57104e+06
3  48  1.57259e+07
3  49  1.21593e+07
3  50  1.10775e+07
4  0  0
4  1  9.05125e+06
4  2  3.43132e+06
4  3  7.24232e+06
4  4  4.93059e+06
4  5  3.44488e+06
4  6  3.44948e+06
4  7  5.6684e+06
4  8  3.71609e+06
4  9  5.99723e+06
4  10  6.0371e+06
4  11  4.89972e+06
4  12  0
4  13  8.56107e+06
4  14  5.53931e+06
4  15  4.90848e+06
4  16  1.06789e+07
4  17  4.96428e+06
4  18  5.48322e+06
4  19  2.96074e+06
4  20  1.29211e+06
4  21  8.36352e+06
4  22  7.58321e+06
4  23  4.70956e+06
4  24  6.18679e+06
4  25  7.86596e+06
4  26  9.82146e+06
4  27  9.61339e+06
4  28  7.42933e+06
4  29  7.41383e+06
4  30  7.7246e+06
4  31  9.81377e+06
4  32  1.08051e+07
4  33  1.13607e+07
4  34  6.2309e+06
4  35  9.59145e+06
4  36  5.49642e+06
4  37  4.23765e+06
4  38  5.66604e+06
4  39  1.04736e+07
4  40  1.31471e+07
4  41  6.65438e+06
4  42  5.02022e+06
4  43  1.19357e+07
4  44  1.371e+07
4  45  6.54963e+06
4  46  9.41399e+06
4  47  1.36305e+07
4  48  1.10014e+07
4  49  1.19537e+07
4  50  1.01393e+07
5  0  8.01605e+06
5  1  9.03281e+06
5  2  9.44558e+06
5  3  0
5  4  7.90243e+06
5  5  7.26362e+06
5  6  5.32622e+06
5  7  3.26147e+06
5  8  6.62211e+06
5  9  6.25179e+06
5  10  3.04286e+06
5  11  0
5  12  6.49839e+06
5  13  3.28533e+06
5  14  9.22333e+06
5  15  2.97486e+06
5  16  3.81885e+06
5  17  5.23147e+06
5  18  6.82432e+06
5  19  4.53412e+06
5  20  1.06217e+07
5  21  3.39684e+06
5  22  6.5077e+06
5  23  8.79318e+06
5  24  4.42968e+06
5  25  2.8576e+06
5  26  8.60453e+06
5  27  7.17016e+06
5  28  8.56706e+06
5  29  7.87818e+06
5  30  7.64652e+06
5  31  3.23007e+06
5  32  5.53674e+06
5  33  6.46297e+06
5  34  6.89988e+06
5  35  7.08622e+06
5  36  9.72306e+06
5  37  1.39796e+07
5  38  5.76656e+06
5  39  1.49384e+07
5  40  9.94889e+06
5  41  8.31993e+06
5  42  1.2877e+07
5  43  7.65722e+06
5  44  1.70122e+07
5  45  7.45051e+06
5  46  1.11222e+07
5  47  1.10149e+07
5  48  4.07947e+06
5  49  1.24578e+07
5  50  7.72499e+06
6  0  1.20636e+07
6  1  5.36197e+06
6  2  2.88673e+06
6  3  4.08363e+06
6  4  2.42867e+06
6  5  9.7034e+06
6  6  8.79979e+06
6  7  7.01966e+06
6  8  6.61e+06
6  9  4.08567e+06
6  10  6.43958e+06
6  11  7.29851e+06
6  12  7.70728e+06
6  13  8.1218e+06
6  14  9.01162e+06
6  15  4.18196e+06
6  16  9.36893e+06
6  17  3.88179e+06
6  18  8.65597e+06
6  19  5.61349e+06
6  20  1.15342e+07
6  21  2.8066e+06
6  22  1.0995e+07
6  23  6.14655e+06
6  24  4.65875e+06
6  25  5.7312e+06
6  26  6.01658e+06
6  27  4.59528e+06
6  28  7.16782e+06
6  29  3.50219e+06
6  30  7.20383e+06
6  31  9.1478e+06
6  32  1.18984e+07
6  33  8.37333e+06
6  34  1.20639e+07
6  35  1.17188e+07
6  36  6.3944e+06
6  37  9.89777e+06
6  38  5.94983e+06
6  39  8.80807e+06
6  40  8.8928e+06
6  41  6.00837e+06
6  42  1.05946e+07
6  43  8.57951e+06
6  44  8.21479e+06
6  45  1.17774e+07
6  46  8.07697e+06
6  47  1.49372e+07
6  48  1.41585e+07
6  49  1.323e+07
6  50  5.92652e+06
7  0  5.84966e+06
7  1  2.94242e+06
7  2  5.37341e+06
7  3  7.69276e+06
7  4  5.02112e+06
7  5  6.31736e+06
7  6  8.99415e+06
7  7  5.35767e+06
7  8  7.18312e+06
7  9  5.38297e+06
7  10  1.16479e+07
7  11  9.87887e+06
7  12  4.94164e+06
7  13  8.47231e+06
7  14  8.79963e+06
7  15  5.00168e+06
7  16  6.48112e+06
7  17  3.6907e+06
7  18  4.56962e+06
7  19  7.84183e+06
7  20  7.42471e+06
7  21  4.84616e+06
7  22  6.59145e+06
7  23  5.94133e+06
7  24  8.6459e+06
7  25  4.88397e+06
7  26  8.98423e+06
7  27  5.93261e+06
7  28  8.2911e+06
7  29  9.35176e+06
7  30  5.76759e+06
7  31  2.67422e+06
7  32  6.39329e+06
7  33  6.98007e+06
7  34  8.56676e+06
7  35  1.29974e+07
7  36  9.53317e+06
7  37  8.04115e+06
7  38  2.90227e+06
7  39  1.25405e+07
7  40  1.32435e+07
7  41  6.5482e+06
7  42  7.19042e+06
7  43  5.75932e+06
7  44  5.06569e+06
7  45  5.00953e+06
7  46  1.17163e+07
7  47  1.24703e+07
7  48  1.42348e+07
7  49  9.80552e+06
7  50  9.46623e+06
8  0  8.54365e+06
8  1  4.14919e+06
8  2  4.70193e+06
8  3  9.82431e+06
8  4  3.6907e+06
8  5  3.24765e+06
8  6  5.29942e+06
8  7  5.65853e+06
8  8  6.09016e+06
8  9  2.23441e+06
8  10  7.43309e+06
8  11  3.37576e+06
8  12  3.4534e+06
8  13  8.97679e+06
8  14  4.57987e+06
8  15  8.55051e+06
8  16  4.68407e+06
8  17  5.16972e+06
8  18  2.87615e+06
8  19  5.05192e+06
8  20  2.64289e+06
8  21  5.02744e+06
8  22  3.8634e+06
8  23  3.12538e+06
8  24  7.5127e+06
8  25  4.48569e+06
8  26  7.73978e+06
8  27  5.13191e+06
8  28  1.08224e+07
8  29  9.40209e+06
8  30  9.97061e+06
8  31  3.79432e+06
8  32  8.3583e+06
8  33  1.05045e+07
8  34  5.36897e+06
8  35  8.25513e+06
8  36  8.83149e+06
8  37  1.04515e+07
8  38  9.32532e+06
8  39  1.01418e+07
8  40  8.7019e+06
8  41  5.21859e+06
8  42  5.28813e+06
8  43  1.10544e+07
8  44  1.29604e+07
8  45  1.18201e+07
8  46  6.38749e+06
8  47  1.0132e+07
8  48  6.88917e+06
8  49  8.10642e+06
8  50  9.92633e+06
9  0  3.23783e+06
9  1  6.73963e+06
9  2  5.59555e+06
9  3  3.48374e+06
9  4  5.14181e+06
9  5  3.85695e+06
9  6  7.66314e+06
9  7  5.51443e+06
9  8  3.56212e+06
9  9  5.34607e+06
9  10  1.01419e+07
9  11  6.68571e+06
9  12  5.84085e+06
9  13  2.99556e+06
9  14  6.61143e+06
9  15  8.09095e+06
9  16  7.99641e+06
9  17  6.55739e+06
9  18  5.29499e+06
9  19  5.95034e+06
9  20  4.39542e+06
9  21  4.729e+06
9  22  2.66772e+06
9  23  7.07676e+06
9  24  3.88414e+06
9  25  0
9  26  5.28258e+06
9  27  6.08855e+06
9  28  6.1451e+06
9  29  9.37005e+06
9  30  9.97108e+06
9  31  7.38264e+06
9  32  1.13901e+07
9  33  4.45695e+06
9  34  5.75167e+06
9  35  9.56503e+06
9  36  9.988e+06
9  37  7.56384e+06
9  38  5.57142e+06
9  39  8.47173e+06
9  40  2.74053e+06
9  41  6.36116e+06
9  42  7.93749e+06
9  43  1.08429e+07
9  44  1.05545e+07
9  45  4.44727e+06
9  46  7.39346e+06
9  47  1.22077e+07
9  48  9.75875e+06
9  49  7.65456e+06
9  50  1.11623e+07
10  0  5.08961e+06
10  1  4.78521e+06
10  2  9.51466e+06
10  3  4.1261e+06
10  4  6.79418e+06
10  5  4.89429e+06
10  6  5.20125e+06
10  7  4.16975e+06
10  8  3.26088e+06
10  9  8.35171e+06
10  10  5.94027e+06
10  11  3.42844e+06
10  12  4.74412e+06
10  13  4.28425e+06
10  14  7.45434e+06
10  15  3.81413e+06
10  16  2.01977e+06
10  17  0
10  18  3.66262e+06
10  19  4.32983e+06
10  20  3.12166e+06
10  21  5.92677e+06
10  22  3.94403e+06
10  23  4.15209e+06
10  24  1.66343e+06
10  25  5.66565e+06
10  26  9.80351e+06
10  27  9.42639e+06
10  28  8.04226e+06
10  29  5.55858e+06
10  30  7.35117e+06
10  31  7.69132e+06
10  32  6.1357e+06
10  33  8.82034e+06
10  34  8.981e+06
10  35  5.54136e+06
10  36  4.62249e+06
10  37  2.82019e+06
10  38  4.0449e+06
10  39  6.09579e+06
10  40  1.01791e+07
10  41  1.23636e+07
10  42  2.97865e+06
10  43  6.86051e+06
10  44  9.16423e+06
10  45  9.95606e+06
10  46  9.9325e+06
10  47  1.01673e+07
10  48  9.04087e+06
10  49  7.99486e+06
10  50  6.91713e+06
11  0  4.43753e+06
11  1  3.07302e+06
11  2  8.30726e+06
11  3  7.12904e+06
11  4  3.85925e+06
11  5  8.86532e+06
11  6  1.17341e+07
11  7  4.45764e+06
11  8  6.15932e+06
11  9  4.2388e+06
11  10  7.95492e+06
11  11  7.19637e+06
11  12  4.04879e+06
11  13  7.65366e+06
11  14  6.40997e+06
11  15  9.02083e+06
11  16  2.93173e+06
11  17  6.24529e+06
11  18  7.56217e+06
11  19  5.81061e+06
11  20  4.47701e+06
11  21  4.62526e+06
11  22  1.25663e+07
11  23  5.08757e+06
11  24  3.38567e+06
11  25  0
11  26  7.58594e+06
11  27  4.35081e+06
11  28  5.44965e+06
11  29  8.5e+06
11  30  1.07404e+07
11  31  7.25044e+06
11  32  1.04585e+07
11  33  1.11258e+07
11  34  1.06274e+07
11  35  7.95179e+06
11  36  5.71483e+06
11  37  9.27755e+06
11  38  4.4607e+06
11  39  8.09555e+06
11  40  1.16345e+07
11  41  4.29125e+06
11  42  2.73127e+06
11  43  1.14235e+07
11  44  6.2885e+06
11  45  8.00464e+06
11  46  6.49212e+06
11  47  1.1631e+07
11  48  9.83079e+06
11  49  1.01103e+07
11  50  4.46605e+06
12  0  2.19768e+06
12  1  3.22704e+06
12  2  2.9126e+06
12  3  6.70774e+06
12  4  2.41067e+06
12  5  6.91461e+06
12  6  5.30883e+06
12  7  3.29985e+06
12  8  2.51494e+06
12  9  4.18031e+06
12  10  9.1958e+06
12  11  5.15868e+06
12  12  5.60025e+06
12  13  7.90444e+06
12  14  3.15643e+06
12  15  3.60533e+06
12  16  2.15797e+06
12  17  2.64463e+06
12  18  5.46494e+06
12  19  7.97993e+06
12  20  7.08147e+06
12  21  1.54966e+06
12  22  5.50576e+06
12  23  3.08845e+06
12  24  3.94915e+06
12  25  5.02366e+06
12  26  3.78688e+06
12  27  3.50695e+06
12  28  6.80164e+06
12  29  7.15852e+06
12  30  4.70607e+06
12  31  1.46524e+06
12  32  6.76948e+06
12  33  7.72961e+06
12  34  6.05284e+06
12  35  4.04351e+06
12  36  7.58411e+06
12  37  8.07023e+06
12  38  7.60294e+06
12  39  9.80384e+06
12  40  7.81042e+06
12  41  8.96398e+06
12  42  1.22139e+07
12  43  1.16484e+07
12  44  5.70597e+06
12  45  6.01984e+06
12  46  1.07158e+07
12  47  1.18374e+07
12  48  6.55924e+06
12  49  6.74437e+06
12  50  1.20326e+07
13  0  4.8226e+06
13  1  2.69747e+06
13  2  2.95827e+06
13  3  6.4875e+06
13  4  8.07642e+06
13  5  3.82676e+06
13  6  7.11419e+06
13  7  5.64416e+06
13  8  4.38579e+06
13  9  1.0011e+07
13  10  2.84779e+06
13  11  6.29087e+06
13  12  6.12559e+06
13  13  6.1645e+06
13  14  6.00707e+06
13  15  7.19562e+06
13  16  2.76111e+06
13  17  9.7072e+06
13  18  4.35738e+06
13  19  6.29343e+06
13  20  4.72175e+06
13  21  4.79526e+06
13  22  5.8008e+06
13  23  4.18151e+06
13  24  5.83385e+06
13  25  6.52391e+06
13  26  5.77385e+06
13  27  6.99382e+06
13  28  3.19626e+06
13  29  1.05757e+07
13  30  3.96976e+06
13  31  3.42347e+06
13  32  4.12398e+06
13  33  5.22621e+06
13  34  4.30259e+06
13  35  3.81144e+06
13  36  1.04222e+07
13  37  8.67214e+06
13  38  5.44214e+06
13  39  1.06211e+07
13  40  5.78382e+06
13  41  7.48078e+06
13  42  7.08392e+06
13  43  1.03928e+07
13  44  8.68925e+06
13  45  5.98737e+06
13  46  8.34551e+06
13  47  6.31988e+06
13  48  1.07358e+07
13  49  1.16445e+07
13  50  1.14917e+07
14  0  874651
14  1  5.78181e+06
14  2  6.15648e+06
14  3  6.0838e+06
14  4  3.90182e+06
14  5  4.24578e+06
14  6  7.27293e+06
14  7  806048
14  8  2.71993e+06
14  9  8.76798e+06
14  10  5.67663e+06
14  11  4.95596e+06
14  12  6.59269e+06
14  13  6.50636e+06
14  14  4.68757e+06
14  15  3.83098e+06
14  16  5.68746e+06
14  17  6.86998e+06
14  18  2.60841e+06
14  19  990041
14  20  6.17043e+06
14  21  3.83164e+06
14  22  2.53658e+06
14  23  1.13027e+06
14  24  8.94475e+06
14  25  3.06399e+06
14  26  1.58617e+06
14  27  1.04134e+07
14  28  6.85223e+06
14  29  8.94406e+06
14  30  5.3398e+06
14  31  3.14637e+06
14  32  0
14  33  5.31082e+06
14  34  7.26512e+06
14  35  5.47133e+06
14  36  5.64984e+06
14  37  8.57929e+06
14  38  6.21529e+06
14  39  6.03789e+06
14  40  9.57436e+06
14  41  3.19936e+06
14  42  4.95383e+06
14  43  7.32302e+06
14  44  5.67395e+06
14  45  6.341e+06
14  46  9.7145e+06
14  47  9.2743e+06
14  48  1.05307e+07
14  49  6.83543e+06
14  50  1.27286e+07
15  0  2.75276e+06
15  1  5.1804e+06
15  2  8.16912e+06
15  3  4.52427e+06
15  4  2.23406e+06
15  5  2.28928e+06
15  6  7.10501e+06
15  7  1.95818e+06
15  8  7.03544e+06
15  9  7.83719e+06
15  10  7.3379e+06
15  11  3.89088e+06
15  12  5.3923e+06
15  13  5.34911e+06
15  14  5.43073e+06
15  15  1.28712e+06
15  16  5.23693e+06
15  17  7.85764e+06
15  18  6.21181e+06
15  19  4.1356e+06
15  20  2.43902e+06
15  21  4.0422e+06
15  22  2.5532e+06
15  23  3.75905e+06
15  24  6.43083e+06
15  25  1.96053e+06
15  26  9.88893e+06
15  27  9.68876e+06
15  28  3.31544e+06
15  29  4.51902e+06
15  30  4.19182e+06
15  31  8.34652e+06
15  32  3.50424e+06
15  33  9.40219e+06
15  34  3.66475e+06
15  35  4.86144e+06
15  36  7.16443e+06
15  37  6.13463e+06
15  38  4.70597e+06
15  39  7.55287e+06
15  40  5.9464e+06
15  41  6.46672e+06
15  42  8.02084e+06
15  43  7.60176e+06
15  44  3.56006e+06
15  45  1.04129e+07
15  46  3.12959e+06
15  47  5.68309e+06
15  48  3.37741e+06
15  49  6.54789e+06
15  50  9.50947e+06
16  0  5.8127e+06
16  1  6.15855e+06
16  2  1.09667e+07
16  3  5.52515e+06
16  4  6.90118e+06
16  5  6.39903e+06
16  6  4.28836e+06
16  7  4.26989e+06
16  8  9.29376e+06
16  9  1.53176e+06
16  10  5.02278e+06
16  11  2.67843e+06
16  12  3.55398e+06
16  13  9.62211e+06
16  14  3.68024e+06
16  15  6.10397e+06
16  16  5.67703e+06
16  17  4.02465e+06
16  18  3.9511e+06
16  19  2.29286e+06
16  20  9.49748e+06
16  21  7.31202e+06
16  22  6.89646e+06
16  23  8.11886e+06
16  24  6.21466e+06
16  25  9.57663e+06
16  26  6.72939e+06
16  27  5.1419e+06
16  28  4.20619e+06
16  29  1.29022e+06
16  30  4.13163e+06
16  31  5.43802e+06
16  32  5.81595e+06
16  33  4.66487e+06
16  34  5.57876e+06
16  35  4.46774e+06
16  36  8.96267e+06
16  37  1.24729e+06
16  38  8.54898e+06
16  39  6.07747e+06
16  40  6.94071e+06
16  41  4.41459e+06
16  42  9.01118e+06
16  43  8.45547e+06
16  44  7.132e+06
16  45  3.42211e+06
16  46  1.02483e+07
16  47  9.32011e+06
16  48  1.04515e+07
16  49  6.18166e+06
16  50  8.26803e+06
17  0  5.85865e+06
17  1  577979
17  2  9.43573e+06
17  3  4.65721e+06
17  4  5.5489e+06
17  5  8.20854e+06
17  6  6.88411e+06
17  7  5.34135e+06
17  8  2.25831e+06
17  9  1.12109e+07
17  10  4.92178e+06
17  11  6.3463e+06
17  12  8.67735e+06
17  13  3.91753e+06
17  14  4.25465e+06
17  15  6.96076e+06
17  16  7.82498e+06
17  17  3.67365e+06
17  18  3.28744e+06
17  19  6.40966e+06
17  20  2.76449e+06
17  21  2.49354e+06
17  22  6.90809e+06
17  23  5.80846e+06
17  24  9.0011e+06
17  25  4.69553e+06
17  26  4.61562e+06
17  27  7.76988e+06
17  28  5.32794e+06
17  29  3.95297e+06
17  30  2.45865e+06
17  31  3.21062e+06
17  32  2.89004e+06
17  33  8.78134e+06
17  34  4.7029e+06
17  35  1.6703e+06
17  36  3.48472e+06
17  37  6.5289e+06
17  38  6.94651e+06
17  39  6.82762e+06
17  40  7.80536e+06
17  41  5.81635e+06
17  42  6.21318e+06
17  43  5.77891e+06
17  44  7.5917e+06
17  45  1.13389e+07
17  46  1.00892e+07
17  47  1.1829e+07
17  48  7.39891e+06
17  49  9.20492e+06
17  50  7.94873e+06
18  0  8.63532e+06
18  1  3.79234e+06
18  2  4.97687e+06
18  3  5.14175e+06
18  4  7.7439e+06
18  5  7.99777e+06
18  6  5.39984e+06
18  7  9.35215e+06
18  8  7.14563e+06
18  9  7.05439e+06
18  10  6.52612e+06
18  11  5.02962e+06
18  12  6.24735e+06
18  13  5.50493e+06
18  14  6.37643e+06
18  15  4.77915e+06
18  16  2.35479e+06
18  17  5.01448e+06
18  18  6.71907e+06
18  19  6.40435e+06
18  20  6.96743e+06
18  21  2.78281e+06
18  22  6.37313e+06
18  23  6.16397e+06
18  24  4.63457e+06
18  25  9.96698e+06
18  26  4.98981e+06
18  27  9.49995e+06
18  28  3.40149e+06
18  29  2.4105e+06
18  30  3.58299e+06
18  31  7.29699e+06
18  32  3.68266e+06
18  33  6.74744e+06
18  34  4.96954e+06
18  35  2.66882e+06
18  36  7.51898e+06
18  37  4.99957e+06
18  38  5.74736e+06
18  39  5.38401e+06
18  40  5.96032e+06
18  41  9.75214e+06
18  42  4.62349e+06
18  43  5.59782e+06
18  44  5.2446e+06
18  45  6.69018e+06
18  46  1.14255e+07
18  47  7.99983e+06
18  48  1.18925e+07
18  49  1.05531e+07
18  50  1.17335e+07
19  0  7.2915e+06
19  1  1.39387e+06
19  2  3.74875e+06
19  3  6.82519e+06
19  4  6.50733e+06
19  5  3.52825e+06
19  6  6.99598e+06
19  7  5.30897e+06
19  8  5.34101e+06
19  9  4.13723e+06
19  10  4.15991e+06
19  11  4.04181e+06
19  12  5.65188e+06
19  13  6.22231e+06
19  14  4.58787e+06
19  15  7.03221e+06
19  16  9.38048e+06
19  17  4.02276e+06
19  18  5.51347e+06
19  19  4.35658e+06
19  20  6.08049e+06
19  21  7.6357e+06
19  22  6.33214e+06
19  23  8.50741e+06
19  24  5.90617e+06
19  25  9.34514e+06
19  26  3.77724e+06
19  27  5.57582e+06
19  28  6.34481e+06
19  29  3.12805e+06
19  30  2.43842e+06
19  31  5.5429e+06
19  32  4.82842e+06
19  33  5.2793e+06
19  34  6.72458e+06
19  35  3.78205e+06
19  36  6.36654e+06
19  37  9.46277e+06
19  38  3.68286e+06
19  39  0
19  40  3.33448e+06
19  41  6.19026e+06
19  42  6.67119e+06
19  43  7.93649e+06
19  44  9.1878e+06
19  45  6.87806e+06
19  46  7.46554e+06
19  47  9.78066e+06
19  48  9.9553e+06
19  49  6.78429e+06
19  50  6.52741e+06
20  0  3.37485e+06
20  1  1.01587e+07
20  2  6.89173e+06
20  3  6.42965e+06
20  4  5.85649e+06
20  5  9.14196e+06
20  6  3.65694e+06
20  7  6.26263e+06
20  8  4.12042e+06
20  9  7.09943e+06
20  10  4.52949e+06
20  11  6.12568e+06
20  12  4.97839e+06
20  13  4.70878e+06
20  14  4.67584e+06
20  15  8.29361e+06
20  16  7.72402e+06
20  17  3.07792e+06
20  18  4.70956e+06
20  19  5.34433e+06
20  20  5.2138e+06
20  21  4.88306e+06
20  22  8.84294e+06
20  23  3.76129e+06
20  24  6.57755e+06
20  25  9.82452e+06
20  26  5.36122e+06
20  27  5.30216e+06
20  28  3.6678e+06
20  29  5.68738e+06
20  30  902481
20  31  2.68277e+06
20  32  3.59578e+06
20  33  1.70033e+06
20  34  6.89047e+06
20  35  2.03509e+06
20  36  5.56812e+06
20  37  3.9397e+06
20  38  9.74911e+06
20  39  4.82472e+06
20  40  1.05789e+07
20  41  6.00095e+06
20  42  4.14874e+06
20  43  6.68038e+06
20  44  7.28277e+06
20  45  4.35009e+06
20  46  1.02223e+07
20  47  9.41689e+06
20  48  6.78162e+06
20  49  1.14567e+07
20  50  1.08294e+07
21  0  0
21  1  2.7204e+06
21  2  4.15248e+06
21  3  1.0424e+07
21  4  1.01203e+07
21  5  6.34517e+06
21  6  4.90904e+06
21  7  2.73523e+06
21  8  5.78294e+06
21  9  8.41494e+06
21  10  9.29105e+06
21  11  9.75891e+06
21  12  3.8988e+06
21  13  4.78839e+06
21  14  5.45167e+06
21  15  7.10228e+06
21  16  2.48645e+06
21  17  1.03854e+07
21  18  5.27702e+06
21  19  6.69384e+06
21  20  5.21993e+06
21  21  1.21853e+07
21  22  1.06222e+07
21  23  8.35788e+06
21  24  9.36951e+06
21  25  7.46324e+06
21  26  7.97031e+06
21  27  5.52354e+06
21  28  7.20794e+06
21  29  4.18247e+06
21  30  4.41845e+06
21  31  3.8708e+06
21  32  7.27418e+06
21  33  4.06549e+06
21  34  3.66774e+06
21  35  846943
21  36  4.47098e+06
21  37  6.8455e+06
21  38  3.88771e+06
21  39  6.26719e+06
21  40  4.92383e+06
21  41  8.00996e+06
21  42  4.54756e+06
21  43  5.37593e+06
21  44  4.32955e+06
21  45  5.74321e+06
21  46  5.01723e+06
21  47  7.99519e+06
21  48  6.31329e+06
21  49  7.59652e+06
21  50  8.37801e+06
22  0  5.2678e+06
22  1  655623
22  2  6.85031e+06
22  3  6.21007e+06
22  4  7.22074e+06
22  5  7.50796e+06
22  6  3.30774e+06
22  7  8.11631e+06
22  8  4.14649e+06
22  9  5.50645e+06
22  10  5.92904e+06
22  11  9.08554e+06
22  12  9.03001e+06
22  13  2.06521e+06
22  14  1.2117e+07
22  15  5.87862e+06
22  16  7.08707e+06
22  17  8.23291e+06
22  18  7.88313e+06
22  19  8.03278e+06
22  20  6.16115e+06
22  21  4.69504e+06
22  22  9.6351e+06
22  23  6.03551e+06
22  24  1.01528e+07
22  25  4.21227e+06
22  26  2.52639e+06
22  27  3.17705e+06
22  28  7.55734e+06
22  29  0
22  30  6.42489e+06
22  31  4.3149e+06
22  32  4.8256e+06
22  33  3.02689e+06
22  34  5.23296e+06
22  35  3.93411e+06
22  36  5.98461e+06
22  37  6.51675e+06
22  38  4.88387e+06
22  39  3.51356e+06
22  40  5.98404e+06
22  41  1.05422e+07
22  42  7.65411e+06
22  43  3.82337e+06
22  44  6.85699e+06
22  45  6.39325e+06
22  46  7.23821e+06
22  47  8.33079e+06
22  48  8.77889e+06
22  49  1.0348e+07
22  50  4.90306e+06
23  0  6.60657e+06
23  1  4.67928e+06
23  2  1.01369e+07
23  3  7.36421e+06
23  4  8.89642e+06
23  5  9.14258e+06
23  6  3.7494e+06
23  7  0
23  8  6.20169e+06
23  9  6.17769e+06
23  10  8.48847e+06
23  11  8.69297e+06
23  12  6.56321e+06
23  13  6.74503e+06
23  14  5.72932e+06
23  15  1.18355e+07
23  16  6.41427e+06
23  17  1.01016e+07
23  18  4.12652e+06
23  19  5.98094e+06
23  20  5.82358e+06
23  21  6.92421e+06
23  22  9.17971e+06
23  23  4.58117e+06
23  24  6.69409e+06
23  25  9.522e+06
23  26  3.93515e+06
23  27  5.50486e+06
23  28  5.33495e+06
23  29  5.00774e+06
23  30  6.51639e+06
23  31  6.2698e+06
23  32  6.07602e+06
23  33  4.15488e+06
23  34  2.23081e+06
23  35  4.11829e+06
23  36  2.9431e+06
23  37  4.26909e+06
23  38  3.39083e+06
23  39  7.62508e+06
23  40  3.39526e+06
23  41  4.67375e+06
23  42  6.80193e+06
23  43  1.27448e+07
23  44  6.74992e+06
23  45  6.8222e+06
23  46  4.11785e+06
23  47  7.38687e+06
23  48  8.31929e+06
23  49  7.60864e+06
23  50  9.27645e+06
24  0  5.26016e+06
24  1  6.8168e+06
24  2  3.83985e+06
24  3  6.04622e+06
24  4  8.60583e+06
24  5  8.55561e+06
24  6  4.76536e+06
24  7  6.45003e+06
24  8  1.12521e+07
24  9  7.85231e+06
24  10  3.29721e+06
24  11  8.91127e+06
24  12  6.10072e+06
24  13  6.73748e+06
24  14  1.14572e+07
24  15  8.10302e+06
24  16  6.2664e+06
24  17  7.04319e+06
24  18  8.28272e+06
24  19  1.49182e+07
24  20  7.04194e+06
24  21  1.15178e+07
24  22  5.58453e+06
24  23  1.30093e+07
24  24  8.57279e+06
24  25  7.46023e+06
24  26  4.66063e+06
24  27  4.97933e+06
24  28  8.10469e+06
24  29  7.43187e+06
24  30  8.23874e+06
24  31  8.42833e+06
24  32  8.72936e+06
24  33  7.25912e+06
24  34  1.7128e+06
24  35  6.95142e+06
24  36  4.10863e+06
24  37  3.48253e+06
24  38  4.2613e+06
24  39  3.6509e+06
24  40  5.36324e+06
24  41  4.34197e+06
24  42  7.71114e+06
24  43  3.77895e+06
24  44  5.99269e+06
24  45  6.21916e+06
24  46  3.96725e+06
24  47  9.93188e+06
24  48  8.90321e+06
24  49  4.60384e+06
24  50  1.33008e+07
25  0  6.0287e+06
25  1  6.65434e+06
25  2  6.30499e+06
25  3  9.68837e+06
25  4  6.14649e+06
25  5  3.45074e+06
25  6  9.34342e+06
25  7  6.39788e+06
25  8  9.11845e+06
25  9  4.69256e+06
25  10  3.51963e+06
25  11  6.59743e+06
25  12  5.63267e+06
25  13  9.19497e+06
25  14  1.08496e+07
25  15  7.34399e+06
25  16  2.65032e+06
25  17  6.48067e+06
25  18  5.98155e+06
25  19  9.30554e+06
25  20  5.91228e+06
25  21  7.64542e+06
25  22  9.00898e+06
25  23  5.46016e+06
25  24  6.29517e+06
25  25  3.5931e+06
25  26  2.01995e+06
25  27  6.04569e+06
25  28  9.24594e+06
25  29  7.28867e+06
25  30  4.46402e+06
25  31  2.4063e+06
25  32  1.84996e+06
25  33  9.60714e+06
25  34  7.68428e+06
25  35  0
25  36  4.19998e+06
25  37  712999
25  38  4.03257e+06
25  39  7.72683e+06
25  40  5.88413e+06
25  41  8.16366e+06
25  42  9.41395e+06
25  43  5.28497e+06
25  44  4.41061e+06
25  45  5.35843e+06
25  46  1.15592e+07
25  47  8.94024e+06
25  48  6.20022e+06
25  49  6.57499e+06
25  50  3.19926e+06
26  0  6.72698e+06
26  1  5.75123e+06
26  2  1.03391e+07
26  3  7.40148e+06
26  4  8.27222e+06
26  5  8.84623e+06
26  6  1.1417e+07
26  7  6.10832e+06
26  8  3.1043e+06
26  9  8.75437e+06
26  10  1.02824e+07
26  11  5.46793e+06
26  12  4.44456e+06
26  13  4.41055e+06
26  14  9.02576e+06
26  15  2.47501e+06
26  16  2.75328e+06
26  17  9.9511e+06
26  18  9.00418e+06
26  19  1.11016e+07
26  20  5.69659e+06
26  21  1.05385e+07
26  22  7.3865e+06
26  23  5.38992e+06
26  24  5.52433e+06
26  25  5.29134e+06
26  26  7.87909e+06
26  27  5.79571e+06
26  28  4.30329e+06
26  29  3.64475e+06
26  30  5.43124e+06
26  31  2.46931e+06
26  32  8.50876e+06
26  33  1.54183e+06
26  34  4.07188e+06
26  35  9.09323e+06
26  36  2.52236e+06
26  37  0
26  38  5.77449e+06
26  39  1.85684e+06
26  40  5.0414e+06
26  41  1.12341e+07
26  42  5.68013e+06
26  43  7.42225e+06
26  44  4.85225e+06
26  45  8.34e+06
26  46  6.1427e+06
26  47  8.20874e+06
26  48  1.31391e+07
26  49  7.3734e+06
26  50  9.09691e+06
27  0  6.71624e+06
27  1  4.44242e+06
27  2  8.51747e+06
27  3  1.04465e+07
27  4  4.76242e+06
27  5  4.5044e+06
27  6  6.874e+06
27  7  1.06814e+07
27  8  8.27332e+06
27  9  1.15289e+07
27  10  3.92222e+06
27  11  1.1429e+07
27  12  1.07845e+07
27  13  5.50372e+06
27  14  1.05555e+07
27  15  2.05162e+06
27  16  6.78746e+06
27  17  6.91191e+06
27  18  8.33335e+06
27  19  6.91799e+06
27  20  9.08865e+06
27  21  6.09151e+06
27  22  5.28449e+06
27  23  1.04699e+07
27  24  7.11693e+06
27  25  5.94377e+06
27  26  7.74295e+06
27  27  5.64906e+06
27  28  4.71318e+06
27  29  4.76205e+06
27  30  8.17121e+06
27  31  5.98429e+06
27  32  0
27  33  3.85506e+06
27  34  1.23257e+06
27  35  2.91254e+06
27  36  2.74194e+06
27  37  4.63795e+06
27  38  5.83521e+06
27  39  3.16575e+06
27  40  5.53117e+06
27  41  5.40152e+06
27  42  5.99214e+06
27  43  4.55612e+06
27  44  5.45304e+06
27  45  6.57868e+06
27  46  2.23821e+06
27  47  8.38226e+06
27  48  1.55928e+07
27  49  9.78398e+06
27  50  1.05352e+07
28  0  6.59176e+06
28  1  4.50396e+06
28  2  6.50456e+06
28  3  2.20039e+06
28  4  7.33097e+06
28  5  5.20265e+06
28  6  5.53015e+06
28  7  5.49528e+06
28  8  1.15113e+07
28  9  6.11943e+06
28  10  8.30123e+06
28  11  1.05779e+07
28  12  5.25795e+06
28  13  6.45199e+06
28  14  6.08008e+06
28  15  5.10292e+06
28  16  8.57372e+06
28  17  1.10347e+07
28  18  8.7277e+06
28  19  3.20979e+06
28  20  9.88523e+06
28  21  2.2832e+06
28  22  6.80351e+06
28  23  4.94014e+06
28  24  4.06444e+06
28  25  1.24277e+07
28  26  6.79899e+06
28  27  7.02264e+06
28  28  4.98951e+06
28  29  6.33809e+06
28  30  7.11721e+06
28  31  5.87323e+06
28  32  3.4181e+06
28  33  4.6396e+06
28  34  5.78522e+06
28  35  5.045e+06
28  36  5.93329e+06
28  37  1.00254e+07
28  38  4.69329e+06
28  39  5.69993e+06
28  40  4.1504e+06
28  41  1.15608e+07
28  42  5.66354e+06
28  43  3.92377e+06
28  44  4.22215e+06
28  45  6.20334e+06
28  46  1.09673e+07
28  47  9.4363e+06
28  48  7.69767e+06
28  49  1.09888e+07
28  50  1.02123e+07
29  0  5.69384e+06
29  1  3.81596e+06
29  2  1.07937e+07
29  3  6.05535e+06
29  4  7.73569e+06
29  5  4.58626e+06
29  6  7.78791e+06
29  7  1.06241e+07
29  8  9.16687e+06
29  9  7.31494e+06
29  10  8.50737e+06
29  11  6.20675e+06
29  12  6.1796e+06
29  13  7.10336e+06
29  14  7.46639e+06
29  15  7.89475e+06
29  16  6.00527e+06
29  17  8.17872e+06
29  18  1.38791e+07
29  19  7.36915e+06
29  20  4.12865e+06
29  21  1.19068e+07
29  22  1.26364e+07
29  23  8.41802e+06
29  24  9.19461e+06
29  25  7.30948e+06
29  26  9.43641e+06
29  27  9.04124e+06
29  28  3.15644e+06
29  29  8.41954e+06
29  30  8.18167e+06
29  31  4.16816e+06
29  32  2.07292e+06
29  33  2.46108e+06
29  34  2.92377e+06
29  35  5.14829e+06
29  36  4.97163e+06
29  37  4.80368e+06
29  38  4.23846e+06
29  39  2.01792e+06
29  40  6.03627e+06
29  41  6.52736e+06
29  42  7.00788e+06
29  43  8.78054e+06
29  44  6.9011e+06
29  45  5.28836e+06
29  46  8.81885e+06
29  47  6.44781e+06
29  48  7.55644e+06
29  49  1.18442e+07
29  50  6.32336e+06
30  0  6.07837e+06
30  1  6.27762e+06
30  2  7.88386e+06
30  3  1.00498e+07
30  4  8.18243e+06
30  5  8.69601e+06
30  6  8.51219e+06
30  7  6.37402e+06
30  8  7.90598e+06
30  9  8.42262e+06
30  10  7.63245e+06
30  11  9.12056e+06
30  12  6.55937e+06
30  13  6.82879e+06
30  14  1.3893e+07
30  15  8.98071e+06
30  16  8.84503e+06
30  17  8.26746e+06
30  18  1.31453e+07
30  19  1.1698e+07
30  20  4.74604e+06
30  21  1.22566e+07
30  22  2.97444e+06
30  23  1.01318e+07
30  24  7.06615e+06
30  25  6.5767e+06
30  26  8.48322e+06
30  27  5.20092e+06
30  28  2.63413e+06
30  29  8.44413e+06
30  30  8.32639e+06
30  31  1.33476e+06
30  32  5.27022e+06
30  33  3.12848e+06
30  34  4.08726e+06
30  35  6.05148e+06
30  36  4.66286e+06
30  37  6.0594e+06
30  38  4.29721e+06
30  39  6.18546e+06
30  40  6.17109e+06
30  41  5.96958e+06
30  42  1.00654e+07
30  43  7.00694e+06
30  44  5.3417e+06
30  45  4.48403e+06
30  46  1.0211e+07
30  47  6.27702e+06
30  48  1.00827e+07
30  49  5.1411e+06
30  50  1.09622e+07
31  0  4.51115e+06
31  1  1.08603e+07
31  2  6.45271e+06
31  3  7.25129e+06
31  4  1.26881e+07
31  5  6.43407e+06
31  6  1.05161e+07
31  7  8.44904e+06
31  8  8.26116e+06
31  9  8.17599e+06
31  10  8.20045e+06
31  11  6.11023e+06
31  12  5.707e+06
31  13  5.02294e+06
31  14  5.27673e+06
31  15  7.68064e+06
31  16  9.12515e+06
31  17  1.70496e+06
31  18  9.38915e+06
31  19  1.02624e+07
31  20  8.72309e+06
31  21  6.18086e+06
31  22  7.49795e+06
31  23  8.86832e+06
31  24  2.06803e+06
31  25  5.18889e+06
31  26  4.87274e+06
31  27  3.47266e+06
31  28  4.76792e+06
31  29  8.15549e+06
31  30  4.24282e+06
31  31  6.99531e+06
31  32  4.35651e+06
31  33  1.01669e+07
31  34  4.46944e+06
31  35  7.56969e+06
31  36  6.22954e+06
31  37  8.07966e+06
31  38  3.61669e+06
31  39  4.49251e+06
31  40  5.84303e+06
31  41  6.41987e+06
31  42  8.92529e+06
31  43  940396
31  44  5.90431e+06
31  45  5.00486e+06
31  46  9.57646e+06
31  47  2.49474e+06
31  48  7.96265e+06
31  49  6.54204e+06
31  50  1.09247e+07
32  0  5.77456e+06
32  1  9.47346e+06
32  2  1.03406e+07
32  3  9.69396e+06
32  4  7.03254e+06
32  5  6.69507e+06
32  6  1.09753e+07
32  7  9.66721e+06
32  8  8.16675e+06
32  9  4.86346e+06
32  10  3.41225e+06
32  11  3.84631e+06
32  12  7.55427e+06
32  13  8.49988e+06
32  14  6.65742e+06
32  15  5.31471e+06
32  16  3.17128e+06
32  17  9.06511e+06
32  18  5.05014e+06
32  19  1.00315e+07
32  20  8.17809e+06
32  21  1.04338e+07
32  22  5.07282e+06
32  23  5.33346e+06
32  24  8.56183e+06
32  25  8.40307e+06
32  26  2.43609e+06
32  27  4.06534e+06
32  28  6.2122e+06
32  29  0
32  30  8.50825e+06
32  31  5.77241e+06
32  32  9.69607e+06
32  33  3.60432e+06
32  34  2.00331e+06
32  35  5.76224e+06
32  36  4.08931e+06
32  37  5.50655e+06
32  38  4.03295e+06
32  39  3.03552e+06
32  40  8.08604e+06
32  41  6.32317e+06
32  42  4.02086e+06
32  43  6.24684e+06
32  44  1.05803e+07
32  45  3.56726e+06
32  46  1.30473e+07
32  47  2.91347e+06
32  48  8.04668e+06
32  49  9.36631e+06
32  50  2.70872e+06
33  0  5.22943e+06
33  1  8.26527e+06
33  2  1.00273e+07
33  3  9.69189e+06
33  4  1.23799e+07
33  5  5.04788e+06
33  6  1.06712e+07
33  7  1.08814e+07
33  8  5.73557e+06
33  9  7.66309e+06
33  10  7.42152e+06
33  11  3.30156e+06
33  12  5.59495e+06
33  13  5.51805e+06
33  14  4.93707e+06
33  15  1.13045e+07
33  16  7.37213e+06
33  17  7.53255e+06
33  18  1.17816e+07
33  19  5.68293e+06
33  20  4.53157e+06
33  21  9.13541e+06
33  22  7.16725e+06
33  23  7.30389e+06
33  24  4.8025e+06
33  25  1.15695e+07
33  26  3.49927e+06
33  27  7.30275e+06
33  28  5.46225e+06
33  29  5.19373e+06
33  30  4.20363e+06
33  31  5.11867e+06
33  32  4.2896e+06
33  33  5.72588e+06
33  34  4.94391e+06
33  35  6.57983e+06
33  36  3.1517e+06
33  37  4.18178e+06
33  38  3.2829e+06
33  39  3.81891e+06
33  40  6.18788e+06
33  41  4.08393e+06
33  42  5.7336e+06
33  43  5.01161e+06
33  44  7.84097e+06
33  45  5.84801e+06
33  46  4.29842e+06
33  47  2.99078e+06
33  48  7.06152e+06
33  49  9.57858e+06
33  50  7.54773e+06
34  0  8.73739e+06
34  1  5.50243e+06
34  2  7.15773e+06
34  3  4.76812e+06
34  4  1.00253e+07
34  5  7.64439e+06
34  6  5.77461e+06
34  7  4.51905e+06
34  8  1.02885e+07
34  9  3.07345e+06
34  10  5.95781e+06
34  11  3.32631e+06
34  12  7.00556e+06
34  13  7.47986e+06
34  14  6.43769e+06
34  15  1.12075e+07
34  16  5.70065e+06
34  17  6.63346e+06
34  18  7.13277e+06
34  19  6.10541e+06
34  20  7.4514e+06
34  21  6.62705e+06
34  22  7.4538e+06
34  23  1.32309e+07
34  24  6.502e+06
34  25  1.09957e+07
34  26  4.23648e+06
34  27  4.74155e+06
34  28  1.15624e+07
34  29  4.17691e+06
34  30  6.44714e+06
34  31  3.89643e+06
34  32  8.10853e+06
34  33  2.7407e+06
34  34  5.26217e+06
34  35  4.37905e+06
34  36  7.47337e+06
34  37  7.41721e+06
34  38  5.12334e+06
34  39  2.62575e+06
34  40  8.45807e+06
34  41  4.20055e+06
34  42  6.87622e+06
34  43  5.7467e+06
34  44  5.85529e+06
34  45  5.41755e+06
34  46  9.01083e+06
34  47  8.11668e+06
34  48  5.80404e+06
34  49  4.99876e+06
34  50  8.31845e+06
35  0  3.01582e+06
35  1  6.58842e+06
35  2  8.76821e+06
35  3  9.68808e+06
35  4  6.38464e+06
35  5  6.63063e+06
35  6  6.64078e+06
35  7  3.11705e+06
35  8  1.02956e+07
35  9  9.22053e+06
35  10  6.57512e+06
35  11  6.72379e+06
35  12  4.87394e+06
35  13  9.39547e+06
35  14  7.17803e+06
35  15  7.80661e+06
35  16  4.98193e+06
35  17  4.29835e+06
35  18  3.41273e+06
35  19  9.86478e+06
35  20  8.14637e+06
35  21  1.17258e+07
35  22  5.41371e+06
35  23  6.24521e+06
35  24  3.33516e+06
35  25  7.47994e+06
35  26  4.83466e+06
35  27  6.31592e+06
35  28  4.51027e+06
35  29  4.43208e+06
35  30  6.95476e+06
35  31  6.40582e+06
35  32  7.19272e+06
35  33  3.01743e+06
35  34  4.12479e+06
35  35  839787
35  36  7.28545e+06
35  37  5.89917e+06
35  38  0
35  39  4.71428e+06
35  40  9.14305e+06
35  41  6.47746e+06
35  42  5.9438e+06
35  43  6.0772e+06
35  44  5.38756e+06
35  45  6.10048e+06
35  46  4.40995e+06
35  47  8.64177e+06
35  48  4.71589e+06
35  49  8.40794e+06
35  50  9.32993e+06
36  0  7.39771e+06
36  1  8.73542e+06
36  2  1.08705e+07
36  3  3.66401e+06
36  4  1.07948e+07
36  5  1.38985e+07
36  6  7.58301e+06
36  7  1.10336e+07
36  8  1.21864e+06
36  9  8.30495e+06
36  10  3.7501e+06
36  11  5.87103e+06
36  12  9.69402e+06
36  13  8.99978e+06
36  14  8.01932e+06
36  15  6.92902e+06
36  16  8.04194e+06
36  17  3.17385e+06
36  18  3.48582e+06
36  19  8.25401e+06
36  20  5.79303e+06
36  21  7.28753e+06
36  22  1.10408e+07
36  23  4.85431e+06
36  24  6.64733e+06
36  25  5.89518e+06
36  26  7.70993e+06
36  27  5.79378e+06
36  28  8.23547e+06
36  29  6.27386e+06
36  30  9.07968e+06
36  31  7.804e+06
36  32  6.75054e+06
36  33  8.03325e+06
36  34  7.97673e+06
36  35  8.32754e+06
36  36  2.70111e+06
36  37  6.67373e+06
36  38  5.87037e+06
36  39  3.57916e+06
36  40  6.6532e+06
36  41  8.09352e+06
36  42  9.15761e+06
36  43  5.52362e+06
36  44  6.67684e+06
36  45  5.03634e+06
36  46  8.08891e+06
36  47  9.86875e+06
36  48  8.00897e+06
36  49  1.17898e+06
36  50  7.14664e+06
37  0  4.31077e+06
37  1  1.25477e+07
37  2  8.74392e+06
37  3  9.0398e+06
37  4  7.72459e+06
37  5  7.39768e+06
37  6  1.18602e+07
37  7  4.96545e+06
37  8  7.55957e+06
37  9  5.0225e+06
37  10  1.19474e+07
37  11  8.89135e+06
37  12  4.92288e+06
37  13  8.67423e+06
37  14  1.04765e+07
37  15  7.36923e+06
37  16  8.99995e+06
37  17  7.35121e+06
37  18  6.91818e+06
37  19  8.42082e+06
37  20  7.1589e+06
37  21  1.37251e+07
37  22  9.60617e+06
37  23  7.39107e+06
37  24  6.56721e+06
37  25  5.4183e+06
37  26  8.56092e+06
37  27  5.56579e+06
37  28  4.77157e+06
37  29  4.55205e+06
37  30  5.3223e+06
37  31  6.86218e+06
37  32  8.97621e+06
37  33  6.26836e+06
37  34  7.27075e+06
37  35  4.36707e+06
37  36  6.44026e+06
37  37  5.16727e+06
37  38  4.49617e+06
37  39  3.95926e+06
37  40  1.63624e+06
37  41  4.80337e+06
37  42  5.78598e+06
37  43  5.89797e+06
37  44  4.49567e+06
37  45  8.91675e+06
37  46  9.46154e+06
37  47  5.87786e+06
37  48  1.18497e+07
37  49  4.36764e+06
37  50  5.07419e+06
38  0  8.34006e+06
38  1  6.56389e+06
38  2  1.06441e+07
38  3  6.0945e+06
38  4  4.73762e+06
38  5  6.24261e+06
38  6  1.21669e+07
38  7  6.3535e+06
38  8  1.08657e+07
38  9  8.76731e+06
38  10  6.53458e+06
38  11  1.01588e+07
38  12  2.79641e+06
38  13  7.15857e+06
38  14  1.01628e+07
38  15  9.78822e+06
38  16  8.64019e+06
38  17  4.20563e+06
38  18  9.65149e+06
38  19  5.18371e+06
38  20  1.00036e+07
38  21  9.02194e+06
38  22  8.65645e+06
38  23  1.08178e+07
38  24  5.93938e+06
38  25  7.94348e+06
38  26  6.48627e+06
38  27  8.62309e+06
38  28  6.63831e+06
38  29  9.38099e+06
38  30  6.1235e+06
38  31  5.5908e+06
38  32  9.50208e+06
38  33  4.05157e+06
38  34  7.44075e+06
38  35  2.09781e+06
38  36  1.13645e+06
38  37  6.38282e+06
38  38  2.73242e+06
38  39  4.49686e+06
38  40  5.65806e+06
38  41  4.6004e+06
38  42  0
38  43  7.06036e+06
38  44  3.17004e+06
38  45  4.98165e+06
38  46  7.91094e+06
38  47  1.34006e+07
38  48  3.52816e+06
38  49  5.51293e+06
38  50  8.17125e+06
39  0  5.71948e+06
39  1  1.13623e+07
39  2  8.38638e+06
39  3  1.01715e+07
39  4  1.16777e+07
39  5  8.89902e+06
39  6  1.17978e+07
39  7  8.08735e+06
39  8  7.05696e+06
39  9  3.79845e+06
39  10  8.16166e+06
39  11  8.75414e+06
39  12  7.02731e+06
39  13  9.97754e+06
39  14  9.96383e+06
39  15  4.7756e+06
39  16  8.63034e+06
39  17  6.70552e+06
39  18  5.63551e+06
39  19  6.29727e+06
39  20  6.80849e+06
39  21  8.99327e+06
39  22  6.72996e+06
39  23  2.65075e+06
39  24  8.95236e+06
39  25  7.30538e+06
39  26  1.02891e+07
39  27  5.98294e+06
39  28  6.55325e+06
39  29  9.17352e+06
39  30  6.99693e+06
39  31  4.83827e+06
39  32  3.76271e+06
39  33  1.07162e+07
39  34  7.09003e+06
39  35  7.38368e+06
39  36  6.17204e+06
39  37  3.38459e+06
39  38  6.55983e+06
39  39  6.70373e+06
39  40  7.26253e+06
39  41  8.26944e+06
39  42  9.84856e+06
39  43  5.62824e+06
39  44  7.06708e+06
39  45  5.51044e+06
39  46  7.52809e+06
39  47  5.2669e+06
39  48  9.84506e+06
39  49  6.88151e+06
39  50  1.16286e+07
40  0  5.34393e+06
40  1  5.06469e+06
40  2  4.30212e+06
40  3  7.58727e+06
40  4  9.85735e+06
40  5  5.22699e+06
40  6  2.79967e+06
40  7  5.13848e+06
40  8  3.94404e+06
40  9  8.88685e+06
40  10  8.86399e+06
40  11  4.09714e+06
40  12  9.97159e+06
40  13  4.91659e+06
40  14  1.11492e+07
40  15  4.67853e+06
40  16  6.91907e+06
40  17  5.04016e+06
40  18  8.83486e+06
40  19  8.99295e+06
40  20  7.09392e+06
40  21  8.10382e+06
40  22  2.42326e+06
40  23  2.50737e+06
40  24  6.13862e+06
40  25  4.54276e+06
40  26  4.89863e+06
40  27  7.53253e+06
40  28  5.30454e+06
40  29  3.42921e+06
40  30  4.35017e+06
40  31  6.45811e+06
40  32  6.30723e+06
40  33  6.64111e+06
40  34  4.67027e+06
40  35  4.83233e+06
40  36  3.05861e+06
40  37  6.65934e+06
40  38  3.34293e+06
40  39  2.33811e+06
40  40  4.14746e+06
40  41  5.88252e+06
40  42  7.82731e+06
40  43  4.30209e+06
40  44  1.24277e+07
40  45  4.87197e+06
40  46  7.17781e+06
40  47  2.97139e+06
40  48  7.42637e+06
40  49  7.59733e+06
40  50  8.55718e+06
41  0  9.19013e+06
41  1  8.60347e+06
41  2  5.43385e+06
41  3  8.19839e+06
41  4  2.80502e+06
41  5  7.92544e+06
41  6  7.51961e+06
41  7  3.65809e+06
41  8  7.14884e+06
41  9  1.00508e+07
41  10  4.46784e+06
41  11  8.05355e+06
41  12  1.07584e+06
41  13  7.81795e+06
41  14  3.18179e+06
41  15  9.28939e+06
41  16  5.5476e+06
41  17  5.32889e+06
41  18  3.89028e+06
41  19  6.58011e+06
41  20  9.55114e+06
41  21  4.19624e+06
41  22  7.96264e+06
41  23  6.76791e+06
41  24  5.3822e+06
41  25  3.36037e+06
41  26  7.02931e+06
41  27  3.13394e+06
41  28  5.939e+06
41  29  3.63257e+06
41  30  2.8717e+06
41  31  7.75908e+06
41  32  6.78516e+06
41  33  1.08502e+07
41  34  9.06216e+06
41  35  2.81825e+06
41  36  4.70287e+06
41  37  7.29391e+06
41  38  5.28635e+06
41  39  3.61047e+06
41  40  6.36292e+06
41  41  8.7888e+06
41  42  5.55774e+06
41  43  9.6247e+06
41  44  6.93036e+06
41  45  8.05138e+06
41  46  1.04218e+07
41  47  5.16053e+06
41  48  9.18561e+06
41  49  7.6945e+06
41  50  7.10663e+06
42  0  2.83006e+06
42  1  5.8541e+06
42  2  7.05232e+06
42  3  6.21433e+06
42  4  6.53777e+06
42  5  6.12879e+06
42  6  6.62102e+06
42  7  5.09915e+06
42  8  4.63914e+06
42  9  8.8058e+06
42  10  4.28161e+06
42  11  4.71362e+06
42  12  7.64341e+06
42  13  4.76904e+06
42  14  8.4523e+06
42  15  1.02636e+07
42  16  9.78234e+06
42  17  9.02073e+06
42  18  1.04079e+07
42  19  5.8308e+06
42  20  719828
42  21  1.09887e+07
42  22  9.4972e+06
42  23  5.48524e+06
42  24  3.46909e+06
42  25  5.79361e+06
42  26  6.03629e+06
42  27  2.26588e+06
42  28  6.6771e+06
42  29  4.30569e+06
42  30  5.23158e+06
42  31  9.18879e+06
42  32  5.24317e+06
42  33  4.74083e+06
42  34  8.87625e+06
42  35  3.71192e+06
42  36  4.85434e+06
42  37  1.71981e+06
42  38  2.97068e+06
42  39  4.56252e+06
42  40  4.04639e+06
42  41  4.75307e+06
42  42  4.07177e+06
42  43  5.31432e+06
42  44  5.68604e+06
42  45  5.88971e+06
42  46  8.16432e+06
42  47  1.00436e+07
42  48  6.25128e+06
42  49  6.67158e+06
42  50  2.38081e+06
43  0  6.03406e+06
43  1  5.89935e+06
43  2  7.6074e+06
43  3  1.10711e+07
43  4  5.47698e+06
43  5  8.05874e+06
43  6  7.01033e+06
43  7  6.77086e+06
43  8  8.90058e+06
43  9  6.76557e+06
43  10  1.19136e+07
43  11  4.89417e+06
43  12  4.64422e+06
43  13  7.0728e+06
43  14  6.30687e+06
43  15  6.0648e+06
43  16  3.97379e+06
43  17  6.19109e+06
43  18  7.07156e+06
43  19  3.79997e+06
43  20  4.78719e+06
43  21  9.12727e+06
43  22  4.80499e+06
43  23  4.20754e+06
43  24  4.56655e+06
43  25  5.95254e+06
43  26  7.37478e+06
43  27  5.42629e+06
43  28  8.86396e+06
43  29  2.46152e+06
43  30  8.68161e+06
43  31  7.33071e+06
43  32  7.50538e+06
43  33  5.00595e+06
43  34  1.72067e+06
43  35  3.41925e+06
43  36  3.92575e+06
43  37  3.79396e+06
43  38  9.54021e+06
43  39  4.90756e+06
43  40  5.76885e+06
43  41  5.89742e+06
43  42  7.65146e+06
43  43  4.17335e+06
43  44  6.45804e+06
43  45  4.67682e+06
43  46  1.11541e+07
43  47  5.69827e+06
43  48  8.64458e+06
43  49  1.2325e+07
43  50  1.17474e+07
44  0  2.48502e+06
44  1  2.9714e+06
44  2  8.35632e+06
44  3  1.13421e+07
44  4  8.09999e+06
44  5  3.54423e+06
44  6  6.73673e+06
44  7  7.20314e+06
44  8  1.03936e+07
44  9  8.05312e+06
44  10  4.90148e+06
44  11  6.36717e+06
44  12  4.38824e+06
44  13  5.68467e+06
44  14  3.50197e+06
44  15  1.13743e+07
44  16  1.11688e+07
44  17  4.86968e+06
44  18  5.17733e+06
44  19  7.13633e+06
44  20  6.22224e+06
44  21  3.45454e+06
44  22  9.92927e+06
44  23  7.8729e+06
44  24  3.54989e+06
44  25  5.25382e+06
44  26  8.76481e+06
44  27  8.42831e+06
44  28  5.12425e+06
44  29  5.69566e+06
44  30  7.07479e+06
44  31  4.75789e+06
44  32  6.58316e+06
44  33  1.08224e+07
44  34  953818
44  35  4.32473e+06
44  36  7.02062e+06
44  37  3.396e+06
44  38  3.1051e+06
44  39  6.19338e+06
44  40  8.33457e+06
44  41  1.89454e+06
44  42  5.09523e+06
44  43  6.85368e+06
44  44  5.41113e+06
44  45  6.20275e+06
44  46  7.67726e+06
44  47  1.13222e+07
44  48  5.67603e+06
44  49  1.5966e+07
44  50  1.0263e+07
45  0  3.62325e+06
45  1  2.38286e+06
45  2  6.76531e+06
45  3  7.34691e+06
45  4  5.89699e+06
45  5  3.18734e+06
45  6  5.17303e+06
45  7  1.00091e+07
45  8  2.87036e+06
45  9  4.82846e+06
45  10  9.03684e+06
45  11  2.58766e+06
45  12  2.01833e+06
45  13  6.57959e+06
45  14  5.41842e+06
45  15  6.47031e+06
45  16  6.9074e+06
45  17  4.94388e+06
45  18  3.57885e+06
45  19  3.75166e+06
45  20  7.1992e+06
45  21  6.24496e+06
45  22  7.05514e+06
45  23  6.56996e+06
45  24  5.34048e+06
45  25  6.86821e+06
45  26  7.63098e+06
45  27  5.22175e+06
45  28  1.08279e+07
45  29  9.5713e+06
45  30  7.71739e+06
45  31  4.42722e+06
45  32  8.62606e+06
45  33  3.31835e+06
45  34  5.35068e+06
45  35  8.04821e+06
45  36  5.47667e+06
45  37  3.94065e+06
45  38  2.21132e+06
45  39  3.11357e+06
45  40  7.99314e+06
45  41  2.49923e+06
45  42  7.30944e+06
45  43  7.99689e+06
45  44  3.28844e+06
45  45  6.5087e+06
45  46  1.61617e+07
45  47  6.78524e+06
45  48  6.23672e+06
45  49  5.9381e+06
45  50  7.15564e+06
46  0  2.48315e+06
46  1  7.71173e+06
46  2  4.46259e+06
46  3  7.40193e+06
46  4  3.97512e+06
46  5  7.44389e+06
46  6  4.9275e+06
46  7  6.11481e+06
46  8  7.50821e+06
46  9  2.47916e+06
46  10  4.51394e+06
46  11  7.12084e+06
46  12  8.89522e+06
46  13  4.61174e+06
46  14  5.13754e+06
46  15  4.69139e+06
46  16  3.68049e+06
46  17  8.11337e+06
46  18  7.67108e+06
46  19  5.87961e+06
46  20  8.91245e+06
46  21  7.0447e+06
46  22  5.47585e+06
46  23  2.88546e+06
46  24  5.45935e+06
46  25  6.63236e+06
46  26  4.93742e+06
46  27  5.91289e+06
46  28  6.20755e+06
46  29  3.20945e+06
46  30  6.53076e+06
46  31  7.49859e+06
46  32  8.73514e+06
46  33  6.73861e+06
46  34  6.21976e+06
46  35  3.57482e+06
46  36  2.32608e+06
46  37  6.91949e+06
46  38  4.30716e+06
46  39  4.125e+06
46  40  9.08439e+06
46  41  0
46  42  2.97698e+06
46  43  6.36225e+06
46  44  2.59921e+06
46  45  2.13616e+06
46  46  8.93231e+06
46  47  5.13794e+06
46  48  7.29544e+06
46  49  4.42772e+06
46  50  1.04269e+07
47  0  2.02141e+06
47  1  3.48667e+06
47  2  5.01603e+06
47  3  7.67772e+06
47  4  1.16476e+07
47  5  4.5456e+06
47  6  6.43159e+06
47  7  4.27512e+06
47  8  7.01316e+06
47  9  8.48893e+06
47  10  5.63715e+06
47  11  6.18238e+06
47  12  5.27865e+06
47  13  3.68208e+06
47  14  8.43211e+06
47  15  7.7603e+06
47  16  5.45548e+06
47  17  5.02958e+06
47  18  6.2271e+06
47  19  8.59621e+06
47  20  5.69714e+06
47  21  8.30055e+06
47  22  5.48047e+06
47  23  1.07009e+07
47  24  4.18159e+06
47  25  6.93005e+06
47  26  4.67209e+06
47  27  5.44728e+06
47  28  7.7068e+06
47  29  6.35483e+06
47  30  4.97882e+06
47  31  6.52797e+06
47  32  3.99176e+06
47  33  6.08539e+06
47  34  4.65234e+06
47  35  3.02365e+06
47  36  4.77385e+06
47  37  2.66714e+06
47  38  5.39644e+06
47  39  6.33249e+06
47  40  5.55275e+06
47  41  4.71177e+06
47  42  2.67051e+06
47  43  1.13739e+07
47  44  6.52422e+06
47  45  7.97623e+06
47  46  6.48878e+06
47  47  1.06351e+07
47  48  1.03222e+07
47  49  4.80551e+06
47  50  8.36335e+06
48  0  0
48  1  6.03468e+06
48  2  3.46937e+06
48  3  8.69527e+06
48  4  7.56853e+06
48  5  5.68557e+06
48  6  3.96008e+06
48  7  4.50147e+06
48  8  8.51141e+06
48  9  4.54275e+06
48  10  3.72798e+06
48  11  3.52847e+06
48  12  5.38599e+06
48  13  4.80513e+06
48  14  8.80425e+06
48  15  4.03345e+06
48  16  7.43099e+06
48  17  5.41496e+06
48  18  4.33068e+06
48  19  7.55392e+06
48  20  4.90625e+06
48  21  4.18491e+06
48  22  4.40634e+06
48  23  5.65041e+06
48  24  4.11892e+06
48  25  4.89591e+06
48  26  5.70818e+06
48  27  6.62454e+06
48  28  3.90542e+06
48  29  6.66263e+06
48  30  5.82533e+06
48  31  3.19037e+06
48  32  5.85053e+06
48  33  4.15041e+06
48  34  4.59437e+06
48  35  7.2869e+06
48  36  4.97973e+06
48  37  3.24319e+06
48  38  3.93455e+06
48  39  3.99091e+06
48  40  6.23638e+06
48  41  4.53175e+06
48  42  6.60461e+06
48  43  4.65413e+06
48  44  6.15156e+06
48  45  1.00276e+07
48  46  1.11773e+07
48  47  8.71922e+06
48  48  7.59222e+06
48  49  7.11448e+06
48  50  1.31199e+07
49  0  6.95692e+06
49  1  2.7982e+06
49  2  4.72302e+06
49  3  8.07346e+06
49  4  7.01999e+06
49  5  5.75197e+06
49  6  3.64851e+06
49  7  9.31156e+06
49  8  2.65582e+06
49  9  7.55128e+06
49  10  5.05033e+06
49  11  5.32053e+06
49  12  6.58729e+06
49  13  6.18341e+06
49  14  1.01561e+07
49  15  4.65851e+06
49  16  3.79261e+06
49  17  5.51992e+06
49  18  6.38421e+06
49  19  4.95049e+06
49  20  4.83444e+06
49  21  7.76275e+06
49  22  4.45515e+06
49  23  4.43401e+06
49  24  4.30041e+06
49  25  4.38557e+06
49  26  8.17005e+06
49  27  5.06995e+06
49  28  7.63258e+06
49  29  5.28089e+06
49  30  9.42011e+06
49  31  3.08892e+06
49  32  0
49  33  5.43189e+06
49  34  4.63534e+06
49  35  5.33514e+06
49  36  4.72853e+06
49  37  9.65388e+06
49  38  5.84412e+06
49  39  7.99872e+06
49  40  3.53484e+06
49  41  4.58332e+06
49  42  1.64557e+06
49  43  3.21365e+06
49  44  7.20005e+06
49  45  3.27591e+06
49  46  5.72753e+06
49  47  5.65408e+06
49  48  6.89431e+06
49  49  8.5914e+06
49  50  9.49917e+06
50  0  3.29912e+06
50  1  6.3005e+06
50  2  6.50034e+06
50  3  6.18609e+06
50  4  3.76911e+06
50  5  5.81621e+06
50  6  4.49839e+06
50  7  7.27141e+06
50  8  8.16669e+06
50  9  5.26861e+06
50  10  1.0407e+07
50  11  4.29864e+06
50  12  5.72701e+06
50  13  4.35063e+06
50  14  5.66083e+06
50  15  5.28735e+06
50  16  7.44665e+06
50  17  2.93687e+06
50  18  3.11974e+06
50  19  3.76746e+06
50  20  5.45757e+06
50  21  2.93637e+06
50  22  1.22871e+06
50  23  0
50  24  4.93524e+06
50  25  2.12194e+06
50  26  6.60009e+06
50  27  6.32078e+06
50  28  8.20138e+06
50  29  7.14425e+06
50  30  6.36518e+06
50  31  5.70066e+06
50  32  6.49687e+06
50  33  5.95788e+06
50  34  6.54574e+06
50  35  5.22512e+06
50  36  7.828e+06
50  37  3.1676e+06
50  38  2.02436e+06
50  39  0
50  40  3.34813e+06
50  41  5.62513e+06
50  42  6.7263e+06
50  43  7.18457e+06
50  44  7.21687e+06
50  45  4.95205e+06
50  46  8.78214e+06
50  47  5.72955e+06
50  48  9.896e+06
50  49  7.12091e+06
50  50  8.17607e+06

