row  column  (images_37.edf Ca-K*images_37.edf Ar-K**2.3)
0  0  2.90366e+08
0  1  3.67009e+08
0  2  4.6471e+08
0  3  6.86885e+08
0  4  7.76239e+08
0  5  8.71902e+08
0  6  1.08684e+09
0  7  8.62378e+08
0  8  8.04943e+08
0  9  8.93258e+08
0  10  9.72189e+08
0  11  9.83714e+08
0  12  9.17523e+08
0  13  9.33166e+08
0  14  8.38732e+08
0  15  9.24085e+08
0  16  8.74723e+08
0  17  8.92072e+08
0  18  8.50162e+08
0  19  1.02196e+09
0  20  9.30345e+08
0  21  9.61479e+08
0  22  8.52795e+08
0  23  7.87432e+08
0  24  7.78283e+08
0  25  7.93559e+08
0  26  8.31835e+08
0  27  7.7422e+08
0  28  9.27515e+08
0  29  7.37283e+08
0  30  6.40931e+08
0  31  5.76471e+08
0  32  5.30314e+08
0  33  3.96694e+08
0  34  2.73006e+08
0  35  2.35247e+08
0  36  3.20907e+08
0  37  2.59486e+08
0  38  2.35307e+08
0  39  2.66054e+08
0  40  2.90009e+08
0  41  2.40877e+08
0  42  1.66485e+08
0  43  1.2326e+08
0  44  7.38247e+07
0  45  7.42757e+07
0  46  5.93828e+07
0  47  5.68968e+07
0  48  5.31152e+07
0  49  6.52152e+07
0  50  1.07341e+08
1  0  3.69818e+08
1  1  4.77532e+08
1  2  6.01109e+08
1  3  8.40312e+08
1  4  9.16392e+08
1  5  9.00396e+08
1  6  9.28982e+08
1  7  8.71799e+08
1  8  8.48637e+08
1  9  9.55925e+08
1  10  1.03998e+09
1  11  9.99989e+08
1  12  9.41971e+08
1  13  9.67188e+08
1  14  9.07688e+08
1  15  9.67858e+08
1  16  8.84528e+08
1  17  9.12379e+08
1  18  8.80582e+08
1  19  8.63457e+08
1  20  8.95626e+08
1  21  8.54154e+08
1  22  7.70854e+08
1  23  8.01272e+08
1  24  8.38907e+08
1  25  8.5451e+08
1  26  8.31741e+08
1  27  8.29374e+08
1  28  8.05654e+08
1  29  6.56564e+08
1  30  6.49725e+08
1  31  6.09843e+08
1  32  4.28519e+08
1  33  3.28515e+08
1  34  2.47077e+08
1  35  2.72742e+08
1  36  3.00122e+08
1  37  2.72471e+08
1  38  2.5236e+08
1  39  2.35043e+08
1  40  2.62539e+08
1  41  1.8889e+08
1  42  1.69792e+08
1  43  1.46474e+08
1  44  8.69834e+07
1  45  6.48522e+07
1  46  6.61717e+07
1  47  4.99964e+07
1  48  5.97214e+07
1  49  6.09185e+07
1  50  1.59e+08
2  0  3.84631e+08
2  1  5.09501e+08
2  2  7.32798e+08
2  3  8.96988e+08
2  4  1.0176e+09
2  5  8.90314e+08
2  6  8.56408e+08
2  7  8.10847e+08
2  8  9.62386e+08
2  9  1.00485e+09
2  10  9.86321e+08
2  11  1.05195e+09
2  12  9.20685e+08
2  13  8.8727e+08
2  14  9.07926e+08
2  15  8.89427e+08
2  16  8.43495e+08
2  17  9.53918e+08
2  18  9.07064e+08
2  19  9.1763e+08
2  20  8.75551e+08
2  21  9.25749e+08
2  22  7.91765e+08
2  23  7.71565e+08
2  24  7.96901e+08
2  25  7.86162e+08
2  26  8.16765e+08
2  27  8.30878e+08
2  28  7.52816e+08
2  29  7.16759e+08
2  30  6.16923e+08
2  31  5.8329e+08
2  32  4.12715e+08
2  33  3.24019e+08
2  34  2.43589e+08
2  35  2.32348e+08
2  36  3.62061e+08
2  37  2.76039e+08
2  38  2.86588e+08
2  39  2.6324e+08
2  40  2.70273e+08
2  41  2.48143e+08
2  42  1.92534e+08
2  43  1.41709e+08
2  44  8.46561e+07
2  45  7.40473e+07
2  46  5.95986e+07
2  47  6.19994e+07
2  48  6.48209e+07
2  49  5.39111e+07
2  50  1.11384e+08
3  0  4.18297e+08
3  1  6.28039e+08
3  2  7.81536e+08
3  3  8.90748e+08
3  4  8.37044e+08
3  5  8.39787e+08
3  6  8.01126e+08
3  7  8.23391e+08
3  8  8.19262e+08
3  9  1.00699e+09
3  10  9.22851e+08
3  11  9.29822e+08
3  12  8.90253e+08
3  13  8.81965e+08
3  14  8.98446e+08
3  15  9.57308e+08
3  16  9.25993e+08
3  17  9.11305e+08
3  18  8.65379e+08
3  19  8.37725e+08
3  20  8.08169e+08
3  21  7.82841e+08
3  22  8.16913e+08
3  23  8.47707e+08
3  24  7.98798e+08
3  25  8.18048e+08
3  26  7.63087e+08
3  27  7.86972e+08
3  28  6.7593e+08
3  29  6.62976e+08
3  30  5.96148e+08
3  31  5.06414e+08
3  32  4.47597e+08
3  33  2.75383e+08
3  34  2.35868e+08
3  35  2.73945e+08
3  36  3.53107e+08
3  37  3.08069e+08
3  38  3.01358e+08
3  39  2.9285e+08
3  40  3.0014e+08
3  41  2.5674e+08
3  42  1.95953e+08
3  43  1.29361e+08
3  44  9.11945e+07
3  45  8.45114e+07
3  46  7.217e+07
3  47  6.38325e+07
3  48  5.34447e+07
3  49  5.94832e+07
3  50  9.1542e+07
4  0  4.84088e+08
4  1  6.958e+08
4  2  8.29478e+08
4  3  9.46394e+08
4  4  8.8243e+08
4  5  7.81555e+08
4  6  7.82046e+08
4  7  8.56176e+08
4  8  8.80695e+08
4  9  8.36363e+08
4  10  8.8227e+08
4  11  7.89156e+08
4  12  8.1249e+08
4  13  8.73343e+08
4  14  9.05862e+08
4  15  9.78145e+08
4  16  9.34666e+08
4  17  9.4701e+08
4  18  8.52016e+08
4  19  8.28244e+08
4  20  7.7482e+08
4  21  7.89251e+08
4  22  7.2859e+08
4  23  7.88584e+08
4  24  8.22403e+08
4  25  7.87279e+08
4  26  8.39275e+08
4  27  8.34274e+08
4  28  5.87715e+08
4  29  5.47616e+08
4  30  4.9864e+08
4  31  4.73488e+08
4  32  3.64195e+08
4  33  3.13119e+08
4  34  2.42578e+08
4  35  2.78598e+08
4  36  3.10875e+08
4  37  3.00986e+08
4  38  2.85838e+08
4  39  2.74946e+08
4  40  2.8276e+08
4  41  2.49293e+08
4  42  1.9997e+08
4  43  1.86305e+08
4  44  1.15895e+08
4  45  9.85809e+07
4  46  7.6576e+07
4  47  6.02899e+07
4  48  6.26303e+07
4  49  5.86046e+07
4  50  8.03564e+07
5  0  6.38631e+08
5  1  7.78751e+08
5  2  9.5376e+08
5  3  1.03897e+09
5  4  8.86274e+08
5  5  7.72381e+08
5  6  7.89218e+08
5  7  8.33647e+08
5  8  8.33309e+08
5  9  9.14955e+08
5  10  8.9503e+08
5  11  8.38735e+08
5  12  7.75588e+08
5  13  8.49515e+08
5  14  8.8182e+08
5  15  9.11818e+08
5  16  9.44409e+08
5  17  8.72102e+08
5  18  8.78419e+08
5  19  8.09146e+08
5  20  8.48146e+08
5  21  7.65911e+08
5  22  7.8228e+08
5  23  7.97085e+08
5  24  7.38365e+08
5  25  8.93078e+08
5  26  7.68091e+08
5  27  6.97401e+08
5  28  5.68123e+08
5  29  4.94197e+08
5  30  4.43851e+08
5  31  4.34514e+08
5  32  3.81737e+08
5  33  2.92278e+08
5  34  2.72847e+08
5  35  2.67828e+08
5  36  3.38563e+08
5  37  3.29627e+08
5  38  3.05379e+08
5  39  2.88384e+08
5  40  3.25784e+08
5  41  3.05713e+08
5  42  2.3709e+08
5  43  1.77241e+08
5  44  1.37383e+08
5  45  1.0434e+08
5  46  8.9372e+07
5  47  6.14611e+07
5  48  5.43112e+07
5  49  6.02692e+07
5  50  7.91295e+07
6  0  6.60767e+08
6  1  8.54412e+08
6  2  9.6404e+08
6  3  1.02477e+09
6  4  7.91282e+08
6  5  7.28778e+08
6  6  7.01141e+08
6  7  7.79689e+08
6  8  8.85338e+08
6  9  9.33835e+08
6  10  8.79677e+08
6  11  8.28305e+08
6  12  8.5556e+08
6  13  7.97146e+08
6  14  8.5127e+08
6  15  9.075e+08
6  16  9.12458e+08
6  17  9.21352e+08
6  18  7.99478e+08
6  19  7.79318e+08
6  20  7.26995e+08
6  21  7.03028e+08
6  22  7.83558e+08
6  23  8.34336e+08
6  24  9.14202e+08
6  25  8.58474e+08
6  26  8.76496e+08
6  27  6.90195e+08
6  28  6.03427e+08
6  29  4.56783e+08
6  30  4.86587e+08
6  31  4.8571e+08
6  32  3.99504e+08
6  33  3.47599e+08
6  34  2.8303e+08
6  35  3.20249e+08
6  36  3.49729e+08
6  37  3.37695e+08
6  38  2.95533e+08
6  39  3.11262e+08
6  40  3.22044e+08
6  41  3.09218e+08
6  42  2.32826e+08
6  43  1.99183e+08
6  44  1.43876e+08
6  45  1.22391e+08
6  46  9.90542e+07
6  47  8.68626e+07
6  48  5.42897e+07
6  49  5.9442e+07
6  50  7.45719e+07
7  0  7.94681e+08
7  1  8.64574e+08
7  2  1.02517e+09
7  3  9.16705e+08
7  4  7.45657e+08
7  5  7.83477e+08
7  6  8.16312e+08
7  7  8.02799e+08
7  8  8.13895e+08
7  9  7.82583e+08
7  10  8.64751e+08
7  11  8.36012e+08
7  12  7.70487e+08
7  13  8.44382e+08
7  14  7.60311e+08
7  15  8.24045e+08
7  16  8.52924e+08
7  17  8.83878e+08
7  18  7.68412e+08
7  19  7.81165e+08
7  20  7.87532e+08
7  21  8.10026e+08
7  22  8.45948e+08
7  23  8.64909e+08
7  24  8.79218e+08
7  25  8.28229e+08
7  26  9.15371e+08
7  27  7.07367e+08
7  28  5.78453e+08
7  29  4.50529e+08
7  30  5.36883e+08
7  31  4.91265e+08
7  32  4.29669e+08
7  33  4.43322e+08
7  34  3.30928e+08
7  35  3.38531e+08
7  36  3.21606e+08
7  37  3.334e+08
7  38  3.14107e+08
7  39  3.27261e+08
7  40  3.27336e+08
7  41  3.08253e+08
7  42  2.34723e+08
7  43  1.97642e+08
7  44  1.50491e+08
7  45  1.35077e+08
7  46  1.27403e+08
7  47  8.60988e+07
7  48  6.42232e+07
7  49  6.59448e+07
7  50  6.98607e+07
8  0  8.37604e+08
8  1  9.07216e+08
8  2  9.05141e+08
8  3  8.80374e+08
8  4  7.7401e+08
8  5  6.76283e+08
8  6  7.22669e+08
8  7  7.3703e+08
8  8  7.70203e+08
8  9  7.72689e+08
8  10  7.95568e+08
8  11  7.72346e+08
8  12  8.01953e+08
8  13  7.35958e+08
8  14  8.68507e+08
8  15  7.6415e+08
8  16  7.9821e+08
8  17  7.03398e+08
8  18  7.60083e+08
8  19  7.421e+08
8  20  8.50536e+08
8  21  8.65203e+08
8  22  8.59729e+08
8  23  8.33233e+08
8  24  8.44553e+08
8  25  9.00093e+08
8  26  9.00752e+08
8  27  6.76344e+08
8  28  5.79157e+08
8  29  4.88715e+08
8  30  5.44005e+08
8  31  5.48392e+08
8  32  4.88507e+08
8  33  4.16573e+08
8  34  4.07557e+08
8  35  3.75813e+08
8  36  3.85591e+08
8  37  3.47146e+08
8  38  3.45603e+08
8  39  3.50633e+08
8  40  3.10475e+08
8  41  3.16974e+08
8  42  2.51289e+08
8  43  2.13373e+08
8  44  1.92668e+08
8  45  1.86637e+08
8  46  1.62198e+08
8  47  1.07065e+08
8  48  6.78806e+07
8  49  5.89364e+07
8  50  6.32402e+07
9  0  8.68224e+08
9  1  8.77015e+08
9  2  8.49348e+08
9  3  8.77134e+08
9  4  7.08251e+08
9  5  7.66331e+08
9  6  7.89204e+08
9  7  7.07365e+08
9  8  7.43092e+08
9  9  7.27356e+08
9  10  7.43922e+08
9  11  7.62196e+08
9  12  7.33394e+08
9  13  8.02271e+08
9  14  7.73705e+08
9  15  8.45867e+08
9  16  7.77733e+08
9  17  7.55935e+08
9  18  8.06926e+08
9  19  8.32036e+08
9  20  8.07504e+08
9  21  8.58573e+08
9  22  7.85963e+08
9  23  8.50134e+08
9  24  9.01734e+08
9  25  9.80306e+08
9  26  8.08602e+08
9  27  6.79457e+08
9  28  5.07566e+08
9  29  4.84882e+08
9  30  5.57218e+08
9  31  6.31428e+08
9  32  5.82758e+08
9  33  5.104e+08
9  34  4.04275e+08
9  35  4.02617e+08
9  36  4.271e+08
9  37  4.07962e+08
9  38  3.49098e+08
9  39  3.45473e+08
9  40  2.86048e+08
9  41  3.09536e+08
9  42  2.49005e+08
9  43  2.38908e+08
9  44  1.8945e+08
9  45  1.9583e+08
9  46  1.78639e+08
9  47  1.19753e+08
9  48  8.87481e+07
9  49  7.34562e+07
9  50  7.12499e+07
10  0  9.56199e+08
10  1  8.6053e+08
10  2  8.46313e+08
10  3  7.86359e+08
10  4  7.11696e+08
10  5  7.29342e+08
10  6  7.03504e+08
10  7  6.64977e+08
10  8  7.2418e+08
10  9  6.44273e+08
10  10  7.09148e+08
10  11  6.75326e+08
10  12  6.34379e+08
10  13  7.14105e+08
10  14  6.877e+08
10  15  8.77479e+08
10  16  7.18344e+08
10  17  7.53953e+08
10  18  8.13798e+08
10  19  8.23494e+08
10  20  8.71722e+08
10  21  8.50634e+08
10  22  8.40729e+08
10  23  8.40212e+08
10  24  8.51501e+08
10  25  9.06801e+08
10  26  7.33517e+08
10  27  5.84414e+08
10  28  5.07588e+08
10  29  5.12656e+08
10  30  7.02556e+08
10  31  7.34211e+08
10  32  6.65979e+08
10  33  5.7917e+08
10  34  5.22977e+08
10  35  4.42803e+08
10  36  4.85762e+08
10  37  4.33311e+08
10  38  3.81075e+08
10  39  3.56258e+08
10  40  3.17313e+08
10  41  3.65187e+08
10  42  2.44201e+08
10  43  2.31269e+08
10  44  2.19065e+08
10  45  2.08361e+08
10  46  2.40531e+08
10  47  1.33252e+08
10  48  9.32267e+07
10  49  8.64866e+07
10  50  8.67363e+07
11  0  8.95632e+08
11  1  8.57326e+08
11  2  8.48721e+08
11  3  7.96514e+08
11  4  7.98645e+08
11  5  7.57689e+08
11  6  7.42982e+08
11  7  6.53721e+08
11  8  6.20312e+08
11  9  6.35865e+08
11  10  7.06773e+08
11  11  6.02955e+08
11  12  5.96888e+08
11  13  6.84075e+08
11  14  6.7269e+08
11  15  8.15564e+08
11  16  7.64993e+08
11  17  7.71174e+08
11  18  8.16372e+08
11  19  8.37403e+08
11  20  8.50621e+08
11  21  8.41054e+08
11  22  8.84615e+08
11  23  8.75745e+08
11  24  8.77219e+08
11  25  8.22209e+08
11  26  7.16882e+08
11  27  5.76326e+08
11  28  5.17632e+08
11  29  5.50515e+08
11  30  8.04037e+08
11  31  7.91988e+08
11  32  7.07666e+08
11  33  6.48496e+08
11  34  5.70897e+08
11  35  5.20263e+08
11  36  5.03669e+08
11  37  5.17049e+08
11  38  4.03438e+08
11  39  3.7797e+08
11  40  3.44143e+08
11  41  3.43403e+08
11  42  2.76686e+08
11  43  2.82504e+08
11  44  2.74053e+08
11  45  2.60892e+08
11  46  2.30868e+08
11  47  1.56259e+08
11  48  8.83464e+07
11  49  8.95241e+07
11  50  7.99898e+07
12  0  8.0011e+08
12  1  7.97465e+08
12  2  8.63038e+08
12  3  8.24268e+08
12  4  7.17428e+08
12  5  7.45207e+08
12  6  6.91113e+08
12  7  7.09538e+08
12  8  5.9055e+08
12  9  5.98982e+08
12  10  5.62888e+08
12  11  5.38211e+08
12  12  5.60307e+08
12  13  7.39649e+08
12  14  7.29503e+08
12  15  7.68507e+08
12  16  8.19462e+08
12  17  8.50451e+08
12  18  8.8526e+08
12  19  9.09338e+08
12  20  8.73907e+08
12  21  8.34582e+08
12  22  7.6765e+08
12  23  8.18532e+08
12  24  8.76895e+08
12  25  8.09606e+08
12  26  6.2902e+08
12  27  5.39489e+08
12  28  5.35941e+08
12  29  5.84056e+08
12  30  8.10478e+08
12  31  8.60447e+08
12  32  8.58673e+08
12  33  7.66473e+08
12  34  6.21034e+08
12  35  6.40732e+08
12  36  5.95754e+08
12  37  5.24506e+08
12  38  4.5591e+08
12  39  4.62924e+08
12  40  3.87356e+08
12  41  3.48898e+08
12  42  2.906e+08
12  43  2.74662e+08
12  44  2.63304e+08
12  45  2.78991e+08
12  46  2.75447e+08
12  47  1.6419e+08
12  48  1.30175e+08
12  49  1.13776e+08
12  50  1.07987e+08
13  0  7.63631e+08
13  1  7.96443e+08
13  2  8.42876e+08
13  3  7.84394e+08
13  4  7.65457e+08
13  5  6.87448e+08
13  6  7.13966e+08
13  7  6.60658e+08
13  8  6.19007e+08
13  9  5.52477e+08
13  10  5.93041e+08
13  11  6.23547e+08
13  12  6.25131e+08
13  13  7.16799e+08
13  14  7.35244e+08
13  15  8.02133e+08
13  16  8.36393e+08
13  17  9.03902e+08
13  18  9.05118e+08
13  19  8.6585e+08
13  20  8.97703e+08
13  21  8.5891e+08
13  22  8.05914e+08
13  23  8.52367e+08
13  24  8.43104e+08
13  25  7.82004e+08
13  26  5.69224e+08
13  27  5.58536e+08
13  28  6.12296e+08
13  29  7.32517e+08
13  30  8.67352e+08
13  31  9.07001e+08
13  32  8.59669e+08
13  33  7.95041e+08
13  34  7.9689e+08
13  35  7.13468e+08
13  36  6.49335e+08
13  37  6.61478e+08
13  38  5.67107e+08
13  39  5.52728e+08
13  40  3.88662e+08
13  41  3.52126e+08
13  42  3.34116e+08
13  43  2.71745e+08
13  44  3.01469e+08
13  45  2.62153e+08
13  46  2.75699e+08
13  47  1.77171e+08
13  48  1.47352e+08
13  49  1.2943e+08
13  50  1.08916e+08
14  0  8.50176e+08
14  1  7.97113e+08
14  2  8.32928e+08
14  3  8.08869e+08
14  4  7.79515e+08
14  5  7.34012e+08
14  6  6.73614e+08
14  7  6.03355e+08
14  8  6.42695e+08
14  9  5.88993e+08
14  10  6.71536e+08
14  11  5.56829e+08
14  12  6.48659e+08
14  13  7.1658e+08
14  14  6.78717e+08
14  15  8.18855e+08
14  16  8.19176e+08
14  17  9.51659e+08
14  18  8.69186e+08
14  19  8.47113e+08
14  20  8.7632e+08
14  21  8.28451e+08
14  22  8.52712e+08
14  23  7.61118e+08
14  24  7.75657e+08
14  25  8.46703e+08
14  26  5.81084e+08
14  27  5.94209e+08
14  28  6.41965e+08
14  29  7.58998e+08
14  30  8.99498e+08
14  31  9.16189e+08
14  32  8.70632e+08
14  33  8.166e+08
14  34  8.24074e+08
14  35  7.25945e+08
14  36  7.53459e+08
14  37  7.14837e+08
14  38  6.36819e+08
14  39  6.12571e+08
14  40  4.92113e+08
14  41  3.60668e+08
14  42  3.6546e+08
14  43  3.12198e+08
14  44  2.82811e+08
14  45  2.97398e+08
14  46  3.47465e+08
14  47  2.1774e+08
14  48  1.6442e+08
14  49  1.60038e+08
14  50  1.23537e+08
15  0  7.95232e+08
15  1  7.30726e+08
15  2  8.1966e+08
15  3  8.07602e+08
15  4  7.07669e+08
15  5  6.82707e+08
15  6  6.27982e+08
15  7  6.09294e+08
15  8  6.81701e+08
15  9  6.20025e+08
15  10  6.81846e+08
15  11  6.86452e+08
15  12  7.11807e+08
15  13  8.15511e+08
15  14  8.05417e+08
15  15  8.799e+08
15  16  8.08859e+08
15  17  8.10556e+08
15  18  9.04448e+08
15  19  8.63581e+08
15  20  8.10964e+08
15  21  7.78379e+08
15  22  7.70816e+08
15  23  7.50743e+08
15  24  7.74051e+08
15  25  7.32545e+08
15  26  6.38909e+08
15  27  6.19115e+08
15  28  6.67004e+08
15  29  9.17192e+08
15  30  9.31102e+08
15  31  9.93473e+08
15  32  8.57001e+08
15  33  8.69905e+08
15  34  9.12777e+08
15  35  7.59971e+08
15  36  8.07944e+08
15  37  7.86999e+08
15  38  6.51922e+08
15  39  6.64391e+08
15  40  4.85107e+08
15  41  5.05942e+08
15  42  4.03482e+08
15  43  3.37855e+08
15  44  2.65264e+08
15  45  2.90726e+08
15  46  3.12621e+08
15  47  2.27265e+08
15  48  2.05542e+08
15  49  1.59531e+08
15  50  1.58689e+08
16  0  7.5738e+08
16  1  7.32751e+08
16  2  8.28073e+08
16  3  7.7924e+08
16  4  7.13317e+08
16  5  6.45958e+08
16  6  5.94102e+08
16  7  5.4878e+08
16  8  7.44667e+08
16  9  7.37777e+08
16  10  7.18144e+08
16  11  7.23999e+08
16  12  7.56185e+08
16  13  8.30835e+08
16  14  7.58065e+08
16  15  8.29798e+08
16  16  8.48036e+08
16  17  8.22139e+08
16  18  8.52682e+08
16  19  8.9989e+08
16  20  8.75516e+08
16  21  7.94902e+08
16  22  7.25622e+08
16  23  6.92985e+08
16  24  8.18675e+08
16  25  6.20858e+08
16  26  7.01902e+08
16  27  6.55779e+08
16  28  7.86867e+08
16  29  8.21864e+08
16  30  8.84464e+08
16  31  9.81473e+08
16  32  9.7581e+08
16  33  9.6151e+08
16  34  8.31509e+08
16  35  9.28005e+08
16  36  8.48251e+08
16  37  8.16341e+08
16  38  6.56137e+08
16  39  6.67887e+08
16  40  5.40022e+08
16  41  5.19627e+08
16  42  4.47254e+08
16  43  3.54663e+08
16  44  3.11996e+08
16  45  2.88888e+08
16  46  3.17351e+08
16  47  2.18171e+08
16  48  2.06236e+08
16  49  1.91189e+08
16  50  1.71276e+08
17  0  7.26054e+08
17  1  7.29536e+08
17  2  8.84792e+08
17  3  6.98156e+08
17  4  6.36952e+08
17  5  5.9911e+08
17  6  6.27485e+08
17  7  5.9041e+08
17  8  7.46046e+08
17  9  7.66104e+08
17  10  7.67114e+08
17  11  7.34721e+08
17  12  8.07862e+08
17  13  7.30924e+08
17  14  7.24466e+08
17  15  7.3552e+08
17  16  8.12075e+08
17  17  8.22965e+08
17  18  8.70752e+08
17  19  8.64068e+08
17  20  7.11352e+08
17  21  8.00896e+08
17  22  7.07868e+08
17  23  6.86809e+08
17  24  7.53104e+08
17  25  6.25376e+08
17  26  7.58102e+08
17  27  7.77047e+08
17  28  8.82598e+08
17  29  9.39307e+08
17  30  1.01063e+09
17  31  1.02751e+09
17  32  8.52368e+08
17  33  8.85493e+08
17  34  8.81454e+08
17  35  9.76365e+08
17  36  8.9576e+08
17  37  7.69976e+08
17  38  7.87791e+08
17  39  7.11319e+08
17  40  6.03292e+08
17  41  6.05758e+08
17  42  5.30549e+08
17  43  4.12685e+08
17  44  3.29204e+08
17  45  3.46992e+08
17  46  3.12226e+08
17  47  2.54912e+08
17  48  2.48248e+08
17  49  2.02235e+08
17  50  1.82888e+08
18  0  7.46423e+08
18  1  7.17912e+08
18  2  7.52564e+08
18  3  6.4378e+08
18  4  5.81364e+08
18  5  6.27817e+08
18  6  5.60657e+08
18  7  6.22925e+08
18  8  7.58577e+08
18  9  7.38451e+08
18  10  7.84675e+08
18  11  6.90361e+08
18  12  7.25177e+08
18  13  7.75225e+08
18  14  7.03348e+08
18  15  7.02566e+08
18  16  7.78677e+08
18  17  8.03689e+08
18  18  8.1225e+08
18  19  7.88258e+08
18  20  8.03007e+08
18  21  7.30921e+08
18  22  7.22493e+08
18  23  6.47209e+08
18  24  6.87363e+08
18  25  6.77965e+08
18  26  7.83211e+08
18  27  8.14504e+08
18  28  9.28729e+08
18  29  8.88102e+08
18  30  1.02995e+09
18  31  1.06009e+09
18  32  9.85127e+08
18  33  9.31512e+08
18  34  9.30982e+08
18  35  9.57085e+08
18  36  9.1928e+08
18  37  8.47377e+08
18  38  8.34879e+08
18  39  8.6737e+08
18  40  6.90979e+08
18  41  6.84899e+08
18  42  6.23398e+08
18  43  4.47148e+08
18  44  4.39667e+08
18  45  3.64356e+08
18  46  3.31827e+08
18  47  2.72401e+08
18  48  2.56918e+08
18  49  2.25992e+08
18  50  2.40009e+08
19  0  6.9297e+08
19  1  6.66217e+08
19  2  7.37027e+08
19  3  6.14193e+08
19  4  5.8964e+08
19  5  6.29413e+08
19  6  7.11665e+08
19  7  6.22135e+08
19  8  7.66995e+08
19  9  7.2864e+08
19  10  7.91026e+08
19  11  7.80249e+08
19  12  6.80734e+08
19  13  7.8227e+08
19  14  6.49836e+08
19  15  7.00695e+08
19  16  6.90339e+08
19  17  7.05011e+08
19  18  7.03888e+08
19  19  7.61221e+08
19  20  6.83891e+08
19  21  6.75932e+08
19  22  6.20007e+08
19  23  5.95439e+08
19  24  6.73137e+08
19  25  6.82728e+08
19  26  7.53784e+08
19  27  7.99915e+08
19  28  8.39005e+08
19  29  8.73088e+08
19  30  9.49409e+08
19  31  1.04037e+09
19  32  8.93243e+08
19  33  9.13128e+08
19  34  9.32046e+08
19  35  9.41118e+08
19  36  9.26418e+08
19  37  8.4608e+08
19  38  8.98231e+08
19  39  7.74973e+08
19  40  7.79573e+08
19  41  6.78131e+08
19  42  6.58053e+08
19  43  5.12969e+08
19  44  4.67094e+08
19  45  4.03194e+08
19  46  3.52372e+08
19  47  2.86569e+08
19  48  2.90564e+08
19  49  2.65924e+08
19  50  2.64573e+08
20  0  6.28005e+08
20  1  6.43414e+08
20  2  5.84145e+08
20  3  5.20501e+08
20  4  5.98033e+08
20  5  6.3553e+08
20  6  6.34303e+08
20  7  5.74249e+08
20  8  8.06487e+08
20  9  7.24739e+08
20  10  6.87531e+08
20  11  7.00803e+08
20  12  6.63898e+08
20  13  6.74897e+08
20  14  6.52838e+08
20  15  6.3622e+08
20  16  5.96202e+08
20  17  6.24568e+08
20  18  6.77062e+08
20  19  6.35613e+08
20  20  6.19038e+08
20  21  5.83733e+08
20  22  5.90451e+08
20  23  5.59484e+08
20  24  7.43562e+08
20  25  7.04816e+08
20  26  7.71512e+08
20  27  8.04713e+08
20  28  8.66161e+08
20  29  8.85554e+08
20  30  1.06488e+09
20  31  1.0037e+09
20  32  9.5641e+08
20  33  9.04776e+08
20  34  9.75759e+08
20  35  9.89184e+08
20  36  9.5967e+08
20  37  8.85857e+08
20  38  9.68928e+08
20  39  8.06053e+08
20  40  7.80545e+08
20  41  6.71754e+08
20  42  6.6406e+08
20  43  4.88975e+08
20  44  6.01709e+08
20  45  4.28696e+08
20  46  3.82893e+08
20  47  3.25481e+08
20  48  3.0282e+08
20  49  2.94236e+08
20  50  2.83888e+08
21  0  6.44899e+08
21  1  5.34533e+08
21  2  4.64552e+08
21  3  5.06865e+08
21  4  5.73667e+08
21  5  6.26238e+08
21  6  6.58747e+08
21  7  6.48604e+08
21  8  7.50239e+08
21  9  6.87561e+08
21  10  6.7815e+08
21  11  6.93317e+08
21  12  6.05648e+08
21  13  6.43704e+08
21  14  6.31023e+08
21  15  5.62059e+08
21  16  5.3229e+08
21  17  5.51317e+08
21  18  5.79548e+08
21  19  5.23939e+08
21  20  5.02185e+08
21  21  5.1433e+08
21  22  5.65201e+08
21  23  6.58116e+08
21  24  7.15628e+08
21  25  7.66678e+08
21  26  8.56117e+08
21  27  8.66247e+08
21  28  8.13711e+08
21  29  9.52253e+08
21  30  9.29726e+08
21  31  8.89554e+08
21  32  9.12932e+08
21  33  8.79233e+08
21  34  8.61262e+08
21  35  8.94537e+08
21  36  9.06432e+08
21  37  9.98379e+08
21  38  9.31592e+08
21  39  9.77534e+08
21  40  7.77013e+08
21  41  6.44329e+08
21  42  6.64335e+08
21  43  6.58162e+08
21  44  5.92474e+08
21  45  4.83947e+08
21  46  4.46218e+08
21  47  3.06198e+08
21  48  2.9708e+08
21  49  2.89786e+08
21  50  3.03705e+08
22  0  6.69451e+08
22  1  5.93779e+08
22  2  5.16852e+08
22  3  4.66874e+08
22  4  5.47555e+08
22  5  6.01295e+08
22  6  7.06236e+08
22  7  6.50614e+08
22  8  7.69425e+08
22  9  6.26496e+08
22  10  5.86858e+08
22  11  6.09803e+08
22  12  6.77956e+08
22  13  5.9911e+08
22  14  6.17281e+08
22  15  5.81754e+08
22  16  4.62598e+08
22  17  4.43598e+08
22  18  4.68095e+08
22  19  4.78277e+08
22  20  4.33957e+08
22  21  5.06818e+08
22  22  5.31811e+08
22  23  5.92038e+08
22  24  7.85419e+08
22  25  6.64294e+08
22  26  7.3052e+08
22  27  8.3524e+08
22  28  8.1174e+08
22  29  8.1488e+08
22  30  1.00189e+09
22  31  8.70073e+08
22  32  8.9522e+08
22  33  9.81222e+08
22  34  9.5457e+08
22  35  9.72879e+08
22  36  1.02674e+09
22  37  1.01365e+09
22  38  9.18673e+08
22  39  9.96361e+08
22  40  7.43694e+08
22  41  7.07294e+08
22  42  5.74625e+08
22  43  6.5038e+08
22  44  7.49482e+08
22  45  5.81465e+08
22  46  5.30256e+08
22  47  3.72434e+08
22  48  3.26972e+08
22  49  2.93992e+08
22  50  3.24635e+08
23  0  6.5819e+08
23  1  4.97192e+08
23  2  4.81441e+08
23  3  4.39715e+08
23  4  5.23371e+08
23  5  5.68601e+08
23  6  6.18955e+08
23  7  6.27676e+08
23  8  6.67388e+08
23  9  6.53993e+08
23  10  5.84562e+08
23  11  5.63681e+08
23  12  5.83279e+08
23  13  5.78438e+08
23  14  5.75175e+08
23  15  4.86374e+08
23  16  4.89437e+08
23  17  4.13433e+08
23  18  4.2916e+08
23  19  4.31471e+08
23  20  3.98724e+08
23  21  4.27986e+08
23  22  4.99502e+08
23  23  6.21623e+08
23  24  7.69328e+08
23  25  8.02761e+08
23  26  7.89433e+08
23  27  8.4209e+08
23  28  7.64517e+08
23  29  9.05096e+08
23  30  8.88851e+08
23  31  9.16301e+08
23  32  9.1923e+08
23  33  8.91248e+08
23  34  9.15274e+08
23  35  1.04521e+09
23  36  1.09268e+09
23  37  9.55478e+08
23  38  9.68117e+08
23  39  1.04057e+09
23  40  7.34441e+08
23  41  6.46296e+08
23  42  6.40598e+08
23  43  7.64599e+08
23  44  7.25769e+08
23  45  6.33823e+08
23  46  5.6165e+08
23  47  4.0473e+08
23  48  3.30981e+08
23  49  3.21117e+08
23  50  2.826e+08
24  0  7.18377e+08
24  1  5.77361e+08
24  2  4.82966e+08
24  3  3.56868e+08
24  4  4.27537e+08
24  5  5.38839e+08
24  6  5.27683e+08
24  7  5.87645e+08
24  8  6.39406e+08
24  9  6.37216e+08
24  10  5.41959e+08
24  11  5.38464e+08
24  12  5.66056e+08
24  13  5.86836e+08
24  14  5.57608e+08
24  15  4.70748e+08
24  16  4.63662e+08
24  17  3.5785e+08
24  18  4.01316e+08
24  19  3.79778e+08
24  20  4.38803e+08
24  21  4.66761e+08
24  22  4.84418e+08
24  23  6.85768e+08
24  24  7.7196e+08
24  25  8.16165e+08
24  26  7.08503e+08
24  27  7.49405e+08
24  28  8.50571e+08
24  29  9.01262e+08
24  30  8.5289e+08
24  31  8.52296e+08
24  32  9.54446e+08
24  33  9.00218e+08
24  34  9.11565e+08
24  35  9.91343e+08
24  36  1.03207e+09
24  37  9.87173e+08
24  38  8.44187e+08
24  39  1.01758e+09
24  40  7.53799e+08
24  41  6.06715e+08
24  42  5.13845e+08
24  43  6.59186e+08
24  44  8.20605e+08
24  45  7.51481e+08
24  46  7.4025e+08
24  47  5.50226e+08
24  48  3.2703e+08
24  49  2.9329e+08
24  50  2.99456e+08
25  0  6.13789e+08
25  1  4.45287e+08
25  2  3.50521e+08
25  3  3.66182e+08
25  4  3.52057e+08
25  5  4.69557e+08
25  6  5.00176e+08
25  7  5.43226e+08
25  8  5.57462e+08
25  9  5.55632e+08
25  10  4.58772e+08
25  11  4.94166e+08
25  12  5.58674e+08
25  13  5.948e+08
25  14  5.06258e+08
25  15  4.55175e+08
25  16  4.0832e+08
25  17  3.44565e+08
25  18  3.59127e+08
25  19  3.97114e+08
25  20  4.35694e+08
25  21  4.51184e+08
25  22  5.51892e+08
25  23  6.65573e+08
25  24  7.84018e+08
25  25  7.24683e+08
25  26  7.7875e+08
25  27  8.42539e+08
25  28  8.57861e+08
25  29  9.41755e+08
25  30  8.36657e+08
25  31  9.07345e+08
25  32  8.77722e+08
25  33  8.59115e+08
25  34  8.45586e+08
25  35  1.1096e+09
25  36  1.0208e+09
25  37  9.29702e+08
25  38  8.4371e+08
25  39  9.64229e+08
25  40  7.37614e+08
25  41  5.92265e+08
25  42  5.76869e+08
25  43  7.38266e+08
25  44  8.2404e+08
25  45  7.61722e+08
25  46  7.15304e+08
25  47  5.2971e+08
25  48  3.69559e+08
25  49  2.90191e+08
25  50  2.8454e+08
26  0  6.21914e+08
26  1  4.87832e+08
26  2  4.04581e+08
26  3  3.09832e+08
26  4  3.42451e+08
26  5  4.13023e+08
26  6  4.58261e+08
26  7  4.63245e+08
26  8  4.34273e+08
26  9  4.49348e+08
26  10  4.02832e+08
26  11  5.10772e+08
26  12  5.60681e+08
26  13  6.07344e+08
26  14  5.82108e+08
26  15  4.38613e+08
26  16  4.12723e+08
26  17  3.22757e+08
26  18  3.1161e+08
26  19  3.8689e+08
26  20  4.09402e+08
26  21  4.91716e+08
26  22  4.79447e+08
26  23  6.48084e+08
26  24  7.14853e+08
26  25  6.72784e+08
26  26  7.62239e+08
26  27  8.43166e+08
26  28  9.22031e+08
26  29  8.54483e+08
26  30  9.17937e+08
26  31  9.72583e+08
26  32  9.49133e+08
26  33  9.86762e+08
26  34  8.61252e+08
26  35  1.02466e+09
26  36  9.76874e+08
26  37  9.34924e+08
26  38  7.90364e+08
26  39  1.01816e+09
26  40  6.45233e+08
26  41  6.01591e+08
26  42  6.0603e+08
26  43  7.89125e+08
26  44  8.64162e+08
26  45  7.79907e+08
26  46  7.07719e+08
26  47  6.34922e+08
26  48  4.0245e+08
26  49  2.91047e+08
26  50  3.27661e+08
27  0  5.61744e+08
27  1  5.09609e+08
27  2  3.60128e+08
27  3  2.79247e+08
27  4  3.17393e+08
27  5  3.58505e+08
27  6  4.39161e+08
27  7  3.86817e+08
27  8  3.98061e+08
27  9  4.08692e+08
27  10  4.5148e+08
27  11  4.64241e+08
27  12  6.26793e+08
27  13  6.61876e+08
27  14  5.75351e+08
27  15  4.02827e+08
27  16  3.25694e+08
27  17  3.27401e+08
27  18  3.61305e+08
27  19  3.6485e+08
27  20  4.27744e+08
27  21  4.53869e+08
27  22  5.07911e+08
27  23  6.79756e+08
27  24  7.2552e+08
27  25  7.21964e+08
27  26  8.0879e+08
27  27  8.48228e+08
27  28  8.36018e+08
27  29  9.28868e+08
27  30  8.66063e+08
27  31  9.08266e+08
27  32  8.69227e+08
27  33  8.96926e+08
27  34  8.56402e+08
27  35  9.01248e+08
27  36  9.44964e+08
27  37  1.02215e+09
27  38  9.76495e+08
27  39  9.144e+08
27  40  7.71993e+08
27  41  6.45191e+08
27  42  6.65034e+08
27  43  8.18185e+08
27  44  9.04842e+08
27  45  8.64533e+08
27  46  8.198e+08
27  47  6.60233e+08
27  48  4.18962e+08
27  49  3.0618e+08
27  50  3.12118e+08
28  0  5.92905e+08
28  1  5.68092e+08
28  2  3.09003e+08
28  3  2.52073e+08
28  4  2.8692e+08
28  5  3.57041e+08
28  6  4.1078e+08
28  7  3.70073e+08
28  8  4.21746e+08
28  9  3.55799e+08
28  10  4.05778e+08
28  11  4.96868e+08
28  12  6.64104e+08
28  13  7.34515e+08
28  14  5.48388e+08
28  15  3.70058e+08
28  16  3.12886e+08
28  17  3.25707e+08
28  18  3.75654e+08
28  19  3.92881e+08
28  20  4.16758e+08
28  21  4.4892e+08
28  22  5.62808e+08
28  23  6.39207e+08
28  24  7.08428e+08
28  25  7.65222e+08
28  26  7.05963e+08
28  27  8.21341e+08
28  28  8.56274e+08
28  29  9.2899e+08
28  30  9.2577e+08
28  31  1.02097e+09
28  32  8.80644e+08
28  33  9.1678e+08
28  34  9.01161e+08
28  35  9.23569e+08
28  36  8.53436e+08
28  37  9.15762e+08
28  38  8.7973e+08
28  39  1.00643e+09
28  40  7.09524e+08
28  41  6.74342e+08
28  42  7.51174e+08
28  43  8.13464e+08
28  44  9.32576e+08
28  45  9.07582e+08
28  46  8.93841e+08
28  47  7.33407e+08
28  48  4.54781e+08
28  49  2.93362e+08
28  50  3.51857e+08
29  0  5.97269e+08
29  1  6.36116e+08
29  2  2.99716e+08
29  3  2.66638e+08
29  4  2.81221e+08
29  5  3.50186e+08
29  6  3.99211e+08
29  7  3.27948e+08
29  8  3.16481e+08
29  9  4.10637e+08
29  10  4.6367e+08
29  11  5.45654e+08
29  12  6.65659e+08
29  13  6.77759e+08
29  14  5.01201e+08
29  15  3.57273e+08
29  16  3.54726e+08
29  17  3.16139e+08
29  18  3.82315e+08
29  19  4.10481e+08
29  20  3.74676e+08
29  21  4.53808e+08
29  22  6.17709e+08
29  23  6.67604e+08
29  24  7.1164e+08
29  25  7.14599e+08
29  26  7.9186e+08
29  27  7.989e+08
29  28  8.81487e+08
29  29  8.80309e+08
29  30  9.03998e+08
29  31  9.76634e+08
29  32  8.73051e+08
29  33  8.41257e+08
29  34  8.50278e+08
29  35  8.85499e+08
29  36  9.38618e+08
29  37  8.71632e+08
29  38  9.28559e+08
29  39  9.10284e+08
29  40  7.16121e+08
29  41  6.38838e+08
29  42  7.65059e+08
29  43  8.45005e+08
29  44  8.66775e+08
29  45  9.04977e+08
29  46  8.49921e+08
29  47  7.12844e+08
29  48  4.75948e+08
29  49  2.95597e+08
29  50  3.42734e+08
30  0  6.07449e+08
30  1  6.03113e+08
30  2  3.04617e+08
30  3  2.52043e+08
30  4  2.98545e+08
30  5  3.10859e+08
30  6  3.76582e+08
30  7  3.14236e+08
30  8  3.45811e+08
30  9  3.4745e+08
30  10  4.68241e+08
30  11  5.435e+08
30  12  6.68637e+08
30  13  6.03542e+08
30  14  5.42524e+08
30  15  3.59983e+08
30  16  3.47237e+08
30  17  3.23586e+08
30  18  3.89003e+08
30  19  4.19332e+08
30  20  3.47074e+08
30  21  4.24974e+08
30  22  5.74062e+08
30  23  6.33783e+08
30  24  6.76331e+08
30  25  7.96639e+08
30  26  7.52226e+08
30  27  7.98746e+08
30  28  9.14523e+08
30  29  9.11596e+08
30  30  8.74947e+08
30  31  8.83196e+08
30  32  8.83676e+08
30  33  8.53166e+08
30  34  8.17992e+08
30  35  8.54848e+08
30  36  9.0202e+08
30  37  9.28786e+08
30  38  9.65654e+08
30  39  1.03402e+09
30  40  7.80597e+08
30  41  7.12473e+08
30  42  7.93764e+08
30  43  8.07394e+08
30  44  8.4993e+08
30  45  8.0038e+08
30  46  8.25622e+08
30  47  7.17235e+08
30  48  5.19783e+08
30  49  3.14461e+08
30  50  3.93563e+08
31  0  6.0395e+08
31  1  5.36286e+08
31  2  2.9404e+08
31  3  2.47677e+08
31  4  2.92854e+08
31  5  3.08529e+08
31  6  3.09642e+08
31  7  3.26996e+08
31  8  3.73102e+08
31  9  4.36824e+08
31  10  5.28873e+08
31  11  6.33875e+08
31  12  6.7333e+08
31  13  5.68959e+08
31  14  4.55703e+08
31  15  3.16336e+08
31  16  3.61336e+08
31  17  3.65922e+08
31  18  4.21285e+08
31  19  4.20178e+08
31  20  3.92903e+08
31  21  4.85183e+08
31  22  6.91491e+08
31  23  7.0018e+08
31  24  7.24185e+08
31  25  6.80731e+08
31  26  7.0347e+08
31  27  7.75379e+08
31  28  9.28851e+08
31  29  8.86287e+08
31  30  8.90762e+08
31  31  8.28889e+08
31  32  7.83582e+08
31  33  8.42759e+08
31  34  8.36578e+08
31  35  8.08004e+08
31  36  8.62259e+08
31  37  9.84324e+08
31  38  8.87952e+08
31  39  8.72716e+08
31  40  7.64112e+08
31  41  8.46525e+08
31  42  7.84422e+08
31  43  8.24971e+08
31  44  8.9915e+08
31  45  8.21498e+08
31  46  7.98798e+08
31  47  6.52146e+08
31  48  4.71522e+08
31  49  3.43998e+08
31  50  3.82101e+08
32  0  6.29784e+08
32  1  5.37495e+08
32  2  3.51945e+08
32  3  2.61037e+08
32  4  2.79819e+08
32  5  3.38343e+08
32  6  3.39652e+08
32  7  3.29843e+08
32  8  3.80537e+08
32  9  4.13953e+08
32  10  5.22112e+08
32  11  5.71898e+08
32  12  6.39465e+08
32  13  5.51581e+08
32  14  4.71535e+08
32  15  3.41635e+08
32  16  4.14836e+08
32  17  4.19607e+08
32  18  4.58686e+08
32  19  4.34798e+08
32  20  4.343e+08
32  21  5.27081e+08
32  22  6.98428e+08
32  23  7.92499e+08
32  24  6.71472e+08
32  25  6.63379e+08
32  26  7.13124e+08
32  27  8.38593e+08
32  28  8.42717e+08
32  29  8.98317e+08
32  30  8.53638e+08
32  31  9.01884e+08
32  32  8.89117e+08
32  33  8.11126e+08
32  34  8.12076e+08
32  35  8.80138e+08
32  36  1.06858e+09
32  37  9.16226e+08
32  38  1.0476e+09
32  39  8.54032e+08
32  40  8.74931e+08
32  41  7.75803e+08
32  42  8.14117e+08
32  43  8.76063e+08
32  44  9.07527e+08
32  45  9.2915e+08
32  46  8.32294e+08
32  47  6.82775e+08
32  48  4.81684e+08
32  49  3.44466e+08
32  50  3.78749e+08
33  0  6.13555e+08
33  1  4.4127e+08
33  2  3.13494e+08
33  3  2.38868e+08
33  4  2.64945e+08
33  5  3.18059e+08
33  6  3.43423e+08
33  7  3.81788e+08
33  8  4.27565e+08
33  9  4.53547e+08
33  10  5.60294e+08
33  11  6.65171e+08
33  12  6.33588e+08
33  13  5.34442e+08
33  14  4.16555e+08
33  15  4.04023e+08
33  16  4.77884e+08
33  17  4.82921e+08
33  18  5.34354e+08
33  19  4.9517e+08
33  20  4.49805e+08
33  21  5.69689e+08
33  22  7.86308e+08
33  23  7.87489e+08
33  24  7.3305e+08
33  25  6.6804e+08
33  26  8.44256e+08
33  27  7.2995e+08
33  28  8.06198e+08
33  29  8.50659e+08
33  30  9.31716e+08
33  31  8.22554e+08
33  32  7.21525e+08
33  33  6.9389e+08
33  34  7.17647e+08
33  35  9.59693e+08
33  36  9.66642e+08
33  37  9.67229e+08
33  38  1.03846e+09
33  39  9.38458e+08
33  40  9.25518e+08
33  41  8.62162e+08
33  42  8.38264e+08
33  43  8.41989e+08
33  44  8.20374e+08
33  45  8.61217e+08
33  46  7.76239e+08
33  47  6.33392e+08
33  48  4.1304e+08
33  49  3.77009e+08
33  50  3.74194e+08
34  0  5.8178e+08
34  1  3.8909e+08
34  2  2.95829e+08
34  3  2.21113e+08
34  4  2.47437e+08
34  5  3.4374e+08
34  6  3.5795e+08
34  7  4.06327e+08
34  8  4.37651e+08
34  9  5.00076e+08
34  10  5.23225e+08
34  11  6.23797e+08
34  12  6.82381e+08
34  13  5.01566e+08
34  14  4.04667e+08
34  15  4.19059e+08
34  16  4.89987e+08
34  17  5.00152e+08
34  18  5.71409e+08
34  19  5.11716e+08
34  20  4.10621e+08
34  21  6.15203e+08
34  22  7.01196e+08
34  23  7.47967e+08
34  24  7.85415e+08
34  25  7.92555e+08
34  26  7.70459e+08
34  27  7.52148e+08
34  28  8.67612e+08
34  29  8.80143e+08
34  30  8.3427e+08
34  31  8.66388e+08
34  32  7.33838e+08
34  33  8.10084e+08
34  34  8.54731e+08
34  35  8.75519e+08
34  36  9.76637e+08
34  37  1.09051e+09
34  38  1.00966e+09
34  39  1.10114e+09
34  40  1.03624e+09
34  41  9.17012e+08
34  42  8.6492e+08
34  43  9.04919e+08
34  44  8.89243e+08
34  45  8.42748e+08
34  46  7.81563e+08
34  47  6.73774e+08
34  48  4.46743e+08
34  49  3.77635e+08
34  50  3.97698e+08
35  0  4.76677e+08
35  1  4.20032e+08
35  2  3.01611e+08
35  3  2.29026e+08
35  4  3.11064e+08
35  5  3.69577e+08
35  6  4.41808e+08
35  7  4.65485e+08
35  8  5.00027e+08
35  9  5.76521e+08
35  10  5.67657e+08
35  11  5.62248e+08
35  12  5.7021e+08
35  13  5.55148e+08
35  14  4.45231e+08
35  15  4.56293e+08
35  16  5.64369e+08
35  17  5.5917e+08
35  18  5.81967e+08
35  19  4.1151e+08
35  20  4.5361e+08
35  21  5.94261e+08
35  22  7.13351e+08
35  23  7.62258e+08
35  24  8.19016e+08
35  25  7.8273e+08
35  26  7.97514e+08
35  27  7.85354e+08
35  28  7.39806e+08
35  29  8.80206e+08
35  30  8.02827e+08
35  31  8.42537e+08
35  32  6.87144e+08
35  33  7.89973e+08
35  34  8.63716e+08
35  35  9.16396e+08
35  36  9.57997e+08
35  37  9.27218e+08
35  38  1.04402e+09
35  39  1.05033e+09
35  40  9.99786e+08
35  41  9.14994e+08
35  42  8.78222e+08
35  43  9.62119e+08
35  44  9.10047e+08
35  45  7.96952e+08
35  46  6.94581e+08
35  47  5.80476e+08
35  48  3.8226e+08
35  49  3.88937e+08
35  50  3.99306e+08
36  0  5.56273e+08
36  1  4.03334e+08
36  2  3.14675e+08
36  3  2.33283e+08
36  4  3.12304e+08
36  5  3.84246e+08
36  6  4.68969e+08
36  7  4.92905e+08
36  8  5.20108e+08
36  9  5.27984e+08
36  10  5.30815e+08
36  11  5.91469e+08
36  12  5.95482e+08
36  13  4.77775e+08
36  14  4.77664e+08
36  15  5.36718e+08
36  16  6.21755e+08
36  17  5.98061e+08
36  18  5.6417e+08
36  19  5.21984e+08
36  20  4.5334e+08
36  21  5.44471e+08
36  22  6.50076e+08
36  23  7.3476e+08
36  24  8.3051e+08
36  25  8.03263e+08
36  26  8.3197e+08
36  27  8.04956e+08
36  28  7.60253e+08
36  29  8.15967e+08
36  30  8.01999e+08
36  31  8.24607e+08
36  32  7.22468e+08
36  33  7.2324e+08
36  34  8.05819e+08
36  35  9.02824e+08
36  36  1.04053e+09
36  37  9.5305e+08
36  38  1.02213e+09
36  39  1.22035e+09
36  40  9.93913e+08
36  41  1.0051e+09
36  42  9.17768e+08
36  43  9.18137e+08
36  44  8.27511e+08
36  45  7.72918e+08
36  46  7.2253e+08
36  47  5.6975e+08
36  48  4.03674e+08
36  49  3.69819e+08
36  50  3.98899e+08
37  0  5.24834e+08
37  1  3.99237e+08
37  2  3.28239e+08
37  3  2.68216e+08
37  4  3.61255e+08
37  5  4.66458e+08
37  6  5.19016e+08
37  7  4.90944e+08
37  8  5.6408e+08
37  9  5.62118e+08
37  10  5.62176e+08
37  11  5.92387e+08
37  12  6.39956e+08
37  13  5.20052e+08
37  14  4.82003e+08
37  15  5.61002e+08
37  16  6.71804e+08
37  17  5.98131e+08
37  18  6.62312e+08
37  19  4.90119e+08
37  20  4.47572e+08
37  21  5.36701e+08
37  22  6.29548e+08
37  23  7.72041e+08
37  24  7.88121e+08
37  25  7.69384e+08
37  26  7.51185e+08
37  27  8.24417e+08
37  28  7.66791e+08
37  29  9.08587e+08
37  30  8.10533e+08
37  31  8.21714e+08
37  32  7.31482e+08
37  33  7.50034e+08
37  34  8.12586e+08
37  35  9.2847e+08
37  36  9.9131e+08
37  37  1.11227e+09
37  38  1.05077e+09
37  39  1.13343e+09
37  40  1.02941e+09
37  41  9.36837e+08
37  42  1.0168e+09
37  43  9.53791e+08
37  44  7.71817e+08
37  45  7.32416e+08
37  46  6.71481e+08
37  47  5.3411e+08
37  48  4.42601e+08
37  49  3.90198e+08
37  50  4.6533e+08
38  0  5.1924e+08
38  1  4.69539e+08
38  2  3.19615e+08
38  3  2.8844e+08
38  4  3.76079e+08
38  5  5.21152e+08
38  6  5.25396e+08
38  7  5.45822e+08
38  8  5.42521e+08
38  9  5.05311e+08
38  10  5.34369e+08
38  11  5.80946e+08
38  12  6.6553e+08
38  13  5.46109e+08
38  14  5.38215e+08
38  15  5.36787e+08
38  16  6.61065e+08
38  17  5.80353e+08
38  18  6.24016e+08
38  19  4.75892e+08
38  20  5.24023e+08
38  21  5.20352e+08
38  22  6.44051e+08
38  23  7.80531e+08
38  24  8.32732e+08
38  25  7.92599e+08
38  26  8.2709e+08
38  27  7.74174e+08
38  28  7.1614e+08
38  29  8.84078e+08
38  30  8.05565e+08
38  31  8.75248e+08
38  32  7.36149e+08
38  33  6.96494e+08
38  34  8.2851e+08
38  35  9.55002e+08
38  36  9.70457e+08
38  37  1.05402e+09
38  38  1.18925e+09
38  39  1.02183e+09
38  40  1.03056e+09
38  41  9.65296e+08
38  42  8.8813e+08
38  43  8.59828e+08
38  44  7.5793e+08
38  45  6.39081e+08
38  46  5.70848e+08
38  47  5.0376e+08
38  48  4.51443e+08
38  49  4.4173e+08
38  50  4.50841e+08
39  0  5.24412e+08
39  1  4.58776e+08
39  2  3.75872e+08
39  3  3.29983e+08
39  4  4.40419e+08
39  5  5.92267e+08
39  6  5.76147e+08
39  7  6.24866e+08
39  8  5.25162e+08
39  9  4.85485e+08
39  10  4.35637e+08
39  11  5.5761e+08
39  12  6.56442e+08
39  13  5.62884e+08
39  14  5.25268e+08
39  15  5.80747e+08
39  16  6.32332e+08
39  17  5.97798e+08
39  18  5.79798e+08
39  19  6.03766e+08
39  20  5.32041e+08
39  21  4.7126e+08
39  22  5.57198e+08
39  23  7.57642e+08
39  24  7.92264e+08
39  25  8.2053e+08
39  26  8.26393e+08
39  27  7.53499e+08
39  28  8.89991e+08
39  29  8.4449e+08
39  30  8.01081e+08
39  31  7.49822e+08
39  32  7.00232e+08
39  33  7.10847e+08
39  34  8.37058e+08
39  35  8.41345e+08
39  36  1.12154e+09
39  37  9.79602e+08
39  38  1.15736e+09
39  39  1.18471e+09
39  40  1.05148e+09
39  41  8.45646e+08
39  42  8.58817e+08
39  43  8.56367e+08
39  44  7.61326e+08
39  45  6.74648e+08
39  46  5.68012e+08
39  47  5.00651e+08
39  48  4.96314e+08
39  49  4.29716e+08
39  50  4.32917e+08
40  0  6.33402e+08
40  1  5.15787e+08
40  2  4.0038e+08
40  3  3.28025e+08
40  4  4.65296e+08
40  5  5.78233e+08
40  6  6.26597e+08
40  7  6.14792e+08
40  8  5.16371e+08
40  9  5.32893e+08
40  10  5.1453e+08
40  11  6.58911e+08
40  12  6.98548e+08
40  13  6.38914e+08
40  14  5.25682e+08
40  15  5.48668e+08
40  16  5.70258e+08
40  17  5.66161e+08
40  18  6.26095e+08
40  19  6.37824e+08
40  20  6.37385e+08
40  21  5.1795e+08
40  22  5.99958e+08
40  23  7.71262e+08
40  24  8.37574e+08
40  25  8.79924e+08
40  26  8.69359e+08
40  27  7.65644e+08
40  28  8.19546e+08
40  29  8.2004e+08
40  30  8.8861e+08
40  31  8.35941e+08
40  32  8.42504e+08
40  33  7.57385e+08
40  34  8.2981e+08
40  35  8.38918e+08
40  36  9.05416e+08
40  37  1.00492e+09
40  38  1.08199e+09
40  39  1.04816e+09
40  40  1.0095e+09
40  41  8.44814e+08
40  42  8.3138e+08
40  43  7.43291e+08
40  44  7.08657e+08
40  45  6.35527e+08
40  46  5.97904e+08
40  47  5.44305e+08
40  48  4.67078e+08
40  49  4.05371e+08
40  50  4.17528e+08
41  0  6.59529e+08
41  1  6.23169e+08
41  2  4.34612e+08
41  3  3.9209e+08
41  4  5.1823e+08
41  5  6.36713e+08
41  6  7.53116e+08
41  7  6.6599e+08
41  8  4.66619e+08
41  9  4.7461e+08
41  10  6.08971e+08
41  11  6.83047e+08
41  12  7.47599e+08
41  13  6.51383e+08
41  14  5.72358e+08
41  15  5.7188e+08
41  16  6.10851e+08
41  17  5.08535e+08
41  18  6.26849e+08
41  19  6.56252e+08
41  20  6.68524e+08
41  21  5.2995e+08
41  22  6.27086e+08
41  23  7.92484e+08
41  24  8.0868e+08
41  25  7.88305e+08
41  26  8.61183e+08
41  27  8.80868e+08
41  28  8.89763e+08
41  29  8.18219e+08
41  30  8.32012e+08
41  31  7.69839e+08
41  32  7.99499e+08
41  33  8.08568e+08
41  34  8.09614e+08
41  35  7.92081e+08
41  36  9.32158e+08
41  37  1.08739e+09
41  38  1.23848e+09
41  39  1.03217e+09
41  40  9.44251e+08
41  41  8.14911e+08
41  42  7.17116e+08
41  43  7.6314e+08
41  44  7.07476e+08
41  45  5.52135e+08
41  46  6.06029e+08
41  47  5.5041e+08
41  48  5.27144e+08
41  49  4.70832e+08
41  50  4.01101e+08
42  0  6.92937e+08
42  1  5.89906e+08
42  2  4.96794e+08
42  3  4.6388e+08
42  4  5.61764e+08
42  5  6.89894e+08
42  6  7.30217e+08
42  7  6.08286e+08
42  8  5.41351e+08
42  9  5.36514e+08
42  10  5.52516e+08
42  11  8.13803e+08
42  12  8.2974e+08
42  13  6.35795e+08
42  14  5.94254e+08
42  15  5.69228e+08
42  16  5.89101e+08
42  17  5.31205e+08
42  18  6.06784e+08
42  19  6.69826e+08
42  20  6.62932e+08
42  21  5.37592e+08
42  22  6.66517e+08
42  23  7.47097e+08
42  24  7.97474e+08
42  25  7.74313e+08
42  26  8.55809e+08
42  27  8.73161e+08
42  28  8.99138e+08
42  29  8.66293e+08
42  30  9.2701e+08
42  31  8.2586e+08
42  32  8.79508e+08
42  33  9.1377e+08
42  34  8.73528e+08
42  35  8.69171e+08
42  36  9.697e+08
42  37  1.13437e+09
42  38  1.12295e+09
42  39  8.94098e+08
42  40  8.9935e+08
42  41  8.42283e+08
42  42  7.20497e+08
42  43  6.60711e+08
42  44  6.86652e+08
42  45  6.06318e+08
42  46  6.13615e+08
42  47  5.84956e+08
42  48  5.21596e+08
42  49  4.44304e+08
42  50  3.35782e+08
43  0  7.11185e+08
43  1  6.66272e+08
43  2  5.4422e+08
43  3  4.92197e+08
43  4  5.95812e+08
43  5  7.73424e+08
43  6  7.51659e+08
43  7  6.91481e+08
43  8  5.06506e+08
43  9  5.35612e+08
43  10  6.01869e+08
43  11  7.40479e+08
43  12  7.68972e+08
43  13  7.08752e+08
43  14  5.71798e+08
43  15  5.28387e+08
43  16  5.51058e+08
43  17  4.94883e+08
43  18  6.03282e+08
43  19  7.19037e+08
43  20  6.60378e+08
43  21  5.60129e+08
43  22  6.67464e+08
43  23  6.64134e+08
43  24  7.55006e+08
43  25  8.2577e+08
43  26  8.36545e+08
43  27  8.06543e+08
43  28  8.24814e+08
43  29  8.94608e+08
43  30  8.31167e+08
43  31  7.53443e+08
43  32  8.49836e+08
43  33  8.38626e+08
43  34  9.10021e+08
43  35  1.03131e+09
43  36  1.09777e+09
43  37  1.11749e+09
43  38  1.13033e+09
43  39  9.09742e+08
43  40  7.78444e+08
43  41  6.98963e+08
43  42  7.99849e+08
43  43  6.83103e+08
43  44  6.17987e+08
43  45  5.46667e+08
43  46  5.71067e+08
43  47  5.70814e+08
43  48  5.19779e+08
43  49  4.32489e+08
43  50  3.09067e+08
44  0  7.74129e+08
44  1  6.66989e+08
44  2  5.64852e+08
44  3  5.71741e+08
44  4  6.65643e+08
44  5  7.91038e+08
44  6  7.4781e+08
44  7  6.42453e+08
44  8  5.06429e+08
44  9  6.34104e+08
44  10  7.36372e+08
44  11  8.33935e+08
44  12  8.61993e+08
44  13  6.98996e+08
44  14  6.03314e+08
44  15  5.59272e+08
44  16  5.39733e+08
44  17  5.1533e+08
44  18  6.39311e+08
44  19  6.93486e+08
44  20  6.95326e+08
44  21  5.2581e+08
44  22  6.30043e+08
44  23  6.91225e+08
44  24  7.80519e+08
44  25  7.90447e+08
44  26  8.38118e+08
44  27  8.21915e+08
44  28  8.09252e+08
44  29  8.16846e+08
44  30  8.78422e+08
44  31  8.14784e+08
44  32  8.39405e+08
44  33  9.84289e+08
44  34  8.86902e+08
44  35  8.91699e+08
44  36  1.02835e+09
44  37  9.72066e+08
44  38  1.06682e+09
44  39  9.50484e+08
44  40  8.57261e+08
44  41  7.0145e+08
44  42  7.25492e+08
44  43  6.46483e+08
44  44  6.83918e+08
44  45  6.48021e+08
44  46  6.0074e+08
44  47  6.07285e+08
44  48  5.33018e+08
44  49  4.43135e+08
44  50  3.1252e+08
45  0  8.46916e+08
45  1  7.43386e+08
45  2  5.72291e+08
45  3  5.86198e+08
45  4  7.21946e+08
45  5  7.83238e+08
45  6  7.66494e+08
45  7  6.533e+08
45  8  5.68358e+08
45  9  6.7014e+08
45  10  7.77617e+08
45  11  8.93509e+08
45  12  7.45472e+08
45  13  6.66245e+08
45  14  5.80077e+08
45  15  6.34449e+08
45  16  5.67426e+08
45  17  5.97141e+08
45  18  6.64888e+08
45  19  6.60952e+08
45  20  6.567e+08
45  21  5.34314e+08
45  22  6.17278e+08
45  23  6.44343e+08
45  24  7.82488e+08
45  25  8.27709e+08
45  26  8.23175e+08
45  27  8.09888e+08
45  28  7.78052e+08
45  29  8.82477e+08
45  30  8.66534e+08
45  31  7.69285e+08
45  32  9.59036e+08
45  33  9.20733e+08
45  34  7.9606e+08
45  35  9.47432e+08
45  36  1.10036e+09
45  37  1.04379e+09
45  38  9.14111e+08
45  39  8.12315e+08
45  40  8.54873e+08
45  41  7.17353e+08
45  42  6.79981e+08
45  43  7.18019e+08
45  44  6.80078e+08
45  45  6.32041e+08
45  46  6.3176e+08
45  47  5.64887e+08
45  48  4.23065e+08
45  49  3.99408e+08
45  50  2.40169e+08
46  0  8.25469e+08
46  1  7.15332e+08
46  2  6.09862e+08
46  3  6.56337e+08
46  4  6.98308e+08
46  5  7.81469e+08
46  6  7.40726e+08
46  7  6.13386e+08
46  8  5.68308e+08
46  9  6.96713e+08
46  10  7.39875e+08
46  11  9.13527e+08
46  12  8.47512e+08
46  13  7.01535e+08
46  14  5.45802e+08
46  15  5.21905e+08
46  16  5.81001e+08
46  17  5.79539e+08
46  18  6.75911e+08
46  19  6.23245e+08
46  20  6.66399e+08
46  21  5.08542e+08
46  22  6.19226e+08
46  23  6.72068e+08
46  24  8.40531e+08
46  25  7.69135e+08
46  26  8.49279e+08
46  27  8.26435e+08
46  28  7.51485e+08
46  29  8.27033e+08
46  30  7.96064e+08
46  31  8.58612e+08
46  32  9.64175e+08
46  33  1.05563e+09
46  34  9.23143e+08
46  35  9.5704e+08
46  36  1.00374e+09
46  37  1.02858e+09
46  38  9.14101e+08
46  39  9.64815e+08
46  40  8.30418e+08
46  41  7.17183e+08
46  42  7.49133e+08
46  43  6.87219e+08
46  44  7.12032e+08
46  45  7.21816e+08
46  46  6.3798e+08
46  47  5.85938e+08
46  48  4.35804e+08
46  49  3.17059e+08
46  50  2.42149e+08
47  0  7.73131e+08
47  1  7.64583e+08
47  2  6.12445e+08
47  3  6.51226e+08
47  4  7.82824e+08
47  5  7.90709e+08
47  6  7.66937e+08
47  7  6.80971e+08
47  8  6.72696e+08
47  9  7.25444e+08
47  10  7.98199e+08
47  11  9.08673e+08
47  12  7.66173e+08
47  13  5.63539e+08
47  14  5.54509e+08
47  15  6.22519e+08
47  16  5.50239e+08
47  17  5.93877e+08
47  18  6.19277e+08
47  19  6.03559e+08
47  20  6.14998e+08
47  21  5.6601e+08
47  22  6.18982e+08
47  23  7.88315e+08
47  24  8.62717e+08
47  25  9.23701e+08
47  26  8.80057e+08
47  27  8.79682e+08
47  28  8.44187e+08
47  29  8.23733e+08
47  30  8.01108e+08
47  31  8.05727e+08
47  32  8.52049e+08
47  33  1.04265e+09
47  34  9.26794e+08
47  35  8.93384e+08
47  36  8.9949e+08
47  37  9.15455e+08
47  38  9.44537e+08
47  39  8.76714e+08
47  40  8.09115e+08
47  41  6.8308e+08
47  42  7.09347e+08
47  43  7.52865e+08
47  44  7.32266e+08
47  45  6.80349e+08
47  46  5.88444e+08
47  47  5.40323e+08
47  48  4.01144e+08
47  49  3.30979e+08
47  50  2.14383e+08
48  0  8.79421e+08
48  1  7.3154e+08
48  2  6.86215e+08
48  3  7.10201e+08
48  4  7.35526e+08
48  5  8.44896e+08
48  6  7.99997e+08
48  7  6.77116e+08
48  8  6.27733e+08
48  9  7.25817e+08
48  10  7.03038e+08
48  11  7.87084e+08
48  12  8.10219e+08
48  13  5.91634e+08
48  14  6.25758e+08
48  15  5.62683e+08
48  16  6.64434e+08
48  17  6.60547e+08
48  18  6.47681e+08
48  19  6.38129e+08
48  20  6.32668e+08
48  21  5.86043e+08
48  22  6.69913e+08
48  23  7.76428e+08
48  24  9.3554e+08
48  25  8.68085e+08
48  26  8.82724e+08
48  27  8.26815e+08
48  28  7.1971e+08
48  29  8.31765e+08
48  30  7.55437e+08
48  31  7.62357e+08
48  32  1.0341e+09
48  33  1.00377e+09
48  34  9.5802e+08
48  35  8.91822e+08
48  36  9.41414e+08
48  37  9.1958e+08
48  38  8.86003e+08
48  39  8.87635e+08
48  40  7.3114e+08
48  41  7.15868e+08
48  42  6.84693e+08
48  43  6.98306e+08
48  44  7.07392e+08
48  45  6.86867e+08
48  46  6.41285e+08
48  47  5.02846e+08
48  48  3.64227e+08
48  49  2.91726e+08
48  50  2.53785e+08
49  0  8.53643e+08
49  1  7.50441e+08
49  2  6.52215e+08
49  3  7.36161e+08
49  4  7.34747e+08
49  5  8.02206e+08
49  6  8.46262e+08
49  7  7.36292e+08
49  8  7.14362e+08
49  9  6.87985e+08
49  10  6.20216e+08
49  11  7.46626e+08
49  12  7.51717e+08
49  13  6.87267e+08
49  14  6.73094e+08
49  15  6.51971e+08
49  16  7.19572e+08
49  17  7.21581e+08
49  18  7.78104e+08
49  19  6.56396e+08
49  20  5.75108e+08
49  21  6.73337e+08
49  22  7.38799e+08
49  23  9.06623e+08
49  24  9.36072e+08
49  25  9.00635e+08
49  26  8.26512e+08
49  27  8.01245e+08
49  28  7.70413e+08
49  29  7.93624e+08
49  30  7.95524e+08
49  31  8.49166e+08
49  32  1.00504e+09
49  33  9.59579e+08
49  34  8.70072e+08
49  35  8.74097e+08
49  36  8.97721e+08
49  37  8.47083e+08
49  38  9.67168e+08
49  39  8.07208e+08
49  40  8.33704e+08
49  41  6.66978e+08
49  42  7.42177e+08
49  43  6.92001e+08
49  44  7.53101e+08
49  45  6.28676e+08
49  46  6.11772e+08
49  47  4.84378e+08
49  48  3.30202e+08
49  49  2.68531e+08
49  50  1.79553e+08
50  0  9.02853e+08
50  1  9.47961e+08
50  2  6.70636e+08
50  3  6.59158e+08
50  4  7.25618e+08
50  5  7.21746e+08
50  6  8.02856e+08
50  7  8.12748e+08
50  8  6.14479e+08
50  9  6.11535e+08
50  10  6.55785e+08
50  11  8.28041e+08
50  12  7.4201e+08
50  13  7.02423e+08
50  14  7.05672e+08
50  15  7.22805e+08
50  16  7.14645e+08
50  17  8.57479e+08
50  18  6.85049e+08
50  19  6.52647e+08
50  20  7.16052e+08
50  21  7.27541e+08
50  22  8.01432e+08
50  23  8.67479e+08
50  24  9.43865e+08
50  25  9.22988e+08
50  26  8.5175e+08
50  27  7.90255e+08
50  28  7.5546e+08
50  29  7.59567e+08
50  30  7.8615e+08
50  31  8.12819e+08
50  32  9.90582e+08
50  33  9.37451e+08
50  34  8.95339e+08
50  35  8.17351e+08
50  36  8.69515e+08
50  37  8.6328e+08
50  38  8.87679e+08
50  39  8.6087e+08
50  40  7.41776e+08
50  41  6.94664e+08
50  42  7.04046e+08
50  43  6.59501e+08
50  44  7.26602e+08
50  45  6.06929e+08
50  46  5.74544e+08
50  47  4.64963e+08
50  48  3.33605e+08
50  49  2.28282e+08
50  50  1.92153e+08

