row  column  (images_38.edf Ca-K*images_38.edf Ar-K**2.3)
0  0  6.22614e+08
0  1  6.40272e+08
0  2  5.75673e+08
0  3  5.84698e+08
0  4  6.88772e+08
0  5  6.66166e+08
0  6  7.92408e+08
0  7  9.99196e+08
0  8  8.98489e+08
0  9  9.11236e+08
0  10  8.50217e+08
0  11  7.1547e+08
0  12  9.89368e+08
0  13  1.16448e+09
0  14  1.27738e+09
0  15  1.20597e+09
0  16  1.01066e+09
0  17  8.9294e+08
0  18  8.74497e+08
0  19  7.89729e+08
0  20  7.078e+08
0  21  6.82212e+08
0  22  6.16376e+08
0  23  6.68874e+08
0  24  5.74095e+08
0  25  5.35831e+08
0  26  5.28373e+08
0  27  6.08341e+08
0  28  6.0188e+08
0  29  5.74448e+08
0  30  5.30717e+08
0  31  4.44937e+08
0  32  3.15504e+08
0  33  2.45357e+08
0  34  2.35861e+08
0  35  3.30603e+08
0  36  4.62615e+08
0  37  6.53414e+08
0  38  7.29586e+08
0  39  8.6262e+08
0  40  1.01333e+09
1  0  8.40277e+08
1  1  7.22917e+08
1  2  6.69077e+08
1  3  7.80757e+08
1  4  7.44285e+08
1  5  8.21916e+08
1  6  9.92276e+08
1  7  1.04522e+09
1  8  1.0154e+09
1  9  9.81755e+08
1  10  9.52368e+08
1  11  1.05149e+09
1  12  1.26128e+09
1  13  1.39639e+09
1  14  1.39725e+09
1  15  1.24654e+09
1  16  1.06994e+09
1  17  9.4016e+08
1  18  9.90482e+08
1  19  8.09241e+08
1  20  7.51244e+08
1  21  7.4495e+08
1  22  7.8089e+08
1  23  7.37717e+08
1  24  7.12808e+08
1  25  6.34916e+08
1  26  6.87777e+08
1  27  6.73366e+08
1  28  7.32108e+08
1  29  6.18031e+08
1  30  5.07074e+08
1  31  4.10945e+08
1  32  3.13204e+08
1  33  2.58567e+08
1  34  3.0838e+08
1  35  4.8005e+08
1  36  6.38061e+08
1  37  8.14265e+08
1  38  1.0012e+09
1  39  1.0862e+09
1  40  1.09934e+09
2  0  8.91855e+08
2  1  9.14339e+08
2  2  8.19687e+08
2  3  9.59518e+08
2  4  8.03876e+08
2  5  9.14435e+08
2  6  1.09059e+09
2  7  1.03931e+09
2  8  1.12193e+09
2  9  1.07025e+09
2  10  1.16158e+09
2  11  1.15857e+09
2  12  1.34881e+09
2  13  1.5316e+09
2  14  1.33124e+09
2  15  1.22419e+09
2  16  1.13245e+09
2  17  1.10301e+09
2  18  9.98139e+08
2  19  8.81626e+08
2  20  7.87182e+08
2  21  8.58356e+08
2  22  8.22394e+08
2  23  7.92188e+08
2  24  7.69905e+08
2  25  6.80956e+08
2  26  6.74556e+08
2  27  7.73463e+08
2  28  7.57307e+08
2  29  7.29888e+08
2  30  5.90884e+08
2  31  4.67039e+08
2  32  3.50824e+08
2  33  2.91551e+08
2  34  3.59594e+08
2  35  5.98574e+08
2  36  8.55561e+08
2  37  9.1452e+08
2  38  1.149e+09
2  39  1.19543e+09
2  40  1.13203e+09
3  0  1.12674e+09
3  1  9.73291e+08
3  2  9.22345e+08
3  3  1.02026e+09
3  4  1.06139e+09
3  5  1.03389e+09
3  6  1.04043e+09
3  7  1.0779e+09
3  8  1.0928e+09
3  9  1.13657e+09
3  10  1.27656e+09
3  11  1.35144e+09
3  12  1.33945e+09
3  13  1.71619e+09
3  14  1.4634e+09
3  15  1.18023e+09
3  16  1.09287e+09
3  17  1.04475e+09
3  18  1.05998e+09
3  19  1.05553e+09
3  20  9.76432e+08
3  21  9.30691e+08
3  22  8.95303e+08
3  23  9.43121e+08
3  24  7.69821e+08
3  25  7.33036e+08
3  26  7.95138e+08
3  27  8.35963e+08
3  28  8.55622e+08
3  29  7.96061e+08
3  30  6.6958e+08
3  31  5.29383e+08
3  32  4.19381e+08
3  33  3.52001e+08
3  34  4.40332e+08
3  35  7.62917e+08
3  36  9.68752e+08
3  37  1.12333e+09
3  38  1.20703e+09
3  39  1.27304e+09
3  40  1.17076e+09
4  0  1.1659e+09
4  1  1.16309e+09
4  2  9.92642e+08
4  3  1.0932e+09
4  4  1.1418e+09
4  5  1.34354e+09
4  6  1.24819e+09
4  7  1.10651e+09
4  8  1.15508e+09
4  9  1.14364e+09
4  10  1.26253e+09
4  11  1.33994e+09
4  12  1.42875e+09
4  13  1.46471e+09
4  14  1.38132e+09
4  15  1.14177e+09
4  16  1.17487e+09
4  17  9.69476e+08
4  18  8.79288e+08
4  19  9.4715e+08
4  20  8.91049e+08
4  21  9.16366e+08
4  22  1.01151e+09
4  23  8.98044e+08
4  24  7.54321e+08
4  25  8.87354e+08
4  26  7.47543e+08
4  27  8.86867e+08
4  28  9.47012e+08
4  29  8.60196e+08
4  30  7.21809e+08
4  31  5.80446e+08
4  32  4.41652e+08
4  33  4.11145e+08
4  34  4.34044e+08
4  35  8.21363e+08
4  36  9.85839e+08
4  37  1.16609e+09
4  38  1.16137e+09
4  39  1.17522e+09
4  40  1.0521e+09
5  0  1.3218e+09
5  1  1.21711e+09
5  2  1.07054e+09
5  3  1.16747e+09
5  4  1.26891e+09
5  5  1.41058e+09
5  6  1.22264e+09
5  7  1.23087e+09
5  8  1.20725e+09
5  9  1.24539e+09
5  10  1.35876e+09
5  11  1.4422e+09
5  12  1.36664e+09
5  13  1.28495e+09
5  14  1.23999e+09
5  15  1.0741e+09
5  16  9.71119e+08
5  17  1.00406e+09
5  18  9.34452e+08
5  19  9.19703e+08
5  20  9.62674e+08
5  21  9.27821e+08
5  22  8.98099e+08
5  23  1.00416e+09
5  24  7.99538e+08
5  25  8.17373e+08
5  26  8.13006e+08
5  27  9.29492e+08
5  28  8.156e+08
5  29  8.73354e+08
5  30  8.09209e+08
5  31  6.7222e+08
5  32  4.90599e+08
5  33  4.19408e+08
5  34  4.83255e+08
5  35  9.25672e+08
5  36  9.84787e+08
5  37  1.17871e+09
5  38  1.22014e+09
5  39  1.01945e+09
5  40  9.35041e+08
6  0  1.28419e+09
6  1  1.21147e+09
6  2  1.11211e+09
6  3  9.84711e+08
6  4  1.28105e+09
6  5  1.23691e+09
6  6  1.30684e+09
6  7  1.18393e+09
6  8  1.24419e+09
6  9  1.24927e+09
6  10  1.36484e+09
6  11  1.44599e+09
6  12  1.16656e+09
6  13  1.28603e+09
6  14  1.14921e+09
6  15  1.01878e+09
6  16  9.44093e+08
6  17  8.05006e+08
6  18  8.65285e+08
6  19  7.75833e+08
6  20  8.27687e+08
6  21  9.65111e+08
6  22  8.55917e+08
6  23  8.94066e+08
6  24  7.43993e+08
6  25  7.28849e+08
6  26  7.21422e+08
6  27  7.97665e+08
6  28  7.92886e+08
6  29  8.26546e+08
6  30  8.01952e+08
6  31  6.11509e+08
6  32  4.83688e+08
6  33  3.71014e+08
6  34  5.16339e+08
6  35  9.21602e+08
6  36  1.09491e+09
6  37  1.16984e+09
6  38  1.18538e+09
6  39  1.03219e+09
6  40  7.73834e+08
7  0  1.25064e+09
7  1  1.14305e+09
7  2  1.01935e+09
7  3  1.13723e+09
7  4  1.35633e+09
7  5  1.24474e+09
7  6  1.21713e+09
7  7  1.17602e+09
7  8  1.22506e+09
7  9  1.32952e+09
7  10  1.28404e+09
7  11  1.29771e+09
7  12  1.35614e+09
7  13  1.14313e+09
7  14  9.69524e+08
7  15  9.94822e+08
7  16  9.37036e+08
7  17  8.35112e+08
7  18  8.21746e+08
7  19  7.25521e+08
7  20  8.18748e+08
7  21  8.39714e+08
7  22  7.74295e+08
7  23  7.44296e+08
7  24  7.33888e+08
7  25  7.76563e+08
7  26  7.10194e+08
7  27  8.87682e+08
7  28  8.53677e+08
7  29  9.03212e+08
7  30  7.0578e+08
7  31  5.21377e+08
7  32  3.83645e+08
7  33  4.18742e+08
7  34  5.8329e+08
7  35  1.03786e+09
7  36  9.99598e+08
7  37  1.11579e+09
7  38  1.10918e+09
7  39  9.60834e+08
7  40  6.98058e+08
8  0  1.35788e+09
8  1  1.01267e+09
8  2  1.12103e+09
8  3  1.19662e+09
8  4  1.20772e+09
8  5  1.17613e+09
8  6  1.18289e+09
8  7  1.16631e+09
8  8  1.1347e+09
8  9  1.19913e+09
8  10  1.38979e+09
8  11  1.2337e+09
8  12  1.17144e+09
8  13  1.05271e+09
8  14  9.81549e+08
8  15  9.44417e+08
8  16  9.48802e+08
8  17  8.64988e+08
8  18  8.69209e+08
8  19  8.23154e+08
8  20  7.8272e+08
8  21  6.99243e+08
8  22  7.72412e+08
8  23  7.82347e+08
8  24  6.4541e+08
8  25  6.45805e+08
8  26  6.54861e+08
8  27  7.72571e+08
8  28  8.46944e+08
8  29  7.20361e+08
8  30  7.0885e+08
8  31  5.12806e+08
8  32  4.40849e+08
8  33  4.05974e+08
8  34  5.3541e+08
8  35  1.01517e+09
8  36  1.11154e+09
8  37  1.02779e+09
8  38  1.01492e+09
8  39  8.36405e+08
8  40  6.12035e+08
9  0  1.11962e+09
9  1  1.07862e+09
9  2  9.62277e+08
9  3  1.17179e+09
9  4  1.39141e+09
9  5  1.24674e+09
9  6  1.10665e+09
9  7  1.12819e+09
9  8  1.07398e+09
9  9  1.26315e+09
9  10  1.40833e+09
9  11  1.06208e+09
9  12  1.06974e+09
9  13  1.06966e+09
9  14  1.02615e+09
9  15  9.25974e+08
9  16  8.35091e+08
9  17  7.69973e+08
9  18  7.9577e+08
9  19  7.23466e+08
9  20  6.95378e+08
9  21  8.43672e+08
9  22  7.47865e+08
9  23  8.07073e+08
9  24  6.28675e+08
9  25  6.72976e+08
9  26  7.04083e+08
9  27  7.71062e+08
9  28  8.81482e+08
9  29  8.32786e+08
9  30  6.0276e+08
9  31  4.85933e+08
9  32  4.28392e+08
9  33  4.27681e+08
9  34  6.4771e+08
9  35  1.04037e+09
9  36  1.0063e+09
9  37  9.23504e+08
9  38  1.08001e+09
9  39  8.12164e+08
9  40  5.35797e+08
10  0  1.23387e+09
10  1  1.0699e+09
10  2  1.06321e+09
10  3  1.0951e+09
10  4  1.21558e+09
10  5  1.10915e+09
10  6  1.10708e+09
10  7  1.18796e+09
10  8  9.84343e+08
10  9  1.18596e+09
10  10  1.16948e+09
10  11  1.18867e+09
10  12  1.03973e+09
10  13  1.12949e+09
10  14  9.59445e+08
10  15  7.90633e+08
10  16  8.97203e+08
10  17  8.5263e+08
10  18  7.56137e+08
10  19  7.30373e+08
10  20  6.67945e+08
10  21  7.61252e+08
10  22  6.97985e+08
10  23  7.32543e+08
10  24  6.60566e+08
10  25  6.75975e+08
10  26  6.92937e+08
10  27  8.80909e+08
10  28  7.42705e+08
10  29  7.74338e+08
10  30  6.16813e+08
10  31  4.41124e+08
10  32  3.74402e+08
10  33  4.61777e+08
10  34  5.65886e+08
10  35  8.94688e+08
10  36  1.02791e+09
10  37  9.81395e+08
10  38  9.84004e+08
10  39  8.61992e+08
10  40  5.99947e+08
11  0  1.20781e+09
11  1  1.122e+09
11  2  1.03531e+09
11  3  1.22372e+09
11  4  1.14939e+09
11  5  1.06723e+09
11  6  1.11364e+09
11  7  1.13726e+09
11  8  1.08239e+09
11  9  1.09287e+09
11  10  1.15319e+09
11  11  1.14603e+09
11  12  1.05673e+09
11  13  9.71579e+08
11  14  7.6611e+08
11  15  8.2749e+08
11  16  8.48973e+08
11  17  7.41259e+08
11  18  6.59583e+08
11  19  6.414e+08
11  20  6.64801e+08
11  21  6.75748e+08
11  22  7.85371e+08
11  23  7.40655e+08
11  24  6.42586e+08
11  25  5.86611e+08
11  26  6.67781e+08
11  27  8.39338e+08
11  28  8.55711e+08
11  29  7.63328e+08
11  30  5.493e+08
11  31  4.98582e+08
11  32  4.06478e+08
11  33  4.75834e+08
11  34  5.9921e+08
11  35  8.94988e+08
11  36  9.54952e+08
11  37  8.9745e+08
11  38  1.10002e+09
11  39  8.35334e+08
11  40  6.10193e+08
12  0  1.31498e+09
12  1  1.16913e+09
12  2  1.12774e+09
12  3  1.15757e+09
12  4  1.2374e+09
12  5  1.0581e+09
12  6  1.16015e+09
12  7  1.11352e+09
12  8  8.75504e+08
12  9  1.01252e+09
12  10  1.21847e+09
12  11  1.16348e+09
12  12  1.06522e+09
12  13  8.94308e+08
12  14  8.87768e+08
12  15  8.28294e+08
12  16  7.63785e+08
12  17  7.0279e+08
12  18  7.41055e+08
12  19  6.26355e+08
12  20  6.83314e+08
12  21  7.12821e+08
12  22  6.3505e+08
12  23  6.20343e+08
12  24  6.64861e+08
12  25  6.88687e+08
12  26  5.9697e+08
12  27  7.9008e+08
12  28  7.73933e+08
12  29  8.16578e+08
12  30  5.26871e+08
12  31  5.30741e+08
12  32  4.82526e+08
12  33  4.36712e+08
12  34  5.70913e+08
12  35  9.15502e+08
12  36  9.54614e+08
12  37  9.69344e+08
12  38  9.58027e+08
12  39  8.70607e+08
12  40  6.38999e+08
13  0  1.21853e+09
13  1  1.11522e+09
13  2  1.21185e+09
13  3  1.10818e+09
13  4  1.17128e+09
13  5  1.09938e+09
13  6  1.0734e+09
13  7  9.53406e+08
13  8  9.88969e+08
13  9  1.04445e+09
13  10  1.08938e+09
13  11  1.09612e+09
13  12  1.00832e+09
13  13  9.92058e+08
13  14  8.97206e+08
13  15  9.38954e+08
13  16  7.91721e+08
13  17  6.74996e+08
13  18  6.44352e+08
13  19  7.25333e+08
13  20  6.78966e+08
13  21  6.74703e+08
13  22  7.22912e+08
13  23  6.51816e+08
13  24  6.38397e+08
13  25  6.7574e+08
13  26  7.60992e+08
13  27  8.41215e+08
13  28  8.40357e+08
13  29  7.11369e+08
13  30  6.56222e+08
13  31  6.02823e+08
13  32  5.21023e+08
13  33  5.4634e+08
13  34  6.66111e+08
13  35  9.9718e+08
13  36  9.74941e+08
13  37  9.36181e+08
13  38  9.23659e+08
13  39  8.37402e+08
13  40  6.34261e+08
14  0  1.30119e+09
14  1  1.13925e+09
14  2  1.16953e+09
14  3  1.15635e+09
14  4  1.16722e+09
14  5  1.14463e+09
14  6  1.1191e+09
14  7  1.04612e+09
14  8  1.05806e+09
14  9  9.58659e+08
14  10  1.11282e+09
14  11  9.85944e+08
14  12  9.78929e+08
14  13  8.69005e+08
14  14  8.59675e+08
14  15  7.79017e+08
14  16  7.74575e+08
14  17  7.47397e+08
14  18  6.8232e+08
14  19  5.93909e+08
14  20  6.63413e+08
14  21  7.03883e+08
14  22  6.95759e+08
14  23  6.53915e+08
14  24  6.74376e+08
14  25  6.49659e+08
14  26  6.16823e+08
14  27  7.90241e+08
14  28  7.42579e+08
14  29  7.17366e+08
14  30  7.00061e+08
14  31  6.81394e+08
14  32  6.06065e+08
14  33  5.69212e+08
14  34  7.48134e+08
14  35  9.73512e+08
14  36  8.89343e+08
14  37  8.61187e+08
14  38  8.65869e+08
14  39  8.1162e+08
14  40  6.63545e+08
15  0  1.36691e+09
15  1  1.19608e+09
15  2  1.0906e+09
15  3  1.06948e+09
15  4  1.11286e+09
15  5  1.06093e+09
15  6  9.575e+08
15  7  9.27622e+08
15  8  9.4513e+08
15  9  1.04811e+09
15  10  1.09513e+09
15  11  1.07519e+09
15  12  9.90911e+08
15  13  8.63925e+08
15  14  6.39771e+08
15  15  8.62968e+08
15  16  5.68261e+08
15  17  7.13401e+08
15  18  6.31762e+08
15  19  5.84459e+08
15  20  6.5276e+08
15  21  5.7599e+08
15  22  6.91631e+08
15  23  7.56863e+08
15  24  7.47869e+08
15  25  7.00268e+08
15  26  6.25373e+08
15  27  7.32443e+08
15  28  7.83178e+08
15  29  7.01461e+08
15  30  7.85535e+08
15  31  7.30777e+08
15  32  5.85158e+08
15  33  6.4388e+08
15  34  8.07735e+08
15  35  9.21123e+08
15  36  8.57107e+08
15  37  7.91983e+08
15  38  8.64527e+08
15  39  7.55436e+08
15  40  6.6166e+08
16  0  1.30647e+09
16  1  1.22755e+09
16  2  1.12956e+09
16  3  1.07293e+09
16  4  1.14963e+09
16  5  1.09413e+09
16  6  1.09163e+09
16  7  1.06653e+09
16  8  9.56621e+08
16  9  9.65346e+08
16  10  1.03251e+09
16  11  9.93486e+08
16  12  1.03225e+09
16  13  9.43538e+08
16  14  7.43847e+08
16  15  8.3964e+08
16  16  8.4033e+08
16  17  7.14232e+08
16  18  6.01005e+08
16  19  6.73663e+08
16  20  5.72139e+08
16  21  6.31317e+08
16  22  7.27061e+08
16  23  8.37865e+08
16  24  7.77557e+08
16  25  6.27292e+08
16  26  5.96443e+08
16  27  7.10235e+08
16  28  7.6335e+08
16  29  7.60213e+08
16  30  7.92157e+08
16  31  8.14064e+08
16  32  6.4574e+08
16  33  8.06371e+08
16  34  8.20309e+08
16  35  9.42747e+08
16  36  8.50021e+08
16  37  7.76728e+08
16  38  9.20525e+08
16  39  7.57942e+08
16  40  6.30799e+08
17  0  1.27651e+09
17  1  1.19349e+09
17  2  1.11827e+09
17  3  1.00882e+09
17  4  1.00934e+09
17  5  1.09276e+09
17  6  1.12035e+09
17  7  9.59452e+08
17  8  9.51858e+08
17  9  8.74385e+08
17  10  9.65635e+08
17  11  9.4751e+08
17  12  8.9769e+08
17  13  8.53214e+08
17  14  9.52007e+08
17  15  9.26009e+08
17  16  8.27549e+08
17  17  6.93784e+08
17  18  7.07047e+08
17  19  7.0798e+08
17  20  7.39353e+08
17  21  6.80064e+08
17  22  7.73356e+08
17  23  8.47599e+08
17  24  8.19293e+08
17  25  7.26137e+08
17  26  5.7321e+08
17  27  6.94941e+08
17  28  7.20514e+08
17  29  8.60677e+08
17  30  8.68168e+08
17  31  8.69767e+08
17  32  7.61091e+08
17  33  7.33222e+08
17  34  9.02087e+08
17  35  8.86921e+08
17  36  8.21614e+08
17  37  8.15538e+08
17  38  8.03927e+08
17  39  6.88061e+08
17  40  5.89366e+08
18  0  1.35048e+09
18  1  1.16965e+09
18  2  1.07958e+09
18  3  1.01059e+09
18  4  1.02126e+09
18  5  1.0447e+09
18  6  9.02401e+08
18  7  9.39479e+08
18  8  9.74955e+08
18  9  8.83815e+08
18  10  9.15508e+08
18  11  8.9467e+08
18  12  9.38722e+08
18  13  9.17576e+08
18  14  9.59295e+08
18  15  7.89718e+08
18  16  7.31099e+08
18  17  6.30558e+08
18  18  6.54194e+08
18  19  6.80795e+08
18  20  6.89993e+08
18  21  6.82509e+08
18  22  7.0539e+08
18  23  8.44739e+08
18  24  8.77703e+08
18  25  7.04319e+08
18  26  5.83387e+08
18  27  5.91477e+08
18  28  7.4975e+08
18  29  7.95065e+08
18  30  8.56376e+08
18  31  9.44415e+08
18  32  8.34548e+08
18  33  8.96459e+08
18  34  9.71543e+08
18  35  9.4875e+08
18  36  9.08104e+08
18  37  7.85693e+08
18  38  7.07686e+08
18  39  6.47368e+08
18  40  5.20969e+08
19  0  1.14589e+09
19  1  1.14276e+09
19  2  1.08067e+09
19  3  9.33571e+08
19  4  9.19377e+08
19  5  9.33854e+08
19  6  9.83941e+08
19  7  9.3095e+08
19  8  9.18379e+08
19  9  8.72377e+08
19  10  7.85266e+08
19  11  9.0741e+08
19  12  8.00883e+08
19  13  8.88638e+08
19  14  1.00579e+09
19  15  9.51291e+08
19  16  8.28807e+08
19  17  8.38507e+08
19  18  7.07693e+08
19  19  7.61135e+08
19  20  7.38416e+08
19  21  8.00557e+08
19  22  8.25803e+08
19  23  9.4872e+08
19  24  8.1403e+08
19  25  6.95662e+08
19  26  5.71996e+08
19  27  6.77914e+08
19  28  7.04891e+08
19  29  7.16511e+08
19  30  8.56454e+08
19  31  9.32849e+08
19  32  8.77779e+08
19  33  9.26462e+08
19  34  1.04663e+09
19  35  9.94719e+08
19  36  8.36549e+08
19  37  6.44403e+08
19  38  5.89166e+08
19  39  5.39662e+08
19  40  4.56631e+08
20  0  1.1148e+09
20  1  1.16705e+09
20  2  9.5323e+08
20  3  1.01222e+09
20  4  9.28768e+08
20  5  9.21047e+08
20  6  9.44174e+08
20  7  9.62501e+08
20  8  8.4825e+08
20  9  7.37377e+08
20  10  8.01638e+08
20  11  8.07252e+08
20  12  7.88947e+08
20  13  8.55483e+08
20  14  9.86085e+08
20  15  9.18544e+08
20  16  9.66707e+08
20  17  8.44615e+08
20  18  7.36608e+08
20  19  7.04753e+08
20  20  8.83016e+08
20  21  8.88757e+08
20  22  9.45506e+08
20  23  1.00645e+09
20  24  8.8e+08
20  25  7.83936e+08
20  26  6.27867e+08
20  27  6.39035e+08
20  28  7.24873e+08
20  29  7.10695e+08
20  30  8.44106e+08
20  31  1.12445e+09
20  32  9.69334e+08
20  33  8.4031e+08
20  34  1.0345e+09
20  35  1.03203e+09
20  36  8.18999e+08
20  37  7.18028e+08
20  38  6.39385e+08
20  39  5.53805e+08
20  40  4.10354e+08
21  0  1.04906e+09
21  1  1.17215e+09
21  2  1.00981e+09
21  3  1.06642e+09
21  4  9.77846e+08
21  5  8.80762e+08
21  6  8.37664e+08
21  7  8.05245e+08
21  8  6.97224e+08
21  9  7.13755e+08
21  10  7.17267e+08
21  11  7.01612e+08
21  12  8.43176e+08
21  13  8.08502e+08
21  14  9.2623e+08
21  15  1.02109e+09
21  16  9.22258e+08
21  17  9.4562e+08
21  18  8.23813e+08
21  19  7.80359e+08
21  20  8.00528e+08
21  21  9.15018e+08
21  22  9.21606e+08
21  23  9.23745e+08
21  24  9.4874e+08
21  25  7.04318e+08
21  26  6.68969e+08
21  27  7.05043e+08
21  28  7.49744e+08
21  29  7.6727e+08
21  30  8.44085e+08
21  31  9.05432e+08
21  32  8.23019e+08
21  33  9.10696e+08
21  34  1.01479e+09
21  35  8.23888e+08
21  36  7.77335e+08
21  37  6.58036e+08
21  38  6.31006e+08
21  39  4.81248e+08
21  40  4.01774e+08
22  0  1.02947e+09
22  1  1.07826e+09
22  2  1.07554e+09
22  3  9.12817e+08
22  4  9.01465e+08
22  5  8.2187e+08
22  6  9.44407e+08
22  7  8.68207e+08
22  8  7.70373e+08
22  9  6.82401e+08
22  10  7.20213e+08
22  11  7.16264e+08
22  12  8.85896e+08
22  13  8.80896e+08
22  14  8.11853e+08
22  15  9.34373e+08
22  16  1.05424e+09
22  17  8.3376e+08
22  18  9.30515e+08
22  19  7.73212e+08
22  20  8.39933e+08
22  21  9.0723e+08
22  22  9.37496e+08
22  23  1.0132e+09
22  24  9.60201e+08
22  25  7.97485e+08
22  26  6.50121e+08
22  27  6.65766e+08
22  28  7.63562e+08
22  29  7.66382e+08
22  30  9.04722e+08
22  31  8.8166e+08
22  32  9.25259e+08
22  33  9.81722e+08
22  34  1.06475e+09
22  35  9.11035e+08
22  36  8.0066e+08
22  37  6.84369e+08
22  38  5.77627e+08
22  39  4.31206e+08
22  40  3.72407e+08
23  0  1.10664e+09
23  1  1.15582e+09
23  2  9.89454e+08
23  3  9.20748e+08
23  4  9.45511e+08
23  5  8.43252e+08
23  6  8.51521e+08
23  7  6.80649e+08
23  8  6.7166e+08
23  9  7.21055e+08
23  10  6.37222e+08
23  11  7.0456e+08
23  12  8.16027e+08
23  13  8.71623e+08
23  14  8.2127e+08
23  15  9.42875e+08
23  16  8.87185e+08
23  17  9.48247e+08
23  18  9.83755e+08
23  19  9.52563e+08
23  20  9.31802e+08
23  21  9.03655e+08
23  22  9.94092e+08
23  23  1.04219e+09
23  24  9.66035e+08
23  25  8.21203e+08
23  26  7.05777e+08
23  27  6.90212e+08
23  28  8.39504e+08
23  29  7.36577e+08
23  30  8.88839e+08
23  31  1.00592e+09
23  32  9.25497e+08
23  33  9.31325e+08
23  34  9.27341e+08
23  35  8.37427e+08
23  36  8.28152e+08
23  37  6.23182e+08
23  38  5.29133e+08
23  39  4.45949e+08
23  40  3.25117e+08
24  0  9.43329e+08
24  1  1.04631e+09
24  2  1.06664e+09
24  3  8.77778e+08
24  4  9.42049e+08
24  5  9.33743e+08
24  6  8.49557e+08
24  7  6.67023e+08
24  8  6.42839e+08
24  9  5.76447e+08
24  10  6.76384e+08
24  11  6.90472e+08
24  12  8.13343e+08
24  13  8.88344e+08
24  14  8.47248e+08
24  15  1.00734e+09
24  16  9.13795e+08
24  17  1.01527e+09
24  18  9.39339e+08
24  19  9.44078e+08
24  20  8.61268e+08
24  21  8.04457e+08
24  22  9.23379e+08
24  23  1.12307e+09
24  24  1.04977e+09
24  25  9.42295e+08
24  26  7.57745e+08
24  27  7.48602e+08
24  28  9.07009e+08
24  29  8.13541e+08
24  30  8.15039e+08
24  31  1.07367e+09
24  32  8.99854e+08
24  33  1.04534e+09
24  34  9.14844e+08
24  35  9.26361e+08
24  36  7.00325e+08
24  37  5.89115e+08
24  38  5.16628e+08
24  39  4.08037e+08
24  40  3.85015e+08
25  0  9.89357e+08
25  1  1.0263e+09
25  2  9.63109e+08
25  3  8.66714e+08
25  4  9.15513e+08
25  5  7.92635e+08
25  6  7.34446e+08
25  7  7.38618e+08
25  8  6.22288e+08
25  9  5.96287e+08
25  10  6.56283e+08
25  11  6.80403e+08
25  12  7.41009e+08
25  13  1.01536e+09
25  14  9.49771e+08
25  15  1.03256e+09
25  16  9.92383e+08
25  17  8.83511e+08
25  18  8.88185e+08
25  19  9.25081e+08
25  20  9.21526e+08
25  21  9.24213e+08
25  22  1.02803e+09
25  23  1.04769e+09
25  24  1.09893e+09
25  25  8.85708e+08
25  26  8.11559e+08
25  27  8.03902e+08
25  28  9.68334e+08
25  29  8.44404e+08
25  30  8.49044e+08
25  31  9.35938e+08
25  32  1.00967e+09
25  33  9.93281e+08
25  34  8.3636e+08
25  35  8.83965e+08
25  36  6.6901e+08
25  37  6.05727e+08
25  38  4.69951e+08
25  39  4.33457e+08
25  40  3.61467e+08
26  0  9.13291e+08
26  1  9.9804e+08
26  2  1.016e+09
26  3  9.98147e+08
26  4  1.0066e+09
26  5  8.04295e+08
26  6  8.00916e+08
26  7  7.11949e+08
26  8  5.97097e+08
26  9  6.0328e+08
26  10  6.21615e+08
26  11  6.39839e+08
26  12  7.7015e+08
26  13  9.3015e+08
26  14  8.8656e+08
26  15  9.12974e+08
26  16  1.09631e+09
26  17  9.23737e+08
26  18  9.50628e+08
26  19  9.49672e+08
26  20  9.28275e+08
26  21  8.36412e+08
26  22  9.82096e+08
26  23  1.0868e+09
26  24  1.03089e+09
26  25  9.14476e+08
26  26  8.22348e+08
26  27  8.67845e+08
26  28  9.37805e+08
26  29  9.94392e+08
26  30  9.28926e+08
26  31  1.01319e+09
26  32  9.219e+08
26  33  9.88699e+08
26  34  9.5464e+08
26  35  8.56531e+08
26  36  8.78888e+08
26  37  5.034e+08
26  38  4.26646e+08
26  39  4.13598e+08
26  40  3.57428e+08
27  0  9.5568e+08
27  1  1.00009e+09
27  2  9.32867e+08
27  3  8.40899e+08
27  4  8.41551e+08
27  5  7.84527e+08
27  6  6.93846e+08
27  7  6.85112e+08
27  8  5.64873e+08
27  9  6.36496e+08
27  10  6.91602e+08
27  11  7.5441e+08
27  12  8.3243e+08
27  13  9.20686e+08
27  14  9.97704e+08
27  15  1.09459e+09
27  16  9.85255e+08
27  17  1.04366e+09
27  18  8.98675e+08
27  19  9.62964e+08
27  20  9.32371e+08
27  21  8.99775e+08
27  22  1.0079e+09
27  23  1.13799e+09
27  24  1.02389e+09
27  25  9.78839e+08
27  26  8.57976e+08
27  27  8.57983e+08
27  28  1.00989e+09
27  29  7.8145e+08
27  30  9.33057e+08
27  31  9.13623e+08
27  32  9.45546e+08
27  33  9.63082e+08
27  34  7.74958e+08
27  35  8.35865e+08
27  36  7.49518e+08
27  37  5.09844e+08
27  38  4.23909e+08
27  39  3.61426e+08
27  40  3.70018e+08
28  0  9.06941e+08
28  1  1.07079e+09
28  2  1.07561e+09
28  3  1.00416e+09
28  4  9.89468e+08
28  5  7.79747e+08
28  6  7.32311e+08
28  7  6.82605e+08
28  8  6.04689e+08
28  9  6.93166e+08
28  10  7.0036e+08
28  11  7.92366e+08
28  12  9.19466e+08
28  13  1.15322e+09
28  14  1.02858e+09
28  15  9.50588e+08
28  16  9.70414e+08
28  17  1.0401e+09
28  18  1.0654e+09
28  19  9.4433e+08
28  20  8.61988e+08
28  21  9.12257e+08
28  22  1.00082e+09
28  23  1.1421e+09
28  24  1.08343e+09
28  25  1.04456e+09
28  26  8.3257e+08
28  27  8.67568e+08
28  28  9.20877e+08
28  29  8.89347e+08
28  30  9.83541e+08
28  31  9.85895e+08
28  32  1.02443e+09
28  33  1.00201e+09
28  34  9.85704e+08
28  35  8.29347e+08
28  36  7.60082e+08
28  37  5.49556e+08
28  38  3.87029e+08
28  39  3.94095e+08
28  40  4.16971e+08
29  0  1.05067e+09
29  1  1.16303e+09
29  2  1.11839e+09
29  3  9.58001e+08
29  4  9.50645e+08
29  5  9.67936e+08
29  6  7.68963e+08
29  7  7.60714e+08
29  8  7.66891e+08
29  9  6.40557e+08
29  10  7.85042e+08
29  11  8.22293e+08
29  12  9.07543e+08
29  13  1.1019e+09
29  14  1.19e+09
29  15  9.50202e+08
29  16  1.01452e+09
29  17  1.07157e+09
29  18  9.44577e+08
29  19  9.65294e+08
29  20  7.57244e+08
29  21  8.66775e+08
29  22  9.96284e+08
29  23  1.22535e+09
29  24  1.0408e+09
29  25  1.04269e+09
29  26  9.44624e+08
29  27  8.32625e+08
29  28  1.02445e+09
29  29  9.33207e+08
29  30  9.55277e+08
29  31  9.94522e+08
29  32  9.8885e+08
29  33  1.0389e+09
29  34  9.2796e+08
29  35  9.1323e+08
29  36  7.87114e+08
29  37  5.30527e+08
29  38  3.93875e+08
29  39  3.98858e+08
29  40  4.40406e+08
30  0  1.30365e+09
30  1  1.18662e+09
30  2  1.16291e+09
30  3  1.14368e+09
30  4  9.48717e+08
30  5  9.10741e+08
30  6  8.17005e+08
30  7  8.51574e+08
30  8  7.59311e+08
30  9  8.15139e+08
30  10  8.42888e+08
30  11  8.87283e+08
30  12  9.72412e+08
30  13  1.04667e+09
30  14  1.05363e+09
30  15  1.05453e+09
30  16  1.0584e+09
30  17  1.08028e+09
30  18  1.03934e+09
30  19  9.24106e+08
30  20  8.35873e+08
30  21  9.24137e+08
30  22  1.04064e+09
30  23  1.18367e+09
30  24  1.22039e+09
30  25  1.1162e+09
30  26  9.38159e+08
30  27  8.0539e+08
30  28  9.71431e+08
30  29  9.32462e+08
30  30  9.34756e+08
30  31  1.00236e+09
30  32  1.02873e+09
30  33  1.10351e+09
30  34  9.18323e+08
30  35  1.02164e+09
30  36  8.69344e+08
30  37  5.57689e+08
30  38  4.69566e+08
30  39  4.16405e+08
30  40  4.86686e+08
31  0  1.5589e+09
31  1  1.22078e+09
31  2  1.3689e+09
31  3  1.20066e+09
31  4  1.17506e+09
31  5  9.39087e+08
31  6  9.21598e+08
31  7  9.35208e+08
31  8  8.16328e+08
31  9  8.62536e+08
31  10  9.54636e+08
31  11  1.00904e+09
31  12  1.09905e+09
31  13  1.15822e+09
31  14  1.12794e+09
31  15  1.09968e+09
31  16  1.12699e+09
31  17  1.07926e+09
31  18  1.06372e+09
31  19  8.32258e+08
31  20  8.84416e+08
31  21  1.01798e+09
31  22  1.00114e+09
31  23  1.29477e+09
31  24  1.15259e+09
31  25  1.0261e+09
31  26  9.61736e+08
31  27  8.86629e+08
31  28  9.97865e+08
31  29  9.85347e+08
31  30  1.02649e+09
31  31  9.52125e+08
31  32  1.02669e+09
31  33  1.07203e+09
31  34  9.70718e+08
31  35  9.72143e+08
31  36  8.53571e+08
31  37  5.73267e+08
31  38  4.69225e+08
31  39  4.52843e+08
31  40  5.2638e+08
32  0  1.6663e+09
32  1  1.40215e+09
32  2  1.34278e+09
32  3  1.32846e+09
32  4  1.07646e+09
32  5  1.14163e+09
32  6  1.08705e+09
32  7  1.0246e+09
32  8  1.07635e+09
32  9  1.00913e+09
32  10  1.05759e+09
32  11  1.12183e+09
32  12  1.19422e+09
32  13  1.17979e+09
32  14  1.29762e+09
32  15  1.07965e+09
32  16  1.10016e+09
32  17  1.21379e+09
32  18  1.02317e+09
32  19  1.05329e+09
32  20  9.84116e+08
32  21  1.02994e+09
32  22  1.05017e+09
32  23  1.2303e+09
32  24  1.15291e+09
32  25  1.13072e+09
32  26  1.02389e+09
32  27  9.64558e+08
32  28  9.0806e+08
32  29  9.82757e+08
32  30  1.02783e+09
32  31  1.01327e+09
32  32  9.75496e+08
32  33  1.02292e+09
32  34  1.06377e+09
32  35  1.15693e+09
32  36  1.01762e+09
32  37  5.79874e+08
32  38  5.0516e+08
32  39  5.10419e+08
32  40  6.34792e+08
33  0  1.6239e+09
33  1  1.45372e+09
33  2  1.28337e+09
33  3  1.32738e+09
33  4  1.34251e+09
33  5  1.18738e+09
33  6  1.18393e+09
33  7  1.16295e+09
33  8  1.13909e+09
33  9  1.13502e+09
33  10  1.07738e+09
33  11  1.03837e+09
33  12  1.13368e+09
33  13  1.19982e+09
33  14  1.16344e+09
33  15  1.24783e+09
33  16  1.1784e+09
33  17  1.06833e+09
33  18  1.24507e+09
33  19  1.00991e+09
33  20  9.22527e+08
33  21  1.02565e+09
33  22  1.15305e+09
33  23  1.21359e+09
33  24  1.12972e+09
33  25  1.1134e+09
33  26  1.00161e+09
33  27  9.47915e+08
33  28  9.39639e+08
33  29  1.03189e+09
33  30  9.51744e+08
33  31  9.23809e+08
33  32  9.37373e+08
33  33  1.17345e+09
33  34  1.17233e+09
33  35  1.13558e+09
33  36  9.92974e+08
33  37  6.28322e+08
33  38  5.43028e+08
33  39  5.08817e+08
33  40  7.53518e+08
34  0  1.74329e+09
34  1  1.41138e+09
34  2  1.41328e+09
34  3  1.34661e+09
34  4  1.37011e+09
34  5  1.34301e+09
34  6  1.36314e+09
34  7  1.16759e+09
34  8  1.05916e+09
34  9  1.07518e+09
34  10  1.14062e+09
34  11  1.18718e+09
34  12  1.17585e+09
34  13  1.28723e+09
34  14  1.14992e+09
34  15  1.12471e+09
34  16  1.26792e+09
34  17  1.36242e+09
34  18  1.27353e+09
34  19  1.13657e+09
34  20  1.06723e+09
34  21  1.07706e+09
34  22  1.19146e+09
34  23  1.36685e+09
34  24  1.20657e+09
34  25  1.10469e+09
34  26  1.03615e+09
34  27  1.0415e+09
34  28  9.87606e+08
34  29  1.00077e+09
34  30  9.49526e+08
34  31  9.75899e+08
34  32  9.08477e+08
34  33  1.18675e+09
34  34  1.23465e+09
34  35  1.18779e+09
34  36  1.17548e+09
34  37  7.46908e+08
34  38  6.06382e+08
34  39  6.12812e+08
34  40  8.23728e+08
35  0  1.32147e+09
35  1  1.20885e+09
35  2  1.33427e+09
35  3  1.35555e+09
35  4  1.24627e+09
35  5  1.23104e+09
35  6  1.20957e+09
35  7  1.24083e+09
35  8  1.24148e+09
35  9  1.18858e+09
35  10  1.18311e+09
35  11  1.25075e+09
35  12  1.18716e+09
35  13  1.32264e+09
35  14  1.14036e+09
35  15  1.22505e+09
35  16  1.32664e+09
35  17  1.1885e+09
35  18  1.14009e+09
35  19  1.1437e+09
35  20  1.0974e+09
35  21  1.13734e+09
35  22  1.28385e+09
35  23  1.34059e+09
35  24  1.27821e+09
35  25  1.1519e+09
35  26  1.11675e+09
35  27  1.08389e+09
35  28  9.91676e+08
35  29  9.24544e+08
35  30  9.01878e+08
35  31  8.53895e+08
35  32  8.31486e+08
35  33  1.0438e+09
35  34  1.25707e+09
35  35  1.29666e+09
35  36  1.20121e+09
35  37  7.08123e+08
35  38  6.75551e+08
35  39  6.68793e+08
35  40  8.3928e+08
36  0  1.10224e+09
36  1  1.17044e+09
36  2  1.05184e+09
36  3  1.29317e+09
36  4  1.11137e+09
36  5  1.08274e+09
36  6  1.24021e+09
36  7  1.20622e+09
36  8  1.20236e+09
36  9  1.30141e+09
36  10  1.33338e+09
36  11  1.3572e+09
36  12  1.22525e+09
36  13  1.23166e+09
36  14  1.36478e+09
36  15  1.41023e+09
36  16  1.45244e+09
36  17  1.24514e+09
36  18  1.15669e+09
36  19  1.12513e+09
36  20  1.20621e+09
36  21  1.22369e+09
36  22  1.19384e+09
36  23  1.22644e+09
36  24  1.1663e+09
36  25  1.19958e+09
36  26  1.16183e+09
36  27  1.05478e+09
36  28  1.06824e+09
36  29  1.01774e+09
36  30  8.52401e+08
36  31  8.83295e+08
36  32  7.83377e+08
36  33  9.75698e+08
36  34  1.25884e+09
36  35  1.28347e+09
36  36  1.13897e+09
36  37  8.06905e+08
36  38  6.62744e+08
36  39  6.61057e+08
36  40  9.10639e+08
37  0  1.08097e+09
37  1  9.13998e+08
37  2  9.48902e+08
37  3  1.05428e+09
37  4  1.03014e+09
37  5  1.10181e+09
37  6  1.13662e+09
37  7  1.01258e+09
37  8  1.24896e+09
37  9  1.25609e+09
37  10  1.42893e+09
37  11  1.43315e+09
37  12  1.36906e+09
37  13  1.36387e+09
37  14  1.32534e+09
37  15  1.37936e+09
37  16  1.40534e+09
37  17  1.36189e+09
37  18  1.2767e+09
37  19  1.21254e+09
37  20  1.18329e+09
37  21  1.26591e+09
37  22  1.39251e+09
37  23  1.28147e+09
37  24  1.37352e+09
37  25  1.24651e+09
37  26  1.14387e+09
37  27  1.1448e+09
37  28  1.13618e+09
37  29  9.28163e+08
37  30  8.08946e+08
37  31  7.77955e+08
37  32  8.2584e+08
37  33  1.12161e+09
37  34  1.296e+09
37  35  1.32026e+09
37  36  1.09519e+09
37  37  7.46026e+08
37  38  6.82078e+08
37  39  8.11313e+08
37  40  9.92512e+08
38  0  9.86023e+08
38  1  8.42666e+08
38  2  8.23112e+08
38  3  8.46623e+08
38  4  7.78143e+08
38  5  8.97803e+08
38  6  9.64944e+08
38  7  9.99406e+08
38  8  1.03327e+09
38  9  1.23998e+09
38  10  1.3264e+09
38  11  1.44159e+09
38  12  1.25266e+09
38  13  1.46272e+09
38  14  1.50395e+09
38  15  1.27693e+09
38  16  1.39675e+09
38  17  1.39128e+09
38  18  1.33838e+09
38  19  1.15967e+09
38  20  1.23822e+09
38  21  1.33687e+09
38  22  1.33998e+09
38  23  1.24442e+09
38  24  1.15921e+09
38  25  1.25031e+09
38  26  1.24531e+09
38  27  1.17573e+09
38  28  1.10779e+09
38  29  8.99569e+08
38  30  7.99807e+08
38  31  7.0776e+08
38  32  8.58816e+08
38  33  1.11788e+09
38  34  1.28494e+09
38  35  1.3453e+09
38  36  1.01043e+09
38  37  7.66255e+08
38  38  7.39245e+08
38  39  7.87596e+08
38  40  9.23753e+08
39  0  8.06689e+08
39  1  7.35905e+08
39  2  7.5495e+08
39  3  7.91472e+08
39  4  7.36177e+08
39  5  8.05394e+08
39  6  8.80437e+08
39  7  9.26519e+08
39  8  1.13106e+09
39  9  1.042e+09
39  10  1.15936e+09
39  11  1.36253e+09
39  12  1.46007e+09
39  13  1.50978e+09
39  14  1.32896e+09
39  15  1.29246e+09
39  16  1.53771e+09
39  17  1.30122e+09
39  18  1.26353e+09
39  19  1.24304e+09
39  20  1.30218e+09
39  21  1.32257e+09
39  22  1.37489e+09
39  23  1.32061e+09
39  24  1.26652e+09
39  25  1.30679e+09
39  26  1.1452e+09
39  27  1.14522e+09
39  28  1.10011e+09
39  29  9.30758e+08
39  30  8.03538e+08
39  31  7.05839e+08
39  32  7.7158e+08
39  33  1.12917e+09
39  34  1.40675e+09
39  35  1.13533e+09
39  36  9.59241e+08
39  37  7.31047e+08
39  38  7.04853e+08
39  39  8.84693e+08
39  40  1.00153e+09
40  0  5.97938e+08
40  1  6.19419e+08
40  2  5.88053e+08
40  3  6.46034e+08
40  4  6.37285e+08
40  5  6.45466e+08
40  6  7.35324e+08
40  7  7.17601e+08
40  8  8.56383e+08
40  9  9.73878e+08
40  10  1.04151e+09
40  11  1.12008e+09
40  12  1.21155e+09
40  13  1.25781e+09
40  14  1.38015e+09
40  15  1.38252e+09
40  16  1.33246e+09
40  17  1.42475e+09
40  18  1.34689e+09
40  19  1.27809e+09
40  20  1.38785e+09
40  21  1.313e+09
40  22  1.37353e+09
40  23  1.26386e+09
40  24  1.17534e+09
40  25  1.30523e+09
40  26  1.27758e+09
40  27  1.28735e+09
40  28  1.15613e+09
40  29  1.0176e+09
40  30  7.70418e+08
40  31  7.27753e+08
40  32  7.36434e+08
40  33  1.00845e+09
40  34  1.29555e+09
40  35  1.08438e+09
40  36  9.58512e+08
40  37  7.17716e+08
40  38  7.16293e+08
40  39  8.23796e+08
40  40  9.6467e+08

