row  column  (images_17_538.edf S-K*images_17_538.edf Ar-K**2.3)
0  0  5.67739e+06
0  1  8.23783e+06
0  2  8.45484e+06
0  3  8.31499e+06
0  4  8.6374e+06
0  5  1.11543e+07
0  6  1.06048e+07
0  7  8.1053e+06
0  8  9.87182e+06
0  9  8.44983e+06
0  10  8.88133e+06
0  11  7.68368e+06
0  12  7.99915e+06
0  13  5.66205e+06
0  14  0
0  15  0
0  16  0
0  17  0
0  18  0
0  19  0
0  20  6.11701e+06
0  21  0
0  22  0
0  23  0
0  24  0
0  25  0
0  26  0
0  27  0
0  28  0
0  29  0
0  30  0
0  31  0
0  32  0
0  33  0
0  34  0
0  35  0
0  36  0
0  37  0
0  38  0
0  39  0
0  40  6.33781e+06
0  41  0
0  42  0
0  43  0
0  44  0
0  45  0
0  46  0
0  47  0
0  48  4.53982e+06
0  49  0
0  50  0
0  51  6.02622e+06
0  52  0
0  53  9.71909e+06
0  54  0
0  55  6.177e+06
0  56  0
0  57  6.29921e+06
0  58  0
0  59  0
0  60  0
0  61  0
0  62  7.97931e+06
0  63  6.67102e+06
0  64  7.45637e+06
0  65  5.71674e+06
0  66  0
0  67  0
0  68  0
0  69  9.31057e+06
0  70  6.19872e+06
0  71  7.74833e+06
0  72  0
0  73  1.21001e+07
0  74  1.02692e+07
0  75  1.56181e+07
0  76  9.9539e+06
0  77  1.16648e+07
0  78  7.45531e+06
0  79  8.54144e+06
0  80  0
1  0  5.70744e+06
1  1  7.33743e+06
1  2  1.10445e+07
1  3  9.56911e+06
1  4  8.83556e+06
1  5  8.17199e+06
1  6  1.14013e+07
1  7  6.62658e+06
1  8  7.0642e+06
1  9  7.02541e+06
1  10  5.51403e+06
1  11  8.36958e+06
1  12  0
1  13  0
1  14  4.96303e+06
1  15  0
1  16  0
1  17  0
1  18  0
1  19  0
1  20  0
1  21  5.35625e+06
1  22  0
1  23  0
1  24  0
1  25  0
1  26  0
1  27  0
1  28  0
1  29  0
1  30  0
1  31  0
1  32  0
1  33  0
1  34  0
1  35  0
1  36  0
1  37  0
1  38  0
1  39  0
1  40  0
1  41  6.81615e+06
1  42  0
1  43  0
1  44  0
1  45  0
1  46  0
1  47  0
1  48  0
1  49  5.80692e+06
1  50  0
1  51  4.94337e+06
1  52  0
1  53  5.58643e+06
1  54  0
1  55  0
1  56  6.81466e+06
1  57  6.27817e+06
1  58  0
1  59  0
1  60  0
1  61  7.1892e+06
1  62  5.87042e+06
1  63  7.43638e+06
1  64  0
1  65  0
1  66  7.4038e+06
1  67  5.29062e+06
1  68  0
1  69  0
1  70  0
1  71  0
1  72  1.20657e+07
1  73  8.13528e+06
1  74  1.02312e+07
1  75  1.42009e+07
1  76  1.35616e+07
1  77  8.0595e+06
1  78  343243
1  79  0
1  80  0
2  0  1.08933e+07
2  1  7.98811e+06
2  2  0
2  3  9.22933e+06
2  4  9.95045e+06
2  5  1.31463e+07
2  6  9.17255e+06
2  7  1.27134e+07
2  8  8.0411e+06
2  9  9.05758e+06
2  10  8.46608e+06
2  11  8.06501e+06
2  12  8.76853e+06
2  13  0
2  14  0
2  15  0
2  16  0
2  17  0
2  18  0
2  19  0
2  20  0
2  21  0
2  22  0
2  23  0
2  24  0
2  25  0
2  26  0
2  27  0
2  28  0
2  29  0
2  30  0
2  31  0
2  32  0
2  33  0
2  34  0
2  35  0
2  36  0
2  37  0
2  38  0
2  39  0
2  40  0
2  41  0
2  42  0
2  43  0
2  44  0
2  45  0
2  46  0
2  47  0
2  48  0
2  49  0
2  50  0
2  51  0
2  52  0
2  53  0
2  54  0
2  55  0
2  56  0
2  57  0
2  58  7.00791e+06
2  59  0
2  60  7.48227e+06
2  61  0
2  62  0
2  63  0
2  64  7.09453e+06
2  65  0
2  66  8.25989e+06
2  67  8.21361e+06
2  68  0
2  69  5.7005e+06
2  70  0
2  71  6.68717e+06
2  72  7.03521e+06
2  73  7.49069e+06
2  74  8.57419e+06
2  75  1.03339e+07
2  76  1.25043e+07
2  77  9.08143e+06
2  78  7.32066e+06
2  79  6.07078e+06
2  80  0
3  0  0
3  1  9.45902e+06
3  2  0
3  3  1.15248e+07
3  4  6.04569e+06
3  5  8.76654e+06
3  6  0
3  7  6.61762e+06
3  8  6.65551e+06
3  9  8.85672e+06
3  10  1.12079e+07
3  11  9.05493e+06
3  12  0
3  13  0
3  14  0
3  15  0
3  16  0
3  17  0
3  18  0
3  19  7.11893e+06
3  20  5.71661e+06
3  21  0
3  22  0
3  23  0
3  24  0
3  25  0
3  26  0
3  27  0
3  28  0
3  29  0
3  30  0
3  31  0
3  32  0
3  33  0
3  34  0
3  35  0
3  36  0
3  37  0
3  38  0
3  39  0
3  40  0
3  41  0
3  42  0
3  43  0
3  44  0
3  45  0
3  46  0
3  47  0
3  48  0
3  49  0
3  50  0
3  51  0
3  52  0
3  53  5.6389e+06
3  54  0
3  55  0
3  56  0
3  57  0
3  58  6.52954e+06
3  59  0
3  60  0
3  61  6.72227e+06
3  62  0
3  63  0
3  64  6.4181e+06
3  65  0
3  66  0
3  67  0
3  68  0
3  69  0
3  70  5.56958e+06
3  71  0
3  72  6.04143e+06
3  73  6.12408e+06
3  74  0
3  75  1.21967e+07
3  76  1.38368e+07
3  77  1.0505e+07
3  78  1.10917e+07
3  79  0
3  80  0
4  0  0
4  1  7.57318e+06
4  2  8.399e+06
4  3  1.35307e+07
4  4  7.47444e+06
4  5  9.48357e+06
4  6  8.13335e+06
4  7  1.07561e+07
4  8  8.48398e+06
4  9  7.54749e+06
4  10  6.63739e+06
4  11  8.01707e+06
4  12  0
4  13  4.61784e+06
4  14  0
4  15  0
4  16  0
4  17  0
4  18  0
4  19  0
4  20  0
4  21  0
4  22  0
4  23  0
4  24  0
4  25  0
4  26  0
4  27  0
4  28  0
4  29  0
4  30  0
4  31  0
4  32  0
4  33  0
4  34  0
4  35  0
4  36  0
4  37  0
4  38  0
4  39  0
4  40  0
4  41  0
4  42  0
4  43  0
4  44  0
4  45  0
4  46  0
4  47  0
4  48  0
4  49  0
4  50  0
4  51  0
4  52  0
4  53  6.54703e+06
4  54  0
4  55  0
4  56  0
4  57  0
4  58  0
4  59  0
4  60  0
4  61  0
4  62  0
4  63  7.38165e+06
4  64  0
4  65  0
4  66  0
4  67  0
4  68  0
4  69  0
4  70  5.90972e+06
4  71  7.35521e+06
4  72  8.55325e+06
4  73  0
4  74  8.29209e+06
4  75  7.12349e+06
4  76  1.0307e+07
4  77  7.25011e+06
4  78  5.34983e+06
4  79  0
4  80  0
5  0  5.05396e+06
5  1  1.25462e+07
5  2  1.06812e+07
5  3  1.25793e+07
5  4  1.05188e+07
5  5  1.01762e+07
5  6  9.0898e+06
5  7  8.25924e+06
5  8  2.64703e+06
5  9  9.60191e+06
5  10  7.68693e+06
5  11  8.87954e+06
5  12  7.31099e+06
5  13  0
5  14  0
5  15  0
5  16  0
5  17  0
5  18  0
5  19  0
5  20  0
5  21  0
5  22  0
5  23  0
5  24  0
5  25  0
5  26  0
5  27  0
5  28  0
5  29  0
5  30  0
5  31  0
5  32  0
5  33  0
5  34  0
5  35  0
5  36  0
5  37  0
5  38  0
5  39  0
5  40  5.55891e+06
5  41  0
5  42  0
5  43  0
5  44  0
5  45  0
5  46  0
5  47  0
5  48  0
5  49  0
5  50  0
5  51  6.20753e+06
5  52  0
5  53  0
5  54  0
5  55  0
5  56  5.86753e+06
5  57  0
5  58  0
5  59  0
5  60  0
5  61  0
5  62  0
5  63  8.11407e+06
5  64  7.20488e+06
5  65  0
5  66  0
5  67  0
5  68  0
5  69  5.90025e+06
5  70  0
5  71  0
5  72  5.70262e+06
5  73  7.26044e+06
5  74  9.67197e+06
5  75  1.29914e+07
5  76  5.6518e+06
5  77  0
5  78  6.26626e+06
5  79  6.41433e+06
5  80  0
6  0  5.54336e+06
6  1  5.79424e+06
6  2  1.30065e+07
6  3  7.39646e+06
6  4  9.55531e+06
6  5  5.72342e+06
6  6  8.42564e+06
6  7  6.95797e+06
6  8  8.44647e+06
6  9  8.76519e+06
6  10  1.00303e+07
6  11  6.86765e+06
6  12  0
6  13  0
6  14  5.18712e+06
6  15  0
6  16  0
6  17  0
6  18  0
6  19  0
6  20  0
6  21  0
6  22  0
6  23  0
6  24  0
6  25  0
6  26  0
6  27  0
6  28  0
6  29  0
6  30  0
6  31  0
6  32  0
6  33  0
6  34  0
6  35  0
6  36  0
6  37  0
6  38  0
6  39  0
6  40  0
6  41  0
6  42  0
6  43  0
6  44  0
6  45  0
6  46  0
6  47  0
6  48  0
6  49  0
6  50  0
6  51  0
6  52  0
6  53  0
6  54  0
6  55  0
6  56  0
6  57  0
6  58  0
6  59  7.72106e+06
6  60  0
6  61  0
6  62  0
6  63  0
6  64  0
6  65  0
6  66  0
6  67  7.28871e+06
6  68  0
6  69  6.73158e+06
6  70  0
6  71  5.04578e+06
6  72  0
6  73  7.84928e+06
6  74  1.12543e+07
6  75  6.67196e+06
6  76  9.37547e+06
6  77  8.69896e+06
6  78  6.18247e+06
6  79  0
6  80  0
7  0  1.01172e+07
7  1  9.09353e+06
7  2  0
7  3  9.95968e+06
7  4  7.10985e+06
7  5  7.19337e+06
7  6  0
7  7  9.06107e+06
7  8  9.51529e+06
7  9  6.10487e+06
7  10  8.81178e+06
7  11  7.31855e+06
7  12  0
7  13  0
7  14  5.59647e+06
7  15  0
7  16  0
7  17  0
7  18  0
7  19  0
7  20  0
7  21  0
7  22  0
7  23  0
7  24  0
7  25  0
7  26  0
7  27  0
7  28  0
7  29  0
7  30  0
7  31  0
7  32  0
7  33  0
7  34  0
7  35  0
7  36  0
7  37  0
7  38  0
7  39  0
7  40  0
7  41  0
7  42  0
7  43  0
7  44  0
7  45  0
7  46  0
7  47  0
7  48  0
7  49  0
7  50  0
7  51  6.18205e+06
7  52  0
7  53  0
7  54  0
7  55  0
7  56  6.30042e+06
7  57  0
7  58  0
7  59  0
7  60  0
7  61  0
7  62  0
7  63  7.87481e+06
7  64  0
7  65  6.07079e+06
7  66  0
7  67  5.43541e+06
7  68  0
7  69  6.06533e+06
7  70  0
7  71  6.18876e+06
7  72  0
7  73  7.35142e+06
7  74  1.17748e+07
7  75  9.49054e+06
7  76  8.1352e+06
7  77  1.0249e+07
7  78  7.35471e+06
7  79  5.41012e+06
7  80  0
8  0  8.75413e+06
8  1  8.13046e+06
8  2  7.61996e+06
8  3  5.64283e+06
8  4  1.00481e+07
8  5  8.4635e+06
8  6  9.83441e+06
8  7  1.04335e+07
8  8  5.81997e+06
8  9  8.73273e+06
8  10  0
8  11  6.28828e+06
8  12  0
8  13  0
8  14  5.81735e+06
8  15  0
8  16  0
8  17  0
8  18  0
8  19  0
8  20  0
8  21  5.72452e+06
8  22  0
8  23  0
8  24  0
8  25  0
8  26  0
8  27  0
8  28  0
8  29  0
8  30  0
8  31  0
8  32  0
8  33  0
8  34  0
8  35  0
8  36  0
8  37  0
8  38  0
8  39  0
8  40  0
8  41  0
8  42  0
8  43  0
8  44  0
8  45  0
8  46  0
8  47  0
8  48  0
8  49  0
8  50  0
8  51  5.5861e+06
8  52  7.88201e+06
8  53  0
8  54  0
8  55  0
8  56  0
8  57  0
8  58  0
8  59  0
8  60  0
8  61  0
8  62  0
8  63  0
8  64  0
8  65  0
8  66  0
8  67  0
8  68  0
8  69  0
8  70  6.39623e+06
8  71  0
8  72  0
8  73  6.95652e+06
8  74  7.75192e+06
8  75  1.16451e+07
8  76  6.78875e+06
8  77  6.5651e+06
8  78  0
8  79  0
8  80  0
9  0  7.92433e+06
9  1  1.30321e+07
9  2  9.77059e+06
9  3  8.26194e+06
9  4  1.2219e+07
9  5  6.40232e+06
9  6  6.70882e+06
9  7  7.14675e+06
9  8  9.57853e+06
9  9  0
9  10  0
9  11  6.92145e+06
9  12  0
9  13  0
9  14  0
9  15  0
9  16  0
9  17  0
9  18  0
9  19  0
9  20  0
9  21  0
9  22  0
9  23  0
9  24  0
9  25  0
9  26  0
9  27  0
9  28  0
9  29  0
9  30  0
9  31  0
9  32  0
9  33  0
9  34  0
9  35  0
9  36  0
9  37  0
9  38  0
9  39  0
9  40  0
9  41  0
9  42  0
9  43  0
9  44  0
9  45  0
9  46  0
9  47  0
9  48  0
9  49  0
9  50  0
9  51  0
9  52  0
9  53  0
9  54  0
9  55  0
9  56  0
9  57  0
9  58  0
9  59  0
9  60  0
9  61  0
9  62  5.6866e+06
9  63  0
9  64  5.70457e+06
9  65  0
9  66  0
9  67  0
9  68  0
9  69  0
9  70  0
9  71  0
9  72  0
9  73  8.44062e+06
9  74  7.69185e+06
9  75  9.6628e+06
9  76  5.25234e+06
9  77  9.76231e+06
9  78  0
9  79  6.99942e+06
9  80  0
10  0  1.04598e+07
10  1  1.13331e+07
10  2  8.95745e+06
10  3  9.18079e+06
10  4  6.60831e+06
10  5  0
10  6  6.89227e+06
10  7  0
10  8  6.28499e+06
10  9  0
10  10  0
10  11  5.3729e+06
10  12  0
10  13  5.37285e+06
10  14  5.40768e+06
10  15  0
10  16  0
10  17  0
10  18  0
10  19  0
10  20  0
10  21  0
10  22  0
10  23  0
10  24  0
10  25  0
10  26  0
10  27  0
10  28  0
10  29  0
10  30  0
10  31  0
10  32  0
10  33  0
10  34  0
10  35  0
10  36  0
10  37  0
10  38  0
10  39  0
10  40  0
10  41  0
10  42  0
10  43  0
10  44  0
10  45  0
10  46  0
10  47  0
10  48  0
10  49  0
10  50  5.2609e+06
10  51  0
10  52  0
10  53  0
10  54  0
10  55  0
10  56  0
10  57  0
10  58  0
10  59  0
10  60  0
10  61  0
10  62  0
10  63  7.03723e+06
10  64  5.54945e+06
10  65  0
10  66  0
10  67  0
10  68  0
10  69  0
10  70  0
10  71  6.0656e+06
10  72  0
10  73  6.62821e+06
10  74  9.293e+06
10  75  7.55689e+06
10  76  0
10  77  0
10  78  6.03431e+06
10  79  0
10  80  5.4399e+06
11  0  9.44872e+06
11  1  8.36508e+06
11  2  8.48686e+06
11  3  8.5439e+06
11  4  9.55859e+06
11  5  6.09405e+06
11  6  1.00802e+07
11  7  0
11  8  0
11  9  5.88598e+06
11  10  0
11  11  0
11  12  0
11  13  0
11  14  0
11  15  0
11  16  0
11  17  0
11  18  0
11  19  0
11  20  0
11  21  0
11  22  0
11  23  0
11  24  0
11  25  0
11  26  0
11  27  0
11  28  0
11  29  0
11  30  0
11  31  0
11  32  0
11  33  0
11  34  0
11  35  0
11  36  0
11  37  0
11  38  0
11  39  0
11  40  0
11  41  0
11  42  0
11  43  0
11  44  0
11  45  0
11  46  0
11  47  0
11  48  0
11  49  0
11  50  0
11  51  0
11  52  0
11  53  0
11  54  0
11  55  0
11  56  0
11  57  0
11  58  0
11  59  0
11  60  0
11  61  0
11  62  0
11  63  0
11  64  0
11  65  0
11  66  0
11  67  0
11  68  0
11  69  0
11  70  0
11  71  0
11  72  0
11  73  0
11  74  0
11  75  6.70891e+06
11  76  7.84643e+06
11  77  7.51141e+06
11  78  5.84696e+06
11  79  0
11  80  0
12  0  7.69791e+06
12  1  1.09017e+07
12  2  8.45435e+06
12  3  1.36082e+07
12  4  8.78979e+06
12  5  1.30178e+07
12  6  6.95617e+06
12  7  374804
12  8  0
12  9  0
12  10  7.47588e+06
12  11  6.02828e+06
12  12  0
12  13  0
12  14  0
12  15  0
12  16  0
12  17  0
12  18  0
12  19  0
12  20  0
12  21  0
12  22  0
12  23  0
12  24  0
12  25  0
12  26  0
12  27  0
12  28  0
12  29  0
12  30  0
12  31  0
12  32  0
12  33  0
12  34  0
12  35  0
12  36  0
12  37  0
12  38  0
12  39  0
12  40  0
12  41  0
12  42  0
12  43  0
12  44  0
12  45  0
12  46  0
12  47  0
12  48  0
12  49  0
12  50  0
12  51  7.50548e+06
12  52  0
12  53  0
12  54  0
12  55  0
12  56  0
12  57  0
12  58  0
12  59  0
12  60  0
12  61  0
12  62  0
12  63  0
12  64  0
12  65  0
12  66  5.08363e+06
12  67  0
12  68  0
12  69  0
12  70  0
12  71  5.29127e+06
12  72  6.14532e+06
12  73  0
12  74  0
12  75  0
12  76  5.82982e+06
12  77  0
12  78  0
12  79  6.50288e+06
12  80  5.67953e+06
13  0  9.37409e+06
13  1  7.6347e+06
13  2  9.80099e+06
13  3  1.29924e+07
13  4  9.59173e+06
13  5  6.43164e+06
13  6  6.93553e+06
13  7  7.47505e+06
13  8  0
13  9  0
13  10  0
13  11  0
13  12  0
13  13  0
13  14  0
13  15  0
13  16  0
13  17  0
13  18  0
13  19  0
13  20  0
13  21  0
13  22  0
13  23  0
13  24  0
13  25  0
13  26  0
13  27  0
13  28  0
13  29  0
13  30  0
13  31  0
13  32  0
13  33  0
13  34  0
13  35  0
13  36  0
13  37  0
13  38  0
13  39  0
13  40  0
13  41  0
13  42  0
13  43  0
13  44  0
13  45  0
13  46  0
13  47  0
13  48  0
13  49  0
13  50  0
13  51  0
13  52  5.85489e+06
13  53  0
13  54  0
13  55  0
13  56  0
13  57  0
13  58  0
13  59  1.72108e+06
13  60  0
13  61  0
13  62  0
13  63  0
13  64  0
13  65  0
13  66  6.4257e+06
13  67  0
13  68  0
13  69  5.52483e+06
13  70  0
13  71  0
13  72  0
13  73  0
13  74  0
13  75  7.72114e+06
13  76  0
13  77  5.84108e+06
13  78  6.72381e+06
13  79  0
13  80  0
14  0  1.0098e+07
14  1  8.21091e+06
14  2  9.11399e+06
14  3  8.20509e+06
14  4  7.43016e+06
14  5  9.12794e+06
14  6  0
14  7  0
14  8  7.09563e+06
14  9  5.94383e+06
14  10  0
14  11  0
14  12  0
14  13  0
14  14  0
14  15  0
14  16  0
14  17  0
14  18  0
14  19  0
14  20  0
14  21  0
14  22  0
14  23  0
14  24  0
14  25  0
14  26  0
14  27  0
14  28  0
14  29  0
14  30  0
14  31  0
14  32  0
14  33  0
14  34  0
14  35  0
14  36  0
14  37  0
14  38  0
14  39  0
14  40  0
14  41  0
14  42  0
14  43  0
14  44  0
14  45  0
14  46  0
14  47  0
14  48  0
14  49  0
14  50  0
14  51  0
14  52  0
14  53  0
14  54  0
14  55  0
14  56  0
14  57  0
14  58  0
14  59  0
14  60  0
14  61  6.01636e+06
14  62  0
14  63  0
14  64  0
14  65  0
14  66  0
14  67  0
14  68  0
14  69  0
14  70  5.71593e+06
14  71  0
14  72  0
14  73  5.82955e+06
14  74  6.01631e+06
14  75  0
14  76  9.29254e+06
14  77  0
14  78  7.20291e+06
14  79  0
14  80  0
15  0  1.01822e+07
15  1  9.73054e+06
15  2  6.31978e+06
15  3  6.13927e+06
15  4  6.7387e+06
15  5  7.69668e+06
15  6  6.90659e+06
15  7  6.62453e+06
15  8  0
15  9  7.80117e+06
15  10  0
15  11  0
15  12  0
15  13  0
15  14  0
15  15  0
15  16  0
15  17  0
15  18  0
15  19  0
15  20  0
15  21  0
15  22  0
15  23  0
15  24  0
15  25  0
15  26  0
15  27  0
15  28  0
15  29  0
15  30  0
15  31  0
15  32  0
15  33  0
15  34  0
15  35  0
15  36  0
15  37  0
15  38  0
15  39  0
15  40  0
15  41  0
15  42  0
15  43  0
15  44  0
15  45  0
15  46  0
15  47  0
15  48  0
15  49  0
15  50  6.68591e+06
15  51  0
15  52  0
15  53  0
15  54  0
15  55  0
15  56  0
15  57  0
15  58  0
15  59  0
15  60  0
15  61  0
15  62  0
15  63  0
15  64  0
15  65  0
15  66  6.38431e+06
15  67  6.62878e+06
15  68  4.79164e+06
15  69  0
15  70  0
15  71  0
15  72  0
15  73  0
15  74  9.04057e+06
15  75  0
15  76  0
15  77  4.94663e+06
15  78  5.49094e+06
15  79  5.01138e+06
15  80  0
16  0  7.33934e+06
16  1  0
16  2  5.62441e+06
16  3  1.03466e+07
16  4  6.78313e+06
16  5  7.30241e+06
16  6  0
16  7  0
16  8  0
16  9  0
16  10  0
16  11  0
16  12  0
16  13  0
16  14  0
16  15  0
16  16  0
16  17  0
16  18  0
16  19  0
16  20  0
16  21  0
16  22  0
16  23  0
16  24  0
16  25  0
16  26  0
16  27  0
16  28  0
16  29  0
16  30  0
16  31  0
16  32  0
16  33  0
16  34  0
16  35  0
16  36  0
16  37  0
16  38  0
16  39  0
16  40  0
16  41  0
16  42  0
16  43  0
16  44  0
16  45  0
16  46  0
16  47  0
16  48  0
16  49  0
16  50  0
16  51  0
16  52  0
16  53  0
16  54  0
16  55  0
16  56  0
16  57  0
16  58  0
16  59  0
16  60  0
16  61  4.80482e+06
16  62  0
16  63  0
16  64  0
16  65  0
16  66  0
16  67  0
16  68  0
16  69  0
16  70  0
16  71  6.49504e+06
16  72  0
16  73  7.50787e+06
16  74  5.28567e+06
16  75  7.74905e+06
16  76  0
16  77  0
16  78  0
16  79  0
16  80  0
17  0  6.00618e+06
17  1  7.41104e+06
17  2  5.73946e+06
17  3  6.79898e+06
17  4  0
17  5  0
17  6  4.93657e+06
17  7  0
17  8  0
17  9  0
17  10  0
17  11  0
17  12  0
17  13  0
17  14  0
17  15  0
17  16  0
17  17  0
17  18  0
17  19  0
17  20  0
17  21  0
17  22  0
17  23  0
17  24  0
17  25  0
17  26  0
17  27  0
17  28  0
17  29  0
17  30  0
17  31  0
17  32  0
17  33  0
17  34  0
17  35  0
17  36  0
17  37  0
17  38  0
17  39  0
17  40  0
17  41  0
17  42  0
17  43  0
17  44  0
17  45  0
17  46  0
17  47  0
17  48  0
17  49  0
17  50  8.18227e+06
17  51  0
17  52  0
17  53  7.10468e+06
17  54  0
17  55  0
17  56  0
17  57  0
17  58  5.57787e+06
17  59  0
17  60  0
17  61  0
17  62  0
17  63  0
17  64  0
17  65  0
17  66  0
17  67  0
17  68  0
17  69  0
17  70  0
17  71  0
17  72  0
17  73  0
17  74  7.36108e+06
17  75  0
17  76  4.77827e+06
17  77  0
17  78  0
17  79  0
17  80  0
18  0  5.71738e+06
18  1  6.46324e+06
18  2  7.74748e+06
18  3  5.7592e+06
18  4  0
18  5  5.06276e+06
18  6  0
18  7  6.41021e+06
18  8  0
18  9  5.08507e+06
18  10  0
18  11  0
18  12  0
18  13  0
18  14  0
18  15  0
18  16  0
18  17  0
18  18  0
18  19  0
18  20  0
18  21  0
18  22  0
18  23  0
18  24  0
18  25  0
18  26  0
18  27  0
18  28  0
18  29  0
18  30  0
18  31  0
18  32  0
18  33  0
18  34  0
18  35  0
18  36  0
18  37  0
18  38  0
18  39  0
18  40  0
18  41  0
18  42  0
18  43  0
18  44  0
18  45  0
18  46  0
18  47  0
18  48  0
18  49  0
18  50  0
18  51  0
18  52  0
18  53  5.65162e+06
18  54  0
18  55  0
18  56  0
18  57  0
18  58  0
18  59  0
18  60  0
18  61  0
18  62  0
18  63  6.39024e+06
18  64  0
18  65  9.30973e+06
18  66  0
18  67  0
18  68  0
18  69  0
18  70  0
18  71  0
18  72  0
18  73  0
18  74  1.01552e+07
18  75  6.43948e+06
18  76  0
18  77  0
18  78  0
18  79  0
18  80  0
19  0  5.12304e+06
19  1  5.65185e+06
19  2  0
19  3  0
19  4  0
19  5  0
19  6  6.16352e+06
19  7  0
19  8  0
19  9  0
19  10  0
19  11  0
19  12  0
19  13  0
19  14  0
19  15  0
19  16  0
19  17  0
19  18  0
19  19  0
19  20  0
19  21  0
19  22  0
19  23  0
19  24  0
19  25  0
19  26  0
19  27  0
19  28  0
19  29  0
19  30  0
19  31  0
19  32  0
19  33  0
19  34  0
19  35  0
19  36  0
19  37  0
19  38  0
19  39  0
19  40  0
19  41  0
19  42  0
19  43  0
19  44  0
19  45  0
19  46  0
19  47  0
19  48  0
19  49  0
19  50  6.0847e+06
19  51  6.26145e+06
19  52  0
19  53  0
19  54  0
19  55  0
19  56  0
19  57  0
19  58  0
19  59  6.54252e+06
19  60  0
19  61  0
19  62  0
19  63  0
19  64  7.3037e+06
19  65  0
19  66  5.72427e+06
19  67  6.01372e+06
19  68  0
19  69  5.44801e+06
19  70  0
19  71  7.57572e+06
19  72  0
19  73  0
19  74  7.46935e+06
19  75  7.16442e+06
19  76  0
19  77  0
19  78  0
19  79  0
19  80  0
20  0  0
20  1  0
20  2  0
20  3  0
20  4  0
20  5  6.22795e+06
20  6  0
20  7  4.65045e+06
20  8  0
20  9  0
20  10  0
20  11  0
20  12  0
20  13  0
20  14  0
20  15  0
20  16  0
20  17  0
20  18  0
20  19  0
20  20  0
20  21  0
20  22  0
20  23  0
20  24  0
20  25  0
20  26  0
20  27  0
20  28  0
20  29  0
20  30  0
20  31  0
20  32  0
20  33  0
20  34  0
20  35  0
20  36  0
20  37  0
20  38  0
20  39  0
20  40  0
20  41  0
20  42  0
20  43  0
20  44  0
20  45  0
20  46  0
20  47  0
20  48  0
20  49  0
20  50  0
20  51  0
20  52  0
20  53  0
20  54  0
20  55  0
20  56  0
20  57  0
20  58  0
20  59  0
20  60  0
20  61  0
20  62  0
20  63  0
20  64  0
20  65  0
20  66  0
20  67  5.55557e+06
20  68  0
20  69  0
20  70  7.02484e+06
20  71  0
20  72  0
20  73  0
20  74  0
20  75  0
20  76  0
20  77  0
20  78  0
20  79  0
20  80  0
21  0  0
21  1  5.37399e+06
21  2  5.84906e+06
21  3  0
21  4  0
21  5  0
21  6  6.0019e+06
21  7  0
21  8  0
21  9  0
21  10  0
21  11  0
21  12  0
21  13  0
21  14  0
21  15  0
21  16  0
21  17  0
21  18  0
21  19  0
21  20  0
21  21  0
21  22  0
21  23  0
21  24  0
21  25  0
21  26  0
21  27  0
21  28  0
21  29  0
21  30  0
21  31  0
21  32  0
21  33  0
21  34  0
21  35  0
21  36  0
21  37  0
21  38  0
21  39  0
21  40  0
21  41  0
21  42  0
21  43  0
21  44  0
21  45  0
21  46  0
21  47  0
21  48  0
21  49  0
21  50  0
21  51  0
21  52  0
21  53  0
21  54  0
21  55  0
21  56  0
21  57  0
21  58  0
21  59  0
21  60  6.81717e+06
21  61  0
21  62  0
21  63  0
21  64  0
21  65  0
21  66  0
21  67  0
21  68  5.0736e+06
21  69  5.73784e+06
21  70  0
21  71  0
21  72  0
21  73  0
21  74  0
21  75  4.96194e+06
21  76  0
21  77  0
21  78  0
21  79  0
21  80  0
22  0  8.6746e+06
22  1  5.25375e+06
22  2  0
22  3  0
22  4  0
22  5  0
22  6  0
22  7  0
22  8  7.0369e+06
22  9  0
22  10  0
22  11  0
22  12  0
22  13  0
22  14  0
22  15  0
22  16  0
22  17  0
22  18  0
22  19  0
22  20  0
22  21  0
22  22  0
22  23  0
22  24  0
22  25  0
22  26  0
22  27  0
22  28  0
22  29  0
22  30  0
22  31  0
22  32  0
22  33  0
22  34  0
22  35  0
22  36  0
22  37  0
22  38  0
22  39  0
22  40  0
22  41  0
22  42  0
22  43  0
22  44  0
22  45  0
22  46  0
22  47  0
22  48  0
22  49  0
22  50  0
22  51  0
22  52  0
22  53  0
22  54  0
22  55  0
22  56  0
22  57  0
22  58  0
22  59  0
22  60  0
22  61  0
22  62  5.56496e+06
22  63  0
22  64  6.44802e+06
22  65  5.68694e+06
22  66  0
22  67  0
22  68  0
22  69  0
22  70  0
22  71  0
22  72  0
22  73  0
22  74  0
22  75  0
22  76  0
22  77  0
22  78  0
22  79  0
22  80  0
23  0  0
23  1  0
23  2  5.14915e+06
23  3  0
23  4  0
23  5  0
23  6  0
23  7  0
23  8  0
23  9  0
23  10  0
23  11  0
23  12  0
23  13  0
23  14  0
23  15  0
23  16  0
23  17  0
23  18  0
23  19  0
23  20  0
23  21  0
23  22  0
23  23  0
23  24  0
23  25  0
23  26  0
23  27  0
23  28  0
23  29  0
23  30  0
23  31  0
23  32  0
23  33  0
23  34  0
23  35  0
23  36  0
23  37  0
23  38  0
23  39  0
23  40  0
23  41  0
23  42  0
23  43  0
23  44  0
23  45  0
23  46  0
23  47  0
23  48  0
23  49  0
23  50  0
23  51  0
23  52  0
23  53  0
23  54  0
23  55  0
23  56  0
23  57  0
23  58  0
23  59  0
23  60  0
23  61  0
23  62  0
23  63  0
23  64  0
23  65  0
23  66  0
23  67  0
23  68  0
23  69  0
23  70  0
23  71  0
23  72  0
23  73  0
23  74  5.59603e+06
23  75  4.59974e+06
23  76  0
23  77  985750
23  78  0
23  79  0
23  80  0
24  0  0
24  1  5.2675e+06
24  2  0
24  3  6.61963e+06
24  4  0
24  5  0
24  6  0
24  7  0
24  8  0
24  9  0
24  10  0
24  11  0
24  12  0
24  13  0
24  14  0
24  15  0
24  16  0
24  17  0
24  18  0
24  19  0
24  20  0
24  21  0
24  22  0
24  23  0
24  24  0
24  25  0
24  26  0
24  27  0
24  28  0
24  29  0
24  30  0
24  31  0
24  32  0
24  33  0
24  34  0
24  35  0
24  36  0
24  37  0
24  38  0
24  39  0
24  40  0
24  41  0
24  42  0
24  43  0
24  44  0
24  45  0
24  46  0
24  47  0
24  48  0
24  49  0
24  50  0
24  51  0
24  52  0
24  53  0
24  54  0
24  55  0
24  56  0
24  57  0
24  58  0
24  59  0
24  60  0
24  61  0
24  62  0
24  63  0
24  64  0
24  65  5.40713e+06
24  66  0
24  67  5.27784e+06
24  68  0
24  69  8.12156e+06
24  70  0
24  71  0
24  72  4.89937e+06
24  73  0
24  74  5.32602e+06
24  75  6.88724e+06
24  76  0
24  77  0
24  78  0
24  79  0
24  80  0
25  0  0
25  1  0
25  2  0
25  3  0
25  4  0
25  5  0
25  6  0
25  7  0
25  8  0
25  9  0
25  10  0
25  11  0
25  12  0
25  13  0
25  14  0
25  15  0
25  16  0
25  17  0
25  18  0
25  19  0
25  20  0
25  21  0
25  22  0
25  23  0
25  24  0
25  25  0
25  26  0
25  27  0
25  28  0
25  29  0
25  30  0
25  31  0
25  32  0
25  33  0
25  34  0
25  35  0
25  36  0
25  37  0
25  38  0
25  39  0
25  40  0
25  41  0
25  42  0
25  43  0
25  44  0
25  45  0
25  46  0
25  47  0
25  48  0
25  49  0
25  50  0
25  51  0
25  52  0
25  53  0
25  54  0
25  55  0
25  56  0
25  57  0
25  58  0
25  59  0
25  60  0
25  61  0
25  62  0
25  63  0
25  64  8.39676e+06
25  65  0
25  66  0
25  67  0
25  68  0
25  69  0
25  70  0
25  71  0
25  72  0
25  73  0
25  74  0
25  75  5.69895e+06
25  76  0
25  77  0
25  78  0
25  79  0
25  80  0
26  0  0
26  1  0
26  2  0
26  3  0
26  4  0
26  5  0
26  6  0
26  7  0
26  8  0
26  9  0
26  10  0
26  11  0
26  12  0
26  13  0
26  14  0
26  15  0
26  16  0
26  17  0
26  18  0
26  19  0
26  20  0
26  21  0
26  22  0
26  23  0
26  24  0
26  25  0
26  26  0
26  27  0
26  28  0
26  29  0
26  30  0
26  31  0
26  32  0
26  33  0
26  34  0
26  35  0
26  36  0
26  37  0
26  38  0
26  39  0
26  40  0
26  41  0
26  42  4.7429e+06
26  43  0
26  44  0
26  45  0
26  46  0
26  47  0
26  48  0
26  49  0
26  50  0
26  51  0
26  52  0
26  53  0
26  54  0
26  55  0
26  56  0
26  57  0
26  58  0
26  59  0
26  60  0
26  61  0
26  62  0
26  63  7.01985e+06
26  64  0
26  65  0
26  66  8.54984e+06
26  67  0
26  68  0
26  69  0
26  70  0
26  71  6.22731e+06
26  72  0
26  73  0
26  74  5.96623e+06
26  75  5.94614e+06
26  76  0
26  77  0
26  78  0
26  79  0
26  80  0
27  0  0
27  1  0
27  2  5.07218e+06
27  3  0
27  4  0
27  5  0
27  6  0
27  7  0
27  8  0
27  9  0
27  10  0
27  11  0
27  12  0
27  13  0
27  14  0
27  15  0
27  16  0
27  17  0
27  18  0
27  19  0
27  20  0
27  21  0
27  22  0
27  23  0
27  24  0
27  25  0
27  26  0
27  27  0
27  28  0
27  29  0
27  30  0
27  31  0
27  32  0
27  33  0
27  34  0
27  35  0
27  36  0
27  37  7.10751e+06
27  38  8.46644e+06
27  39  6.00975e+06
27  40  4.26907e+06
27  41  0
27  42  0
27  43  0
27  44  0
27  45  0
27  46  0
27  47  0
27  48  0
27  49  0
27  50  0
27  51  0
27  52  0
27  53  0
27  54  0
27  55  0
27  56  0
27  57  0
27  58  0
27  59  0
27  60  0
27  61  0
27  62  0
27  63  0
27  64  0
27  65  6.55577e+06
27  66  0
27  67  6.17633e+06
27  68  0
27  69  0
27  70  0
27  71  0
27  72  0
27  73  0
27  74  0
27  75  0
27  76  0
27  77  0
27  78  0
27  79  0
27  80  0
28  0  0
28  1  0
28  2  0
28  3  0
28  4  0
28  5  0
28  6  0
28  7  0
28  8  0
28  9  0
28  10  0
28  11  0
28  12  0
28  13  0
28  14  0
28  15  0
28  16  0
28  17  0
28  18  0
28  19  0
28  20  0
28  21  0
28  22  0
28  23  0
28  24  0
28  25  0
28  26  0
28  27  0
28  28  0
28  29  0
28  30  0
28  31  0
28  32  0
28  33  0
28  34  0
28  35  0
28  36  0
28  37  0
28  38  6.56564e+06
28  39  0
28  40  0
28  41  5.502e+06
28  42  0
28  43  0
28  44  0
28  45  0
28  46  0
28  47  0
28  48  0
28  49  0
28  50  0
28  51  0
28  52  0
28  53  0
28  54  0
28  55  0
28  56  0
28  57  0
28  58  0
28  59  0
28  60  0
28  61  0
28  62  0
28  63  0
28  64  0
28  65  0
28  66  0
28  67  0
28  68  7.44741e+06
28  69  0
28  70  0
28  71  0
28  72  0
28  73  4.92243e+06
28  74  0
28  75  0
28  76  0
28  77  0
28  78  0
28  79  0
28  80  0
29  0  0
29  1  0
29  2  0
29  3  0
29  4  0
29  5  0
29  6  0
29  7  0
29  8  0
29  9  0
29  10  0
29  11  0
29  12  0
29  13  0
29  14  0
29  15  0
29  16  0
29  17  0
29  18  0
29  19  0
29  20  0
29  21  0
29  22  0
29  23  0
29  24  0
29  25  0
29  26  0
29  27  0
29  28  0
29  29  0
29  30  0
29  31  0
29  32  0
29  33  0
29  34  0
29  35  0
29  36  7.5108e+06
29  37  6.87994e+06
29  38  5.91821e+06
29  39  5.66109e+06
29  40  7.58505e+06
29  41  8.95888e+06
29  42  604972
29  43  0
29  44  0
29  45  0
29  46  0
29  47  0
29  48  0
29  49  0
29  50  0
29  51  0
29  52  0
29  53  0
29  54  0
29  55  0
29  56  0
29  57  0
29  58  0
29  59  0
29  60  0
29  61  0
29  62  0
29  63  4.64434e+06
29  64  0
29  65  0
29  66  0
29  67  0
29  68  0
29  69  0
29  70  5.6071e+06
29  71  0
29  72  0
29  73  0
29  74  0
29  75  0
29  76  0
29  77  0
29  78  0
29  79  0
29  80  0
30  0  0
30  1  0
30  2  0
30  3  0
30  4  0
30  5  0
30  6  0
30  7  0
30  8  0
30  9  0
30  10  0
30  11  0
30  12  0
30  13  0
30  14  0
30  15  0
30  16  0
30  17  0
30  18  0
30  19  0
30  20  0
30  21  0
30  22  0
30  23  0
30  24  0
30  25  0
30  26  0
30  27  0
30  28  0
30  29  0
30  30  0
30  31  0
30  32  0
30  33  0
30  34  0
30  35  0
30  36  5.89831e+06
30  37  8.8736e+06
30  38  5.98732e+06
30  39  0
30  40  5.17316e+06
30  41  7.64419e+06
30  42  7.00325e+06
30  43  4.55329e+06
30  44  0
30  45  0
30  46  0
30  47  0
30  48  0
30  49  0
30  50  0
30  51  0
30  52  0
30  53  0
30  54  0
30  55  0
30  56  0
30  57  0
30  58  0
30  59  0
30  60  0
30  61  0
30  62  0
30  63  0
30  64  0
30  65  5.17452e+06
30  66  0
30  67  0
30  68  0
30  69  0
30  70  0
30  71  0
30  72  0
30  73  0
30  74  0
30  75  0
30  76  0
30  77  0
30  78  0
30  79  0
30  80  0
31  0  0
31  1  5.18916e+06
31  2  0
31  3  0
31  4  0
31  5  0
31  6  0
31  7  0
31  8  0
31  9  0
31  10  0
31  11  0
31  12  0
31  13  0
31  14  0
31  15  0
31  16  0
31  17  0
31  18  0
31  19  0
31  20  0
31  21  0
31  22  0
31  23  0
31  24  0
31  25  0
31  26  0
31  27  0
31  28  0
31  29  0
31  30  0
31  31  0
31  32  0
31  33  0
31  34  0
31  35  5.87432e+06
31  36  0
31  37  7.9863e+06
31  38  6.3659e+06
31  39  5.30219e+06
31  40  7.00482e+06
31  41  0
31  42  0
31  43  3.90732e+06
31  44  0
31  45  0
31  46  4.17766e+06
31  47  0
31  48  0
31  49  0
31  50  0
31  51  0
31  52  0
31  53  0
31  54  0
31  55  0
31  56  0
31  57  0
31  58  0
31  59  0
31  60  0
31  61  0
31  62  0
31  63  0
31  64  0
31  65  4.85396e+06
31  66  0
31  67  0
31  68  0
31  69  0
31  70  0
31  71  0
31  72  0
31  73  0
31  74  0
31  75  0
31  76  0
31  77  0
31  78  0
31  79  0
31  80  0
32  0  0
32  1  0
32  2  0
32  3  0
32  4  0
32  5  0
32  6  0
32  7  0
32  8  0
32  9  0
32  10  0
32  11  0
32  12  0
32  13  0
32  14  0
32  15  0
32  16  0
32  17  0
32  18  0
32  19  0
32  20  0
32  21  0
32  22  0
32  23  0
32  24  0
32  25  0
32  26  0
32  27  0
32  28  0
32  29  0
32  30  0
32  31  0
32  32  0
32  33  0
32  34  0
32  35  0
32  36  0
32  37  7.06104e+06
32  38  1.19667e+07
32  39  1.07041e+07
32  40  8.04641e+06
32  41  7.43758e+06
32  42  5.94762e+06
32  43  6.85106e+06
32  44  0
32  45  0
32  46  0
32  47  0
32  48  0
32  49  0
32  50  0
32  51  0
32  52  0
32  53  0
32  54  0
32  55  0
32  56  0
32  57  0
32  58  0
32  59  0
32  60  0
32  61  0
32  62  0
32  63  0
32  64  6.46404e+06
32  65  0
32  66  0
32  67  0
32  68  0
32  69  0
32  70  0
32  71  0
32  72  0
32  73  4.8242e+06
32  74  0
32  75  0
32  76  0
32  77  0
32  78  0
32  79  0
32  80  5.01189e+06
33  0  0
33  1  0
33  2  0
33  3  0
33  4  0
33  5  0
33  6  0
33  7  0
33  8  0
33  9  0
33  10  0
33  11  0
33  12  0
33  13  0
33  14  0
33  15  0
33  16  0
33  17  0
33  18  0
33  19  0
33  20  0
33  21  0
33  22  0
33  23  0
33  24  0
33  25  0
33  26  0
33  27  0
33  28  0
33  29  0
33  30  0
33  31  0
33  32  0
33  33  5.81712e+06
33  34  1.16554e+07
33  35  0
33  36  6.74905e+06
33  37  4.98738e+06
33  38  7.25048e+06
33  39  1.06253e+07
33  40  9.33043e+06
33  41  5.1216e+06
33  42  0
33  43  0
33  44  0
33  45  0
33  46  0
33  47  0
33  48  0
33  49  0
33  50  0
33  51  0
33  52  0
33  53  0
33  54  0
33  55  0
33  56  0
33  57  0
33  58  0
33  59  0
33  60  0
33  61  5.28193e+06
33  62  7.77368e+06
33  63  5.29381e+06
33  64  0
33  65  0
33  66  0
33  67  0
33  68  0
33  69  0
33  70  0
33  71  0
33  72  0
33  73  0
33  74  0
33  75  0
33  76  0
33  77  0
33  78  0
33  79  0
33  80  0
34  0  0
34  1  0
34  2  0
34  3  0
34  4  0
34  5  0
34  6  0
34  7  0
34  8  0
34  9  0
34  10  0
34  11  0
34  12  0
34  13  0
34  14  0
34  15  0
34  16  0
34  17  0
34  18  0
34  19  0
34  20  0
34  21  0
34  22  0
34  23  0
34  24  0
34  25  0
34  26  0
34  27  0
34  28  0
34  29  0
34  30  0
34  31  0
34  32  0
34  33  2.84959e+06
34  34  6.99475e+06
34  35  6.98483e+06
34  36  5.21671e+06
34  37  6.51335e+06
34  38  0
34  39  9.64262e+06
34  40  3.25342e+06
34  41  5.78903e+06
34  42  4.41241e+06
34  43  0
34  44  0
34  45  0
34  46  0
34  47  0
34  48  0
34  49  0
34  50  0
34  51  0
34  52  0
34  53  0
34  54  0
34  55  0
34  56  0
34  57  0
34  58  0
34  59  4.74449e+06
34  60  0
34  61  0
34  62  5.54203e+06
34  63  6.63294e+06
34  64  0
34  65  0
34  66  0
34  67  0
34  68  0
34  69  0
34  70  0
34  71  0
34  72  0
34  73  0
34  74  0
34  75  0
34  76  0
34  77  0
34  78  0
34  79  4.74719e+06
34  80  0
35  0  0
35  1  0
35  2  0
35  3  0
35  4  0
35  5  0
35  6  0
35  7  0
35  8  0
35  9  0
35  10  0
35  11  0
35  12  0
35  13  0
35  14  0
35  15  0
35  16  0
35  17  0
35  18  0
35  19  0
35  20  0
35  21  0
35  22  0
35  23  0
35  24  0
35  25  0
35  26  0
35  27  0
35  28  0
35  29  0
35  30  4.31565e+06
35  31  0
35  32  6.43715e+06
35  33  4.46428e+06
35  34  6.52693e+06
35  35  8.20527e+06
35  36  9.42866e+06
35  37  9.48732e+06
35  38  7.91472e+06
35  39  9.57221e+06
35  40  7.66815e+06
35  41  6.08771e+06
35  42  4.08601e+06
35  43  6.50585e+06
35  44  0
35  45  0
35  46  0
35  47  0
35  48  0
35  49  0
35  50  0
35  51  0
35  52  0
35  53  0
35  54  0
35  55  0
35  56  0
35  57  0
35  58  0
35  59  0
35  60  0
35  61  0
35  62  0
35  63  5.11181e+06
35  64  5.30842e+06
35  65  0
35  66  7.15507e+06
35  67  0
35  68  0
35  69  6.72724e+06
35  70  0
35  71  0
35  72  0
35  73  0
35  74  0
35  75  0
35  76  0
35  77  0
35  78  0
35  79  5.43137e+06
35  80  0
36  0  0
36  1  0
36  2  0
36  3  0
36  4  0
36  5  0
36  6  0
36  7  0
36  8  0
36  9  0
36  10  0
36  11  0
36  12  0
36  13  0
36  14  0
36  15  0
36  16  0
36  17  0
36  18  0
36  19  0
36  20  0
36  21  0
36  22  0
36  23  0
36  24  0
36  25  0
36  26  0
36  27  0
36  28  0
36  29  0
36  30  7.33647e+06
36  31  0
36  32  0
36  33  8.66759e+06
36  34  9.32023e+06
36  35  8.53349e+06
36  36  7.93759e+06
36  37  6.91844e+06
36  38  1.47181e+07
36  39  6.79483e+06
36  40  9.14628e+06
36  41  0
36  42  0
36  43  3.51038e+06
36  44  0
36  45  0
36  46  0
36  47  0
36  48  0
36  49  0
36  50  0
36  51  0
36  52  0
36  53  0
36  54  0
36  55  0
36  56  0
36  57  0
36  58  0
36  59  0
36  60  0
36  61  0
36  62  0
36  63  0
36  64  6.87113e+06
36  65  0
36  66  0
36  67  0
36  68  0
36  69  0
36  70  0
36  71  0
36  72  0
36  73  0
36  74  0
36  75  0
36  76  0
36  77  0
36  78  0
36  79  0
36  80  0
37  0  0
37  1  0
37  2  0
37  3  0
37  4  0
37  5  0
37  6  0
37  7  0
37  8  0
37  9  0
37  10  0
37  11  0
37  12  0
37  13  0
37  14  0
37  15  0
37  16  0
37  17  0
37  18  0
37  19  0
37  20  0
37  21  0
37  22  0
37  23  0
37  24  0
37  25  0
37  26  0
37  27  0
37  28  0
37  29  0
37  30  0
37  31  5.17348e+06
37  32  5.54341e+06
37  33  7.67809e+06
37  34  9.629e+06
37  35  5.8446e+06
37  36  1.0595e+07
37  37  9.53335e+06
37  38  9.54264e+06
37  39  1.09976e+07
37  40  9.03365e+06
37  41  0
37  42  0
37  43  0
37  44  0
37  45  0
37  46  0
37  47  0
37  48  0
37  49  0
37  50  0
37  51  0
37  52  0
37  53  0
37  54  0
37  55  0
37  56  0
37  57  0
37  58  4.90102e+06
37  59  0
37  60  5.1312e+06
37  61  5.49342e+06
37  62  7.32543e+06
37  63  9.35832e+06
37  64  0
37  65  0
37  66  0
37  67  0
37  68  0
37  69  0
37  70  0
37  71  0
37  72  0
37  73  6.65118e+06
37  74  0
37  75  0
37  76  0
37  77  0
37  78  0
37  79  0
37  80  0
38  0  0
38  1  0
38  2  0
38  3  0
38  4  0
38  5  0
38  6  0
38  7  0
38  8  0
38  9  0
38  10  0
38  11  0
38  12  0
38  13  0
38  14  0
38  15  0
38  16  4.96243e+06
38  17  0
38  18  0
38  19  0
38  20  0
38  21  0
38  22  0
38  23  0
38  24  0
38  25  0
38  26  0
38  27  0
38  28  0
38  29  0
38  30  0
38  31  5.27712e+06
38  32  6.81346e+06
38  33  5.13705e+06
38  34  9.70738e+06
38  35  8.41181e+06
38  36  6.42954e+06
38  37  9.75626e+06
38  38  7.34826e+06
38  39  6.06094e+06
38  40  0
38  41  0
38  42  4.44547e+06
38  43  0
38  44  0
38  45  0
38  46  0
38  47  0
38  48  0
38  49  0
38  50  0
38  51  0
38  52  0
38  53  0
38  54  0
38  55  0
38  56  0
38  57  0
38  58  0
38  59  0
38  60  0
38  61  0
38  62  0
38  63  7.3753e+06
38  64  0
38  65  0
38  66  0
38  67  5.22779e+06
38  68  0
38  69  0
38  70  0
38  71  0
38  72  0
38  73  0
38  74  0
38  75  0
38  76  0
38  77  0
38  78  0
38  79  0
38  80  0
39  0  0
39  1  0
39  2  0
39  3  0
39  4  0
39  5  0
39  6  0
39  7  0
39  8  0
39  9  0
39  10  0
39  11  0
39  12  0
39  13  0
39  14  0
39  15  0
39  16  0
39  17  6.6295e+06
39  18  0
39  19  0
39  20  0
39  21  0
39  22  0
39  23  0
39  24  0
39  25  0
39  26  0
39  27  0
39  28  0
39  29  5.19797e+06
39  30  0
39  31  5.78394e+06
39  32  7.59234e+06
39  33  9.79224e+06
39  34  1.07338e+07
39  35  9.08758e+06
39  36  9.30655e+06
39  37  8.83897e+06
39  38  9.33195e+06
39  39  9.00903e+06
39  40  6.34981e+06
39  41  0
39  42  0
39  43  0
39  44  0
39  45  0
39  46  0
39  47  0
39  48  0
39  49  0
39  50  0
39  51  0
39  52  0
39  53  0
39  54  0
39  55  0
39  56  0
39  57  0
39  58  0
39  59  0
39  60  0
39  61  6.04093e+06
39  62  5.74656e+06
39  63  0
39  64  6.40063e+06
39  65  0
39  66  0
39  67  0
39  68  0
39  69  0
39  70  0
39  71  0
39  72  0
39  73  0
39  74  0
39  75  0
39  76  0
39  77  0
39  78  6.6808e+06
39  79  0
39  80  0
40  0  0
40  1  0
40  2  0
40  3  0
40  4  0
40  5  0
40  6  0
40  7  0
40  8  0
40  9  0
40  10  0
40  11  0
40  12  0
40  13  0
40  14  0
40  15  0
40  16  0
40  17  0
40  18  0
40  19  0
40  20  0
40  21  0
40  22  0
40  23  0
40  24  0
40  25  0
40  26  0
40  27  0
40  28  0
40  29  0
40  30  5.78736e+06
40  31  7.74165e+06
40  32  5.78653e+06
40  33  8.1474e+06
40  34  8.35547e+06
40  35  1.09929e+07
40  36  1.08893e+07
40  37  1.24944e+07
40  38  6.37692e+06
40  39  6.53397e+06
40  40  5.11423e+06
40  41  0
40  42  0
40  43  0
40  44  0
40  45  6.13184e+06
40  46  0
40  47  0
40  48  0
40  49  0
40  50  0
40  51  0
40  52  0
40  53  0
40  54  0
40  55  0
40  56  0
40  57  0
40  58  0
40  59  0
40  60  0
40  61  5.14993e+06
40  62  6.51991e+06
40  63  5.46298e+06
40  64  6.58149e+06
40  65  0
40  66  3.51223e+06
40  67  4.91413e+06
40  68  0
40  69  5.15742e+06
40  70  0
40  71  0
40  72  0
40  73  0
40  74  0
40  75  0
40  76  0
40  77  0
40  78  0
40  79  0
40  80  0
41  0  6.95845e+06
41  1  0
41  2  0
41  3  0
41  4  0
41  5  0
41  6  0
41  7  0
41  8  0
41  9  0
41  10  0
41  11  0
41  12  0
41  13  0
41  14  0
41  15  0
41  16  0
41  17  0
41  18  0
41  19  0
41  20  0
41  21  0
41  22  0
41  23  0
41  24  0
41  25  0
41  26  0
41  27  0
41  28  0
41  29  5.00346e+06
41  30  0
41  31  7.49235e+06
41  32  6.85478e+06
41  33  9.70214e+06
41  34  1.00886e+07
41  35  1.24787e+07
41  36  8.30856e+06
41  37  7.13164e+06
41  38  7.76907e+06
41  39  7.20627e+06
41  40  6.90115e+06
41  41  1.02427e+06
41  42  0
41  43  0
41  44  0
41  45  0
41  46  0
41  47  0
41  48  0
41  49  0
41  50  0
41  51  0
41  52  0
41  53  0
41  54  0
41  55  0
41  56  0
41  57  5.60975e+06
41  58  0
41  59  5.48344e+06
41  60  0
41  61  0
41  62  0
41  63  1.02655e+07
41  64  6.96318e+06
41  65  6.5469e+06
41  66  0
41  67  0
41  68  0
41  69  0
41  70  0
41  71  0
41  72  0
41  73  0
41  74  0
41  75  0
41  76  0
41  77  0
41  78  5.15527e+06
41  79  0
41  80  0
42  0  0
42  1  0
42  2  0
42  3  0
42  4  0
42  5  0
42  6  0
42  7  0
42  8  0
42  9  0
42  10  0
42  11  0
42  12  0
42  13  4.5836e+06
42  14  0
42  15  0
42  16  0
42  17  0
42  18  0
42  19  0
42  20  0
42  21  0
42  22  0
42  23  0
42  24  0
42  25  0
42  26  0
42  27  0
42  28  0
42  29  0
42  30  0
42  31  5.80282e+06
42  32  7.21225e+06
42  33  8.20047e+06
42  34  1.20246e+07
42  35  7.75692e+06
42  36  8.45695e+06
42  37  9.30819e+06
42  38  4.97815e+06
42  39  6.13051e+06
42  40  5.54739e+06
42  41  0
42  42  4.85255e+06
42  43  0
42  44  0
42  45  0
42  46  0
42  47  0
42  48  0
42  49  0
42  50  0
42  51  0
42  52  0
42  53  0
42  54  0
42  55  0
42  56  0
42  57  0
42  58  0
42  59  6.56201e+06
42  60  6.11764e+06
42  61  0
42  62  0
42  63  1.18126e+07
42  64  9.62102e+06
42  65  5.28475e+06
42  66  0
42  67  7.11584e+06
42  68  7.81395e+06
42  69  6.10749e+06
42  70  7.33709e+06
42  71  0
42  72  0
42  73  0
42  74  0
42  75  5.00613e+06
42  76  0
42  77  0
42  78  6.98807e+06
42  79  0
42  80  0
43  0  0
43  1  0
43  2  0
43  3  0
43  4  0
43  5  0
43  6  0
43  7  0
43  8  0
43  9  0
43  10  0
43  11  0
43  12  0
43  13  0
43  14  0
43  15  4.62538e+06
43  16  0
43  17  4.70623e+06
43  18  0
43  19  0
43  20  0
43  21  0
43  22  0
43  23  0
43  24  0
43  25  0
43  26  0
43  27  0
43  28  0
43  29  0
43  30  5.53523e+06
43  31  8.19548e+06
43  32  7.73524e+06
43  33  1.10117e+07
43  34  7.60386e+06
43  35  1.05012e+07
43  36  9.48611e+06
43  37  1.24169e+07
43  38  0
43  39  4.74723e+06
43  40  4.03038e+06
43  41  0
43  42  0
43  43  0
43  44  0
43  45  0
43  46  0
43  47  0
43  48  0
43  49  0
43  50  0
43  51  0
43  52  0
43  53  0
43  54  0
43  55  0
43  56  0
43  57  0
43  58  5.84004e+06
43  59  5.24721e+06
43  60  8.36259e+06
43  61  7.73247e+06
43  62  7.41375e+06
43  63  8.513e+06
43  64  8.39217e+06
43  65  7.05628e+06
43  66  8.06519e+06
43  67  6.69613e+06
43  68  6.27474e+06
43  69  8.82952e+06
43  70  5.2035e+06
43  71  0
43  72  0
43  73  0
43  74  0
43  75  0
43  76  0
43  77  0
43  78  0
43  79  0
43  80  0
44  0  0
44  1  0
44  2  0
44  3  0
44  4  0
44  5  0
44  6  0
44  7  0
44  8  0
44  9  4.15798e+06
44  10  0
44  11  0
44  12  0
44  13  0
44  14  0
44  15  0
44  16  0
44  17  5.28936e+06
44  18  5.90057e+06
44  19  0
44  20  0
44  21  0
44  22  0
44  23  0
44  24  0
44  25  0
44  26  0
44  27  0
44  28  0
44  29  6.85092e+06
44  30  0
44  31  7.87938e+06
44  32  9.68815e+06
44  33  1.01928e+07
44  34  8.18812e+06
44  35  9.11055e+06
44  36  9.48041e+06
44  37  7.14988e+06
44  38  5.45763e+06
44  39  4.57525e+06
44  40  0
44  41  0
44  42  0
44  43  0
44  44  0
44  45  0
44  46  0
44  47  0
44  48  0
44  49  0
44  50  0
44  51  0
44  52  0
44  53  3.92081e+06
44  54  0
44  55  3.78363e+06
44  56  0
44  57  0
44  58  5.50923e+06
44  59  5.28687e+06
44  60  6.62146e+06
44  61  7.03737e+06
44  62  6.63675e+06
44  63  7.00385e+06
44  64  7.9762e+06
44  65  6.83359e+06
44  66  4.70425e+06
44  67  0
44  68  6.15395e+06
44  69  6.21104e+06
44  70  0
44  71  0
44  72  0
44  73  0
44  74  0
44  75  0
44  76  0
44  77  0
44  78  0
44  79  0
44  80  0
45  0  5.69858e+06
45  1  0
45  2  0
45  3  0
45  4  0
45  5  4.52269e+06
45  6  0
45  7  0
45  8  0
45  9  0
45  10  0
45  11  0
45  12  0
45  13  0
45  14  0
45  15  0
45  16  4.9738e+06
45  17  7.25513e+06
45  18  5.75511e+06
45  19  0
45  20  0
45  21  0
45  22  0
45  23  0
45  24  0
45  25  0
45  26  0
45  27  5.7843e+06
45  28  0
45  29  0
45  30  6.81103e+06
45  31  6.75252e+06
45  32  6.54166e+06
45  33  9.30799e+06
45  34  9.07615e+06
45  35  8.01517e+06
45  36  7.79513e+06
45  37  9.46583e+06
45  38  0
45  39  0
45  40  0
45  41  0
45  42  0
45  43  0
45  44  0
45  45  0
45  46  0
45  47  0
45  48  0
45  49  0
45  50  0
45  51  0
45  52  0
45  53  0
45  54  0
45  55  0
45  56  0
45  57  0
45  58  6.83637e+06
45  59  4.22545e+06
45  60  0
45  61  1.00671e+07
45  62  1.10199e+07
45  63  8.10764e+06
45  64  7.21341e+06
45  65  9.63524e+06
45  66  8.73976e+06
45  67  7.72604e+06
45  68  6.40037e+06
45  69  5.82604e+06
45  70  7.46661e+06
45  71  5.56786e+06
45  72  0
45  73  0
45  74  0
45  75  0
45  76  0
45  77  0
45  78  0
45  79  0
45  80  0
46  0  0
46  1  0
46  2  0
46  3  0
46  4  0
46  5  0
46  6  0
46  7  3.86152e+06
46  8  0
46  9  0
46  10  0
46  11  0
46  12  0
46  13  0
46  14  0
46  15  0
46  16  0
46  17  6.16806e+06
46  18  0
46  19  0
46  20  0
46  21  0
46  22  0
46  23  0
46  24  0
46  25  0
46  26  0
46  27  0
46  28  0
46  29  5.73179e+06
46  30  7.64221e+06
46  31  6.68361e+06
46  32  9.22978e+06
46  33  9.20367e+06
46  34  1.03506e+07
46  35  9.27298e+06
46  36  1.1135e+07
46  37  8.29896e+06
46  38  9.03269e+06
46  39  4.95183e+06
46  40  0
46  41  0
46  42  0
46  43  0
46  44  0
46  45  0
46  46  0
46  47  0
46  48  0
46  49  0
46  50  0
46  51  0
46  52  0
46  53  0
46  54  0
46  55  4.45283e+06
46  56  5.19162e+06
46  57  0
46  58  0
46  59  6.22053e+06
46  60  5.92472e+06
46  61  0
46  62  6.72511e+06
46  63  0
46  64  5.62002e+06
46  65  6.44691e+06
46  66  0
46  67  8.83994e+06
46  68  0
46  69  1.01591e+07
46  70  1.77708e+06
46  71  0
46  72  0
46  73  0
46  74  0
46  75  0
46  76  0
46  77  0
46  78  0
46  79  5.61677e+06
46  80  0
47  0  0
47  1  0
47  2  0
47  3  0
47  4  0
47  5  0
47  6  0
47  7  0
47  8  0
47  9  0
47  10  0
47  11  0
47  12  0
47  13  0
47  14  0
47  15  0
47  16  0
47  17  8.30714e+06
47  18  5.60987e+06
47  19  7.25496e+06
47  20  7.37991e+06
47  21  0
47  22  0
47  23  0
47  24  0
47  25  0
47  26  0
47  27  0
47  28  0
47  29  4.65135e+06
47  30  0
47  31  7.23036e+06
47  32  1.04291e+07
47  33  6.49593e+06
47  34  1.05739e+07
47  35  7.18517e+06
47  36  7.26269e+06
47  37  7.06283e+06
47  38  0
47  39  4.50414e+06
47  40  0
47  41  0
47  42  0
47  43  0
47  44  0
47  45  0
47  46  0
47  47  0
47  48  0
47  49  0
47  50  0
47  51  0
47  52  0
47  53  0
47  54  0
47  55  5.37364e+06
47  56  0
47  57  7.70473e+06
47  58  5.92213e+06
47  59  7.31864e+06
47  60  5.50939e+06
47  61  0
47  62  9.6463e+06
47  63  1.36763e+07
47  64  1.00317e+07
47  65  1.01566e+07
47  66  0
47  67  8.79311e+06
47  68  0
47  69  5.30013e+06
47  70  0
47  71  0
47  72  5.81491e+06
47  73  0
47  74  0
47  75  5.53313e+06
47  76  0
47  77  0
47  78  6.50073e+06
47  79  0
47  80  0
48  0  0
48  1  0
48  2  0
48  3  0
48  4  0
48  5  4.86841e+06
48  6  0
48  7  0
48  8  0
48  9  0
48  10  0
48  11  0
48  12  0
48  13  5.92165e+06
48  14  4.8167e+06
48  15  0
48  16  0
48  17  5.69044e+06
48  18  0
48  19  0
48  20  5.646e+06
48  21  0
48  22  0
48  23  0
48  24  0
48  25  0
48  26  0
48  27  0
48  28  0
48  29  4.99506e+06
48  30  5.58706e+06
48  31  8.03091e+06
48  32  9.0664e+06
48  33  7.52534e+06
48  34  6.32758e+06
48  35  5.56883e+06
48  36  4.7805e+06
48  37  4.86416e+06
48  38  0
48  39  0
48  40  0
48  41  0
48  42  0
48  43  0
48  44  0
48  45  0
48  46  0
48  47  0
48  48  0
48  49  0
48  50  0
48  51  0
48  52  4.75516e+06
48  53  5.91542e+06
48  54  6.08046e+06
48  55  0
48  56  0
48  57  7.03781e+06
48  58  0
48  59  5.70686e+06
48  60  6.81998e+06
48  61  8.84058e+06
48  62  6.49248e+06
48  63  9.58093e+06
48  64  0
48  65  1.01043e+07
48  66  0
48  67  6.8977e+06
48  68  0
48  69  4.95899e+06
48  70  0
48  71  0
48  72  0
48  73  6.30212e+06
48  74  0
48  75  0
48  76  0
48  77  0
48  78  5.12004e+06
48  79  4.89798e+06
48  80  0
49  0  5.7028e+06
49  1  0
49  2  0
49  3  0
49  4  0
49  5  0
49  6  0
49  7  0
49  8  0
49  9  4.92905e+06
49  10  0
49  11  0
49  12  0
49  13  0
49  14  0
49  15  0
49  16  0
49  17  4.44263e+06
49  18  8.05771e+06
49  19  6.05077e+06
49  20  6.22671e+06
49  21  0
49  22  0
49  23  0
49  24  0
49  25  0
49  26  0
49  27  8.71067e+06
49  28  5.71493e+06
49  29  5.64246e+06
49  30  8.6577e+06
49  31  1.03889e+07
49  32  8.84037e+06
49  33  1.12195e+07
49  34  8.97404e+06
49  35  9.45712e+06
49  36  5.20457e+06
49  37  5.32022e+06
49  38  0
49  39  0
49  40  0
49  41  0
49  42  0
49  43  0
49  44  0
49  45  0
49  46  0
49  47  0
49  48  0
49  49  0
49  50  0
49  51  0
49  52  0
49  53  0
49  54  0
49  55  6.29818e+06
49  56  0
49  57  0
49  58  6.2244e+06
49  59  8.16529e+06
49  60  0
49  61  7.50573e+06
49  62  1.13071e+07
49  63  7.9023e+06
49  64  9.24978e+06
49  65  0
49  66  0
49  67  0
49  68  6.237e+06
49  69  1.07002e+07
49  70  0
49  71  9.02371e+06
49  72  0
49  73  0
49  74  0
49  75  5.11309e+06
49  76  0
49  77  0
49  78  0
49  79  0
49  80  0
50  0  0
50  1  0
50  2  0
50  3  0
50  4  0
50  5  0
50  6  5.5132e+06
50  7  0
50  8  0
50  9  4.61841e+06
50  10  0
50  11  0
50  12  0
50  13  0
50  14  4.53073e+06
50  15  0
50  16  5.74152e+06
50  17  0
50  18  0
50  19  8.88888e+06
50  20  0
50  21  0
50  22  0
50  23  0
50  24  0
50  25  0
50  26  0
50  27  0
50  28  5.88429e+06
50  29  0
50  30  4.74457e+06
50  31  9.11871e+06
50  32  1.09282e+07
50  33  1.20369e+07
50  34  6.9998e+06
50  35  5.69156e+06
50  36  5.3884e+06
50  37  0
50  38  0
50  39  0
50  40  0
50  41  0
50  42  0
50  43  0
50  44  0
50  45  0
50  46  0
50  47  0
50  48  0
50  49  0
50  50  0
50  51  0
50  52  0
50  53  0
50  54  5.72221e+06
50  55  6.65976e+06
50  56  0
50  57  9.69043e+06
50  58  5.76913e+06
50  59  7.05487e+06
50  60  8.97512e+06
50  61  0
50  62  5.88329e+06
50  63  6.38689e+06
50  64  5.33331e+06
50  65  8.90148e+06
50  66  1.01926e+07
50  67  8.54413e+06
50  68  0
50  69  8.30863e+06
50  70  7.67234e+06
50  71  5.31691e+06
50  72  7.74272e+06
50  73  0
50  74  0
50  75  6.78048e+06
50  76  0
50  77  6.35995e+06
50  78  0
50  79  0
50  80  0
51  0  0
51  1  0
51  2  0
51  3  0
51  4  0
51  5  0
51  6  0
51  7  0
51  8  4.62024e+06
51  9  0
51  10  0
51  11  0
51  12  0
51  13  0
51  14  0
51  15  0
51  16  8.30664e+06
51  17  0
51  18  6.46897e+06
51  19  8.38176e+06
51  20  0
51  21  0
51  22  0
51  23  0
51  24  0
51  25  0
51  26  0
51  27  0
51  28  0
51  29  7.68578e+06
51  30  1.08127e+07
51  31  8.37019e+06
51  32  1.01609e+07
51  33  2.07151e+06
51  34  0
51  35  6.67283e+06
51  36  4.69762e+06
51  37  3.73459e+06
51  38  0
51  39  0
51  40  0
51  41  0
51  42  0
51  43  0
51  44  5.22515e+06
51  45  0
51  46  0
51  47  0
51  48  0
51  49  0
51  50  0
51  51  0
51  52  0
51  53  7.26513e+06
51  54  0
51  55  5.29823e+06
51  56  1.11339e+06
51  57  0
51  58  0
51  59  8.38741e+06
51  60  5.03421e+06
51  61  0
51  62  7.09134e+06
51  63  5.77048e+06
51  64  7.72423e+06
51  65  9.52479e+06
51  66  6.80021e+06
51  67  6.86149e+06
51  68  0
51  69  0
51  70  7.55413e+06
51  71  0
51  72  0
51  73  0
51  74  0
51  75  6.43538e+06
51  76  0
51  77  6.70454e+06
51  78  1.10229e+07
51  79  4.07602e+06
51  80  0
52  0  0
52  1  0
52  2  0
52  3  0
52  4  0
52  5  0
52  6  0
52  7  0
52  8  0
52  9  4.64559e+06
52  10  5.24757e+06
52  11  6.50943e+06
52  12  0
52  13  0
52  14  5.27501e+06
52  15  0
52  16  0
52  17  7.22154e+06
52  18  1.27605e+07
52  19  7.82815e+06
52  20  6.39327e+06
52  21  0
52  22  0
52  23  0
52  24  0
52  25  0
52  26  0
52  27  0
52  28  0
52  29  6.53899e+06
52  30  7.85634e+06
52  31  5.99966e+06
52  32  8.17664e+06
52  33  5.97795e+06
52  34  5.51308e+06
52  35  5.8062e+06
52  36  7.50981e+06
52  37  0
52  38  3.89757e+06
52  39  0
52  40  0
52  41  0
52  42  0
52  43  0
52  44  0
52  45  0
52  46  0
52  47  0
52  48  0
52  49  0
52  50  0
52  51  0
52  52  0
52  53  0
52  54  8.10114e+06
52  55  1.22358e+07
52  56  5.36713e+06
52  57  4.89097e+06
52  58  0
52  59  8.92041e+06
52  60  5.00655e+06
52  61  0
52  62  5.59554e+06
52  63  7.32783e+06
52  64  9.68643e+06
52  65  6.30623e+06
52  66  7.00384e+06
52  67  5.57103e+06
52  68  7.51462e+06
52  69  0
52  70  6.14344e+06
52  71  7.40404e+06
52  72  0
52  73  0
52  74  0
52  75  5.71094e+06
52  76  1.81456e+06
52  77  9.28194e+06
52  78  8.64722e+06
52  79  0
52  80  0
53  0  0
53  1  0
53  2  0
53  3  0
53  4  0
53  5  6.21871e+06
53  6  0
53  7  6.1634e+06
53  8  5.2154e+06
53  9  5.36025e+06
53  10  6.68752e+06
53  11  4.82938e+06
53  12  0
53  13  0
53  14  0
53  15  0
53  16  5.11539e+06
53  17  5.19041e+06
53  18  8.44458e+06
53  19  7.73019e+06
53  20  6.833e+06
53  21  5.91226e+06
53  22  0
53  23  0
53  24  0
53  25  0
53  26  0
53  27  0
53  28  0
53  29  6.8964e+06
53  30  6.18423e+06
53  31  1.031e+07
53  32  6.70233e+06
53  33  7.51765e+06
53  34  4.33607e+06
53  35  0
53  36  0
53  37  0
53  38  0
53  39  0
53  40  0
53  41  0
53  42  0
53  43  0
53  44  0
53  45  0
53  46  0
53  47  0
53  48  0
53  49  0
53  50  0
53  51  0
53  52  6.00163e+06
53  53  7.05752e+06
53  54  6.19017e+06
53  55  7.12864e+06
53  56  4.34196e+06
53  57  0
53  58  8.32429e+06
53  59  0
53  60  7.87715e+06
53  61  9.12378e+06
53  62  7.36065e+06
53  63  6.67896e+06
53  64  1.06478e+07
53  65  7.84507e+06
53  66  5.45139e+06
53  67  0
53  68  0
53  69  0
53  70  0
53  71  5.97657e+06
53  72  6.0548e+06
53  73  0
53  74  4.84332e+06
53  75  7.04144e+06
53  76  0
53  77  8.69e+06
53  78  8.1231e+06
53  79  0
53  80  0
54  0  0
54  1  0
54  2  0
54  3  0
54  4  0
54  5  0
54  6  0
54  7  5.92454e+06
54  8  4.84351e+06
54  9  5.1945e+06
54  10  0
54  11  7.62783e+06
54  12  4.71569e+06
54  13  0
54  14  0
54  15  0
54  16  6.7687e+06
54  17  6.72662e+06
54  18  6.83553e+06
54  19  6.20133e+06
54  20  1.09773e+07
54  21  8.87308e+06
54  22  0
54  23  0
54  24  0
54  25  0
54  26  0
54  27  0
54  28  0
54  29  5.66137e+06
54  30  7.34642e+06
54  31  0
54  32  8.19306e+06
54  33  6.5561e+06
54  34  4.71281e+06
54  35  0
54  36  0
54  37  0
54  38  0
54  39  0
54  40  0
54  41  0
54  42  0
54  43  0
54  44  0
54  45  0
54  46  0
54  47  0
54  48  0
54  49  0
54  50  0
54  51  6.11413e+06
54  52  6.65933e+06
54  53  82295.8
54  54  8.04302e+06
54  55  7.31214e+06
54  56  7.48406e+06
54  57  6.074e+06
54  58  7.22906e+06
54  59  7.84026e+06
54  60  9.70495e+06
54  61  9.36257e+06
54  62  1.02886e+07
54  63  4.83628e+06
54  64  7.45275e+06
54  65  8.25374e+06
54  66  0
54  67  7.91957e+06
54  68  0
54  69  7.52234e+06
54  70  6.05948e+06
54  71  0
54  72  0
54  73  0
54  74  0
54  75  7.06806e+06
54  76  8.31339e+06
54  77  7.88625e+06
54  78  1.02012e+07
54  79  3.69741e+06
54  80  4.16686e+06
55  0  0
55  1  0
55  2  0
55  3  0
55  4  0
55  5  0
55  6  0
55  7  4.98744e+06
55  8  7.71021e+06
55  9  4.89958e+06
55  10  1.02918e+07
55  11  7.22193e+06
55  12  4.63767e+06
55  13  0
55  14  0
55  15  0
55  16  0
55  17  6.90603e+06
55  18  7.16084e+06
55  19  1.05351e+07
55  20  1.34308e+07
55  21  6.47863e+06
55  22  0
55  23  0
55  24  0
55  25  0
55  26  0
55  27  6.63949e+06
55  28  8.90625e+06
55  29  0
55  30  5.40442e+06
55  31  1.05008e+07
55  32  1.00699e+07
55  33  8.7597e+06
55  34  5.89591e+06
55  35  0
55  36  0
55  37  0
55  38  0
55  39  0
55  40  0
55  41  0
55  42  0
55  43  0
55  44  0
55  45  0
55  46  5.97379e+06
55  47  4.12892e+06
55  48  5.83324e+06
55  49  0
55  50  0
55  51  0
55  52  5.35861e+06
55  53  5.13884e+06
55  54  6.09583e+06
55  55  0
55  56  8.28443e+06
55  57  5.58932e+06
55  58  6.80079e+06
55  59  6.61526e+06
55  60  7.88907e+06
55  61  6.37339e+06
55  62  0
55  63  6.81589e+06
55  64  6.36423e+06
55  65  0
55  66  2.38469e+06
55  67  534061
55  68  7.19763e+06
55  69  5.27289e+06
55  70  0
55  71  0
55  72  0
55  73  9.85582e+06
55  74  0
55  75  8.5388e+06
55  76  7.2805e+06
55  77  9.56488e+06
55  78  5.41151e+06
55  79  0
55  80  0
56  0  0
56  1  0
56  2  0
56  3  0
56  4  0
56  5  0
56  6  5.60195e+06
56  7  7.53055e+06
56  8  4.22626e+06
56  9  7.16837e+06
56  10  6.8635e+06
56  11  5.37182e+06
56  12  5.08862e+06
56  13  0
56  14  0
56  15  0
56  16  6.37194e+06
56  17  5.12842e+06
56  18  1.08369e+07
56  19  8.29755e+06
56  20  1.16996e+07
56  21  0
56  22  0
56  23  0
56  24  4.27954e+06
56  25  0
56  26  0
56  27  0
56  28  0
56  29  7.86738e+06
56  30  8.13047e+06
56  31  1.01628e+07
56  32  1.29102e+07
56  33  8.89875e+06
56  34  2.06234e+06
56  35  0
56  36  0
56  37  0
56  38  0
56  39  0
56  40  0
56  41  0
56  42  0
56  43  6.52991e+06
56  44  0
56  45  0
56  46  0
56  47  4.57677e+06
56  48  0
56  49  0
56  50  0
56  51  0
56  52  0
56  53  6.28867e+06
56  54  0
56  55  4.8431e+06
56  56  7.66038e+06
56  57  6.1791e+06
56  58  5.89508e+06
56  59  9.29534e+06
56  60  8.74417e+06
56  61  9.27286e+06
56  62  6.92865e+06
56  63  8.65029e+06
56  64  7.56064e+06
56  65  6.137e+06
56  66  7.61758e+06
56  67  4.71762e+06
56  68  0
56  69  1.10625e+07
56  70  8.05555e+06
56  71  4.95457e+06
56  72  0
56  73  0
56  74  0
56  75  5.74197e+06
56  76  7.87905e+06
56  77  1.05777e+07
56  78  7.58526e+06
56  79  296195
56  80  0
57  0  0
57  1  0
57  2  0
57  3  0
57  4  0
57  5  6.32478e+06
57  6  0
57  7  0
57  8  6.01169e+06
57  9  4.33691e+06
57  10  5.44891e+06
57  11  0
57  12  0
57  13  0
57  14  0
57  15  0
57  16  5.68734e+06
57  17  0
57  18  7.05553e+06
57  19  6.5587e+06
57  20  9.27183e+06
57  21  8.50801e+06
57  22  0
57  23  0
57  24  0
57  25  0
57  26  0
57  27  0
57  28  0
57  29  5.09449e+06
57  30  1.25335e+07
57  31  8.94928e+06
57  32  7.00563e+06
57  33  0
57  34  0
57  35  0
57  36  3.74941e+06
57  37  0
57  38  0
57  39  4.4258e+06
57  40  0
57  41  0
57  42  0
57  43  5.20419e+06
57  44  0
57  45  0
57  46  4.2028e+06
57  47  0
57  48  0
57  49  5.26214e+06
57  50  7.08584e+06
57  51  0
57  52  0
57  53  6.76867e+06
57  54  9.1194e+06
57  55  5.70724e+06
57  56  6.19349e+06
57  57  0
57  58  5.5282e+06
57  59  6.82464e+06
57  60  0
57  61  7.87475e+06
57  62  7.374e+06
57  63  0
57  64  6.73116e+06
57  65  9.84504e+06
57  66  6.40555e+06
57  67  0
57  68  6.42209e+06
57  69  0
57  70  0
57  71  0
57  72  0
57  73  0
57  74  0
57  75  7.70113e+06
57  76  1.15979e+07
57  77  9.1176e+06
57  78  0
57  79  1.2222e+06
57  80  0
58  0  0
58  1  0
58  2  0
58  3  0
58  4  4.97703e+06
58  5  0
58  6  4.39641e+06
58  7  6.60594e+06
58  8  4.76843e+06
58  9  4.92127e+06
58  10  0
58  11  6.81805e+06
58  12  0
58  13  0
58  14  0
58  15  0
58  16  6.77753e+06
58  17  0
58  18  1.13271e+07
58  19  9.02843e+06
58  20  1.45509e+07
58  21  9.66155e+06
58  22  8.37642e+06
58  23  0
58  24  0
58  25  0
58  26  0
58  27  5.30708e+06
58  28  5.27997e+06
58  29  6.82884e+06
58  30  5.96195e+06
58  31  8.00914e+06
58  32  1.10388e+07
58  33  1.25718e+07
58  34  4.47415e+06
58  35  0
58  36  0
58  37  0
58  38  0
58  39  0
58  40  0
58  41  0
58  42  0
58  43  0
58  44  5.53416e+06
58  45  0
58  46  4.61446e+06
58  47  0
58  48  0
58  49  0
58  50  0
58  51  0
58  52  0
58  53  7.07805e+06
58  54  5.94588e+06
58  55  0
58  56  7.58165e+06
58  57  6.34766e+06
58  58  5.54395e+06
58  59  7.20936e+06
58  60  0
58  61  7.32629e+06
58  62  5.32e+06
58  63  6.18348e+06
58  64  6.97287e+06
58  65  8.755e+06
58  66  1.0223e+07
58  67  0
58  68  8.59224e+06
58  69  7.37407e+06
58  70  6.24917e+06
58  71  0
58  72  0
58  73  6.56735e+06
58  74  5.70049e+06
58  75  7.28504e+06
58  76  8.60452e+06
58  77  8.98252e+06
58  78  1.10492e+07
58  79  2.97842e+06
58  80  0
59  0  0
59  1  0
59  2  0
59  3  0
59  4  0
59  5  3.89117e+06
59  6  0
59  7  4.32187e+06
59  8  0
59  9  7.31825e+06
59  10  6.27608e+06
59  11  0
59  12  0
59  13  0
59  14  0
59  15  4.77559e+06
59  16  0
59  17  0
59  18  6.871e+06
59  19  9.12938e+06
59  20  7.4368e+06
59  21  8.58959e+06
59  22  7.00565e+06
59  23  0
59  24  6.77977e+06
59  25  0
59  26  5.54209e+06
59  27  0
59  28  6.16147e+06
59  29  6.41099e+06
59  30  5.5517e+06
59  31  8.03074e+06
59  32  1.21164e+07
59  33  5.52789e+06
59  34  6.55357e+06
59  35  0
59  36  0
59  37  0
59  38  0
59  39  0
59  40  0
59  41  0
59  42  0
59  43  0
59  44  0
59  45  0
59  46  0
59  47  6.0968e+06
59  48  0
59  49  0
59  50  0
59  51  6.21632e+06
59  52  5.50484e+06
59  53  0
59  54  0
59  55  6.19601e+06
59  56  7.55648e+06
59  57  7.33837e+06
59  58  6.84097e+06
59  59  7.20112e+06
59  60  1.34206e+07
59  61  0
59  62  7.68416e+06
59  63  0
59  64  0
59  65  6.30078e+06
59  66  1.06533e+07
59  67  0
59  68  6.26692e+06
59  69  5.23225e+06
59  70  0
59  71  5.82544e+06
59  72  0
59  73  0
59  74  5.34025e+06
59  75  0
59  76  8.7582e+06
59  77  6.69869e+06
59  78  0
59  79  0
59  80  0
60  0  0
60  1  0
60  2  0
60  3  0
60  4  4.06235e+06
60  5  5.57138e+06
60  6  0
60  7  5.09853e+06
60  8  6.13239e+06
60  9  5.78187e+06
60  10  5.81847e+06
60  11  6.37254e+06
60  12  0
60  13  4.68794e+06
60  14  0
60  15  0
60  16  0
60  17  0
60  18  0
60  19  0
60  20  9.06107e+06
60  21  1.01977e+07
60  22  8.89038e+06
60  23  0
60  24  0
60  25  0
60  26  0
60  27  7.97164e+06
60  28  6.5212e+06
60  29  7.66657e+06
60  30  4.84905e+06
60  31  7.42641e+06
60  32  9.7913e+06
60  33  5.33424e+06
60  34  5.26545e+06
60  35  0
60  36  0
60  37  0
60  38  0
60  39  0
60  40  0
60  41  0
60  42  0
60  43  0
60  44  0
60  45  0
60  46  0
60  47  0
60  48  0
60  49  0
60  50  0
60  51  5.09333e+06
60  52  4.79933e+06
60  53  5.52936e+06
60  54  0
60  55  6.54213e+06
60  56  6.35423e+06
60  57  8.51192e+06
60  58  5.44854e+06
60  59  0
60  60  8.98144e+06
60  61  0
60  62  7.95159e+06
60  63  0
60  64  8.38595e+06
60  65  9.01371e+06
60  66  6.48459e+06
60  67  5.95683e+06
60  68  0
60  69  0
60  70  0
60  71  0
60  72  5.28965e+06
60  73  0
60  74  6.80091e+06
60  75  0
60  76  6.09976e+06
60  77  7.37594e+06
60  78  4.36705e+06
60  79  0
60  80  0
61  0  0
61  1  0
61  2  0
61  3  0
61  4  0
61  5  6.14033e+06
61  6  0
61  7  9.51379e+06
61  8  7.17625e+06
61  9  3.69496e+06
61  10  6.28514e+06
61  11  4.37949e+06
61  12  6.15854e+06
61  13  0
61  14  0
61  15  0
61  16  4.87463e+06
61  17  0
61  18  0
61  19  8.272e+06
61  20  7.82639e+06
61  21  0
61  22  7.00096e+06
61  23  0
61  24  0
61  25  0
61  26  0
61  27  0
61  28  7.88181e+06
61  29  7.1144e+06
61  30  1.04887e+07
61  31  1.02526e+07
61  32  5.31537e+06
61  33  9.50003e+06
61  34  0
61  35  0
61  36  0
61  37  0
61  38  0
61  39  0
61  40  0
61  41  0
61  42  0
61  43  0
61  44  6.27367e+06
61  45  8.25818e+06
61  46  6.0688e+06
61  47  0
61  48  0
61  49  0
61  50  6.99336e+06
61  51  0
61  52  6.98137e+06
61  53  6.14499e+06
61  54  8.87823e+06
61  55  0
61  56  0
61  57  6.57204e+06
61  58  5.44994e+06
61  59  8.55439e+06
61  60  9.49211e+06
61  61  0
61  62  0
61  63  0
61  64  7.4806e+06
61  65  9.27131e+06
61  66  0
61  67  6.848e+06
61  68  0
61  69  6.89709e+06
61  70  0
61  71  0
61  72  5.66845e+06
61  73  7.13961e+06
61  74  6.23374e+06
61  75  0
61  76  1.0075e+07
61  77  8.52954e+06
61  78  755539
61  79  0
61  80  0
62  0  0
62  1  0
62  2  0
62  3  0
62  4  0
62  5  6.87704e+06
62  6  4.61544e+06
62  7  0
62  8  0
62  9  4.17072e+06
62  10  5.72841e+06
62  11  3.69903e+06
62  12  5.69547e+06
62  13  0
62  14  0
62  15  0
62  16  0
62  17  8.25237e+06
62  18  7.43667e+06
62  19  4.61818e+06
62  20  7.65278e+06
62  21  8.27768e+06
62  22  6.92924e+06
62  23  0
62  24  0
62  25  5.92752e+06
62  26  0
62  27  0
62  28  6.78849e+06
62  29  7.78482e+06
62  30  8.53777e+06
62  31  7.41338e+06
62  32  9.17083e+06
62  33  1.10725e+07
62  34  6.74794e+06
62  35  0
62  36  4.34388e+06
62  37  0
62  38  0
62  39  0
62  40  0
62  41  0
62  42  0
62  43  0
62  44  5.10559e+06
62  45  0
62  46  6.61828e+06
62  47  0
62  48  0
62  49  8.04866e+06
62  50  0
62  51  5.62621e+06
62  52  0
62  53  0
62  54  6.90877e+06
62  55  0
62  56  6.31663e+06
62  57  0
62  58  6.85755e+06
62  59  5.61096e+06
62  60  9.43968e+06
62  61  5.6106e+06
62  62  6.80696e+06
62  63  0
62  64  5.51672e+06
62  65  6.09985e+06
62  66  0
62  67  6.4954e+06
62  68  0
62  69  0
62  70  0
62  71  0
62  72  0
62  73  0
62  74  1.08862e+07
62  75  9.18384e+06
62  76  5.59364e+06
62  77  7.37977e+06
62  78  5.51597e+06
62  79  0
62  80  0
63  0  0
63  1  0
63  2  0
63  3  5.79145e+06
63  4  5.65107e+06
63  5  4.44816e+06
63  6  7.05577e+06
63  7  6.23396e+06
63  8  6.95505e+06
63  9  0
63  10  3.96879e+06
63  11  5.29336e+06
63  12  5.20943e+06
63  13  3.85278e+06
63  14  0
63  15  0
63  16  0
63  17  0
63  18  8.7965e+06
63  19  9.66554e+06
63  20  8.45651e+06
63  21  6.25807e+06
63  22  6.23888e+06
63  23  0
63  24  0
63  25  0
63  26  0
63  27  0
63  28  7.9529e+06
63  29  1.10505e+07
63  30  9.49998e+06
63  31  6.49292e+06
63  32  8.6723e+06
63  33  8.98654e+06
63  34  4.21924e+06
63  35  0
63  36  0
63  37  4.26215e+06
63  38  0
63  39  0
63  40  0
63  41  0
63  42  0
63  43  0
63  44  0
63  45  4.23174e+06
63  46  7.44794e+06
63  47  0
63  48  0
63  49  0
63  50  0
63  51  0
63  52  0
63  53  5.33458e+06
63  54  0
63  55  5.05892e+06
63  56  0
63  57  4.66136e+06
63  58  6.39789e+06
63  59  0
63  60  7.62422e+06
63  61  9.69233e+06
63  62  5.75802e+06
63  63  0
63  64  0
63  65  8.0967e+06
63  66  0
63  67  0
63  68  0
63  69  0
63  70  0
63  71  0
63  72  0
63  73  0
63  74  1.04227e+07
63  75  0
63  76  0
63  77  5.37136e+06
63  78  7.27749e+06
63  79  0
63  80  0
64  0  0
64  1  0
64  2  0
64  3  0
64  4  4.9421e+06
64  5  0
64  6  4.96214e+06
64  7  5.5253e+06
64  8  7.22866e+06
64  9  0
64  10  5.31345e+06
64  11  0
64  12  4.75128e+06
64  13  0
64  14  0
64  15  4.41485e+06
64  16  6.42145e+06
64  17  0
64  18  4.59111e+06
64  19  1.06945e+07
64  20  5.63526e+06
64  21  0
64  22  4.86153e+06
64  23  8.24749e+06
64  24  0
64  25  0
64  26  5.04738e+06
64  27  6.28702e+06
64  28  9.72033e+06
64  29  1.14688e+07
64  30  0
64  31  9.293e+06
64  32  6.11535e+06
64  33  0
64  34  6.61691e+06
64  35  0
64  36  0
64  37  0
64  38  0
64  39  0
64  40  0
64  41  0
64  42  0
64  43  0
64  44  6.30859e+06
64  45  0
64  46  0
64  47  0
64  48  5.39318e+06
64  49  6.45107e+06
64  50  0
64  51  0
64  52  5.82817e+06
64  53  0
64  54  4.58231e+06
64  55  0
64  56  5.7745e+06
64  57  0
64  58  9.61079e+06
64  59  6.71009e+06
64  60  6.03214e+06
64  61  6.36977e+06
64  62  5.84826e+06
64  63  6.26583e+06
64  64  0
64  65  0
64  66  5.97002e+06
64  67  0
64  68  0
64  69  0
64  70  8.41951e+06
64  71  0
64  72  0
64  73  0
64  74  0
64  75  0
64  76  0
64  77  5.32005e+06
64  78  6.84625e+06
64  79  1.81263e+06
64  80  0
65  0  0
65  1  0
65  2  0
65  3  0
65  4  0
65  5  4.50766e+06
65  6  8.03268e+06
65  7  0
65  8  4.85691e+06
65  9  5.22216e+06
65  10  4.94337e+06
65  11  5.67187e+06
65  12  5.35135e+06
65  13  0
65  14  0
65  15  3.92834e+06
65  16  0
65  17  4.91616e+06
65  18  5.80597e+06
65  19  6.1063e+06
65  20  7.24944e+06
65  21  0
65  22  0
65  23  1.08836e+07
65  24  5.98771e+06
65  25  0
65  26  7.18108e+06
65  27  8.17857e+06
65  28  1.23142e+07
65  29  9.21412e+06
65  30  1.09472e+07
65  31  7.36261e+06
65  32  9.09055e+06
65  33  1.06516e+07
65  34  7.18165e+06
65  35  0
65  36  4.19513e+06
65  37  0
65  38  7.01453e+06
65  39  0
65  40  0
65  41  0
65  42  0
65  43  0
65  44  0
65  45  0
65  46  6.30849e+06
65  47  6.56721e+06
65  48  0
65  49  6.93241e+06
65  50  5.74565e+06
65  51  7.31024e+06
65  52  5.38501e+06
65  53  0
65  54  6.39067e+06
65  55  0
65  56  5.64278e+06
65  57  7.04618e+06
65  58  5.80811e+06
65  59  7.3416e+06
65  60  9.7197e+06
65  61  6.46746e+06
65  62  6.68955e+06
65  63  0
65  64  0
65  65  0
65  66  0
65  67  5.54826e+06
65  68  0
65  69  0
65  70  0
65  71  0
65  72  0
65  73  0
65  74  5.60953e+06
65  75  0
65  76  5.09044e+06
65  77  0
65  78  5.896e+06
65  79  0
65  80  0
66  0  0
66  1  0
66  2  0
66  3  0
66  4  0
66  5  6.18707e+06
66  6  5.49152e+06
66  7  7.57984e+06
66  8  5.76425e+06
66  9  4.63755e+06
66  10  5.15222e+06
66  11  5.59274e+06
66  12  4.85022e+06
66  13  0
66  14  0
66  15  6.67347e+06
66  16  4.68837e+06
66  17  0
66  18  7.25723e+06
66  19  7.46769e+06
66  20  4.94557e+06
66  21  5.53625e+06
66  22  6.85609e+06
66  23  6.39935e+06
66  24  5.0031e+06
66  25  0
66  26  6.31656e+06
66  27  6.18625e+06
66  28  1.03578e+07
66  29  9.27111e+06
66  30  1.09829e+07
66  31  8.3431e+06
66  32  9.6262e+06
66  33  1.04708e+07
66  34  5.57674e+06
66  35  0
66  36  0
66  37  0
66  38  0
66  39  0
66  40  0
66  41  0
66  42  0
66  43  0
66  44  0
66  45  7.5569e+06
66  46  7.93453e+06
66  47  7.50128e+06
66  48  8.82326e+06
66  49  381654
66  50  5.40095e+06
66  51  6.0471e+06
66  52  0
66  53  6.10598e+06
66  54  5.88819e+06
66  55  5.0749e+06
66  56  8.84784e+06
66  57  7.18741e+06
66  58  0
66  59  5.53543e+06
66  60  1.05623e+07
66  61  1.02022e+07
66  62  7.97305e+06
66  63  7.79667e+06
66  64  0
66  65  0
66  66  0
66  67  5.93463e+06
66  68  0
66  69  0
66  70  5.70594e+06
66  71  0
66  72  0
66  73  0
66  74  7.60939e+06
66  75  0
66  76  0
66  77  0
66  78  0
66  79  0
66  80  0
67  0  0
67  1  0
67  2  0
67  3  0
67  4  7.97948e+06
67  5  7.93236e+06
67  6  6.78237e+06
67  7  7.54006e+06
67  8  0
67  9  6.44783e+06
67  10  4.99929e+06
67  11  0
67  12  4.61322e+06
67  13  0
67  14  0
67  15  5.15079e+06
67  16  6.47436e+06
67  17  9.5223e+06
67  18  5.89981e+06
67  19  7.33104e+06
67  20  9.05878e+06
67  21  4.11348e+06
67  22  7.93571e+06
67  23  9.13348e+06
67  24  5.71527e+06
67  25  0
67  26  0
67  27  6.94829e+06
67  28  1.03496e+07
67  29  1.0087e+07
67  30  1.21586e+07
67  31  1.21633e+07
67  32  9.24581e+06
67  33  1.01494e+07
67  34  7.20454e+06
67  35  7.83684e+06
67  36  6.3029e+06
67  37  4.3516e+06
67  38  6.24406e+06
67  39  0
67  40  0
67  41  0
67  42  0
67  43  0
67  44  6.35385e+06
67  45  6.09759e+06
67  46  7.75258e+06
67  47  6.82933e+06
67  48  5.67169e+06
67  49  7.34407e+06
67  50  0
67  51  0
67  52  0
67  53  0
67  54  5.90152e+06
67  55  6.37908e+06
67  56  1.09296e+07
67  57  0
67  58  6.28411e+06
67  59  0
67  60  7.81822e+06
67  61  5.79542e+06
67  62  6.47003e+06
67  63  0
67  64  6.27645e+06
67  65  0
67  66  0
67  67  6.54914e+06
67  68  0
67  69  0
67  70  0
67  71  0
67  72  0
67  73  0
67  74  0
67  75  0
67  76  0
67  77  7.70047e+06
67  78  0
67  79  0
67  80  0
68  0  0
68  1  0
68  2  0
68  3  0
68  4  6.17583e+06
68  5  0
68  6  0
68  7  7.68815e+06
68  8  8.68431e+06
68  9  5.91277e+06
68  10  9.07397e+06
68  11  4.62853e+06
68  12  0
68  13  0
68  14  4.78495e+06
68  15  0
68  16  9.52552e+06
68  17  7.10249e+06
68  18  5.31841e+06
68  19  7.20368e+06
68  20  5.8262e+06
68  21  6.92752e+06
68  22  6.95636e+06
68  23  7.27778e+06
68  24  7.33731e+06
68  25  5.48912e+06
68  26  8.80773e+06
68  27  9.67308e+06
68  28  1.27538e+07
68  29  1.02711e+07
68  30  8.19778e+06
68  31  1.06041e+07
68  32  1.19032e+07
68  33  1.05829e+07
68  34  7.83997e+06
68  35  8.51e+06
68  36  0
68  37  0
68  38  0
68  39  6.11002e+06
68  40  0
68  41  0
68  42  0
68  43  0
68  44  868924
68  45  0
68  46  6.42317e+06
68  47  0
68  48  4.86988e+06
68  49  0
68  50  0
68  51  6.98946e+06
68  52  0
68  53  0
68  54  5.12806e+06
68  55  1.02045e+07
68  56  6.63004e+06
68  57  9.399e+06
68  58  0
68  59  8.95383e+06
68  60  9.90955e+06
68  61  7.36611e+06
68  62  5.28473e+06
68  63  8.14923e+06
68  64  8.06249e+06
68  65  0
68  66  0
68  67  0
68  68  0
68  69  0
68  70  0
68  71  0
68  72  0
68  73  0
68  74  196316
68  75  0
68  76  0
68  77  0
68  78  0
68  79  0
68  80  0
69  0  0
69  1  0
69  2  0
69  3  0
69  4  5.82918e+06
69  5  5.7452e+06
69  6  5.28395e+06
69  7  1.12419e+07
69  8  8.55812e+06
69  9  6.39452e+06
69  10  4.79955e+06
69  11  5.15418e+06
69  12  0
69  13  4.50458e+06
69  14  0
69  15  5.95727e+06
69  16  8.22612e+06
69  17  6.55394e+06
69  18  8.35143e+06
69  19  6.0263e+06
69  20  5.88737e+06
69  21  6.26499e+06
69  22  5.53973e+06
69  23  7.87723e+06
69  24  5.70702e+06
69  25  8.66831e+06
69  26  4.4998e+06
69  27  1.03796e+07
69  28  1.17038e+07
69  29  1.36429e+07
69  30  1.18355e+07
69  31  1.04784e+07
69  32  9.45069e+06
69  33  1.05589e+07
69  34  7.48583e+06
69  35  9.4953e+06
69  36  0
69  37  7.90337e+06
69  38  5.26296e+06
69  39  0
69  40  0
69  41  6.66104e+06
69  42  0
69  43  0
69  44  0
69  45  0
69  46  6.34934e+06
69  47  7.49096e+06
69  48  0
69  49  0
69  50  0
69  51  7.62623e+06
69  52  5.52146e+06
69  53  0
69  54  1.05936e+07
69  55  0
69  56  7.40056e+06
69  57  8.33694e+06
69  58  6.69155e+06
69  59  9.71547e+06
69  60  0
69  61  0
69  62  0
69  63  5.63034e+06
69  64  5.47554e+06
69  65  0
69  66  0
69  67  0
69  68  0
69  69  0
69  70  0
69  71  0
69  72  0
69  73  0
69  74  0
69  75  0
69  76  0
69  77  0
69  78  7.06183e+06
69  79  0
69  80  0
70  0  0
70  1  0
70  2  0
70  3  0
70  4  0
70  5  8.82225e+06
70  6  8.64781e+06
70  7  7.32989e+06
70  8  0
70  9  6.04354e+06
70  10  6.8348e+06
70  11  5.20245e+06
70  12  0
70  13  4.59286e+06
70  14  4.61207e+06
70  15  0
70  16  5.86035e+06
70  17  9.41722e+06
70  18  9.18677e+06
70  19  1.25382e+07
70  20  5.48551e+06
70  21  7.969e+06
70  22  1.14154e+07
70  23  6.48682e+06
70  24  6.10191e+06
70  25  9.38355e+06
70  26  9.4391e+06
70  27  1.09831e+07
70  28  1.15953e+07
70  29  1.04382e+07
70  30  9.32456e+06
70  31  1.27508e+07
70  32  1.24361e+07
70  33  1.25278e+07
70  34  9.83048e+06
70  35  2.76577e+06
70  36  1.00247e+07
70  37  0
70  38  0
70  39  4.70153e+06
70  40  0
70  41  6.06478e+06
70  42  4.50108e+06
70  43  0
70  44  0
70  45  5.57725e+06
70  46  9.70508e+06
70  47  5.75881e+06
70  48  7.17516e+06
70  49  6.64166e+06
70  50  0
70  51  0
70  52  5.52184e+06
70  53  0
70  54  0
70  55  5.50717e+06
70  56  5.27888e+06
70  57  0
70  58  0
70  59  7.07848e+06
70  60  6.71339e+06
70  61  7.64044e+06
70  62  6.96478e+06
70  63  8.23972e+06
70  64  5.79563e+06
70  65  0
70  66  0
70  67  0
70  68  0
70  69  0
70  70  0
70  71  0
70  72  0
70  73  0
70  74  0
70  75  0
70  76  0
70  77  0
70  78  0
70  79  0
70  80  0
71  0  0
71  1  4.19875e+06
71  2  4.48906e+06
71  3  4.14198e+06
71  4  9.84533e+06
71  5  6.08702e+06
71  6  6.66955e+06
71  7  8.06624e+06
71  8  5.22709e+06
71  9  6.01105e+06
71  10  3.99216e+06
71  11  6.3654e+06
71  12  7.26329e+06
71  13  3.74049e+06
71  14  0
71  15  6.87378e+06
71  16  5.75034e+06
71  17  9.80582e+06
71  18  6.43802e+06
71  19  6.51212e+06
71  20  7.90129e+06
71  21  6.2913e+06
71  22  5.08059e+06
71  23  7.36324e+06
71  24  4.93609e+06
71  25  9.93239e+06
71  26  8.62767e+06
71  27  9.41775e+06
71  28  1.11031e+07
71  29  1.05398e+07
71  30  1.56856e+07
71  31  1.37038e+07
71  32  1.24812e+07
71  33  1.18789e+07
71  34  9.01428e+06
71  35  7.19542e+06
71  36  9.46943e+06
71  37  6.33223e+06
71  38  0
71  39  0
71  40  0
71  41  0
71  42  0
71  43  5.31055e+06
71  44  5.97169e+06
71  45  5.17653e+06
71  46  9.52704e+06
71  47  5.02907e+06
71  48  6.05856e+06
71  49  4.49611e+06
71  50  0
71  51  7.34177e+06
71  52  5.52079e+06
71  53  7.36447e+06
71  54  0
71  55  0
71  56  6.46086e+06
71  57  8.45247e+06
71  58  6.56412e+06
71  59  0
71  60  7.61011e+06
71  61  0
71  62  5.72907e+06
71  63  0
71  64  0
71  65  0
71  66  0
71  67  0
71  68  0
71  69  0
71  70  0
71  71  0
71  72  0
71  73  0
71  74  0
71  75  0
71  76  4.80022e+06
71  77  0
71  78  0
71  79  0
71  80  0
72  0  0
72  1  5.20902e+06
72  2  0
72  3  4.85234e+06
72  4  4.281e+06
72  5  1.30894e+07
72  6  5.47765e+06
72  7  8.65899e+06
72  8  9.82565e+06
72  9  0
72  10  5.0721e+06
72  11  9.30871e+06
72  12  8.58585e+06
72  13  0
72  14  9.08306e+06
72  15  0
72  16  1.11084e+07
72  17  7.57026e+06
72  18  8.44959e+06
72  19  8.65216e+06
72  20  1.05121e+07
72  21  8.25932e+06
72  22  8.59577e+06
72  23  8.90282e+06
72  24  5.42234e+06
72  25  8.88233e+06
72  26  8.97681e+06
72  27  1.29e+07
72  28  8.28026e+06
72  29  6.92971e+06
72  30  1.41745e+07
72  31  1.41665e+07
72  32  1.3079e+07
72  33  1.33779e+07
72  34  1.07595e+07
72  35  1.11213e+07
72  36  1.32558e+06
72  37  5.16756e+06
72  38  135129
72  39  5.31527e+06
72  40  0
72  41  0
72  42  0
72  43  0
72  44  0
72  45  4.87214e+06
72  46  5.03613e+06
72  47  5.87907e+06
72  48  9.48792e+06
72  49  8.77304e+06
72  50  6.21504e+06
72  51  0
72  52  0
72  53  0
72  54  0
72  55  0
72  56  6.60853e+06
72  57  0
72  58  5.41868e+06
72  59  0
72  60  9.1163e+06
72  61  6.44784e+06
72  62  0
72  63  5.47195e+06
72  64  5.27898e+06
72  65  0
72  66  6.76566e+06
72  67  0
72  68  0
72  69  0
72  70  0
72  71  0
72  72  0
72  73  0
72  74  0
72  75  4.74838e+06
72  76  0
72  77  0
72  78  0
72  79  0
72  80  0
73  0  5.69852e+06
73  1  0
73  2  0
73  3  5.98577e+06
73  4  5.72121e+06
73  5  4.86332e+06
73  6  7.6941e+06
73  7  8.48876e+06
73  8  9.20077e+06
73  9  8.29262e+06
73  10  5.55142e+06
73  11  8.64301e+06
73  12  0
73  13  5.7471e+06
73  14  7.91981e+06
73  15  6.77134e+06
73  16  5.57085e+06
73  17  7.1631e+06
73  18  7.61986e+06
73  19  9.32924e+06
73  20  5.54505e+06
73  21  2.62578e+06
73  22  0
73  23  6.53008e+06
73  24  9.42543e+06
73  25  8.80399e+06
73  26  6.96407e+06
73  27  1.2613e+07
73  28  1.27881e+07
73  29  1.22862e+07
73  30  1.15117e+07
73  31  1.37861e+07
73  32  1.42424e+07
73  33  1.36172e+07
73  34  1.20097e+07
73  35  9.30941e+06
73  36  6.92419e+06
73  37  0
73  38  0
73  39  6.38633e+06
73  40  5.12688e+06
73  41  0
73  42  0
73  43  6.31326e+06
73  44  4.76089e+06
73  45  8.3688e+06
73  46  7.06333e+06
73  47  9.98386e+06
73  48  9.4168e+06
73  49  5.652e+06
73  50  8.97879e+06
73  51  9.62526e+06
73  52  9.81044e+06
73  53  0
73  54  0
73  55  0
73  56  0
73  57  0
73  58  8.733e+06
73  59  8.33645e+06
73  60  0
73  61  7.71068e+06
73  62  0
73  63  6.91832e+06
73  64  6.6358e+06
73  65  0
73  66  0
73  67  6.36837e+06
73  68  0
73  69  0
73  70  0
73  71  0
73  72  0
73  73  0
73  74  0
73  75  0
73  76  0
73  77  0
73  78  0
73  79  0
73  80  0
74  0  4.3398e+06
74  1  0
74  2  0
74  3  7.12503e+06
74  4  4.15914e+06
74  5  0
74  6  0
74  7  8.08727e+06
74  8  7.23352e+06
74  9  8.06564e+06
74  10  8.80475e+06
74  11  5.05168e+06
74  12  1.04972e+07
74  13  5.41676e+06
74  14  8.42668e+06
74  15  7.72382e+06
74  16  0
74  17  7.27783e+06
74  18  0
74  19  9.16302e+06
74  20  1.01269e+07
74  21  8.05138e+06
74  22  8.76561e+06
74  23  7.40179e+06
74  24  8.89992e+06
74  25  9.00754e+06
74  26  1.13463e+07
74  27  1.50204e+07
74  28  1.18983e+07
74  29  1.39716e+07
74  30  1.55244e+07
74  31  1.26535e+07
74  32  1.26517e+07
74  33  1.36971e+07
74  34  8.79941e+06
74  35  8.44305e+06
74  36  4.92252e+06
74  37  0
74  38  7.70669e+06
74  39  7.76259e+06
74  40  0
74  41  0
74  42  0
74  43  0
74  44  0
74  45  9.59642e+06
74  46  9.98239e+06
74  47  1.02804e+07
74  48  6.43324e+06
74  49  1.03483e+07
74  50  8.61881e+06
74  51  7.57873e+06
74  52  0
74  53  0
74  54  7.71553e+06
74  55  6.13761e+06
74  56  7.88648e+06
74  57  7.27353e+06
74  58  9.03201e+06
74  59  8.12502e+06
74  60  6.36338e+06
74  61  0
74  62  5.67058e+06
74  63  6.58339e+06
74  64  0
74  65  0
74  66  0
74  67  6.02912e+06
74  68  0
74  69  0
74  70  0
74  71  0
74  72  0
74  73  0
74  74  0
74  75  0
74  76  0
74  77  0
74  78  0
74  79  0
74  80  0
75  0  0
75  1  4.58719e+06
75  2  4.28195e+06
75  3  0
75  4  0
75  5  6.83257e+06
75  6  5.92861e+06
75  7  1.16348e+07
75  8  6.84888e+06
75  9  9.29753e+06
75  10  6.30672e+06
75  11  8.22309e+06
75  12  5.10077e+06
75  13  0
75  14  8.43996e+06
75  15  7.75514e+06
75  16  6.14101e+06
75  17  6.90861e+06
75  18  9.6697e+06
75  19  1.29092e+07
75  20  7.80989e+06
75  21  3.5804e+06
75  22  8.33287e+06
75  23  1.07903e+07
75  24  6.85079e+06
75  25  1.4901e+07
75  26  9.61839e+06
75  27  1.19508e+07
75  28  7.296e+06
75  29  1.00792e+07
75  30  1.21658e+07
75  31  1.0442e+07
75  32  1.20325e+07
75  33  6.45525e+06
75  34  8.92497e+06
75  35  8.18363e+06
75  36  4.9745e+06
75  37  5.33656e+06
75  38  5.93996e+06
75  39  9.08796e+06
75  40  0
75  41  0
75  42  0
75  43  6.52947e+06
75  44  0
75  45  5.84674e+06
75  46  8.17084e+06
75  47  1.1898e+07
75  48  8.49765e+06
75  49  7.10743e+06
75  50  5.59201e+06
75  51  5.56375e+06
75  52  4.44081e+06
75  53  0
75  54  5.19645e+06
75  55  6.3075e+06
75  56  5.8419e+06
75  57  0
75  58  7.02798e+06
75  59  8.06701e+06
75  60  0
75  61  6.7493e+06
75  62  6.73168e+06
75  63  5.81139e+06
75  64  0
75  65  5.67056e+06
75  66  0
75  67  6.57481e+06
75  68  0
75  69  0
75  70  0
75  71  0
75  72  0
75  73  0
75  74  0
75  75  0
75  76  0
75  77  0
75  78  0
75  79  0
75  80  0
76  0  0
76  1  0
76  2  0
76  3  0
76  4  5.76991e+06
76  5  0
76  6  9.01817e+06
76  7  1.00386e+07
76  8  1.00465e+07
76  9  1.15313e+07
76  10  1.16223e+07
76  11  1.01257e+07
76  12  9.32955e+06
76  13  7.60732e+06
76  14  0
76  15  0
76  16  1.09703e+07
76  17  5.26721e+06
76  18  7.24021e+06
76  19  5.74373e+06
76  20  1.0364e+07
76  21  3.91029e+06
76  22  4.84348e+06
76  23  9.16882e+06
76  24  7.23077e+06
76  25  9.5473e+06
76  26  7.56862e+06
76  27  9.90389e+06
76  28  9.75366e+06
76  29  1.05193e+07
76  30  1.24018e+07
76  31  1.48644e+07
76  32  9.42555e+06
76  33  7.97379e+06
76  34  7.78151e+06
76  35  1.41552e+06
76  36  6.34416e+06
76  37  8.01793e+06
76  38  6.8616e+06
76  39  6.4504e+06
76  40  0
76  41  5.74259e+06
76  42  0
76  43  5.07593e+06
76  44  0
76  45  9.26035e+06
76  46  7.85441e+06
76  47  1.33141e+07
76  48  8.6448e+06
76  49  1.11933e+07
76  50  8.12828e+06
76  51  0
76  52  5.95681e+06
76  53  7.90091e+06
76  54  5.90988e+06
76  55  7.22463e+06
76  56  0
76  57  0
76  58  9.31336e+06
76  59  5.07812e+06
76  60  7.25585e+06
76  61  6.48494e+06
76  62  0
76  63  9.87504e+06
76  64  0
76  65  5.49862e+06
76  66  0
76  67  0
76  68  0
76  69  0
76  70  0
76  71  0
76  72  0
76  73  5.62043e+06
76  74  0
76  75  0
76  76  0
76  77  0
76  78  0
76  79  0
76  80  0
77  0  5.7637e+06
77  1  0
77  2  0
77  3  0
77  4  6.14891e+06
77  5  6.75387e+06
77  6  6.59095e+06
77  7  1.04555e+07
77  8  5.77984e+06
77  9  8.20755e+06
77  10  6.19457e+06
77  11  7.05123e+06
77  12  5.65652e+06
77  13  4.91186e+06
77  14  0
77  15  1.08157e+07
77  16  7.84972e+06
77  17  5.72351e+06
77  18  6.03694e+06
77  19  8.35503e+06
77  20  5.91616e+06
77  21  7.81221e+06
77  22  7.30144e+06
77  23  1.01609e+07
77  24  7.28231e+06
77  25  9.19319e+06
77  26  8.17399e+06
77  27  7.78145e+06
77  28  5.76738e+06
77  29  8.64074e+06
77  30  1.67711e+07
77  31  1.13866e+07
77  32  9.86454e+06
77  33  1.12781e+07
77  34  0
77  35  4.40735e+06
77  36  0
77  37  5.1945e+06
77  38  5.04282e+06
77  39  0
77  40  6.04371e+06
77  41  5.33557e+06
77  42  0
77  43  4.83703e+06
77  44  9.67076e+06
77  45  1.05493e+07
77  46  8.22758e+06
77  47  6.23459e+06
77  48  1.05121e+07
77  49  6.71287e+06
77  50  5.87388e+06
77  51  4.94823e+06
77  52  4.90495e+06
77  53  7.6795e+06
77  54  5.43949e+06
77  55  5.85266e+06
77  56  0
77  57  6.26364e+06
77  58  6.63812e+06
77  59  5.22675e+06
77  60  7.80914e+06
77  61  0
77  62  0
77  63  9.37147e+06
77  64  0
77  65  0
77  66  0
77  67  0
77  68  0
77  69  0
77  70  0
77  71  4.54212e+06
77  72  5.93762e+06
77  73  0
77  74  0
77  75  0
77  76  0
77  77  0
77  78  0
77  79  0
77  80  0
78  0  0
78  1  0
78  2  5.12985e+06
78  3  4.7868e+06
78  4  3.87176e+06
78  5  6.17596e+06
78  6  1.00457e+07
78  7  5.71994e+06
78  8  4.9765e+06
78  9  6.9297e+06
78  10  8.23852e+06
78  11  0
78  12  5.65751e+06
78  13  5.32682e+06
78  14  6.92281e+06
78  15  6.01082e+06
78  16  6.64482e+06
78  17  1.14319e+07
78  18  7.73915e+06
78  19  1.04373e+07
78  20  1.2197e+07
78  21  8.1766e+06
78  22  6.77287e+06
78  23  9.02788e+06
78  24  1.3478e+07
78  25  1.41149e+07
78  26  8.22897e+06
78  27  1.1802e+07
78  28  8.94945e+06
78  29  9.89396e+06
78  30  1.103e+07
78  31  1.28972e+07
78  32  8.67276e+06
78  33  1.08417e+07
78  34  6.38039e+06
78  35  6.19418e+06
78  36  9.48228e+06
78  37  8.24076e+06
78  38  6.13004e+06
78  39  0
78  40  0
78  41  0
78  42  6.03874e+06
78  43  0
78  44  6.14366e+06
78  45  8.43117e+06
78  46  6.39412e+06
78  47  8.55584e+06
78  48  9.03547e+06
78  49  1.10345e+07
78  50  9.09864e+06
78  51  0
78  52  8.38189e+06
78  53  5.46353e+06
78  54  0
78  55  0
78  56  0
78  57  6.23022e+06
78  58  7.91082e+06
78  59  0
78  60  6.71323e+06
78  61  1.08289e+07
78  62  8.18726e+06
78  63  0
78  64  0
78  65  0
78  66  0
78  67  0
78  68  0
78  69  0
78  70  0
78  71  0
78  72  0
78  73  4.69869e+06
78  74  0
78  75  0
78  76  0
78  77  0
78  78  0
78  79  0
78  80  0
79  0  6.95368e+06
79  1  0
79  2  5.39597e+06
79  3  6.52948e+06
79  4  6.56231e+06
79  5  3.92298e+06
79  6  3.94378e+06
79  7  1.18397e+07
79  8  7.32458e+06
79  9  6.21901e+06
79  10  1.03415e+07
79  11  0
79  12  6.36276e+06
79  13  4.85502e+06
79  14  5.43704e+06
79  15  7.25941e+06
79  16  9.2654e+06
79  17  5.5511e+06
79  18  8.30899e+06
79  19  8.02627e+06
79  20  2.49384e+06
79  21  1.03867e+07
79  22  3.15227e+06
79  23  9.81307e+06
79  24  8.43927e+06
79  25  9.34514e+06
79  26  1.25627e+07
79  27  8.17886e+06
79  28  8.58176e+06
79  29  1.1421e+07
79  30  1.31505e+07
79  31  6.78731e+06
79  32  9.48647e+06
79  33  4.95431e+06
79  34  8.6538e+06
79  35  6.25778e+06
79  36  5.80893e+06
79  37  8.2437e+06
79  38  0
79  39  6.98181e+06
79  40  6.37818e+06
79  41  8.69232e+06
79  42  0
79  43  0
79  44  0
79  45  4.78973e+06
79  46  1.08927e+07
79  47  1.28616e+07
79  48  1.49395e+07
79  49  7.79074e+06
79  50  8.49972e+06
79  51  7.2549e+06
79  52  6.36493e+06
79  53  0
79  54  0
79  55  4.81731e+06
79  56  5.12795e+06
79  57  7.31953e+06
79  58  5.42519e+06
79  59  6.82598e+06
79  60  8.53159e+06
79  61  0
79  62  0
79  63  7.60333e+06
79  64  5.8354e+06
79  65  8.40742e+06
79  66  6.282e+06
79  67  0
79  68  0
79  69  0
79  70  0
79  71  0
79  72  0
79  73  0
79  74  0
79  75  0
79  76  0
79  77  0
79  78  0
79  79  0
79  80  0
80  0  0
80  1  4.91829e+06
80  2  4.85087e+06
80  3  0
80  4  0
80  5  8.46866e+06
80  6  6.09235e+06
80  7  9.33146e+06
80  8  1.17085e+07
80  9  8.70446e+06
80  10  1.01173e+07
80  11  8.77861e+06
80  12  5.21362e+06
80  13  9.34536e+06
80  14  5.84398e+06
80  15  6.81559e+06
80  16  8.66797e+06
80  17  6.62994e+06
80  18  9.04477e+06
80  19  9.9258e+06
80  20  1.32444e+07
80  21  1.10398e+07
80  22  8.14137e+06
80  23  8.44151e+06
80  24  1.05146e+07
80  25  8.98728e+06
80  26  9.55155e+06
80  27  1.14156e+07
80  28  5.67474e+06
80  29  7.98685e+06
80  30  6.28294e+06
80  31  9.98694e+06
80  32  1.06438e+07
80  33  9.35892e+06
80  34  5.31027e+06
80  35  1.03384e+07
80  36  6.04488e+06
80  37  8.35828e+06
80  38  6.6715e+06
80  39  1.02082e+07
80  40  7.90122e+06
80  41  1.57311e+06
80  42  4.06504e+06
80  43  5.79029e+06
80  44  5.11584e+06
80  45  1.20003e+07
80  46  1.24492e+07
80  47  1.40524e+07
80  48  8.05248e+06
80  49  1.02467e+07
80  50  1.09919e+07
80  51  7.06057e+06
80  52  8.48798e+06
80  53  4.90146e+06
80  54  5.80458e+06
80  55  6.11756e+06
80  56  6.84903e+06
80  57  5.2683e+06
80  58  6.06819e+06
80  59  0
80  60  1.15048e+07
80  61  7.83179e+06
80  62  7.91419e+06
80  63  5.54614e+06
80  64  0
80  65  0
80  66  0
80  67  0
80  68  0
80  69  0
80  70  0
80  71  0
80  72  5.53934e+06
80  73  5.18391e+06
80  74  0
80  75  0
80  76  0
80  77  0
80  78  0
80  79  0
80  80  0
81  0  5.70748e+06
81  1  5.64267e+06
81  2  0
81  3  0
81  4  4.36413e+06
81  5  5.68811e+06
81  6  4.42934e+06
81  7  8.42768e+06
81  8  8.36471e+06
81  9  8.48875e+06
81  10  9.09514e+06
81  11  9.39707e+06
81  12  8.07988e+06
81  13  7.19688e+06
81  14  6.44242e+06
81  15  7.93621e+06
81  16  8.17021e+06
81  17  0
81  18  5.52039e+06
81  19  1.11365e+07
81  20  6.3073e+06
81  21  8.96473e+06
81  22  9.49137e+06
81  23  9.06004e+06
81  24  1.0157e+07
81  25  1.07333e+07
81  26  9.81337e+06
81  27  1.03506e+07
81  28  1.16298e+07
81  29  8.10445e+06
81  30  1.47604e+07
81  31  1.12209e+07
81  32  1.30243e+07
81  33  9.5305e+06
81  34  9.69479e+06
81  35  1.04444e+07
81  36  5.87457e+06
81  37  9.96233e+06
81  38  1.0128e+07
81  39  7.88097e+06
81  40  1.12845e+07
81  41  1.10946e+07
81  42  4.5334e+06
81  43  6.44057e+06
81  44  6.13113e+06
81  45  9.01867e+06
81  46  7.76114e+06
81  47  1.34181e+07
81  48  9.50427e+06
81  49  7.39784e+06
81  50  6.91592e+06
81  51  6.01421e+06
81  52  0
81  53  4.8049e+06
81  54  5.31784e+06
81  55  0
81  56  0
81  57  4.85095e+06
81  58  6.0395e+06
81  59  6.72798e+06
81  60  7.32489e+06
81  61  8.35767e+06
81  62  0
81  63  7.92866e+06
81  64  5.87087e+06
81  65  6.70833e+06
81  66  0
81  67  9.77244e+06
81  68  0
81  69  0
81  70  0
81  71  0
81  72  6.02286e+06
81  73  0
81  74  0
81  75  0
81  76  0
81  77  0
81  78  0
81  79  0
81  80  0

