row  column  (images_35.edf Cu-K*images_35.edf Ar-K**2.3)
0  0  0
0  1  0
0  2  1.70751e+07
0  3  3.53234e+07
0  4  1.6768e+07
0  5  1.65221e+07
0  6  2.32945e+07
0  7  2.06019e+07
0  8  1.33931e+07
0  9  1.95485e+07
0  10  2.80394e+06
0  11  0
0  12  0
0  13  1.45708e+07
0  14  3.01976e+07
0  15  9.1126e+06
0  16  0
0  17  0
0  18  1.23487e+07
0  19  2.17791e+07
0  20  3.24482e+07
0  21  7.89914e+06
0  22  0
0  23  7.73795e+06
0  24  1.44838e+07
0  25  1.22462e+07
0  26  1.9513e+07
0  27  1.06982e+07
0  28  2.55887e+07
0  29  2.34158e+07
0  30  1.15931e+07
0  31  1.31634e+07
0  32  5.70051e+06
0  33  2.12868e+07
0  34  0
0  35  1.67218e+07
0  36  2.78463e+07
0  37  2.35145e+07
0  38  2.35527e+06
0  39  1.01221e+07
0  40  5.12562e+06
0  41  1.05188e+07
0  42  4.37666e+06
0  43  0
0  44  0
0  45  1.40608e+07
0  46  2.09214e+07
0  47  1.55162e+07
0  48  0
0  49  1.04293e+07
0  50  0
1  0  2.07444e+07
1  1  6.32002e+06
1  2  1.61806e+07
1  3  2.25499e+07
1  4  1.54734e+07
1  5  2.69966e+07
1  6  1.52879e+07
1  7  1.02519e+07
1  8  2.60595e+07
1  9  9.34613e+06
1  10  4.97541e+06
1  11  8.43161e+06
1  12  7.5216e+06
1  13  1.52313e+07
1  14  1.32315e+07
1  15  7.00358e+06
1  16  2.76125e+07
1  17  0
1  18  0
1  19  1.7763e+07
1  20  1.22102e+06
1  21  1.18946e+07
1  22  0
1  23  1.8417e+07
1  24  3.85597e+06
1  25  7.84716e+06
1  26  0
1  27  9.37633e+06
1  28  1.73355e+07
1  29  7.21618e+06
1  30  1.32827e+07
1  31  0
1  32  3.28868e+06
1  33  2.64357e+07
1  34  8.75253e+06
1  35  8.38225e+06
1  36  0
1  37  2.37933e+07
1  38  2.0594e+07
1  39  2.08191e+07
1  40  1.43997e+07
1  41  6.78387e+06
1  42  7.58673e+06
1  43  1.87386e+07
1  44  0
1  45  0
1  46  0
1  47  0
1  48  0
1  49  0
1  50  2.15961e+07
2  0  1.92436e+07
2  1  4.56399e+06
2  2  9.31629e+06
2  3  2.38563e+07
2  4  2.1468e+07
2  5  2.82395e+07
2  6  1.67297e+07
2  7  0
2  8  1.42987e+07
2  9  1.80325e+07
2  10  1.55506e+07
2  11  0
2  12  4.07953e+06
2  13  1.899e+07
2  14  1.8312e+06
2  15  2.22936e+07
2  16  4.1568e+06
2  17  1.88876e+07
2  18  0
2  19  6.56932e+06
2  20  0
2  21  3.47994e+07
2  22  1.263e+07
2  23  0
2  24  0
2  25  1.93852e+07
2  26  1.62003e+07
2  27  5.4934e+06
2  28  1.43708e+07
2  29  3.38313e+06
2  30  3.09541e+07
2  31  1.26162e+07
2  32  1.27969e+07
2  33  2.56009e+07
2  34  0
2  35  2.38187e+07
2  36  1.10796e+07
2  37  1.05034e+07
2  38  5.47402e+06
2  39  0
2  40  1.33873e+07
2  41  2.94159e+07
2  42  2.02215e+07
2  43  2.05454e+07
2  44  0
2  45  0
2  46  1.96548e+06
2  47  1.77065e+07
2  48  0
2  49  0
2  50  1.31664e+07
3  0  2.71312e+07
3  1  8.24157e+06
3  2  1.12409e+07
3  3  8.10301e+06
3  4  1.40665e+07
3  5  3.20032e+06
3  6  2.74851e+07
3  7  1.44475e+07
3  8  1.6492e+07
3  9  5.0624e+06
3  10  1.41717e+07
3  11  1.41362e+07
3  12  0
3  13  1.1287e+07
3  14  1.08015e+07
3  15  1.47e+07
3  16  1.35116e+07
3  17  8.66187e+06
3  18  2.83259e+06
3  19  1.39112e+07
3  20  2.9115e+07
3  21  2.20525e+06
3  22  2.39493e+07
3  23  6.44179e+06
3  24  9.06459e+06
3  25  2.91672e+07
3  26  1.19844e+07
3  27  0
3  28  1.67169e+07
3  29  1.48548e+07
3  30  1.36825e+07
3  31  2.53234e+07
3  32  2.29864e+07
3  33  385962
3  34  0
3  35  1.43012e+07
3  36  2.06262e+07
3  37  1.77916e+07
3  38  6.43457e+06
3  39  7.9058e+06
3  40  9.48354e+06
3  41  0
3  42  55643
3  43  3.45624e+06
3  44  940645
3  45  0
3  46  1.0459e+07
3  47  6.72813e+06
3  48  0
3  49  0
3  50  1.04054e+07
4  0  7.97497e+06
4  1  8.61802e+06
4  2  1.53701e+07
4  3  1.53211e+07
4  4  1.6121e+07
4  5  6.46828e+06
4  6  2.92935e+06
4  7  3.12627e+06
4  8  0
4  9  7.02436e+06
4  10  1.19366e+07
4  11  0
4  12  1.35068e+07
4  13  7.04877e+06
4  14  3.51106e+06
4  15  1.81428e+07
4  16  0
4  17  1.83274e+07
4  18  7.13829e+06
4  19  9.98816e+06
4  20  0
4  21  0
4  22  0
4  23  2.13245e+07
4  24  1.63697e+07
4  25  5.82913e+06
4  26  1.21026e+07
4  27  2.10594e+07
4  28  1.11024e+07
4  29  2.12082e+07
4  30  9.0466e+06
4  31  1.90614e+07
4  32  1.46344e+07
4  33  1.04268e+07
4  34  1.19516e+07
4  35  1.32144e+07
4  36  4.13652e+06
4  37  3.7471e+07
4  38  1.01226e+07
4  39  1.72865e+07
4  40  454458
4  41  1.9989e+06
4  42  2.05222e+07
4  43  0
4  44  1.76118e+07
4  45  7.38259e+06
4  46  259404
4  47  2.1336e+07
4  48  0
4  49  1.57501e+07
4  50  7.54142e+06
5  0  1.35961e+07
5  1  1.31187e+07
5  2  6.5772e+06
5  3  1.36082e+07
5  4  1.76544e+07
5  5  758663
5  6  1.98552e+07
5  7  1.06353e+07
5  8  0
5  9  8.95231e+06
5  10  5.15751e+06
5  11  0
5  12  0
5  13  2.13415e+07
5  14  3.29088e+06
5  15  5.67141e+06
5  16  1.01605e+07
5  17  3.59081e+07
5  18  9.14594e+06
5  19  6.67947e+06
5  20  1.22871e+07
5  21  274065
5  22  1.4239e+07
5  23  5.1903e+06
5  24  7.9921e+06
5  25  2.07861e+07
5  26  1.68484e+07
5  27  0
5  28  0
5  29  2.70152e+07
5  30  0
5  31  8.13734e+06
5  32  0
5  33  2.159e+07
5  34  5.16005e+06
5  35  5.65743e+06
5  36  1.48133e+07
5  37  0
5  38  4.50833e+06
5  39  0
5  40  1.40396e+07
5  41  1.51499e+07
5  42  7.47717e+06
5  43  4.69832e+06
5  44  1.09608e+07
5  45  0
5  46  0
5  47  8.7341e+06
5  48  1.34724e+06
5  49  2.19247e+06
5  50  0
6  0  0
6  1  7.22765e+06
6  2  4.32394e+06
6  3  4.9135e+06
6  4  1.85958e+07
6  5  8.96222e+06
6  6  4.00544e+06
6  7  155540
6  8  8.81693e+06
6  9  2.55767e+07
6  10  5.19775e+06
6  11  1.46364e+07
6  12  4.77186e+06
6  13  7.3044e+06
6  14  2.9554e+07
6  15  1.79807e+07
6  16  1.80531e+07
6  17  0
6  18  2.50407e+07
6  19  1.87099e+07
6  20  1.26594e+07
6  21  3.68018e+06
6  22  0
6  23  1.39935e+07
6  24  2.47968e+07
6  25  6.92377e+06
6  26  3.7334e+07
6  27  0
6  28  5.87958e+06
6  29  2.32008e+07
6  30  8.91086e+06
6  31  1.13054e+07
6  32  67693.1
6  33  2.31392e+06
6  34  3.89689e+06
6  35  250237
6  36  2.14595e+07
6  37  2.09381e+06
6  38  1.7749e+07
6  39  2.60983e+07
6  40  1.63753e+07
6  41  2.07207e+06
6  42  1.07523e+07
6  43  3.86856e+06
6  44  1.05693e+07
6  45  0
6  46  0
6  47  0
6  48  2.65597e+06
6  49  2.58761e+07
6  50  1.69486e+07
7  0  5.47628e+06
7  1  7.70949e+06
7  2  2.23344e+07
7  3  1.13875e+06
7  4  1.80028e+07
7  5  2.17725e+07
7  6  1.34463e+07
7  7  1.1196e+07
7  8  3.10895e+06
7  9  348157
7  10  5.82378e+06
7  11  7.71849e+06
7  12  1.42539e+07
7  13  9.04408e+06
7  14  1.26943e+07
7  15  1.6919e+07
7  16  7.105e+06
7  17  0
7  18  3.01473e+06
7  19  1.36652e+07
7  20  1.03283e+07
7  21  1.55268e+07
7  22  0
7  23  1.3077e+07
7  24  4.04571e+06
7  25  5.45964e+06
7  26  1.48507e+07
7  27  1.66931e+07
7  28  7.37166e+06
7  29  1.35847e+07
7  30  1.26486e+07
7  31  2.55828e+07
7  32  1.39617e+07
7  33  0
7  34  1.01188e+07
7  35  511953
7  36  0
7  37  2.11929e+07
7  38  0
7  39  2.97266e+07
7  40  5.15836e+07
7  41  7.52617e+06
7  42  0
7  43  6.26525e+06
7  44  1.37941e+07
7  45  1.1843e+06
7  46  0
7  47  0
7  48  2.91108e+07
7  49  8.55438e+06
7  50  2.19998e+07
8  0  1.36445e+07
8  1  8.85848e+06
8  2  7.92816e+06
8  3  0
8  4  1.2812e+07
8  5  2.11866e+07
8  6  1.18365e+07
8  7  0
8  8  7.58056e+06
8  9  0
8  10  1.07853e+07
8  11  1.34406e+07
8  12  1.17908e+07
8  13  1.83311e+07
8  14  1.59996e+07
8  15  1.30698e+07
8  16  1.75458e+07
8  17  4.48968e+06
8  18  0
8  19  2.24265e+06
8  20  9.55189e+06
8  21  1.04049e+07
8  22  3.86509e+06
8  23  0
8  24  0
8  25  4.508e+06
8  26  1.44881e+07
8  27  1.08111e+07
8  28  1.1041e+07
8  29  8.73411e+06
8  30  0
8  31  9.99177e+06
8  32  1.37835e+07
8  33  3.25584e+07
8  34  9.03113e+06
8  35  1.25075e+07
8  36  2.3809e+07
8  37  1.10604e+07
8  38  0
8  39  3.44192e+07
8  40  1.55493e+07
8  41  1.66528e+07
8  42  2.05452e+07
8  43  106284
8  44  2.17413e+07
8  45  0
8  46  0
8  47  1.2821e+07
8  48  0
8  49  0
8  50  3.46029e+06
9  0  1.92591e+07
9  1  6.73518e+06
9  2  4.03564e+06
9  3  1.0859e+07
9  4  2.15892e+07
9  5  2.38914e+07
9  6  0
9  7  0
9  8  1.26958e+07
9  9  0
9  10  426810
9  11  3.79538e+06
9  12  0
9  13  0
9  14  0
9  15  3.54029e+06
9  16  5.62579e+06
9  17  1.6306e+07
9  18  1.58993e+07
9  19  6.74627e+06
9  20  1.81772e+06
9  21  0
9  22  6.26092e+06
9  23  3.3154e+06
9  24  2.79049e+07
9  25  2.36996e+07
9  26  4.62254e+06
9  27  8.83921e+06
9  28  1.10438e+07
9  29  1.22103e+07
9  30  3.71859e+07
9  31  2.03697e+07
9  32  2.52349e+07
9  33  3.91989e+06
9  34  1.7436e+07
9  35  1.26469e+07
9  36  1.90834e+07
9  37  1.88085e+07
9  38  9.11097e+06
9  39  1.41243e+07
9  40  1.37656e+07
9  41  6.24069e+06
9  42  1.26716e+07
9  43  1.42448e+07
9  44  4.35008e+06
9  45  7.83231e+06
9  46  937189
9  47  1.20881e+07
9  48  1.369e+07
9  49  0
9  50  0
10  0  9.8185e+06
10  1  0
10  2  2.20484e+06
10  3  6.88273e+06
10  4  5.90358e+06
10  5  0
10  6  3.0124e+06
10  7  1.28268e+07
10  8  7.4442e+06
10  9  1.5807e+07
10  10  0
10  11  0
10  12  2.60179e+06
10  13  316627
10  14  2.39237e+07
10  15  0
10  16  2.64508e+06
10  17  1.33366e+06
10  18  4.75026e+06
10  19  0
10  20  305521
10  21  1.18031e+07
10  22  7.39064e+06
10  23  1.32842e+07
10  24  4.87964e+06
10  25  1.09303e+07
10  26  1.33801e+07
10  27  1.22945e+07
10  28  8.53244e+06
10  29  121134
10  30  1.11638e+07
10  31  0
10  32  0
10  33  3.40446e+07
10  34  1.00946e+07
10  35  9.81379e+06
10  36  1.55016e+07
10  37  2.28167e+07
10  38  8.47127e+06
10  39  2.18647e+07
10  40  2.00626e+07
10  41  0
10  42  0
10  43  0
10  44  0
10  45  9.37636e+06
10  46  0
10  47  0
10  48  3.18382e+07
10  49  2.17226e+07
10  50  6.37791e+06
11  0  218997
11  1  1.71522e+07
11  2  0
11  3  5.12457e+06
11  4  1.59248e+07
11  5  4.95243e+06
11  6  1.44972e+07
11  7  2.04817e+07
11  8  3.03353e+07
11  9  2.95023e+06
11  10  3.59521e+06
11  11  1.70883e+06
11  12  0
11  13  2.06885e+06
11  14  2.17415e+07
11  15  1.47268e+07
11  16  0
11  17  7.84923e+06
11  18  3.19419e+06
11  19  6.13518e+06
11  20  1.21401e+07
11  21  8.42532e+06
11  22  6.365e+06
11  23  1.82528e+07
11  24  1.41319e+07
11  25  2.09858e+07
11  26  3.12937e+07
11  27  2.70485e+06
11  28  5.28952e+06
11  29  858918
11  30  1.65182e+07
11  31  3.23111e+06
11  32  2.47466e+07
11  33  7.49014e+06
11  34  1.62697e+07
11  35  1.40467e+07
11  36  2.45164e+07
11  37  8.01287e+06
11  38  1.5321e+07
11  39  2.89241e+07
11  40  2.9093e+06
11  41  3.23302e+06
11  42  0
11  43  1.55486e+07
11  44  0
11  45  0
11  46  0
11  47  0
11  48  0
11  49  0
11  50  0
12  0  7.21754e+06
12  1  0
12  2  2.10471e+07
12  3  1.20394e+07
12  4  8.30108e+06
12  5  2.90634e+06
12  6  0
12  7  8.38264e+06
12  8  7.6788e+06
12  9  4.72162e+06
12  10  3.64236e+06
12  11  0
12  12  7.94623e+06
12  13  2.6456e+07
12  14  0
12  15  1.20445e+07
12  16  5.98423e+06
12  17  2.70852e+07
12  18  0
12  19  7.13593e+06
12  20  1.15907e+06
12  21  0
12  22  5.19425e+06
12  23  2.04571e+07
12  24  2.91679e+06
12  25  3.92255e+06
12  26  3.50676e+06
12  27  2.39779e+07
12  28  2.35792e+07
12  29  0
12  30  8.81489e+06
12  31  1.46158e+07
12  32  1.36538e+07
12  33  2.39323e+07
12  34  3.29344e+07
12  35  1.87592e+07
12  36  2.42693e+07
12  37  1.94746e+07
12  38  3.16456e+07
12  39  2.08497e+07
12  40  2.65629e+07
12  41  1.1493e+07
12  42  776713
12  43  9.88588e+06
12  44  0
12  45  9.31555e+06
12  46  0
12  47  0
12  48  8.2302e+06
12  49  0
12  50  0
13  0  6.04309e+06
13  1  0
13  2  1.11167e+07
13  3  2.50848e+07
13  4  0
13  5  2.25172e+07
13  6  1.28047e+07
13  7  9.20291e+06
13  8  4.76382e+06
13  9  1.27903e+06
13  10  6.72815e+06
13  11  4.46985e+06
13  12  1.2103e+07
13  13  1.0803e+07
13  14  3.82476e+06
13  15  6.57935e+06
13  16  4.9734e+06
13  17  0
13  18  3.62054e+06
13  19  2.03829e+07
13  20  0
13  21  5.82111e+06
13  22  1.34152e+07
13  23  4.31702e+06
13  24  1.00959e+07
13  25  1.01155e+07
13  26  1.54053e+06
13  27  0
13  28  1.99225e+07
13  29  4.85838e+06
13  30  9.31009e+06
13  31  1.85614e+07
13  32  2.4637e+06
13  33  2.58352e+07
13  34  1.46624e+07
13  35  1.52375e+07
13  36  2.18641e+07
13  37  1.19735e+07
13  38  2.14065e+07
13  39  1.75579e+07
13  40  3.293e+07
13  41  2.92814e+07
13  42  0
13  43  9.13499e+06
13  44  0
13  45  0
13  46  2.81081e+07
13  47  6.83789e+06
13  48  5.00692e+06
13  49  2.50568e+07
13  50  8.368e+06
14  0  2.77501e+06
14  1  2.13101e+07
14  2  0
14  3  1.21822e+07
14  4  1.16987e+07
14  5  667373
14  6  1.56317e+07
14  7  0
14  8  0
14  9  0
14  10  1.46835e+07
14  11  0
14  12  0
14  13  0
14  14  1.21366e+07
14  15  1.6233e+07
14  16  0
14  17  2.83272e+07
14  18  1.69715e+07
14  19  9.02734e+06
14  20  4.8741e+06
14  21  1.7551e+07
14  22  7.23897e+06
14  23  1.01468e+07
14  24  0
14  25  1.80332e+07
14  26  1.13613e+07
14  27  2.11601e+06
14  28  7.36172e+06
14  29  1.61106e+06
14  30  1.46923e+07
14  31  2.13725e+07
14  32  1.04185e+07
14  33  1.72793e+07
14  34  1.82221e+07
14  35  6.99008e+06
14  36  1.59513e+07
14  37  1.99361e+07
14  38  1.98717e+07
14  39  0
14  40  2.76634e+07
14  41  1.83161e+07
14  42  3.79557e+06
14  43  0
14  44  9.32902e+06
14  45  0
14  46  7.49906e+06
14  47  7.26708e+06
14  48  1.79651e+06
14  49  1.55017e+07
14  50  0
15  0  1.65315e+07
15  1  319126
15  2  7.64518e+06
15  3  1.11687e+07
15  4  2.52947e+07
15  5  9.18137e+06
15  6  1.83638e+07
15  7  1.52709e+07
15  8  7.30922e+06
15  9  689180
15  10  3.56885e+06
15  11  2.68085e+07
15  12  0
15  13  0
15  14  961093
15  15  0
15  16  1.46421e+07
15  17  9.29149e+06
15  18  0
15  19  0
15  20  2.07686e+06
15  21  1.21445e+07
15  22  0
15  23  1.46091e+07
15  24  9.54434e+06
15  25  8.40845e+06
15  26  1.89082e+07
15  27  0
15  28  0
15  29  5.97061e+06
15  30  2.19228e+07
15  31  1.2481e+07
15  32  9.59289e+06
15  33  3.37922e+07
15  34  9.92704e+06
15  35  1.20319e+07
15  36  7.89836e+06
15  37  0
15  38  2.66834e+07
15  39  2.55914e+07
15  40  1.99729e+07
15  41  1.86853e+07
15  42  0
15  43  0
15  44  7.93942e+06
15  45  5.33629e+06
15  46  1.57811e+07
15  47  0
15  48  1.35218e+07
15  49  4.25148e+06
15  50  1.94406e+07
16  0  1.76521e+06
16  1  3.0274e+07
16  2  9.14282e+06
16  3  5.32828e+06
16  4  2.25006e+07
16  5  5.15319e+06
16  6  4.0357e+06
16  7  2.48994e+06
16  8  2.12553e+07
16  9  0
16  10  5.32684e+06
16  11  0
16  12  9.92074e+06
16  13  9.03645e+06
16  14  1.77505e+07
16  15  0
16  16  0
16  17  0
16  18  4.09541e+06
16  19  1.43972e+07
16  20  0
16  21  3.31331e+06
16  22  2.72049e+07
16  23  2.92064e+06
16  24  0
16  25  0
16  26  1.36014e+07
16  27  0
16  28  0
16  29  0
16  30  1.80867e+07
16  31  149841
16  32  7.98001e+06
16  33  1.49187e+07
16  34  3.24603e+07
16  35  1.5299e+07
16  36  2.48874e+07
16  37  0
16  38  1.29855e+07
16  39  8.6709e+06
16  40  3.37559e+07
16  41  2.71161e+07
16  42  0
16  43  0
16  44  0
16  45  0
16  46  1.13459e+07
16  47  1.88024e+07
16  48  6.90096e+06
16  49  0
16  50  93390.7
17  0  0
17  1  1.22835e+06
17  2  0
17  3  1.57026e+07
17  4  1.36964e+07
17  5  8.42893e+06
17  6  4.2688e+06
17  7  9.05767e+06
17  8  1.01476e+07
17  9  2.87193e+06
17  10  1.01458e+07
17  11  0
17  12  4.34212e+06
17  13  6.86061e+06
17  14  2.23809e+06
17  15  7.9367e+06
17  16  0
17  17  1.81813e+07
17  18  9.63067e+06
17  19  0
17  20  1.77938e+07
17  21  1.63265e+07
17  22  1.87517e+07
17  23  1.49689e+07
17  24  0
17  25  2.53019e+06
17  26  0
17  27  7.83536e+06
17  28  2.29722e+06
17  29  0
17  30  1.3813e+07
17  31  1.29386e+07
17  32  8.5409e+06
17  33  1.97845e+07
17  34  4.54626e+07
17  35  3.19391e+07
17  36  1.53469e+07
17  37  1.37703e+07
17  38  5.61026e+07
17  39  1.45718e+07
17  40  9.43304e+06
17  41  1.71318e+07
17  42  8.50364e+06
17  43  0
17  44  2.39878e+06
17  45  0
17  46  0
17  47  0
17  48  3.55319e+06
17  49  0
17  50  1.53104e+06
18  0  9.10762e+06
18  1  0
18  2  1.00644e+07
18  3  4.65817e+06
18  4  5.58114e+06
18  5  2.01286e+07
18  6  1.14308e+07
18  7  6.32999e+06
18  8  6.92606e+06
18  9  1.16187e+07
18  10  1.44914e+07
18  11  1.25012e+07
18  12  5.79349e+06
18  13  1.25728e+07
18  14  1.06689e+07
18  15  1.3113e+07
18  16  0
18  17  3.4179e+07
18  18  0
18  19  7.03314e+06
18  20  6.71793e+06
18  21  8.44352e+06
18  22  0
18  23  1.92717e+07
18  24  5.92578e+06
18  25  1.15069e+07
18  26  9.22011e+06
18  27  7.75389e+06
18  28  2.27069e+07
18  29  8.4021e+06
18  30  1.37274e+07
18  31  0
18  32  1.20205e+07
18  33  2.00903e+07
18  34  3.7449e+07
18  35  3.19016e+07
18  36  1.81966e+07
18  37  0
18  38  2.45589e+07
18  39  9.30191e+06
18  40  0
18  41  1.49879e+07
18  42  0
18  43  8.38967e+06
18  44  0
18  45  0
18  46  0
18  47  0
18  48  0
18  49  5.27491e+06
18  50  1.19297e+06
19  0  0
19  1  1.74611e+06
19  2  0
19  3  9.39434e+06
19  4  2.15516e+07
19  5  3.7536e+06
19  6  6.11359e+06
19  7  0
19  8  1.98247e+07
19  9  1.49898e+07
19  10  8.91148e+06
19  11  1.99052e+07
19  12  1.56671e+07
19  13  2.52187e+06
19  14  4.50344e+06
19  15  0
19  16  0
19  17  551221
19  18  2.41752e+06
19  19  1.32618e+06
19  20  2.5943e+07
19  21  4.79752e+06
19  22  1.99068e+07
19  23  2.00962e+07
19  24  3.14622e+06
19  25  1.20799e+07
19  26  0
19  27  1.5289e+07
19  28  7.01172e+06
19  29  0
19  30  3.62941e+07
19  31  1.51836e+06
19  32  1.78466e+07
19  33  3.36545e+06
19  34  2.00142e+07
19  35  2.01616e+07
19  36  1.93841e+07
19  37  2.2703e+07
19  38  6.26935e+06
19  39  5.52385e+06
19  40  1.83132e+07
19  41  3.93599e+06
19  42  1.60322e+07
19  43  0
19  44  8.63546e+06
19  45  0
19  46  9.23404e+06
19  47  5.90262e+06
19  48  61914.9
19  49  0
19  50  0
20  0  1.5511e+07
20  1  1.86202e+07
20  2  1.26329e+07
20  3  0
20  4  0
20  5  348291
20  6  5.81925e+06
20  7  0
20  8  136646
20  9  1.38855e+07
20  10  0
20  11  2.81369e+06
20  12  0
20  13  1.77852e+07
20  14  0
20  15  2.23292e+06
20  16  0
20  17  0
20  18  1.69849e+07
20  19  1.23605e+07
20  20  6.41819e+06
20  21  1.94325e+07
20  22  1.88204e+07
20  23  6.24643e+06
20  24  1.26031e+06
20  25  2.18742e+07
20  26  0
20  27  2.22821e+07
20  28  1.37987e+07
20  29  3.57055e+06
20  30  1.14384e+07
20  31  1.06088e+07
20  32  0
20  33  1.57475e+07
20  34  4.43152e+07
20  35  2.31246e+07
20  36  0
20  37  1.22306e+07
20  38  1.7838e+07
20  39  8.53057e+06
20  40  2.31515e+07
20  41  1.81616e+07
20  42  0
20  43  0
20  44  1.99272e+07
20  45  1.34946e+07
20  46  8.12655e+06
20  47  1.14033e+07
20  48  0
20  49  6.33381e+06
20  50  0
21  0  5.18826e+06
21  1  1.87459e+06
21  2  8.37655e+06
21  3  0
21  4  1.10418e+07
21  5  5.42633e+06
21  6  2.2868e+06
21  7  2.29271e+06
21  8  9.91538e+06
21  9  0
21  10  4.06441e+06
21  11  9.7294e+06
21  12  0
21  13  1.58741e+07
21  14  1.65672e+07
21  15  0
21  16  0
21  17  9.91767e+06
21  18  0
21  19  7.21061e+06
21  20  0
21  21  2.67558e+07
21  22  5.71918e+06
21  23  1.67993e+07
21  24  8.12238e+06
21  25  0
21  26  2.63467e+07
21  27  0
21  28  1.4096e+07
21  29  7.49991e+06
21  30  3.50974e+06
21  31  0
21  32  1.48561e+07
21  33  1.28146e+07
21  34  3.08724e+07
21  35  3.45744e+07
21  36  3.51792e+07
21  37  1.09655e+07
21  38  0
21  39  1.26789e+07
21  40  2.44947e+07
21  41  1.47692e+07
21  42  0
21  43  2.63866e+07
21  44  1.58603e+07
21  45  0
21  46  0
21  47  6.20122e+06
21  48  3.88067e+06
21  49  1.38444e+07
21  50  8.05692e+06
22  0  272961
22  1  6.84559e+06
22  2  1.89843e+06
22  3  1.09235e+06
22  4  0
22  5  6.36588e+06
22  6  2.07057e+07
22  7  2.07358e+07
22  8  0
22  9  1.07351e+07
22  10  1.04047e+07
22  11  1.75102e+06
22  12  0
22  13  1.04549e+07
22  14  0
22  15  8.7407e+06
22  16  1.27918e+07
22  17  1.11084e+07
22  18  6.39372e+06
22  19  1.10903e+07
22  20  2.1168e+07
22  21  5.36763e+07
22  22  1.11e+07
22  23  0
22  24  1.51026e+07
22  25  1.45573e+07
22  26  1.47241e+07
22  27  1.4735e+07
22  28  0
22  29  1.32795e+07
22  30  8.7438e+06
22  31  2.19187e+07
22  32  1.10804e+07
22  33  2.87584e+07
22  34  4.60931e+07
22  35  6.49373e+06
22  36  2.67151e+07
22  37  0
22  38  2.5098e+07
22  39  1.73832e+07
22  40  2.33216e+07
22  41  1.19299e+07
22  42  0
22  43  0
22  44  0
22  45  1.64914e+06
22  46  0
22  47  1.40262e+07
22  48  2.76809e+06
22  49  0
22  50  5.11425e+06
23  0  525618
23  1  1.32096e+07
23  2  1.64986e+06
23  3  1.0934e+07
23  4  9.15648e+06
23  5  0
23  6  0
23  7  580122
23  8  0
23  9  578617
23  10  0
23  11  1.04453e+07
23  12  3.7251e+06
23  13  5.45784e+06
23  14  1.50022e+06
23  15  6.41556e+06
23  16  0
23  17  1.26706e+07
23  18  0
23  19  1.3161e+07
23  20  1.79543e+07
23  21  1.34505e+07
23  22  1.73517e+07
23  23  0
23  24  1.95102e+06
23  25  760332
23  26  1.09823e+07
23  27  6.348e+06
23  28  0
23  29  638867
23  30  1.40895e+07
23  31  2.16455e+07
23  32  2.19818e+06
23  33  2.56076e+07
23  34  8.99401e+07
23  35  1.30128e+07
23  36  9.92877e+06
23  37  1.8083e+07
23  38  9.69745e+06
23  39  1.13853e+07
23  40  0
23  41  2.02286e+06
23  42  9.02619e+06
23  43  6.13539e+06
23  44  1.10467e+07
23  45  1.36165e+06
23  46  391064
23  47  5.8189e+06
23  48  9.52259e+06
23  49  0
23  50  4.3198e+06
24  0  4.33143e+06
24  1  1.70343e+07
24  2  7.90379e+06
24  3  1.60809e+06
24  4  0
24  5  0
24  6  0
24  7  5.14365e+06
24  8  0
24  9  6.15942e+06
24  10  8.04645e+06
24  11  0
24  12  5.68744e+06
24  13  1.72155e+07
24  14  0
24  15  1.0692e+07
24  16  2.29449e+07
24  17  1.64707e+07
24  18  1.47547e+07
24  19  1.39221e+07
24  20  5.28862e+06
24  21  5.03928e+06
24  22  0
24  23  1.01717e+07
24  24  0
24  25  2.25431e+06
24  26  1.44285e+07
24  27  2.25733e+06
24  28  1.8862e+07
24  29  1.83942e+07
24  30  1.95992e+06
24  31  2.53665e+07
24  32  1.72045e+07
24  33  1.37364e+07
24  34  8.47507e+07
24  35  2.99424e+07
24  36  1.46633e+07
24  37  6.23198e+06
24  38  9.06163e+06
24  39  1.56933e+07
24  40  5.48354e+06
24  41  1.80392e+07
24  42  0
24  43  2.24402e+07
24  44  4.16637e+06
24  45  0
24  46  5.93521e+06
24  47  0
24  48  2.71713e+06
24  49  1.76643e+07
24  50  642177
25  0  0
25  1  2.70511e+06
25  2  1.95257e+07
25  3  1.5192e+06
25  4  6.034e+06
25  5  0
25  6  8.76986e+06
25  7  2.25632e+06
25  8  0
25  9  9.52231e+06
25  10  1.23855e+07
25  11  1.89382e+07
25  12  9.23456e+06
25  13  1.57074e+06
25  14  1.52863e+07
25  15  1.62444e+07
25  16  1.3545e+07
25  17  9.16751e+06
25  18  0
25  19  6.24571e+06
25  20  8.58095e+06
25  21  1.49266e+07
25  22  0
25  23  0
25  24  0
25  25  3.81205e+06
25  26  1.78472e+06
25  27  1.74151e+07
25  28  8.35464e+06
25  29  153163
25  30  2.7218e+07
25  31  3.98309e+06
25  32  2.14179e+07
25  33  5.88668e+06
25  34  8.46683e+07
25  35  2.70112e+07
25  36  1.11118e+07
25  37  4.66164e+06
25  38  2.32758e+07
25  39  3.77689e+07
25  40  1.99999e+07
25  41  3.19815e+07
25  42  6.76616e+06
25  43  0
25  44  901568
25  45  0
25  46  0
25  47  1.35031e+07
25  48  1.768e+07
25  49  1.13297e+07
25  50  1.70651e+07
26  0  5.64687e+06
26  1  2.02545e+07
26  2  1.47032e+07
26  3  0
26  4  1.37226e+07
26  5  1.30055e+07
26  6  1.98985e+06
26  7  1.8195e+07
26  8  1.33926e+07
26  9  0
26  10  7.1831e+06
26  11  0
26  12  4.85068e+06
26  13  4.96976e+06
26  14  6.22471e+06
26  15  1.39053e+07
26  16  2.29976e+07
26  17  8.98956e+06
26  18  2.90544e+07
26  19  0
26  20  1.03516e+06
26  21  1.36137e+07
26  22  882472
26  23  8.02355e+06
26  24  8.24391e+06
26  25  0
26  26  1.11991e+06
26  27  1.60057e+07
26  28  821123
26  29  1.83949e+07
26  30  2.8581e+07
26  31  2.51834e+07
26  32  2.67634e+07
26  33  1.27219e+07
26  34  4.5992e+07
26  35  1.63015e+07
26  36  2.00268e+07
26  37  2.02888e+07
26  38  1.94563e+07
26  39  1.21526e+07
26  40  1.79034e+07
26  41  1.05873e+07
26  42  3.05598e+06
26  43  4.69758e+06
26  44  2.64008e+06
26  45  0
26  46  1.78263e+07
26  47  2.74432e+07
26  48  6.5088e+06
26  49  2.78134e+06
26  50  0
27  0  890934
27  1  788081
27  2  8.58698e+06
27  3  9.89536e+06
27  4  0
27  5  9.73545e+06
27  6  1.21553e+06
27  7  2.42452e+07
27  8  7.14128e+06
27  9  0
27  10  0
27  11  6.19232e+06
27  12  0
27  13  1.84046e+07
27  14  1.75044e+07
27  15  1.50298e+07
27  16  2.13751e+07
27  17  2.20474e+07
27  18  2.70328e+07
27  19  0
27  20  4.05566e+06
27  21  2.33094e+07
27  22  462626
27  23  1.68058e+07
27  24  0
27  25  0
27  26  3.55521e+06
27  27  7.14938e+06
27  28  4.03417e+06
27  29  5.62019e+06
27  30  4.64962e+06
27  31  6.27184e+06
27  32  9.93598e+06
27  33  8.50651e+06
27  34  2.56625e+07
27  35  1.62656e+07
27  36  2.21918e+07
27  37  1.72694e+07
27  38  7.29402e+06
27  39  1.68548e+07
27  40  3.27201e+07
27  41  2.90605e+07
27  42  1.46782e+07
27  43  6.25036e+06
27  44  0
27  45  3.9606e+06
27  46  0
27  47  1.49762e+07
27  48  0
27  49  0
27  50  0
28  0  5.12628e+06
28  1  1.53411e+07
28  2  5.42479e+06
28  3  1.22614e+07
28  4  0
28  5  4.51189e+06
28  6  4.59355e+06
28  7  0
28  8  2.22171e+07
28  9  0
28  10  1.73022e+07
28  11  1.34944e+07
28  12  1.65571e+07
28  13  152641
28  14  9.36093e+06
28  15  0
28  16  0
28  17  7.10054e+06
28  18  2.05043e+07
28  19  5.26699e+06
28  20  5.81701e+06
28  21  6.82013e+06
28  22  1.21004e+07
28  23  0
28  24  2.42678e+07
28  25  1.92519e+07
28  26  2.44353e+06
28  27  2.09609e+07
28  28  5.549e+06
28  29  0
28  30  1.16371e+07
28  31  1.18202e+07
28  32  2.39661e+07
28  33  1.96769e+07
28  34  4.54322e+07
28  35  1.30998e+07
28  36  8.17545e+06
28  37  1.21864e+07
28  38  7.14724e+06
28  39  5.30454e+06
28  40  1.37953e+07
28  41  2.12737e+07
28  42  0
28  43  7.7162e+06
28  44  7.04365e+06
28  45  1.05183e+07
28  46  2.51114e+07
28  47  0
28  48  2.08645e+07
28  49  0
28  50  3.10006e+06
29  0  2.16283e+06
29  1  6.40272e+06
29  2  1.3943e+06
29  3  3.17788e+06
29  4  1.59462e+07
29  5  2.87632e+07
29  6  2.77825e+06
29  7  8.0201e+06
29  8  2.99941e+07
29  9  2.19447e+07
29  10  2.45344e+07
29  11  1.97563e+06
29  12  6.07375e+06
29  13  3.52035e+06
29  14  2.14361e+06
29  15  1.27054e+07
29  16  458464
29  17  7.61151e+06
29  18  1.30098e+07
29  19  0
29  20  342529
29  21  1.92927e+07
29  22  5.21963e+06
29  23  0
29  24  0
29  25  1.66667e+07
29  26  828500
29  27  0
29  28  4.20651e+06
29  29  1.27744e+07
29  30  0
29  31  1.46277e+07
29  32  6.24939e+06
29  33  1.17867e+07
29  34  1.46147e+07
29  35  1.41518e+07
29  36  2.59783e+07
29  37  2.018e+07
29  38  3.19672e+07
29  39  2.45922e+07
29  40  3.93086e+06
29  41  7.32596e+06
29  42  1.18295e+07
29  43  2.14391e+07
29  44  2.33661e+07
29  45  0
29  46  1.25967e+06
29  47  0
29  48  0
29  49  6.83341e+06
29  50  1.20665e+07
30  0  1.86692e+07
30  1  5.34201e+06
30  2  6.77096e+06
30  3  5.67852e+06
30  4  0
30  5  0
30  6  0
30  7  1.99214e+07
30  8  0
30  9  0
30  10  0
30  11  1.30915e+07
30  12  0
30  13  0
30  14  0
30  15  2.25785e+07
30  16  1.1773e+07
30  17  2.27379e+07
30  18  1.98484e+07
30  19  62746.6
30  20  0
30  21  0
30  22  6.59458e+06
30  23  1.05646e+07
30  24  0
30  25  0
30  26  0
30  27  1.16443e+07
30  28  0
30  29  1.06409e+07
30  30  1.38532e+07
30  31  1.21002e+07
30  32  3.36546e+07
30  33  0
30  34  1.97047e+07
30  35  1.51245e+07
30  36  1.87469e+07
30  37  2.00168e+07
30  38  2.38732e+07
30  39  3.27548e+07
30  40  2.99784e+07
30  41  3.52457e+07
30  42  4.84525e+06
30  43  0
30  44  2.1362e+07
30  45  0
30  46  2.54791e+06
30  47  1.03386e+07
30  48  2.2204e+07
30  49  1.18792e+07
30  50  0
31  0  1.06311e+07
31  1  346650
31  2  953214
31  3  0
31  4  1.85389e+07
31  5  0
31  6  1.63016e+07
31  7  2.42843e+06
31  8  407424
31  9  1.93186e+06
31  10  3.93494e+06
31  11  8.81064e+06
31  12  0
31  13  0
31  14  1.26299e+07
31  15  2.68249e+07
31  16  4.14807e+06
31  17  1.04726e+07
31  18  0
31  19  7.75482e+06
31  20  0
31  21  2.44354e+06
31  22  0
31  23  0
31  24  0
31  25  1.49378e+07
31  26  5.93456e+06
31  27  0
31  28  0
31  29  1.92297e+07
31  30  1.96921e+07
31  31  1.08407e+07
31  32  1.293e+07
31  33  603304
31  34  2.76638e+07
31  35  7.98881e+06
31  36  3.08542e+07
31  37  9.08398e+06
31  38  1.62708e+07
31  39  2.2861e+07
31  40  4.68732e+07
31  41  2.39609e+07
31  42  1.10499e+07
31  43  7.06599e+06
31  44  0
31  45  2.2698e+06
31  46  0
31  47  1.44529e+07
31  48  1.84117e+07
31  49  0
31  50  1.65755e+07
32  0  1.86208e+06
32  1  9.47301e+06
32  2  0
32  3  5.24926e+06
32  4  8.53097e+06
32  5  1.56581e+07
32  6  915762
32  7  0
32  8  1.63113e+07
32  9  2.19447e+07
32  10  5.38138e+06
32  11  1.38863e+07
32  12  4.12775e+06
32  13  0
32  14  9.25307e+06
32  15  1.43084e+06
32  16  1.75005e+07
32  17  1.67867e+07
32  18  0
32  19  1.26262e+07
32  20  1.90257e+07
32  21  1.46319e+07
32  22  4.53607e+06
32  23  0
32  24  1.26041e+06
32  25  0
32  26  1.06555e+07
32  27  0
32  28  1.08144e+07
32  29  0
32  30  4.22093e+06
32  31  3.25478e+07
32  32  1.82206e+07
32  33  1.22961e+07
32  34  1.92213e+07
32  35  4.62124e+07
32  36  3.31127e+07
32  37  2.75826e+07
32  38  3.20584e+07
32  39  2.15704e+07
32  40  3.63279e+06
32  41  1.83578e+07
32  42  1.82228e+07
32  43  0
32  44  1.5381e+07
32  45  8.47044e+06
32  46  9.48084e+06
32  47  0
32  48  1.5714e+07
32  49  0
32  50  0
33  0  1.25089e+07
33  1  7.85549e+06
33  2  0
33  3  1.83429e+07
33  4  4.16048e+07
33  5  0
33  6  989896
33  7  1.18134e+07
33  8  0
33  9  8.53217e+06
33  10  0
33  11  1.08015e+06
33  12  2.52358e+07
33  13  1.47293e+07
33  14  9.9197e+06
33  15  1.98671e+07
33  16  0
33  17  0
33  18  0
33  19  6.94033e+06
33  20  1.95196e+07
33  21  1.4756e+06
33  22  3.64014e+06
33  23  2.88294e+07
33  24  3.08946e+07
33  25  1.06401e+07
33  26  7.23242e+06
33  27  1.69116e+07
33  28  0
33  29  8.88577e+06
33  30  4.22669e+06
33  31  0
33  32  1.34402e+07
33  33  2.24731e+07
33  34  1.26155e+07
33  35  2.54088e+07
33  36  2.13024e+07
33  37  1.83943e+07
33  38  1.1634e+07
33  39  3.58236e+07
33  40  9.36183e+06
33  41  1.61958e+07
33  42  1.88286e+07
33  43  6.7717e+06
33  44  0
33  45  1.93359e+07
33  46  2.22675e+07
33  47  2.61187e+07
33  48  6.80667e+06
33  49  6.11271e+06
33  50  0
34  0  1.0677e+07
34  1  1.38237e+07
34  2  4.90021e+06
34  3  6.37582e+06
34  4  1.66633e+07
34  5  2.70287e+07
34  6  1.08791e+07
34  7  943255
34  8  2.06035e+07
34  9  2.05114e+07
34  10  9.21568e+06
34  11  1.53027e+07
34  12  0
34  13  8.99167e+06
34  14  231423
34  15  2.27927e+06
34  16  3.05601e+07
34  17  2.26838e+07
34  18  4.12888e+06
34  19  1.74724e+07
34  20  1.31785e+07
34  21  1.1672e+07
34  22  1.27793e+07
34  23  1.86552e+07
34  24  1.3332e+07
34  25  7.19625e+06
34  26  0
34  27  1.16587e+07
34  28  0
34  29  8.43765e+06
34  30  7.66381e+06
34  31  4.41319e+07
34  32  1.74041e+07
34  33  1.56794e+07
34  34  1.97446e+07
34  35  1.0234e+07
34  36  1.6871e+07
34  37  2.82721e+07
34  38  2.30782e+07
34  39  2.90238e+07
34  40  1.55676e+07
34  41  1.6955e+07
34  42  3.03965e+07
34  43  4.26913e+06
34  44  5.52499e+06
34  45  1.23353e+07
34  46  2.81803e+07
34  47  2.4236e+07
34  48  1.99422e+07
34  49  2.50083e+07
34  50  0
35  0  6.85613e+06
35  1  7.24555e+06
35  2  0
35  3  1.0581e+07
35  4  3.47742e+06
35  5  1.08958e+07
35  6  469308
35  7  2.48307e+07
35  8  7.42221e+06
35  9  0
35  10  3.90502e+07
35  11  2.47663e+07
35  12  2.94066e+07
35  13  4.70637e+06
35  14  1.22387e+07
35  15  167632
35  16  1.53798e+07
35  17  9.70135e+06
35  18  0
35  19  5.7369e+06
35  20  1.73698e+07
35  21  1.28577e+07
35  22  7.78001e+06
35  23  1.66417e+07
35  24  0
35  25  1.70847e+07
35  26  417846
35  27  753732
35  28  6.57875e+06
35  29  1.21325e+06
35  30  1.64042e+07
35  31  2.25975e+07
35  32  1.223e+07
35  33  2.35842e+07
35  34  2.20596e+07
35  35  1.15789e+07
35  36  3.27801e+07
35  37  2.51841e+07
35  38  1.53607e+07
35  39  0
35  40  1.10609e+07
35  41  0
35  42  1.22398e+07
35  43  3.05652e+07
35  44  0
35  45  1.76594e+07
35  46  5.07611e+07
35  47  0
35  48  6.36055e+06
35  49  0
35  50  7.14269e+06
36  0  1.26368e+07
36  1  7.35318e+06
36  2  2.20021e+07
36  3  0
36  4  5.25329e+06
36  5  3.28304e+06
36  6  1.25476e+07
36  7  0
36  8  1.28167e+06
36  9  0
36  10  1.30324e+07
36  11  2.26609e+06
36  12  2.48536e+07
36  13  1.72611e+07
36  14  2.07653e+07
36  15  1.49482e+07
36  16  4.94239e+06
36  17  1.11366e+07
36  18  9.24677e+06
36  19  0
36  20  9.85731e+06
36  21  0
36  22  0
36  23  8.32304e+06
36  24  2.02134e+07
36  25  0
36  26  0
36  27  3.47952e+06
36  28  0
36  29  4.32755e+06
36  30  1.09923e+07
36  31  1.7973e+07
36  32  1.56486e+07
36  33  2.09873e+07
36  34  2.33334e+07
36  35  2.00826e+07
36  36  3.09853e+07
36  37  2.91724e+07
36  38  2.9608e+07
36  39  4.73903e+06
36  40  2.13335e+07
36  41  8.23977e+06
36  42  0
36  43  5.08737e+07
36  44  1.75955e+07
36  45  5.22317e+06
36  46  2.26476e+07
36  47  4.64306e+06
36  48  1.11905e+07
36  49  0
36  50  7.33248e+06
37  0  1.08465e+06
37  1  5.44794e+06
37  2  1.50074e+07
37  3  1.00516e+07
37  4  0
37  5  4.19966e+07
37  6  2.98492e+07
37  7  1.2331e+06
37  8  1.23047e+07
37  9  7.55286e+06
37  10  1.29773e+07
37  11  1.32149e+07
37  12  9.25021e+06
37  13  0
37  14  1.96254e+07
37  15  1.49634e+07
37  16  0
37  17  3.19973e+07
37  18  2.51827e+06
37  19  1.65336e+07
37  20  807380
37  21  0
37  22  1.23395e+07
37  23  1.13161e+07
37  24  291888
37  25  0
37  26  0
37  27  0
37  28  7.99505e+06
37  29  1.16963e+07
37  30  4.78968e+06
37  31  869266
37  32  2.0455e+07
37  33  6.15837e+06
37  34  3.1833e+07
37  35  4.28622e+07
37  36  1.43717e+07
37  37  1.62436e+07
37  38  1.52283e+07
37  39  2.52319e+07
37  40  2.36926e+07
37  41  1.70088e+07
37  42  1.10737e+07
37  43  3.55572e+07
37  44  1.3228e+06
37  45  3.00533e+07
37  46  2.55184e+07
37  47  0
37  48  0
37  49  2.64842e+07
37  50  0
38  0  2.08386e+06
38  1  1.28089e+07
38  2  0
38  3  2.30501e+07
38  4  9.14374e+06
38  5  1.09756e+07
38  6  2.45382e+07
38  7  0
38  8  3.01771e+06
38  9  2.1744e+07
38  10  0
38  11  1.4881e+07
38  12  0
38  13  2.69962e+06
38  14  1.20545e+07
38  15  1.83602e+07
38  16  9.97043e+06
38  17  0
38  18  1.29374e+07
38  19  2.30749e+06
38  20  1.89306e+06
38  21  5.69659e+06
38  22  0
38  23  2.42706e+06
38  24  915002
38  25  0
38  26  0
38  27  2.27528e+06
38  28  2.17639e+07
38  29  2.04242e+07
38  30  1.2132e+07
38  31  1.15883e+07
38  32  1.1223e+07
38  33  7.68863e+06
38  34  2.53838e+07
38  35  1.1566e+07
38  36  4.71256e+06
38  37  6.03253e+06
38  38  566255
38  39  2.5393e+07
38  40  2.39443e+07
38  41  1.5142e+07
38  42  1.56482e+07
38  43  4.0919e+07
38  44  1.70495e+07
38  45  2.37637e+06
38  46  4.75333e+07
38  47  2.30484e+07
38  48  0
38  49  1.74648e+07
38  50  623931
39  0  0
39  1  376134
39  2  2.0685e+07
39  3  1.70457e+07
39  4  2.83347e+07
39  5  2.3807e+06
39  6  3.38605e+07
39  7  1.3756e+07
39  8  712356
39  9  9.79664e+06
39  10  4.37832e+06
39  11  3.79981e+06
39  12  0
39  13  4.08775e+06
39  14  1.218e+07
39  15  1.72479e+07
39  16  0
39  17  1.41396e+07
39  18  0
39  19  382375
39  20  0
39  21  0
39  22  1.87123e+07
39  23  0
39  24  1.57195e+07
39  25  1.23472e+07
39  26  2.26077e+07
39  27  0
39  28  1.99453e+07
39  29  0
39  30  4.00334e+06
39  31  2.67757e+06
39  32  7.61289e+06
39  33  1.26371e+07
39  34  1.6973e+07
39  35  1.22403e+07
39  36  2.04076e+07
39  37  2.41091e+07
39  38  2.16783e+07
39  39  1.63585e+07
39  40  1.55391e+07
39  41  1.38751e+07
39  42  2.45195e+07
39  43  3.45702e+07
39  44  2.74562e+07
39  45  1.42745e+06
39  46  2.76559e+07
39  47  0
39  48  3.13519e+07
39  49  0
39  50  2.22898e+07
40  0  1.84428e+07
40  1  1.57464e+07
40  2  2.50184e+07
40  3  4.13802e+06
40  4  5.14656e+06
40  5  0
40  6  2.27362e+06
40  7  9.10723e+06
40  8  2.26648e+07
40  9  2.56138e+07
40  10  7.55059e+06
40  11  402895
40  12  0
40  13  1.38077e+07
40  14  2.48689e+07
40  15  0
40  16  1.48627e+07
40  17  0
40  18  7.9818e+06
40  19  0
40  20  2.79295e+06
40  21  0
40  22  1.23066e+07
40  23  3.76682e+06
40  24  1.11069e+07
40  25  1.09898e+07
40  26  3.07677e+07
40  27  1.11144e+07
40  28  1.24374e+07
40  29  8.411e+06
40  30  1.05549e+07
40  31  3.26751e+07
40  32  1.45732e+07
40  33  2.01836e+07
40  34  2.9781e+07
40  35  2.7887e+07
40  36  2.84616e+07
40  37  2.46261e+07
40  38  0
40  39  1.24191e+07
40  40  2.64336e+07
40  41  3.87781e+07
40  42  2.2999e+07
40  43  2.50808e+07
40  44  4.46531e+07
40  45  1.29379e+07
40  46  0
40  47  4.8776e+06
40  48  1.06471e+07
40  49  0
40  50  388177
41  0  1.1428e+07
41  1  1.6929e+07
41  2  0
41  3  8.00739e+06
41  4  4.70315e+06
41  5  9.88113e+06
41  6  1.92913e+07
41  7  1.43967e+07
41  8  1.59365e+07
41  9  4.49531e+06
41  10  2.13737e+06
41  11  1.07882e+07
41  12  0
41  13  0
41  14  2.27594e+07
41  15  3.92294e+07
41  16  7.89268e+06
41  17  1.43532e+07
41  18  1.11775e+07
41  19  3.52731e+06
41  20  0
41  21  0
41  22  6.95893e+06
41  23  4.02882e+06
41  24  2.09683e+07
41  25  4.66621e+06
41  26  1.30962e+07
41  27  1.47449e+07
41  28  0
41  29  1.75374e+07
41  30  1.99118e+07
41  31  2.83275e+07
41  32  9.98104e+06
41  33  3.28512e+06
41  34  2.70541e+07
41  35  1.61812e+07
41  36  3.0014e+07
41  37  436049
41  38  2.4802e+07
41  39  2.37232e+07
41  40  2.24253e+07
41  41  3.49437e+07
41  42  1.85482e+07
41  43  2.80674e+06
41  44  2.01857e+07
41  45  1.40989e+07
41  46  1.4233e+07
41  47  0
41  48  2.32554e+06
41  49  2.89025e+07
41  50  3.16171e+07
42  0  0
42  1  1.52672e+07
42  2  1.2269e+07
42  3  1.82402e+07
42  4  1.61863e+07
42  5  1.27643e+07
42  6  6.94104e+06
42  7  0
42  8  3.54714e+07
42  9  0
42  10  1.2974e+07
42  11  1.29545e+07
42  12  1.56636e+07
42  13  1.3618e+07
42  14  1.03836e+07
42  15  4.43623e+06
42  16  0
42  17  224182
42  18  1.07897e+07
42  19  1.45433e+07
42  20  0
42  21  1.31509e+07
42  22  0
42  23  2.42736e+06
42  24  9.56447e+06
42  25  2.10243e+06
42  26  9.02222e+06
42  27  3.72169e+06
42  28  8.71822e+06
42  29  1.39955e+06
42  30  2.08965e+07
42  31  0
42  32  1.39581e+07
42  33  1.96349e+07
42  34  3.21111e+07
42  35  2.36994e+07
42  36  1.5658e+07
42  37  786610
42  38  2.96024e+07
42  39  3.7793e+07
42  40  4.27048e+06
42  41  1.36434e+07
42  42  7.55029e+06
42  43  3.74145e+07
42  44  5.4301e+07
42  45  3.1487e+07
42  46  1.86033e+07
42  47  1.32641e+07
42  48  2.59049e+07
42  49  0
42  50  1.39586e+07
43  0  4.04923e+06
43  1  810637
43  2  1.52673e+07
43  3  0
43  4  2.62877e+07
43  5  2.09801e+07
43  6  1.67752e+07
43  7  0
43  8  2.61547e+07
43  9  8.83837e+06
43  10  1.53493e+07
43  11  0
43  12  0
43  13  1.18427e+07
43  14  1.71873e+07
43  15  0
43  16  1.20445e+06
43  17  1.55422e+06
43  18  6.13559e+06
43  19  4.55439e+06
43  20  0
43  21  0
43  22  3.03246e+06
43  23  2.49277e+07
43  24  1.92884e+07
43  25  1.34194e+07
43  26  1.12736e+07
43  27  0
43  28  1.29129e+07
43  29  2.80872e+07
43  30  4.87767e+06
43  31  2.32389e+07
43  32  3.17002e+07
43  33  1.34635e+07
43  34  3.53551e+07
43  35  1.64469e+07
43  36  3.48192e+07
43  37  1.32451e+06
43  38  3.20942e+07
43  39  5.29447e+06
43  40  2.22224e+07
43  41  3.3689e+07
43  42  1.69586e+07
43  43  3.05192e+07
43  44  1.81491e+07
43  45  3.51599e+07
43  46  1.64621e+07
43  47  0
43  48  587014
43  49  7.23595e+06
43  50  1.26581e+07
44  0  2.04885e+07
44  1  1.97525e+07
44  2  8.01845e+06
44  3  2.40642e+06
44  4  1.89828e+07
44  5  1.00092e+07
44  6  5.58351e+06
44  7  1.99265e+07
44  8  1.834e+07
44  9  3.17083e+07
44  10  3.64824e+06
44  11  0
44  12  6.90348e+06
44  13  0
44  14  2.57199e+06
44  15  2.77175e+07
44  16  0
44  17  1.40995e+06
44  18  1.50617e+07
44  19  4.29747e+07
44  20  4.45555e+06
44  21  0
44  22  0
44  23  1.00253e+07
44  24  9.53954e+06
44  25  1.41115e+07
44  26  897732
44  27  1.62904e+07
44  28  2.03073e+07
44  29  1.83572e+07
44  30  2.76369e+06
44  31  1.94606e+07
44  32  1.33575e+07
44  33  3.34247e+07
44  34  7.30188e+06
44  35  2.59446e+07
44  36  2.22146e+07
44  37  2.47366e+07
44  38  3.97437e+07
44  39  0
44  40  4.68963e+07
44  41  1.71924e+07
44  42  1.34448e+07
44  43  1.6734e+06
44  44  8.66567e+06
44  45  1.82497e+07
44  46  1.33116e+07
44  47  1.14621e+07
44  48  0
44  49  3.15082e+07
44  50  2.55525e+07
45  0  0
45  1  4.75617e+06
45  2  6.452e+06
45  3  0
45  4  1.67603e+07
45  5  1.56492e+07
45  6  1.19963e+07
45  7  0
45  8  1.97465e+07
45  9  1.92593e+06
45  10  1.63095e+07
45  11  5.86829e+06
45  12  2.18365e+07
45  13  1.10651e+07
45  14  2.31321e+07
45  15  2.62754e+07
45  16  5.18183e+06
45  17  2.65821e+07
45  18  1.30491e+07
45  19  0
45  20  0
45  21  0
45  22  1.91442e+07
45  23  0
45  24  0
45  25  6.57438e+06
45  26  0
45  27  3.58101e+06
45  28  1.4294e+07
45  29  1.27417e+07
45  30  9.73496e+06
45  31  3.78305e+06
45  32  7.09615e+06
45  33  4.0662e+07
45  34  1.66809e+07
45  35  2.52138e+07
45  36  3.08122e+07
45  37  1.71369e+07
45  38  2.93399e+07
45  39  8.73701e+06
45  40  2.31839e+07
45  41  3.63333e+07
45  42  3.19894e+07
45  43  2.93093e+06
45  44  1.72974e+07
45  45  2.10234e+07
45  46  1.61609e+07
45  47  1.81166e+07
45  48  0
45  49  1.84634e+07
45  50  2.2428e+07
46  0  3.1212e+06
46  1  0
46  2  1.78897e+07
46  3  2.07966e+07
46  4  5.35341e+06
46  5  2.70891e+07
46  6  0
46  7  5.29838e+06
46  8  0
46  9  1.07126e+06
46  10  9.40326e+06
46  11  1.47643e+07
46  12  1.68346e+06
46  13  8.99176e+06
46  14  2.54959e+06
46  15  0
46  16  9.74646e+06
46  17  5.27916e+06
46  18  1.43128e+07
46  19  6.74658e+06
46  20  0
46  21  2.10594e+07
46  22  1.11536e+07
46  23  0
46  24  8.1636e+06
46  25  1.45559e+07
46  26  1.02318e+07
46  27  0
46  28  2.14399e+07
46  29  1.3464e+07
46  30  3.12518e+07
46  31  2.11813e+07
46  32  1.87891e+07
46  33  1.91856e+07
46  34  1.33033e+07
46  35  2.88117e+07
46  36  3.35181e+06
46  37  6.12456e+06
46  38  7.91303e+06
46  39  1.8638e+07
46  40  2.66806e+07
46  41  1.88768e+07
46  42  3.07423e+07
46  43  0
46  44  2.58997e+07
46  45  1.5394e+07
46  46  9.80935e+06
46  47  1.16808e+07
46  48  1.15434e+07
46  49  1.92534e+07
46  50  0
47  0  151129
47  1  3.37385e+06
47  2  1.32563e+07
47  3  3.70269e+07
47  4  8.70492e+06
47  5  1.52413e+07
47  6  1.50428e+07
47  7  5.3646e+06
47  8  1.20833e+07
47  9  1.68069e+06
47  10  1.7628e+06
47  11  1.0677e+07
47  12  2.48033e+07
47  13  1.55163e+07
47  14  0
47  15  1.19486e+07
47  16  1.10588e+07
47  17  0
47  18  5.9964e+06
47  19  0
47  20  2.48113e+06
47  21  1.32017e+07
47  22  1.8943e+07
47  23  1.98122e+07
47  24  3.21948e+06
47  25  1.42954e+07
47  26  2.1321e+07
47  27  3.04259e+06
47  28  5.23679e+06
47  29  0
47  30  6.69247e+06
47  31  0
47  32  1.3951e+07
47  33  9.63053e+06
47  34  1.51291e+07
47  35  2.2444e+07
47  36  1.84371e+07
47  37  5.02929e+06
47  38  0
47  39  2.4435e+07
47  40  2.02844e+07
47  41  1.39488e+07
47  42  1.43423e+07
47  43  3.12469e+07
47  44  1.55452e+07
47  45  1.08391e+07
47  46  2.09682e+07
47  47  1.17303e+07
47  48  4.71568e+07
47  49  1.47631e+07
47  50  1.32398e+07
48  0  0
48  1  1.38723e+06
48  2  5.55509e+06
48  3  2.47648e+07
48  4  9.21081e+06
48  5  5.69332e+06
48  6  8.38578e+06
48  7  1.98961e+07
48  8  1.49358e+07
48  9  2.10917e+07
48  10  1.15125e+07
48  11  1.31441e+07
48  12  6.43779e+06
48  13  3.46171e+06
48  14  1.58046e+07
48  15  2.60435e+06
48  16  7.96005e+06
48  17  5.13805e+06
48  18  1.05099e+07
48  19  1.23205e+06
48  20  8.30834e+06
48  21  0
48  22  0
48  23  5.05869e+06
48  24  8.99395e+06
48  25  9.08447e+06
48  26  6.41522e+06
48  27  2.27942e+07
48  28  8.98342e+06
48  29  9.38636e+06
48  30  5.20392e+06
48  31  1.89072e+07
48  32  0
48  33  2.4457e+07
48  34  0
48  35  1.97398e+07
48  36  6.25922e+06
48  37  1.75393e+07
48  38  1.72739e+07
48  39  2.55587e+07
48  40  2.83886e+07
48  41  1.40641e+07
48  42  3.91161e+07
48  43  2.49943e+07
48  44  1.54245e+07
48  45  3.30939e+07
48  46  3.50656e+07
48  47  2.65047e+07
48  48  0
48  49  7.44291e+06
48  50  1.85204e+07
49  0  2.23192e+06
49  1  2.07e+07
49  2  1.55759e+07
49  3  6.46909e+06
49  4  3.8723e+06
49  5  1.06639e+07
49  6  3.13659e+07
49  7  2.44405e+07
49  8  2.85578e+07
49  9  3.60535e+07
49  10  0
49  11  2.27745e+07
49  12  5.59977e+06
49  13  1.23897e+07
49  14  2.16194e+07
49  15  0
49  16  1.80193e+07
49  17  0
49  18  3.45056e+06
49  19  0
49  20  4.86694e+06
49  21  1.08104e+06
49  22  9.4543e+06
49  23  4.21354e+06
49  24  0
49  25  1.17597e+07
49  26  4.1144e+07
49  27  1.9671e+07
49  28  1.30251e+07
49  29  846533
49  30  1.00611e+07
49  31  1.78346e+07
49  32  1.99213e+07
49  33  3.3617e+07
49  34  4.12274e+07
49  35  1.45763e+07
49  36  2.44626e+07
49  37  0
49  38  0
49  39  926569
49  40  1.41803e+06
49  41  2.2785e+07
49  42  1.80168e+07
49  43  3.595e+07
49  44  1.77796e+07
49  45  0
49  46  4.51185e+07
49  47  3.28388e+07
49  48  8.31524e+06
49  49  1.88072e+07
49  50  5.82285e+06
50  0  0
50  1  0
50  2  1.92074e+07
50  3  0
50  4  1.84298e+07
50  5  4.641e+06
50  6  1.66449e+07
50  7  5.23591e+06
50  8  1.08163e+07
50  9  7.06155e+06
50  10  9.4678e+06
50  11  1.61752e+07
50  12  1.00263e+07
50  13  7.09628e+06
50  14  2.1841e+07
50  15  5.42709e+06
50  16  6.31494e+06
50  17  4.49257e+06
50  18  5.89612e+06
50  19  1.62067e+07
50  20  0
50  21  0
50  22  2.17868e+07
50  23  0
50  24  1.37392e+07
50  25  1.43954e+07
50  26  1.52804e+07
50  27  1.05389e+07
50  28  1.6227e+07
50  29  7.10776e+06
50  30  0
50  31  3.10942e+07
50  32  1.00945e+07
50  33  1.15792e+07
50  34  1.54291e+07
50  35  2.41846e+07
50  36  0
50  37  8.79652e+06
50  38  4.35942e+06
50  39  3.13515e+07
50  40  1.83617e+07
50  41  3.96512e+07
50  42  1.12383e+07
50  43  1.57815e+07
50  44  3.79202e+07
50  45  2.12584e+07
50  46  1.50307e+07
50  47  7.84723e+06
50  48  1.74194e+07
50  49  2.16247e+07
50  50  1.65211e+07

