row  column  (images_35.edf Ca-K*images_35.edf Ar-K**2.3)
0  0  8.79042e+08
0  1  1.00383e+09
0  2  1.1955e+09
0  3  1.20799e+09
0  4  1.36691e+09
0  5  1.39284e+09
0  6  1.45849e+09
0  7  1.46889e+09
0  8  1.50789e+09
0  9  1.72124e+09
0  10  1.67863e+09
0  11  1.58341e+09
0  12  1.68693e+09
0  13  1.69086e+09
0  14  1.6702e+09
0  15  1.72121e+09
0  16  1.35361e+09
0  17  1.27852e+09
0  18  1.31838e+09
0  19  1.25183e+09
0  20  1.22796e+09
0  21  1.10071e+09
0  22  1.23482e+09
0  23  1.1678e+09
0  24  1.16764e+09
0  25  1.16827e+09
0  26  1.15358e+09
0  27  1.01145e+09
0  28  8.10139e+08
0  29  9.1151e+08
0  30  1.12985e+09
0  31  1.30815e+09
0  32  1.42506e+09
0  33  1.2514e+09
0  34  1.43091e+09
0  35  1.33344e+09
0  36  1.24141e+09
0  37  1.20671e+09
0  38  1.0062e+09
0  39  9.65927e+08
0  40  8.00916e+08
0  41  7.83618e+08
0  42  5.17774e+08
0  43  3.75815e+08
0  44  2.41023e+08
0  45  2.07966e+08
0  46  1.88602e+08
0  47  2.09015e+08
0  48  2.15108e+08
0  49  2.28085e+08
0  50  2.36982e+08
1  0  1.14138e+09
1  1  1.13322e+09
1  2  1.21838e+09
1  3  1.21419e+09
1  4  1.37916e+09
1  5  1.44376e+09
1  6  1.47215e+09
1  7  1.41724e+09
1  8  1.53366e+09
1  9  1.53776e+09
1  10  1.61601e+09
1  11  1.59846e+09
1  12  1.55904e+09
1  13  1.75432e+09
1  14  1.63133e+09
1  15  1.36496e+09
1  16  1.30384e+09
1  17  1.26599e+09
1  18  1.37965e+09
1  19  1.20348e+09
1  20  1.04078e+09
1  21  1.18334e+09
1  22  1.22085e+09
1  23  1.04955e+09
1  24  1.02412e+09
1  25  1.06246e+09
1  26  8.37532e+08
1  27  6.88534e+08
1  28  8.63398e+08
1  29  8.70654e+08
1  30  1.1695e+09
1  31  1.41377e+09
1  32  1.07271e+09
1  33  1.39616e+09
1  34  1.45411e+09
1  35  1.3561e+09
1  36  1.41381e+09
1  37  1.28174e+09
1  38  9.27058e+08
1  39  1.02625e+09
1  40  9.17291e+08
1  41  7.55028e+08
1  42  5.19816e+08
1  43  2.95869e+08
1  44  1.89835e+08
1  45  2.58809e+08
1  46  2.28661e+08
1  47  2.55869e+08
1  48  2.46197e+08
1  49  2.62611e+08
1  50  2.29017e+08
2  0  1.27396e+09
2  1  1.17273e+09
2  2  1.42037e+09
2  3  1.37388e+09
2  4  1.45258e+09
2  5  1.43326e+09
2  6  1.54256e+09
2  7  1.46392e+09
2  8  1.56241e+09
2  9  1.5374e+09
2  10  1.52962e+09
2  11  1.47108e+09
2  12  1.46676e+09
2  13  1.58773e+09
2  14  1.46732e+09
2  15  1.38769e+09
2  16  1.1921e+09
2  17  1.14329e+09
2  18  1.18e+09
2  19  1.13608e+09
2  20  1.12104e+09
2  21  1.2357e+09
2  22  1.07774e+09
2  23  1.24828e+09
2  24  1.05283e+09
2  25  1.09373e+09
2  26  9.49667e+08
2  27  8.58655e+08
2  28  7.49229e+08
2  29  7.97919e+08
2  30  1.00865e+09
2  31  1.21854e+09
2  32  1.15287e+09
2  33  1.32288e+09
2  34  1.4227e+09
2  35  1.48574e+09
2  36  1.39783e+09
2  37  1.17132e+09
2  38  1.17926e+09
2  39  1.02829e+09
2  40  9.19672e+08
2  41  8.07423e+08
2  42  4.80696e+08
2  43  2.6414e+08
2  44  2.42278e+08
2  45  2.28353e+08
2  46  2.05647e+08
2  47  1.95642e+08
2  48  2.74566e+08
2  49  2.40262e+08
2  50  2.34303e+08
3  0  1.16154e+09
3  1  1.28185e+09
3  2  1.30728e+09
3  3  1.45332e+09
3  4  1.36434e+09
3  5  1.3912e+09
3  6  1.47137e+09
3  7  1.46933e+09
3  8  1.3256e+09
3  9  1.39623e+09
3  10  1.33222e+09
3  11  1.41653e+09
3  12  1.38934e+09
3  13  1.18463e+09
3  14  1.2669e+09
3  15  1.19905e+09
3  16  1.25466e+09
3  17  1.32938e+09
3  18  1.16265e+09
3  19  1.08667e+09
3  20  1.09973e+09
3  21  1.04084e+09
3  22  1.05408e+09
3  23  1.03994e+09
3  24  1.03343e+09
3  25  9.08935e+08
3  26  9.09793e+08
3  27  7.14343e+08
3  28  8.35514e+08
3  29  8.81976e+08
3  30  1.04312e+09
3  31  1.30296e+09
3  32  1.24379e+09
3  33  1.44482e+09
3  34  1.33033e+09
3  35  1.47914e+09
3  36  1.35208e+09
3  37  1.3676e+09
3  38  1.16079e+09
3  39  8.07646e+08
3  40  8.06862e+08
3  41  6.72679e+08
3  42  4.27854e+08
3  43  2.43846e+08
3  44  2.23551e+08
3  45  1.93987e+08
3  46  2.59315e+08
3  47  2.66013e+08
3  48  2.21633e+08
3  49  2.12671e+08
3  50  2.53457e+08
4  0  1.52114e+09
4  1  1.23795e+09
4  2  1.76386e+09
4  3  1.50286e+09
4  4  1.52154e+09
4  5  1.48743e+09
4  6  1.43186e+09
4  7  1.34998e+09
4  8  1.4529e+09
4  9  1.33466e+09
4  10  1.24829e+09
4  11  1.2653e+09
4  12  1.31786e+09
4  13  1.18454e+09
4  14  1.2335e+09
4  15  1.20607e+09
4  16  1.12374e+09
4  17  1.1941e+09
4  18  1.00626e+09
4  19  9.1194e+08
4  20  9.95742e+08
4  21  1.02067e+09
4  22  1.152e+09
4  23  9.56198e+08
4  24  1.02707e+09
4  25  1.09619e+09
4  26  7.61672e+08
4  27  8.26579e+08
4  28  7.16699e+08
4  29  8.76531e+08
4  30  9.63988e+08
4  31  1.01799e+09
4  32  1.11479e+09
4  33  1.3101e+09
4  34  1.45851e+09
4  35  1.53391e+09
4  36  1.39772e+09
4  37  1.27205e+09
4  38  1.15926e+09
4  39  1.06367e+09
4  40  9.17268e+08
4  41  8.05722e+08
4  42  3.98723e+08
4  43  1.95836e+08
4  44  2.03825e+08
4  45  2.04538e+08
4  46  2.20729e+08
4  47  2.1392e+08
4  48  2.62655e+08
4  49  2.35581e+08
4  50  2.48745e+08
5  0  1.53358e+09
5  1  1.4876e+09
5  2  1.69946e+09
5  3  1.73053e+09
5  4  1.50247e+09
5  5  1.49404e+09
5  6  1.47757e+09
5  7  1.45808e+09
5  8  1.41881e+09
5  9  1.46164e+09
5  10  1.24532e+09
5  11  1.18198e+09
5  12  1.04314e+09
5  13  1.48657e+09
5  14  1.19172e+09
5  15  1.19302e+09
5  16  1.10229e+09
5  17  1.22149e+09
5  18  1.07441e+09
5  19  9.78203e+08
5  20  9.16582e+08
5  21  1.0741e+09
5  22  1.22336e+09
5  23  1.12534e+09
5  24  1.07234e+09
5  25  9.32078e+08
5  26  8.4261e+08
5  27  6.04931e+08
5  28  9.26742e+08
5  29  8.0286e+08
5  30  1.02979e+09
5  31  1.04265e+09
5  32  1.17865e+09
5  33  1.40979e+09
5  34  1.47975e+09
5  35  1.35886e+09
5  36  1.4933e+09
5  37  1.34979e+09
5  38  1.18384e+09
5  39  1.15483e+09
5  40  9.3086e+08
5  41  9.22354e+08
5  42  4.44789e+08
5  43  2.92675e+08
5  44  2.72156e+08
5  45  1.91009e+08
5  46  2.34151e+08
5  47  2.21865e+08
5  48  2.6292e+08
5  49  2.13442e+08
5  50  2.94458e+08
6  0  1.39702e+09
6  1  1.73527e+09
6  2  1.73497e+09
6  3  1.72872e+09
6  4  1.48448e+09
6  5  1.51394e+09
6  6  1.3924e+09
6  7  1.47291e+09
6  8  1.45215e+09
6  9  1.22793e+09
6  10  1.32328e+09
6  11  1.13525e+09
6  12  1.30364e+09
6  13  1.15373e+09
6  14  1.26232e+09
6  15  1.25343e+09
6  16  1.0056e+09
6  17  1.11536e+09
6  18  1.03139e+09
6  19  1.00948e+09
6  20  9.43161e+08
6  21  1.0766e+09
6  22  1.03253e+09
6  23  1.01217e+09
6  24  1.01264e+09
6  25  1.09241e+09
6  26  7.51074e+08
6  27  9.07659e+08
6  28  8.54436e+08
6  29  8.28088e+08
6  30  9.59219e+08
6  31  1.09658e+09
6  32  1.23143e+09
6  33  1.5768e+09
6  34  1.69882e+09
6  35  1.64185e+09
6  36  1.6819e+09
6  37  1.38304e+09
6  38  1.30681e+09
6  39  1.2895e+09
6  40  1.13467e+09
6  41  7.34451e+08
6  42  4.1364e+08
6  43  2.79775e+08
6  44  2.81784e+08
6  45  2.27182e+08
6  46  2.37763e+08
6  47  2.02821e+08
6  48  3.46521e+08
6  49  3.44279e+08
6  50  3.85704e+08
7  0  1.523e+09
7  1  1.54383e+09
7  2  1.62724e+09
7  3  1.82051e+09
7  4  1.64229e+09
7  5  1.5376e+09
7  6  1.46805e+09
7  7  1.46858e+09
7  8  1.21177e+09
7  9  1.30987e+09
7  10  1.30218e+09
7  11  1.21357e+09
7  12  1.42308e+09
7  13  1.19851e+09
7  14  1.11715e+09
7  15  1.05209e+09
7  16  1.01404e+09
7  17  1.0567e+09
7  18  9.47543e+08
7  19  9.23301e+08
7  20  1.01783e+09
7  21  9.84904e+08
7  22  9.99864e+08
7  23  9.67521e+08
7  24  1.21884e+09
7  25  8.86938e+08
7  26  8.14367e+08
7  27  7.79013e+08
7  28  8.12091e+08
7  29  9.88429e+08
7  30  1.06534e+09
7  31  1.19475e+09
7  32  1.23495e+09
7  33  1.47051e+09
7  34  1.685e+09
7  35  1.58955e+09
7  36  1.52326e+09
7  37  1.5653e+09
7  38  1.36618e+09
7  39  1.10882e+09
7  40  1.26377e+09
7  41  7.65079e+08
7  42  4.06174e+08
7  43  2.91879e+08
7  44  3.14396e+08
7  45  2.51901e+08
7  46  1.96725e+08
7  47  2.24754e+08
7  48  2.72427e+08
7  49  3.47265e+08
7  50  3.96909e+08
8  0  1.67696e+09
8  1  1.60745e+09
8  2  1.55215e+09
8  3  1.84189e+09
8  4  1.79625e+09
8  5  1.55475e+09
8  6  1.52881e+09
8  7  1.23589e+09
8  8  1.27871e+09
8  9  1.24308e+09
8  10  1.20754e+09
8  11  1.08502e+09
8  12  1.02266e+09
8  13  1.11086e+09
8  14  1.14498e+09
8  15  1.07192e+09
8  16  9.96624e+08
8  17  9.83648e+08
8  18  8.98717e+08
8  19  9.74242e+08
8  20  1.09101e+09
8  21  8.97433e+08
8  22  9.15015e+08
8  23  9.30161e+08
8  24  1.11859e+09
8  25  9.61944e+08
8  26  1.02935e+09
8  27  8.80806e+08
8  28  8.25493e+08
8  29  8.42655e+08
8  30  1.08169e+09
8  31  1.26682e+09
8  32  1.2919e+09
8  33  1.406e+09
8  34  1.62441e+09
8  35  1.91226e+09
8  36  1.61669e+09
8  37  1.5687e+09
8  38  1.53932e+09
8  39  1.3331e+09
8  40  1.28181e+09
8  41  8.07471e+08
8  42  4.20201e+08
8  43  2.85161e+08
8  44  2.58388e+08
8  45  1.97684e+08
8  46  2.33024e+08
8  47  1.81449e+08
8  48  2.09804e+08
8  49  3.01549e+08
8  50  3.69492e+08
9  0  1.73815e+09
9  1  1.5186e+09
9  2  1.63555e+09
9  3  1.63024e+09
9  4  1.54858e+09
9  5  1.51426e+09
9  6  1.5056e+09
9  7  1.30117e+09
9  8  1.36045e+09
9  9  1.44603e+09
9  10  1.30304e+09
9  11  1.15246e+09
9  12  1.08638e+09
9  13  1.14624e+09
9  14  1.07809e+09
9  15  1.01236e+09
9  16  1.04339e+09
9  17  9.68038e+08
9  18  9.71899e+08
9  19  9.96711e+08
9  20  1.13756e+09
9  21  1.0642e+09
9  22  8.99626e+08
9  23  1.02725e+09
9  24  9.51917e+08
9  25  1.02217e+09
9  26  9.18436e+08
9  27  9.13963e+08
9  28  9.64535e+08
9  29  9.30589e+08
9  30  1.12835e+09
9  31  1.40877e+09
9  32  1.43446e+09
9  33  1.66769e+09
9  34  1.8754e+09
9  35  1.6963e+09
9  36  1.61595e+09
9  37  1.683e+09
9  38  1.60497e+09
9  39  1.57948e+09
9  40  1.39825e+09
9  41  7.29564e+08
9  42  3.77242e+08
9  43  2.95623e+08
9  44  2.42347e+08
9  45  2.23965e+08
9  46  2.25597e+08
9  47  2.42515e+08
9  48  2.25913e+08
9  49  3.04745e+08
9  50  2.84427e+08
10  0  1.63035e+09
10  1  1.69376e+09
10  2  1.783e+09
10  3  1.53893e+09
10  4  1.52189e+09
10  5  1.39595e+09
10  6  1.36969e+09
10  7  1.26482e+09
10  8  1.22577e+09
10  9  1.38809e+09
10  10  1.24736e+09
10  11  1.09997e+09
10  12  1.02841e+09
10  13  9.45148e+08
10  14  1.08851e+09
10  15  9.83661e+08
10  16  9.5852e+08
10  17  1.02808e+09
10  18  9.84112e+08
10  19  9.10244e+08
10  20  8.36806e+08
10  21  9.24068e+08
10  22  9.34047e+08
10  23  1.0409e+09
10  24  9.53321e+08
10  25  1.04039e+09
10  26  9.57559e+08
10  27  9.34392e+08
10  28  8.92557e+08
10  29  9.64627e+08
10  30  1.1203e+09
10  31  1.35204e+09
10  32  1.57874e+09
10  33  1.56355e+09
10  34  1.75733e+09
10  35  1.88551e+09
10  36  1.81176e+09
10  37  1.57309e+09
10  38  1.57001e+09
10  39  1.48923e+09
10  40  1.52722e+09
10  41  1.0378e+09
10  42  4.09372e+08
10  43  3.06155e+08
10  44  2.48537e+08
10  45  2.19195e+08
10  46  2.41722e+08
10  47  1.93132e+08
10  48  2.40115e+08
10  49  2.67404e+08
10  50  2.30037e+08
11  0  1.36934e+09
11  1  1.77099e+09
11  2  1.7502e+09
11  3  1.5296e+09
11  4  1.56122e+09
11  5  1.36357e+09
11  6  1.51703e+09
11  7  1.4188e+09
11  8  1.3465e+09
11  9  1.23563e+09
11  10  1.0568e+09
11  11  1.06327e+09
11  12  9.63391e+08
11  13  1.1169e+09
11  14  1.05545e+09
11  15  9.24754e+08
11  16  9.1368e+08
11  17  8.27797e+08
11  18  9.65471e+08
11  19  8.83978e+08
11  20  1.04284e+09
11  21  9.46895e+08
11  22  9.60373e+08
11  23  9.57318e+08
11  24  9.22209e+08
11  25  9.51951e+08
11  26  9.53688e+08
11  27  8.85221e+08
11  28  8.73231e+08
11  29  1.11479e+09
11  30  1.22269e+09
11  31  1.39414e+09
11  32  1.56113e+09
11  33  1.83288e+09
11  34  2.18521e+09
11  35  1.97039e+09
11  36  1.76054e+09
11  37  1.70826e+09
11  38  1.69089e+09
11  39  1.68115e+09
11  40  1.43145e+09
11  41  7.43081e+08
11  42  4.24442e+08
11  43  2.57622e+08
11  44  2.34701e+08
11  45  2.2968e+08
11  46  2.23717e+08
11  47  2.01105e+08
11  48  1.73603e+08
11  49  2.1491e+08
11  50  2.51257e+08
12  0  1.65998e+09
12  1  1.38622e+09
12  2  1.53514e+09
12  3  1.49953e+09
12  4  1.32559e+09
12  5  1.33088e+09
12  6  1.48134e+09
12  7  1.2411e+09
12  8  1.15183e+09
12  9  1.19464e+09
12  10  1.11171e+09
12  11  9.6449e+08
12  12  9.54935e+08
12  13  9.53516e+08
12  14  8.99184e+08
12  15  9.63621e+08
12  16  8.80677e+08
12  17  7.98638e+08
12  18  8.98551e+08
12  19  8.82654e+08
12  20  8.6383e+08
12  21  9.50337e+08
12  22  8.57372e+08
12  23  8.41838e+08
12  24  9.47731e+08
12  25  9.62597e+08
12  26  9.80725e+08
12  27  8.4919e+08
12  28  9.8777e+08
12  29  1.01582e+09
12  30  1.39433e+09
12  31  1.42405e+09
12  32  1.64049e+09
12  33  1.78057e+09
12  34  2.05701e+09
12  35  2.09906e+09
12  36  2.01083e+09
12  37  1.63524e+09
12  38  1.55728e+09
12  39  1.50863e+09
12  40  1.53064e+09
12  41  9.85579e+08
12  42  4.62042e+08
12  43  3.1009e+08
12  44  2.14387e+08
12  45  2.24579e+08
12  46  2.43036e+08
12  47  1.89286e+08
12  48  2.21251e+08
12  49  2.13586e+08
12  50  2.37571e+08
13  0  1.37245e+09
13  1  1.56264e+09
13  2  1.41949e+09
13  3  1.47738e+09
13  4  1.427e+09
13  5  1.28165e+09
13  6  1.27264e+09
13  7  1.10937e+09
13  8  1.1882e+09
13  9  1.22461e+09
13  10  1.00043e+09
13  11  8.90277e+08
13  12  8.95775e+08
13  13  9.00898e+08
13  14  8.26659e+08
13  15  9.32994e+08
13  16  8.88329e+08
13  17  8.0558e+08
13  18  8.76722e+08
13  19  9.16541e+08
13  20  8.49426e+08
13  21  8.55458e+08
13  22  8.78753e+08
13  23  8.85639e+08
13  24  1.03145e+09
13  25  8.87997e+08
13  26  8.72235e+08
13  27  9.31306e+08
13  28  1.00835e+09
13  29  1.04417e+09
13  30  1.37866e+09
13  31  1.46199e+09
13  32  1.69219e+09
13  33  1.90325e+09
13  34  2.65035e+09
13  35  2.44006e+09
13  36  1.51124e+09
13  37  1.50253e+09
13  38  1.86449e+09
13  39  1.82017e+09
13  40  1.51374e+09
13  41  6.61976e+08
13  42  4.53805e+08
13  43  3.30825e+08
13  44  2.03397e+08
13  45  2.28471e+08
13  46  2.1698e+08
13  47  1.78576e+08
13  48  1.51114e+08
13  49  1.95377e+08
13  50  1.86445e+08
14  0  1.28302e+09
14  1  1.46823e+09
14  2  1.41083e+09
14  3  1.41952e+09
14  4  1.26142e+09
14  5  1.32447e+09
14  6  1.37923e+09
14  7  1.01741e+09
14  8  9.81021e+08
14  9  1.009e+09
14  10  9.92375e+08
14  11  9.96991e+08
14  12  9.10001e+08
14  13  9.94005e+08
14  14  8.8381e+08
14  15  9.21981e+08
14  16  1.00726e+09
14  17  9.5171e+08
14  18  7.82994e+08
14  19  8.72614e+08
14  20  8.61169e+08
14  21  8.97157e+08
14  22  8.95498e+08
14  23  8.27298e+08
14  24  8.31782e+08
14  25  8.93582e+08
14  26  9.18545e+08
14  27  9.7944e+08
14  28  8.4025e+08
14  29  1.2011e+09
14  30  1.21787e+09
14  31  1.22148e+09
14  32  1.58956e+09
14  33  1.93755e+09
14  34  2.32593e+09
14  35  2.63429e+09
14  36  1.61243e+09
14  37  1.43999e+09
14  38  1.50884e+09
14  39  1.60475e+09
14  40  1.70108e+09
14  41  7.70388e+08
14  42  4.95847e+08
14  43  2.89844e+08
14  44  3.08973e+08
14  45  2.21313e+08
14  46  1.84262e+08
14  47  2.20986e+08
14  48  2.60697e+08
14  49  1.50515e+08
14  50  1.71866e+08
15  0  1.37699e+09
15  1  1.45097e+09
15  2  1.55902e+09
15  3  1.478e+09
15  4  1.33959e+09
15  5  1.16718e+09
15  6  1.32304e+09
15  7  1.23572e+09
15  8  1.07709e+09
15  9  1.10666e+09
15  10  1.0302e+09
15  11  8.30748e+08
15  12  8.48359e+08
15  13  9.93094e+08
15  14  8.9613e+08
15  15  8.51e+08
15  16  7.85173e+08
15  17  8.01431e+08
15  18  8.65873e+08
15  19  7.96556e+08
15  20  8.53955e+08
15  21  9.07967e+08
15  22  8.66915e+08
15  23  9.20312e+08
15  24  8.68596e+08
15  25  9.24706e+08
15  26  8.46128e+08
15  27  9.19887e+08
15  28  8.50395e+08
15  29  1.07354e+09
15  30  1.38353e+09
15  31  1.36156e+09
15  32  1.42307e+09
15  33  1.77168e+09
15  34  2.46264e+09
15  35  3.07918e+09
15  36  1.67439e+09
15  37  1.35915e+09
15  38  1.8254e+09
15  39  1.6351e+09
15  40  1.69386e+09
15  41  9.55167e+08
15  42  4.84699e+08
15  43  3.48521e+08
15  44  2.02344e+08
15  45  2.01829e+08
15  46  2.02114e+08
15  47  1.78782e+08
15  48  1.36717e+08
15  49  1.72476e+08
15  50  1.38372e+08
16  0  1.33224e+09
16  1  1.34422e+09
16  2  1.38621e+09
16  3  1.40015e+09
16  4  1.23673e+09
16  5  1.19278e+09
16  6  1.16354e+09
16  7  1.2075e+09
16  8  1.15967e+09
16  9  1.13713e+09
16  10  1.03326e+09
16  11  1.04761e+09
16  12  8.40832e+08
16  13  8.67846e+08
16  14  8.24276e+08
16  15  8.48819e+08
16  16  7.50702e+08
16  17  7.4878e+08
16  18  7.52256e+08
16  19  7.5866e+08
16  20  8.32253e+08
16  21  8.32502e+08
16  22  8.87604e+08
16  23  8.14149e+08
16  24  8.73284e+08
16  25  8.66273e+08
16  26  8.57449e+08
16  27  8.30683e+08
16  28  1.09477e+09
16  29  1.07226e+09
16  30  1.22826e+09
16  31  1.46144e+09
16  32  1.68623e+09
16  33  1.89216e+09
16  34  2.74669e+09
16  35  2.8128e+09
16  36  1.99093e+09
16  37  1.17875e+09
16  38  1.50378e+09
16  39  1.77099e+09
16  40  1.74594e+09
16  41  9.96692e+08
16  42  5.2557e+08
16  43  3.2986e+08
16  44  2.37259e+08
16  45  1.88657e+08
16  46  2.24604e+08
16  47  1.66055e+08
16  48  1.65099e+08
16  49  1.81775e+08
16  50  1.22991e+08
17  0  1.37701e+09
17  1  1.41015e+09
17  2  1.33189e+09
17  3  1.37127e+09
17  4  1.21647e+09
17  5  1.14944e+09
17  6  1.24848e+09
17  7  1.14458e+09
17  8  9.67715e+08
17  9  1.03589e+09
17  10  9.85999e+08
17  11  9.09775e+08
17  12  7.91416e+08
17  13  7.79589e+08
17  14  7.97852e+08
17  15  7.8165e+08
17  16  7.82533e+08
17  17  8.46172e+08
17  18  7.25343e+08
17  19  7.8322e+08
17  20  9.24312e+08
17  21  8.96927e+08
17  22  7.77294e+08
17  23  8.47699e+08
17  24  7.47738e+08
17  25  7.75247e+08
17  26  8.30913e+08
17  27  9.50025e+08
17  28  9.35643e+08
17  29  1.1309e+09
17  30  1.29585e+09
17  31  1.34922e+09
17  32  1.66185e+09
17  33  1.97095e+09
17  34  3.23239e+09
17  35  3.08502e+09
17  36  1.69342e+09
17  37  1.25964e+09
17  38  1.87224e+09
17  39  1.70067e+09
17  40  1.5532e+09
17  41  7.14062e+08
17  42  4.69666e+08
17  43  3.33012e+08
17  44  2.65717e+08
17  45  1.96843e+08
17  46  1.42182e+08
17  47  1.64155e+08
17  48  1.70792e+08
17  49  1.87234e+08
17  50  1.03287e+08
18  0  1.18279e+09
18  1  1.22736e+09
18  2  1.15886e+09
18  3  1.30327e+09
18  4  1.2007e+09
18  5  1.108e+09
18  6  1.11516e+09
18  7  1.12575e+09
18  8  9.76307e+08
18  9  1.01858e+09
18  10  9.05148e+08
18  11  9.56037e+08
18  12  7.66537e+08
18  13  9.03604e+08
18  14  8.19521e+08
18  15  7.52141e+08
18  16  7.38182e+08
18  17  8.23364e+08
18  18  7.38347e+08
18  19  7.85625e+08
18  20  8.58375e+08
18  21  7.50343e+08
18  22  8.83946e+08
18  23  6.74903e+08
18  24  8.45112e+08
18  25  8.654e+08
18  26  8.55146e+08
18  27  8.91385e+08
18  28  1.0229e+09
18  29  1.14287e+09
18  30  1.15674e+09
18  31  1.27802e+09
18  32  1.4875e+09
18  33  1.90361e+09
18  34  2.97794e+09
18  35  2.71302e+09
18  36  2.01102e+09
18  37  1.35449e+09
18  38  1.81855e+09
18  39  1.87857e+09
18  40  1.76087e+09
18  41  1.06072e+09
18  42  5.10828e+08
18  43  3.52211e+08
18  44  2.60582e+08
18  45  2.13253e+08
18  46  1.77504e+08
18  47  1.46402e+08
18  48  1.62748e+08
18  49  1.72941e+08
18  50  1.57838e+08
19  0  1.1858e+09
19  1  1.06536e+09
19  2  1.09945e+09
19  3  1.21153e+09
19  4  1.24789e+09
19  5  1.12482e+09
19  6  1.06446e+09
19  7  9.93867e+08
19  8  1.10804e+09
19  9  1.03543e+09
19  10  1.05141e+09
19  11  8.63354e+08
19  12  8.11908e+08
19  13  7.92875e+08
19  14  7.57583e+08
19  15  6.75662e+08
19  16  7.84132e+08
19  17  8.38203e+08
19  18  7.60163e+08
19  19  7.16262e+08
19  20  8.24499e+08
19  21  8.7212e+08
19  22  8.18994e+08
19  23  7.71131e+08
19  24  7.65272e+08
19  25  8.89747e+08
19  26  9.24961e+08
19  27  9.71921e+08
19  28  1.0918e+09
19  29  1.13881e+09
19  30  1.32104e+09
19  31  1.38435e+09
19  32  1.59045e+09
19  33  1.92357e+09
19  34  3.237e+09
19  35  3.14958e+09
19  36  2.04293e+09
19  37  1.52678e+09
19  38  2.09007e+09
19  39  1.95954e+09
19  40  1.61967e+09
19  41  1.17134e+09
19  42  5.03186e+08
19  43  3.56937e+08
19  44  2.6675e+08
19  45  2.29382e+08
19  46  2.13255e+08
19  47  1.8482e+08
19  48  1.68357e+08
19  49  1.62232e+08
19  50  1.36193e+08
20  0  1.24982e+09
20  1  1.1023e+09
20  2  1.24697e+09
20  3  1.03395e+09
20  4  1.09119e+09
20  5  1.02019e+09
20  6  1.06773e+09
20  7  1.03017e+09
20  8  1.05559e+09
20  9  9.25985e+08
20  10  7.98278e+08
20  11  7.96224e+08
20  12  7.74114e+08
20  13  7.72482e+08
20  14  7.34246e+08
20  15  7.76187e+08
20  16  7.92142e+08
20  17  8.17234e+08
20  18  7.97517e+08
20  19  7.44516e+08
20  20  8.07332e+08
20  21  7.84244e+08
20  22  7.49337e+08
20  23  7.68875e+08
20  24  7.29663e+08
20  25  8.56018e+08
20  26  8.37384e+08
20  27  9.36052e+08
20  28  9.62369e+08
20  29  1.08976e+09
20  30  1.25987e+09
20  31  1.19881e+09
20  32  1.43968e+09
20  33  2.11037e+09
20  34  2.70825e+09
20  35  2.87605e+09
20  36  2.07361e+09
20  37  1.46243e+09
20  38  1.72386e+09
20  39  2.12719e+09
20  40  1.98334e+09
20  41  1.38626e+09
20  42  5.50112e+08
20  43  3.24648e+08
20  44  2.88434e+08
20  45  2.28248e+08
20  46  1.76673e+08
20  47  2.69787e+08
20  48  1.36112e+08
20  49  1.86283e+08
20  50  1.55796e+08
21  0  9.94781e+08
21  1  1.11677e+09
21  2  1.0288e+09
21  3  1.27082e+09
21  4  1.11558e+09
21  5  9.63867e+08
21  6  1.07877e+09
21  7  1.01899e+09
21  8  1.03875e+09
21  9  9.76035e+08
21  10  8.78015e+08
21  11  8.60089e+08
21  12  8.28118e+08
21  13  7.92686e+08
21  14  8.12126e+08
21  15  6.92911e+08
21  16  7.07842e+08
21  17  8.24817e+08
21  18  8.45713e+08
21  19  7.65322e+08
21  20  8.42622e+08
21  21  7.86823e+08
21  22  8.30094e+08
21  23  6.68794e+08
21  24  8.09794e+08
21  25  8.87255e+08
21  26  8.56666e+08
21  27  9.27267e+08
21  28  9.75791e+08
21  29  1.01292e+09
21  30  1.22709e+09
21  31  1.24449e+09
21  32  1.3994e+09
21  33  1.84951e+09
21  34  3.11136e+09
21  35  3.21027e+09
21  36  2.60104e+09
21  37  1.69082e+09
21  38  2.08461e+09
21  39  2.3143e+09
21  40  2.09916e+09
21  41  1.46515e+09
21  42  6.87488e+08
21  43  4.94678e+08
21  44  2.88997e+08
21  45  2.86588e+08
21  46  2.06168e+08
21  47  2.36436e+08
21  48  1.67777e+08
21  49  1.7619e+08
21  50  1.38129e+08
22  0  1.27227e+09
22  1  1.16143e+09
22  2  1.05938e+09
22  3  1.07609e+09
22  4  9.20624e+08
22  5  1.04897e+09
22  6  1.13726e+09
22  7  9.725e+08
22  8  9.87794e+08
22  9  9.32674e+08
22  10  9.41566e+08
22  11  8.5247e+08
22  12  8.09128e+08
22  13  8.15178e+08
22  14  6.81815e+08
22  15  7.19917e+08
22  16  7.60459e+08
22  17  8.78581e+08
22  18  8.7761e+08
22  19  7.34086e+08
22  20  8.07371e+08
22  21  8.41475e+08
22  22  7.25694e+08
22  23  6.5878e+08
22  24  6.76779e+08
22  25  7.80404e+08
22  26  8.02704e+08
22  27  9.30024e+08
22  28  8.13934e+08
22  29  8.74096e+08
22  30  1.36569e+09
22  31  1.28324e+09
22  32  1.49378e+09
22  33  2.13225e+09
22  34  2.90167e+09
22  35  2.95873e+09
22  36  2.31334e+09
22  37  1.84974e+09
22  38  2.10651e+09
22  39  2.2474e+09
22  40  2.0019e+09
22  41  1.54757e+09
22  42  5.89518e+08
22  43  4.33555e+08
22  44  2.77073e+08
22  45  2.47043e+08
22  46  2.20691e+08
22  47  1.92853e+08
22  48  1.85057e+08
22  49  1.92743e+08
22  50  1.55862e+08
23  0  1.1999e+09
23  1  1.05895e+09
23  2  1.12783e+09
23  3  1.08469e+09
23  4  1.01603e+09
23  5  1.00547e+09
23  6  1.00902e+09
23  7  1.05009e+09
23  8  9.50685e+08
23  9  1.02732e+09
23  10  9.49512e+08
23  11  8.39175e+08
23  12  7.89631e+08
23  13  7.10039e+08
23  14  7.91454e+08
23  15  9.16211e+08
23  16  8.3564e+08
23  17  7.97002e+08
23  18  7.48439e+08
23  19  7.68063e+08
23  20  8.54982e+08
23  21  8.31386e+08
23  22  6.1871e+08
23  23  7.48834e+08
23  24  8.22804e+08
23  25  8.60283e+08
23  26  9.2407e+08
23  27  8.94521e+08
23  28  8.04252e+08
23  29  8.47281e+08
23  30  1.08617e+09
23  31  1.2696e+09
23  32  1.42973e+09
23  33  1.93791e+09
23  34  3.35969e+09
23  35  3.10262e+09
23  36  2.75884e+09
23  37  1.73394e+09
23  38  2.32517e+09
23  39  2.26733e+09
23  40  1.92392e+09
23  41  1.39453e+09
23  42  5.9925e+08
23  43  4.86046e+08
23  44  3.37853e+08
23  45  2.75418e+08
23  46  2.46022e+08
23  47  2.26135e+08
23  48  1.92964e+08
23  49  1.79907e+08
23  50  1.47189e+08
24  0  1.18101e+09
24  1  1.19057e+09
24  2  1.0593e+09
24  3  1.09182e+09
24  4  1.0036e+09
24  5  1.1098e+09
24  6  8.01783e+08
24  7  1.07096e+09
24  8  9.3176e+08
24  9  1.02156e+09
24  10  9.13482e+08
24  11  8.8976e+08
24  12  8.71286e+08
24  13  8.56883e+08
24  14  7.11044e+08
24  15  7.40862e+08
24  16  7.97941e+08
24  17  8.66711e+08
24  18  9.03497e+08
24  19  7.98159e+08
24  20  8.5465e+08
24  21  8.55812e+08
24  22  6.18756e+08
24  23  6.3159e+08
24  24  8.80361e+08
24  25  8.12718e+08
24  26  8.37329e+08
24  27  8.13834e+08
24  28  8.71605e+08
24  29  9.28498e+08
24  30  1.18613e+09
24  31  1.25526e+09
24  32  1.5146e+09
24  33  2.21324e+09
24  34  2.95692e+09
24  35  2.96804e+09
24  36  2.68135e+09
24  37  1.90658e+09
24  38  2.1935e+09
24  39  2.4036e+09
24  40  2.1987e+09
24  41  1.63705e+09
24  42  8.05245e+08
24  43  4.66549e+08
24  44  3.20165e+08
24  45  2.34042e+08
24  46  2.95333e+08
24  47  2.33131e+08
24  48  2.24008e+08
24  49  1.81402e+08
24  50  1.46232e+08
25  0  1.17602e+09
25  1  1.14264e+09
25  2  1.1405e+09
25  3  1.08297e+09
25  4  1.0113e+09
25  5  1.08305e+09
25  6  9.71609e+08
25  7  9.24841e+08
25  8  1.00253e+09
25  9  9.34409e+08
25  10  8.9002e+08
25  11  8.79383e+08
25  12  7.57958e+08
25  13  7.96731e+08
25  14  7.26568e+08
25  15  8.15831e+08
25  16  8.4195e+08
25  17  8.39345e+08
25  18  8.14274e+08
25  19  8.53536e+08
25  20  8.10372e+08
25  21  7.8289e+08
25  22  7.19499e+08
25  23  8.09603e+08
25  24  7.87415e+08
25  25  8.03351e+08
25  26  8.53105e+08
25  27  6.93628e+08
25  28  8.41834e+08
25  29  1.01931e+09
25  30  1.23382e+09
25  31  1.22334e+09
25  32  1.38275e+09
25  33  2.28984e+09
25  34  3.13637e+09
25  35  2.91063e+09
25  36  2.94373e+09
25  37  1.98343e+09
25  38  2.5341e+09
25  39  2.53291e+09
25  40  2.23073e+09
25  41  1.77233e+09
25  42  8.93263e+08
25  43  5.30283e+08
25  44  4.05696e+08
25  45  3.16263e+08
25  46  3.30935e+08
25  47  2.73769e+08
25  48  2.29499e+08
25  49  1.74322e+08
25  50  1.64038e+08
26  0  1.34638e+09
26  1  1.26236e+09
26  2  1.08958e+09
26  3  1.00707e+09
26  4  1.17965e+09
26  5  1.05087e+09
26  6  1.10828e+09
26  7  1.00702e+09
26  8  9.8353e+08
26  9  1.07103e+09
26  10  9.51911e+08
26  11  9.31308e+08
26  12  8.35695e+08
26  13  9.35689e+08
26  14  8.91374e+08
26  15  8.37589e+08
26  16  8.25296e+08
26  17  8.71329e+08
26  18  8.42177e+08
26  19  7.58427e+08
26  20  9.59123e+08
26  21  9.32241e+08
26  22  7.66837e+08
26  23  8.04285e+08
26  24  8.77455e+08
26  25  8.87251e+08
26  26  9.17021e+08
26  27  8.28604e+08
26  28  8.05877e+08
26  29  9.90761e+08
26  30  1.27804e+09
26  31  1.42283e+09
26  32  1.42249e+09
26  33  2.37219e+09
26  34  2.8594e+09
26  35  2.9556e+09
26  36  2.71941e+09
26  37  1.97089e+09
26  38  2.48917e+09
26  39  2.50439e+09
26  40  2.46578e+09
26  41  1.67046e+09
26  42  8.27879e+08
26  43  5.64262e+08
26  44  4.10685e+08
26  45  4.16776e+08
26  46  3.84002e+08
26  47  3.63657e+08
26  48  2.78244e+08
26  49  1.56177e+08
26  50  1.67655e+08
27  0  1.26366e+09
27  1  1.26039e+09
27  2  1.06842e+09
27  3  1.12979e+09
27  4  9.996e+08
27  5  1.10121e+09
27  6  9.17027e+08
27  7  1.05167e+09
27  8  1.06298e+09
27  9  9.36156e+08
27  10  9.42849e+08
27  11  9.63704e+08
27  12  8.94217e+08
27  13  1.04252e+09
27  14  9.25534e+08
27  15  8.54257e+08
27  16  9.12819e+08
27  17  8.80725e+08
27  18  9.01236e+08
27  19  8.77459e+08
27  20  8.29397e+08
27  21  8.99621e+08
27  22  7.55932e+08
27  23  7.93728e+08
27  24  7.44136e+08
27  25  8.06255e+08
27  26  8.42966e+08
27  27  7.15686e+08
27  28  9.05512e+08
27  29  8.98938e+08
27  30  1.13284e+09
27  31  1.24745e+09
27  32  1.56438e+09
27  33  2.07627e+09
27  34  2.806e+09
27  35  2.97769e+09
27  36  2.89637e+09
27  37  2.38562e+09
27  38  2.63047e+09
27  39  2.73361e+09
27  40  2.23156e+09
27  41  1.58702e+09
27  42  1.05843e+09
27  43  6.32308e+08
27  44  4.04824e+08
27  45  3.852e+08
27  46  4.92695e+08
27  47  4.35218e+08
27  48  2.28649e+08
27  49  2.00052e+08
27  50  1.59162e+08
28  0  1.38007e+09
28  1  1.35573e+09
28  2  1.15858e+09
28  3  1.05076e+09
28  4  1.17549e+09
28  5  1.06475e+09
28  6  1.00184e+09
28  7  1.14956e+09
28  8  1.01388e+09
28  9  1.05176e+09
28  10  1.0081e+09
28  11  8.6345e+08
28  12  8.80333e+08
28  13  1.00067e+09
28  14  9.54077e+08
28  15  9.39889e+08
28  16  1.05024e+09
28  17  8.75043e+08
28  18  9.6548e+08
28  19  9.57426e+08
28  20  9.54558e+08
28  21  9.33636e+08
28  22  7.49743e+08
28  23  7.50557e+08
28  24  7.95905e+08
28  25  8.681e+08
28  26  8.63284e+08
28  27  8.02968e+08
28  28  7.63415e+08
28  29  8.99244e+08
28  30  1.02416e+09
28  31  1.26735e+09
28  32  1.60458e+09
28  33  1.83894e+09
28  34  3.28968e+09
28  35  3.34772e+09
28  36  2.94535e+09
28  37  2.13655e+09
28  38  2.61504e+09
28  39  2.63806e+09
28  40  2.56787e+09
28  41  1.75799e+09
28  42  1.04558e+09
28  43  6.59853e+08
28  44  5.44096e+08
28  45  5.26426e+08
28  46  6.766e+08
28  47  5.06066e+08
28  48  3.54797e+08
28  49  2.16304e+08
28  50  1.35226e+08
29  0  1.42409e+09
29  1  1.30003e+09
29  2  1.35983e+09
29  3  1.17658e+09
29  4  1.0456e+09
29  5  1.07726e+09
29  6  1.22832e+09
29  7  1.05647e+09
29  8  1.02586e+09
29  9  1.00917e+09
29  10  9.10296e+08
29  11  9.58803e+08
29  12  9.46209e+08
29  13  9.07695e+08
29  14  8.96527e+08
29  15  9.37309e+08
29  16  1.0179e+09
29  17  9.68684e+08
29  18  8.9655e+08
29  19  1.11839e+09
29  20  9.75292e+08
29  21  1.03044e+09
29  22  8.30395e+08
29  23  6.97856e+08
29  24  9.22193e+08
29  25  8.12236e+08
29  26  8.07233e+08
29  27  8.46109e+08
29  28  7.60596e+08
29  29  9.48761e+08
29  30  1.08435e+09
29  31  1.19599e+09
29  32  1.57955e+09
29  33  2.15565e+09
29  34  3.74875e+09
29  35  3.55845e+09
29  36  2.68643e+09
29  37  2.30035e+09
29  38  2.89141e+09
29  39  2.89713e+09
29  40  2.61031e+09
29  41  2.2745e+09
29  42  1.1618e+09
29  43  6.69241e+08
29  44  5.13238e+08
29  45  6.85228e+08
29  46  7.42076e+08
29  47  7.02737e+08
29  48  3.94031e+08
29  49  2.7096e+08
29  50  2.08566e+08
30  0  1.57366e+09
30  1  1.42194e+09
30  2  1.2325e+09
30  3  1.28381e+09
30  4  1.26312e+09
30  5  1.27346e+09
30  6  1.15666e+09
30  7  1.2709e+09
30  8  1.09789e+09
30  9  1.18119e+09
30  10  1.01806e+09
30  11  9.82677e+08
30  12  9.93876e+08
30  13  9.45848e+08
30  14  9.89843e+08
30  15  1.03493e+09
30  16  9.98512e+08
30  17  1.05088e+09
30  18  9.86488e+08
30  19  8.48263e+08
30  20  9.04051e+08
30  21  9.56919e+08
30  22  7.90706e+08
30  23  8.132e+08
30  24  8.40843e+08
30  25  9.17367e+08
30  26  7.72838e+08
30  27  7.95326e+08
30  28  9.02438e+08
30  29  9.00479e+08
30  30  1.24197e+09
30  31  1.34739e+09
30  32  1.82351e+09
30  33  2.3719e+09
30  34  3.19694e+09
30  35  3.44702e+09
30  36  3.41088e+09
30  37  2.55433e+09
30  38  2.55651e+09
30  39  3.09008e+09
30  40  2.99051e+09
30  41  2.65779e+09
30  42  1.63386e+09
30  43  8.55668e+08
30  44  6.46804e+08
30  45  6.63384e+08
30  46  9.52482e+08
30  47  8.05678e+08
30  48  6.41496e+08
30  49  3.18514e+08
30  50  2.01654e+08
31  0  1.54477e+09
31  1  1.76269e+09
31  2  1.2777e+09
31  3  1.36658e+09
31  4  1.36867e+09
31  5  1.11412e+09
31  6  1.0825e+09
31  7  1.09769e+09
31  8  1.18659e+09
31  9  1.09651e+09
31  10  1.0219e+09
31  11  1.00534e+09
31  12  9.73311e+08
31  13  9.85655e+08
31  14  9.0963e+08
31  15  1.01162e+09
31  16  9.58705e+08
31  17  1.0307e+09
31  18  1.09382e+09
31  19  8.78013e+08
31  20  9.99954e+08
31  21  9.27481e+08
31  22  9.30907e+08
31  23  6.99848e+08
31  24  7.48715e+08
31  25  9.58043e+08
31  26  8.27491e+08
31  27  8.91008e+08
31  28  9.10036e+08
31  29  9.97996e+08
31  30  1.10174e+09
31  31  1.40838e+09
31  32  1.69107e+09
31  33  2.35004e+09
31  34  3.31797e+09
31  35  3.80091e+09
31  36  3.31201e+09
31  37  2.23696e+09
31  38  3.13292e+09
31  39  2.97075e+09
31  40  2.93715e+09
31  41  2.20597e+09
31  42  1.62296e+09
31  43  8.59074e+08
31  44  6.69561e+08
31  45  9.52203e+08
31  46  1.33644e+09
31  47  8.97212e+08
31  48  5.77366e+08
31  49  2.84314e+08
31  50  2.02429e+08
32  0  1.72308e+09
32  1  1.76001e+09
32  2  1.3323e+09
32  3  1.24027e+09
32  4  1.42045e+09
32  5  1.37099e+09
32  6  1.17303e+09
32  7  1.05458e+09
32  8  1.20172e+09
32  9  1.18169e+09
32  10  1.02936e+09
32  11  1.17364e+09
32  12  1.02827e+09
32  13  9.93951e+08
32  14  9.29271e+08
32  15  1.00072e+09
32  16  1.12785e+09
32  17  1.10437e+09
32  18  9.89066e+08
32  19  1.001e+09
32  20  9.78289e+08
32  21  9.65623e+08
32  22  9.46339e+08
32  23  8.74813e+08
32  24  8.82905e+08
32  25  9.31547e+08
32  26  8.25728e+08
32  27  8.70561e+08
32  28  9.74777e+08
32  29  9.80444e+08
32  30  1.12123e+09
32  31  1.51654e+09
32  32  1.77913e+09
32  33  1.89541e+09
32  34  3.56043e+09
32  35  3.70464e+09
32  36  2.95226e+09
32  37  2.44144e+09
32  38  3.03513e+09
32  39  2.97833e+09
32  40  2.94593e+09
32  41  2.68387e+09
32  42  1.97646e+09
32  43  1.3732e+09
32  44  9.00665e+08
32  45  9.78706e+08
32  46  1.61616e+09
32  47  1.36761e+09
32  48  8.02155e+08
32  49  3.29428e+08
32  50  2.53853e+08
33  0  1.66296e+09
33  1  1.6205e+09
33  2  1.33324e+09
33  3  1.41782e+09
33  4  1.52367e+09
33  5  1.35427e+09
33  6  1.4572e+09
33  7  1.2305e+09
33  8  1.11295e+09
33  9  1.16373e+09
33  10  1.23587e+09
33  11  1.14097e+09
33  12  1.08316e+09
33  13  1.10594e+09
33  14  9.83781e+08
33  15  1.07269e+09
33  16  1.11936e+09
33  17  1.10092e+09
33  18  1.05778e+09
33  19  1.05312e+09
33  20  1.01235e+09
33  21  9.25857e+08
33  22  9.34318e+08
33  23  8.30628e+08
33  24  9.36569e+08
33  25  9.1301e+08
33  26  8.32017e+08
33  27  9.42066e+08
33  28  9.94639e+08
33  29  1.19058e+09
33  30  1.42921e+09
33  31  1.48784e+09
33  32  1.70528e+09
33  33  2.44477e+09
33  34  3.32694e+09
33  35  3.83311e+09
33  36  2.90676e+09
33  37  2.56618e+09
33  38  3.30422e+09
33  39  3.15991e+09
33  40  3.26861e+09
33  41  2.38654e+09
33  42  2.23473e+09
33  43  1.22504e+09
33  44  9.35179e+08
33  45  1.42331e+09
33  46  2.25145e+09
33  47  1.59934e+09
33  48  8.59379e+08
33  49  4.37966e+08
33  50  2.44324e+08
34  0  1.62923e+09
34  1  1.82958e+09
34  2  1.65863e+09
34  3  1.7797e+09
34  4  1.58599e+09
34  5  1.40404e+09
34  6  1.32831e+09
34  7  1.13044e+09
34  8  1.10343e+09
34  9  1.25617e+09
34  10  9.73709e+08
34  11  1.07367e+09
34  12  1.05307e+09
34  13  1.08958e+09
34  14  9.66801e+08
34  15  1.00901e+09
34  16  1.058e+09
34  17  9.95432e+08
34  18  1.09336e+09
34  19  1.09054e+09
34  20  1.00106e+09
34  21  9.14367e+08
34  22  8.76002e+08
34  23  7.86427e+08
34  24  9.4744e+08
34  25  8.42526e+08
34  26  9.00693e+08
34  27  9.6998e+08
34  28  1.02322e+09
34  29  1.12702e+09
34  30  1.46986e+09
34  31  1.57119e+09
34  32  1.78614e+09
34  33  2.53085e+09
34  34  3.15621e+09
34  35  3.64151e+09
34  36  3.62929e+09
34  37  2.71652e+09
34  38  3.19734e+09
34  39  3.11591e+09
34  40  3.11457e+09
34  41  2.7679e+09
34  42  2.77673e+09
34  43  1.70516e+09
34  44  1.14832e+09
34  45  1.40156e+09
34  46  2.49525e+09
34  47  2.14579e+09
34  48  1.12162e+09
34  49  5.10802e+08
34  50  2.90398e+08
35  0  1.53687e+09
35  1  1.77179e+09
35  2  1.50337e+09
35  3  1.72717e+09
35  4  1.52477e+09
35  5  1.64992e+09
35  6  1.30776e+09
35  7  1.39411e+09
35  8  1.27929e+09
35  9  1.05311e+09
35  10  1.01382e+09
35  11  1.06337e+09
35  12  1.1208e+09
35  13  1.25786e+09
35  14  1.04573e+09
35  15  8.87474e+08
35  16  1.15148e+09
35  17  9.95777e+08
35  18  1.03141e+09
35  19  9.62826e+08
35  20  9.59795e+08
35  21  9.00195e+08
35  22  8.69911e+08
35  23  8.29759e+08
35  24  8.982e+08
35  25  8.68608e+08
35  26  9.00019e+08
35  27  8.59666e+08
35  28  1.15183e+09
35  29  1.11549e+09
35  30  1.31094e+09
35  31  1.64387e+09
35  32  1.72157e+09
35  33  2.21159e+09
35  34  3.42191e+09
35  35  3.33647e+09
35  36  4.03458e+09
35  37  3.04066e+09
35  38  2.79813e+09
35  39  3.00886e+09
35  40  3.1144e+09
35  41  2.97612e+09
35  42  2.82929e+09
35  43  1.918e+09
35  44  1.43456e+09
35  45  1.64915e+09
35  46  2.89767e+09
35  47  2.07113e+09
35  48  1.02283e+09
35  49  5.49423e+08
35  50  3.69701e+08
36  0  1.67768e+09
36  1  1.67774e+09
36  2  1.76514e+09
36  3  1.5761e+09
36  4  1.76324e+09
36  5  1.65196e+09
36  6  1.36479e+09
36  7  1.3739e+09
36  8  1.44362e+09
36  9  1.15583e+09
36  10  1.28545e+09
36  11  1.12068e+09
36  12  9.72145e+08
36  13  1.2298e+09
36  14  1.16164e+09
36  15  1.04431e+09
36  16  1.05774e+09
36  17  1.02936e+09
36  18  1.06634e+09
36  19  9.65778e+08
36  20  8.87409e+08
36  21  9.40309e+08
36  22  9.2262e+08
36  23  8.01642e+08
36  24  9.18313e+08
36  25  8.8327e+08
36  26  8.7199e+08
36  27  9.9051e+08
36  28  1.29843e+09
36  29  1.21256e+09
36  30  1.58821e+09
36  31  1.54934e+09
36  32  1.82756e+09
36  33  2.21361e+09
36  34  3.20081e+09
36  35  3.81427e+09
36  36  3.81614e+09
36  37  2.91203e+09
36  38  2.73796e+09
36  39  2.85775e+09
36  40  3.51847e+09
36  41  2.90871e+09
36  42  2.51021e+09
36  43  2.26404e+09
36  44  1.52436e+09
36  45  1.86518e+09
36  46  3.39041e+09
36  47  2.25434e+09
36  48  1.09086e+09
36  49  6.20825e+08
36  50  4.00512e+08
37  0  1.705e+09
37  1  1.65199e+09
37  2  1.87149e+09
37  3  1.80626e+09
37  4  1.77296e+09
37  5  1.53253e+09
37  6  1.36777e+09
37  7  1.38084e+09
37  8  1.16133e+09
37  9  1.17701e+09
37  10  1.08616e+09
37  11  1.10571e+09
37  12  1.16136e+09
37  13  1.00085e+09
37  14  1.09031e+09
37  15  1.18457e+09
37  16  1.00554e+09
37  17  1.0608e+09
37  18  1.09488e+09
37  19  9.67724e+08
37  20  1.00464e+09
37  21  9.04709e+08
37  22  8.60559e+08
37  23  7.97416e+08
37  24  8.17401e+08
37  25  7.79815e+08
37  26  8.74163e+08
37  27  1.03544e+09
37  28  1.12127e+09
37  29  1.39176e+09
37  30  1.4781e+09
37  31  1.47149e+09
37  32  2.04718e+09
37  33  2.57103e+09
37  34  3.16824e+09
37  35  3.59168e+09
37  36  3.63931e+09
37  37  2.88419e+09
37  38  2.69513e+09
37  39  2.8572e+09
37  40  3.35406e+09
37  41  3.19495e+09
37  42  2.93336e+09
37  43  2.45348e+09
37  44  1.61776e+09
37  45  2.60097e+09
37  46  3.75974e+09
37  47  1.96456e+09
37  48  9.76e+08
37  49  5.91148e+08
37  50  4.48964e+08
38  0  1.84827e+09
38  1  1.85814e+09
38  2  1.52498e+09
38  3  1.67764e+09
38  4  1.68487e+09
38  5  1.52447e+09
38  6  1.27734e+09
38  7  1.16576e+09
38  8  1.22123e+09
38  9  1.27785e+09
38  10  1.13826e+09
38  11  1.0617e+09
38  12  9.56556e+08
38  13  1.10997e+09
38  14  1.18212e+09
38  15  1.04185e+09
38  16  1.0732e+09
38  17  1.08447e+09
38  18  1.03535e+09
38  19  9.65338e+08
38  20  1.11381e+09
38  21  9.73956e+08
38  22  7.83521e+08
38  23  8.43713e+08
38  24  7.24588e+08
38  25  8.62314e+08
38  26  8.42333e+08
38  27  9.99743e+08
38  28  1.32095e+09
38  29  1.31409e+09
38  30  1.5596e+09
38  31  1.57022e+09
38  32  1.78765e+09
38  33  2.31953e+09
38  34  3.10704e+09
38  35  3.83235e+09
38  36  3.41456e+09
38  37  2.90049e+09
38  38  2.5888e+09
38  39  3.10892e+09
38  40  3.01238e+09
38  41  3.073e+09
38  42  3.1188e+09
38  43  2.70566e+09
38  44  1.97976e+09
38  45  2.48717e+09
38  46  3.28681e+09
38  47  1.82179e+09
38  48  8.81669e+08
38  49  6.21866e+08
38  50  4.53382e+08
39  0  1.69505e+09
39  1  1.65626e+09
39  2  1.91038e+09
39  3  1.67871e+09
39  4  1.73706e+09
39  5  1.51582e+09
39  6  1.42763e+09
39  7  1.39494e+09
39  8  1.28766e+09
39  9  1.17785e+09
39  10  1.12706e+09
39  11  1.10764e+09
39  12  1.15304e+09
39  13  1.2773e+09
39  14  1.20173e+09
39  15  1.06342e+09
39  16  1.06959e+09
39  17  1.07968e+09
39  18  9.90274e+08
39  19  1.03281e+09
39  20  9.45718e+08
39  21  1.00756e+09
39  22  9.64657e+08
39  23  7.45591e+08
39  24  7.35963e+08
39  25  8.49111e+08
39  26  1.03058e+09
39  27  1.01346e+09
39  28  1.2788e+09
39  29  1.41419e+09
39  30  1.41682e+09
39  31  1.72843e+09
39  32  1.81935e+09
39  33  2.23232e+09
39  34  2.82932e+09
39  35  3.74098e+09
39  36  3.28888e+09
39  37  3.08854e+09
39  38  2.32838e+09
39  39  2.53986e+09
39  40  3.37176e+09
39  41  3.35496e+09
39  42  3.48337e+09
39  43  2.85583e+09
39  44  2.37598e+09
39  45  1.8313e+09
39  46  3.05159e+09
39  47  1.81446e+09
39  48  8.66278e+08
39  49  6.07903e+08
39  50  3.93402e+08
40  0  1.63565e+09
40  1  1.85625e+09
40  2  1.83521e+09
40  3  1.71209e+09
40  4  1.54024e+09
40  5  1.62539e+09
40  6  1.58868e+09
40  7  1.22245e+09
40  8  1.367e+09
40  9  1.27075e+09
40  10  1.18708e+09
40  11  1.21683e+09
40  12  1.03807e+09
40  13  1.28771e+09
40  14  1.16414e+09
40  15  1.08653e+09
40  16  1.15403e+09
40  17  1.18391e+09
40  18  1.07508e+09
40  19  1.09963e+09
40  20  1.15471e+09
40  21  9.32505e+08
40  22  8.34937e+08
40  23  8.55197e+08
40  24  7.59026e+08
40  25  7.79421e+08
40  26  9.29433e+08
40  27  1.01725e+09
40  28  1.42652e+09
40  29  1.30382e+09
40  30  1.42691e+09
40  31  1.62822e+09
40  32  1.9458e+09
40  33  2.0594e+09
40  34  2.70266e+09
40  35  3.46098e+09
40  36  3.32992e+09
40  37  2.56349e+09
40  38  2.22886e+09
40  39  3.2001e+09
40  40  3.15015e+09
40  41  3.19641e+09
40  42  3.05999e+09
40  43  2.96886e+09
40  44  2.02663e+09
40  45  2.01216e+09
40  46  2.3734e+09
40  47  1.41166e+09
40  48  8.13721e+08
40  49  5.46128e+08
40  50  3.16347e+08
41  0  1.72209e+09
41  1  1.7256e+09
41  2  2.02936e+09
41  3  1.99556e+09
41  4  1.79508e+09
41  5  1.68908e+09
41  6  1.61771e+09
41  7  1.30865e+09
41  8  1.29269e+09
41  9  1.2096e+09
41  10  1.25467e+09
41  11  1.16483e+09
41  12  1.03316e+09
41  13  1.30168e+09
41  14  1.14893e+09
41  15  1.24516e+09
41  16  1.19393e+09
41  17  1.00158e+09
41  18  1.12203e+09
41  19  9.52408e+08
41  20  8.99123e+08
41  21  9.20683e+08
41  22  9.03754e+08
41  23  8.75184e+08
41  24  7.93953e+08
41  25  7.73328e+08
41  26  8.98077e+08
41  27  1.1315e+09
41  28  1.2247e+09
41  29  1.2807e+09
41  30  1.48083e+09
41  31  1.70106e+09
41  32  2.00475e+09
41  33  2.5213e+09
41  34  2.93225e+09
41  35  3.63845e+09
41  36  3.4024e+09
41  37  2.4598e+09
41  38  1.71152e+09
41  39  2.81008e+09
41  40  3.25182e+09
41  41  3.59449e+09
41  42  3.18135e+09
41  43  2.92771e+09
41  44  2.20224e+09
41  45  1.9855e+09
41  46  2.11425e+09
41  47  1.24306e+09
41  48  8.1692e+08
41  49  5.12423e+08
41  50  2.96737e+08
42  0  2.03927e+09
42  1  1.95818e+09
42  2  2.00826e+09
42  3  1.83187e+09
42  4  1.75924e+09
42  5  1.62638e+09
42  6  1.59533e+09
42  7  1.45861e+09
42  8  1.37746e+09
42  9  1.35991e+09
42  10  1.22062e+09
42  11  1.15662e+09
42  12  1.31222e+09
42  13  1.10838e+09
42  14  1.0816e+09
42  15  1.11555e+09
42  16  1.07793e+09
42  17  1.11007e+09
42  18  9.79336e+08
42  19  1.01715e+09
42  20  1.09011e+09
42  21  9.20829e+08
42  22  8.01619e+08
42  23  9.24938e+08
42  24  7.37795e+08
42  25  9.00189e+08
42  26  9.30533e+08
42  27  1.03127e+09
42  28  1.2302e+09
42  29  1.38251e+09
42  30  1.21355e+09
42  31  1.82951e+09
42  32  1.73697e+09
42  33  2.33024e+09
42  34  2.61526e+09
42  35  3.72683e+09
42  36  3.46031e+09
42  37  2.62229e+09
42  38  2.00545e+09
42  39  2.32784e+09
42  40  3.39572e+09
42  41  3.22427e+09
42  42  2.94876e+09
42  43  3.24258e+09
42  44  2.90271e+09
42  45  2.15846e+09
42  46  2.00504e+09
42  47  1.23631e+09
42  48  8.05886e+08
42  49  6.11583e+08
42  50  3.68722e+08
43  0  1.9142e+09
43  1  2.19496e+09
43  2  1.94262e+09
43  3  1.44899e+09
43  4  1.8447e+09
43  5  1.56431e+09
43  6  1.52777e+09
43  7  1.34134e+09
43  8  1.35567e+09
43  9  1.44412e+09
43  10  1.42112e+09
43  11  1.31245e+09
43  12  1.28456e+09
43  13  1.306e+09
43  14  1.33371e+09
43  15  1.11212e+09
43  16  1.14157e+09
43  17  1.03315e+09
43  18  1.18958e+09
43  19  1.01325e+09
43  20  9.98216e+08
43  21  9.47996e+08
43  22  8.96002e+08
43  23  9.04945e+08
43  24  7.73843e+08
43  25  9.44276e+08
43  26  9.31456e+08
43  27  9.6262e+08
43  28  1.08497e+09
43  29  1.35007e+09
43  30  1.39708e+09
43  31  1.77983e+09
43  32  2.07634e+09
43  33  2.80091e+09
43  34  2.8435e+09
43  35  3.91687e+09
43  36  3.14633e+09
43  37  2.04968e+09
43  38  1.76411e+09
43  39  2.95205e+09
43  40  3.39963e+09
43  41  3.44472e+09
43  42  3.37269e+09
43  43  2.96128e+09
43  44  2.48377e+09
43  45  2.1134e+09
43  46  1.69634e+09
43  47  1.09313e+09
43  48  6.62274e+08
43  49  6.45777e+08
43  50  4.33221e+08
44  0  2.05949e+09
44  1  2.04474e+09
44  2  1.97412e+09
44  3  1.84253e+09
44  4  1.85239e+09
44  5  1.7011e+09
44  6  1.52662e+09
44  7  1.49327e+09
44  8  1.51599e+09
44  9  1.61712e+09
44  10  1.43003e+09
44  11  1.42365e+09
44  12  1.22676e+09
44  13  1.19235e+09
44  14  1.22942e+09
44  15  1.23173e+09
44  16  1.15385e+09
44  17  1.12497e+09
44  18  1.0615e+09
44  19  1.06241e+09
44  20  9.19057e+08
44  21  9.35398e+08
44  22  8.10351e+08
44  23  7.81035e+08
44  24  7.88151e+08
44  25  8.49509e+08
44  26  8.24352e+08
44  27  1.15585e+09
44  28  1.3146e+09
44  29  1.35841e+09
44  30  1.36072e+09
44  31  1.67135e+09
44  32  2.10843e+09
44  33  2.67971e+09
44  34  3.24243e+09
44  35  3.63362e+09
44  36  2.70451e+09
44  37  1.86589e+09
44  38  1.9585e+09
44  39  2.66392e+09
44  40  3.36207e+09
44  41  3.36206e+09
44  42  3.18309e+09
44  43  2.97506e+09
44  44  2.36103e+09
44  45  2.143e+09
44  46  1.76099e+09
44  47  9.89553e+08
44  48  6.96517e+08
44  49  6.22064e+08
44  50  4.09233e+08
45  0  1.80128e+09
45  1  1.81905e+09
45  2  2.05814e+09
45  3  1.8397e+09
45  4  1.91504e+09
45  5  1.63439e+09
45  6  1.4655e+09
45  7  1.5865e+09
45  8  1.39436e+09
45  9  1.55367e+09
45  10  1.46104e+09
45  11  1.33026e+09
45  12  1.33636e+09
45  13  1.18288e+09
45  14  1.11916e+09
45  15  1.12017e+09
45  16  1.09912e+09
45  17  1.04682e+09
45  18  1.13912e+09
45  19  9.18871e+08
45  20  9.92248e+08
45  21  7.88058e+08
45  22  7.88498e+08
45  23  7.03333e+08
45  24  8.4277e+08
45  25  8.90768e+08
45  26  9.28574e+08
45  27  1.18674e+09
45  28  1.21794e+09
45  29  1.34538e+09
45  30  1.56799e+09
45  31  1.57052e+09
45  32  2.29678e+09
45  33  2.78582e+09
45  34  2.75694e+09
45  35  3.67476e+09
45  36  2.74765e+09
45  37  1.83849e+09
45  38  1.59533e+09
45  39  2.2425e+09
45  40  3.35935e+09
45  41  3.46504e+09
45  42  3.27047e+09
45  43  3.34267e+09
45  44  2.24376e+09
45  45  2.48535e+09
45  46  2.019e+09
45  47  1.26042e+09
45  48  9.86225e+08
45  49  7.98084e+08
45  50  4.84519e+08
46  0  1.86511e+09
46  1  2.03916e+09
46  2  1.76602e+09
46  3  1.82512e+09
46  4  1.65735e+09
46  5  1.69592e+09
46  6  1.57739e+09
46  7  1.61849e+09
46  8  1.45934e+09
46  9  1.5857e+09
46  10  1.3714e+09
46  11  1.33828e+09
46  12  1.51033e+09
46  13  1.38389e+09
46  14  1.25109e+09
46  15  1.06014e+09
46  16  1.07541e+09
46  17  1.10453e+09
46  18  1.03844e+09
46  19  1.02385e+09
46  20  1.04182e+09
46  21  9.46846e+08
46  22  9.37127e+08
46  23  8.64542e+08
46  24  9.48558e+08
46  25  9.28399e+08
46  26  1.01063e+09
46  27  1.14487e+09
46  28  1.09102e+09
46  29  1.28092e+09
46  30  1.54571e+09
46  31  1.70984e+09
46  32  1.93889e+09
46  33  2.84461e+09
46  34  3.3735e+09
46  35  3.44569e+09
46  36  3.31293e+09
46  37  2.06178e+09
46  38  1.57005e+09
46  39  2.03315e+09
46  40  2.82345e+09
46  41  3.34621e+09
46  42  3.23395e+09
46  43  3.4923e+09
46  44  2.44293e+09
46  45  2.4107e+09
46  46  2.10075e+09
46  47  1.34915e+09
46  48  1.11895e+09
46  49  8.21317e+08
46  50  5.74264e+08
47  0  1.95938e+09
47  1  1.917e+09
47  2  1.94339e+09
47  3  1.96799e+09
47  4  1.82087e+09
47  5  1.781e+09
47  6  1.58831e+09
47  7  1.50597e+09
47  8  1.5109e+09
47  9  1.60444e+09
47  10  1.49633e+09
47  11  1.32703e+09
47  12  1.35121e+09
47  13  1.16813e+09
47  14  1.25412e+09
47  15  1.29222e+09
47  16  1.10853e+09
47  17  1.00879e+09
47  18  1.01064e+09
47  19  9.3239e+08
47  20  9.30112e+08
47  21  9.22779e+08
47  22  8.91435e+08
47  23  8.11751e+08
47  24  8.20413e+08
47  25  9.20485e+08
47  26  1.13241e+09
47  27  1.38899e+09
47  28  1.2785e+09
47  29  1.40994e+09
47  30  1.61194e+09
47  31  2.01584e+09
47  32  2.21103e+09
47  33  3.04759e+09
47  34  3.20506e+09
47  35  3.4572e+09
47  36  3.22288e+09
47  37  2.08089e+09
47  38  1.63518e+09
47  39  2.04928e+09
47  40  3.20483e+09
47  41  3.3405e+09
47  42  3.60585e+09
47  43  3.09651e+09
47  44  2.07239e+09
47  45  2.22578e+09
47  46  1.7794e+09
47  47  1.28146e+09
47  48  1.04703e+09
47  49  8.15468e+08
47  50  6.00186e+08
48  0  1.79402e+09
48  1  2.12443e+09
48  2  1.94358e+09
48  3  1.90402e+09
48  4  1.90719e+09
48  5  1.56741e+09
48  6  1.49652e+09
48  7  1.75955e+09
48  8  1.50309e+09
48  9  1.53702e+09
48  10  1.59389e+09
48  11  1.34007e+09
48  12  1.26942e+09
48  13  1.30188e+09
48  14  1.29171e+09
48  15  1.36469e+09
48  16  1.06958e+09
48  17  9.83774e+08
48  18  1.09934e+09
48  19  8.75902e+08
48  20  8.39002e+08
48  21  7.89787e+08
48  22  8.05295e+08
48  23  9.24377e+08
48  24  9.17744e+08
48  25  9.94929e+08
48  26  1.28019e+09
48  27  1.18548e+09
48  28  1.36347e+09
48  29  1.44304e+09
48  30  1.69234e+09
48  31  2.05049e+09
48  32  2.2776e+09
48  33  2.63537e+09
48  34  3.3655e+09
48  35  3.4254e+09
48  36  3.05047e+09
48  37  1.86961e+09
48  38  1.59909e+09
48  39  1.80114e+09
48  40  2.83988e+09
48  41  3.25355e+09
48  42  3.12695e+09
48  43  3.02262e+09
48  44  2.2864e+09
48  45  2.17617e+09
48  46  2.05423e+09
48  47  1.34839e+09
48  48  1.05357e+09
48  49  1.03481e+09
48  50  8.85074e+08
49  0  1.83864e+09
49  1  2.05303e+09
49  2  1.92765e+09
49  3  1.72907e+09
49  4  1.7053e+09
49  5  1.75859e+09
49  6  1.79993e+09
49  7  1.54647e+09
49  8  1.57424e+09
49  9  1.56934e+09
49  10  1.48553e+09
49  11  1.39785e+09
49  12  1.31868e+09
49  13  1.37008e+09
49  14  1.29006e+09
49  15  1.32021e+09
49  16  1.20031e+09
49  17  1.11847e+09
49  18  1.0666e+09
49  19  9.93337e+08
49  20  8.22328e+08
49  21  7.91425e+08
49  22  8.66446e+08
49  23  8.31836e+08
49  24  1.01925e+09
49  25  9.83286e+08
49  26  1.1819e+09
49  27  1.32685e+09
49  28  1.51353e+09
49  29  1.75956e+09
49  30  1.89355e+09
49  31  1.98192e+09
49  32  2.44025e+09
49  33  2.96813e+09
49  34  3.47157e+09
49  35  3.55544e+09
49  36  2.71561e+09
49  37  1.57401e+09
49  38  1.65844e+09
49  39  2.06801e+09
49  40  3.3509e+09
49  41  3.07157e+09
49  42  3.72505e+09
49  43  3.01347e+09
49  44  2.11547e+09
49  45  2.13752e+09
49  46  1.86024e+09
49  47  1.3679e+09
49  48  1.077e+09
49  49  9.79409e+08
49  50  7.2681e+08
50  0  1.87978e+09
50  1  1.77478e+09
50  2  1.70957e+09
50  3  1.63519e+09
50  4  1.74044e+09
50  5  1.55826e+09
50  6  1.67903e+09
50  7  1.52303e+09
50  8  1.57434e+09
50  9  1.54602e+09
50  10  1.63514e+09
50  11  1.48148e+09
50  12  1.50819e+09
50  13  1.31039e+09
50  14  1.36957e+09
50  15  1.13331e+09
50  16  9.59272e+08
50  17  1.05249e+09
50  18  8.85535e+08
50  19  9.84878e+08
50  20  9.40618e+08
50  21  8.48923e+08
50  22  8.84376e+08
50  23  8.57388e+08
50  24  1.01277e+09
50  25  1.048e+09
50  26  1.28334e+09
50  27  1.31409e+09
50  28  1.59872e+09
50  29  1.65223e+09
50  30  1.78204e+09
50  31  2.22556e+09
50  32  2.32869e+09
50  33  3.00575e+09
50  34  3.6501e+09
50  35  3.96262e+09
50  36  3.2889e+09
50  37  2.01916e+09
50  38  1.48869e+09
50  39  1.95328e+09
50  40  2.86811e+09
50  41  2.96065e+09
50  42  3.33206e+09
50  43  2.92174e+09
50  44  2.24609e+09
50  45  1.95441e+09
50  46  1.97316e+09
50  47  1.36237e+09
50  48  1.21024e+09
50  49  1.10376e+09
50  50  8.8192e+08

