row  column  (images_9.edf P_K*images_9.edf Ar_K**2.3)
0  0  0
0  1  0
0  2  0
0  3  0
0  4  0
0  5  0
0  6  0
0  7  0
0  8  0
0  9  0
0  10  0
0  11  0
0  12  0
0  13  0
0  14  0
0  15  0
0  16  0
0  17  0
0  18  0
0  19  0
0  20  0
0  21  0
0  22  0
0  23  0
0  24  0
0  25  0
0  26  0
0  27  0
0  28  0
0  29  0
0  30  0
0  31  0
0  32  0
0  33  0
0  34  2.61295e+07
0  35  0
0  36  5.46978e+07
0  37  0
0  38  7.04199e+07
0  39  7.87929e+07
0  40  9.55366e+07
0  41  1.30143e+08
0  42  5.48189e+07
0  43  6.25442e+07
0  44  7.81964e+07
0  45  7.70806e+07
0  46  3.99507e+07
0  47  7.42834e+07
0  48  4.02093e+07
0  49  9.58597e+07
0  50  4.9664e+07
1  0  0
1  1  0
1  2  0
1  3  0
1  4  0
1  5  0
1  6  0
1  7  0
1  8  0
1  9  0
1  10  0
1  11  0
1  12  0
1  13  0
1  14  0
1  15  0
1  16  0
1  17  0
1  18  0
1  19  0
1  20  0
1  21  0
1  22  0
1  23  0
1  24  0
1  25  0
1  26  0
1  27  0
1  28  0
1  29  0
1  30  0
1  31  0
1  32  0
1  33  0
1  34  6.75173e+07
1  35  0
1  36  6.37473e+07
1  37  8.52037e+07
1  38  6.53396e+07
1  39  6.10677e+07
1  40  9.82975e+07
1  41  1.07835e+08
1  42  7.13575e+07
1  43  5.24402e+07
1  44  1.00609e+08
1  45  7.45172e+07
1  46  5.9998e+07
1  47  2.37943e+07
1  48  8.8401e+07
1  49  8.11772e+07
1  50  8.78984e+07
2  0  0
2  1  0
2  2  0
2  3  0
2  4  0
2  5  0
2  6  0
2  7  0
2  8  0
2  9  0
2  10  0
2  11  0
2  12  0
2  13  0
2  14  0
2  15  0
2  16  0
2  17  0
2  18  0
2  19  0
2  20  0
2  21  0
2  22  0
2  23  0
2  24  0
2  25  0
2  26  0
2  27  0
2  28  0
2  29  0
2  30  0
2  31  0
2  32  0
2  33  0
2  34  0
2  35  0
2  36  7.2441e+07
2  37  0
2  38  4.58875e+07
2  39  9.6651e+07
2  40  5.62749e+07
2  41  8.00696e+07
2  42  5.8053e+07
2  43  5.39605e+07
2  44  8.18087e+07
2  45  8.57945e+07
2  46  7.13585e+07
2  47  1.05817e+08
2  48  8.84504e+07
2  49  5.68076e+07
2  50  3.55148e+07
3  0  0
3  1  0
3  2  0
3  3  0
3  4  0
3  5  0
3  6  0
3  7  0
3  8  0
3  9  0
3  10  0
3  11  0
3  12  0
3  13  0
3  14  0
3  15  0
3  16  0
3  17  0
3  18  0
3  19  0
3  20  0
3  21  0
3  22  0
3  23  0
3  24  0
3  25  0
3  26  0
3  27  0
3  28  0
3  29  0
3  30  0
3  31  0
3  32  0
3  33  0
3  34  0
3  35  0
3  36  4.43066e+07
3  37  0
3  38  4.46887e+07
3  39  6.69322e+07
3  40  1.03147e+08
3  41  7.00975e+07
3  42  4.46282e+07
3  43  4.87552e+07
3  44  4.71866e+07
3  45  7.42517e+07
3  46  5.75722e+07
3  47  1.99479e+07
3  48  1.18571e+08
3  49  6.7674e+07
3  50  6.52821e+07
4  0  0
4  1  0
4  2  0
4  3  0
4  4  0
4  5  0
4  6  0
4  7  0
4  8  0
4  9  0
4  10  0
4  11  0
4  12  0
4  13  0
4  14  0
4  15  0
4  16  0
4  17  0
4  18  0
4  19  0
4  20  0
4  21  0
4  22  0
4  23  0
4  24  0
4  25  0
4  26  0
4  27  0
4  28  0
4  29  0
4  30  0
4  31  0
4  32  0
4  33  0
4  34  0
4  35  0
4  36  3.65637e+07
4  37  8.04778e+07
4  38  4.01318e+07
4  39  6.13121e+07
4  40  5.98891e+07
4  41  6.96628e+07
4  42  7.46152e+07
4  43  0
4  44  4.98897e+07
4  45  5.50812e+07
4  46  0
4  47  7.81642e+07
4  48  7.7148e+07
4  49  7.00954e+07
4  50  5.28535e+07
5  0  0
5  1  0
5  2  0
5  3  0
5  4  0
5  5  0
5  6  0
5  7  3.08537e+07
5  8  3.42819e+07
5  9  0
5  10  0
5  11  0
5  12  0
5  13  0
5  14  0
5  15  0
5  16  0
5  17  0
5  18  0
5  19  0
5  20  0
5  21  0
5  22  0
5  23  0
5  24  0
5  25  0
5  26  0
5  27  0
5  28  0
5  29  0
5  30  0
5  31  0
5  32  0
5  33  0
5  34  0
5  35  0
5  36  3.46233e+07
5  37  3.99867e+07
5  38  6.30098e+07
5  39  6.46027e+07
5  40  6.77007e+07
5  41  9.57327e+07
5  42  0
5  43  0
5  44  4.20742e+07
5  45  3.82903e+07
5  46  6.17852e+07
5  47  0
5  48  6.13258e+07
5  49  1.51339e+08
5  50  6.52009e+07
6  0  1.16774e+07
6  1  0
6  2  0
6  3  0
6  4  0
6  5  0
6  6  0
6  7  0
6  8  3.72673e+07
6  9  0
6  10  5.86782e+06
6  11  0
6  12  0
6  13  0
6  14  0
6  15  0
6  16  0
6  17  0
6  18  0
6  19  0
6  20  0
6  21  0
6  22  0
6  23  0
6  24  0
6  25  0
6  26  0
6  27  0
6  28  0
6  29  0
6  30  0
6  31  0
6  32  0
6  33  0
6  34  0
6  35  0
6  36  0
6  37  5.96388e+07
6  38  0
6  39  3.18098e+07
6  40  6.17815e+07
6  41  6.2597e+07
6  42  4.21862e+07
6  43  3.71484e+07
6  44  4.16549e+07
6  45  3.33286e+07
6  46  0
6  47  6.0887e+07
6  48  1.23112e+08
6  49  6.98067e+07
6  50  2.95008e+07
7  0  3.30617e+07
7  1  0
7  2  0
7  3  0
7  4  0
7  5  0
7  6  0
7  7  0
7  8  0
7  9  0
7  10  0
7  11  3.16227e+07
7  12  0
7  13  0
7  14  0
7  15  0
7  16  0
7  17  0
7  18  0
7  19  0
7  20  0
7  21  0
7  22  0
7  23  0
7  24  0
7  25  0
7  26  0
7  27  0
7  28  0
7  29  0
7  30  0
7  31  0
7  32  0
7  33  0
7  34  0
7  35  0
7  36  0
7  37  0
7  38  0
7  39  0
7  40  5.28774e+07
7  41  7.32654e+07
7  42  7.49073e+07
7  43  3.62147e+07
7  44  3.76315e+07
7  45  3.50139e+07
7  46  0
7  47  2.71845e+07
7  48  9.90353e+07
7  49  1.06928e+08
7  50  7.8936e+07
8  0  0
8  1  0
8  2  0
8  3  0
8  4  0
8  5  0
8  6  0
8  7  0
8  8  0
8  9  0
8  10  0
8  11  0
8  12  0
8  13  0
8  14  0
8  15  0
8  16  0
8  17  0
8  18  0
8  19  0
8  20  0
8  21  0
8  22  0
8  23  0
8  24  0
8  25  0
8  26  0
8  27  0
8  28  0
8  29  0
8  30  3.82348e+06
8  31  0
8  32  0
8  33  0
8  34  0
8  35  0
8  36  0
8  37  3.63552e+07
8  38  0
8  39  0
8  40  5.15771e+07
8  41  4.41698e+07
8  42  6.65394e+07
8  43  4.84496e+07
8  44  0
8  45  0
8  46  0
8  47  0
8  48  5.35277e+07
8  49  9.16596e+07
8  50  3.79998e+07
9  0  0
9  1  0
9  2  0
9  3  0
9  4  0
9  5  0
9  6  0
9  7  0
9  8  4.32646e+07
9  9  0
9  10  0
9  11  0
9  12  0
9  13  0
9  14  0
9  15  0
9  16  0
9  17  0
9  18  0
9  19  0
9  20  0
9  21  0
9  22  0
9  23  0
9  24  0
9  25  0
9  26  0
9  27  0
9  28  3.58798e+07
9  29  0
9  30  7.00416e+06
9  31  0
9  32  0
9  33  0
9  34  0
9  35  0
9  36  0
9  37  0
9  38  0
9  39  0
9  40  6.5491e+07
9  41  0
9  42  0
9  43  0
9  44  8.68788e+06
9  45  4.90125e+07
9  46  0
9  47  4.35212e+07
9  48  7.26668e+07
9  49  8.7856e+07
9  50  1.04628e+08
10  0  0
10  1  0
10  2  0
10  3  0
10  4  0
10  5  0
10  6  0
10  7  0
10  8  0
10  9  0
10  10  0
10  11  4.25389e+07
10  12  2.41567e+07
10  13  0
10  14  0
10  15  0
10  16  0
10  17  0
10  18  0
10  19  0
10  20  0
10  21  0
10  22  0
10  23  0
10  24  0
10  25  0
10  26  0
10  27  0
10  28  4.77694e+07
10  29  0
10  30  0
10  31  2.98439e+07
10  32  0
10  33  0
10  34  0
10  35  0
10  36  0
10  37  5.07363e+07
10  38  3.93473e+07
10  39  4.39363e+07
10  40  4.93771e+07
10  41  5.29473e+07
10  42  7.58294e+07
10  43  6.59824e+07
10  44  9.79698e+07
10  45  0
10  46  0
10  47  0
10  48  4.90381e+07
10  49  8.3633e+07
10  50  8.81137e+07
11  0  0
11  1  0
11  2  0
11  3  0
11  4  0
11  5  0
11  6  0
11  7  0
11  8  4.36486e+07
11  9  3.84557e+07
11  10  0
11  11  0
11  12  0
11  13  0
11  14  0
11  15  0
11  16  0
11  17  0
11  18  0
11  19  0
11  20  0
11  21  0
11  22  0
11  23  0
11  24  0
11  25  0
11  26  0
11  27  3.00269e+07
11  28  2.92418e+07
11  29  5.59076e+07
11  30  2.74485e+07
11  31  3.46736e+07
11  32  0
11  33  0
11  34  0
11  35  0
11  36  0
11  37  2.95883e+07
11  38  3.62696e+07
11  39  0
11  40  0
11  41  6.06429e+07
11  42  0
11  43  0
11  44  0
11  45  0
11  46  0
11  47  0
11  48  0
11  49  2.54584e+07
11  50  9.70099e+07
12  0  0
12  1  0
12  2  0
12  3  0
12  4  0
12  5  0
12  6  0
12  7  0
12  8  2.9711e+07
12  9  0
12  10  0
12  11  0
12  12  0
12  13  0
12  14  0
12  15  4.73963e+07
12  16  0
12  17  0
12  18  0
12  19  2.59662e+07
12  20  0
12  21  0
12  22  0
12  23  0
12  24  0
12  25  0
12  26  0
12  27  0
12  28  0
12  29  0
12  30  7.80851e+06
12  31  0
12  32  0
12  33  0
12  34  0
12  35  0
12  36  0
12  37  3.82413e+07
12  38  8.42962e+06
12  39  0
12  40  4.25873e+07
12  41  2.51977e+07
12  42  6.74972e+07
12  43  6.78245e+07
12  44  4.27979e+07
12  45  0
12  46  0
12  47  4.52955e+07
12  48  0
12  49  7.59714e+07
12  50  1.09138e+08
13  0  0
13  1  0
13  2  0
13  3  0
13  4  0
13  5  0
13  6  0
13  7  0
13  8  0
13  9  0
13  10  3.91863e+07
13  11  0
13  12  0
13  13  0
13  14  0
13  15  0
13  16  0
13  17  0
13  18  0
13  19  0
13  20  0
13  21  0
13  22  0
13  23  0
13  24  0
13  25  0
13  26  3.48291e+07
13  27  3.40112e+07
13  28  6.02207e+07
13  29  4.90953e+07
13  30  0
13  31  0
13  32  0
13  33  0
13  34  0
13  35  0
13  36  0
13  37  0
13  38  2.94313e+07
13  39  4.05182e+07
13  40  0
13  41  7.31372e+07
13  42  7.53795e+07
13  43  4.01231e+07
13  44  7.18729e+07
13  45  0
13  46  0
13  47  0
13  48  3.45924e+07
13  49  5.75827e+07
13  50  4.62031e+07
14  0  0
14  1  0
14  2  0
14  3  0
14  4  0
14  5  0
14  6  0
14  7  0
14  8  0
14  9  0
14  10  2.84526e+07
14  11  0
14  12  0
14  13  0
14  14  0
14  15  0
14  16  0
14  17  0
14  18  0
14  19  0
14  20  3.49312e+07
14  21  4.18249e+07
14  22  0
14  23  0
14  24  0
14  25  0
14  26  0
14  27  4.23157e+07
14  28  2.59736e+07
14  29  4.67892e+07
14  30  1.31788e+07
14  31  7.78311e+07
14  32  0
14  33  1.59185e+07
14  34  0
14  35  0
14  36  0
14  37  3.51743e+07
14  38  0
14  39  0
14  40  3.46949e+07
14  41  4.8316e+07
14  42  6.86248e+07
14  43  6.95377e+07
14  44  0
14  45  6.47082e+06
14  46  0
14  47  0
14  48  0
14  49  3.70962e+07
14  50  4.70051e+07
15  0  1.04259e+07
15  1  0
15  2  0
15  3  0
15  4  0
15  5  0
15  6  0
15  7  0
15  8  0
15  9  3.68105e+07
15  10  0
15  11  0
15  12  0
15  13  0
15  14  0
15  15  0
15  16  0
15  17  0
15  18  0
15  19  0
15  20  0
15  21  0
15  22  0
15  23  0
15  24  0
15  25  0
15  26  0
15  27  0
15  28  6.86158e+07
15  29  0
15  30  5.33543e+07
15  31  0
15  32  3.37065e+07
15  33  3.75999e+07
15  34  0
15  35  0
15  36  0
15  37  0
15  38  0
15  39  4.76595e+07
15  40  2.91619e+07
15  41  0
15  42  7.69057e+07
15  43  5.03694e+07
15  44  0
15  45  4.30159e+07
15  46  0
15  47  0
15  48  0
15  49  0
15  50  0
16  0  0
16  1  0
16  2  0
16  3  0
16  4  0
16  5  0
16  6  0
16  7  0
16  8  0
16  9  0
16  10  3.19112e+07
16  11  0
16  12  0
16  13  0
16  14  0
16  15  0
16  16  0
16  17  0
16  18  0
16  19  3.9694e+07
16  20  3.12611e+07
16  21  7.03372e+07
16  22  3.32458e+07
16  23  0
16  24  3.46491e+07
16  25  0
16  26  0
16  27  0
16  28  5.28865e+07
16  29  0
16  30  2.39384e+07
16  31  2.51748e+07
16  32  0
16  33  3.81947e+07
16  34  0
16  35  0
16  36  0
16  37  0
16  38  0
16  39  0
16  40  3.3448e+07
16  41  0
16  42  3.61751e+07
16  43  6.08517e+07
16  44  4.4557e+07
16  45  3.97141e+07
16  46  4.68588e+07
16  47  0
16  48  0
16  49  0
16  50  7.63744e+06
17  0  0
17  1  0
17  2  0
17  3  0
17  4  0
17  5  0
17  6  0
17  7  0
17  8  0
17  9  0
17  10  0
17  11  0
17  12  0
17  13  0
17  14  0
17  15  0
17  16  0
17  17  0
17  18  0
17  19  3.0476e+07
17  20  5.75433e+07
17  21  9.89639e+06
17  22  0
17  23  0
17  24  0
17  25  0
17  26  0
17  27  0
17  28  0
17  29  8.18991e+07
17  30  6.54946e+07
17  31  1.31594e+07
17  32  0
17  33  0
17  34  0
17  35  0
17  36  0
17  37  3.7039e+07
17  38  3.49854e+07
17  39  0
17  40  0
17  41  2.77805e+07
17  42  5.60954e+07
17  43  3.70814e+07
17  44  1.51731e+07
17  45  0
17  46  0
17  47  0
17  48  3.29963e+07
17  49  0
17  50  0
18  0  0
18  1  0
18  2  0
18  3  0
18  4  0
18  5  0
18  6  0
18  7  0
18  8  0
18  9  0
18  10  0
18  11  0
18  12  0
18  13  0
18  14  0
18  15  0
18  16  0
18  17  0
18  18  3.62783e+06
18  19  4.00629e+07
18  20  3.93779e+07
18  21  3.77518e+07
18  22  0
18  23  0
18  24  0
18  25  0
18  26  0
18  27  4.21017e+07
18  28  4.6409e+07
18  29  7.79869e+07
18  30  6.7351e+07
18  31  0
18  32  0
18  33  0
18  34  0
18  35  0
18  36  2.09479e+07
18  37  0
18  38  0
18  39  0
18  40  0
18  41  2.9525e+07
18  42  0
18  43  2.83972e+07
18  44  3.30902e+07
18  45  4.7337e+07
18  46  3.0553e+07
18  47  0
18  48  0
18  49  0
18  50  0
19  0  0
19  1  0
19  2  0
19  3  0
19  4  0
19  5  0
19  6  0
19  7  0
19  8  0
19  9  0
19  10  0
19  11  0
19  12  0
19  13  0
19  14  2.74423e+07
19  15  0
19  16  0
19  17  0
19  18  3.86878e+07
19  19  0
19  20  4.39277e+07
19  21  0
19  22  3.5063e+07
19  23  0
19  24  0
19  25  0
19  26  0
19  27  5.04112e+06
19  28  2.8598e+07
19  29  0
19  30  2.29083e+07
19  31  5.28401e+07
19  32  5.18688e+07
19  33  4.39736e+07
19  34  0
19  35  0
19  36  0
19  37  3.02595e+07
19  38  0
19  39  0
19  40  0
19  41  4.49634e+07
19  42  0
19  43  0
19  44  0
19  45  0
19  46  0
19  47  0
19  48  0
19  49  0
19  50  0
20  0  0
20  1  0
20  2  0
20  3  0
20  4  0
20  5  0
20  6  0
20  7  0
20  8  0
20  9  3.05699e+07
20  10  0
20  11  0
20  12  0
20  13  2.94226e+07
20  14  0
20  15  0
20  16  0
20  17  0
20  18  3.76737e+07
20  19  0
20  20  5.02663e+07
20  21  0
20  22  2.61433e+07
20  23  0
20  24  0
20  25  0
20  26  0
20  27  4.06195e+07
20  28  4.71555e+07
20  29  6.9268e+07
20  30  8.29058e+07
20  31  7.07604e+07
20  32  0
20  33  4.1678e+07
20  34  0
20  35  0
20  36  0
20  37  0
20  38  0
20  39  0
20  40  0
20  41  0
20  42  3.3028e+07
20  43  0
20  44  0
20  45  0
20  46  0
20  47  0
20  48  0
20  49  0
20  50  0
21  0  0
21  1  0
21  2  0
21  3  0
21  4  0
21  5  0
21  6  0
21  7  0
21  8  0
21  9  0
21  10  0
21  11  0
21  12  3.18206e+07
21  13  2.26481e+07
21  14  0
21  15  4.31979e+07
21  16  0
21  17  0
21  18  5.79726e+07
21  19  8.44385e+07
21  20  5.79043e+07
21  21  0
21  22  5.01857e+07
21  23  4.56177e+07
21  24  0
21  25  0
21  26  0
21  27  6.05011e+07
21  28  4.44149e+07
21  29  4.85278e+07
21  30  6.58048e+07
21  31  6.45339e+07
21  32  4.13295e+07
21  33  0
21  34  0
21  35  0
21  36  1.61039e+06
21  37  5.15946e+07
21  38  0
21  39  0
21  40  0
21  41  0
21  42  0
21  43  0
21  44  0
21  45  0
21  46  0
21  47  0
21  48  0
21  49  0
21  50  0
22  0  0
22  1  0
22  2  0
22  3  0
22  4  0
22  5  0
22  6  0
22  7  2.63614e+07
22  8  0
22  9  4.13916e+07
22  10  3.41329e+07
22  11  0
22  12  0
22  13  0
22  14  7.73167e+07
22  15  3.9585e+07
22  16  0
22  17  3.62752e+07
22  18  7.14722e+07
22  19  4.57336e+07
22  20  0
22  21  0
22  22  0
22  23  0
22  24  0
22  25  3.42357e+07
22  26  0
22  27  6.10757e+07
22  28  7.63559e+07
22  29  4.03998e+07
22  30  1.31844e+07
22  31  0
22  32  4.62562e+07
22  33  5.74405e+07
22  34  0
22  35  0
22  36  0
22  37  5.29565e+07
22  38  7.13458e+07
22  39  0
22  40  0
22  41  0
22  42  0
22  43  0
22  44  0
22  45  0
22  46  0
22  47  0
22  48  0
22  49  0
22  50  0
23  0  0
23  1  0
23  2  0
23  3  0
23  4  0
23  5  0
23  6  0
23  7  3.59651e+07
23  8  0
23  9  0
23  10  0
23  11  0
23  12  0
23  13  0
23  14  4.07993e+07
23  15  5.49624e+07
23  16  6.56512e+07
23  17  3.60601e+07
23  18  0
23  19  4.49664e+07
23  20  4.60009e+07
23  21  0
23  22  5.6505e+06
23  23  3.14924e+07
23  24  0
23  25  3.3599e+07
23  26  5.3409e+07
23  27  7.21358e+07
23  28  8.80998e+07
23  29  7.4945e+07
23  30  4.87899e+07
23  31  4.36026e+07
23  32  4.52244e+07
23  33  5.65155e+07
23  34  0
23  35  4.79868e+07
23  36  0
23  37  0
23  38  0
23  39  0
23  40  0
23  41  0
23  42  0
23  43  0
23  44  0
23  45  0
23  46  0
23  47  0
23  48  0
23  49  0
23  50  0
24  0  0
24  1  0
24  2  0
24  3  0
24  4  0
24  5  0
24  6  0
24  7  9.37823e+06
24  8  0
24  9  0
24  10  0
24  11  0
24  12  0
24  13  0
24  14  5.02207e+07
24  15  3.07615e+07
24  16  5.79964e+07
24  17  6.15638e+07
24  18  5.4816e+07
24  19  3.60102e+07
24  20  3.03856e+07
24  21  4.04493e+07
24  22  2.9722e+07
24  23  0
24  24  0
24  25  3.99965e+07
24  26  5.93024e+07
24  27  4.34937e+07
24  28  6.91441e+07
24  29  5.061e+07
24  30  5.70739e+07
24  31  3.99735e+07
24  32  0
24  33  3.57187e+07
24  34  4.43799e+07
24  35  0
24  36  0
24  37  0
24  38  2.81291e+07
24  39  0
24  40  0
24  41  0
24  42  0
24  43  0
24  44  0
24  45  0
24  46  0
24  47  0
24  48  0
24  49  0
24  50  0
25  0  0
25  1  0
25  2  0
25  3  0
25  4  0
25  5  0
25  6  0
25  7  0
25  8  1.0277e+07
25  9  0
25  10  0
25  11  5.93645e+07
25  12  0
25  13  0
25  14  0
25  15  7.54306e+07
25  16  5.61851e+07
25  17  2.84215e+07
25  18  3.84684e+07
25  19  3.48256e+07
25  20  0
25  21  0
25  22  3.44659e+07
25  23  2.96084e+07
25  24  0
25  25  4.75085e+07
25  26  7.08498e+07
25  27  8.69896e+07
25  28  6.60679e+07
25  29  9.38867e+07
25  30  7.82045e+07
25  31  5.13052e+07
25  32  8.63963e+07
25  33  6.25059e+07
25  34  4.25604e+07
25  35  0
25  36  4.08224e+07
25  37  4.13532e+07
25  38  0
25  39  3.93178e+07
25  40  0
25  41  0
25  42  4.48351e+07
25  43  0
25  44  0
25  45  0
25  46  0
25  47  0
25  48  0
25  49  0
25  50  0
26  0  0
26  1  0
26  2  0
26  3  0
26  4  0
26  5  0
26  6  0
26  7  0
26  8  3.68617e+06
26  9  0
26  10  0
26  11  2.80163e+07
26  12  0
26  13  0
26  14  0
26  15  3.6318e+07
26  16  6.18865e+07
26  17  0
26  18  5.39722e+07
26  19  0
26  20  0
26  21  4.62619e+07
26  22  0
26  23  0
26  24  3.15515e+07
26  25  4.73599e+07
26  26  4.97171e+07
26  27  6.92708e+07
26  28  6.53157e+07
26  29  6.69493e+07
26  30  5.85057e+07
26  31  2.74781e+07
26  32  6.92724e+07
26  33  7.32727e+07
26  34  0
26  35  3.99553e+07
26  36  0
26  37  5.3282e+07
26  38  0
26  39  0
26  40  0
26  41  0
26  42  3.10253e+07
26  43  0
26  44  0
26  45  0
26  46  0
26  47  0
26  48  0
26  49  0
26  50  0
27  0  0
27  1  0
27  2  0
27  3  0
27  4  0
27  5  0
27  6  0
27  7  2.53558e+07
27  8  0
27  9  0
27  10  0
27  11  0
27  12  0
27  13  0
27  14  0
27  15  4.13302e+07
27  16  0
27  17  2.53374e+07
27  18  0
27  19  0
27  20  1.02279e+07
27  21  0
27  22  3.97364e+07
27  23  0
27  24  4.62989e+07
27  25  7.91813e+07
27  26  7.6713e+07
27  27  4.42088e+07
27  28  1.0008e+08
27  29  9.73238e+07
27  30  6.55153e+07
27  31  5.53985e+07
27  32  6.22634e+07
27  33  5.52363e+07
27  34  6.6204e+07
27  35  3.91552e+07
27  36  6.35751e+07
27  37  0
27  38  8.97832e+07
27  39  3.79827e+07
27  40  0
27  41  2.00141e+07
27  42  0
27  43  0
27  44  0
27  45  0
27  46  0
27  47  0
27  48  0
27  49  0
27  50  0
28  0  0
28  1  0
28  2  0
28  3  0
28  4  0
28  5  0
28  6  2.19262e+07
28  7  0
28  8  0
28  9  0
28  10  0
28  11  0
28  12  0
28  13  0
28  14  4.3706e+06
28  15  0
28  16  5.74345e+07
28  17  3.23043e+07
28  18  0
28  19  0
28  20  0
28  21  2.45676e+07
28  22  5.64576e+07
28  23  2.97203e+07
28  24  5.84675e+07
28  25  3.41553e+07
28  26  6.74402e+07
28  27  6.8159e+07
28  28  8.39076e+07
28  29  3.89621e+07
28  30  0
28  31  7.22503e+07
28  32  3.56711e+07
28  33  0
28  34  7.96569e+07
28  35  0
28  36  2.84988e+07
28  37  0
28  38  0
28  39  0
28  40  3.39844e+07
28  41  0
28  42  0
28  43  0
28  44  0
28  45  0
28  46  0
28  47  0
28  48  0
28  49  0
28  50  0
29  0  0
29  1  0
29  2  0
29  3  0
29  4  4.68904e+07
29  5  0
29  6  0
29  7  0
29  8  3.34661e+07
29  9  2.66392e+07
29  10  2.35925e+07
29  11  0
29  12  0
29  13  0
29  14  0
29  15  0
29  16  0
29  17  0
29  18  0
29  19  3.24766e+07
29  20  0
29  21  2.97253e+07
29  22  3.56566e+07
29  23  4.32983e+07
29  24  2.62367e+06
29  25  2.78642e+07
29  26  2.72132e+07
29  27  5.7378e+07
29  28  3.9482e+07
29  29  1.82058e+07
29  30  7.02444e+07
29  31  4.63115e+07
29  32  3.42456e+07
29  33  8.49231e+07
29  34  5.76803e+07
29  35  6.77907e+07
29  36  8.03639e+07
29  37  7.84014e+07
29  38  3.79313e+07
29  39  0
29  40  3.93285e+07
29  41  3.91361e+07
29  42  0
29  43  3.8401e+07
29  44  0
29  45  0
29  46  0
29  47  0
29  48  0
29  49  0
29  50  0
30  0  0
30  1  0
30  2  0
30  3  0
30  4  0
30  5  0
30  6  3.02006e+07
30  7  0
30  8  0
30  9  2.38119e+07
30  10  0
30  11  0
30  12  0
30  13  0
30  14  0
30  15  0
30  16  0
30  17  0
30  18  0
30  19  2.78925e+07
30  20  0
30  21  2.97072e+07
30  22  1.72767e+07
30  23  5.96614e+07
30  24  8.46429e+07
30  25  4.74927e+07
30  26  5.48603e+07
30  27  6.44898e+07
30  28  8.11217e+07
30  29  0
30  30  0
30  31  6.3894e+07
30  32  5.97357e+07
30  33  5.99531e+07
30  34  7.05772e+07
30  35  6.44284e+07
30  36  5.10142e+07
30  37  3.75922e+07
30  38  4.37991e+07
30  39  3.53065e+07
30  40  6.22324e+07
30  41  6.62708e+07
30  42  5.83274e+06
30  43  0
30  44  0
30  45  0
30  46  0
30  47  0
30  48  0
30  49  0
30  50  0
31  0  0
31  1  0
31  2  0
31  3  0
31  4  0
31  5  3.01575e+07
31  6  0
31  7  0
31  8  0
31  9  0
31  10  0
31  11  1.06474e+06
31  12  0
31  13  0
31  14  0
31  15  0
31  16  5.40146e+07
31  17  0
31  18  4.40671e+07
31  19  2.42672e+07
31  20  6.26329e+07
31  21  0
31  22  4.49966e+07
31  23  7.50756e+07
31  24  6.61131e+07
31  25  5.87503e+07
31  26  5.96962e+07
31  27  6.0495e+07
31  28  6.65231e+07
31  29  7.16717e+06
31  30  5.90854e+07
31  31  4.44319e+07
31  32  6.77541e+07
31  33  6.62133e+07
31  34  8.93645e+07
31  35  7.40412e+07
31  36  8.50441e+07
31  37  4.74435e+07
31  38  0
31  39  0
31  40  7.40879e+07
31  41  0
31  42  3.29741e+07
31  43  5.46351e+07
31  44  8.32785e+06
31  45  0
31  46  0
31  47  0
31  48  0
31  49  0
31  50  0
32  0  0
32  1  0
32  2  0
32  3  0
32  4  0
32  5  4.69343e+07
32  6  2.80229e+07
32  7  3.33116e+07
32  8  0
32  9  0
32  10  3.08228e+07
32  11  0
32  12  3.70127e+07
32  13  0
32  14  0
32  15  0
32  16  3.39999e+07
32  17  3.36398e+07
32  18  0
32  19  5.25497e+07
32  20  0
32  21  5.7366e+07
32  22  7.06479e+07
32  23  7.62469e+07
32  24  7.00755e+07
32  25  7.71259e+07
32  26  7.61041e+07
32  27  7.53407e+07
32  28  4.4859e+07
32  29  6.75719e+07
32  30  5.46768e+07
32  31  4.38018e+07
32  32  8.4633e+07
32  33  4.23595e+07
32  34  8.23947e+07
32  35  1.00187e+08
32  36  8.11006e+07
32  37  5.33692e+07
32  38  0
32  39  0
32  40  4.33857e+07
32  41  4.13226e+07
32  42  4.8611e+07
32  43  0
32  44  0
32  45  0
32  46  0
32  47  0
32  48  0
32  49  0
32  50  0
33  0  0
33  1  0
33  2  0
33  3  0
33  4  0
33  5  2.72662e+07
33  6  5.48377e+07
33  7  0
33  8  6.67994e+06
33  9  5.44723e+07
33  10  0
33  11  2.82447e+07
33  12  3.87783e+07
33  13  0
33  14  0
33  15  0
33  16  0
33  17  4.28463e+07
33  18  4.24834e+07
33  19  0
33  20  4.87925e+07
33  21  0
33  22  5.64287e+07
33  23  5.3471e+07
33  24  6.60703e+07
33  25  4.30386e+07
33  26  3.83504e+07
33  27  3.90217e+07
33  28  4.41209e+07
33  29  5.68793e+07
33  30  6.32477e+07
33  31  6.56949e+07
33  32  6.87769e+07
33  33  9.46157e+07
33  34  8.72804e+07
33  35  5.58416e+07
33  36  4.62319e+07
33  37  4.52679e+07
33  38  1.17865e+07
33  39  1.56283e+07
33  40  4.39479e+07
33  41  6.30835e+07
33  42  8.37285e+07
33  43  5.44879e+07
33  44  3.87673e+07
33  45  0
33  46  0
33  47  0
33  48  0
33  49  0
33  50  0
34  0  0
34  1  0
34  2  0
34  3  0
34  4  4.63437e+07
34  5  6.92506e+07
34  6  5.19104e+07
34  7  3.3362e+07
34  8  4.51974e+07
34  9  4.56378e+07
34  10  4.56168e+07
34  11  0
34  12  0
34  13  0
34  14  0
34  15  2.84481e+07
34  16  4.12385e+07
34  17  0
34  18  3.78369e+07
34  19  3.44368e+07
34  20  0
34  21  6.09963e+07
34  22  5.63181e+07
34  23  9.75836e+07
34  24  7.8252e+07
34  25  4.0938e+07
34  26  6.60702e+07
34  27  4.92973e+07
34  28  4.04962e+07
34  29  1.15398e+08
34  30  8.67376e+07
34  31  6.01286e+07
34  32  8.21248e+07
34  33  8.33279e+07
34  34  5.24696e+07
34  35  1.24341e+08
34  36  5.45137e+07
34  37  5.13111e+07
34  38  4.83478e+07
34  39  6.91411e+07
34  40  5.29781e+07
34  41  8.77723e+07
34  42  4.04948e+07
34  43  4.11846e+07
34  44  0
34  45  0
34  46  0
34  47  0
34  48  0
34  49  0
34  50  0
35  0  0
35  1  0
35  2  0
35  3  0
35  4  3.01838e+07
35  5  8.06892e+07
35  6  6.12367e+07
35  7  4.26485e+07
35  8  3.76132e+07
35  9  4.58488e+07
35  10  0
35  11  3.11103e+07
35  12  0
35  13  0
35  14  3.15424e+07
35  15  0
35  16  6.39294e+07
35  17  5.31982e+07
35  18  0
35  19  4.19302e+07
35  20  3.54745e+07
35  21  6.76776e+07
35  22  8.27517e+07
35  23  7.05105e+07
35  24  1.07358e+08
35  25  5.24754e+07
35  26  4.48421e+07
35  27  8.87863e+07
35  28  4.36137e+06
35  29  5.80813e+07
35  30  3.90936e+07
35  31  9.13096e+07
35  32  8.93583e+07
35  33  9.37181e+07
35  34  7.95384e+07
35  35  6.85818e+07
35  36  6.62337e+07
35  37  6.01557e+07
35  38  5.00308e+07
35  39  5.04082e+07
35  40  6.58106e+07
35  41  6.25998e+07
35  42  6.5094e+07
35  43  6.76475e+07
35  44  0
35  45  0
35  46  0
35  47  0
35  48  0
35  49  0
35  50  0
36  0  0
36  1  0
36  2  0
36  3  0
36  4  4.73494e+07
36  5  6.2056e+07
36  6  0
36  7  4.99863e+07
36  8  4.6391e+07
36  9  0
36  10  0
36  11  4.08521e+07
36  12  3.29e+07
36  13  3.45796e+07
36  14  0
36  15  3.27454e+07
36  16  3.23332e+07
36  17  5.45185e+07
36  18  4.4007e+07
36  19  4.23432e+07
36  20  3.75413e+07
36  21  6.11189e+07
36  22  4.34772e+07
36  23  8.68527e+07
36  24  5.66109e+07
36  25  6.28541e+07
36  26  5.03424e+07
36  27  8.92882e+07
36  28  1.11335e+08
36  29  6.28757e+07
36  30  8.74068e+07
36  31  7.54268e+07
36  32  9.39994e+07
36  33  7.14258e+07
36  34  4.99523e+07
36  35  6.07053e+07
36  36  4.4975e+07
36  37  4.66449e+07
36  38  0
36  39  6.50367e+07
36  40  5.10441e+07
36  41  5.14291e+07
36  42  5.49801e+07
36  43  3.50006e+07
36  44  0
36  45  0
36  46  0
36  47  0
36  48  0
36  49  0
36  50  0
37  0  0
37  1  0
37  2  2.78411e+07
37  3  3.88679e+07
37  4  4.47541e+07
37  5  7.52498e+07
37  6  8.98963e+07
37  7  4.44036e+07
37  8  4.59898e+07
37  9  6.25101e+07
37  10  4.76586e+07
37  11  4.43866e+07
37  12  2.61429e+07
37  13  0
37  14  0
37  15  0
37  16  4.48142e+07
37  17  4.47278e+07
37  18  4.7712e+07
37  19  4.02413e+07
37  20  4.81615e+07
37  21  0
37  22  9.39906e+07
37  23  6.17691e+07
37  24  7.39716e+07
37  25  3.94281e+07
37  26  7.90049e+07
37  27  9.57713e+07
37  28  8.63148e+07
37  29  6.64764e+07
37  30  6.63221e+07
37  31  8.25292e+07
37  32  8.78875e+07
37  33  9.09891e+07
37  34  9.00238e+07
37  35  5.26368e+07
37  36  7.78216e+07
37  37  4.66145e+07
37  38  0
37  39  6.38151e+07
37  40  4.21301e+07
37  41  3.21098e+07
37  42  1.07639e+08
37  43  5.68024e+07
37  44  3.02075e+07
37  45  0
37  46  0
37  47  0
37  48  0
37  49  0
37  50  0
38  0  0
38  1  3.31727e+07
38  2  0
38  3  0
38  4  4.86884e+07
38  5  2.69277e+07
38  6  7.64344e+07
38  7  6.84031e+07
38  8  5.15537e+07
38  9  8.77018e+07
38  10  7.25342e+07
38  11  0
38  12  0
38  13  0
38  14  0
38  15  0
38  16  0
38  17  4.82963e+07
38  18  0
38  19  4.41189e+07
38  20  5.70417e+07
38  21  5.02149e+07
38  22  8.89527e+07
38  23  1.17128e+08
38  24  7.54082e+07
38  25  5.66683e+07
38  26  5.83989e+07
38  27  7.44671e+07
38  28  8.478e+07
38  29  7.65713e+07
38  30  7.63742e+07
38  31  1.39716e+08
38  32  5.41896e+07
38  33  7.93209e+07
38  34  7.45637e+07
38  35  1.15589e+08
38  36  6.37886e+07
38  37  4.72336e+07
38  38  0
38  39  0
38  40  1.30413e+07
38  41  6.54101e+07
38  42  5.70047e+07
38  43  6.61037e+07
38  44  0
38  45  0
38  46  0
38  47  0
38  48  0
38  49  0
38  50  0
39  0  0
39  1  0
39  2  0
39  3  0
39  4  0
39  5  4.56137e+07
39  6  7.46038e+07
39  7  0
39  8  1.02939e+08
39  9  5.0267e+07
39  10  6.05215e+07
39  11  6.4398e+07
39  12  3.07714e+07
39  13  5.15789e+07
39  14  0
39  15  2.64563e+07
39  16  0
39  17  0
39  18  2.83573e+07
39  19  0
39  20  6.34394e+07
39  21  0
39  22  6.88877e+07
39  23  6.41882e+07
39  24  1.09391e+08
39  25  0
39  26  6.78839e+07
39  27  3.98815e+07
39  28  8.30054e+07
39  29  8.13635e+07
39  30  7.11076e+07
39  31  1.10902e+08
39  32  9.49515e+07
39  33  1.02345e+08
39  34  4.93028e+07
39  35  8.66922e+07
39  36  8.44191e+07
39  37  0
39  38  4.20591e+07
39  39  7.68324e+07
39  40  8.22365e+07
39  41  7.2085e+07
39  42  2.00362e+07
39  43  3.11014e+07
39  44  0
39  45  0
39  46  0
39  47  0
39  48  0
39  49  0
39  50  0
40  0  0
40  1  2.47659e+07
40  2  2.87504e+07
40  3  0
40  4  5.5515e+07
40  5  2.55247e+07
40  6  7.00149e+07
40  7  4.01564e+07
40  8  4.82105e+07
40  9  0
40  10  7.57522e+07
40  11  6.44714e+06
40  12  4.27267e+07
40  13  0
40  14  2.90375e+07
40  15  0
40  16  4.44999e+07
40  17  0
40  18  0
40  19  0
40  20  8.28683e+07
40  21  4.38326e+07
40  22  6.92029e+07
40  23  6.44538e+07
40  24  0
40  25  8.47536e+07
40  26  4.77511e+07
40  27  1.58777e+08
40  28  6.6401e+07
40  29  9.33132e+07
40  30  8.51955e+07
40  31  1.79125e+07
40  32  5.17702e+07
40  33  1.30219e+08
40  34  7.54116e+07
40  35  6.61123e+07
40  36  1.17418e+08
40  37  7.28669e+07
40  38  0
40  39  0
40  40  4.1322e+07
40  41  0
40  42  3.38603e+07
40  43  0
40  44  0
40  45  0
40  46  0
40  47  0
40  48  0
40  49  0
40  50  0
41  0  0
41  1  0
41  2  0
41  3  0
41  4  0
41  5  3.78239e+07
41  6  5.26161e+07
41  7  5.4769e+07
41  8  3.98995e+07
41  9  3.82773e+07
41  10  4.40897e+07
41  11  3.6515e+07
41  12  0
41  13  0
41  14  0
41  15  0
41  16  0
41  17  0
41  18  0
41  19  0
41  20  0
41  21  0
41  22  6.48756e+07
41  23  1.96096e+07
41  24  0
41  25  4.6746e+07
41  26  0
41  27  7.62274e+07
41  28  1.81235e+07
41  29  6.58772e+07
41  30  9.03796e+07
41  31  6.08741e+07
41  32  6.77169e+07
41  33  8.17753e+07
41  34  3.79427e+06
41  35  1.01535e+08
41  36  5.33532e+07
41  37  8.04184e+07
41  38  0
41  39  2.29442e+07
41  40  5.26969e+07
41  41  0
41  42  0
41  43  0
41  44  0
41  45  0
41  46  0
41  47  0
41  48  0
41  49  0
41  50  0
42  0  0
42  1  0
42  2  0
42  3  0
42  4  0
42  5  0
42  6  5.19246e+07
42  7  0
42  8  7.37484e+07
42  9  4.51504e+07
42  10  5.08786e+07
42  11  5.78149e+07
42  12  0
42  13  3.25291e+07
42  14  0
42  15  0
42  16  0
42  17  0
42  18  0
42  19  0
42  20  4.35722e+07
42  21  4.21992e+07
42  22  6.62644e+07
42  23  3.01641e+07
42  24  0
42  25  3.32344e+07
42  26  0
42  27  5.70088e+07
42  28  4.90883e+07
42  29  6.71934e+07
42  30  4.02273e+07
42  31  5.08607e+07
42  32  6.01335e+07
42  33  5.91715e+07
42  34  1.03861e+08
42  35  6.29481e+07
42  36  2.74499e+07
42  37  0
42  38  5.86834e+07
42  39  0
42  40  4.55761e+07
42  41  0
42  42  0
42  43  0
42  44  0
42  45  0
42  46  0
42  47  0
42  48  0
42  49  0
42  50  0
43  0  0
43  1  0
43  2  0
43  3  0
43  4  0
43  5  0
43  6  0
43  7  2.49967e+07
43  8  0
43  9  0
43  10  0
43  11  0
43  12  0
43  13  0
43  14  0
43  15  0
43  16  0
43  17  0
43  18  0
43  19  0
43  20  0
43  21  0
43  22  0
43  23  0
43  24  3.15121e+07
43  25  0
43  26  0
43  27  4.6383e+07
43  28  5.91671e+07
43  29  6.84421e+07
43  30  0
43  31  6.00666e+07
43  32  7.31338e+07
43  33  4.90961e+07
43  34  3.90742e+07
43  35  5.19149e+07
43  36  5.07728e+07
43  37  4.55273e+07
43  38  0
43  39  0
43  40  3.60438e+07
43  41  0
43  42  0
43  43  0
43  44  0
43  45  0
43  46  0
43  47  0
43  48  0
43  49  0
43  50  0
44  0  0
44  1  0
44  2  0
44  3  0
44  4  0
44  5  0
44  6  0
44  7  0
44  8  2.47985e+07
44  9  0
44  10  0
44  11  0
44  12  0
44  13  0
44  14  0
44  15  0
44  16  0
44  17  0
44  18  0
44  19  0
44  20  0
44  21  0
44  22  0
44  23  0
44  24  0
44  25  0
44  26  0
44  27  2.71752e+07
44  28  0
44  29  0
44  30  8.24421e+07
44  31  5.02048e+07
44  32  0
44  33  7.70721e+07
44  34  6.44417e+07
44  35  3.95452e+07
44  36  0
44  37  0
44  38  0
44  39  0
44  40  0
44  41  0
44  42  0
44  43  0
44  44  0
44  45  0
44  46  0
44  47  0
44  48  0
44  49  0
44  50  0
45  0  0
45  1  0
45  2  0
45  3  0
45  4  0
45  5  0
45  6  0
45  7  0
45  8  0
45  9  0
45  10  0
45  11  0
45  12  0
45  13  0
45  14  0
45  15  0
45  16  0
45  17  0
45  18  0
45  19  0
45  20  0
45  21  0
45  22  0
45  23  0
45  24  0
45  25  0
45  26  0
45  27  0
45  28  0
45  29  0
45  30  0
45  31  4.09892e+07
45  32  5.1604e+07
45  33  5.28594e+07
45  34  4.07807e+07
45  35  4.10077e+07
45  36  4.57531e+07
45  37  0
45  38  0
45  39  0
45  40  0
45  41  0
45  42  0
45  43  0
45  44  0
45  45  0
45  46  0
45  47  0
45  48  0
45  49  0
45  50  0
46  0  0
46  1  0
46  2  0
46  3  0
46  4  0
46  5  0
46  6  0
46  7  0
46  8  0
46  9  0
46  10  0
46  11  0
46  12  0
46  13  0
46  14  0
46  15  0
46  16  0
46  17  0
46  18  0
46  19  0
46  20  0
46  21  0
46  22  0
46  23  0
46  24  0
46  25  0
46  26  0
46  27  0
46  28  0
46  29  0
46  30  0
46  31  0
46  32  0
46  33  0
46  34  0
46  35  0
46  36  0
46  37  0
46  38  0
46  39  0
46  40  0
46  41  0
46  42  0
46  43  0
46  44  0
46  45  0
46  46  0
46  47  0
46  48  0
46  49  0
46  50  0
47  0  0
47  1  0
47  2  0
47  3  0
47  4  0
47  5  0
47  6  0
47  7  0
47  8  0
47  9  0
47  10  0
47  11  0
47  12  0
47  13  0
47  14  0
47  15  0
47  16  0
47  17  0
47  18  0
47  19  0
47  20  0
47  21  0
47  22  0
47  23  0
47  24  0
47  25  0
47  26  0
47  27  0
47  28  0
47  29  0
47  30  0
47  31  0
47  32  0
47  33  0
47  34  0
47  35  0
47  36  0
47  37  0
47  38  0
47  39  0
47  40  0
47  41  0
47  42  0
47  43  0
47  44  0
47  45  0
47  46  0
47  47  0
47  48  0
47  49  0
47  50  0
48  0  0
48  1  0
48  2  0
48  3  0
48  4  0
48  5  0
48  6  0
48  7  0
48  8  0
48  9  0
48  10  0
48  11  0
48  12  0
48  13  0
48  14  0
48  15  0
48  16  0
48  17  0
48  18  0
48  19  0
48  20  0
48  21  0
48  22  0
48  23  0
48  24  0
48  25  0
48  26  0
48  27  0
48  28  0
48  29  0
48  30  0
48  31  0
48  32  0
48  33  0
48  34  0
48  35  0
48  36  0
48  37  0
48  38  0
48  39  0
48  40  0
48  41  0
48  42  0
48  43  0
48  44  0
48  45  0
48  46  0
48  47  0
48  48  0
48  49  0
48  50  0
49  0  0
49  1  0
49  2  0
49  3  0
49  4  0
49  5  0
49  6  0
49  7  0
49  8  0
49  9  0
49  10  0
49  11  0
49  12  0
49  13  0
49  14  0
49  15  0
49  16  0
49  17  0
49  18  0
49  19  0
49  20  0
49  21  0
49  22  0
49  23  0
49  24  0
49  25  0
49  26  0
49  27  0
49  28  0
49  29  0
49  30  0
49  31  0
49  32  0
49  33  0
49  34  0
49  35  0
49  36  0
49  37  0
49  38  0
49  39  0
49  40  0
49  41  0
49  42  0
49  43  0
49  44  0
49  45  0
49  46  0
49  47  0
49  48  0
49  49  0
49  50  0
50  0  0
50  1  0
50  2  0
50  3  0
50  4  0
50  5  0
50  6  0
50  7  0
50  8  0
50  9  0
50  10  0
50  11  0
50  12  0
50  13  0
50  14  0
50  15  0
50  16  0
50  17  0
50  18  0
50  19  0
50  20  0
50  21  0
50  22  0
50  23  0
50  24  0
50  25  0
50  26  0
50  27  0
50  28  0
50  29  0
50  30  0
50  31  0
50  32  0
50  33  0
50  34  0
50  35  0
50  36  0
50  37  0
50  38  0
50  39  0
50  40  0
50  41  0
50  42  0
50  43  0
50  44  0
50  45  0
50  46  0
50  47  0
50  48  0
50  49  0
50  50  0

