row  column  (images_9.edf S_K*images_9.edf Ar_K**2.3)
0  0  4.50451e+07
0  1  3.05602e+06
0  2  4.32437e+07
0  3  0
0  4  0
0  5  3.3683e+07
0  6  0
0  7  0
0  8  0
0  9  0
0  10  0
0  11  3.05504e+07
0  12  0
0  13  0
0  14  4.09897e+07
0  15  0
0  16  5.07011e+07
0  17  7.28157e+07
0  18  3.65671e+07
0  19  6.42422e+07
0  20  9.32368e+07
0  21  8.68394e+07
0  22  4.50699e+07
0  23  0
0  24  6.218e+07
0  25  0
0  26  0
0  27  0
0  28  0
0  29  4.18926e+07
0  30  0
0  31  0
0  32  0
0  33  0
0  34  6.60665e+07
0  35  7.60922e+07
0  36  7.86029e+07
0  37  1.09061e+08
0  38  1.16555e+08
0  39  1.23158e+08
0  40  1.30983e+08
0  41  1.77766e+08
0  42  1.37666e+08
0  43  8.84697e+07
0  44  1.0021e+08
0  45  4.40977e+07
0  46  6.25782e+07
0  47  7.44412e+07
0  48  5.96629e+07
0  49  1.07699e+08
0  50  0
1  0  7.6594e+07
1  1  2.13059e+07
1  2  0
1  3  0
1  4  3.78554e+07
1  5  0
1  6  3.64577e+07
1  7  0
1  8  0
1  9  3.75372e+07
1  10  0
1  11  3.84392e+07
1  12  0
1  13  0
1  14  0
1  15  0
1  16  0
1  17  0
1  18  7.36866e+07
1  19  8.81749e+07
1  20  9.89994e+07
1  21  5.54128e+07
1  22  5.33396e+07
1  23  6.26693e+07
1  24  0
1  25  0
1  26  2.24803e+07
1  27  0
1  28  0
1  29  0
1  30  0
1  31  7.20081e+07
1  32  0
1  33  4.82198e+07
1  34  9.1671e+07
1  35  7.73596e+07
1  36  1.22306e+08
1  37  1.17291e+08
1  38  9.6055e+07
1  39  1.00234e+08
1  40  1.49716e+08
1  41  1.86568e+08
1  42  1.28025e+08
1  43  1.02464e+08
1  44  1.51414e+08
1  45  1.2894e+08
1  46  1.05396e+08
1  47  7.67516e+07
1  48  8.39874e+07
1  49  7.18502e+07
1  50  1.08765e+08
2  0  4.37951e+06
2  1  0
2  2  0
2  3  0
2  4  3.56265e+07
2  5  0
2  6  0
2  7  0
2  8  5.25816e+07
2  9  0
2  10  6.69079e+07
2  11  0
2  12  0
2  13  5.78296e+07
2  14  0
2  15  3.86203e+07
2  16  0
2  17  4.71704e+07
2  18  5.95849e+07
2  19  7.81014e+07
2  20  5.75545e+07
2  21  5.55668e+07
2  22  0
2  23  6.16883e+07
2  24  6.05002e+07
2  25  6.36582e+07
2  26  0
2  27  0
2  28  0
2  29  0
2  30  4.27032e+07
2  31  4.15637e+07
2  32  0
2  33  7.02522e+07
2  34  0
2  35  4.27317e+07
2  36  1.16703e+08
2  37  7.41917e+07
2  38  1.19779e+08
2  39  1.5861e+08
2  40  2.48783e+07
2  41  1.2721e+08
2  42  7.45432e+07
2  43  6.39967e+07
2  44  1.04566e+08
2  45  1.12065e+08
2  46  1.1806e+08
2  47  1.16514e+08
2  48  8.46878e+07
2  49  7.31449e+07
2  50  1.24608e+07
3  0  5.36072e+07
3  1  0
3  2  3.85153e+07
3  3  975449
3  4  0
3  5  1.79011e+07
3  6  4.424e+07
3  7  0
3  8  0
3  9  4.64135e+07
3  10  5.60498e+07
3  11  0
3  12  5.34342e+07
3  13  4.83042e+07
3  14  0
3  15  0
3  16  0
3  17  5.91116e+07
3  18  5.90866e+07
3  19  5.43273e+07
3  20  5.26451e+07
3  21  7.05741e+07
3  22  5.75048e+07
3  23  5.21916e+07
3  24  0
3  25  0
3  26  0
3  27  0
3  28  0
3  29  0
3  30  0
3  31  0
3  32  0
3  33  0
3  34  0
3  35  0
3  36  1.04108e+08
3  37  7.87634e+07
3  38  1.22971e+08
3  39  1.27987e+08
3  40  1.3077e+08
3  41  1.17045e+08
3  42  1.05717e+08
3  43  7.33481e+07
3  44  6.68203e+07
3  45  6.16381e+07
3  46  0
3  47  8.45398e+07
3  48  1.08349e+08
3  49  9.50804e+07
3  50  7.61035e+07
4  0  6.59341e+07
4  1  2.29109e+07
4  2  0
4  3  0
4  4  3.60562e+07
4  5  5.64275e+07
4  6  1.53101e+07
4  7  0
4  8  4.55356e+07
4  9  0
4  10  0
4  11  6.26598e+07
4  12  0
4  13  0
4  14  0
4  15  0
4  16  0
4  17  5.67384e+07
4  18  7.48933e+07
4  19  7.31503e+07
4  20  7.20663e+07
4  21  5.62703e+07
4  22  0
4  23  4.06406e+07
4  24  6.19002e+07
4  25  0
4  26  0
4  27  0
4  28  0
4  29  3.1009e+07
4  30  5.82928e+07
4  31  0
4  32  4.56599e+07
4  33  5.17271e+07
4  34  0
4  35  5.76231e+07
4  36  1.01665e+08
4  37  6.4789e+07
4  38  1.27794e+08
4  39  7.95793e+07
4  40  9.32029e+07
4  41  7.20709e+07
4  42  8.28625e+07
4  43  7.45351e+07
4  44  9.79937e+07
4  45  6.29004e+07
4  46  8.11874e+07
4  47  1.51939e+08
4  48  1.09456e+08
4  49  1.79102e+08
4  50  8.1256e+07
5  0  9.352e+07
5  1  3.37549e+06
5  2  2.79269e+06
5  3  574813
5  4  2.63892e+07
5  5  0
5  6  3.39471e+07
5  7  5.83399e+07
5  8  4.74379e+07
5  9  0
5  10  5.71499e+07
5  11  0
5  12  5.07902e+07
5  13  5.96119e+07
5  14  4.13836e+07
5  15  3.75468e+07
5  16  0
5  17  6.45969e+07
5  18  8.52014e+07
5  19  4.45505e+07
5  20  9.47418e+07
5  21  9.90027e+07
5  22  6.13285e+07
5  23  7.08349e+07
5  24  6.85876e+07
5  25  0
5  26  0
5  27  6.38307e+07
5  28  0
5  29  0
5  30  0
5  31  0
5  32  0
5  33  0
5  34  7.50224e+07
5  35  8.50667e+07
5  36  8.21831e+07
5  37  6.247e+07
5  38  1.19332e+08
5  39  1.32314e+08
5  40  1.14736e+08
5  41  1.54264e+08
5  42  1.10659e+08
5  43  5.89103e+07
5  44  6.72463e+07
5  45  1.0291e+08
5  46  8.02648e+07
5  47  1.14697e+08
5  48  1.12568e+08
5  49  9.22462e+07
5  50  9.65339e+07
6  0  6.86019e+07
6  1  1.71125e+07
6  2  0
6  3  0
6  4  0
6  5  4.25961e+07
6  6  0
6  7  6.96942e+07
6  8  8.0701e+07
6  9  7.20737e+07
6  10  0
6  11  0
6  12  3.50805e+07
6  13  5.49597e+07
6  14  0
6  15  0
6  16  0
6  17  4.93904e+07
6  18  1.23864e+08
6  19  9.96144e+07
6  20  0
6  21  1.37148e+08
6  22  0
6  23  8.47706e+07
6  24  0
6  25  0
6  26  1.99281e+07
6  27  0
6  28  0
6  29  3.32309e+07
6  30  0
6  31  0
6  32  0
6  33  0
6  34  0
6  35  9.23139e+07
6  36  9.75864e+07
6  37  9.69752e+07
6  38  0
6  39  7.82548e+07
6  40  1.10577e+08
6  41  1.172e+08
6  42  1.27236e+08
6  43  7.38415e+07
6  44  0
6  45  6.95088e+07
6  46  7.6616e+07
6  47  8.81836e+07
6  48  9.55481e+07
6  49  8.78307e+07
6  50  3.29631e+07
7  0  8.1913e+07
7  1  3.41138e+07
7  2  0
7  3  0
7  4  4.04759e+07
7  5  0
7  6  6.39798e+07
7  7  4.81609e+07
7  8  9.28116e+07
7  9  8.04983e+07
7  10  0
7  11  6.3179e+07
7  12  8.18282e+07
7  13  8.60032e+07
7  14  8.26921e+07
7  15  0
7  16  4.39991e+07
7  17  0
7  18  1.94047e+07
7  19  6.35411e+07
7  20  1.16342e+08
7  21  7.49176e+07
7  22  1.02757e+08
7  23  8.90414e+07
7  24  0
7  25  6.03898e+07
7  26  0
7  27  0
7  28  0
7  29  0
7  30  0
7  31  3.55449e+07
7  32  0
7  33  0
7  34  6.41894e+07
7  35  6.39924e+07
7  36  9.11445e+07
7  37  4.59469e+07
7  38  1.31012e+08
7  39  8.69621e+07
7  40  1.18775e+08
7  41  9.13785e+07
7  42  9.42449e+07
7  43  6.53298e+07
7  44  6.59687e+07
7  45  1.00446e+08
7  46  4.48513e+07
7  47  3.71153e+07
7  48  1.11808e+08
7  49  1.14672e+08
7  50  1.14727e+08
8  0  1.31426e+08
8  1  2.33222e+07
8  2  1.403e+07
8  3  3.93632e+07
8  4  0
8  5  5.97937e+07
8  6  5.48575e+07
8  7  5.79674e+07
8  8  6.38169e+07
8  9  0
8  10  6.20048e+07
8  11  0
8  12  5.60461e+07
8  13  5.48087e+07
8  14  0
8  15  3.99826e+07
8  16  0
8  17  6.87997e+07
8  18  8.49111e+07
8  19  9.32499e+07
8  20  4.99199e+07
8  21  5.85208e+07
8  22  5.44486e+07
8  23  1.04154e+08
8  24  6.58471e+07
8  25  0
8  26  0
8  27  4.17264e+07
8  28  4.0948e+07
8  29  3.83355e+07
8  30  0
8  31  0
8  32  3.40483e+07
8  33  0
8  34  5.47547e+07
8  35  7.67776e+07
8  36  7.57824e+07
8  37  6.4711e+07
8  38  8.34987e+07
8  39  7.02904e+07
8  40  1.91601e+07
8  41  9.49957e+07
8  42  8.98759e+07
8  43  8.17569e+07
8  44  7.9502e+07
8  45  0
8  46  6.72271e+07
8  47  6.63229e+07
8  48  1.26256e+08
8  49  1.28125e+08
8  50  4.20829e+07
9  0  6.26304e+07
9  1  4.89004e+07
9  2  0
9  3  0
9  4  3.32955e+07
9  5  6.1229e+07
9  6  4.64292e+07
9  7  5.47008e+07
9  8  9.78939e+07
9  9  5.36616e+07
9  10  4.09893e+07
9  11  5.57395e+07
9  12  9.03843e+07
9  13  1.01627e+08
9  14  8.32428e+07
9  15  4.86944e+07
9  16  3.91744e+07
9  17  7.86934e+07
9  18  0
9  19  9.49168e+07
9  20  6.44466e+07
9  21  8.64498e+07
9  22  5.6597e+07
9  23  5.64533e+07
9  24  6.81206e+07
9  25  6.01751e+07
9  26  5.5169e+07
9  27  0
9  28  0
9  29  5.17276e+07
9  30  3.42537e+07
9  31  3.76037e+07
9  32  6.4345e+07
9  33  8.51017e+07
9  34  0
9  35  1.00969e+08
9  36  7.31604e+07
9  37  1.21031e+08
9  38  5.53377e+07
9  39  0
9  40  1.33363e+08
9  41  7.06862e+07
9  42  7.90058e+07
9  43  6.79798e+07
9  44  5.02364e+07
9  45  6.27258e+07
9  46  7.55257e+07
9  47  9.99836e+07
9  48  1.21978e+08
9  49  1.39666e+08
9  50  8.42566e+07
10  0  4.25114e+07
10  1  2.24333e+07
10  2  0
10  3  0
10  4  3.39889e+07
10  5  4.17659e+07
10  6  6.162e+07
10  7  9.55687e+07
10  8  5.2607e+07
10  9  6.43194e+07
10  10  6.35295e+07
10  11  3.71173e+07
10  12  4.54935e+07
10  13  8.669e+07
10  14  8.52717e+07
10  15  5.62793e+07
10  16  4.57451e+07
10  17  9.09484e+07
10  18  3.10692e+07
10  19  1.01774e+08
10  20  6.73513e+07
10  21  9.30007e+07
10  22  7.27363e+07
10  23  7.85579e+07
10  24  6.04538e+07
10  25  5.47147e+07
10  26  4.10542e+07
10  27  0
10  28  6.97474e+07
10  29  0
10  30  4.90398e+07
10  31  6.582e+07
10  32  4.30732e+07
10  33  5.30251e+07
10  34  5.15702e+07
10  35  0
10  36  4.25364e+07
10  37  9.44863e+07
10  38  7.29529e+07
10  39  9.46917e+07
10  40  7.92998e+07
10  41  6.71642e+07
10  42  1.21753e+08
10  43  1.03546e+08
10  44  1.03044e+08
10  45  6.13871e+07
10  46  1.00392e+08
10  47  6.13533e+07
10  48  7.53835e+07
10  49  1.42335e+08
10  50  1.45166e+08
11  0  4.03433e+07
11  1  5.10755e+07
11  2  0
11  3  0
11  4  0
11  5  3.99359e+07
11  6  1.00454e+08
11  7  9.13826e+07
11  8  6.16508e+07
11  9  1.13698e+08
11  10  5.28417e+07
11  11  7.61384e+07
11  12  5.1322e+07
11  13  6.39746e+07
11  14  9.25158e+07
11  15  4.89451e+07
11  16  2.92458e+07
11  17  4.26171e+07
11  18  6.68964e+07
11  19  9.56003e+07
11  20  4.33455e+07
11  21  6.16098e+07
11  22  1.04171e+08
11  23  1.57056e+08
11  24  0
11  25  4.79438e+07
11  26  5.13415e+07
11  27  5.30912e+07
11  28  0
11  29  8.90831e+07
11  30  8.52143e+07
11  31  4.01261e+07
11  32  6.50556e+07
11  33  4.5329e+07
11  34  0
11  35  0
11  36  4.64703e+07
11  37  1.0264e+08
11  38  1.05084e+08
11  39  6.43538e+07
11  40  6.13651e+07
11  41  7.69814e+07
11  42  1.18555e+08
11  43  5.50251e+07
11  44  6.28951e+07
11  45  8.05429e+07
11  46  1.06889e+08
11  47  8.69103e+07
11  48  8.21229e+07
11  49  6.53084e+07
11  50  1.20827e+08
12  0  5.94005e+07
12  1  2.66298e+07
12  2  0
12  3  4.13316e+07
12  4  0
12  5  7.29169e+07
12  6  6.26104e+07
12  7  8.58098e+07
12  8  1.01218e+08
12  9  5.43719e+07
12  10  2.93275e+07
12  11  3.36616e+07
12  12  0
12  13  6.89367e+07
12  14  4.55854e+07
12  15  4.73475e+07
12  16  9.15904e+07
12  17  6.69169e+07
12  18  1.05629e+08
12  19  9.87277e+07
12  20  6.23388e+07
12  21  5.53345e+07
12  22  6.88973e+07
12  23  8.9364e+07
12  24  9.85527e+07
12  25  4.55911e+07
12  26  5.81853e+07
12  27  0
12  28  0
12  29  0
12  30  3.68864e+07
12  31  5.42003e+07
12  32  6.25706e+07
12  33  7.28958e+07
12  34  6.55128e+07
12  35  5.14958e+07
12  36  5.41751e+07
12  37  7.02122e+07
12  38  0
12  39  6.5252e+07
12  40  7.59688e+07
12  41  0
12  42  1.02179e+08
12  43  1.34075e+08
12  44  9.75944e+07
12  45  6.88982e+07
12  46  9.95009e+07
12  47  8.52914e+07
12  48  0
12  49  6.72349e+07
12  50  1.3081e+08
13  0  8.11784e+07
13  1  6.14014e+07
13  2  1.34489e+07
13  3  0
13  4  0
13  5  0
13  6  6.96415e+07
13  7  4.08139e+07
13  8  8.31309e+07
13  9  9.09495e+07
13  10  7.26226e+07
13  11  0
13  12  0
13  13  4.73997e+07
13  14  7.78827e+07
13  15  6.43132e+07
13  16  6.41929e+07
13  17  8.7601e+07
13  18  9.39733e+07
13  19  1.01103e+08
13  20  8.31158e+07
13  21  3.90703e+07
13  22  8.43339e+07
13  23  5.7439e+07
13  24  5.07847e+07
13  25  5.99226e+07
13  26  5.94111e+07
13  27  5.57625e+07
13  28  1.27275e+08
13  29  0
13  30  9.18372e+07
13  31  5.86655e+07
13  32  6.19681e+07
13  33  2.96138e+07
13  34  6.6233e+07
13  35  0
13  36  8.1804e+07
13  37  7.04663e+07
13  38  4.10139e+07
13  39  5.58085e+07
13  40  0
13  41  8.24855e+07
13  42  7.42663e+07
13  43  1.0064e+08
13  44  1.02847e+08
13  45  1.0436e+08
13  46  8.41762e+07
13  47  0
13  48  6.8644e+07
13  49  8.95643e+07
13  50  1.06266e+08
14  0  6.84204e+07
14  1  4.68239e+07
14  2  0
14  3  1.18342e+07
14  4  0
14  5  1.10959e+06
14  6  6.16185e+07
14  7  4.32549e+07
14  8  0
14  9  9.59378e+07
14  10  5.33762e+07
14  11  0
14  12  5.54377e+07
14  13  5.33943e+07
14  14  4.20294e+07
14  15  5.86605e+07
14  16  9.76637e+07
14  17  0
14  18  7.3025e+07
14  19  9.13088e+07
14  20  1.00497e+08
14  21  7.09267e+07
14  22  1.00457e+08
14  23  6.19734e+07
14  24  8.46141e+07
14  25  5.75145e+07
14  26  6.31129e+07
14  27  5.55155e+07
14  28  4.8371e+07
14  29  7.48741e+07
14  30  2.63582e+07
14  31  1.19084e+08
14  32  0
14  33  2.49221e+07
14  34  7.28323e+07
14  35  4.2072e+07
14  36  5.64939e+07
14  37  9.16155e+07
14  38  4.9465e+07
14  39  4.12141e+07
14  40  7.89135e+07
14  41  8.82385e+07
14  42  6.49286e+07
14  43  6.06422e+07
14  44  7.6309e+07
14  45  2.80123e+06
14  46  7.0645e+07
14  47  6.22421e+07
14  48  0
14  49  0
14  50  8.79219e+07
15  0  8.62415e+07
15  1  1.14598e+08
15  2  0
15  3  0
15  4  1.72044e+07
15  5  4.56676e+07
15  6  1.78623e+07
15  7  4.54031e+07
15  8  7.41904e+07
15  9  1.14205e+08
15  10  5.70648e+07
15  11  7.45422e+07
15  12  7.22807e+07
15  13  7.84075e+07
15  14  7.68341e+07
15  15  7.23154e+07
15  16  6.66454e+07
15  17  8.10191e+07
15  18  6.0032e+07
15  19  1.18839e+08
15  20  1.03072e+08
15  21  8.85817e+07
15  22  5.73961e+07
15  23  6.29202e+07
15  24  9.11139e+07
15  25  1.03418e+08
15  26  7.24171e+07
15  27  9.66405e+07
15  28  7.98228e+07
15  29  1.04014e+08
15  30  8.91459e+07
15  31  7.09107e+07
15  32  5.76681e+07
15  33  5.02932e+07
15  34  4.28854e+07
15  35  3.47819e+07
15  36  4.52009e+07
15  37  6.56159e+07
15  38  9.85506e+07
15  39  0
15  40  7.41481e+07
15  41  0
15  42  6.09735e+07
15  43  7.1437e+07
15  44  6.98294e+07
15  45  9.44825e+07
15  46  7.43491e+07
15  47  5.99564e+07
15  48  0
15  49  5.659e+07
15  50  9.36191e+07
16  0  3.6358e+07
16  1  3.23298e+07
16  2  0
16  3  0
16  4  0
16  5  1.05205e+07
16  6  5.8924e+07
16  7  1.1946e+07
16  8  1.89939e+07
16  9  8.8722e+07
16  10  1.1351e+08
16  11  5.8683e+07
16  12  7.46554e+07
16  13  7.87249e+07
16  14  1.25406e+08
16  15  4.47166e+07
16  16  6.97459e+07
16  17  8.46336e+07
16  18  9.8876e+07
16  19  8.80465e+07
16  20  1.5335e+08
16  21  9.86971e+07
16  22  6.54056e+07
16  23  1.13884e+08
16  24  1.07223e+08
16  25  7.20182e+07
16  26  0
16  27  5.87872e+07
16  28  8.41021e+07
16  29  7.57183e+07
16  30  1.77653e+07
16  31  3.78137e+07
16  32  1.0406e+08
16  33  5.30709e+07
16  34  0
16  35  6.48966e+07
16  36  0
16  37  0
16  38  6.41406e+07
16  39  4.85964e+07
16  40  4.87809e+07
16  41  0
16  42  5.27629e+07
16  43  1.33877e+08
16  44  6.40415e+07
16  45  7.49766e+07
16  46  9.07739e+07
16  47  0
16  48  4.99239e+07
16  49  6.59648e+07
16  50  2.84779e+07
17  0  4.90071e+07
17  1  2.32068e+07
17  2  0
17  3  0
17  4  0
17  5  5.00317e+07
17  6  5.95902e+07
17  7  5.96277e+07
17  8  6.5362e+07
17  9  5.8279e+07
17  10  1.06647e+08
17  11  7.21063e+07
17  12  9.65892e+07
17  13  6.64039e+07
17  14  9.48436e+07
17  15  1.02321e+08
17  16  8.62869e+07
17  17  7.22551e+07
17  18  6.26907e+07
17  19  1.43325e+08
17  20  1.14053e+08
17  21  4.60316e+07
17  22  9.89974e+07
17  23  8.48561e+07
17  24  1.02167e+08
17  25  8.0331e+07
17  26  0
17  27  7.23526e+07
17  28  0
17  29  8.35091e+07
17  30  8.97083e+07
17  31  8.98963e+07
17  32  1.10643e+08
17  33  5.60629e+07
17  34  6.71923e+07
17  35  2.91683e+07
17  36  0
17  37  0
17  38  1.09592e+08
17  39  6.13332e+07
17  40  0
17  41  8.35627e+07
17  42  8.61188e+07
17  43  4.96324e+07
17  44  3.02255e+07
17  45  1.22597e+08
17  46  7.56251e+07
17  47  7.60262e+07
17  48  0
17  49  7.27614e+07
17  50  1.10912e+08
18  0  1.25475e+07
18  1  2.66863e+07
18  2  0
18  3  0
18  4  0
18  5  209234
18  6  8.30329e+06
18  7  2.67142e+07
18  8  5.7401e+07
18  9  7.75792e+07
18  10  8.74656e+07
18  11  6.19458e+07
18  12  7.04855e+07
18  13  5.37499e+07
18  14  8.15985e+07
18  15  1.00157e+08
18  16  7.87819e+07
18  17  1.41991e+08
18  18  9.10075e+07
18  19  1.34829e+08
18  20  7.53679e+07
18  21  8.71262e+07
18  22  8.29449e+07
18  23  1.02698e+08
18  24  8.50193e+07
18  25  5.17573e+07
18  26  0
18  27  9.13346e+07
18  28  6.41832e+07
18  29  7.97616e+07
18  30  8.49898e+07
18  31  1.10363e+08
18  32  1.01955e+08
18  33  0
18  34  5.23524e+07
18  35  5.98668e+07
18  36  4.427e+07
18  37  9.27031e+07
18  38  8.90199e+07
18  39  0
18  40  0
18  41  5.62296e+07
18  42  0
18  43  8.50186e+07
18  44  5.83233e+07
18  45  0
18  46  6.92782e+07
18  47  3.74938e+07
18  48  3.47178e+07
18  49  6.99953e+07
18  50  0
19  0  4.58363e+07
19  1  2.77622e+07
19  2  0
19  3  0
19  4  0
19  5  0
19  6  3.60982e+07
19  7  5.48281e+07
19  8  8.6174e+07
19  9  7.32401e+07
19  10  8.86448e+07
19  11  5.75901e+07
19  12  8.61915e+07
19  13  1.0596e+08
19  14  9.24198e+07
19  15  7.41003e+07
19  16  1.15e+08
19  17  6.96516e+07
19  18  7.36105e+07
19  19  1.11492e+08
19  20  9.88698e+07
19  21  8.64441e+07
19  22  9.56931e+07
19  23  7.18425e+07
19  24  8.15598e+07
19  25  6.09523e+07
19  26  4.14861e+07
19  27  4.4985e+07
19  28  4.03404e+07
19  29  6.57896e+07
19  30  5.75703e+07
19  31  1.35283e+08
19  32  1.50533e+08
19  33  1.10863e+08
19  34  1.11691e+08
19  35  8.63955e+07
19  36  3.70154e+07
19  37  1.33532e+08
19  38  1.57603e+08
19  39  4.5173e+07
19  40  0
19  41  8.10947e+07
19  42  0
19  43  0
19  44  5.83612e+07
19  45  6.11407e+07
19  46  7.48783e+07
19  47  8.22869e+07
19  48  0
19  49  6.62801e+07
19  50  5.24528e+07
20  0  5.94749e+06
20  1  0
20  2  0
20  3  0
20  4  0
20  5  0
20  6  0
20  7  8.20152e+07
20  8  9.66729e+07
20  9  1.33946e+08
20  10  4.63549e+07
20  11  8.73569e+07
20  12  8.15864e+07
20  13  1.01775e+08
20  14  1.15017e+08
20  15  1.10156e+08
20  16  6.85265e+07
20  17  8.08702e+07
20  18  8.22666e+07
20  19  7.41982e+07
20  20  1.16752e+08
20  21  9.06943e+07
20  22  0
20  23  4.41005e+07
20  24  5.04109e+07
20  25  6.45647e+07
20  26  0
20  27  9.65276e+07
20  28  9.74855e+07
20  29  1.34222e+08
20  30  1.02867e+08
20  31  1.06155e+08
20  32  1.07101e+08
20  33  7.9985e+07
20  34  1.00365e+08
20  35  4.19922e+07
20  36  4.06821e+07
20  37  5.86956e+07
20  38  6.07587e+07
20  39  9.45808e+07
20  40  4.98736e+07
20  41  0
20  42  4.61519e+07
20  43  0
20  44  4.36914e+07
20  45  0
20  46  0
20  47  0
20  48  0
20  49  6.99685e+07
20  50  4.51355e+07
21  0  8.68092e+06
21  1  0
21  2  0
21  3  0
21  4  0
21  5  0
21  6  0
21  7  4.11983e+07
21  8  4.35703e+07
21  9  5.98858e+07
21  10  7.37959e+07
21  11  8.43347e+07
21  12  5.79365e+07
21  13  8.79174e+07
21  14  9.64035e+07
21  15  1.08067e+08
21  16  1.20745e+08
21  17  1.41199e+08
21  18  9.22388e+07
21  19  1.42034e+08
21  20  6.92127e+07
21  21  4.32301e+07
21  22  5.60022e+07
21  23  4.74782e+07
21  24  5.88951e+07
21  25  9.79167e+07
21  26  4.30304e+07
21  27  1.11455e+08
21  28  6.10886e+07
21  29  9.46288e+07
21  30  8.96545e+07
21  31  1.42678e+08
21  32  1.12075e+08
21  33  8.97011e+07
21  34  8.75905e+07
21  35  6.20175e+07
21  36  3.67591e+07
21  37  1.17709e+08
21  38  8.80373e+07
21  39  2.93175e+07
21  40  0
21  41  0
21  42  0
21  43  0
21  44  0
21  45  5.6951e+07
21  46  4.79389e+07
21  47  6.13615e+07
21  48  0
21  49  0
21  50  0
22  0  3.41203e+07
22  1  0
22  2  0
22  3  0
22  4  0
22  5  2.81278e+07
22  6  2.9203e+07
22  7  5.89845e+07
22  8  8.91383e+07
22  9  1.26141e+08
22  10  9.1929e+07
22  11  9.54331e+07
22  12  8.35549e+07
22  13  1.2216e+08
22  14  1.57839e+08
22  15  9.97867e+07
22  16  1.01066e+08
22  17  1.26332e+08
22  18  1.1573e+08
22  19  1.45241e+08
22  20  7.64908e+07
22  21  9.09695e+07
22  22  0
22  23  5.01515e+07
22  24  9.92364e+07
22  25  0
22  26  5.01725e+07
22  27  1.1473e+08
22  28  1.12298e+08
22  29  8.21557e+07
22  30  1.03004e+08
22  31  8.65424e+07
22  32  1.50087e+08
22  33  1.37793e+08
22  34  1.34012e+08
22  35  9.51687e+07
22  36  1.29428e+08
22  37  8.94973e+07
22  38  1.1046e+08
22  39  4.89498e+07
22  40  5.32028e+07
22  41  0
22  42  0
22  43  0
22  44  0
22  45  0
22  46  0
22  47  0
22  48  0
22  49  0
22  50  0
23  0  1.66683e+07
23  1  0
23  2  0
23  3  2.88368e+07
23  4  0
23  5  0
23  6  3.91823e+07
23  7  8.73107e+07
23  8  1.29451e+08
23  9  9.27889e+07
23  10  7.28592e+07
23  11  9.8548e+07
23  12  9.54635e+07
23  13  9.03378e+07
23  14  1.00014e+08
23  15  1.20444e+08
23  16  9.50846e+07
23  17  1.30275e+08
23  18  8.69677e+07
23  19  9.29246e+07
23  20  1.16424e+08
23  21  6.86215e+07
23  22  4.67738e+07
23  23  9.67848e+07
23  24  4.79397e+07
23  25  6.21966e+07
23  26  7.60909e+07
23  27  1.12387e+08
23  28  1.15552e+08
23  29  1.14739e+08
23  30  9.60266e+07
23  31  1.27178e+08
23  32  9.59807e+07
23  33  1.6181e+08
23  34  1.01621e+08
23  35  1.31432e+08
23  36  1.08505e+08
23  37  6.43751e+07
23  38  7.78839e+07
23  39  4.8395e+07
23  40  3.66484e+06
23  41  0
23  42  0
23  43  0
23  44  0
23  45  4.93724e+07
23  46  0
23  47  0
23  48  0
23  49  0
23  50  0
24  0  5.12288e+07
24  1  0
24  2  0
24  3  3.99717e+07
24  4  0
24  5  2.83008e+06
24  6  6.67207e+07
24  7  3.40709e+07
24  8  1.07896e+08
24  9  5.12344e+07
24  10  8.7672e+07
24  11  8.94248e+07
24  12  8.94735e+07
24  13  1.03692e+08
24  14  1.17144e+08
24  15  1.12596e+08
24  16  1.38051e+08
24  17  7.01543e+07
24  18  1.31256e+08
24  19  4.82465e+07
24  20  6.33328e+07
24  21  7.39748e+07
24  22  5.57244e+07
24  23  6.6647e+07
24  24  5.48016e+07
24  25  9.17793e+07
24  26  7.25778e+07
24  27  9.61097e+07
24  28  6.3989e+07
24  29  1.14743e+08
24  30  1.23305e+08
24  31  1.13586e+08
24  32  1.11819e+08
24  33  1.1166e+08
24  34  1.42888e+08
24  35  6.04843e+07
24  36  9.99889e+07
24  37  6.54312e+07
24  38  1.01963e+08
24  39  7.65101e+07
24  40  0
24  41  0
24  42  0
24  43  0
24  44  0
24  45  7.89453e+07
24  46  0
24  47  0
24  48  0
24  49  0
24  50  0
25  0  0
25  1  0
25  2  3.57925e+06
25  3  0
25  4  1.1247e+06
25  5  5.01397e+07
25  6  5.81165e+07
25  7  5.3065e+07
25  8  3.28443e+07
25  9  7.97039e+07
25  10  7.28737e+07
25  11  7.39772e+07
25  12  6.94856e+07
25  13  9.42407e+07
25  14  9.64257e+07
25  15  1.2184e+08
25  16  1.1189e+08
25  17  1.16248e+08
25  18  1.21936e+08
25  19  6.65122e+07
25  20  8.37603e+07
25  21  4.78308e+07
25  22  4.50934e+07
25  23  9.46264e+07
25  24  0
25  25  1.40167e+08
25  26  9.96057e+07
25  27  1.22458e+08
25  28  1.05033e+08
25  29  1.55722e+08
25  30  1.64254e+08
25  31  1.76224e+08
25  32  1.3884e+08
25  33  1.99426e+08
25  34  1.44988e+08
25  35  1.06697e+08
25  36  6.78371e+07
25  37  1.06839e+08
25  38  1.50152e+08
25  39  7.30983e+07
25  40  6.73164e+07
25  41  0
25  42  5.52758e+07
25  43  0
25  44  5.20168e+07
25  45  0
25  46  0
25  47  0
25  48  0
25  49  0
25  50  0
26  0  2.56774e+07
26  1  0
26  2  0
26  3  0
26  4  6.07034e+06
26  5  3.23481e+07
26  6  4.43253e+07
26  7  0
26  8  3.11252e+07
26  9  1.00982e+08
26  10  8.53293e+07
26  11  7.32558e+07
26  12  5.40957e+07
26  13  1.15511e+08
26  14  7.0994e+07
26  15  1.22805e+08
26  16  1.21252e+08
26  17  9.25931e+07
26  18  1.0788e+08
26  19  1.00252e+08
26  20  7.32017e+07
26  21  1.18728e+08
26  22  0
26  23  4.78998e+07
26  24  6.83327e+07
26  25  8.13159e+07
26  26  7.17673e+07
26  27  1.16584e+08
26  28  9.98612e+07
26  29  1.58783e+08
26  30  1.47266e+08
26  31  9.12765e+07
26  32  1.60227e+08
26  33  1.75603e+08
26  34  1.14898e+08
26  35  8.58434e+07
26  36  1.18401e+08
26  37  0
26  38  1.11368e+08
26  39  7.05826e+07
26  40  4.61612e+07
26  41  0
26  42  6.5204e+07
26  43  0
26  44  0
26  45  0
26  46  4.98863e+07
26  47  0
26  48  0
26  49  0
26  50  0
27  0  0
27  1  0
27  2  0
27  3  0
27  4  0
27  5  0
27  6  4.42664e+07
27  7  6.39121e+07
27  8  6.34189e+07
27  9  8.90578e+07
27  10  6.07196e+07
27  11  4.38673e+07
27  12  6.40881e+07
27  13  1.18314e+08
27  14  9.86799e+07
27  15  8.68532e+07
27  16  1.16854e+08
27  17  1.13432e+08
27  18  6.87945e+07
27  19  9.96425e+07
27  20  4.52333e+07
27  21  5.60773e+07
27  22  7.62468e+07
27  23  7.22246e+07
27  24  8.9693e+07
27  25  1.04209e+08
27  26  8.99242e+07
27  27  8.24348e+07
27  28  1.2344e+08
27  29  1.33396e+08
27  30  1.06772e+08
27  31  1.54197e+08
27  32  1.02183e+08
27  33  1.35175e+08
27  34  1.497e+08
27  35  1.24391e+08
27  36  8.22047e+07
27  37  1.25498e+08
27  38  1.17501e+08
27  39  5.64368e+07
27  40  7.65151e+07
27  41  0
27  42  0
27  43  0
27  44  0
27  45  0
27  46  0
27  47  0
27  48  0
27  49  0
27  50  0
28  0  0
28  1  0
28  2  0
28  3  0
28  4  0
28  5  3.54741e+07
28  6  5.61598e+07
28  7  6.44383e+07
28  8  8.77978e+07
28  9  7.18963e+07
28  10  0
28  11  0
28  12  5.01724e+07
28  13  1.04629e+08
28  14  1.00515e+08
28  15  1.02638e+08
28  16  1.10001e+08
28  17  1.26628e+08
28  18  1.03168e+08
28  19  7.06782e+07
28  20  5.43103e+07
28  21  1.20452e+08
28  22  8.64218e+07
28  23  5.80725e+07
28  24  9.75956e+07
28  25  1.04312e+08
28  26  7.26068e+07
28  27  5.58669e+07
28  28  8.35754e+07
28  29  9.05084e+07
28  30  7.46536e+07
28  31  1.29199e+08
28  32  1.41909e+08
28  33  1.13034e+08
28  34  1.52792e+08
28  35  1.33747e+08
28  36  7.82282e+07
28  37  1.24934e+08
28  38  1.47329e+08
28  39  9.28908e+07
28  40  1.26214e+08
28  41  6.4108e+07
28  42  0
28  43  0
28  44  0
28  45  0
28  46  0
28  47  0
28  48  0
28  49  0
28  50  0
29  0  0
29  1  0
29  2  0
29  3  0
29  4  6.69044e+07
29  5  6.75626e+07
29  6  7.15467e+07
29  7  6.23932e+07
29  8  6.60729e+07
29  9  9.14635e+07
29  10  0
29  11  9.21938e+07
29  12  1.18119e+08
29  13  6.22857e+07
29  14  8.3833e+07
29  15  5.68348e+07
29  16  1.12343e+08
29  17  1.29863e+08
29  18  8.2239e+07
29  19  5.86705e+07
29  20  9.69983e+07
29  21  6.10203e+07
29  22  1.68093e+08
29  23  7.94167e+07
29  24  7.9447e+07
29  25  8.29069e+07
29  26  7.04077e+07
29  27  9.24134e+07
29  28  0
29  29  7.60334e+07
29  30  1.299e+08
29  31  1.44717e+08
29  32  9.46458e+07
29  33  1.77359e+08
29  34  1.54452e+08
29  35  1.36195e+08
29  36  1.18523e+08
29  37  1.51978e+08
29  38  1.46126e+08
29  39  1.21764e+08
29  40  4.67412e+07
29  41  1.07304e+08
29  42  1.12623e+08
29  43  0
29  44  0
29  45  0
29  46  0
29  47  0
29  48  0
29  49  0
29  50  0
30  0  0
30  1  0
30  2  0
30  3  0
30  4  3.78108e+07
30  5  6.7383e+07
30  6  7.77994e+07
30  7  1.01595e+08
30  8  8.0045e+07
30  9  9.0657e+07
30  10  1.07148e+08
30  11  6.55789e+07
30  12  6.00386e+07
30  13  7.67077e+07
30  14  9.1485e+07
30  15  8.3019e+07
30  16  8.14366e+07
30  17  9.13853e+07
30  18  8.28959e+07
30  19  7.73799e+07
30  20  6.25838e+07
30  21  8.60736e+07
30  22  3.92688e+07
30  23  0
30  24  1.01186e+08
30  25  9.35561e+07
30  26  1.06301e+08
30  27  7.37066e+07
30  28  9.58987e+07
30  29  1.10915e+08
30  30  1.12256e+08
30  31  1.50303e+08
30  32  1.59184e+08
30  33  1.46566e+08
30  34  1.88052e+08
30  35  1.45161e+08
30  36  1.38694e+08
30  37  1.62669e+08
30  38  1.1512e+08
30  39  6.11563e+07
30  40  8.29204e+07
30  41  5.27054e+07
30  42  1.9509e+07
30  43  3.81269e+07
30  44  4.78083e+07
30  45  2.06789e+06
30  46  0
30  47  0
30  48  0
30  49  0
30  50  0
31  0  2.95041e+07
31  1  0
31  2  0
31  3  0
31  4  0
31  5  7.61799e+07
31  6  9.67462e+07
31  7  0
31  8  9.73207e+07
31  9  7.07631e+07
31  10  0
31  11  0
31  12  6.01905e+07
31  13  0
31  14  6.19526e+07
31  15  9.42029e+07
31  16  9.80475e+07
31  17  1.07327e+08
31  18  1.02481e+08
31  19  8.48704e+07
31  20  7.43788e+07
31  21  7.44256e+07
31  22  1.16039e+08
31  23  1.33285e+08
31  24  1.46426e+08
31  25  7.05021e+07
31  26  1.17831e+08
31  27  9.3648e+07
31  28  8.97083e+07
31  29  1.86143e+07
31  30  1.28966e+08
31  31  1.26469e+08
31  32  1.43007e+08
31  33  1.4266e+08
31  34  1.60739e+08
31  35  1.16017e+08
31  36  1.40134e+08
31  37  1.05248e+08
31  38  1.33043e+08
31  39  7.15691e+07
31  40  9.80004e+07
31  41  9.995e+07
31  42  7.15162e+07
31  43  0
31  44  0
31  45  0
31  46  0
31  47  0
31  48  0
31  49  0
31  50  0
32  0  0
32  1  0
32  2  0
32  3  0
32  4  0
32  5  6.07738e+07
32  6  1.01613e+08
32  7  9.66738e+07
32  8  4.99901e+07
32  9  6.86952e+07
32  10  7.21409e+07
32  11  0
32  12  9.04464e+07
32  13  9.91227e+07
32  14  6.79266e+07
32  15  7.78477e+07
32  16  1.37519e+08
32  17  1.15339e+08
32  18  1.04435e+08
32  19  8.70317e+07
32  20  5.00742e+07
32  21  1.07302e+08
32  22  1.32702e+08
32  23  1.09455e+08
32  24  8.67483e+07
32  25  1.03215e+08
32  26  9.54641e+07
32  27  8.98121e+07
32  28  9.54616e+07
32  29  1.04218e+08
32  30  1.53499e+08
32  31  1.76491e+08
32  32  1.5736e+08
32  33  1.26895e+08
32  34  1.6374e+08
32  35  1.18124e+08
32  36  1.34622e+08
32  37  1.43018e+08
32  38  9.73282e+07
32  39  8.0471e+07
32  40  1.20475e+08
32  41  1.01315e+08
32  42  7.43712e+07
32  43  0
32  44  0
32  45  0
32  46  0
32  47  0
32  48  0
32  49  0
32  50  0
33  0  0
33  1  0
33  2  0
33  3  0
33  4  4.99131e+07
33  5  8.23357e+07
33  6  8.80152e+07
33  7  1.17236e+08
33  8  6.81071e+07
33  9  5.47465e+07
33  10  7.26266e+07
33  11  3.58312e+07
33  12  9.1494e+07
33  13  8.06809e+07
33  14  8.88035e+07
33  15  7.77691e+07
33  16  1.28537e+08
33  17  1.65526e+08
33  18  8.53014e+07
33  19  9.4521e+07
33  20  1.12125e+08
33  21  1.49914e+08
33  22  9.82033e+07
33  23  8.08253e+07
33  24  1.24274e+08
33  25  6.56066e+07
33  26  5.64485e+07
33  27  7.44304e+07
33  28  7.70925e+07
33  29  1.06246e+08
33  30  1.41393e+08
33  31  1.29548e+08
33  32  1.63365e+08
33  33  1.39729e+08
33  34  1.50691e+08
33  35  1.25398e+08
33  36  1.51133e+08
33  37  5.51662e+07
33  38  9.74298e+07
33  39  1.89093e+07
33  40  7.25301e+07
33  41  1.07183e+08
33  42  1.00115e+08
33  43  1.00688e+08
33  44  0
33  45  0
33  46  0
33  47  0
33  48  0
33  49  0
33  50  0
34  0  0
34  1  0
34  2  0
34  3  0
34  4  7.15731e+07
34  5  6.86642e+07
34  6  1.01737e+08
34  7  0
34  8  8.80623e+07
34  9  6.02083e+07
34  10  8.94646e+07
34  11  5.48198e+07
34  12  5.97832e+07
34  13  6.46057e+07
34  14  7.29147e+07
34  15  7.70048e+07
34  16  1.05566e+08
34  17  1.14913e+08
34  18  1.2282e+08
34  19  3.07489e+07
34  20  9.80854e+07
34  21  1.23627e+08
34  22  1.26228e+08
34  23  1.15327e+08
34  24  1.08049e+08
34  25  1.06829e+08
34  26  1.13816e+08
34  27  8.40236e+06
34  28  1.09422e+08
34  29  1.34706e+08
34  30  1.2858e+08
34  31  1.10545e+08
34  32  1.43114e+08
34  33  8.10983e+07
34  34  7.43503e+07
34  35  1.65716e+08
34  36  1.39813e+08
34  37  1.16254e+08
34  38  9.00951e+07
34  39  1.45998e+08
34  40  9.04122e+07
34  41  1.59055e+08
34  42  1.17833e+08
34  43  5.70746e+07
34  44  0
34  45  0
34  46  0
34  47  0
34  48  0
34  49  0
34  50  0
35  0  0
35  1  0
35  2  0
35  3  6.25938e+07
35  4  4.00754e+07
35  5  8.33088e+07
35  6  8.65914e+07
35  7  7.21627e+07
35  8  5.31582e+07
35  9  8.41231e+07
35  10  5.18168e+07
35  11  0
35  12  5.73837e+07
35  13  4.97358e+07
35  14  8.73561e+07
35  15  0
35  16  1.18729e+08
35  17  7.95895e+07
35  18  1.02878e+08
35  19  1.05726e+08
35  20  1.04872e+08
35  21  1.66689e+08
35  22  1.23824e+08
35  23  1.47007e+08
35  24  1.10157e+08
35  25  5.91225e+07
35  26  8.78839e+07
35  27  1.24466e+08
35  28  3.94975e+07
35  29  1.24259e+08
35  30  8.88761e+07
35  31  1.69756e+08
35  32  1.93791e+08
35  33  1.47306e+08
35  34  1.55014e+08
35  35  8.15752e+07
35  36  1.11022e+08
35  37  1.0605e+08
35  38  1.29789e+08
35  39  1.10661e+08
35  40  1.15098e+08
35  41  9.76815e+07
35  42  1.00236e+08
35  43  7.88859e+07
35  44  3.53411e+07
35  45  0
35  46  0
35  47  0
35  48  0
35  49  0
35  50  0
36  0  0
36  1  0
36  2  0
36  3  0
36  4  6.03616e+07
36  5  8.1415e+07
36  6  1.12568e+08
36  7  5.92487e+07
36  8  6.56342e+07
36  9  5.43013e+07
36  10  6.58673e+07
36  11  7.16649e+07
36  12  7.48161e+07
36  13  8.99086e+07
36  14  0
36  15  7.79945e+07
36  16  1.18199e+08
36  17  1.16787e+08
36  18  7.24073e+07
36  19  1.17921e+08
36  20  1.30713e+08
36  21  1.33832e+08
36  22  9.84831e+07
36  23  1.51784e+08
36  24  4.00484e+07
36  25  1.13459e+08
36  26  4.40128e+07
36  27  8.4736e+07
36  28  1.15448e+08
36  29  1.05856e+08
36  30  1.37611e+08
36  31  1.06698e+08
36  32  1.42682e+08
36  33  1.18586e+08
36  34  1.4344e+08
36  35  1.26359e+08
36  36  1.00425e+08
36  37  8.65009e+07
36  38  1.188e+08
36  39  9.50629e+07
36  40  9.47721e+07
36  41  5.60362e+07
36  42  1.00658e+08
36  43  6.82475e+07
36  44  0
36  45  0
36  46  0
36  47  0
36  48  0
36  49  0
36  50  0
37  0  0
37  1  0
37  2  0
37  3  5.17844e+07
37  4  4.35689e+07
37  5  1.01871e+08
37  6  1.39089e+08
37  7  1.06294e+08
37  8  1.84332e+07
37  9  9.51533e+07
37  10  6.50804e+07
37  11  8.12498e+07
37  12  0
37  13  1.16159e+08
37  14  6.83423e+07
37  15  0
37  16  1.09735e+08
37  17  5.44071e+07
37  18  1.13679e+08
37  19  1.21901e+08
37  20  1.26842e+08
37  21  1.13504e+08
37  22  1.15649e+08
37  23  1.41202e+08
37  24  1.10804e+08
37  25  9.51927e+07
37  26  1.21732e+08
37  27  9.76258e+07
37  28  1.16192e+08
37  29  9.92144e+07
37  30  1.60234e+08
37  31  1.75769e+08
37  32  1.68309e+08
37  33  1.55325e+08
37  34  1.31658e+08
37  35  1.25902e+08
37  36  1.18596e+08
37  37  1.13802e+08
37  38  1.10482e+08
37  39  1.14404e+08
37  40  1.12608e+08
37  41  5.81495e+07
37  42  1.03335e+08
37  43  6.55902e+07
37  44  0
37  45  0
37  46  0
37  47  0
37  48  0
37  49  0
37  50  0
38  0  0
38  1  0
38  2  4.21444e+07
38  3  0
38  4  4.95447e+07
38  5  1.78102e+07
38  6  8.35644e+07
38  7  1.00911e+08
38  8  1.03516e+08
38  9  4.82831e+07
38  10  7.22105e+07
38  11  6.48423e+07
38  12  7.76548e+07
38  13  1.14206e+08
38  14  6.62915e+07
38  15  8.66522e+07
38  16  4.67423e+07
38  17  7.04233e+07
38  18  6.87621e+07
38  19  5.29979e+07
38  20  1.22582e+08
38  21  1.57858e+08
38  22  1.31533e+08
38  23  1.9431e+08
38  24  1.06942e+08
38  25  1.0175e+08
38  26  8.59355e+07
38  27  1.40894e+08
38  28  1.09404e+08
38  29  1.07759e+08
38  30  1.3891e+08
38  31  9.93449e+07
38  32  9.59081e+07
38  33  1.26491e+08
38  34  1.45293e+08
38  35  1.35503e+08
38  36  1.3544e+08
38  37  1.06679e+08
38  38  1.0619e+08
38  39  7.47508e+07
38  40  8.33899e+07
38  41  1.2427e+08
38  42  1.02029e+08
38  43  1.01894e+08
38  44  0
38  45  0
38  46  0
38  47  0
38  48  0
38  49  0
38  50  0
39  0  0
39  1  0
39  2  5.57941e+07
39  3  0
39  4  4.7314e+07
39  5  6.09132e+07
39  6  1.34608e+08
39  7  6.77802e+07
39  8  7.11093e+07
39  9  0
39  10  9.39002e+07
39  11  5.73789e+07
39  12  0
39  13  7.05799e+07
39  14  4.34341e+07
39  15  4.85087e+07
39  16  9.04531e+07
39  17  7.56054e+07
39  18  6.10644e+07
39  19  8.38172e+07
39  20  1.66179e+08
39  21  1.05918e+08
39  22  8.08022e+07
39  23  9.78446e+07
39  24  1.22342e+08
39  25  6.98851e+07
39  26  8.43343e+07
39  27  8.81946e+07
39  28  1.01291e+08
39  29  1.26206e+08
39  30  9.57499e+07
39  31  1.38873e+08
39  32  1.77795e+08
39  33  1.56973e+08
39  34  1.0694e+08
39  35  1.33627e+08
39  36  8.36866e+07
39  37  1.14796e+08
39  38  7.10495e+07
39  39  1.40286e+08
39  40  8.26785e+07
39  41  9.61053e+07
39  42  1.06483e+07
39  43  0
39  44  0
39  45  0
39  46  0
39  47  0
39  48  0
39  49  0
39  50  0
40  0  0
40  1  0
40  2  4.64312e+07
40  3  4.84312e+07
40  4  0
40  5  5.13832e+07
40  6  8.20866e+07
40  7  5.18983e+07
40  8  8.65862e+07
40  9  0
40  10  5.51306e+07
40  11  0
40  12  7.9747e+07
40  13  9.82636e+07
40  14  1.27969e+08
40  15  4.78073e+07
40  16  9.47233e+07
40  17  8.01191e+07
40  18  4.96047e+07
40  19  0
40  20  6.62513e+07
40  21  8.53733e+07
40  22  9.84642e+07
40  23  1.20908e+08
40  24  9.30356e+07
40  25  9.41359e+07
40  26  8.50577e+07
40  27  1.2124e+08
40  28  6.27233e+07
40  29  9.94688e+07
40  30  8.1735e+07
40  31  5.99376e+07
40  32  1.14047e+08
40  33  1.24513e+08
40  34  7.53535e+07
40  35  1.09514e+08
40  36  1.4379e+08
40  37  1.79763e+08
40  38  9.18834e+07
40  39  1.1846e+08
40  40  1.00559e+08
40  41  0
40  42  0
40  43  6.00248e+07
40  44  0
40  45  0
40  46  0
40  47  0
40  48  0
40  49  0
40  50  0
41  0  0
41  1  0
41  2  0
41  3  0
41  4  0
41  5  4.99019e+07
41  6  7.78896e+07
41  7  7.29601e+07
41  8  0
41  9  4.78377e+07
41  10  0
41  11  6.33e+07
41  12  0
41  13  8.87595e+07
41  14  1.06584e+08
41  15  0
41  16  5.47192e+07
41  17  0
41  18  0
41  19  0
41  20  8.07308e+07
41  21  6.15756e+07
41  22  1.01708e+08
41  23  3.61672e+07
41  24  7.62715e+07
41  25  4.36674e+07
41  26  0
41  27  1.05083e+08
41  28  1.63178e+07
41  29  8.42597e+07
41  30  9.85497e+07
41  31  9.39144e+07
41  32  1.1169e+08
41  33  1.39856e+08
41  34  6.1974e+07
41  35  1.47944e+08
41  36  8.97112e+07
41  37  1.01131e+08
41  38  1.09368e+08
41  39  2.79316e+07
41  40  7.75134e+07
41  41  0
41  42  0
41  43  3.35724e+07
41  44  0
41  45  0
41  46  0
41  47  0
41  48  0
41  49  0
41  50  0
42  0  0
42  1  0
42  2  0
42  3  0
42  4  0
42  5  0
42  6  4.62268e+07
42  7  4.22661e+07
42  8  1.02777e+08
42  9  1.11078e+08
42  10  0
42  11  4.16506e+07
42  12  6.23714e+07
42  13  4.54135e+07
42  14  5.03235e+07
42  15  0
42  16  0
42  17  0
42  18  0
42  19  0
42  20  0
42  21  9.14708e+07
42  22  7.18837e+07
42  23  0
42  24  0
42  25  0
42  26  4.3902e+07
42  27  7.2946e+07
42  28  5.39006e+07
42  29  0
42  30  9.34769e+07
42  31  9.76165e+07
42  32  9.45262e+07
42  33  4.71804e+07
42  34  1.00715e+08
42  35  1.18655e+08
42  36  6.45243e+07
42  37  8.07216e+07
42  38  8.25673e+07
42  39  0
42  40  5.23613e+07
42  41  6.01293e+07
42  42  0
42  43  0
42  44  0
42  45  0
42  46  0
42  47  0
42  48  0
42  49  0
42  50  0
43  0  0
43  1  0
43  2  0
43  3  0
43  4  0
43  5  0
43  6  0
43  7  0
43  8  0
43  9  0
43  10  0
43  11  0
43  12  0
43  13  4.2578e+07
43  14  5.25759e+07
43  15  3.84962e+07
43  16  3.48667e+07
43  17  0
43  18  0
43  19  0
43  20  0
43  21  5.11627e+07
43  22  0
43  23  0
43  24  0
43  25  0
43  26  0
43  27  0
43  28  7.2462e+07
43  29  8.04448e+07
43  30  6.33194e+07
43  31  1.21604e+08
43  32  9.25654e+07
43  33  2.56395e+07
43  34  1.23747e+08
43  35  0
43  36  8.71675e+07
43  37  6.94013e+07
43  38  8.65234e+07
43  39  0
43  40  0
43  41  0
43  42  0
43  43  0
43  44  0
43  45  0
43  46  0
43  47  0
43  48  0
43  49  0
43  50  0
44  0  0
44  1  0
44  2  0
44  3  0
44  4  0
44  5  0
44  6  0
44  7  0
44  8  0
44  9  0
44  10  0
44  11  0
44  12  0
44  13  0
44  14  0
44  15  0
44  16  0
44  17  0
44  18  0
44  19  0
44  20  0
44  21  0
44  22  0
44  23  0
44  24  0
44  25  0
44  26  0
44  27  0
44  28  0
44  29  4.27104e+07
44  30  7.40397e+07
44  31  7.21022e+07
44  32  0
44  33  6.46034e+07
44  34  5.88304e+07
44  35  5.14164e+07
44  36  6.47044e+07
44  37  0
44  38  0
44  39  0
44  40  0
44  41  0
44  42  0
44  43  0
44  44  0
44  45  0
44  46  0
44  47  0
44  48  0
44  49  0
44  50  0
45  0  0
45  1  0
45  2  0
45  3  0
45  4  0
45  5  0
45  6  0
45  7  0
45  8  0
45  9  0
45  10  0
45  11  0
45  12  0
45  13  0
45  14  0
45  15  0
45  16  0
45  17  0
45  18  0
45  19  0
45  20  0
45  21  0
45  22  0
45  23  0
45  24  0
45  25  0
45  26  0
45  27  0
45  28  0
45  29  0
45  30  0
45  31  7.78024e+07
45  32  0
45  33  7.6654e+07
45  34  0
45  35  5.08206e+07
45  36  0
45  37  0
45  38  0
45  39  0
45  40  0
45  41  0
45  42  0
45  43  0
45  44  0
45  45  0
45  46  0
45  47  0
45  48  0
45  49  0
45  50  0
46  0  0
46  1  0
46  2  0
46  3  0
46  4  0
46  5  0
46  6  0
46  7  0
46  8  0
46  9  0
46  10  0
46  11  0
46  12  0
46  13  0
46  14  0
46  15  0
46  16  0
46  17  0
46  18  0
46  19  0
46  20  0
46  21  0
46  22  0
46  23  0
46  24  0
46  25  0
46  26  0
46  27  0
46  28  0
46  29  0
46  30  0
46  31  0
46  32  0
46  33  0
46  34  0
46  35  0
46  36  0
46  37  0
46  38  0
46  39  0
46  40  0
46  41  0
46  42  0
46  43  0
46  44  0
46  45  0
46  46  0
46  47  0
46  48  0
46  49  0
46  50  0
47  0  0
47  1  0
47  2  0
47  3  0
47  4  0
47  5  0
47  6  0
47  7  0
47  8  0
47  9  0
47  10  0
47  11  0
47  12  0
47  13  0
47  14  0
47  15  0
47  16  0
47  17  0
47  18  0
47  19  0
47  20  0
47  21  0
47  22  0
47  23  0
47  24  0
47  25  0
47  26  0
47  27  0
47  28  0
47  29  0
47  30  0
47  31  0
47  32  0
47  33  0
47  34  0
47  35  0
47  36  0
47  37  0
47  38  0
47  39  0
47  40  0
47  41  0
47  42  0
47  43  0
47  44  0
47  45  0
47  46  0
47  47  0
47  48  0
47  49  0
47  50  0
48  0  0
48  1  0
48  2  0
48  3  0
48  4  0
48  5  0
48  6  0
48  7  0
48  8  0
48  9  0
48  10  0
48  11  0
48  12  0
48  13  0
48  14  0
48  15  0
48  16  0
48  17  0
48  18  0
48  19  0
48  20  0
48  21  0
48  22  0
48  23  0
48  24  0
48  25  0
48  26  0
48  27  0
48  28  0
48  29  0
48  30  0
48  31  0
48  32  0
48  33  0
48  34  0
48  35  0
48  36  0
48  37  0
48  38  0
48  39  0
48  40  0
48  41  0
48  42  0
48  43  0
48  44  0
48  45  0
48  46  0
48  47  0
48  48  0
48  49  0
48  50  0
49  0  0
49  1  0
49  2  0
49  3  0
49  4  0
49  5  0
49  6  0
49  7  0
49  8  0
49  9  0
49  10  0
49  11  0
49  12  0
49  13  0
49  14  0
49  15  0
49  16  0
49  17  0
49  18  0
49  19  0
49  20  0
49  21  0
49  22  0
49  23  0
49  24  0
49  25  0
49  26  0
49  27  0
49  28  0
49  29  0
49  30  0
49  31  0
49  32  0
49  33  0
49  34  0
49  35  0
49  36  0
49  37  0
49  38  0
49  39  0
49  40  0
49  41  0
49  42  0
49  43  0
49  44  0
49  45  0
49  46  0
49  47  0
49  48  0
49  49  0
49  50  0
50  0  0
50  1  0
50  2  0
50  3  0
50  4  0
50  5  0
50  6  0
50  7  0
50  8  0
50  9  0
50  10  0
50  11  0
50  12  0
50  13  0
50  14  0
50  15  0
50  16  0
50  17  0
50  18  0
50  19  0
50  20  0
50  21  0
50  22  0
50  23  0
50  24  0
50  25  0
50  26  0
50  27  0
50  28  0
50  29  0
50  30  0
50  31  0
50  32  0
50  33  0
50  34  0
50  35  0
50  36  0
50  37  0
50  38  0
50  39  0
50  40  0
50  41  0
50  42  0
50  43  0
50  44  0
50  45  0
50  46  0
50  47  0
50  48  0
50  49  0
50  50  0

