row  column  (images_9.edf Ca_K*images_9.edf Ar_K**2.3)
0  0  4.5383e+09
0  1  4.08937e+09
0  2  4.07461e+09
0  3  3.535e+09
0  4  3.56479e+09
0  5  3.29112e+09
0  6  2.75994e+09
0  7  2.80668e+09
0  8  2.966e+09
0  9  2.90027e+09
0  10  2.74557e+09
0  11  2.49996e+09
0  12  2.76063e+09
0  13  2.73896e+09
0  14  2.72379e+09
0  15  2.51552e+09
0  16  2.77601e+09
0  17  3.00124e+09
0  18  3.16719e+09
0  19  3.50288e+09
0  20  3.53259e+09
0  21  3.49743e+09
0  22  3.97837e+09
0  23  3.26311e+09
0  24  3.54304e+09
0  25  3.51269e+09
0  26  4.07374e+09
0  27  4.22747e+09
0  28  3.38312e+09
0  29  3.30693e+09
0  30  3.16818e+09
0  31  3.2224e+09
0  32  3.30485e+09
0  33  4.08884e+09
0  34  4.43928e+09
0  35  4.8015e+09
0  36  5.46479e+09
0  37  5.67262e+09
0  38  5.95093e+09
0  39  6.43128e+09
0  40  7.2931e+09
0  41  6.25393e+09
0  42  5.79147e+09
0  43  5.96461e+09
0  44  6.31568e+09
0  45  5.51324e+09
0  46  5.58014e+09
0  47  5.59041e+09
0  48  5.55752e+09
0  49  6.09531e+09
0  50  5.99987e+09
1  0  5.07044e+09
1  1  4.29122e+09
1  2  4.00229e+09
1  3  3.54282e+09
1  4  3.54429e+09
1  5  3.24451e+09
1  6  3.46037e+09
1  7  3.04957e+09
1  8  3.04451e+09
1  9  2.99958e+09
1  10  2.97141e+09
1  11  2.71155e+09
1  12  2.76569e+09
1  13  2.70413e+09
1  14  2.90012e+09
1  15  2.66971e+09
1  16  2.47244e+09
1  17  2.96159e+09
1  18  3.16736e+09
1  19  3.72931e+09
1  20  3.61545e+09
1  21  3.44685e+09
1  22  3.71819e+09
1  23  3.43341e+09
1  24  3.83848e+09
1  25  3.77498e+09
1  26  3.99999e+09
1  27  3.6382e+09
1  28  3.42178e+09
1  29  3.17666e+09
1  30  3.24932e+09
1  31  3.53893e+09
1  32  3.26153e+09
1  33  3.99828e+09
1  34  4.887e+09
1  35  5.06016e+09
1  36  5.83633e+09
1  37  5.75451e+09
1  38  5.41086e+09
1  39  6.52206e+09
1  40  6.45422e+09
1  41  6.45968e+09
1  42  5.70929e+09
1  43  5.69094e+09
1  44  5.94997e+09
1  45  5.66515e+09
1  46  5.81247e+09
1  47  5.80512e+09
1  48  5.86787e+09
1  49  5.69342e+09
1  50  5.87241e+09
2  0  5.17044e+09
2  1  4.72402e+09
2  2  3.91821e+09
2  3  3.7685e+09
2  4  3.75617e+09
2  5  3.43462e+09
2  6  3.61201e+09
2  7  3.1508e+09
2  8  3.46469e+09
2  9  3.2989e+09
2  10  3.31352e+09
2  11  2.84133e+09
2  12  2.922e+09
2  13  2.79517e+09
2  14  2.76969e+09
2  15  2.75606e+09
2  16  2.55455e+09
2  17  2.64891e+09
2  18  2.98895e+09
2  19  3.31899e+09
2  20  3.46386e+09
2  21  3.38544e+09
2  22  3.45799e+09
2  23  2.95616e+09
2  24  4.04956e+09
2  25  4.06084e+09
2  26  3.98249e+09
2  27  3.76572e+09
2  28  3.29118e+09
2  29  3.29734e+09
2  30  3.68794e+09
2  31  3.35653e+09
2  32  3.29843e+09
2  33  4.18428e+09
2  34  4.52563e+09
2  35  4.76031e+09
2  36  5.20639e+09
2  37  5.4378e+09
2  38  5.47091e+09
2  39  6.18621e+09
2  40  6.1126e+09
2  41  5.5524e+09
2  42  5.32374e+09
2  43  5.54949e+09
2  44  5.12848e+09
2  45  5.72281e+09
2  46  5.87804e+09
2  47  5.68315e+09
2  48  5.67245e+09
2  49  5.81422e+09
2  50  6.14767e+09
3  0  5.17783e+09
3  1  5.0776e+09
3  2  4.25335e+09
3  3  3.6812e+09
3  4  3.62418e+09
3  5  3.50219e+09
3  6  3.48138e+09
3  7  3.17152e+09
3  8  3.38724e+09
3  9  3.151e+09
3  10  3.20457e+09
3  11  2.53337e+09
3  12  2.72451e+09
3  13  2.70617e+09
3  14  2.97293e+09
3  15  2.61397e+09
3  16  2.73635e+09
3  17  2.81774e+09
3  18  3.27227e+09
3  19  3.47187e+09
3  20  3.2827e+09
3  21  3.15154e+09
3  22  3.50754e+09
3  23  3.18226e+09
3  24  3.51872e+09
3  25  3.50207e+09
3  26  4.07777e+09
3  27  3.87224e+09
3  28  3.41637e+09
3  29  3.43869e+09
3  30  3.23388e+09
3  31  3.10279e+09
3  32  3.45167e+09
3  33  4.06096e+09
3  34  4.41084e+09
3  35  4.30487e+09
3  36  5.5153e+09
3  37  5.29389e+09
3  38  5.44204e+09
3  39  6.26992e+09
3  40  5.96321e+09
3  41  5.63841e+09
3  42  5.32829e+09
3  43  5.36828e+09
3  44  5.28497e+09
3  45  4.80301e+09
3  46  5.18733e+09
3  47  5.93554e+09
3  48  5.86762e+09
3  49  5.93991e+09
3  50  5.89191e+09
4  0  5.58545e+09
4  1  5.61425e+09
4  2  4.19344e+09
4  3  3.85684e+09
4  4  3.73457e+09
4  5  3.5785e+09
4  6  3.3842e+09
4  7  3.55784e+09
4  8  3.4452e+09
4  9  3.29998e+09
4  10  3.2831e+09
4  11  3.16737e+09
4  12  2.85934e+09
4  13  3.0488e+09
4  14  3.15613e+09
4  15  2.73209e+09
4  16  2.71565e+09
4  17  2.94096e+09
4  18  3.15432e+09
4  19  3.35706e+09
4  20  3.17812e+09
4  21  3.26327e+09
4  22  3.58185e+09
4  23  3.01456e+09
4  24  3.4445e+09
4  25  3.5479e+09
4  26  3.90517e+09
4  27  3.86585e+09
4  28  3.33459e+09
4  29  3.62318e+09
4  30  3.55569e+09
4  31  3.29392e+09
4  32  3.40132e+09
4  33  3.63298e+09
4  34  4.40517e+09
4  35  4.53163e+09
4  36  5.52545e+09
4  37  5.38736e+09
4  38  5.43942e+09
4  39  5.41036e+09
4  40  5.9961e+09
4  41  5.91192e+09
4  42  5.29451e+09
4  43  4.93278e+09
4  44  5.16009e+09
4  45  4.92149e+09
4  46  4.9122e+09
4  47  5.7979e+09
4  48  5.95854e+09
4  49  5.80494e+09
4  50  5.94986e+09
5  0  5.5853e+09
5  1  5.12361e+09
5  2  4.54253e+09
5  3  3.60866e+09
5  4  3.77103e+09
5  5  3.94831e+09
5  6  3.68028e+09
5  7  3.59407e+09
5  8  3.63155e+09
5  9  3.35178e+09
5  10  3.52807e+09
5  11  3.3415e+09
5  12  2.91418e+09
5  13  3.44778e+09
5  14  3.39934e+09
5  15  2.95777e+09
5  16  2.89578e+09
5  17  3.048e+09
5  18  3.33678e+09
5  19  3.35205e+09
5  20  3.40415e+09
5  21  3.2961e+09
5  22  3.50378e+09
5  23  3.1632e+09
5  24  3.35997e+09
5  25  3.54026e+09
5  26  3.9661e+09
5  27  4.23753e+09
5  28  3.36576e+09
5  29  3.82933e+09
5  30  3.90948e+09
5  31  3.40338e+09
5  32  3.41384e+09
5  33  3.73686e+09
5  34  4.35345e+09
5  35  4.48814e+09
5  36  4.99935e+09
5  37  4.88939e+09
5  38  5.27903e+09
5  39  5.66275e+09
5  40  5.54539e+09
5  41  5.91418e+09
5  42  5.23329e+09
5  43  4.85977e+09
5  44  4.66923e+09
5  45  4.70333e+09
5  46  4.82421e+09
5  47  5.7138e+09
5  48  6.20131e+09
5  49  6.04833e+09
5  50  6.00891e+09
6  0  6.26711e+09
6  1  5.70226e+09
6  2  4.82575e+09
6  3  4.17184e+09
6  4  3.86763e+09
6  5  3.8586e+09
6  6  3.48007e+09
6  7  4.02691e+09
6  8  3.93764e+09
6  9  3.76669e+09
6  10  3.71794e+09
6  11  3.36138e+09
6  12  3.28659e+09
6  13  3.14536e+09
6  14  3.19442e+09
6  15  3.16904e+09
6  16  2.72082e+09
6  17  2.93241e+09
6  18  3.28786e+09
6  19  3.40128e+09
6  20  3.73838e+09
6  21  3.50274e+09
6  22  3.37697e+09
6  23  3.07997e+09
6  24  3.02642e+09
6  25  3.29779e+09
6  26  3.80548e+09
6  27  4.14534e+09
6  28  3.4348e+09
6  29  3.65707e+09
6  30  3.87631e+09
6  31  3.47251e+09
6  32  3.31023e+09
6  33  3.91856e+09
6  34  3.83647e+09
6  35  4.48825e+09
6  36  4.90115e+09
6  37  4.86818e+09
6  38  4.73726e+09
6  39  5.09387e+09
6  40  5.53994e+09
6  41  6.16908e+09
6  42  5.39734e+09
6  43  4.65266e+09
6  44  5.01352e+09
6  45  4.99517e+09
6  46  5.2635e+09
6  47  5.55514e+09
6  48  5.97434e+09
6  49  6.03823e+09
6  50  6.07287e+09
7  0  5.8411e+09
7  1  5.15806e+09
7  2  4.72996e+09
7  3  3.94899e+09
7  4  3.99692e+09
7  5  3.6856e+09
7  6  4.09198e+09
7  7  3.62725e+09
7  8  4.1529e+09
7  9  3.6483e+09
7  10  3.51655e+09
7  11  3.50707e+09
7  12  3.15633e+09
7  13  3.43476e+09
7  14  3.52668e+09
7  15  3.10266e+09
7  16  2.97574e+09
7  17  2.91588e+09
7  18  2.99252e+09
7  19  3.27101e+09
7  20  3.50264e+09
7  21  3.32583e+09
7  22  3.79987e+09
7  23  3.24242e+09
7  24  3.11345e+09
7  25  3.42745e+09
7  26  3.96088e+09
7  27  3.9747e+09
7  28  4.00612e+09
7  29  3.93757e+09
7  30  3.8252e+09
7  31  3.50883e+09
7  32  3.48233e+09
7  33  3.62637e+09
7  34  4.08222e+09
7  35  4.16434e+09
7  36  4.68271e+09
7  37  5.03791e+09
7  38  5.20458e+09
7  39  5.46765e+09
7  40  5.8748e+09
7  41  5.55864e+09
7  42  5.05147e+09
7  43  5.04972e+09
7  44  5.18307e+09
7  45  4.85616e+09
7  46  4.7086e+09
7  47  5.32275e+09
7  48  6.20302e+09
7  49  6.1246e+09
7  50  6.21737e+09
8  0  6.41917e+09
8  1  5.54697e+09
8  2  4.52224e+09
8  3  4.2264e+09
8  4  3.76558e+09
8  5  4.15338e+09
8  6  3.74577e+09
8  7  3.76499e+09
8  8  4.09981e+09
8  9  4.03761e+09
8  10  3.5285e+09
8  11  3.67493e+09
8  12  3.47299e+09
8  13  3.48687e+09
8  14  3.48631e+09
8  15  3.19333e+09
8  16  3.09945e+09
8  17  3.2182e+09
8  18  3.15339e+09
8  19  3.44164e+09
8  20  3.30985e+09
8  21  3.50249e+09
8  22  3.56026e+09
8  23  3.27434e+09
8  24  3.31121e+09
8  25  3.54805e+09
8  26  3.70726e+09
8  27  4.17242e+09
8  28  3.64156e+09
8  29  3.77205e+09
8  30  3.86591e+09
8  31  3.52497e+09
8  32  3.85626e+09
8  33  3.73387e+09
8  34  3.79913e+09
8  35  3.78164e+09
8  36  4.49273e+09
8  37  5.29923e+09
8  38  4.71863e+09
8  39  5.03673e+09
8  40  5.17827e+09
8  41  5.40886e+09
8  42  5.3081e+09
8  43  5.16242e+09
8  44  5.07869e+09
8  45  4.65306e+09
8  46  4.63345e+09
8  47  5.26426e+09
8  48  5.67897e+09
8  49  5.96633e+09
8  50  5.97463e+09
9  0  6.14245e+09
9  1  5.62678e+09
9  2  4.79103e+09
9  3  4.2476e+09
9  4  4.00378e+09
9  5  3.74789e+09
9  6  3.56996e+09
9  7  3.89715e+09
9  8  3.9927e+09
9  9  3.8076e+09
9  10  3.75169e+09
9  11  3.62961e+09
9  12  3.65688e+09
9  13  3.36109e+09
9  14  3.55852e+09
9  15  3.51678e+09
9  16  3.28865e+09
9  17  3.03502e+09
9  18  3.30718e+09
9  19  3.66993e+09
9  20  3.44203e+09
9  21  3.43092e+09
9  22  3.52478e+09
9  23  3.24347e+09
9  24  3.2708e+09
9  25  3.43076e+09
9  26  3.92475e+09
9  27  4.51713e+09
9  28  4.20892e+09
9  29  4.29947e+09
9  30  4.28353e+09
9  31  3.42116e+09
9  32  3.81575e+09
9  33  3.80736e+09
9  34  3.70487e+09
9  35  3.79487e+09
9  36  4.47142e+09
9  37  4.60296e+09
9  38  4.62487e+09
9  39  5.00763e+09
9  40  5.43379e+09
9  41  5.30872e+09
9  42  5.49261e+09
9  43  4.87194e+09
9  44  5.08313e+09
9  45  4.92742e+09
9  46  4.88815e+09
9  47  5.03373e+09
9  48  5.9037e+09
9  49  6.5675e+09
9  50  6.55891e+09
10  0  6.31499e+09
10  1  5.59526e+09
10  2  5.52488e+09
10  3  4.26226e+09
10  4  3.90687e+09
10  5  3.84169e+09
10  6  3.66546e+09
10  7  3.80657e+09
10  8  3.83953e+09
10  9  4.1232e+09
10  10  3.73541e+09
10  11  3.48929e+09
10  12  3.52463e+09
10  13  3.79742e+09
10  14  3.6454e+09
10  15  3.51916e+09
10  16  3.05847e+09
10  17  3.38019e+09
10  18  3.34633e+09
10  19  3.64591e+09
10  20  3.63958e+09
10  21  3.66873e+09
10  22  3.35431e+09
10  23  3.38248e+09
10  24  2.86394e+09
10  25  3.74469e+09
10  26  3.86082e+09
10  27  4.26692e+09
10  28  4.54597e+09
10  29  4.14979e+09
10  30  4.75688e+09
10  31  3.89541e+09
10  32  3.86663e+09
10  33  4.05718e+09
10  34  4.10241e+09
10  35  3.98882e+09
10  36  4.38323e+09
10  37  4.77489e+09
10  38  5.03286e+09
10  39  4.58732e+09
10  40  4.85314e+09
10  41  5.36218e+09
10  42  5.61949e+09
10  43  5.48805e+09
10  44  5.47944e+09
10  45  4.84545e+09
10  46  4.62949e+09
10  47  4.871e+09
10  48  5.07959e+09
10  49  5.82282e+09
10  50  6.72844e+09
11  0  6.3721e+09
11  1  6.08436e+09
11  2  5.63518e+09
11  3  4.23604e+09
11  4  3.73093e+09
11  5  3.84634e+09
11  6  3.61929e+09
11  7  3.86242e+09
11  8  4.12118e+09
11  9  4.20773e+09
11  10  3.56457e+09
11  11  3.64934e+09
11  12  3.8297e+09
11  13  3.40943e+09
11  14  3.53559e+09
11  15  3.7178e+09
11  16  3.60452e+09
11  17  3.3519e+09
11  18  3.55282e+09
11  19  4.10886e+09
11  20  3.9222e+09
11  21  3.44297e+09
11  22  3.35988e+09
11  23  3.46977e+09
11  24  3.2792e+09
11  25  3.89077e+09
11  26  4.09656e+09
11  27  4.41235e+09
11  28  4.36175e+09
11  29  4.49869e+09
11  30  4.58991e+09
11  31  3.75712e+09
11  32  4.12783e+09
11  33  4.25921e+09
11  34  4.04988e+09
11  35  4.13e+09
11  36  4.57903e+09
11  37  5.10445e+09
11  38  4.62353e+09
11  39  4.91877e+09
11  40  4.91434e+09
11  41  5.57284e+09
11  42  5.74261e+09
11  43  5.41534e+09
11  44  5.65334e+09
11  45  4.87958e+09
11  46  4.79146e+09
11  47  5.08638e+09
11  48  5.49136e+09
11  49  6.00514e+09
11  50  6.4881e+09
12  0  5.89549e+09
12  1  5.99405e+09
12  2  5.35146e+09
12  3  4.52001e+09
12  4  4.07378e+09
12  5  3.79278e+09
12  6  3.69329e+09
12  7  3.6912e+09
12  8  4.01502e+09
12  9  4.28375e+09
12  10  4.08299e+09
12  11  3.49301e+09
12  12  3.54601e+09
12  13  3.53657e+09
12  14  3.75696e+09
12  15  3.47028e+09
12  16  3.51521e+09
12  17  3.59136e+09
12  18  3.77011e+09
12  19  4.1436e+09
12  20  4.00757e+09
12  21  3.74305e+09
12  22  3.748e+09
12  23  3.71785e+09
12  24  3.36539e+09
12  25  3.76969e+09
12  26  3.95563e+09
12  27  4.34279e+09
12  28  4.85298e+09
12  29  4.49415e+09
12  30  4.73486e+09
12  31  4.02061e+09
12  32  4.21777e+09
12  33  4.25832e+09
12  34  4.29049e+09
12  35  3.82782e+09
12  36  4.34401e+09
12  37  4.92758e+09
12  38  4.93367e+09
12  39  4.80027e+09
12  40  5.10289e+09
12  41  5.13192e+09
12  42  5.93756e+09
12  43  5.77315e+09
12  44  5.50064e+09
12  45  4.89955e+09
12  46  4.73174e+09
12  47  5.1361e+09
12  48  5.12949e+09
12  49  5.76754e+09
12  50  6.66401e+09
13  0  6.2744e+09
13  1  5.79372e+09
13  2  5.37363e+09
13  3  5.26361e+09
13  4  4.37482e+09
13  5  3.90702e+09
13  6  3.85866e+09
13  7  3.48581e+09
13  8  4.15743e+09
13  9  4.23151e+09
13  10  4.43405e+09
13  11  3.54698e+09
13  12  3.51787e+09
13  13  3.52274e+09
13  14  3.80146e+09
13  15  3.70301e+09
13  16  3.74137e+09
13  17  3.32664e+09
13  18  4.10559e+09
13  19  4.00976e+09
13  20  3.85825e+09
13  21  3.88752e+09
13  22  3.40808e+09
13  23  3.70909e+09
13  24  3.62039e+09
13  25  4.28404e+09
13  26  4.45595e+09
13  27  4.49016e+09
13  28  4.85306e+09
13  29  4.6293e+09
13  30  5.00909e+09
13  31  4.23286e+09
13  32  3.98319e+09
13  33  4.20704e+09
13  34  4.2306e+09
13  35  4.20862e+09
13  36  4.53482e+09
13  37  4.97235e+09
13  38  4.72474e+09
13  39  5.06224e+09
13  40  5.06587e+09
13  41  5.46644e+09
13  42  5.52304e+09
13  43  5.57253e+09
13  44  5.72441e+09
13  45  5.31832e+09
13  46  5.26831e+09
13  47  5.07432e+09
13  48  5.40727e+09
13  49  5.79844e+09
13  50  6.52652e+09
14  0  6.05506e+09
14  1  5.96687e+09
14  2  5.6147e+09
14  3  4.6368e+09
14  4  4.35686e+09
14  5  3.78059e+09
14  6  3.83032e+09
14  7  3.60157e+09
14  8  3.86611e+09
14  9  4.30791e+09
14  10  4.20256e+09
14  11  3.63893e+09
14  12  3.81768e+09
14  13  3.91736e+09
14  14  3.45248e+09
14  15  3.73629e+09
14  16  4.03252e+09
14  17  3.50552e+09
14  18  3.74926e+09
14  19  3.92253e+09
14  20  4.34382e+09
14  21  4.39101e+09
14  22  3.93455e+09
14  23  3.67637e+09
14  24  3.71587e+09
14  25  3.49786e+09
14  26  4.31468e+09
14  27  4.52656e+09
14  28  4.85484e+09
14  29  5.12581e+09
14  30  4.61237e+09
14  31  4.99283e+09
14  32  4.51582e+09
14  33  4.10199e+09
14  34  4.35657e+09
14  35  4.22795e+09
14  36  4.12334e+09
14  37  4.75113e+09
14  38  4.78916e+09
14  39  5.17251e+09
14  40  5.21498e+09
14  41  5.05835e+09
14  42  5.61018e+09
14  43  5.44445e+09
14  44  5.87179e+09
14  45  5.91576e+09
14  46  5.14757e+09
14  47  4.97306e+09
14  48  5.20354e+09
14  49  5.25516e+09
14  50  6.31928e+09
15  0  6.6436e+09
15  1  6.17111e+09
15  2  5.64324e+09
15  3  4.79441e+09
15  4  4.22898e+09
15  5  3.78035e+09
15  6  3.82271e+09
15  7  3.48571e+09
15  8  3.95356e+09
15  9  4.50123e+09
15  10  4.20767e+09
15  11  3.46905e+09
15  12  3.85562e+09
15  13  3.73429e+09
15  14  3.48745e+09
15  15  3.81361e+09
15  16  3.83432e+09
15  17  3.64757e+09
15  18  3.81141e+09
15  19  4.47697e+09
15  20  4.56816e+09
15  21  4.60903e+09
15  22  3.99339e+09
15  23  3.76457e+09
15  24  4.11851e+09
15  25  4.10348e+09
15  26  4.28808e+09
15  27  4.84987e+09
15  28  5.33057e+09
15  29  4.99504e+09
15  30  5.08758e+09
15  31  4.62841e+09
15  32  4.71366e+09
15  33  4.59608e+09
15  34  4.26716e+09
15  35  4.21602e+09
15  36  4.63624e+09
15  37  4.94577e+09
15  38  5.02402e+09
15  39  5.10584e+09
15  40  5.20658e+09
15  41  5.41019e+09
15  42  5.7661e+09
15  43  5.40566e+09
15  44  5.6656e+09
15  45  5.57417e+09
15  46  5.02016e+09
15  47  5.30101e+09
15  48  4.99979e+09
15  49  5.33146e+09
15  50  6.16678e+09
16  0  6.29177e+09
16  1  5.69332e+09
16  2  5.89995e+09
16  3  5.11275e+09
16  4  4.50445e+09
16  5  3.83341e+09
16  6  4.02443e+09
16  7  3.79502e+09
16  8  3.65242e+09
16  9  4.56932e+09
16  10  4.23924e+09
16  11  3.93633e+09
16  12  3.62805e+09
16  13  3.72882e+09
16  14  3.87409e+09
16  15  3.68469e+09
16  16  3.78722e+09
16  17  3.45469e+09
16  18  4.13306e+09
16  19  4.54743e+09
16  20  4.89399e+09
16  21  4.81898e+09
16  22  4.12482e+09
16  23  3.89054e+09
16  24  4.18469e+09
16  25  3.78778e+09
16  26  3.89065e+09
16  27  4.74621e+09
16  28  5.38252e+09
16  29  5.31253e+09
16  30  4.84451e+09
16  31  4.63264e+09
16  32  4.73184e+09
16  33  4.52798e+09
16  34  4.54822e+09
16  35  4.04769e+09
16  36  4.41953e+09
16  37  4.92547e+09
16  38  5.10665e+09
16  39  5.29414e+09
16  40  4.67692e+09
16  41  5.4716e+09
16  42  6.11915e+09
16  43  5.83666e+09
16  44  5.41458e+09
16  45  5.76235e+09
16  46  5.5507e+09
16  47  5.55972e+09
16  48  4.90966e+09
16  49  5.25659e+09
16  50  5.8308e+09
17  0  6.36058e+09
17  1  6.20931e+09
17  2  5.73691e+09
17  3  5.01123e+09
17  4  4.16979e+09
17  5  3.86938e+09
17  6  4.02871e+09
17  7  3.72967e+09
17  8  3.78617e+09
17  9  4.07082e+09
17  10  4.47388e+09
17  11  3.84508e+09
17  12  3.81981e+09
17  13  3.60778e+09
17  14  3.52646e+09
17  15  3.76952e+09
17  16  3.72334e+09
17  17  3.87179e+09
17  18  3.89218e+09
17  19  4.73133e+09
17  20  4.51328e+09
17  21  4.1868e+09
17  22  4.09336e+09
17  23  4.08558e+09
17  24  3.87651e+09
17  25  3.66081e+09
17  26  3.9604e+09
17  27  4.92899e+09
17  28  5.21003e+09
17  29  5.55961e+09
17  30  4.97798e+09
17  31  4.94682e+09
17  32  5.19753e+09
17  33  4.44299e+09
17  34  4.66376e+09
17  35  4.31575e+09
17  36  4.3526e+09
17  37  5.08849e+09
17  38  5.53212e+09
17  39  5.19253e+09
17  40  4.9749e+09
17  41  5.06319e+09
17  42  5.83943e+09
17  43  5.45241e+09
17  44  5.45511e+09
17  45  5.5839e+09
17  46  5.70035e+09
17  47  5.48699e+09
17  48  5.26795e+09
17  49  5.07517e+09
17  50  5.85748e+09
18  0  5.90374e+09
18  1  5.74691e+09
18  2  5.12351e+09
18  3  5.10881e+09
18  4  4.08303e+09
18  5  3.52302e+09
18  6  3.90875e+09
18  7  3.94655e+09
18  8  4.10162e+09
18  9  4.36346e+09
18  10  4.19217e+09
18  11  3.76e+09
18  12  3.87726e+09
18  13  3.74579e+09
18  14  4.0388e+09
18  15  4.02492e+09
18  16  3.8441e+09
18  17  4.05941e+09
18  18  4.41916e+09
18  19  4.69232e+09
18  20  5.02452e+09
18  21  4.69102e+09
18  22  4.25521e+09
18  23  4.21141e+09
18  24  4.06676e+09
18  25  3.89784e+09
18  26  3.68869e+09
18  27  5.09765e+09
18  28  5.29994e+09
18  29  5.49816e+09
18  30  5.03855e+09
18  31  5.33914e+09
18  32  4.75114e+09
18  33  4.56182e+09
18  34  4.55744e+09
18  35  4.16988e+09
18  36  4.67367e+09
18  37  5.45343e+09
18  38  5.26219e+09
18  39  4.98962e+09
18  40  4.87903e+09
18  41  5.31462e+09
18  42  5.61477e+09
18  43  5.76454e+09
18  44  5.22188e+09
18  45  5.17976e+09
18  46  5.17959e+09
18  47  4.93027e+09
18  48  4.95853e+09
18  49  5.3821e+09
18  50  5.62265e+09
19  0  6.48028e+09
19  1  5.9509e+09
19  2  4.98052e+09
19  3  4.92559e+09
19  4  3.94434e+09
19  5  3.50366e+09
19  6  3.80328e+09
19  7  3.98237e+09
19  8  4.41078e+09
19  9  4.40087e+09
19  10  4.229e+09
19  11  3.97655e+09
19  12  3.99195e+09
19  13  4.2585e+09
19  14  4.23196e+09
19  15  4.01724e+09
19  16  4.25661e+09
19  17  4.09453e+09
19  18  4.95885e+09
19  19  5.41037e+09
19  20  4.78857e+09
19  21  4.43619e+09
19  22  4.25876e+09
19  23  4.0512e+09
19  24  3.76969e+09
19  25  3.97847e+09
19  26  3.97378e+09
19  27  5.08661e+09
19  28  5.74135e+09
19  29  5.44695e+09
19  30  5.02548e+09
19  31  5.01728e+09
19  32  5.40575e+09
19  33  4.92318e+09
19  34  4.7011e+09
19  35  4.27491e+09
19  36  4.23037e+09
19  37  5.4242e+09
19  38  5.72951e+09
19  39  4.84318e+09
19  40  5.01958e+09
19  41  5.56194e+09
19  42  5.64699e+09
19  43  5.83098e+09
19  44  4.83128e+09
19  45  5.30931e+09
19  46  5.16933e+09
19  47  4.96618e+09
19  48  4.8045e+09
19  49  5.30291e+09
19  50  5.2247e+09
20  0  6.47443e+09
20  1  5.49021e+09
20  2  4.80427e+09
20  3  4.53144e+09
20  4  4.10776e+09
20  5  3.47145e+09
20  6  3.80027e+09
20  7  4.25876e+09
20  8  3.98725e+09
20  9  4.12633e+09
20  10  4.15341e+09
20  11  4.1136e+09
20  12  3.80898e+09
20  13  4.19381e+09
20  14  4.33001e+09
20  15  4.40707e+09
20  16  4.33272e+09
20  17  4.4541e+09
20  18  4.552e+09
20  19  5.0955e+09
20  20  4.987e+09
20  21  4.50147e+09
20  22  4.19571e+09
20  23  4.18254e+09
20  24  3.69515e+09
20  25  4.07556e+09
20  26  4.13472e+09
20  27  5.05104e+09
20  28  5.30791e+09
20  29  5.89213e+09
20  30  5.45967e+09
20  31  5.3e+09
20  32  5.10721e+09
20  33  4.97619e+09
20  34  4.95636e+09
20  35  4.1279e+09
20  36  4.18167e+09
20  37  5.34431e+09
20  38  5.36863e+09
20  39  4.9693e+09
20  40  4.71167e+09
20  41  5.03698e+09
20  42  5.54418e+09
20  43  5.32766e+09
20  44  4.70968e+09
20  45  4.97371e+09
20  46  4.60248e+09
20  47  4.59637e+09
20  48  4.78782e+09
20  49  4.90791e+09
20  50  5.12573e+09
21  0  6.1275e+09
21  1  5.64477e+09
21  2  4.67167e+09
21  3  4.70487e+09
21  4  4.06034e+09
21  5  3.60749e+09
21  6  3.97563e+09
21  7  4.24115e+09
21  8  3.97597e+09
21  9  4.23248e+09
21  10  4.3436e+09
21  11  4.43494e+09
21  12  4.03923e+09
21  13  4.49772e+09
21  14  4.48263e+09
21  15  4.47283e+09
21  16  4.39931e+09
21  17  4.64305e+09
21  18  4.90446e+09
21  19  4.95009e+09
21  20  4.40867e+09
21  21  4.36825e+09
21  22  4.35506e+09
21  23  4.05284e+09
21  24  3.91273e+09
21  25  4.29296e+09
21  26  4.33744e+09
21  27  5.37953e+09
21  28  5.54703e+09
21  29  5.49635e+09
21  30  5.12394e+09
21  31  5.40497e+09
21  32  5.24408e+09
21  33  4.96509e+09
21  34  4.74192e+09
21  35  4.68389e+09
21  36  4.74108e+09
21  37  5.5671e+09
21  38  5.36171e+09
21  39  4.40619e+09
21  40  4.90965e+09
21  41  4.93744e+09
21  42  4.77422e+09
21  43  4.65955e+09
21  44  4.69915e+09
21  45  5.37196e+09
21  46  4.69943e+09
21  47  4.49405e+09
21  48  4.33324e+09
21  49  4.38063e+09
21  50  4.65179e+09
22  0  6.10601e+09
22  1  5.33165e+09
22  2  4.62051e+09
22  3  4.93338e+09
22  4  3.97052e+09
22  5  3.57077e+09
22  6  3.94413e+09
22  7  4.29815e+09
22  8  4.1639e+09
22  9  4.54485e+09
22  10  4.46558e+09
22  11  4.1585e+09
22  12  3.99581e+09
22  13  4.56818e+09
22  14  4.7027e+09
22  15  4.66192e+09
22  16  4.57235e+09
22  17  4.67614e+09
22  18  5.21343e+09
22  19  5.33689e+09
22  20  4.80397e+09
22  21  4.17429e+09
22  22  4.11677e+09
22  23  4.11872e+09
22  24  4.14942e+09
22  25  4.26415e+09
22  26  4.64837e+09
22  27  5.63523e+09
22  28  5.77459e+09
22  29  5.25688e+09
22  30  5.17511e+09
22  31  5.25128e+09
22  32  5.47781e+09
22  33  5.56744e+09
22  34  4.87624e+09
22  35  4.87339e+09
22  36  5.14289e+09
22  37  5.20422e+09
22  38  5.86507e+09
22  39  5.34871e+09
22  40  4.5088e+09
22  41  4.62503e+09
22  42  5.30596e+09
22  43  4.94585e+09
22  44  4.73508e+09
22  45  4.36023e+09
22  46  4.8332e+09
22  47  4.24978e+09
22  48  4.25814e+09
22  49  4.4326e+09
22  50  4.39285e+09
23  0  6.35936e+09
23  1  5.37911e+09
23  2  4.62532e+09
23  3  4.42309e+09
23  4  4.04084e+09
23  5  3.9923e+09
23  6  4.34015e+09
23  7  4.30041e+09
23  8  4.45859e+09
23  9  4.41732e+09
23  10  4.19368e+09
23  11  4.34497e+09
23  12  4.57935e+09
23  13  4.57783e+09
23  14  4.76262e+09
23  15  4.92808e+09
23  16  4.7534e+09
23  17  4.87227e+09
23  18  4.91891e+09
23  19  5.0939e+09
23  20  5.00215e+09
23  21  4.7423e+09
23  22  4.20637e+09
23  23  4.58285e+09
23  24  4.19424e+09
23  25  4.32466e+09
23  26  5.18292e+09
23  27  5.6822e+09
23  28  5.81768e+09
23  29  5.6201e+09
23  30  5.36468e+09
23  31  5.00535e+09
23  32  5.19141e+09
23  33  5.39291e+09
23  34  5.32586e+09
23  35  4.90818e+09
23  36  5.10522e+09
23  37  5.1947e+09
23  38  5.48702e+09
23  39  4.84674e+09
23  40  4.64698e+09
23  41  4.67033e+09
23  42  5.35044e+09
23  43  4.723e+09
23  44  4.61973e+09
23  45  4.73829e+09
23  46  4.38437e+09
23  47  4.09679e+09
23  48  4.29408e+09
23  49  4.25502e+09
23  50  4.27623e+09
24  0  6.12978e+09
24  1  4.8549e+09
24  2  4.34254e+09
24  3  4.5242e+09
24  4  4.25813e+09
24  5  3.64091e+09
24  6  4.25865e+09
24  7  4.25646e+09
24  8  4.38355e+09
24  9  4.23519e+09
24  10  4.22986e+09
24  11  4.36227e+09
24  12  4.41175e+09
24  13  4.60014e+09
24  14  4.92519e+09
24  15  5.08409e+09
24  16  4.96141e+09
24  17  4.94773e+09
24  18  4.95504e+09
24  19  4.85594e+09
24  20  4.82077e+09
24  21  4.57749e+09
24  22  4.52552e+09
24  23  4.68786e+09
24  24  4.14091e+09
24  25  4.94771e+09
24  26  5.29903e+09
24  27  5.53495e+09
24  28  5.64083e+09
24  29  5.64733e+09
24  30  5.25394e+09
24  31  5.68721e+09
24  32  5.77227e+09
24  33  5.45638e+09
24  34  4.96151e+09
24  35  4.98903e+09
24  36  5.27565e+09
24  37  5.31164e+09
24  38  5.49232e+09
24  39  4.55752e+09
24  40  4.29227e+09
24  41  4.69257e+09
24  42  5.20361e+09
24  43  4.41221e+09
24  44  4.69757e+09
24  45  5.03284e+09
24  46  4.36411e+09
24  47  4.03569e+09
24  48  4.15782e+09
24  49  4.20461e+09
24  50  4.17141e+09
25  0  5.29552e+09
25  1  4.50297e+09
25  2  3.64899e+09
25  3  4.32213e+09
25  4  3.80768e+09
25  5  3.91764e+09
25  6  3.78323e+09
25  7  4.52196e+09
25  8  4.17813e+09
25  9  4.33104e+09
25  10  4.21759e+09
25  11  4.1926e+09
25  12  4.22577e+09
25  13  4.07837e+09
25  14  4.92728e+09
25  15  5.25149e+09
25  16  5.06141e+09
25  17  4.74577e+09
25  18  5.02828e+09
25  19  4.31785e+09
25  20  4.41055e+09
25  21  4.5696e+09
25  22  4.49869e+09
25  23  4.51894e+09
25  24  4.63799e+09
25  25  4.53866e+09
25  26  5.4268e+09
25  27  5.70594e+09
25  28  5.55092e+09
25  29  5.90148e+09
25  30  6.25895e+09
25  31  5.76884e+09
25  32  5.61331e+09
25  33  6.25757e+09
25  34  5.57826e+09
25  35  5.40162e+09
25  36  5.81647e+09
25  37  5.58323e+09
25  38  5.76547e+09
25  39  4.88631e+09
25  40  4.96795e+09
25  41  4.49022e+09
25  42  5.54638e+09
25  43  4.77763e+09
25  44  4.64005e+09
25  45  4.98263e+09
25  46  4.51866e+09
25  47  4.34565e+09
25  48  3.89381e+09
25  49  4.26608e+09
25  50  3.71611e+09
26  0  5.29955e+09
26  1  4.08995e+09
26  2  3.86369e+09
26  3  4.29507e+09
26  4  4.34162e+09
26  5  3.78871e+09
26  6  3.90157e+09
26  7  4.30775e+09
26  8  4.11494e+09
26  9  4.14828e+09
26  10  4.0814e+09
26  11  4.42921e+09
26  12  4.13996e+09
26  13  3.85715e+09
26  14  4.72225e+09
26  15  5.24259e+09
26  16  4.7995e+09
26  17  4.71832e+09
26  18  5.0999e+09
26  19  4.58566e+09
26  20  4.35879e+09
26  21  4.82767e+09
26  22  4.69052e+09
26  23  5.26045e+09
26  24  4.55655e+09
26  25  5.22295e+09
26  26  5.50287e+09
26  27  5.98783e+09
26  28  6.16812e+09
26  29  5.99852e+09
26  30  5.74548e+09
26  31  5.57901e+09
26  32  5.33453e+09
26  33  5.95313e+09
26  34  5.78825e+09
26  35  5.56412e+09
26  36  5.94911e+09
26  37  5.59024e+09
26  38  5.71672e+09
26  39  4.62325e+09
26  40  5.29999e+09
26  41  5.09719e+09
26  42  5.68404e+09
26  43  4.68767e+09
26  44  5.11117e+09
26  45  4.7925e+09
26  46  4.95155e+09
26  47  4.02419e+09
26  48  4.39298e+09
26  49  3.76874e+09
26  50  3.75613e+09
27  0  4.92206e+09
27  1  4.03099e+09
27  2  3.73218e+09
27  3  3.76572e+09
27  4  4.37874e+09
27  5  4.12501e+09
27  6  4.31827e+09
27  7  4.34117e+09
27  8  4.27188e+09
27  9  4.26616e+09
27  10  4.00254e+09
27  11  4.41828e+09
27  12  3.81834e+09
27  13  3.98573e+09
27  14  4.50117e+09
27  15  4.71151e+09
27  16  4.82586e+09
27  17  4.48025e+09
27  18  4.65105e+09
27  19  4.9095e+09
27  20  4.21529e+09
27  21  4.6634e+09
27  22  5.20137e+09
27  23  5.23589e+09
27  24  4.95412e+09
27  25  5.18239e+09
27  26  5.57959e+09
27  27  5.68266e+09
27  28  6.10854e+09
27  29  6.29359e+09
27  30  5.25622e+09
27  31  5.70521e+09
27  32  5.45793e+09
27  33  5.51119e+09
27  34  5.92303e+09
27  35  5.70884e+09
27  36  5.98647e+09
27  37  5.64907e+09
27  38  5.74886e+09
27  39  5.4847e+09
27  40  5.39211e+09
27  41  5.16342e+09
27  42  5.70542e+09
27  43  4.96998e+09
27  44  4.93233e+09
27  45  4.4636e+09
27  46  4.82222e+09
27  47  4.33173e+09
27  48  3.95917e+09
27  49  3.3533e+09
27  50  3.55529e+09
28  0  4.34911e+09
28  1  3.84535e+09
28  2  3.40236e+09
28  3  4.2621e+09
28  4  4.31371e+09
28  5  4.23286e+09
28  6  4.25992e+09
28  7  4.08489e+09
28  8  4.2605e+09
28  9  4.36921e+09
28  10  4.12204e+09
28  11  4.34862e+09
28  12  3.96643e+09
28  13  4.15111e+09
28  14  4.56413e+09
28  15  4.87717e+09
28  16  4.56097e+09
28  17  4.75547e+09
28  18  4.71686e+09
28  19  4.50404e+09
28  20  4.24035e+09
28  21  4.95721e+09
28  22  5.37226e+09
28  23  5.27581e+09
28  24  5.06512e+09
28  25  5.45898e+09
28  26  5.67669e+09
28  27  5.55191e+09
28  28  5.45936e+09
28  29  5.6713e+09
28  30  5.68283e+09
28  31  5.49897e+09
28  32  5.46404e+09
28  33  6.22859e+09
28  34  6.09921e+09
28  35  5.90802e+09
28  36  5.74748e+09
28  37  5.89993e+09
28  38  5.78253e+09
28  39  5.1932e+09
28  40  5.9023e+09
28  41  5.57742e+09
28  42  5.79416e+09
28  43  5.34851e+09
28  44  5.10822e+09
28  45  5.4532e+09
28  46  5.389e+09
28  47  4.35995e+09
28  48  3.67861e+09
28  49  3.43048e+09
28  50  3.30912e+09
29  0  4.60691e+09
29  1  3.92807e+09
29  2  3.67016e+09
29  3  3.72417e+09
29  4  4.77782e+09
29  5  4.5085e+09
29  6  4.54916e+09
29  7  4.75092e+09
29  8  4.52472e+09
29  9  4.66536e+09
29  10  4.50016e+09
29  11  4.34993e+09
29  12  4.06903e+09
29  13  3.80885e+09
29  14  4.34491e+09
29  15  4.47688e+09
29  16  4.62818e+09
29  17  4.473e+09
29  18  4.1977e+09
29  19  4.55294e+09
29  20  4.47753e+09
29  21  4.77663e+09
29  22  5.52359e+09
29  23  5.49523e+09
29  24  5.21147e+09
29  25  5.49872e+09
29  26  5.49887e+09
29  27  6.1393e+09
29  28  5.83274e+09
29  29  5.54886e+09
29  30  5.87516e+09
29  31  5.98101e+09
29  32  5.64837e+09
29  33  5.98739e+09
29  34  6.28265e+09
29  35  5.95306e+09
29  36  5.84119e+09
29  37  6.32747e+09
29  38  5.80933e+09
29  39  5.41088e+09
29  40  5.65214e+09
29  41  6.34053e+09
29  42  6.40994e+09
29  43  5.75494e+09
29  44  4.94745e+09
29  45  5.5758e+09
29  46  4.80993e+09
29  47  4.62927e+09
29  48  3.94569e+09
29  49  3.42469e+09
29  50  3.31332e+09
30  0  4.06483e+09
30  1  3.51704e+09
30  2  3.49048e+09
30  3  3.75611e+09
30  4  5.00719e+09
30  5  4.66239e+09
30  6  4.62342e+09
30  7  4.87067e+09
30  8  4.4359e+09
30  9  4.44772e+09
30  10  4.83995e+09
30  11  4.14906e+09
30  12  4.16135e+09
30  13  4.01005e+09
30  14  5.12688e+09
30  15  4.43467e+09
30  16  4.7357e+09
30  17  4.67908e+09
30  18  4.62796e+09
30  19  4.57884e+09
30  20  4.56508e+09
30  21  4.99511e+09
30  22  5.50301e+09
30  23  5.65775e+09
30  24  5.61916e+09
30  25  5.58899e+09
30  26  5.8793e+09
30  27  5.85341e+09
30  28  6.05479e+09
30  29  5.744e+09
30  30  5.70526e+09
30  31  5.97516e+09
30  32  6.29129e+09
30  33  6.09834e+09
30  34  6.22772e+09
30  35  5.93758e+09
30  36  6.0418e+09
30  37  6.34254e+09
30  38  6.20562e+09
30  39  5.73114e+09
30  40  6.2563e+09
30  41  5.97708e+09
30  42  6.03023e+09
30  43  5.66483e+09
30  44  5.15968e+09
30  45  5.27229e+09
30  46  5.02089e+09
30  47  4.23024e+09
30  48  3.45043e+09
30  49  2.89884e+09
30  50  2.82084e+09
31  0  4.09415e+09
31  1  3.84017e+09
31  2  3.42501e+09
31  3  3.56781e+09
31  4  4.54424e+09
31  5  4.99445e+09
31  6  4.90661e+09
31  7  4.7695e+09
31  8  4.85618e+09
31  9  4.86028e+09
31  10  4.312e+09
31  11  4.3598e+09
31  12  4.6237e+09
31  13  4.01847e+09
31  14  4.33794e+09
31  15  4.85255e+09
31  16  5.16266e+09
31  17  4.70317e+09
31  18  4.66751e+09
31  19  4.76226e+09
31  20  5.1296e+09
31  21  4.95373e+09
31  22  5.42219e+09
31  23  6.23057e+09
31  24  6.28518e+09
31  25  5.55377e+09
31  26  5.69621e+09
31  27  6.19054e+09
31  28  5.85851e+09
31  29  5.73644e+09
31  30  5.93801e+09
31  31  5.90348e+09
31  32  5.93837e+09
31  33  6.29492e+09
31  34  6.35026e+09
31  35  6.47237e+09
31  36  6.17665e+09
31  37  5.92003e+09
31  38  5.71238e+09
31  39  5.49792e+09
31  40  6.63472e+09
31  41  6.18563e+09
31  42  6.15116e+09
31  43  5.7892e+09
31  44  5.12557e+09
31  45  5.10631e+09
31  46  4.52095e+09
31  47  4.02114e+09
31  48  3.32017e+09
31  49  2.75957e+09
31  50  2.57011e+09
32  0  3.6692e+09
32  1  3.5621e+09
32  2  3.65643e+09
32  3  4.07382e+09
32  4  5.02918e+09
32  5  5.14481e+09
32  6  5.14114e+09
32  7  4.88279e+09
32  8  4.76247e+09
32  9  4.49492e+09
32  10  4.70194e+09
32  11  4.71551e+09
32  12  4.6083e+09
32  13  4.25078e+09
32  14  5.15796e+09
32  15  4.55502e+09
32  16  5.3236e+09
32  17  5.23764e+09
32  18  4.97191e+09
32  19  5.13697e+09
32  20  4.97212e+09
32  21  5.70402e+09
32  22  5.95804e+09
32  23  5.96102e+09
32  24  5.91663e+09
32  25  5.66438e+09
32  26  6.09937e+09
32  27  6.08368e+09
32  28  6.26264e+09
32  29  5.64225e+09
32  30  5.56184e+09
32  31  6.12278e+09
32  32  5.96569e+09
32  33  6.15537e+09
32  34  6.54773e+09
32  35  5.99242e+09
32  36  6.12167e+09
32  37  6.42027e+09
32  38  6.10454e+09
32  39  5.97042e+09
32  40  6.46936e+09
32  41  6.78896e+09
32  42  6.52671e+09
32  43  6.11365e+09
32  44  4.93375e+09
32  45  4.92413e+09
32  46  4.59614e+09
32  47  4.27913e+09
32  48  2.99043e+09
32  49  2.69798e+09
32  50  2.26244e+09
33  0  3.62392e+09
33  1  3.83164e+09
33  2  4.28504e+09
33  3  4.05786e+09
33  4  5.12474e+09
33  5  5.23815e+09
33  6  5.3479e+09
33  7  5.3635e+09
33  8  4.84769e+09
33  9  5.28313e+09
33  10  4.58356e+09
33  11  5.06411e+09
33  12  4.57455e+09
33  13  4.55881e+09
33  14  4.76714e+09
33  15  4.6075e+09
33  16  5.10608e+09
33  17  5.48266e+09
33  18  4.80239e+09
33  19  5.28041e+09
33  20  5.83256e+09
33  21  5.56067e+09
33  22  5.72026e+09
33  23  6.19277e+09
33  24  6.33869e+09
33  25  5.858e+09
33  26  5.52964e+09
33  27  5.77824e+09
33  28  6.2924e+09
33  29  5.50698e+09
33  30  6.00321e+09
33  31  5.8982e+09
33  32  6.44064e+09
33  33  6.02661e+09
33  34  6.71066e+09
33  35  6.1902e+09
33  36  6.64225e+09
33  37  6.30963e+09
33  38  5.89348e+09
33  39  5.93813e+09
33  40  6.58036e+09
33  41  6.39787e+09
33  42  6.46297e+09
33  43  6.36722e+09
33  44  5.37067e+09
33  45  4.13586e+09
33  46  4.28452e+09
33  47  3.82571e+09
33  48  3.06877e+09
33  49  2.54744e+09
33  50  2.03607e+09
34  0  3.76719e+09
34  1  4.10564e+09
34  2  4.27511e+09
34  3  4.40561e+09
34  4  5.71659e+09
34  5  5.71005e+09
34  6  5.85226e+09
34  7  5.30433e+09
34  8  4.99583e+09
34  9  4.8474e+09
34  10  4.92825e+09
34  11  4.68617e+09
34  12  4.31527e+09
34  13  4.84225e+09
34  14  5.25459e+09
34  15  4.65671e+09
34  16  5.28352e+09
34  17  5.00939e+09
34  18  5.13851e+09
34  19  5.20392e+09
34  20  5.92395e+09
34  21  6.1593e+09
34  22  6.05131e+09
34  23  6.59295e+09
34  24  5.93808e+09
34  25  5.66347e+09
34  26  6.13316e+09
34  27  6.24111e+09
34  28  6.49036e+09
34  29  6.13985e+09
34  30  6.16299e+09
34  31  6.14906e+09
34  32  6.84343e+09
34  33  5.90197e+09
34  34  6.39035e+09
34  35  6.27528e+09
34  36  6.07074e+09
34  37  6.22754e+09
34  38  5.88462e+09
34  39  6.41334e+09
34  40  6.3863e+09
34  41  6.98261e+09
34  42  6.90634e+09
34  43  6.20627e+09
34  44  5.00382e+09
34  45  4.28917e+09
34  46  4.06687e+09
34  47  3.40692e+09
34  48  2.67417e+09
34  49  2.24875e+09
34  50  1.92382e+09
35  0  3.72823e+09
35  1  3.87845e+09
35  2  4.73434e+09
35  3  4.7429e+09
35  4  5.23463e+09
35  5  5.73589e+09
35  6  6.25052e+09
35  7  5.09247e+09
35  8  5.37468e+09
35  9  4.95696e+09
35  10  4.85688e+09
35  11  5.11295e+09
35  12  4.76808e+09
35  13  4.75921e+09
35  14  4.81841e+09
35  15  4.52372e+09
35  16  5.59202e+09
35  17  5.07829e+09
35  18  4.90435e+09
35  19  5.24441e+09
35  20  5.66344e+09
35  21  6.22429e+09
35  22  6.51774e+09
35  23  6.20286e+09
35  24  6.58845e+09
35  25  5.88584e+09
35  26  5.52079e+09
35  27  6.71055e+09
35  28  6.24241e+09
35  29  6.16145e+09
35  30  6.02104e+09
35  31  6.95023e+09
35  32  6.92963e+09
35  33  6.70605e+09
35  34  6.30892e+09
35  35  6.73877e+09
35  36  6.28835e+09
35  37  6.41085e+09
35  38  6.91715e+09
35  39  6.38982e+09
35  40  7.1472e+09
35  41  7.27575e+09
35  42  6.71477e+09
35  43  6.61622e+09
35  44  5.17327e+09
35  45  4.19131e+09
35  46  3.96318e+09
35  47  3.18326e+09
35  48  2.87861e+09
35  49  2.38954e+09
35  50  1.86919e+09
36  0  4.08523e+09
36  1  4.52185e+09
36  2  5.2653e+09
36  3  4.63623e+09
36  4  5.70035e+09
36  5  5.94938e+09
36  6  5.97301e+09
36  7  5.21187e+09
36  8  5.65772e+09
36  9  5.29419e+09
36  10  5.42037e+09
36  11  5.04784e+09
36  12  4.71536e+09
36  13  4.79025e+09
36  14  4.73114e+09
36  15  4.58139e+09
36  16  5.28103e+09
36  17  5.19561e+09
36  18  5.04964e+09
36  19  5.82666e+09
36  20  6.09026e+09
36  21  6.01596e+09
36  22  6.22015e+09
36  23  6.31404e+09
36  24  5.95213e+09
36  25  5.92414e+09
36  26  5.95224e+09
36  27  6.30363e+09
36  28  6.17276e+09
36  29  6.31336e+09
36  30  6.66697e+09
36  31  6.54397e+09
36  32  6.8659e+09
36  33  6.80698e+09
36  34  6.45209e+09
36  35  6.46767e+09
36  36  6.3114e+09
36  37  6.39738e+09
36  38  6.97474e+09
36  39  7.05312e+09
36  40  7.0194e+09
36  41  7.14491e+09
36  42  6.99251e+09
36  43  6.17086e+09
36  44  4.66475e+09
36  45  4.28476e+09
36  46  3.75552e+09
36  47  3.24979e+09
36  48  2.66052e+09
36  49  1.94249e+09
36  50  1.67344e+09
37  0  3.38336e+09
37  1  4.24174e+09
37  2  4.71553e+09
37  3  5.33983e+09
37  4  5.05062e+09
37  5  6.26152e+09
37  6  6.11739e+09
37  7  5.6147e+09
37  8  5.25844e+09
37  9  5.50025e+09
37  10  5.10286e+09
37  11  5.55756e+09
37  12  5.01148e+09
37  13  4.9387e+09
37  14  4.81114e+09
37  15  4.71931e+09
37  16  4.99066e+09
37  17  5.16413e+09
37  18  5.75221e+09
37  19  5.74765e+09
37  20  6.05479e+09
37  21  6.06445e+09
37  22  6.29247e+09
37  23  6.67086e+09
37  24  6.40196e+09
37  25  5.89421e+09
37  26  5.6584e+09
37  27  6.42532e+09
37  28  6.86483e+09
37  29  6.29836e+09
37  30  5.81615e+09
37  31  6.95624e+09
37  32  6.99696e+09
37  33  6.84886e+09
37  34  6.66708e+09
37  35  6.43047e+09
37  36  6.8399e+09
37  37  6.21586e+09
37  38  6.28476e+09
37  39  6.9025e+09
37  40  6.6401e+09
37  41  6.63052e+09
37  42  7.20672e+09
37  43  6.30286e+09
37  44  4.64873e+09
37  45  4.36962e+09
37  46  4.3477e+09
37  47  3.05597e+09
37  48  2.8375e+09
37  49  2.09957e+09
37  50  1.64363e+09
38  0  4.3468e+09
38  1  4.83858e+09
38  2  5.28097e+09
38  3  5.16841e+09
38  4  5.59647e+09
38  5  6.00496e+09
38  6  6.48535e+09
38  7  5.92791e+09
38  8  5.48367e+09
38  9  5.26351e+09
38  10  5.29321e+09
38  11  5.14897e+09
38  12  5.54132e+09
38  13  5.79763e+09
38  14  4.97807e+09
38  15  4.89659e+09
38  16  4.83699e+09
38  17  5.03656e+09
38  18  5.14208e+09
38  19  5.53377e+09
38  20  6.16003e+09
38  21  6.90773e+09
38  22  6.42873e+09
38  23  7.0886e+09
38  24  6.07086e+09
38  25  6.1572e+09
38  26  6.00639e+09
38  27  6.25043e+09
38  28  6.39525e+09
38  29  6.13981e+09
38  30  6.51351e+09
38  31  6.71577e+09
38  32  6.85367e+09
38  33  7.35777e+09
38  34  6.9605e+09
38  35  6.65788e+09
38  36  6.86489e+09
38  37  6.4521e+09
38  38  6.50604e+09
38  39  7.06022e+09
38  40  6.58601e+09
38  41  6.83964e+09
38  42  7.34948e+09
38  43  6.24644e+09
38  44  4.27785e+09
38  45  4.42977e+09
38  46  4.05884e+09
38  47  2.75706e+09
38  48  2.60225e+09
38  49  2.19522e+09
38  50  1.6307e+09
39  0  3.64978e+09
39  1  4.93169e+09
39  2  5.30885e+09
39  3  5.37669e+09
39  4  4.99303e+09
39  5  5.62817e+09
39  6  6.2719e+09
39  7  5.93556e+09
39  8  6.11693e+09
39  9  5.49381e+09
39  10  5.58412e+09
39  11  5.79725e+09
39  12  5.51699e+09
39  13  5.57027e+09
39  14  5.41774e+09
39  15  4.93966e+09
39  16  4.88636e+09
39  17  4.76662e+09
39  18  5.03433e+09
39  19  5.65257e+09
39  20  6.32064e+09
39  21  6.00738e+09
39  22  6.13563e+09
39  23  6.5724e+09
39  24  6.42221e+09
39  25  5.64504e+09
39  26  6.01668e+09
39  27  6.37263e+09
39  28  6.84255e+09
39  29  6.51973e+09
39  30  6.16408e+09
39  31  7.02915e+09
39  32  6.78605e+09
39  33  7.49371e+09
39  34  6.4432e+09
39  35  6.74984e+09
39  36  6.58445e+09
39  37  6.14624e+09
39  38  6.12592e+09
39  39  7.04854e+09
39  40  7.10755e+09
39  41  7.22214e+09
39  42  6.43378e+09
39  43  5.89977e+09
39  44  4.6902e+09
39  45  4.05517e+09
39  46  3.99571e+09
39  47  2.59954e+09
39  48  2.22847e+09
39  49  2.18892e+09
39  50  1.79837e+09
40  0  4.03648e+09
40  1  4.22621e+09
40  2  4.95593e+09
40  3  4.67886e+09
40  4  5.35829e+09
40  5  5.51514e+09
40  6  6.11335e+09
40  7  5.9164e+09
40  8  6.04042e+09
40  9  5.52092e+09
40  10  5.64178e+09
40  11  5.35263e+09
40  12  5.17614e+09
40  13  5.40996e+09
40  14  5.1148e+09
40  15  4.73965e+09
40  16  4.80471e+09
40  17  4.71449e+09
40  18  4.44184e+09
40  19  5.95807e+09
40  20  5.98197e+09
40  21  6.34482e+09
40  22  5.57731e+09
40  23  6.59059e+09
40  24  5.44455e+09
40  25  5.96614e+09
40  26  6.12686e+09
40  27  6.95926e+09
40  28  6.64782e+09
40  29  6.51328e+09
40  30  6.87099e+09
40  31  7.15157e+09
40  32  6.66162e+09
40  33  7.07991e+09
40  34  6.36468e+09
40  35  6.33976e+09
40  36  6.71518e+09
40  37  6.52891e+09
40  38  5.91218e+09
40  39  6.69047e+09
40  40  6.71043e+09
40  41  6.73044e+09
40  42  6.1614e+09
40  43  5.6387e+09
40  44  3.90246e+09
40  45  4.43714e+09
40  46  3.40087e+09
40  47  2.48303e+09
40  48  2.22472e+09
40  49  1.9432e+09
40  50  1.70137e+09
41  0  3.66209e+09
41  1  3.90896e+09
41  2  3.90671e+09
41  3  4.25156e+09
41  4  4.26559e+09
41  5  5.31523e+09
41  6  5.45875e+09
41  7  5.491e+09
41  8  5.32353e+09
41  9  5.57884e+09
41  10  5.23081e+09
41  11  5.55477e+09
41  12  5.19856e+09
41  13  5.2498e+09
41  14  5.29514e+09
41  15  4.8567e+09
41  16  4.30638e+09
41  17  4.07568e+09
41  18  4.37071e+09
41  19  4.96652e+09
41  20  5.64003e+09
41  21  5.69849e+09
41  22  6.21726e+09
41  23  5.57848e+09
41  24  5.77385e+09
41  25  5.10011e+09
41  26  5.33526e+09
41  27  6.6522e+09
41  28  6.08397e+09
41  29  6.21886e+09
41  30  6.38196e+09
41  31  6.78251e+09
41  32  6.84048e+09
41  33  6.95416e+09
41  34  6.61774e+09
41  35  7.08625e+09
41  36  6.37267e+09
41  37  6.12512e+09
41  38  5.95965e+09
41  39  6.12408e+09
41  40  6.32428e+09
41  41  6.56866e+09
41  42  5.94757e+09
41  43  5.19113e+09
41  44  3.64877e+09
41  45  3.59523e+09
41  46  3.39114e+09
41  47  2.48161e+09
41  48  2.30034e+09
41  49  1.90012e+09
41  50  1.53747e+09
42  0  3.58354e+09
42  1  3.45056e+09
42  2  3.53967e+09
42  3  4.00633e+09
42  4  4.03224e+09
42  5  4.48711e+09
42  6  4.76624e+09
42  7  4.80829e+09
42  8  5.65739e+09
42  9  5.7708e+09
42  10  5.53207e+09
42  11  5.18617e+09
42  12  4.95839e+09
42  13  4.8132e+09
42  14  5.04102e+09
42  15  4.10827e+09
42  16  3.84165e+09
42  17  3.68407e+09
42  18  3.93264e+09
42  19  5.16379e+09
42  20  5.41103e+09
42  21  5.51572e+09
42  22  5.2142e+09
42  23  5.38195e+09
42  24  5.32515e+09
42  25  4.88093e+09
42  26  5.3196e+09
42  27  6.24315e+09
42  28  6.25671e+09
42  29  5.86346e+09
42  30  6.61566e+09
42  31  6.47678e+09
42  32  7.05584e+09
42  33  6.693e+09
42  34  6.62389e+09
42  35  6.67325e+09
42  36  6.11176e+09
42  37  5.82535e+09
42  38  5.93168e+09
42  39  6.34423e+09
42  40  5.42035e+09
42  41  5.78872e+09
42  42  4.90255e+09
42  43  4.16492e+09
42  44  3.00958e+09
42  45  2.9018e+09
42  46  2.73815e+09
42  47  1.95761e+09
42  48  1.92806e+09
42  49  1.64352e+09
42  50  1.3012e+09
43  0  3.01099e+09
43  1  3.13217e+09
43  2  2.78314e+09
43  3  3.29388e+09
43  4  3.0837e+09
43  5  3.43834e+09
43  6  4.18338e+09
43  7  4.22845e+09
43  8  4.61413e+09
43  9  4.88252e+09
43  10  5.10296e+09
43  11  4.65555e+09
43  12  4.79433e+09
43  13  4.7423e+09
43  14  4.69038e+09
43  15  3.58806e+09
43  16  3.5525e+09
43  17  3.359e+09
43  18  3.5655e+09
43  19  4.40307e+09
43  20  5.3494e+09
43  21  5.01122e+09
43  22  4.74224e+09
43  23  4.68854e+09
43  24  5.15232e+09
43  25  4.16202e+09
43  26  4.31283e+09
43  27  5.62723e+09
43  28  6.30533e+09
43  29  6.13549e+09
43  30  5.62207e+09
43  31  6.66151e+09
43  32  6.53939e+09
43  33  6.21838e+09
43  34  6.26891e+09
43  35  5.91953e+09
43  36  6.34214e+09
43  37  6.20574e+09
43  38  5.69213e+09
43  39  5.96681e+09
43  40  5.99442e+09
43  41  5.48571e+09
43  42  4.57072e+09
43  43  3.95621e+09
43  44  2.92777e+09
43  45  2.55238e+09
43  46  2.65654e+09
43  47  1.86986e+09
43  48  1.91618e+09
43  49  1.67393e+09
43  50  1.26461e+09
44  0  2.55128e+09
44  1  2.62527e+09
44  2  2.24532e+09
44  3  2.80853e+09
44  4  2.86533e+09
44  5  3.16947e+09
44  6  3.50767e+09
44  7  3.6608e+09
44  8  4.16754e+09
44  9  4.30559e+09
44  10  4.04905e+09
44  11  4.24157e+09
44  12  3.60798e+09
44  13  4.01088e+09
44  14  3.82218e+09
44  15  3.27256e+09
44  16  2.88015e+09
44  17  2.84176e+09
44  18  3.05283e+09
44  19  4.363e+09
44  20  4.82939e+09
44  21  4.56783e+09
44  22  4.31319e+09
44  23  4.25247e+09
44  24  4.05829e+09
44  25  3.92359e+09
44  26  4.40745e+09
44  27  5.73489e+09
44  28  5.17933e+09
44  29  5.41486e+09
44  30  5.75772e+09
44  31  6.22601e+09
44  32  6.10542e+09
44  33  6.56153e+09
44  34  5.84692e+09
44  35  5.82431e+09
44  36  5.90553e+09
44  37  5.80914e+09
44  38  5.29782e+09
44  39  5.43146e+09
44  40  4.39577e+09
44  41  4.46569e+09
44  42  3.89363e+09
44  43  3.04498e+09
44  44  2.46277e+09
44  45  2.21436e+09
44  46  2.12023e+09
44  47  1.76297e+09
44  48  1.68886e+09
44  49  1.35656e+09
44  50  1.16065e+09
45  0  2.03735e+09
45  1  2.35446e+09
45  2  2.06182e+09
45  3  2.16262e+09
45  4  2.28364e+09
45  5  2.63511e+09
45  6  2.97005e+09
45  7  3.03709e+09
45  8  3.14027e+09
45  9  3.45015e+09
45  10  3.5238e+09
45  11  3.34646e+09
45  12  3.20185e+09
45  13  3.31664e+09
45  14  3.13616e+09
45  15  2.65356e+09
45  16  2.70912e+09
45  17  2.49982e+09
45  18  2.54737e+09
45  19  3.37588e+09
45  20  3.5105e+09
45  21  3.87646e+09
45  22  3.68456e+09
45  23  3.76223e+09
45  24  3.6768e+09
45  25  3.64225e+09
45  26  3.66524e+09
45  27  5.02705e+09
45  28  5.16769e+09
45  29  4.76473e+09
45  30  5.36781e+09
45  31  5.75022e+09
45  32  5.62594e+09
45  33  6.03737e+09
45  34  5.35935e+09
45  35  5.52286e+09
45  36  5.11636e+09
45  37  5.23544e+09
45  38  5.00328e+09
45  39  4.783e+09
45  40  4.36259e+09
45  41  4.03045e+09
45  42  3.54071e+09
45  43  2.96894e+09
45  44  2.50946e+09
45  45  1.74033e+09
45  46  1.96132e+09
45  47  1.79371e+09
45  48  1.7492e+09
45  49  1.31175e+09
45  50  1.15892e+09
46  0  1.75754e+09
46  1  1.73051e+09
46  2  1.70944e+09
46  3  1.95293e+09
46  4  1.89133e+09
46  5  2.17891e+09
46  6  2.42121e+09
46  7  2.44113e+09
46  8  2.53985e+09
46  9  2.79728e+09
46  10  2.71477e+09
46  11  2.71934e+09
46  12  2.77622e+09
46  13  2.74891e+09
46  14  2.70749e+09
46  15  2.47989e+09
46  16  2.10005e+09
46  17  1.98688e+09
46  18  2.26161e+09
46  19  2.53147e+09
46  20  3.21508e+09
46  21  2.89214e+09
46  22  3.08967e+09
46  23  3.17097e+09
46  24  3.03307e+09
46  25  2.9946e+09
46  26  3.32535e+09
46  27  4.36427e+09
46  28  4.15151e+09
46  29  4.31438e+09
46  30  4.71254e+09
46  31  5.12225e+09
46  32  5.1507e+09
46  33  5.3042e+09
46  34  4.76853e+09
46  35  4.6973e+09
46  36  4.27046e+09
46  37  3.88889e+09
46  38  3.95793e+09
46  39  3.75332e+09
46  40  3.47271e+09
46  41  3.60483e+09
46  42  3.00649e+09
46  43  2.57437e+09
46  44  1.86471e+09
46  45  1.79905e+09
46  46  1.7297e+09
46  47  1.60912e+09
46  48  1.38459e+09
46  49  1.13021e+09
46  50  1.0559e+09
47  0  1.35974e+09
47  1  1.5492e+09
47  2  1.41978e+09
47  3  1.47668e+09
47  4  1.49873e+09
47  5  1.87753e+09
47  6  1.94143e+09
47  7  2.22606e+09
47  8  2.29768e+09
47  9  2.35246e+09
47  10  2.3363e+09
47  11  2.3935e+09
47  12  2.47147e+09
47  13  2.13688e+09
47  14  2.13844e+09
47  15  1.93103e+09
47  16  1.80584e+09
47  17  1.70605e+09
47  18  1.69998e+09
47  19  2.10214e+09
47  20  2.81203e+09
47  21  2.76969e+09
47  22  2.60758e+09
47  23  2.44313e+09
47  24  2.7617e+09
47  25  2.5115e+09
47  26  2.78555e+09
47  27  3.18696e+09
47  28  3.64611e+09
47  29  3.29074e+09
47  30  3.84736e+09
47  31  4.15217e+09
47  32  4.04671e+09
47  33  4.24712e+09
47  34  3.75282e+09
47  35  3.59163e+09
47  36  3.74326e+09
47  37  3.52483e+09
47  38  3.22489e+09
47  39  3.19853e+09
47  40  3.33081e+09
47  41  2.66627e+09
47  42  2.46144e+09
47  43  2.12689e+09
47  44  1.83103e+09
47  45  1.59793e+09
47  46  1.59993e+09
47  47  1.27687e+09
47  48  1.48785e+09
47  49  1.11602e+09
47  50  1.03804e+09
48  0  1.19742e+09
48  1  1.28675e+09
48  2  1.2166e+09
48  3  1.35464e+09
48  4  1.38698e+09
48  5  1.66352e+09
48  6  1.66386e+09
48  7  1.72006e+09
48  8  1.90068e+09
48  9  1.86072e+09
48  10  1.98711e+09
48  11  2.02857e+09
48  12  1.8933e+09
48  13  1.97794e+09
48  14  1.84431e+09
48  15  1.62759e+09
48  16  1.56926e+09
48  17  1.28897e+09
48  18  1.61804e+09
48  19  1.834e+09
48  20  2.22675e+09
48  21  2.27649e+09
48  22  2.03237e+09
48  23  2.15995e+09
48  24  2.13797e+09
48  25  2.3276e+09
48  26  2.42124e+09
48  27  2.81788e+09
48  28  2.82521e+09
48  29  2.87653e+09
48  30  3.36771e+09
48  31  3.403e+09
48  32  3.21569e+09
48  33  3.37519e+09
48  34  3.30948e+09
48  35  3.42922e+09
48  36  2.99376e+09
48  37  2.76645e+09
48  38  2.65496e+09
48  39  2.75798e+09
48  40  2.37848e+09
48  41  2.04446e+09
48  42  2.26163e+09
48  43  1.95285e+09
48  44  1.49377e+09
48  45  1.43659e+09
48  46  1.2599e+09
48  47  1.20044e+09
48  48  1.20926e+09
48  49  9.70445e+08
48  50  9.6024e+08
49  0  9.43893e+08
49  1  1.03003e+09
49  2  1.08133e+09
49  3  1.10731e+09
49  4  1.35039e+09
49  5  1.25234e+09
49  6  1.4369e+09
49  7  1.41735e+09
49  8  1.67569e+09
49  9  1.7578e+09
49  10  1.59898e+09
49  11  1.7213e+09
49  12  1.69846e+09
49  13  1.49986e+09
49  14  1.59932e+09
49  15  1.48916e+09
49  16  1.25963e+09
49  17  1.17715e+09
49  18  1.24514e+09
49  19  1.42402e+09
49  20  1.7172e+09
49  21  1.63206e+09
49  22  1.86251e+09
49  23  1.77189e+09
49  24  1.84563e+09
49  25  1.78818e+09
49  26  2.04864e+09
49  27  2.43302e+09
49  28  2.67923e+09
49  29  2.35432e+09
49  30  2.49273e+09
49  31  2.72626e+09
49  32  2.97325e+09
49  33  3.04459e+09
49  34  2.86383e+09
49  35  2.81132e+09
49  36  2.45879e+09
49  37  2.338e+09
49  38  2.40358e+09
49  39  2.38139e+09
49  40  2.1376e+09
49  41  2.11877e+09
49  42  2.03924e+09
49  43  1.76108e+09
49  44  1.30561e+09
49  45  1.26985e+09
49  46  1.22906e+09
49  47  1.09123e+09
49  48  1.223e+09
49  49  9.5053e+08
49  50  9.09011e+08
50  0  8.90672e+08
50  1  9.1742e+08
50  2  8.54588e+08
50  3  9.67472e+08
50  4  1.12381e+09
50  5  1.11641e+09
50  6  1.28693e+09
50  7  1.29518e+09
50  8  1.44084e+09
50  9  1.51597e+09
50  10  1.43771e+09
50  11  1.38545e+09
50  12  1.46321e+09
50  13  1.39462e+09
50  14  1.43495e+09
50  15  1.11112e+09
50  16  1.16427e+09
50  17  1.03397e+09
50  18  1.06812e+09
50  19  1.42712e+09
50  20  1.55502e+09
50  21  1.46231e+09
50  22  1.48958e+09
50  23  1.52533e+09
50  24  1.58942e+09
50  25  1.48311e+09
50  26  1.83543e+09
50  27  2.30051e+09
50  28  2.20067e+09
50  29  1.95084e+09
50  30  2.20918e+09
50  31  2.39049e+09
50  32  2.39137e+09
50  33  2.45747e+09
50  34  2.27895e+09
50  35  2.05415e+09
50  36  2.1064e+09
50  37  2.12124e+09
50  38  2.05164e+09
50  39  2.03306e+09
50  40  1.90174e+09
50  41  1.7628e+09
50  42  1.47092e+09
50  43  1.53023e+09
50  44  1.12399e+09
50  45  1.17501e+09
50  46  1.12422e+09
50  47  1.12279e+09
50  48  1.07056e+09
50  49  8.42213e+08
50  50  8.84495e+08

