row  column  (images_9.edf Zn_K*images_9.edf Ar_K**2.3)
0  0  2.03736e+08
0  1  2.11145e+08
0  2  3.05542e+08
0  3  1.20455e+08
0  4  2.08102e+08
0  5  1.53437e+08
0  6  1.37445e+08
0  7  5.85506e+07
0  8  1.25625e+08
0  9  5.94927e+07
0  10  1.71765e+08
0  11  1.36211e+08
0  12  1.73547e+08
0  13  8.65551e+07
0  14  1.43882e+08
0  15  1.65034e+08
0  16  6.82252e+07
0  17  1.34651e+08
0  18  1.84166e+08
0  19  2.03973e+08
0  20  2.28048e+08
0  21  1.92796e+08
0  22  1.95889e+08
0  23  2.74062e+08
0  24  1.15175e+08
0  25  1.42335e+08
0  26  1.21783e+08
0  27  2.633e+08
0  28  1.77707e+08
0  29  1.11007e+08
0  30  8.30342e+07
0  31  1.76798e+08
0  32  4.78338e+07
0  33  1.91371e+08
0  34  1.48024e+08
0  35  1.79428e+08
0  36  2.04014e+08
0  37  1.93139e+08
0  38  2.29674e+08
0  39  2.41471e+08
0  40  3.49434e+08
0  41  2.75477e+08
0  42  2.52368e+08
0  43  3.48986e+08
0  44  3.52933e+08
0  45  2.68989e+08
0  46  2.91448e+08
0  47  1.82191e+08
0  48  2.18459e+08
0  49  2.78127e+08
0  50  2.95603e+08
1  0  2.73998e+08
1  1  2.24218e+08
1  2  1.68399e+08
1  3  1.59675e+08
1  4  1.74389e+08
1  5  2.31933e+08
1  6  1.52499e+08
1  7  1.68591e+08
1  8  1.45286e+08
1  9  1.22864e+08
1  10  1.2558e+08
1  11  9.35477e+07
1  12  1.11835e+08
1  13  1.08412e+08
1  14  1.56996e+08
1  15  7.92075e+07
1  16  1.31719e+08
1  17  1.92106e+08
1  18  2.02184e+08
1  19  1.79566e+08
1  20  2.27731e+08
1  21  1.17957e+08
1  22  1.15709e+08
1  23  1.27016e+08
1  24  1.69131e+08
1  25  8.29148e+07
1  26  1.65152e+08
1  27  1.16937e+08
1  28  1.28132e+08
1  29  1.92423e+08
1  30  8.46088e+07
1  31  2.05341e+07
1  32  4.51588e+07
1  33  1.71522e+08
1  34  1.1121e+08
1  35  2.00391e+08
1  36  1.68169e+08
1  37  1.85525e+08
1  38  2.20966e+08
1  39  2.70303e+08
1  40  2.58223e+08
1  41  2.4851e+08
1  42  2.506e+08
1  43  3.19081e+08
1  44  2.05039e+08
1  45  3.03158e+08
1  46  1.821e+08
1  47  1.75544e+08
1  48  3.02061e+08
1  49  1.96674e+08
1  50  2.4251e+08
2  0  3.7491e+08
2  1  2.69293e+08
2  2  2.38844e+08
2  3  2.30416e+08
2  4  1.90879e+08
2  5  1.52714e+08
2  6  1.26937e+08
2  7  1.63429e+08
2  8  1.94039e+08
2  9  1.40062e+08
2  10  1.77175e+08
2  11  1.3752e+08
2  12  1.39013e+08
2  13  7.74576e+07
2  14  1.33055e+08
2  15  1.51007e+08
2  16  1.51189e+08
2  17  1.16872e+08
2  18  1.09549e+08
2  19  1.9022e+08
2  20  2.16872e+08
2  21  1.71865e+08
2  22  1.42766e+08
2  23  7.82452e+07
2  24  1.76792e+08
2  25  8.99702e+07
2  26  1.50003e+08
2  27  1.71288e+08
2  28  5.85728e+07
2  29  9.05575e+07
2  30  7.70406e+07
2  31  7.43372e+07
2  32  8.8317e+07
2  33  1.80069e+08
2  34  2.09486e+08
2  35  2.0198e+08
2  36  2.13953e+08
2  37  2.25892e+08
2  38  2.5836e+08
2  39  3.11256e+08
2  40  2.16063e+08
2  41  1.40966e+08
2  42  2.37448e+08
2  43  2.5532e+08
2  44  2.21844e+08
2  45  2.31067e+08
2  46  1.88966e+08
2  47  2.42702e+08
2  48  2.2118e+08
2  49  2.04286e+08
2  50  2.79335e+08
3  0  3.93171e+08
3  1  3.27539e+08
3  2  1.85169e+08
3  3  2.37569e+08
3  4  1.63071e+08
3  5  1.93248e+08
3  6  1.70283e+08
3  7  2.08841e+08
3  8  1.76804e+08
3  9  8.53132e+07
3  10  1.62792e+08
3  11  9.36632e+07
3  12  6.39671e+07
3  13  1.05141e+08
3  14  1.47031e+08
3  15  1.14229e+08
3  16  1.05506e+08
3  17  1.37343e+08
3  18  1.71647e+08
3  19  2.36543e+08
3  20  1.30989e+08
3  21  2.02801e+08
3  22  1.95388e+08
3  23  1.10556e+08
3  24  1.39423e+08
3  25  1.44869e+08
3  26  2.09741e+08
3  27  1.55819e+08
3  28  8.22762e+07
3  29  1.49424e+08
3  30  1.08353e+08
3  31  1.28603e+08
3  32  1.00063e+08
3  33  2.2982e+08
3  34  1.4348e+08
3  35  1.82202e+08
3  36  1.96631e+08
3  37  2.16274e+08
3  38  1.80694e+08
3  39  2.73475e+08
3  40  2.98506e+08
3  41  1.82101e+08
3  42  2.06789e+08
3  43  2.07915e+08
3  44  2.84832e+08
3  45  1.47587e+08
3  46  1.67092e+08
3  47  2.03893e+08
3  48  2.73385e+08
3  49  2.01907e+08
3  50  2.82935e+08
4  0  4.17339e+08
4  1  3.11297e+08
4  2  2.08876e+08
4  3  1.50625e+08
4  4  1.95153e+08
4  5  1.87656e+08
4  6  1.80281e+08
4  7  1.4004e+08
4  8  1.68582e+08
4  9  2.02816e+08
4  10  1.57487e+08
4  11  8.77751e+07
4  12  2.12447e+07
4  13  1.06487e+08
4  14  1.63961e+08
4  15  7.69188e+07
4  16  1.10068e+08
4  17  1.78437e+08
4  18  2.41617e+08
4  19  1.28151e+08
4  20  2.17028e+08
4  21  1.5471e+08
4  22  1.7377e+08
4  23  8.25891e+07
4  24  2.04575e+08
4  25  1.75131e+08
4  26  1.74716e+08
4  27  1.48362e+08
4  28  4.5496e+07
4  29  2.03456e+08
4  30  1.14898e+08
4  31  9.88635e+07
4  32  4.30955e+07
4  33  1.11262e+08
4  34  1.95441e+08
4  35  1.68161e+08
4  36  3.10564e+08
4  37  2.48364e+08
4  38  2.48723e+08
4  39  2.07414e+08
4  40  2.99407e+08
4  41  2.85866e+08
4  42  1.55694e+08
4  43  2.59591e+08
4  44  1.64948e+08
4  45  1.45703e+08
4  46  2.19783e+08
4  47  3.01072e+08
4  48  2.55923e+08
4  49  1.99323e+08
4  50  2.39047e+08
5  0  4.05184e+08
5  1  3.85653e+08
5  2  3.06542e+08
5  3  1.90977e+08
5  4  2.12767e+08
5  5  1.22781e+08
5  6  1.30135e+08
5  7  1.55745e+08
5  8  2.32481e+08
5  9  1.09539e+08
5  10  1.32002e+08
5  11  2.15075e+08
5  12  1.42575e+08
5  13  1.05402e+08
5  14  1.2336e+08
5  15  6.85074e+07
5  16  2.05654e+08
5  17  1.96603e+08
5  18  1.43576e+08
5  19  1.48171e+08
5  20  2.12682e+08
5  21  1.20415e+08
5  22  7.90926e+07
5  23  2.30746e+08
5  24  1.96705e+08
5  25  1.2678e+08
5  26  1.7328e+08
5  27  1.78191e+08
5  28  2.1638e+07
5  29  1.40498e+08
5  30  1.50735e+08
5  31  8.04404e+07
5  32  9.91878e+07
5  33  9.93496e+07
5  34  2.30962e+08
5  35  2.55504e+08
5  36  3.00711e+08
5  37  1.78101e+08
5  38  2.14272e+08
5  39  2.75741e+08
5  40  1.84008e+08
5  41  2.32807e+08
5  42  2.15839e+08
5  43  1.39656e+08
5  44  2.21352e+08
5  45  2.23021e+08
5  46  2.18514e+08
5  47  2.55917e+08
5  48  3.42684e+08
5  49  1.78437e+08
5  50  2.69449e+08
6  0  4.5223e+08
6  1  3.93447e+08
6  2  3.23934e+08
6  3  1.39898e+08
6  4  1.7729e+08
6  5  1.70951e+08
6  6  1.73584e+08
6  7  2.58878e+08
6  8  2.09787e+08
6  9  1.79683e+08
6  10  1.85359e+08
6  11  1.25576e+08
6  12  1.60464e+08
6  13  1.27836e+08
6  14  1.06238e+08
6  15  1.2788e+08
6  16  1.09694e+08
6  17  1.35285e+08
6  18  1.90071e+08
6  19  2.02946e+08
6  20  2.2456e+08
6  21  1.96315e+08
6  22  1.85831e+08
6  23  1.8006e+08
6  24  1.63337e+08
6  25  1.20919e+08
6  26  1.51829e+08
6  27  2.26877e+08
6  28  5.55103e+07
6  29  1.10588e+08
6  30  1.82259e+08
6  31  5.8283e+07
6  32  8.23352e+07
6  33  1.58229e+08
6  34  1.20329e+08
6  35  1.55718e+08
6  36  1.73378e+08
6  37  1.42824e+08
6  38  1.97224e+08
6  39  2.29296e+08
6  40  2.73836e+08
6  41  2.58484e+08
6  42  2.66991e+08
6  43  1.49795e+08
6  44  2.09429e+08
6  45  2.46293e+08
6  46  1.80527e+08
6  47  2.65882e+08
6  48  2.58133e+08
6  49  2.90747e+08
6  50  2.55202e+08
7  0  4.80978e+08
7  1  3.49683e+08
7  2  3.21755e+08
7  3  1.48698e+08
7  4  1.65326e+08
7  5  1.47023e+08
7  6  2.28282e+08
7  7  2.30621e+08
7  8  1.82552e+08
7  9  1.54175e+08
7  10  1.5444e+08
7  11  1.09974e+08
7  12  2.06801e+08
7  13  1.66229e+08
7  14  1.80314e+08
7  15  1.77972e+08
7  16  1.34098e+08
7  17  1.71905e+08
7  18  1.99068e+08
7  19  2.18025e+08
7  20  1.72451e+08
7  21  1.5994e+08
7  22  1.64737e+08
7  23  1.12181e+08
7  24  2.43046e+08
7  25  1.78766e+08
7  26  1.56309e+08
7  27  1.84739e+08
7  28  1.31841e+08
7  29  1.74277e+08
7  30  1.79497e+08
7  31  4.3874e+07
7  32  1.32562e+08
7  33  1.28735e+08
7  34  1.23679e+08
7  35  1.42419e+08
7  36  2.37368e+08
7  37  2.42209e+08
7  38  2.75945e+08
7  39  2.4248e+08
7  40  2.76577e+08
7  41  2.62178e+08
7  42  2.52666e+08
7  43  1.30297e+08
7  44  2.41474e+08
7  45  1.91558e+08
7  46  1.12016e+08
7  47  2.51894e+08
7  48  2.39306e+08
7  49  2.52715e+08
7  50  2.37962e+08
8  0  4.36483e+08
8  1  4.16876e+08
8  2  2.52594e+08
8  3  2.08971e+08
8  4  1.83548e+08
8  5  2.02582e+08
8  6  1.61648e+08
8  7  1.7402e+08
8  8  1.74563e+08
8  9  1.81749e+08
8  10  1.46026e+08
8  11  1.49234e+08
8  12  2.09206e+08
8  13  1.77749e+08
8  14  2.02616e+08
8  15  1.11317e+08
8  16  1.47352e+08
8  17  1.27888e+08
8  18  1.17419e+08
8  19  1.82622e+08
8  20  1.64529e+08
8  21  1.44569e+08
8  22  1.92398e+08
8  23  1.89688e+08
8  24  1.41326e+08
8  25  1.2418e+08
8  26  1.39195e+08
8  27  1.56267e+08
8  28  9.86665e+07
8  29  8.89709e+07
8  30  1.50185e+08
8  31  1.17297e+08
8  32  2.06998e+08
8  33  1.95852e+08
8  34  1.5392e+08
8  35  1.70592e+08
8  36  1.30657e+08
8  37  1.97949e+08
8  38  1.77927e+08
8  39  1.61787e+08
8  40  2.26304e+08
8  41  1.15678e+08
8  42  2.59977e+08
8  43  2.31943e+08
8  44  1.44417e+08
8  45  1.46718e+08
8  46  1.79672e+08
8  47  1.8849e+08
8  48  3.72245e+08
8  49  2.60901e+08
8  50  2.49043e+08
9  0  4.19846e+08
9  1  3.77533e+08
9  2  2.7405e+08
9  3  2.31811e+08
9  4  1.46803e+08
9  5  1.57215e+08
9  6  1.45327e+08
9  7  1.80249e+08
9  8  2.9477e+08
9  9  2.00521e+08
9  10  1.93408e+08
9  11  2.07623e+08
9  12  8.10427e+07
9  13  1.81444e+08
9  14  1.75016e+08
9  15  1.4237e+08
9  16  1.59896e+08
9  17  1.91582e+08
9  18  1.31513e+08
9  19  1.42286e+08
9  20  1.12645e+08
9  21  1.99651e+08
9  22  1.77379e+08
9  23  1.82471e+08
9  24  1.09711e+08
9  25  1.12302e+08
9  26  1.9303e+08
9  27  2.01866e+08
9  28  1.4758e+08
9  29  2.31035e+08
9  30  1.94548e+08
9  31  8.85368e+07
9  32  1.58453e+08
9  33  1.28832e+08
9  34  1.66939e+08
9  35  1.37216e+08
9  36  1.91902e+08
9  37  1.76103e+08
9  38  1.95959e+08
9  39  1.02976e+08
9  40  1.95361e+08
9  41  1.82298e+08
9  42  2.33419e+08
9  43  1.78063e+08
9  44  2.39144e+08
9  45  1.84404e+08
9  46  2.1022e+08
9  47  2.55956e+08
9  48  2.80804e+08
9  49  2.49585e+08
9  50  2.8361e+08
10  0  4.0923e+08
10  1  4.44842e+08
10  2  3.85161e+08
10  3  2.31532e+08
10  4  1.81588e+08
10  5  1.39779e+08
10  6  1.85041e+08
10  7  2.00868e+08
10  8  1.9672e+08
10  9  2.13696e+08
10  10  2.21618e+08
10  11  1.84794e+08
10  12  9.80569e+07
10  13  2.03692e+08
10  14  2.00245e+08
10  15  1.81017e+08
10  16  1.39322e+08
10  17  1.97432e+08
10  18  1.73647e+08
10  19  2.35796e+08
10  20  1.72744e+08
10  21  1.69008e+08
10  22  1.86665e+08
10  23  1.32189e+08
10  24  1.07616e+08
10  25  1.41219e+08
10  26  1.59624e+08
10  27  2.23058e+08
10  28  1.51752e+08
10  29  1.3237e+08
10  30  1.22368e+08
10  31  1.21126e+08
10  32  1.50453e+08
10  33  1.70633e+08
10  34  1.21554e+08
10  35  8.78953e+07
10  36  1.09677e+08
10  37  1.64123e+08
10  38  2.39445e+08
10  39  1.55055e+08
10  40  1.79322e+08
10  41  1.39563e+08
10  42  1.89597e+08
10  43  2.62806e+08
10  44  1.88161e+08
10  45  2.03499e+08
10  46  1.57548e+08
10  47  1.54536e+08
10  48  1.93418e+08
10  49  3.02332e+08
10  50  2.35963e+08
11  0  4.48645e+08
11  1  4.08104e+08
11  2  3.80847e+08
11  3  2.58546e+08
11  4  1.29434e+08
11  5  2.53667e+08
11  6  2.0117e+08
11  7  1.72726e+08
11  8  2.20998e+08
11  9  2.22357e+08
11  10  1.24292e+08
11  11  1.61166e+08
11  12  1.65244e+08
11  13  1.81509e+08
11  14  1.32023e+08
11  15  1.7399e+08
11  16  2.08113e+08
11  17  1.78249e+08
11  18  1.69059e+08
11  19  1.88967e+08
11  20  2.03456e+08
11  21  1.40669e+08
11  22  1.89426e+08
11  23  1.80712e+08
11  24  1.69923e+08
11  25  2.22645e+08
11  26  2.02713e+08
11  27  1.39509e+08
11  28  2.14141e+08
11  29  2.1155e+08
11  30  1.59244e+08
11  31  6.37903e+07
11  32  2.31625e+08
11  33  1.45247e+08
11  34  9.56145e+07
11  35  1.04369e+08
11  36  1.41442e+08
11  37  1.91789e+08
11  38  1.71629e+08
11  39  2.10625e+08
11  40  1.19223e+08
11  41  1.18148e+08
11  42  2.61012e+08
11  43  1.37709e+08
11  44  2.25484e+08
11  45  1.63917e+08
11  46  1.63773e+08
11  47  1.82399e+08
11  48  2.32225e+08
11  49  2.49778e+08
11  50  2.78573e+08
12  0  4.83986e+08
12  1  4.46054e+08
12  2  3.75339e+08
12  3  2.36457e+08
12  4  2.17444e+08
12  5  2.01371e+08
12  6  2.32034e+08
12  7  2.23574e+08
12  8  1.76641e+08
12  9  2.02832e+08
12  10  2.68228e+08
12  11  1.31148e+08
12  12  2.42796e+08
12  13  1.3752e+08
12  14  1.24834e+08
12  15  1.66139e+08
12  16  1.74091e+08
12  17  1.76897e+08
12  18  2.10562e+08
12  19  1.9832e+08
12  20  2.49207e+08
12  21  1.41727e+08
12  22  1.74052e+08
12  23  1.48086e+08
12  24  5.27826e+07
12  25  1.31894e+08
12  26  1.51066e+08
12  27  1.74048e+08
12  28  1.95684e+08
12  29  2.39314e+08
12  30  2.17496e+08
12  31  9.52187e+07
12  32  1.6123e+08
12  33  2.4606e+08
12  34  1.83287e+08
12  35  1.83315e+08
12  36  5.0852e+07
12  37  1.71171e+08
12  38  2.10317e+08
12  39  2.21727e+08
12  40  1.00389e+08
12  41  2.17454e+08
12  42  3.25262e+08
12  43  1.93277e+08
12  44  2.20041e+08
12  45  9.87336e+07
12  46  1.61254e+08
12  47  2.27976e+08
12  48  1.57635e+08
12  49  2.39101e+08
12  50  3.59531e+08
13  0  4.74728e+08
13  1  3.38493e+08
13  2  3.81625e+08
13  3  3.35508e+08
13  4  2.14237e+08
13  5  1.63417e+08
13  6  1.72435e+08
13  7  2.16028e+08
13  8  2.16425e+08
13  9  2.41543e+08
13  10  2.30813e+08
13  11  1.9997e+08
13  12  1.63986e+08
13  13  1.27795e+08
13  14  1.61865e+08
13  15  1.68039e+08
13  16  1.60956e+08
13  17  1.45045e+08
13  18  1.79979e+08
13  19  1.57001e+08
13  20  2.04645e+08
13  21  2.42987e+08
13  22  1.44836e+08
13  23  1.99694e+08
13  24  1.3701e+08
13  25  2.72825e+08
13  26  2.16658e+08
13  27  1.54492e+08
13  28  1.42446e+08
13  29  2.20237e+08
13  30  2.71175e+08
13  31  2.12497e+08
13  32  1.32106e+08
13  33  1.63239e+08
13  34  1.83448e+08
13  35  1.0752e+08
13  36  1.66275e+08
13  37  2.26067e+08
13  38  1.5458e+08
13  39  1.93087e+08
13  40  1.58988e+08
13  41  2.21422e+08
13  42  2.76207e+08
13  43  2.13419e+08
13  44  3.03974e+08
13  45  2.34722e+08
13  46  1.87816e+08
13  47  1.6771e+08
13  48  2.73202e+08
13  49  1.63737e+08
13  50  3.39366e+08
14  0  4.30885e+08
14  1  3.91917e+08
14  2  4.28459e+08
14  3  3.38213e+08
14  4  1.79615e+08
14  5  1.97091e+08
14  6  1.67155e+08
14  7  2.23132e+08
14  8  2.00077e+08
14  9  2.09704e+08
14  10  2.07941e+08
14  11  1.86055e+08
14  12  1.18767e+08
14  13  1.59866e+08
14  14  1.27276e+08
14  15  1.61735e+08
14  16  1.5876e+08
14  17  1.72569e+08
14  18  1.69638e+08
14  19  1.76995e+08
14  20  2.61626e+08
14  21  2.52214e+08
14  22  1.79902e+08
14  23  2.06898e+08
14  24  1.829e+08
14  25  1.82568e+08
14  26  2.42937e+08
14  27  2.03495e+08
14  28  1.56747e+08
14  29  2.29023e+08
14  30  1.11514e+08
14  31  2.26524e+08
14  32  1.60919e+08
14  33  9.51672e+07
14  34  1.18051e+08
14  35  1.66743e+08
14  36  1.02708e+08
14  37  1.75874e+08
14  38  2.28592e+08
14  39  1.67188e+08
14  40  2.25505e+08
14  41  2.0397e+08
14  42  1.51355e+08
14  43  2.45187e+08
14  44  3.20136e+08
14  45  2.29704e+08
14  46  2.17611e+08
14  47  3.02949e+08
14  48  2.89948e+08
14  49  1.81794e+08
14  50  2.72582e+08
15  0  4.82488e+08
15  1  3.6699e+08
15  2  2.53951e+08
15  3  2.29087e+08
15  4  2.45759e+08
15  5  1.68906e+08
15  6  2.41658e+08
15  7  2.28824e+08
15  8  2.63698e+08
15  9  2.71621e+08
15  10  1.40566e+08
15  11  1.40572e+08
15  12  1.90493e+08
15  13  7.68514e+07
15  14  9.87681e+07
15  15  2.05557e+08
15  16  1.26715e+08
15  17  1.22856e+08
15  18  1.3934e+08
15  19  2.86507e+08
15  20  2.51576e+08
15  21  2.07325e+08
15  22  1.96785e+08
15  23  1.65693e+08
15  24  1.89144e+08
15  25  2.41783e+08
15  26  2.0525e+08
15  27  2.33245e+08
15  28  1.2353e+08
15  29  2.60599e+08
15  30  1.97967e+08
15  31  2.08052e+08
15  32  1.36274e+08
15  33  2.20491e+08
15  34  1.77899e+08
15  35  1.34092e+08
15  36  9.58847e+07
15  37  1.84233e+08
15  38  1.66009e+08
15  39  1.70864e+08
15  40  2.29663e+08
15  41  2.20799e+08
15  42  2.64754e+08
15  43  2.58956e+08
15  44  2.51733e+08
15  45  2.20676e+08
15  46  2.32401e+08
15  47  2.00324e+08
15  48  2.72861e+08
15  49  2.32611e+08
15  50  3.22163e+08
16  0  4.60961e+08
16  1  3.84469e+08
16  2  3.7397e+08
16  3  2.40418e+08
16  4  2.45466e+08
16  5  2.15782e+08
16  6  2.52347e+08
16  7  2.22246e+08
16  8  2.32513e+08
16  9  3.0812e+08
16  10  2.26788e+08
16  11  1.66752e+08
16  12  1.49555e+08
16  13  1.07322e+08
16  14  2.10142e+08
16  15  1.09625e+08
16  16  1.96422e+08
16  17  1.57047e+08
16  18  2.40027e+08
16  19  1.96442e+08
16  20  2.34718e+08
16  21  2.50683e+08
16  22  1.72464e+08
16  23  1.74671e+08
16  24  2.04222e+08
16  25  1.67602e+08
16  26  1.26891e+08
16  27  1.33944e+08
16  28  2.01166e+08
16  29  3.01377e+08
16  30  1.92654e+08
16  31  1.6758e+08
16  32  2.80133e+08
16  33  1.75235e+08
16  34  1.63482e+08
16  35  5.38783e+07
16  36  1.26594e+08
16  37  1.94672e+08
16  38  2.83138e+08
16  39  2.08491e+08
16  40  3.14344e+08
16  41  2.91512e+08
16  42  3.34785e+08
16  43  2.55589e+08
16  44  2.30651e+08
16  45  2.57948e+08
16  46  2.40005e+08
16  47  2.89101e+08
16  48  2.24263e+08
16  49  2.29927e+08
16  50  2.16152e+08
17  0  5.03805e+08
17  1  4.76333e+08
17  2  3.46263e+08
17  3  3.33875e+08
17  4  1.96883e+08
17  5  2.03921e+08
17  6  1.69033e+08
17  7  2.11675e+08
17  8  1.65437e+08
17  9  2.1462e+08
17  10  2.69476e+08
17  11  2.07796e+08
17  12  1.36316e+08
17  13  9.66359e+07
17  14  1.50005e+08
17  15  1.38985e+08
17  16  1.2862e+08
17  17  8.13689e+07
17  18  1.49582e+08
17  19  2.3561e+08
17  20  2.57307e+08
17  21  2.29462e+08
17  22  1.57205e+08
17  23  1.85891e+08
17  24  2.46563e+08
17  25  1.1898e+08
17  26  1.31181e+08
17  27  2.28984e+08
17  28  2.12571e+08
17  29  2.25017e+08
17  30  3.03615e+08
17  31  2.348e+08
17  32  2.20525e+08
17  33  1.60312e+08
17  34  1.93861e+08
17  35  2.19269e+08
17  36  1.37049e+08
17  37  1.99612e+08
17  38  2.9442e+08
17  39  1.67567e+08
17  40  3.02059e+08
17  41  1.91957e+08
17  42  2.85864e+08
17  43  2.07322e+08
17  44  2.03235e+08
17  45  3.23788e+08
17  46  2.01455e+08
17  47  2.79754e+08
17  48  2.77938e+08
17  49  1.5609e+08
17  50  2.26949e+08
18  0  4.46735e+08
18  1  4.08902e+08
18  2  3.47183e+08
18  3  2.76003e+08
18  4  2.67274e+08
18  5  2.40639e+08
18  6  2.05939e+08
18  7  2.33252e+08
18  8  2.25946e+08
18  9  2.18215e+08
18  10  2.00083e+08
18  11  2.21657e+08
18  12  1.72853e+08
18  13  1.35402e+08
18  14  1.62667e+08
18  15  1.37225e+08
18  16  1.79776e+08
18  17  2.43012e+08
18  18  1.46203e+08
18  19  2.8357e+08
18  20  2.92355e+08
18  21  3.51667e+08
18  22  1.99975e+08
18  23  1.85592e+08
18  24  2.10276e+08
18  25  1.97e+08
18  26  6.1786e+07
18  27  2.43649e+08
18  28  2.06627e+08
18  29  2.98119e+08
18  30  1.78152e+08
18  31  2.25031e+08
18  32  2.43722e+08
18  33  1.59889e+08
18  34  1.47621e+08
18  35  1.39948e+08
18  36  2.37276e+08
18  37  2.28505e+08
18  38  2.24015e+08
18  39  1.91299e+08
18  40  1.60427e+08
18  41  2.77201e+08
18  42  1.99064e+08
18  43  2.3944e+08
18  44  3.24909e+08
18  45  2.67091e+08
18  46  3.38195e+08
18  47  2.18377e+08
18  48  1.65069e+08
18  49  2.25464e+08
18  50  2.20218e+08
19  0  4.95865e+08
19  1  5.07048e+08
19  2  3.49443e+08
19  3  2.15073e+08
19  4  1.80159e+08
19  5  1.48901e+08
19  6  1.54713e+08
19  7  2.09148e+08
19  8  2.3005e+08
19  9  2.80583e+08
19  10  2.04525e+08
19  11  1.29934e+08
19  12  1.66878e+08
19  13  1.42073e+08
19  14  1.93889e+08
19  15  2.10418e+08
19  16  3.0668e+08
19  17  2.001e+08
19  18  2.43168e+08
19  19  3.29047e+08
19  20  3.03509e+08
19  21  2.55801e+08
19  22  1.38134e+08
19  23  2.13122e+08
19  24  1.48796e+08
19  25  8.94471e+07
19  26  5.12649e+07
19  27  2.2146e+08
19  28  2.80014e+08
19  29  2.41201e+08
19  30  2.35209e+08
19  31  2.45084e+08
19  32  3.10617e+08
19  33  2.05276e+08
19  34  1.73711e+08
19  35  1.25756e+08
19  36  2.1246e+08
19  37  2.6974e+08
19  38  2.74384e+08
19  39  1.38712e+08
19  40  1.8586e+08
19  41  2.29725e+08
19  42  2.39722e+08
19  43  2.84129e+08
19  44  2.18156e+08
19  45  3.20873e+08
19  46  2.01201e+08
19  47  2.49013e+08
19  48  1.67703e+08
19  49  2.24751e+08
19  50  2.59236e+08
20  0  5.61033e+08
20  1  3.54888e+08
20  2  2.74389e+08
20  3  2.10235e+08
20  4  2.06805e+08
20  5  1.7034e+08
20  6  8.05282e+07
20  7  2.28954e+08
20  8  2.32276e+08
20  9  2.11617e+08
20  10  2.19826e+08
20  11  2.29169e+08
20  12  1.79118e+08
20  13  2.17795e+08
20  14  1.58304e+08
20  15  1.96722e+08
20  16  1.54459e+08
20  17  1.84766e+08
20  18  2.48543e+08
20  19  2.30106e+08
20  20  2.53196e+08
20  21  3.205e+08
20  22  1.24685e+08
20  23  1.78746e+08
20  24  9.47687e+07
20  25  7.57009e+07
20  26  9.80701e+07
20  27  2.04794e+08
20  28  2.21801e+08
20  29  2.78794e+08
20  30  1.59812e+08
20  31  2.52798e+08
20  32  3.3432e+08
20  33  2.01999e+08
20  34  1.15099e+08
20  35  1.22384e+08
20  36  6.81093e+07
20  37  2.38283e+08
20  38  2.14452e+08
20  39  1.61999e+08
20  40  1.69906e+08
20  41  1.50041e+08
20  42  2.37368e+08
20  43  1.83381e+08
20  44  1.76047e+08
20  45  2.04113e+08
20  46  2.13975e+08
20  47  2.37355e+08
20  48  1.6095e+08
20  49  2.53461e+08
20  50  2.5537e+08
21  0  4.63216e+08
21  1  3.93227e+08
21  2  2.03288e+08
21  3  2.6706e+08
21  4  1.78542e+08
21  5  2.07481e+08
21  6  2.02915e+08
21  7  2.6881e+08
21  8  2.25353e+08
21  9  2.46162e+08
21  10  1.80903e+08
21  11  2.11193e+08
21  12  2.11094e+08
21  13  2.06309e+08
21  14  2.58756e+08
21  15  1.83381e+08
21  16  1.86278e+08
21  17  2.27045e+08
21  18  2.37716e+08
21  19  2.81372e+08
21  20  2.85889e+08
21  21  1.66442e+08
21  22  1.38428e+08
21  23  2.10242e+08
21  24  1.36821e+08
21  25  1.25241e+08
21  26  1.52541e+08
21  27  1.61467e+08
21  28  2.15232e+08
21  29  1.86162e+08
21  30  2.35715e+08
21  31  2.09843e+08
21  32  2.14851e+08
21  33  2.38469e+08
21  34  1.09011e+08
21  35  1.34239e+08
21  36  1.50084e+08
21  37  2.18716e+08
21  38  2.1018e+08
21  39  1.57721e+08
21  40  9.6328e+07
21  41  2.07065e+08
21  42  2.53905e+08
21  43  1.6778e+08
21  44  1.79887e+08
21  45  2.74691e+08
21  46  1.544e+08
21  47  1.6928e+08
21  48  1.84809e+08
21  49  2.33918e+08
21  50  1.64209e+08
22  0  4.4649e+08
22  1  2.79019e+08
22  2  2.03018e+08
22  3  3.13145e+08
22  4  1.79463e+08
22  5  1.77397e+08
22  6  2.27295e+08
22  7  2.22265e+08
22  8  2.86151e+08
22  9  2.53009e+08
22  10  2.77854e+08
22  11  2.42864e+08
22  12  1.791e+08
22  13  2.30689e+08
22  14  2.79466e+08
22  15  1.82824e+08
22  16  2.36412e+08
22  17  2.40708e+08
22  18  2.49423e+08
22  19  2.52764e+08
22  20  1.88666e+08
22  21  1.21842e+08
22  22  1.95127e+08
22  23  1.98134e+08
22  24  1.44339e+08
22  25  1.61667e+08
22  26  1.0314e+08
22  27  2.13278e+08
22  28  1.82747e+08
22  29  2.16009e+08
22  30  2.88875e+08
22  31  1.73328e+08
22  32  2.30741e+08
22  33  2.32995e+08
22  34  2.29979e+08
22  35  1.95699e+08
22  36  2.30978e+08
22  37  1.54979e+08
22  38  2.0664e+08
22  39  2.23278e+08
22  40  2.15087e+08
22  41  1.24442e+08
22  42  2.42726e+08
22  43  1.7362e+08
22  44  1.23688e+08
22  45  1.54986e+08
22  46  2.02931e+08
22  47  2.36171e+08
22  48  2.02329e+08
22  49  2.81377e+08
22  50  1.72726e+08
23  0  4.78417e+08
23  1  3.66971e+08
23  2  2.38387e+08
23  3  1.65769e+08
23  4  1.87924e+08
23  5  2.04861e+08
23  6  2.55014e+08
23  7  2.13077e+08
23  8  3.07884e+08
23  9  3.13349e+08
23  10  2.39473e+08
23  11  2.07303e+08
23  12  2.46089e+08
23  13  2.34483e+08
23  14  2.55296e+08
23  15  2.27715e+08
23  16  2.25266e+08
23  17  2.07984e+08
23  18  2.46365e+08
23  19  3.69772e+08
23  20  2.61341e+08
23  21  1.45128e+08
23  22  1.57192e+08
23  23  1.33398e+08
23  24  1.15776e+08
23  25  1.03265e+08
23  26  1.41987e+08
23  27  2.2997e+08
23  28  2.10009e+08
23  29  2.92865e+08
23  30  2.52206e+08
23  31  2.2578e+08
23  32  2.25364e+08
23  33  1.49045e+08
23  34  2.18356e+08
23  35  1.46567e+08
23  36  3.32952e+08
23  37  1.98225e+08
23  38  2.50947e+08
23  39  3.03459e+08
23  40  2.22133e+08
23  41  1.27144e+08
23  42  2.55437e+08
23  43  1.03489e+08
23  44  1.57378e+08
23  45  2.08643e+08
23  46  2.60451e+08
23  47  2.16067e+08
23  48  2.30703e+08
23  49  2.4183e+08
23  50  2.4166e+08
24  0  4.95006e+08
24  1  1.6173e+08
24  2  2.67973e+08
24  3  2.42942e+08
24  4  2.09495e+08
24  5  1.38282e+08
24  6  2.16788e+08
24  7  3.10635e+08
24  8  2.50343e+08
24  9  2.55381e+08
24  10  2.36728e+08
24  11  1.63651e+08
24  12  2.50712e+08
24  13  2.86302e+08
24  14  3.27955e+08
24  15  2.21235e+08
24  16  1.89709e+08
24  17  1.70392e+08
24  18  2.43261e+08
24  19  2.49795e+08
24  20  2.11177e+08
24  21  1.5087e+08
24  22  9.16515e+07
24  23  1.93942e+08
24  24  1.49237e+08
24  25  1.83675e+08
24  26  2.37435e+08
24  27  2.31782e+08
24  28  2.69354e+08
24  29  2.93616e+08
24  30  2.49582e+08
24  31  1.68184e+08
24  32  1.56379e+08
24  33  1.847e+08
24  34  2.58079e+08
24  35  2.00831e+08
24  36  1.95955e+08
24  37  1.92351e+08
24  38  2.72098e+08
24  39  2.09406e+08
24  40  1.83303e+08
24  41  1.21353e+08
24  42  3.05399e+08
24  43  8.34318e+07
24  44  1.67312e+08
24  45  2.90177e+08
24  46  2.34311e+08
24  47  1.77871e+08
24  48  2.3323e+08
24  49  2.47501e+08
24  50  2.08312e+08
25  0  3.96934e+08
25  1  2.61619e+08
25  2  1.25569e+08
25  3  2.07222e+08
25  4  2.25126e+08
25  5  2.38326e+08
25  6  2.16118e+08
25  7  2.519e+08
25  8  2.41677e+08
25  9  1.85505e+08
25  10  2.83913e+08
25  11  2.79188e+08
25  12  2.22092e+08
25  13  1.93347e+08
25  14  3.1761e+08
25  15  3.28536e+08
25  16  3.06462e+08
25  17  2.36502e+08
25  18  1.92692e+08
25  19  1.65189e+08
25  20  2.70235e+08
25  21  1.90805e+08
25  22  1.06255e+08
25  23  1.89772e+08
25  24  1.38045e+08
25  25  1.6908e+08
25  26  2.47283e+08
25  27  2.98206e+08
25  28  1.51845e+08
25  29  2.32653e+08
25  30  2.37522e+08
25  31  2.39941e+08
25  32  2.72633e+08
25  33  2.5606e+08
25  34  1.74599e+08
25  35  2.02527e+08
25  36  1.90957e+08
25  37  2.73817e+08
25  38  2.88666e+08
25  39  2.58618e+08
25  40  1.32437e+08
25  41  1.21766e+08
25  42  2.38347e+08
25  43  1.20756e+08
25  44  1.30787e+08
25  45  2.09522e+08
25  46  2.27878e+08
25  47  1.55571e+08
25  48  1.46991e+08
25  49  3.0009e+08
25  50  1.46143e+08
26  0  3.97052e+08
26  1  1.71441e+08
26  2  1.2373e+08
26  3  1.95699e+08
26  4  2.36459e+08
26  5  1.86174e+08
26  6  2.65832e+08
26  7  2.82855e+08
26  8  1.75509e+08
26  9  2.63261e+08
26  10  2.62754e+08
26  11  2.45726e+08
26  12  2.41887e+08
26  13  1.44789e+08
26  14  2.24488e+08
26  15  2.56479e+08
26  16  2.62077e+08
26  17  1.62602e+08
26  18  1.50483e+08
26  19  2.42195e+08
26  20  1.99685e+08
26  21  2.17351e+08
26  22  2.00349e+08
26  23  1.47119e+08
26  24  1.33348e+08
26  25  1.73395e+08
26  26  2.9461e+08
26  27  2.89844e+08
26  28  1.84141e+08
26  29  2.64468e+08
26  30  2.16272e+08
26  31  1.87268e+08
26  32  2.57811e+08
26  33  2.45736e+08
26  34  2.60648e+08
26  35  1.94341e+08
26  36  2.51318e+08
26  37  2.47153e+08
26  38  2.70508e+08
26  39  2.78191e+08
26  40  1.74281e+08
26  41  1.86721e+08
26  42  2.69329e+08
26  43  1.67057e+08
26  44  2.15506e+08
26  45  1.60882e+08
26  46  2.74438e+08
26  47  1.32174e+08
26  48  2.13799e+08
26  49  1.9939e+08
26  50  1.30299e+08
27  0  3.81256e+08
27  1  1.79709e+08
27  2  1.50293e+08
27  3  2.26694e+08
27  4  2.20283e+08
27  5  1.66746e+08
27  6  2.73899e+08
27  7  2.24252e+08
27  8  2.4109e+08
27  9  2.44332e+08
27  10  2.13577e+08
27  11  2.68353e+08
27  12  1.4886e+08
27  13  1.77495e+08
27  14  1.97473e+08
27  15  2.78545e+08
27  16  2.99025e+08
27  17  1.60512e+08
27  18  2.38828e+08
27  19  1.87158e+08
27  20  1.30529e+08
27  21  1.75464e+08
27  22  1.86738e+08
27  23  1.91119e+08
27  24  1.45406e+08
27  25  2.60596e+08
27  26  3.00592e+08
27  27  3.01189e+08
27  28  2.31513e+08
27  29  3.38328e+08
27  30  2.40293e+08
27  31  2.61856e+08
27  32  2.43617e+08
27  33  1.86964e+08
27  34  2.03117e+08
27  35  2.40949e+08
27  36  3.1785e+08
27  37  2.9126e+08
27  38  2.67357e+08
27  39  2.43274e+08
27  40  2.44525e+08
27  41  2.64852e+08
27  42  3.07778e+08
27  43  2.60033e+08
27  44  2.26494e+08
27  45  2.35607e+08
27  46  2.86714e+08
27  47  1.899e+08
27  48  1.46035e+08
27  49  1.69688e+08
27  50  1.99519e+08
28  0  3.08929e+08
28  1  1.66389e+08
28  2  1.15311e+08
28  3  1.79713e+08
28  4  2.72048e+08
28  5  2.24236e+08
28  6  1.97587e+08
28  7  2.39922e+08
28  8  3.2352e+08
28  9  2.7039e+08
28  10  2.18268e+08
28  11  1.99213e+08
28  12  1.5115e+08
28  13  1.84008e+08
28  14  1.94939e+08
28  15  3.44648e+08
28  16  2.99921e+08
28  17  1.83981e+08
28  18  2.23345e+08
28  19  2.4523e+08
28  20  1.56578e+08
28  21  2.13512e+08
28  22  1.72442e+08
28  23  1.91306e+08
28  24  2.03277e+08
28  25  2.57467e+08
28  26  2.03631e+08
28  27  2.4459e+08
28  28  2.60202e+08
28  29  2.08737e+08
28  30  2.24509e+08
28  31  3.28033e+08
28  32  2.58661e+08
28  33  2.60792e+08
28  34  2.11476e+08
28  35  2.15107e+08
28  36  2.73489e+08
28  37  2.11616e+08
28  38  2.72353e+08
28  39  1.96348e+08
28  40  2.14846e+08
28  41  2.10464e+08
28  42  2.75885e+08
28  43  2.8089e+08
28  44  2.81543e+08
28  45  2.2311e+08
28  46  3.06947e+08
28  47  2.74578e+08
28  48  2.28532e+08
28  49  1.59895e+08
28  50  1.47745e+08
29  0  3.1852e+08
29  1  2.42071e+08
29  2  1.49231e+08
29  3  1.6175e+08
29  4  2.21281e+08
29  5  2.0499e+08
29  6  2.11237e+08
29  7  2.44857e+08
29  8  3.00218e+08
29  9  2.32323e+08
29  10  3.11573e+08
29  11  2.17948e+08
29  12  2.77159e+08
29  13  1.69366e+08
29  14  2.26439e+08
29  15  2.26986e+08
29  16  3.12079e+08
29  17  1.96825e+08
29  18  2.07391e+08
29  19  1.91616e+08
29  20  1.18325e+08
29  21  2.02806e+08
29  22  2.81786e+08
29  23  3.48288e+08
29  24  2.74853e+08
29  25  2.80553e+08
29  26  2.03357e+08
29  27  2.60153e+08
29  28  2.84394e+08
29  29  2.34209e+08
29  30  2.13518e+08
29  31  2.85058e+08
29  32  2.65657e+08
29  33  2.40837e+08
29  34  3.26605e+08
29  35  2.94269e+08
29  36  2.41779e+08
29  37  3.22891e+08
29  38  2.94316e+08
29  39  1.97623e+08
29  40  2.10861e+08
29  41  3.17529e+08
29  42  3.15053e+08
29  43  2.31995e+08
29  44  3.08567e+08
29  45  3.18066e+08
29  46  3.26481e+08
29  47  2.48e+08
29  48  2.47535e+08
29  49  2.27175e+08
29  50  1.25451e+08
30  0  1.99057e+08
30  1  1.49169e+08
30  2  1.00486e+08
30  3  1.21686e+08
30  4  2.54696e+08
30  5  2.85946e+08
30  6  2.70428e+08
30  7  2.60255e+08
30  8  2.23551e+08
30  9  3.0932e+08
30  10  2.66705e+08
30  11  2.10353e+08
30  12  2.44361e+08
30  13  1.62389e+08
30  14  2.1345e+08
30  15  2.72207e+08
30  16  2.15323e+08
30  17  2.02533e+08
30  18  2.35697e+08
30  19  2.03424e+08
30  20  1.3965e+08
30  21  1.98774e+08
30  22  1.44567e+08
30  23  2.94169e+08
30  24  2.44312e+08
30  25  1.64183e+08
30  26  2.18877e+08
30  27  2.04124e+08
30  28  1.94623e+08
30  29  2.23381e+08
30  30  2.42564e+08
30  31  2.70967e+08
30  32  2.87804e+08
30  33  2.80179e+08
30  34  2.69118e+08
30  35  1.8925e+08
30  36  2.71518e+08
30  37  2.8362e+08
30  38  2.33214e+08
30  39  1.97717e+08
30  40  3.03593e+08
30  41  2.01623e+08
30  42  3.19293e+08
30  43  2.7465e+08
30  44  2.83063e+08
30  45  2.17814e+08
30  46  3.47642e+08
30  47  2.07977e+08
30  48  1.8185e+08
30  49  3.33772e+07
30  50  1.60964e+08
31  0  2.30472e+08
31  1  1.29447e+08
31  2  1.40661e+08
31  3  5.92549e+07
31  4  2.82271e+08
31  5  2.34333e+08
31  6  2.88132e+08
31  7  2.85884e+08
31  8  2.2241e+08
31  9  2.70149e+08
31  10  1.86756e+08
31  11  2.50986e+08
31  12  2.19267e+08
31  13  1.55296e+08
31  14  1.47284e+08
31  15  2.66109e+08
31  16  2.43534e+08
31  17  1.77652e+08
31  18  2.30944e+08
31  19  2.80385e+08
31  20  1.29971e+08
31  21  1.8263e+08
31  22  3.01049e+08
31  23  2.9504e+08
31  24  1.92142e+08
31  25  2.88011e+08
31  26  2.27453e+08
31  27  2.35209e+08
31  28  2.827e+08
31  29  1.29195e+08
31  30  2.62265e+08
31  31  2.39308e+08
31  32  1.80751e+08
31  33  2.48607e+08
31  34  2.32443e+08
31  35  2.91494e+08
31  36  2.73865e+08
31  37  2.34873e+08
31  38  3.15839e+08
31  39  2.19884e+08
31  40  2.33314e+08
31  41  3.04008e+08
31  42  3.3931e+08
31  43  2.46322e+08
31  44  2.36367e+08
31  45  3.00512e+08
31  46  2.80198e+08
31  47  2.00869e+08
31  48  1.19834e+08
31  49  1.01109e+08
31  50  6.49607e+07
32  0  2.10865e+08
32  1  1.03234e+08
32  2  1.13499e+08
32  3  1.23754e+08
32  4  2.59652e+08
32  5  3.14322e+08
32  6  2.82171e+08
32  7  2.28376e+08
32  8  2.4894e+08
32  9  2.98132e+08
32  10  3.22997e+08
32  11  1.88004e+08
32  12  1.32264e+08
32  13  1.54498e+08
32  14  2.79389e+08
32  15  1.54033e+08
32  16  2.32018e+08
32  17  2.06655e+08
32  18  1.72535e+08
32  19  2.2049e+08
32  20  1.8922e+08
32  21  2.72326e+08
32  22  2.79485e+08
32  23  3.19559e+08
32  24  2.69517e+08
32  25  2.13867e+08
32  26  1.42403e+08
32  27  3.19427e+08
32  28  1.59651e+08
32  29  2.3522e+08
32  30  2.16299e+08
32  31  2.64165e+08
32  32  2.83995e+08
32  33  3.06195e+08
32  34  2.92292e+08
32  35  2.26218e+08
32  36  3.29359e+08
32  37  2.6744e+08
32  38  2.65644e+08
32  39  2.71278e+08
32  40  3.08877e+08
32  41  3.95528e+08
32  42  3.49057e+08
32  43  2.20518e+08
32  44  2.6721e+08
32  45  2.37971e+08
32  46  1.86006e+08
32  47  2.17977e+08
32  48  1.23365e+08
32  49  1.09882e+08
32  50  5.69579e+07
33  0  1.79432e+08
33  1  7.31774e+07
33  2  1.25606e+08
33  3  4.35143e+07
33  4  2.27491e+08
33  5  2.59943e+08
33  6  2.66308e+08
33  7  3.12396e+08
33  8  2.53226e+08
33  9  1.95792e+08
33  10  2.22855e+08
33  11  3.5113e+08
33  12  1.94476e+08
33  13  1.88417e+08
33  14  2.49942e+08
33  15  1.96799e+08
33  16  2.37882e+08
33  17  2.88688e+08
33  18  2.3602e+08
33  19  2.26046e+08
33  20  2.40601e+08
33  21  3.01144e+08
33  22  2.24445e+08
33  23  3.04101e+08
33  24  2.49481e+08
33  25  2.28832e+08
33  26  1.8793e+08
33  27  2.66004e+08
33  28  2.40252e+08
33  29  2.4429e+08
33  30  2.01674e+08
33  31  1.88788e+08
33  32  2.55692e+08
33  33  2.93298e+08
33  34  3.10593e+08
33  35  2.98495e+08
33  36  2.52611e+08
33  37  3.33253e+08
33  38  2.54302e+08
33  39  2.90306e+08
33  40  3.57023e+08
33  41  3.75477e+08
33  42  3.06661e+08
33  43  3.90299e+08
33  44  3.3844e+08
33  45  1.31309e+08
33  46  2.56608e+08
33  47  1.76179e+08
33  48  2.0145e+08
33  49  0
33  50  2.08331e+07
34  0  1.13079e+08
34  1  5.34257e+07
34  2  8.72649e+07
34  3  1.21452e+08
34  4  2.93629e+08
34  5  2.46583e+08
34  6  2.86366e+08
34  7  3.20171e+08
34  8  2.98454e+08
34  9  2.85793e+08
34  10  2.49848e+08
34  11  2.17067e+08
34  12  2.32156e+08
34  13  2.23822e+08
34  14  2.61617e+08
34  15  1.74567e+08
34  16  2.51335e+08
34  17  2.66929e+08
34  18  2.34686e+08
34  19  2.4948e+08
34  20  3.0077e+08
34  21  2.7544e+08
34  22  2.80345e+08
34  23  4.41441e+08
34  24  3.05421e+08
34  25  2.53359e+08
34  26  2.23046e+08
34  27  3.10019e+08
34  28  3.08977e+08
34  29  2.55399e+08
34  30  2.33482e+08
34  31  2.80518e+08
34  32  2.82108e+08
34  33  2.61385e+08
34  34  3.62986e+08
34  35  3.08216e+08
34  36  2.74295e+08
34  37  2.83177e+08
34  38  2.5365e+08
34  39  2.37784e+08
34  40  2.43522e+08
34  41  3.84514e+08
34  42  4.19958e+08
34  43  3.25162e+08
34  44  2.77116e+08
34  45  1.64283e+08
34  46  2.03484e+08
34  47  8.18268e+07
34  48  7.99022e+07
34  49  4.64162e+07
34  50  2.09489e+07
35  0  1.27307e+08
35  1  1.368e+08
35  2  2.27978e+08
35  3  1.75766e+08
35  4  2.51066e+08
35  5  3.23296e+08
35  6  3.67443e+08
35  7  1.9719e+08
35  8  2.72994e+08
35  9  2.31188e+08
35  10  2.37454e+08
35  11  2.42231e+08
35  12  1.76767e+08
35  13  3.43836e+08
35  14  1.57945e+08
35  15  2.24751e+08
35  16  2.3203e+08
35  17  2.90749e+08
35  18  2.84903e+08
35  19  3.23437e+08
35  20  2.3634e+08
35  21  2.67345e+08
35  22  2.77934e+08
35  23  3.41836e+08
35  24  2.75151e+08
35  25  2.73773e+08
35  26  2.49045e+08
35  27  2.64847e+08
35  28  2.61787e+08
35  29  2.75992e+08
35  30  2.30002e+08
35  31  3.42673e+08
35  32  3.99924e+08
35  33  3.56315e+08
35  34  2.87616e+08
35  35  2.74194e+08
35  36  2.54111e+08
35  37  2.43442e+08
35  38  2.26872e+08
35  39  3.04255e+08
35  40  3.37038e+08
35  41  4.17301e+08
35  42  3.55397e+08
35  43  3.00933e+08
35  44  2.42978e+08
35  45  1.7225e+08
35  46  1.06434e+08
35  47  9.87112e+07
35  48  7.61641e+07
35  49  1.32239e+08
35  50  9.36018e+07
36  0  1.51452e+08
36  1  2.09267e+08
36  2  2.49828e+08
36  3  2.58885e+08
36  4  3.41472e+08
36  5  3.4519e+08
36  6  3.64185e+08
36  7  2.97175e+08
36  8  2.65807e+08
36  9  3.10132e+08
36  10  2.39766e+08
36  11  3.24586e+08
36  12  2.52433e+08
36  13  1.66153e+08
36  14  2.66101e+08
36  15  2.5666e+08
36  16  3.0562e+08
36  17  3.40252e+08
36  18  2.53539e+08
36  19  3.04594e+08
36  20  2.87234e+08
36  21  3.48335e+08
36  22  3.41698e+08
36  23  3.20468e+08
36  24  2.78645e+08
36  25  2.41068e+08
36  26  2.0314e+08
36  27  2.87395e+08
36  28  2.4515e+08
36  29  2.5863e+08
36  30  2.22347e+08
36  31  2.43529e+08
36  32  3.04437e+08
36  33  3.30473e+08
36  34  2.55886e+08
36  35  2.34326e+08
36  36  3.14975e+08
36  37  2.46583e+08
36  38  2.4044e+08
36  39  3.56896e+08
36  40  4.06722e+08
36  41  4.47864e+08
36  42  5.18317e+08
36  43  3.61138e+08
36  44  1.86313e+08
36  45  1.3356e+08
36  46  1.72159e+08
36  47  8.33115e+07
36  48  8.72712e+07
36  49  5.68734e+07
36  50  2.75833e+07
37  0  8.90555e+07
37  1  1.83201e+08
37  2  2.6525e+08
37  3  3.59554e+08
37  4  2.1755e+08
37  5  3.77009e+08
37  6  3.73504e+08
37  7  2.3817e+08
37  8  2.91566e+08
37  9  2.83684e+08
37  10  2.29104e+08
37  11  3.54662e+08
37  12  2.39275e+08
37  13  2.36825e+08
37  14  2.92117e+08
37  15  2.55626e+08
37  16  2.24989e+08
37  17  3.62864e+08
37  18  3.40308e+08
37  19  2.88734e+08
37  20  3.14524e+08
37  21  3.66042e+08
37  22  3.06618e+08
37  23  3.18915e+08
37  24  3.97831e+08
37  25  3.0073e+08
37  26  2.14411e+08
37  27  3.45897e+08
37  28  3.4663e+08
37  29  3.1707e+08
37  30  2.87628e+08
37  31  3.23369e+08
37  32  2.77782e+08
37  33  3.37798e+08
37  34  2.83721e+08
37  35  2.90966e+08
37  36  3.29002e+08
37  37  3.25328e+08
37  38  3.16535e+08
37  39  3.88542e+08
37  40  3.31443e+08
37  41  3.88102e+08
37  42  5.0451e+08
37  43  3.51161e+08
37  44  1.94269e+08
37  45  7.13662e+07
37  46  3.07072e+08
37  47  1.50501e+08
37  48  1.84887e+08
37  49  0
37  50  7.11411e+07
38  0  1.80049e+08
38  1  2.61409e+08
38  2  3.6896e+08
38  3  2.17733e+08
38  4  3.41756e+08
38  5  3.51451e+08
38  6  2.91202e+08
38  7  2.48577e+08
38  8  3.36149e+08
38  9  3.17952e+08
38  10  2.7059e+08
38  11  3.10507e+08
38  12  3.36882e+08
38  13  3.27664e+08
38  14  2.10306e+08
38  15  1.98013e+08
38  16  2.68894e+08
38  17  2.9315e+08
38  18  2.33561e+08
38  19  2.86109e+08
38  20  3.5596e+08
38  21  3.64798e+08
38  22  3.80643e+08
38  23  3.59048e+08
38  24  3.84456e+08
38  25  2.80319e+08
38  26  3.81635e+08
38  27  3.00091e+08
38  28  3.30189e+08
38  29  3.01865e+08
38  30  2.93745e+08
38  31  3.95083e+08
38  32  3.32421e+08
38  33  3.04359e+08
38  34  3.07288e+08
38  35  3.12249e+08
38  36  3.55739e+08
38  37  3.33665e+08
38  38  2.94103e+08
38  39  3.98375e+08
38  40  3.7591e+08
38  41  4.03906e+08
38  42  4.6033e+08
38  43  3.80328e+08
38  44  1.69601e+08
38  45  2.78146e+08
38  46  1.71358e+08
38  47  6.25008e+07
38  48  2.71503e+08
38  49  8.95566e+07
38  50  2.00325e+07
39  0  1.74733e+08
39  1  2.15619e+08
39  2  3.10254e+08
39  3  3.59259e+08
39  4  2.78772e+08
39  5  3.55399e+08
39  6  3.45643e+08
39  7  3.13023e+08
39  8  4.18343e+08
39  9  3.14535e+08
39  10  3.53814e+08
39  11  3.72926e+08
39  12  3.7411e+08
39  13  3.55824e+08
39  14  2.61236e+08
39  15  1.87659e+08
39  16  2.99747e+08
39  17  2.1441e+08
39  18  3.05026e+08
39  19  2.66271e+08
39  20  3.62293e+08
39  21  3.54571e+08
39  22  3.11047e+08
39  23  3.98173e+08
39  24  3.84719e+08
39  25  2.86508e+08
39  26  3.31277e+08
39  27  3.43328e+08
39  28  3.13955e+08
39  29  3.36935e+08
39  30  3.38221e+08
39  31  3.73363e+08
39  32  2.2264e+08
39  33  4.0681e+08
39  34  3.28416e+08
39  35  2.62719e+08
39  36  2.89689e+08
39  37  2.61033e+08
39  38  2.91932e+08
39  39  4.09309e+08
39  40  4.32346e+08
39  41  4.106e+08
39  42  4.42174e+08
39  43  3.53548e+08
39  44  1.62288e+08
39  45  1.52219e+08
39  46  2.29705e+08
39  47  4.2945e+07
39  48  1.43123e+08
39  49  1.01361e+08
39  50  2.11971e+08
40  0  2.57905e+08
40  1  3.32746e+08
40  2  3.7716e+08
40  3  2.92779e+08
40  4  2.76178e+08
40  5  3.24366e+08
40  6  3.75057e+08
40  7  3.80428e+08
40  8  4.01609e+08
40  9  3.64069e+08
40  10  3.39018e+08
40  11  4.1699e+08
40  12  4.29965e+08
40  13  3.11031e+08
40  14  3.68664e+08
40  15  3.01169e+08
40  16  2.42102e+08
40  17  2.13673e+08
40  18  2.21296e+08
40  19  3.57049e+08
40  20  3.43605e+08
40  21  4.15142e+08
40  22  3.85365e+08
40  23  3.42429e+08
40  24  3.30979e+08
40  25  3.22977e+08
40  26  3.4212e+08
40  27  3.73621e+08
40  28  3.18396e+08
40  29  3.87281e+08
40  30  3.41106e+08
40  31  3.07987e+08
40  32  3.51226e+08
40  33  3.29659e+08
40  34  3.48742e+08
40  35  2.4428e+08
40  36  3.67442e+08
40  37  3.23221e+08
40  38  2.51903e+08
40  39  3.99971e+08
40  40  5.25097e+08
40  41  4.88683e+08
40  42  3.59569e+08
40  43  4.5411e+08
40  44  1.81867e+08
40  45  2.08984e+08
40  46  1.66612e+08
40  47  7.67181e+07
40  48  1.67195e+08
40  49  7.34545e+07
40  50  1.43396e+08
41  0  2.26111e+08
41  1  2.70626e+08
41  2  2.99237e+08
41  3  2.8359e+08
41  4  2.30137e+08
41  5  3.16196e+08
41  6  3.7288e+08
41  7  3.89804e+08
41  8  3.96978e+08
41  9  4.10397e+08
41  10  3.60805e+08
41  11  3.55627e+08
41  12  4.03286e+08
41  13  3.93974e+08
41  14  4.41672e+08
41  15  3.21146e+08
41  16  2.31847e+08
41  17  1.8286e+08
41  18  2.33052e+08
41  19  2.52159e+08
41  20  3.68626e+08
41  21  4.08949e+08
41  22  4.52679e+08
41  23  3.407e+08
41  24  3.82723e+08
41  25  2.57432e+08
41  26  2.78982e+08
41  27  3.7357e+08
41  28  3.6828e+08
41  29  2.65062e+08
41  30  3.38455e+08
41  31  3.92962e+08
41  32  3.60742e+08
41  33  3.89979e+08
41  34  3.49063e+08
41  35  3.22811e+08
41  36  3.41317e+08
41  37  3.7792e+08
41  38  2.73232e+08
41  39  3.75434e+08
41  40  4.24251e+08
41  41  4.5165e+08
41  42  4.17731e+08
41  43  3.76313e+08
41  44  1.43434e+08
41  45  1.12644e+08
41  46  8.1885e+07
41  47  9.94518e+07
41  48  1.2954e+08
41  49  7.31822e+07
41  50  4.30337e+07
42  0  3.47722e+08
42  1  2.31818e+08
42  2  1.43071e+08
42  3  2.90708e+08
42  4  1.86616e+08
42  5  2.7071e+08
42  6  2.88615e+08
42  7  3.86367e+08
42  8  4.70147e+08
42  9  3.93692e+08
42  10  3.83547e+08
42  11  2.97602e+08
42  12  3.83101e+08
42  13  3.56344e+08
42  14  3.33283e+08
42  15  2.56705e+08
42  16  2.12994e+08
42  17  1.99635e+07
42  18  1.68745e+08
42  19  3.56668e+08
42  20  3.439e+08
42  21  3.08465e+08
42  22  3.19363e+08
42  23  3.86944e+08
42  24  2.72904e+08
42  25  2.02777e+08
42  26  3.31992e+08
42  27  4.2646e+08
42  28  3.62842e+08
42  29  3.28236e+08
42  30  3.42881e+08
42  31  3.60491e+08
42  32  3.68373e+08
42  33  4.37717e+08
42  34  4.7071e+08
42  35  3.58041e+08
42  36  4.45612e+08
42  37  3.70681e+08
42  38  3.63952e+08
42  39  3.43599e+08
42  40  3.23172e+08
42  41  3.93207e+08
42  42  3.09263e+08
42  43  1.61724e+08
42  44  1.65835e+07
42  45  1.01415e+08
42  46  1.16773e+08
42  47  1.33428e+08
42  48  8.05042e+07
42  49  6.96649e+07
42  50  0
43  0  2.42816e+08
43  1  3.06749e+08
43  2  2.23762e+08
43  3  1.55566e+08
43  4  1.63211e+08
43  5  1.08444e+08
43  6  2.34991e+08
43  7  3.55217e+08
43  8  3.2026e+08
43  9  3.69881e+08
43  10  2.85585e+08
43  11  3.16275e+08
43  12  3.62017e+08
43  13  3.99737e+08
43  14  2.8484e+08
43  15  2.17481e+08
43  16  1.82747e+08
43  17  2.20227e+08
43  18  8.23398e+07
43  19  2.66036e+08
43  20  3.45789e+08
43  21  3.66091e+08
43  22  3.21373e+08
43  23  3.19862e+08
43  24  4.11877e+08
43  25  1.3441e+08
43  26  1.68574e+08
43  27  3.70974e+08
43  28  3.6835e+08
43  29  4.07695e+08
43  30  2.78625e+08
43  31  3.89624e+08
43  32  4.06884e+08
43  33  3.48898e+08
43  34  3.65473e+08
43  35  2.75427e+08
43  36  3.61225e+08
43  37  3.56875e+08
43  38  3.72185e+08
43  39  3.0595e+08
43  40  2.76054e+08
43  41  4.22756e+08
43  42  2.97956e+08
43  43  1.09565e+08
43  44  5.32809e+07
43  45  3.22291e+07
43  46  3.02179e+07
43  47  6.50384e+07
43  48  4.40755e+07
43  49  4.19978e+07
43  50  0
44  0  1.70175e+08
44  1  2.15205e+08
44  2  8.42661e+07
44  3  1.80408e+08
44  4  6.63083e+07
44  5  1.67241e+08
44  6  1.09464e+08
44  7  2.01191e+08
44  8  2.86668e+08
44  9  3.2596e+08
44  10  2.78847e+08
44  11  3.41833e+08
44  12  2.39715e+08
44  13  3.26868e+08
44  14  2.10904e+08
44  15  1.47503e+08
44  16  1.59922e+08
44  17  5.37459e+07
44  18  1.43491e+08
44  19  3.30514e+08
44  20  2.96801e+08
44  21  2.96429e+08
44  22  2.08896e+08
44  23  2.89921e+08
44  24  2.77654e+08
44  25  1.1992e+08
44  26  2.05631e+08
44  27  4.48216e+08
44  28  3.77017e+08
44  29  2.27189e+08
44  30  3.04695e+08
44  31  3.76324e+08
44  32  4.01946e+08
44  33  4.31469e+08
44  34  3.24635e+08
44  35  3.82111e+08
44  36  3.74508e+08
44  37  4.28949e+08
44  38  3.52226e+08
44  39  4.07347e+08
44  40  2.25825e+08
44  41  2.31597e+08
44  42  1.50931e+08
44  43  9.29501e+07
44  44  4.34399e+07
44  45  6.23253e+07
44  46  0
44  47  8.02933e+06
44  48  2.05294e+07
44  49  2.39347e+07
44  50  5.50376e+07
45  0  9.29262e+07
45  1  9.90045e+07
45  2  9.55964e+07
45  3  1.20777e+08
45  4  1.30814e+08
45  5  1.12765e+08
45  6  1.49301e+08
45  7  1.50843e+08
45  8  1.59343e+08
45  9  1.50103e+08
45  10  2.47422e+08
45  11  1.46357e+08
45  12  2.71692e+08
45  13  1.63662e+08
45  14  1.8692e+08
45  15  1.31425e+08
45  16  1.28431e+08
45  17  6.99811e+07
45  18  6.58356e+07
45  19  2.98426e+08
45  20  2.10991e+08
45  21  2.40271e+08
45  22  2.75175e+08
45  23  1.61809e+08
45  24  1.6505e+08
45  25  9.98431e+06
45  26  9.41864e+07
45  27  2.90459e+08
45  28  3.29009e+08
45  29  3.15218e+08
45  30  2.96812e+08
45  31  4.23049e+08
45  32  4.12186e+08
45  33  4.07604e+08
45  34  3.41048e+08
45  35  3.02991e+08
45  36  3.13567e+08
45  37  3.45412e+08
45  38  3.18295e+08
45  39  3.82228e+08
45  40  2.39287e+08
45  41  1.68413e+08
45  42  9.28734e+07
45  43  1.22433e+08
45  44  8.19392e+07
45  45  7.26319e+07
45  46  0
45  47  0
45  48  8.94587e+07
45  49  0
45  50  0
46  0  1.16946e+08
46  1  1.45336e+08
46  2  9.39569e+07
46  3  5.68268e+07
46  4  2.42248e+07
46  5  6.23771e+07
46  6  5.17799e+07
46  7  8.09232e+07
46  8  2.10064e+08
46  9  2.31067e+08
46  10  9.26018e+07
46  11  1.29451e+08
46  12  1.75636e+08
46  13  1.1805e+08
46  14  1.08048e+08
46  15  1.27966e+08
46  16  2.74201e+06
46  17  6.83333e+07
46  18  3.63874e+07
46  19  1.72799e+08
46  20  1.4212e+08
46  21  2.31293e+08
46  22  1.32706e+08
46  23  1.44744e+08
46  24  1.35192e+08
46  25  7.0527e+07
46  26  1.51603e+08
46  27  2.95598e+08
46  28  2.2294e+08
46  29  2.56151e+08
46  30  2.72368e+08
46  31  3.3682e+08
46  32  3.63566e+08
46  33  3.38002e+08
46  34  2.37517e+08
46  35  2.99305e+08
46  36  2.2569e+08
46  37  2.11947e+08
46  38  1.97745e+08
46  39  1.87383e+08
46  40  1.11209e+08
46  41  4.40019e+07
46  42  2.19355e+07
46  43  1.09912e+08
46  44  0
46  45  7.42673e+06
46  46  1.44403e+08
46  47  2.48785e+07
46  48  8.31468e+06
46  49  4.52392e+07
46  50  2.1566e+07
47  0  2.71046e+07
47  1  3.09875e+07
47  2  8.18224e+07
47  3  4.72952e+07
47  4  0
47  5  3.28157e+07
47  6  1.08966e+08
47  7  8.56265e+07
47  8  8.10074e+07
47  9  8.03892e+07
47  10  0
47  11  1.13151e+07
47  12  1.71662e+08
47  13  1.58506e+08
47  14  6.57822e+07
47  15  3.20919e+07
47  16  6.64857e+06
47  17  7.01135e+07
47  18  0
47  19  9.32372e+07
47  20  1.00456e+08
47  21  6.06439e+07
47  22  8.6754e+07
47  23  1.59845e+08
47  24  7.62511e+07
47  25  1.10167e+08
47  26  6.08253e+07
47  27  1.82409e+08
47  28  2.53257e+08
47  29  8.96943e+07
47  30  2.5549e+08
47  31  3.86228e+08
47  32  1.99021e+08
47  33  3.35597e+08
47  34  2.84676e+08
47  35  1.98604e+08
47  36  2.0399e+08
47  37  1.88167e+08
47  38  1.50929e+08
47  39  2.2132e+08
47  40  1.00525e+08
47  41  6.06393e+07
47  42  5.12569e+07
47  43  1.32624e+07
47  44  0
47  45  2.76767e+07
47  46  2.27013e+07
47  47  5.75182e+07
47  48  0
47  49  3.16489e+07
47  50  6.86703e+07
48  0  1.76575e+07
48  1  6.93994e+07
48  2  0
48  3  4.35517e+07
48  4  0
48  5  6.22279e+07
48  6  0
48  7  6.3044e+07
48  8  4.60558e+07
48  9  2.55943e+07
48  10  1.06089e+08
48  11  5.20304e+07
48  12  6.91003e+07
48  13  7.32063e+07
48  14  3.36505e+07
48  15  0
48  16  0
48  17  6.42437e+07
48  18  0
48  19  1.17668e+08
48  20  5.03417e+07
48  21  6.22433e+07
48  22  2.72899e+07
48  23  1.21163e+08
48  24  2.07007e+07
48  25  5.42456e+07
48  26  1.42619e+08
48  27  1.59256e+08
48  28  1.72859e+08
48  29  9.39777e+07
48  30  2.09746e+08
48  31  1.10346e+08
48  32  1.13514e+08
48  33  1.21855e+08
48  34  3.54853e+07
48  35  3.22641e+07
48  36  7.08703e+07
48  37  1.41533e+08
48  38  1.32429e+08
48  39  9.98552e+07
48  40  1.03356e+08
48  41  1.92944e+07
48  42  6.76811e+07
48  43  5.25207e+07
48  44  9.11549e+07
48  45  0
48  46  1.90495e+07
48  47  2.56286e+06
48  48  3.60252e+07
48  49  1.11963e+07
48  50  0
49  0  1.2305e+08
49  1  2.6292e+07
49  2  6.67068e+07
49  3  0
49  4  1.08919e+08
49  5  0
49  6  3.93457e+07
49  7  1.31688e+07
49  8  0
49  9  2.32285e+07
49  10  1.25627e+07
49  11  5.1455e+07
49  12  4.75579e+07
49  13  2.28423e+07
49  14  3.56341e+07
49  15  0
49  16  0
49  17  3.71365e+07
49  18  0
49  19  4.93377e+07
49  20  4.73708e+07
49  21  0
49  22  3.39392e+07
49  23  1.19968e+08
49  24  0
49  25  5.31046e+07
49  26  5.02397e+07
49  27  9.53171e+07
49  28  1.8157e+08
49  29  9.50094e+07
49  30  8.70356e+07
49  31  1.14162e+08
49  32  1.50615e+08
49  33  9.21785e+07
49  34  1.08795e+08
49  35  1.00875e+08
49  36  1.15509e+08
49  37  1.291e+08
49  38  0
49  39  6.35972e+07
49  40  1.28177e+08
49  41  4.87724e+07
49  42  0
49  43  2.69095e+07
49  44  0
49  45  2.33431e+07
49  46  0
49  47  0
49  48  5.50988e+07
49  49  1.21196e+07
49  50  0
50  0  0
50  1  0
50  2  0
50  3  0
50  4  1.15765e+08
50  5  6.50133e+06
50  6  2.38137e+07
50  7  3.1214e+07
50  8  1.32744e+07
50  9  288244
50  10  0
50  11  6.58216e+07
50  12  4.30514e+07
50  13  9.8647e+07
50  14  2.87852e+07
50  15  0
50  16  0
50  17  1.6767e+08
50  18  2.01897e+07
50  19  4.03549e+06
50  20  9.01026e+07
50  21  0
50  22  3.44115e+07
50  23  0
50  24  5.33273e+07
50  25  0
50  26  0
50  27  2.25931e+08
50  28  4.8758e+06
50  29  9.02066e+07
50  30  1.37703e+08
50  31  8.98158e+07
50  32  3.70102e+07
50  33  1.26911e+08
50  34  3.09737e+07
50  35  1.34355e+07
50  36  2.48456e+07
50  37  1.48945e+08
50  38  8.16596e+06
50  39  1.26326e+07
50  40  1.13596e+07
50  41  5.67966e+07
50  42  5.53343e+07
50  43  0
50  44  0
50  45  0
50  46  0
50  47  5.98e+07
50  48  7.2927e+07
50  49  0
50  50  0

