row  column  (images_9.edf Mn_K*images_9.edf Ar_K**2.3)
0  0  8.80112e+07
0  1  1.02575e+08
0  2  1.23083e+08
0  3  1.33958e+08
0  4  1.0802e+08
0  5  8.91477e+07
0  6  1.53991e+08
0  7  1.28133e+08
0  8  1.41892e+08
0  9  1.42453e+08
0  10  1.39453e+08
0  11  1.05e+08
0  12  1.33797e+08
0  13  1.45439e+08
0  14  1.47584e+08
0  15  9.65701e+07
0  16  1.26441e+08
0  17  1.14316e+08
0  18  1.13956e+08
0  19  1.25894e+08
0  20  1.36079e+08
0  21  1.37608e+08
0  22  8.38774e+07
0  23  1.63121e+08
0  24  9.24569e+07
0  25  1.58943e+08
0  26  8.87899e+07
0  27  5.93695e+07
0  28  1.45086e+08
0  29  1.29107e+08
0  30  1.33416e+08
0  31  1.81816e+08
0  32  1.55547e+08
0  33  1.08047e+08
0  34  1.63634e+08
0  35  1.32879e+08
0  36  1.80667e+08
0  37  1.50663e+08
0  38  1.22734e+08
0  39  1.34464e+08
0  40  8.05732e+07
0  41  1.33342e+08
0  42  1.34663e+08
0  43  1.35706e+08
0  44  1.38699e+08
0  45  1.08169e+08
0  46  1.19464e+08
0  47  7.60516e+07
0  48  1.78341e+08
0  49  1.05675e+08
0  50  1.70171e+08
1  0  1.45909e+08
1  1  8.01031e+07
1  2  8.1288e+07
1  3  7.8089e+07
1  4  1.09341e+08
1  5  5.80319e+07
1  6  1.52731e+08
1  7  1.36226e+08
1  8  1.2254e+08
1  9  1.02545e+08
1  10  1.21739e+08
1  11  1.30259e+08
1  12  1.34778e+08
1  13  1.00256e+08
1  14  1.33875e+08
1  15  1.12033e+08
1  16  1.19554e+08
1  17  1.59967e+08
1  18  8.57904e+07
1  19  1.02221e+08
1  20  1.37127e+08
1  21  1.8546e+08
1  22  1.72515e+08
1  23  1.1387e+08
1  24  1.06261e+08
1  25  1.0885e+08
1  26  1.22537e+08
1  27  7.88761e+07
1  28  1.22186e+08
1  29  1.75854e+08
1  30  1.36635e+08
1  31  1.92902e+08
1  32  1.53385e+08
1  33  9.46417e+07
1  34  1.52447e+08
1  35  1.43306e+08
1  36  1.92925e+08
1  37  1.38614e+08
1  38  1.27914e+08
1  39  1.0188e+08
1  40  1.60365e+08
1  41  1.0381e+08
1  42  1.36438e+08
1  43  1.64547e+08
1  44  1.15598e+08
1  45  1.29292e+08
1  46  1.37423e+08
1  47  9.04357e+07
1  48  1.32832e+08
1  49  1.12253e+08
1  50  1.29831e+08
2  0  9.35034e+07
2  1  1.11876e+08
2  2  7.6057e+07
2  3  9.85572e+07
2  4  7.62411e+07
2  5  1.10914e+08
2  6  1.02049e+08
2  7  1.48084e+08
2  8  6.00929e+07
2  9  1.06383e+08
2  10  1.05607e+08
2  11  9.38373e+07
2  12  1.41255e+08
2  13  1.29827e+08
2  14  1.76091e+08
2  15  1.51097e+08
2  16  1.42652e+08
2  17  1.22433e+08
2  18  1.02994e+08
2  19  1.11049e+08
2  20  1.58593e+08
2  21  1.39889e+08
2  22  1.1331e+08
2  23  1.08359e+08
2  24  1.33152e+08
2  25  1.4002e+08
2  26  1.43593e+08
2  27  8.25161e+07
2  28  7.27451e+07
2  29  1.06205e+08
2  30  1.41034e+08
2  31  1.52767e+08
2  32  8.11372e+07
2  33  9.30281e+07
2  34  1.43668e+08
2  35  7.23962e+07
2  36  6.43557e+07
2  37  1.21862e+08
2  38  5.38045e+07
2  39  9.19582e+07
2  40  1.03148e+08
2  41  4.67379e+07
2  42  8.14034e+07
2  43  6.71098e+07
2  44  1.15206e+08
2  45  1.17883e+08
2  46  1.83855e+08
2  47  1.32017e+08
2  48  9.16647e+07
2  49  9.46558e+07
2  50  1.15608e+08
3  0  8.8127e+07
3  1  1.24209e+08
3  2  1.28589e+08
3  3  1.31912e+08
3  4  7.09665e+07
3  5  4.40083e+07
3  6  1.22245e+08
3  7  7.29597e+07
3  8  1.44449e+08
3  9  9.97043e+07
3  10  1.01069e+08
3  11  1.34052e+08
3  12  8.2163e+07
3  13  1.10945e+08
3  14  8.83001e+07
3  15  1.34209e+08
3  16  1.25781e+08
3  17  1.19175e+08
3  18  1.14587e+08
3  19  1.35935e+08
3  20  9.81053e+07
3  21  1.34502e+08
3  22  2.00299e+08
3  23  9.78114e+07
3  24  8.52556e+07
3  25  1.14624e+08
3  26  1.12815e+08
3  27  1.81381e+08
3  28  1.15568e+08
3  29  1.14185e+08
3  30  1.34638e+08
3  31  1.40695e+08
3  32  8.7491e+07
3  33  1.12124e+08
3  34  1.4106e+08
3  35  1.6005e+08
3  36  1.16776e+08
3  37  1.48957e+08
3  38  9.29331e+07
3  39  9.52369e+07
3  40  1.79041e+08
3  41  9.72643e+07
3  42  1.26326e+08
3  43  8.74326e+07
3  44  1.04486e+08
3  45  1.95307e+08
3  46  1.2789e+08
3  47  1.7454e+08
3  48  1.33827e+08
3  49  1.48671e+08
3  50  1.50761e+08
4  0  5.43096e+07
4  1  6.52663e+07
4  2  8.11014e+07
4  3  9.11468e+07
4  4  1.35221e+08
4  5  1.33563e+08
4  6  9.54181e+07
4  7  1.16788e+08
4  8  1.47205e+08
4  9  7.77884e+07
4  10  1.38758e+08
4  11  1.04691e+08
4  12  8.6404e+07
4  13  1.07427e+08
4  14  1.36356e+08
4  15  1.38025e+08
4  16  1.56217e+08
4  17  1.03009e+08
4  18  1.26871e+08
4  19  8.78934e+07
4  20  1.42008e+08
4  21  1.19907e+08
4  22  1.26222e+08
4  23  7.03639e+07
4  24  1.13994e+08
4  25  1.50684e+08
4  26  1.57567e+08
4  27  1.00188e+08
4  28  1.19873e+08
4  29  1.40344e+08
4  30  1.12576e+08
4  31  1.0678e+08
4  32  1.31681e+08
4  33  1.09288e+08
4  34  1.26644e+08
4  35  1.39025e+08
4  36  7.65559e+07
4  37  1.41738e+08
4  38  1.20452e+08
4  39  9.33847e+07
4  40  1.32085e+08
4  41  1.54016e+08
4  42  1.08135e+08
4  43  1.44767e+08
4  44  9.11245e+07
4  45  1.52556e+08
4  46  1.06418e+08
4  47  7.15394e+07
4  48  1.43299e+08
4  49  6.93668e+07
4  50  7.27784e+07
5  0  6.21058e+07
5  1  5.80301e+07
5  2  1.15677e+08
5  3  1.08069e+08
5  4  1.06779e+08
5  5  8.95711e+07
5  6  1.57155e+08
5  7  1.07033e+08
5  8  7.13031e+07
5  9  1.28474e+08
5  10  1.65757e+08
5  11  1.04454e+08
5  12  1.29084e+08
5  13  1.62058e+08
5  14  9.62987e+07
5  15  8.80596e+07
5  16  7.98769e+07
5  17  1.50262e+08
5  18  1.1792e+08
5  19  1.66373e+08
5  20  1.19466e+08
5  21  1.26261e+08
5  22  1.42966e+08
5  23  1.64195e+08
5  24  1.22128e+08
5  25  1.17336e+08
5  26  1.11249e+08
5  27  9.47445e+07
5  28  1.33983e+08
5  29  1.53006e+08
5  30  1.51898e+08
5  31  1.24984e+08
5  32  1.50552e+08
5  33  9.31858e+07
5  34  9.93602e+07
5  35  8.79856e+07
5  36  6.9234e+07
5  37  1.23209e+08
5  38  1.32829e+08
5  39  1.15369e+08
5  40  8.82133e+07
5  41  1.1895e+08
5  42  1.5184e+08
5  43  1.10249e+08
5  44  1.24168e+08
5  45  1.26214e+08
5  46  9.84057e+07
5  47  1.10304e+08
5  48  1.38771e+08
5  49  1.23342e+08
5  50  1.43013e+08
6  0  6.58886e+07
6  1  8.84819e+07
6  2  1.26972e+08
6  3  1.1066e+08
6  4  9.78451e+07
6  5  1.0948e+08
6  6  8.78489e+07
6  7  1.54502e+08
6  8  8.52352e+07
6  9  1.41409e+08
6  10  1.15734e+08
6  11  1.3668e+08
6  12  9.20028e+07
6  13  1.13362e+08
6  14  9.32255e+07
6  15  1.28565e+08
6  16  1.73478e+08
6  17  8.58122e+07
6  18  1.52947e+08
6  19  1.58006e+08
6  20  1.08674e+08
6  21  1.86685e+08
6  22  1.45587e+08
6  23  1.19483e+08
6  24  1.15215e+08
6  25  1.40425e+08
6  26  1.31999e+08
6  27  2.11457e+08
6  28  1.09578e+08
6  29  8.76733e+07
6  30  1.55984e+08
6  31  1.46573e+08
6  32  1.30364e+08
6  33  1.13929e+08
6  34  1.53842e+08
6  35  1.36076e+08
6  36  1.0286e+08
6  37  9.76138e+07
6  38  1.41929e+08
6  39  1.32602e+08
6  40  8.87172e+07
6  41  1.55071e+08
6  42  5.30485e+07
6  43  6.88989e+07
6  44  1.09982e+08
6  45  1.93925e+08
6  46  1.74485e+08
6  47  1.25454e+08
6  48  1.72368e+08
6  49  1.52525e+08
6  50  1.48741e+08
7  0  6.67636e+07
7  1  1.17816e+08
7  2  1.20806e+08
7  3  7.95361e+07
7  4  1.3881e+08
7  5  1.05904e+08
7  6  1.08251e+08
7  7  1.32641e+08
7  8  7.65505e+07
7  9  1.02976e+08
7  10  1.06309e+08
7  11  1.20164e+08
7  12  1.54969e+08
7  13  1.27166e+08
7  14  1.09404e+08
7  15  1.12037e+08
7  16  1.42285e+08
7  17  9.41779e+07
7  18  9.68904e+07
7  19  1.2941e+08
7  20  9.45966e+07
7  21  1.03725e+08
7  22  1.10007e+08
7  23  1.02382e+08
7  24  1.43405e+08
7  25  9.80157e+07
7  26  7.65104e+07
7  27  1.15877e+08
7  28  1.4987e+08
7  29  1.49826e+08
7  30  9.24871e+07
7  31  8.07267e+07
7  32  1.40995e+08
7  33  1.40122e+08
7  34  1.09512e+08
7  35  1.23523e+08
7  36  1.86387e+08
7  37  1.76096e+08
7  38  1.2353e+08
7  39  1.13522e+08
7  40  1.03638e+08
7  41  1.20572e+08
7  42  1.78563e+08
7  43  9.84013e+07
7  44  2.02287e+08
7  45  1.2898e+08
7  46  1.17899e+08
7  47  1.36949e+08
7  48  1.08079e+08
7  49  9.41183e+07
7  50  9.99843e+07
8  0  4.71064e+07
8  1  6.43561e+07
8  2  1.09094e+08
8  3  1.71255e+08
8  4  1.36858e+08
8  5  8.90965e+07
8  6  1.37968e+08
8  7  1.11944e+08
8  8  9.81135e+07
8  9  9.68228e+07
8  10  1.06561e+08
8  11  1.35831e+08
8  12  1.16277e+08
8  13  1.19277e+08
8  14  1.0818e+08
8  15  7.12742e+07
8  16  1.50295e+08
8  17  5.6544e+07
8  18  4.86329e+07
8  19  1.20654e+08
8  20  1.20158e+08
8  21  1.25548e+08
8  22  1.35523e+08
8  23  1.15144e+08
8  24  1.00266e+08
8  25  1.00123e+08
8  26  1.06996e+08
8  27  1.05648e+08
8  28  1.40099e+08
8  29  9.72882e+07
8  30  7.65926e+07
8  31  8.1752e+07
8  32  1.02952e+08
8  33  1.73885e+08
8  34  1.60405e+08
8  35  1.12623e+08
8  36  1.82915e+08
8  37  1.45684e+08
8  38  1.05268e+08
8  39  1.24952e+08
8  40  6.71121e+07
8  41  1.19802e+08
8  42  1.09006e+08
8  43  1.24631e+08
8  44  1.54123e+08
8  45  1.41129e+08
8  46  1.69441e+08
8  47  1.90229e+08
8  48  1.42072e+08
8  49  1.75335e+08
8  50  8.3893e+07
9  0  7.9057e+07
9  1  9.49315e+07
9  2  6.49993e+07
9  3  6.49801e+07
9  4  1.08612e+08
9  5  1.08628e+08
9  6  9.42841e+07
9  7  7.41239e+07
9  8  1.15687e+08
9  9  9.23965e+07
9  10  7.13234e+07
9  11  1.00215e+08
9  12  1.00214e+08
9  13  1.07803e+08
9  14  1.14754e+08
9  15  1.36616e+08
9  16  1.36147e+08
9  17  7.8395e+07
9  18  1.18847e+08
9  19  1.24506e+08
9  20  1.50185e+08
9  21  1.35778e+08
9  22  8.21796e+07
9  23  1.1929e+08
9  24  1.1703e+08
9  25  1.69362e+08
9  26  1.16083e+08
9  27  1.09413e+08
9  28  1.21974e+08
9  29  1.00024e+08
9  30  9.61453e+07
9  31  1.32309e+08
9  32  1.24771e+08
9  33  1.03118e+08
9  34  8.04744e+07
9  35  1.37608e+08
9  36  1.21316e+08
9  37  1.2554e+08
9  38  1.61497e+08
9  39  1.51401e+08
9  40  1.01416e+08
9  41  1.68598e+08
9  42  1.29482e+08
9  43  1.73663e+08
9  44  1.3306e+08
9  45  1.43577e+08
9  46  1.07033e+08
9  47  1.59299e+08
9  48  1.31873e+08
9  49  1.50049e+08
9  50  1.02466e+08
10  0  7.345e+07
10  1  6.9441e+07
10  2  9.17001e+07
10  3  8.98011e+07
10  4  1.0441e+08
10  5  1.02998e+08
10  6  8.11514e+07
10  7  1.19894e+08
10  8  1.14859e+08
10  9  9.05472e+07
10  10  1.11028e+08
10  11  8.09949e+07
10  12  1.03317e+08
10  13  1.51174e+08
10  14  1.18611e+08
10  15  7.96718e+07
10  16  1.01117e+08
10  17  1.03687e+08
10  18  8.51007e+07
10  19  1.03303e+08
10  20  1.59982e+08
10  21  1.21797e+08
10  22  1.16944e+08
10  23  1.59631e+08
10  24  1.6824e+08
10  25  1.27517e+08
10  26  8.29351e+07
10  27  1.28838e+08
10  28  8.94069e+07
10  29  1.17665e+08
10  30  1.38198e+08
10  31  1.3249e+08
10  32  1.54837e+08
10  33  1.19708e+08
10  34  1.42882e+08
10  35  1.81495e+08
10  36  1.3676e+08
10  37  1.35605e+08
10  38  1.64752e+08
10  39  1.37388e+08
10  40  1.19025e+08
10  41  1.59496e+08
10  42  9.59874e+07
10  43  1.64272e+08
10  44  1.0142e+08
10  45  1.26781e+08
10  46  1.87469e+08
10  47  1.35709e+08
10  48  1.26438e+08
10  49  1.42758e+08
10  50  1.26875e+08
11  0  8.94396e+07
11  1  4.15996e+07
11  2  9.37478e+07
11  3  1.18324e+08
11  4  5.54282e+07
11  5  1.21372e+08
11  6  1.1117e+08
11  7  9.79444e+07
11  8  1.49277e+08
11  9  1.04397e+08
11  10  1.00176e+08
11  11  1.19074e+08
11  12  1.79511e+08
11  13  8.58219e+07
11  14  1.09334e+08
11  15  5.67371e+07
11  16  8.6104e+07
11  17  1.20607e+08
11  18  1.26129e+08
11  19  1.24693e+08
11  20  1.05484e+08
11  21  8.67522e+07
11  22  7.88728e+07
11  23  1.40303e+08
11  24  1.1054e+08
11  25  1.15886e+08
11  26  8.00885e+07
11  27  1.28181e+08
11  28  1.65736e+08
11  29  1.11974e+08
11  30  1.33769e+08
11  31  1.42951e+08
11  32  1.24185e+08
11  33  1.00024e+08
11  34  1.08722e+08
11  35  1.03926e+08
11  36  1.45942e+08
11  37  1.45741e+08
11  38  1.55826e+08
11  39  1.70807e+08
11  40  1.42241e+08
11  41  1.31943e+08
11  42  1.24972e+08
11  43  1.56508e+08
11  44  1.20317e+08
11  45  1.39703e+08
11  46  1.5172e+08
11  47  2.21114e+08
11  48  1.33624e+08
11  49  7.27785e+07
11  50  1.17638e+08
12  0  4.97031e+07
12  1  6.19241e+07
12  2  6.85226e+07
12  3  1.83402e+08
12  4  9.77047e+07
12  5  1.07062e+08
12  6  1.33559e+08
12  7  1.36903e+08
12  8  1.06303e+08
12  9  1.03295e+08
12  10  1.28268e+08
12  11  1.20613e+08
12  12  9.08058e+07
12  13  6.34328e+07
12  14  1.2482e+08
12  15  1.38923e+08
12  16  9.73835e+07
12  17  8.58617e+07
12  18  1.35549e+08
12  19  1.04909e+08
12  20  1.14942e+08
12  21  1.62826e+08
12  22  1.59368e+08
12  23  1.47336e+08
12  24  1.13149e+08
12  25  1.30461e+08
12  26  1.2612e+08
12  27  1.11635e+08
12  28  1.43914e+08
12  29  1.55684e+08
12  30  1.28008e+08
12  31  1.34236e+08
12  32  1.04581e+08
12  33  8.6212e+07
12  34  1.4538e+08
12  35  1.14083e+08
12  36  1.4011e+08
12  37  1.83198e+08
12  38  1.76743e+08
12  39  1.08263e+08
12  40  1.79393e+08
12  41  1.40756e+08
12  42  1.3632e+08
12  43  1.21067e+08
12  44  1.12495e+08
12  45  7.14073e+07
12  46  1.40289e+08
12  47  1.08776e+08
12  48  6.31295e+07
12  49  1.25445e+08
12  50  1.1083e+08
13  0  1.05167e+08
13  1  7.28869e+07
13  2  4.36323e+07
13  3  1.01983e+08
13  4  7.21465e+07
13  5  9.05211e+07
13  6  1.11236e+08
13  7  1.00326e+08
13  8  1.3584e+08
13  9  8.50464e+07
13  10  1.06358e+08
13  11  1.37519e+08
13  12  1.37556e+08
13  13  1.75984e+08
13  14  1.40791e+08
13  15  1.03914e+08
13  16  6.74344e+07
13  17  9.39925e+07
13  18  1.42337e+08
13  19  1.35878e+08
13  20  9.87886e+07
13  21  7.84727e+07
13  22  1.34487e+08
13  23  7.28849e+07
13  24  2.11166e+08
13  25  1.40062e+08
13  26  8.23667e+07
13  27  1.33244e+08
13  28  1.35344e+08
13  29  1.5168e+08
13  30  7.91918e+07
13  31  1.08454e+08
13  32  1.43843e+08
13  33  1.56628e+08
13  34  7.40547e+07
13  35  1.46556e+08
13  36  1.5871e+08
13  37  1.19332e+08
13  38  8.11481e+07
13  39  1.05475e+08
13  40  1.52934e+08
13  41  1.16718e+08
13  42  1.10923e+08
13  43  8.66665e+07
13  44  1.16819e+08
13  45  6.98441e+07
13  46  1.30621e+08
13  47  1.43154e+08
13  48  1.98054e+08
13  49  1.02095e+08
13  50  1.41031e+08
14  0  1.12941e+08
14  1  7.432e+07
14  2  1.40959e+08
14  3  1.17745e+08
14  4  1.29663e+08
14  5  8.02687e+07
14  6  8.38963e+07
14  7  1.04811e+08
14  8  4.6817e+07
14  9  1.28955e+08
14  10  8.14388e+07
14  11  1.17952e+08
14  12  2.24616e+08
14  13  1.1583e+08
14  14  1.19135e+08
14  15  1.03393e+08
14  16  1.69987e+08
14  17  8.37255e+07
14  18  1.91432e+08
14  19  9.84874e+07
14  20  9.01624e+07
14  21  1.09823e+08
14  22  8.20943e+07
14  23  1.15501e+08
14  24  1.11131e+08
14  25  1.52594e+08
14  26  1.22042e+08
14  27  1.57991e+08
14  28  1.82738e+08
14  29  9.58696e+07
14  30  1.09867e+08
14  31  1.00289e+08
14  32  7.80992e+07
14  33  1.40067e+08
14  34  1.18881e+08
14  35  1.15528e+08
14  36  1.19648e+08
14  37  1.34247e+08
14  38  1.32706e+08
14  39  1.35586e+08
14  40  7.86481e+07
14  41  1.11167e+08
14  42  1.14638e+08
14  43  1.09489e+08
14  44  4.58342e+07
14  45  1.32312e+08
14  46  1.29902e+08
14  47  6.8239e+07
14  48  1.15558e+08
14  49  5.97847e+07
14  50  1.81197e+08
15  0  8.0842e+07
15  1  8.92037e+07
15  2  7.89276e+07
15  3  8.39016e+07
15  4  6.96618e+07
15  5  7.76483e+07
15  6  1.00225e+08
15  7  1.28368e+08
15  8  1.39305e+08
15  9  1.14396e+08
15  10  1.43016e+08
15  11  7.57909e+07
15  12  8.56639e+07
15  13  8.60395e+07
15  14  1.41834e+08
15  15  9.6061e+07
15  16  1.28335e+08
15  17  1.46135e+08
15  18  1.0592e+08
15  19  1.1918e+08
15  20  1.43766e+08
15  21  1.28059e+08
15  22  1.8974e+08
15  23  1.03879e+08
15  24  1.35537e+08
15  25  1.31355e+08
15  26  1.23025e+08
15  27  9.70174e+07
15  28  1.21571e+08
15  29  1.30044e+08
15  30  1.4514e+08
15  31  1.2488e+08
15  32  1.19678e+08
15  33  1.24885e+08
15  34  1.30066e+08
15  35  4.20044e+07
15  36  1.15965e+08
15  37  1.24283e+08
15  38  1.2358e+08
15  39  1.61729e+08
15  40  1.99621e+08
15  41  1.30782e+08
15  42  1.33279e+08
15  43  1.85262e+08
15  44  1.30324e+08
15  45  1.27364e+08
15  46  1.17017e+08
15  47  1.5672e+08
15  48  1.19351e+08
15  49  1.38602e+08
15  50  1.10242e+08
16  0  6.87716e+07
16  1  6.85889e+07
16  2  7.20512e+07
16  3  8.81812e+07
16  4  8.91965e+07
16  5  1.06359e+08
16  6  9.12024e+07
16  7  1.30198e+08
16  8  1.22378e+08
16  9  7.62375e+07
16  10  1.69546e+08
16  11  1.36944e+08
16  12  7.06867e+07
16  13  1.10522e+08
16  14  1.26127e+08
16  15  1.43559e+08
16  16  1.49641e+08
16  17  9.54871e+07
16  18  7.84007e+07
16  19  1.07634e+08
16  20  9.68208e+07
16  21  1.42671e+08
16  22  1.09863e+08
16  23  1.60704e+08
16  24  1.49897e+08
16  25  1.64282e+08
16  26  1.0814e+08
16  27  1.21488e+08
16  28  1.02943e+08
16  29  1.05643e+08
16  30  1.08951e+08
16  31  1.29705e+08
16  32  1.30853e+08
16  33  1.26613e+08
16  34  1.28961e+08
16  35  1.00649e+08
16  36  9.09349e+07
16  37  1.90002e+08
16  38  9.08733e+07
16  39  1.51478e+08
16  40  8.42459e+07
16  41  1.22599e+08
16  42  8.36808e+07
16  43  9.7472e+07
16  44  1.37976e+08
16  45  1.26765e+08
16  46  1.34883e+08
16  47  1.53798e+08
16  48  1.2285e+08
16  49  1.28255e+08
16  50  1.4599e+08
17  0  9.09834e+07
17  1  6.86296e+07
17  2  7.95853e+07
17  3  1.19687e+08
17  4  9.79452e+07
17  5  1.10777e+08
17  6  1.08291e+08
17  7  9.54768e+07
17  8  7.85277e+07
17  9  1.05989e+08
17  10  1.31468e+08
17  11  1.26078e+08
17  12  1.23477e+08
17  13  1.17977e+08
17  14  1.05384e+08
17  15  1.64058e+08
17  16  9.10172e+07
17  17  1.59119e+08
17  18  8.62218e+07
17  19  8.44222e+07
17  20  1.05315e+08
17  21  1.36322e+08
17  22  9.86305e+07
17  23  1.25799e+08
17  24  1.33393e+08
17  25  1.06674e+08
17  26  1.45016e+08
17  27  1.09741e+08
17  28  8.9368e+07
17  29  7.93352e+07
17  30  1.24165e+08
17  31  9.64007e+07
17  32  6.79612e+07
17  33  1.11662e+08
17  34  7.08922e+07
17  35  5.74036e+07
17  36  1.46893e+08
17  37  9.26513e+07
17  38  7.72806e+07
17  39  1.16564e+08
17  40  1.7796e+08
17  41  1.24986e+08
17  42  1.21812e+08
17  43  1.33132e+08
17  44  1.64721e+08
17  45  1.463e+08
17  46  1.00013e+08
17  47  1.43044e+08
17  48  1.60627e+08
17  49  1.59175e+08
17  50  1.40664e+08
18  0  7.64264e+07
18  1  1.00508e+08
18  2  1.2204e+08
18  3  1.00615e+08
18  4  1.48991e+08
18  5  8.5434e+07
18  6  1.12119e+08
18  7  5.54525e+07
18  8  9.47311e+07
18  9  1.3637e+08
18  10  1.09154e+08
18  11  1.0679e+08
18  12  1.72927e+08
18  13  1.07341e+08
18  14  1.39227e+08
18  15  1.29224e+08
18  16  1.27489e+08
18  17  1.5778e+08
18  18  1.94863e+08
18  19  5.48146e+07
18  20  1.69676e+08
18  21  9.94023e+07
18  22  7.94276e+07
18  23  1.7939e+08
18  24  1.34361e+08
18  25  1.50179e+08
18  26  1.45073e+08
18  27  1.67216e+08
18  28  8.05231e+07
18  29  1.49965e+08
18  30  8.56303e+07
18  31  1.34486e+08
18  32  1.3025e+08
18  33  1.32284e+08
18  34  6.22776e+07
18  35  4.89404e+07
18  36  8.27026e+07
18  37  6.07468e+07
18  38  1.05025e+08
18  39  1.10922e+08
18  40  1.30363e+08
18  41  7.28975e+07
18  42  8.18082e+07
18  43  1.82305e+08
18  44  7.7628e+07
18  45  8.39285e+07
18  46  1.45763e+08
18  47  1.15857e+08
18  48  6.98328e+07
18  49  9.00561e+07
18  50  1.24872e+08
19  0  9.30129e+07
19  1  1.21191e+08
19  2  7.27689e+07
19  3  9.02933e+07
19  4  9.64557e+07
19  5  8.55833e+07
19  6  1.50297e+08
19  7  1.33366e+08
19  8  9.4208e+07
19  9  9.70749e+07
19  10  1.44793e+08
19  11  1.19192e+08
19  12  9.84838e+07
19  13  1.15048e+08
19  14  1.01974e+08
19  15  1.2809e+08
19  16  1.18715e+08
19  17  1.64075e+08
19  18  1.66067e+08
19  19  1.04702e+08
19  20  7.95667e+07
19  21  9.73157e+07
19  22  1.25868e+08
19  23  1.09155e+08
19  24  1.23298e+08
19  25  1.29085e+08
19  26  1.41209e+08
19  27  1.29254e+08
19  28  7.95407e+07
19  29  1.03583e+08
19  30  1.34228e+08
19  31  1.0063e+08
19  32  1.06529e+08
19  33  1.42687e+08
19  34  1.02619e+08
19  35  4.40132e+07
19  36  1.29518e+08
19  37  1.21882e+08
19  38  9.66273e+07
19  39  1.25824e+08
19  40  1.16068e+08
19  41  9.72997e+07
19  42  1.23797e+08
19  43  1.4329e+08
19  44  8.48603e+07
19  45  6.98547e+07
19  46  1.14339e+08
19  47  1.32484e+08
19  48  1.4044e+08
19  49  1.25945e+08
19  50  1.49174e+08
20  0  8.40004e+07
20  1  9.04348e+07
20  2  4.48847e+07
20  3  1.10229e+08
20  4  1.08381e+08
20  5  6.55479e+07
20  6  8.56394e+07
20  7  8.29272e+07
20  8  1.3427e+08
20  9  7.89689e+07
20  10  1.49672e+08
20  11  1.37448e+08
20  12  7.58703e+07
20  13  8.61432e+07
20  14  7.55244e+07
20  15  1.47512e+08
20  16  8.9303e+07
20  17  1.41318e+08
20  18  6.98968e+07
20  19  1.44024e+08
20  20  1.17237e+08
20  21  1.09867e+08
20  22  1.11583e+08
20  23  1.38833e+08
20  24  1.07045e+08
20  25  1.23212e+08
20  26  8.92654e+07
20  27  1.02245e+08
20  28  1.39792e+08
20  29  1.5593e+08
20  30  1.28868e+08
20  31  1.35387e+08
20  32  1.23953e+08
20  33  7.95776e+07
20  34  1.43195e+08
20  35  9.27374e+07
20  36  1.43683e+08
20  37  9.91269e+07
20  38  1.28434e+08
20  39  1.2706e+08
20  40  1.10687e+08
20  41  1.58025e+08
20  42  1.13167e+08
20  43  1.44517e+08
20  44  1.35228e+08
20  45  1.35287e+08
20  46  1.52129e+08
20  47  1.40898e+08
20  48  1.77703e+08
20  49  1.53206e+08
20  50  9.70629e+07
21  0  4.99615e+07
21  1  6.588e+07
21  2  8.04971e+07
21  3  6.74784e+07
21  4  1.0513e+08
21  5  1.11058e+08
21  6  1.09427e+08
21  7  1.40113e+08
21  8  8.56644e+07
21  9  9.3239e+07
21  10  1.18259e+08
21  11  1.29617e+08
21  12  1.5519e+08
21  13  1.11007e+08
21  14  8.94728e+07
21  15  6.96917e+07
21  16  1.06156e+08
21  17  1.33502e+08
21  18  1.31719e+08
21  19  1.3329e+08
21  20  1.25662e+08
21  21  7.24872e+07
21  22  1.56636e+08
21  23  1.42694e+08
21  24  9.88446e+07
21  25  1.47051e+08
21  26  1.36988e+08
21  27  8.27951e+07
21  28  1.05753e+08
21  29  8.56507e+07
21  30  1.04862e+08
21  31  1.48156e+08
21  32  1.41384e+08
21  33  1.30857e+08
21  34  1.32104e+08
21  35  1.19757e+08
21  36  4.97988e+07
21  37  9.75133e+07
21  38  1.52113e+08
21  39  9.51926e+07
21  40  1.6952e+08
21  41  6.6574e+07
21  42  9.68585e+07
21  43  1.38613e+08
21  44  9.61729e+07
21  45  1.11672e+08
21  46  1.35028e+08
21  47  8.57751e+07
21  48  1.90129e+08
21  49  7.82306e+07
21  50  1.26614e+08
22  0  5.12479e+07
22  1  1.48724e+08
22  2  4.6649e+07
22  3  9.61642e+07
22  4  1.27292e+08
22  5  1.20165e+08
22  6  9.19621e+07
22  7  8.0867e+07
22  8  8.57517e+07
22  9  1.21335e+08
22  10  1.05484e+08
22  11  1.58783e+08
22  12  9.60285e+07
22  13  1.17182e+08
22  14  1.19795e+08
22  15  1.44753e+08
22  16  1.17263e+08
22  17  1.02109e+08
22  18  1.67255e+08
22  19  8.81984e+07
22  20  1.41976e+08
22  21  8.46071e+07
22  22  8.09826e+07
22  23  1.72537e+08
22  24  9.85069e+07
22  25  6.90743e+07
22  26  1.44596e+08
22  27  9.98635e+07
22  28  1.13008e+08
22  29  7.86203e+07
22  30  4.26186e+07
22  31  8.09821e+07
22  32  1.85819e+08
22  33  9.99502e+07
22  34  1.24382e+08
22  35  1.12343e+08
22  36  1.24897e+08
22  37  1.0638e+08
22  38  1.33365e+08
22  39  1.58343e+08
22  40  1.15876e+08
22  41  1.27505e+08
22  42  1.46648e+08
22  43  1.17063e+08
22  44  1.78803e+08
22  45  1.24593e+08
22  46  1.37116e+08
22  47  1.14185e+08
22  48  1.19053e+08
22  49  1.15661e+08
22  50  1.37678e+08
23  0  1.22181e+08
23  1  1.15596e+08
23  2  1.37976e+08
23  3  1.25272e+08
23  4  8.55106e+07
23  5  1.12836e+08
23  6  1.11509e+08
23  7  1.11314e+08
23  8  1.16977e+08
23  9  1.32371e+08
23  10  1.98212e+08
23  11  1.35815e+08
23  12  1.27234e+08
23  13  1.27439e+08
23  14  1.15046e+08
23  15  1.49008e+08
23  16  1.28817e+08
23  17  8.73375e+07
23  18  7.96495e+07
23  19  5.19703e+07
23  20  1.73007e+08
23  21  1.88806e+08
23  22  9.18004e+07
23  23  1.73962e+08
23  24  1.47727e+08
23  25  1.15715e+08
23  26  1.1622e+08
23  27  6.52581e+07
23  28  9.4725e+07
23  29  9.83723e+07
23  30  1.44183e+08
23  31  1.18123e+08
23  32  8.98841e+07
23  33  1.11111e+08
23  34  9.92628e+07
23  35  1.35258e+08
23  36  9.38676e+07
23  37  1.19334e+08
23  38  1.15871e+08
23  39  1.61941e+08
23  40  1.43458e+08
23  41  1.2973e+08
23  42  1.53028e+08
23  43  1.94738e+08
23  44  9.51232e+07
23  45  1.1098e+08
23  46  1.36965e+08
23  47  1.48359e+08
23  48  1.5608e+08
23  49  1.57429e+08
23  50  1.14982e+08
24  0  6.26115e+07
24  1  1.2217e+08
24  2  1.40809e+08
24  3  8.7951e+07
24  4  1.40387e+08
24  5  1.14955e+08
24  6  1.06727e+08
24  7  1.27651e+08
24  8  1.23061e+08
24  9  1.79131e+08
24  10  7.92372e+07
24  11  1.33325e+08
24  12  1.00915e+08
24  13  1.52854e+08
24  14  1.019e+08
24  15  9.21431e+07
24  16  1.19108e+08
24  17  7.16063e+07
24  18  1.53416e+08
24  19  1.54705e+08
24  20  1.29686e+08
24  21  1.08395e+08
24  22  1.09123e+08
24  23  1.26488e+08
24  24  1.10519e+08
24  25  1.28084e+08
24  26  1.19685e+08
24  27  9.26156e+07
24  28  1.07636e+08
24  29  9.74382e+07
24  30  9.05005e+07
24  31  8.72073e+07
24  32  1.36491e+08
24  33  1.0278e+08
24  34  8.4375e+07
24  35  1.00699e+08
24  36  1.59966e+08
24  37  1.46075e+08
24  38  8.84313e+07
24  39  1.46215e+08
24  40  1.43152e+08
24  41  1.49581e+08
24  42  1.60654e+08
24  43  1.97664e+08
24  44  9.72607e+07
24  45  1.55887e+08
24  46  1.74618e+08
24  47  1.32388e+08
24  48  1.45873e+08
24  49  1.73866e+08
24  50  1.73044e+08
25  0  1.36898e+08
25  1  9.15204e+07
25  2  8.97506e+07
25  3  1.41666e+08
25  4  1.5005e+08
25  5  1.41479e+08
25  6  1.17045e+08
25  7  1.1511e+08
25  8  1.43075e+08
25  9  1.46645e+08
25  10  1.06349e+08
25  11  1.21283e+08
25  12  1.30653e+08
25  13  9.89087e+07
25  14  8.26453e+07
25  15  1.30447e+08
25  16  1.17768e+08
25  17  1.07069e+08
25  18  1.12981e+08
25  19  1.1624e+08
25  20  9.88662e+07
25  21  8.34669e+07
25  22  1.51298e+08
25  23  1.23433e+08
25  24  1.16219e+08
25  25  1.05855e+08
25  26  8.5052e+07
25  27  1.00743e+08
25  28  8.30871e+07
25  29  6.3725e+07
25  30  1.28988e+08
25  31  6.61799e+07
25  32  2.0439e+08
25  33  1.81823e+08
25  34  1.20738e+08
25  35  1.15526e+08
25  36  1.47123e+08
25  37  1.11981e+08
25  38  1.47587e+08
25  39  1.17815e+08
25  40  1.29523e+08
25  41  9.34231e+07
25  42  1.44402e+08
25  43  1.52459e+08
25  44  1.32348e+08
25  45  1.23529e+08
25  46  1.24032e+08
25  47  1.0806e+08
25  48  1.24941e+08
25  49  1.61567e+08
25  50  1.47871e+08
26  0  1.44017e+08
26  1  1.0741e+08
26  2  1.30668e+08
26  3  1.35529e+08
26  4  1.17997e+08
26  5  1.05645e+08
26  6  9.36155e+07
26  7  9.67363e+07
26  8  1.38275e+08
26  9  1.10878e+08
26  10  8.77202e+07
26  11  9.44121e+07
26  12  8.93295e+07
26  13  1.67168e+08
26  14  1.2095e+08
26  15  7.09697e+07
26  16  1.22221e+08
26  17  1.48315e+08
26  18  1.56248e+08
26  19  1.39265e+08
26  20  7.37711e+07
26  21  1.74012e+08
26  22  8.73384e+07
26  23  1.32855e+08
26  24  9.40375e+07
26  25  8.43206e+07
26  26  8.04017e+07
26  27  1.15761e+08
26  28  1.14527e+08
26  29  1.14988e+08
26  30  1.20761e+08
26  31  1.30488e+08
26  32  1.06427e+08
26  33  1.38544e+08
26  34  7.34855e+07
26  35  1.00921e+08
26  36  1.42567e+08
26  37  1.11904e+08
26  38  1.3944e+08
26  39  7.46154e+07
26  40  1.18369e+08
26  41  1.41876e+08
26  42  1.59619e+08
26  43  1.41721e+08
26  44  1.4826e+08
26  45  1.28275e+08
26  46  1.2016e+08
26  47  1.63508e+08
26  48  1.58491e+08
26  49  2.54967e+08
26  50  1.31333e+08
27  0  1.2242e+08
27  1  1.13803e+08
27  2  1.63091e+08
27  3  9.75037e+07
27  4  1.34879e+08
27  5  1.75073e+08
27  6  8.96774e+07
27  7  6.90369e+07
27  8  9.14801e+07
27  9  1.17426e+08
27  10  1.26286e+08
27  11  1.03084e+08
27  12  1.22785e+08
27  13  9.05067e+07
27  14  9.24044e+07
27  15  1.07881e+08
27  16  1.04766e+08
27  17  1.06042e+08
27  18  1.67791e+08
27  19  1.28628e+08
27  20  9.89622e+07
27  21  1.02613e+08
27  22  6.63246e+07
27  23  1.15715e+08
27  24  1.21065e+08
27  25  8.90544e+07
27  26  8.22403e+07
27  27  1.27468e+08
27  28  1.08274e+08
27  29  6.72157e+07
27  30  1.066e+08
27  31  1.46858e+08
27  32  1.15449e+08
27  33  8.76703e+07
27  34  1.01376e+08
27  35  1.01056e+08
27  36  1.03693e+08
27  37  1.06624e+08
27  38  1.40172e+08
27  39  1.93196e+08
27  40  1.51223e+08
27  41  7.91095e+07
27  42  9.04156e+07
27  43  1.69063e+08
27  44  8.19817e+07
27  45  1.3275e+08
27  46  1.02579e+08
27  47  1.49065e+08
27  48  1.91085e+08
27  49  1.42338e+08
27  50  1.73011e+08
28  0  8.85944e+07
28  1  1.12601e+08
28  2  1.10126e+08
28  3  8.68601e+07
28  4  1.14693e+08
28  5  1.53114e+08
28  6  1.48044e+08
28  7  9.6642e+07
28  8  7.55253e+07
28  9  9.57237e+07
28  10  1.13124e+08
28  11  1.29695e+08
28  12  1.03936e+08
28  13  1.34602e+08
28  14  1.40435e+08
28  15  1.25622e+08
28  16  1.18718e+08
28  17  1.43194e+08
28  18  7.08546e+07
28  19  1.29862e+08
28  20  9.63696e+07
28  21  9.11591e+07
28  22  1.21735e+08
28  23  1.05451e+08
28  24  1.79587e+08
28  25  1.06633e+08
28  26  6.89288e+07
28  27  1.32983e+08
28  28  1.10126e+08
28  29  1.41648e+08
28  30  1.26985e+08
28  31  9.07818e+07
28  32  8.48881e+07
28  33  7.43882e+07
28  34  6.12131e+07
28  35  1.19779e+08
28  36  1.16855e+08
28  37  8.74452e+07
28  38  1.52879e+08
28  39  1.11347e+08
28  40  9.14565e+07
28  41  1.02926e+08
28  42  1.17561e+08
28  43  1.55224e+08
28  44  1.51872e+08
28  45  1.57107e+08
28  46  1.29466e+08
28  47  1.27683e+08
28  48  1.52321e+08
28  49  1.08476e+08
28  50  1.55494e+08
29  0  9.88979e+07
29  1  9.84558e+07
29  2  1.55994e+08
29  3  1.17961e+08
29  4  1.10914e+08
29  5  1.15462e+08
29  6  9.65674e+07
29  7  1.1445e+08
29  8  1.41601e+08
29  9  1.62641e+08
29  10  1.34601e+08
29  11  1.24882e+08
29  12  1.00831e+08
29  13  1.56165e+08
29  14  1.55423e+08
29  15  9.53147e+07
29  16  1.20378e+08
29  17  1.36437e+08
29  18  9.73068e+07
29  19  7.9864e+07
29  20  8.63801e+07
29  21  1.0746e+08
29  22  1.11356e+08
29  23  1.00919e+08
29  24  1.25791e+08
29  25  1.60213e+08
29  26  8.80952e+07
29  27  8.59603e+07
29  28  1.57583e+08
29  29  1.08471e+08
29  30  1.29072e+08
29  31  1.23654e+08
29  32  7.8543e+07
29  33  1.25843e+08
29  34  9.51037e+07
29  35  1.14095e+08
29  36  1.75426e+08
29  37  1.3417e+08
29  38  1.78826e+08
29  39  1.2083e+08
29  40  1.56114e+08
29  41  1.88035e+08
29  42  9.90914e+07
29  43  9.8004e+07
29  44  8.11366e+07
29  45  8.77032e+07
29  46  1.13207e+08
29  47  1.6708e+08
29  48  1.86447e+08
29  49  1.05737e+08
29  50  1.71266e+08
30  0  1.17912e+08
30  1  1.12189e+08
30  2  1.17964e+08
30  3  1.14752e+08
30  4  1.25931e+08
30  5  1.03638e+08
30  6  1.08901e+08
30  7  6.7605e+07
30  8  9.54173e+07
30  9  1.00988e+08
30  10  1.39347e+08
30  11  9.96203e+07
30  12  1.09889e+08
30  13  1.57114e+08
30  14  1.30183e+08
30  15  1.28176e+08
30  16  1.08014e+08
30  17  1.45357e+08
30  18  8.86319e+07
30  19  1.3402e+08
30  20  1.41624e+08
30  21  1.21246e+08
30  22  9.20613e+07
30  23  9.50962e+07
30  24  1.04531e+08
30  25  5.63144e+07
30  26  9.08125e+07
30  27  1.04088e+08
30  28  1.01612e+08
30  29  8.00348e+07
30  30  1.28033e+08
30  31  1.4224e+08
30  32  1.4996e+08
30  33  1.00425e+08
30  34  1.43807e+08
30  35  1.56135e+08
30  36  1.44879e+08
30  37  1.0746e+08
30  38  1.78306e+08
30  39  1.28454e+08
30  40  7.13104e+07
30  41  9.32842e+07
30  42  1.06936e+08
30  43  9.22832e+07
30  44  1.40293e+08
30  45  1.18556e+08
30  46  1.34443e+08
30  47  1.47162e+08
30  48  1.66537e+08
30  49  2.10864e+08
30  50  1.62602e+08
31  0  1.38841e+08
31  1  1.58143e+08
31  2  7.88878e+07
31  3  1.33597e+08
31  4  8.53763e+07
31  5  1.15085e+08
31  6  1.20596e+08
31  7  9.17373e+07
31  8  1.16196e+08
31  9  1.25567e+08
31  10  1.31279e+08
31  11  1.57247e+08
31  12  1.34277e+08
31  13  1.18857e+08
31  14  8.74709e+07
31  15  1.36512e+08
31  16  9.81527e+07
31  17  9.1312e+07
31  18  1.35746e+08
31  19  1.04036e+08
31  20  7.67794e+07
31  21  1.10268e+08
31  22  1.00307e+08
31  23  9.12116e+07
31  24  1.3075e+08
31  25  1.00271e+08
31  26  8.55928e+07
31  27  1.49928e+08
31  28  1.39292e+08
31  29  9.9222e+07
31  30  1.57673e+08
31  31  1.11719e+08
31  32  1.24236e+08
31  33  1.09044e+08
31  34  1.13489e+08
31  35  1.84915e+08
31  36  1.36966e+08
31  37  1.38524e+08
31  38  8.27329e+07
31  39  1.2353e+08
31  40  1.47367e+08
31  41  1.21449e+08
31  42  1.005e+08
31  43  1.1662e+08
31  44  9.74538e+07
31  45  1.77191e+08
31  46  1.75077e+08
31  47  2.38356e+08
31  48  2.01275e+08
31  49  1.64845e+08
31  50  1.2803e+08
32  0  1.23127e+08
32  1  1.19702e+08
32  2  8.55978e+07
32  3  1.07965e+08
32  4  1.41986e+08
32  5  8.72117e+07
32  6  1.31992e+08
32  7  1.04507e+08
32  8  1.12058e+08
32  9  6.47343e+07
32  10  1.88753e+08
32  11  1.05735e+08
32  12  1.23877e+08
32  13  3.17312e+07
32  14  1.32541e+08
32  15  1.06957e+08
32  16  6.31222e+07
32  17  1.24497e+08
32  18  9.69239e+07
32  19  1.24921e+08
32  20  1.19741e+08
32  21  1.34691e+08
32  22  8.82005e+07
32  23  9.31189e+07
32  24  1.16941e+08
32  25  1.28728e+08
32  26  1.19519e+08
32  27  5.09343e+07
32  28  7.33199e+07
32  29  1.49114e+08
32  30  1.0599e+08
32  31  7.22185e+07
32  32  1.32572e+08
32  33  1.15945e+08
32  34  1.2534e+08
32  35  1.23538e+08
32  36  8.67474e+07
32  37  1.32809e+08
32  38  1.34422e+08
32  39  1.28255e+08
32  40  1.5623e+08
32  41  1.4695e+08
32  42  5.75176e+07
32  43  1.30008e+08
32  44  1.19313e+08
32  45  1.48621e+08
32  46  8.78694e+07
32  47  1.82578e+08
32  48  2.31562e+08
32  49  1.52028e+08
32  50  1.31554e+08
33  0  7.0601e+07
33  1  9.64874e+07
33  2  1.21132e+08
33  3  1.37386e+08
33  4  1.14496e+08
33  5  1.28377e+08
33  6  8.76854e+07
33  7  5.49675e+07
33  8  1.50929e+08
33  9  1.44507e+08
33  10  1.34443e+08
33  11  1.26202e+08
33  12  1.23761e+08
33  13  1.09548e+08
33  14  1.0056e+08
33  15  1.05496e+08
33  16  1.12105e+08
33  17  1.07644e+08
33  18  9.13581e+07
33  19  1.43844e+08
33  20  1.53953e+08
33  21  1.06105e+08
33  22  9.49984e+07
33  23  9.48121e+07
33  24  1.51385e+08
33  25  7.33696e+07
33  26  9.21147e+07
33  27  1.18164e+08
33  28  1.11545e+08
33  29  1.16081e+08
33  30  1.16351e+08
33  31  1.53983e+08
33  32  1.27197e+08
33  33  9.49849e+07
33  34  1.5838e+08
33  35  7.39759e+07
33  36  1.27494e+08
33  37  1.41083e+08
33  38  8.5858e+07
33  39  1.32e+08
33  40  1.14803e+08
33  41  1.2605e+08
33  42  1.22096e+08
33  43  1.32731e+08
33  44  1.06102e+08
33  45  1.87103e+08
33  46  1.90663e+08
33  47  2.03853e+08
33  48  1.75152e+08
33  49  1.85473e+08
33  50  1.91019e+08
34  0  1.11696e+08
34  1  1.24036e+08
34  2  1.26639e+08
34  3  1.30366e+08
34  4  1.3782e+08
34  5  7.91799e+07
34  6  6.47255e+07
34  7  1.26813e+08
34  8  1.45014e+08
34  9  9.35447e+07
34  10  9.86536e+07
34  11  8.8436e+07
34  12  1.66665e+08
34  13  1.43491e+08
34  14  1.58804e+08
34  15  1.04394e+08
34  16  1.55355e+08
34  17  1.07347e+08
34  18  1.23444e+08
34  19  9.15382e+07
34  20  1.17229e+08
34  21  1.29889e+08
34  22  1.37629e+08
34  23  9.808e+07
34  24  6.5482e+07
34  25  1.68824e+08
34  26  6.23966e+07
34  27  1.01994e+08
34  28  1.14992e+08
34  29  1.32452e+08
34  30  1.15363e+08
34  31  1.24799e+08
34  32  1.26948e+08
34  33  1.14905e+08
34  34  1.08225e+08
34  35  1.70991e+08
34  36  1.47821e+08
34  37  1.33268e+08
34  38  1.33772e+08
34  39  1.24335e+08
34  40  1.14991e+08
34  41  1.27759e+08
34  42  1.62339e+08
34  43  1.19176e+08
34  44  1.57451e+08
34  45  1.63006e+08
34  46  1.12734e+08
34  47  1.42956e+08
34  48  1.843e+08
34  49  1.95321e+08
34  50  1.89217e+08
35  0  1.6649e+08
35  1  1.02434e+08
35  2  8.02049e+07
35  3  1.36388e+08
35  4  1.15677e+08
35  5  1.18605e+08
35  6  1.5822e+08
35  7  1.18606e+08
35  8  9.66083e+07
35  9  1.10265e+08
35  10  1.13247e+08
35  11  1.01554e+08
35  12  1.1948e+08
35  13  9.24479e+07
35  14  1.51188e+08
35  15  1.15286e+08
35  16  1.39534e+08
35  17  9.89174e+07
35  18  1.48016e+08
35  19  1.28344e+08
35  20  1.06343e+08
35  21  1.34685e+08
35  22  1.05556e+08
35  23  6.15739e+07
35  24  9.16612e+07
35  25  1.42601e+08
35  26  1.23614e+08
35  27  1.47631e+08
35  28  3.2964e+07
35  29  8.45206e+07
35  30  1.10004e+08
35  31  2.01137e+08
35  32  5.52784e+07
35  33  9.66694e+07
35  34  1.14412e+08
35  35  1.09763e+08
35  36  1.12463e+08
35  37  1.15838e+08
35  38  1.44755e+08
35  39  1.5999e+08
35  40  1.4985e+08
35  41  1.43632e+08
35  42  1.33228e+08
35  43  1.47494e+08
35  44  2.01307e+08
35  45  1.45935e+08
35  46  1.15003e+08
35  47  1.5091e+08
35  48  1.80552e+08
35  49  1.53356e+08
35  50  1.59886e+08
36  0  1.06278e+08
36  1  1.28174e+08
36  2  9.43066e+07
36  3  1.26543e+08
36  4  9.35707e+07
36  5  1.09944e+08
36  6  8.58165e+07
36  7  1.16462e+08
36  8  1.48027e+08
36  9  1.08436e+08
36  10  7.54846e+07
36  11  1.07631e+08
36  12  1.4606e+08
36  13  1.00428e+08
36  14  1.09951e+08
36  15  1.4663e+08
36  16  1.26654e+08
36  17  6.38427e+07
36  18  1.21903e+08
36  19  1.04178e+08
36  20  1.206e+08
36  21  1.00774e+08
36  22  9.71316e+07
36  23  1.20225e+08
36  24  1.22042e+08
36  25  7.86118e+07
36  26  1.0914e+08
36  27  1.17783e+08
36  28  1.09856e+08
36  29  6.34734e+07
36  30  1.34676e+08
36  31  7.59059e+07
36  32  1.4448e+08
36  33  7.19248e+07
36  34  1.17902e+08
36  35  1.81803e+08
36  36  1.27065e+08
36  37  1.10219e+08
36  38  1.1392e+08
36  39  1.3553e+08
36  40  1.10805e+08
36  41  9.79443e+07
36  42  1.13225e+08
36  43  1.00058e+08
36  44  1.1267e+08
36  45  2.31786e+08
36  46  1.63234e+08
36  47  1.82776e+08
36  48  1.5906e+08
36  49  1.4427e+08
36  50  2.34087e+08
37  0  9.08957e+07
37  1  6.39492e+07
37  2  9.88227e+07
37  3  6.86149e+07
37  4  1.08064e+08
37  5  1.17777e+08
37  6  8.71642e+07
37  7  1.55103e+08
37  8  1.1643e+08
37  9  8.6705e+07
37  10  7.88619e+07
37  11  8.94658e+07
37  12  1.35497e+08
37  13  1.35309e+08
37  14  1.53751e+08
37  15  1.58075e+08
37  16  1.35578e+08
37  17  1.20382e+08
37  18  1.05217e+08
37  19  1.45745e+08
37  20  1.09901e+08
37  21  1.33914e+08
37  22  1.05567e+08
37  23  8.82012e+07
37  24  6.80995e+07
37  25  1.36379e+08
37  26  1.19952e+08
37  27  7.88247e+07
37  28  1.18591e+08
37  29  1.54303e+08
37  30  1.7282e+08
37  31  1.14763e+08
37  32  1.17728e+08
37  33  7.89653e+07
37  34  1.3492e+08
37  35  9.84029e+07
37  36  1.13676e+08
37  37  1.6137e+08
37  38  1.50908e+08
37  39  9.75182e+07
37  40  1.24342e+08
37  41  6.45417e+07
37  42  1.34367e+08
37  43  9.28792e+07
37  44  9.71456e+07
37  45  1.26547e+08
37  46  1.38935e+08
37  47  1.89626e+08
37  48  2.3035e+08
37  49  2.20746e+08
37  50  1.54982e+08
38  0  1.30246e+08
38  1  1.45361e+08
38  2  1.1043e+08
38  3  1.3224e+08
38  4  1.07955e+08
38  5  1.38999e+08
38  6  1.24989e+08
38  7  1.39845e+08
38  8  1.11228e+08
38  9  1.53183e+08
38  10  8.06336e+07
38  11  1.31823e+08
38  12  1.049e+08
38  13  1.00235e+08
38  14  1.438e+08
38  15  1.71891e+08
38  16  1.18148e+08
38  17  1.24234e+08
38  18  9.47905e+07
38  19  1.92561e+08
38  20  8.5959e+07
38  21  1.53214e+08
38  22  1.48976e+08
38  23  8.15736e+07
38  24  1.16194e+08
38  25  1.41126e+08
38  26  1.28601e+08
38  27  1.14095e+08
38  28  1.19873e+08
38  29  1.50391e+08
38  30  1.25836e+08
38  31  1.33132e+08
38  32  7.74036e+07
38  33  1.21668e+08
38  34  1.06823e+08
38  35  1.31537e+08
38  36  1.60356e+08
38  37  1.33175e+08
38  38  1.71213e+08
38  39  8.62453e+07
38  40  1.38283e+08
38  41  8.37618e+07
38  42  7.69789e+07
38  43  1.25194e+08
38  44  1.22262e+08
38  45  1.09584e+08
38  46  2.05871e+08
38  47  1.43898e+08
38  48  2.04023e+08
38  49  2.51805e+08
38  50  2.2382e+08
39  0  1.71595e+08
39  1  1.61683e+08
39  2  9.00255e+07
39  3  9.02589e+07
39  4  1.33756e+08
39  5  1.01484e+08
39  6  7.93729e+07
39  7  1.11373e+08
39  8  1.51306e+08
39  9  8.83081e+07
39  10  9.72644e+07
39  11  1.36837e+08
39  12  9.44909e+07
39  13  9.75116e+07
39  14  7.98658e+07
39  15  1.21158e+08
39  16  6.57275e+07
39  17  1.41177e+08
39  18  1.35508e+08
39  19  1.29394e+08
39  20  1.44995e+08
39  21  9.50494e+07
39  22  8.48722e+07
39  23  1.63234e+08
39  24  1.26081e+08
39  25  9.39512e+07
39  26  1.11e+08
39  27  8.38806e+07
39  28  5.45549e+07
39  29  8.03062e+07
39  30  1.39097e+08
39  31  8.95278e+07
39  32  9.94091e+07
39  33  9.24279e+07
39  34  8.25684e+07
39  35  7.54131e+07
39  36  1.49823e+08
39  37  1.66233e+08
39  38  2.14324e+08
39  39  1.30418e+08
39  40  1.41475e+08
39  41  1.22194e+08
39  42  1.66893e+08
39  43  1.01127e+08
39  44  1.47521e+08
39  45  1.52331e+08
39  46  1.23727e+08
39  47  1.67436e+08
39  48  1.78026e+08
39  49  1.52503e+08
39  50  2.33588e+08
40  0  1.22351e+08
40  1  6.42449e+07
40  2  1.14642e+08
40  3  1.1515e+08
40  4  1.41437e+08
40  5  8.86699e+07
40  6  9.91362e+07
40  7  2.12944e+08
40  8  1.10772e+08
40  9  1.73633e+08
40  10  1.1804e+08
40  11  1.55865e+08
40  12  1.13395e+08
40  13  1.65275e+08
40  14  9.5033e+07
40  15  1.0052e+08
40  16  2.19017e+08
40  17  1.60096e+08
40  18  1.06675e+08
40  19  1.0367e+08
40  20  1.13878e+08
40  21  9.45648e+07
40  22  6.94014e+07
40  23  1.10181e+08
40  24  1.4492e+08
40  25  1.7619e+08
40  26  1.10792e+08
40  27  1.29945e+08
40  28  1.49243e+08
40  29  1.10226e+08
40  30  1.18948e+08
40  31  1.27564e+08
40  32  1.30859e+08
40  33  1.02459e+08
40  34  1.41e+08
40  35  1.18739e+08
40  36  1.18648e+08
40  37  1.06552e+08
40  38  1.43259e+08
40  39  1.24112e+08
40  40  1.07526e+08
40  41  1.44197e+08
40  42  1.9424e+08
40  43  1.52184e+08
40  44  1.48983e+08
40  45  1.89759e+08
40  46  1.71747e+08
40  47  9.5055e+07
40  48  1.59851e+08
40  49  2.42726e+08
40  50  2.30641e+08
41  0  1.70773e+08
41  1  1.36309e+08
41  2  1.28462e+08
41  3  9.72323e+07
41  4  1.08948e+08
41  5  1.07104e+08
41  6  1.35719e+08
41  7  1.04966e+08
41  8  1.10917e+08
41  9  1.00583e+08
41  10  7.00183e+07
41  11  1.1546e+08
41  12  1.09044e+08
41  13  1.13596e+08
41  14  1.37254e+08
41  15  1.25557e+08
41  16  1.2755e+08
41  17  1.82446e+08
41  18  1.00542e+08
41  19  8.47358e+07
41  20  5.5888e+07
41  21  1.15324e+08
41  22  6.98292e+07
41  23  1.08936e+08
41  24  1.4744e+08
41  25  8.03776e+07
41  26  2.12933e+08
41  27  9.24305e+07
41  28  9.95346e+07
41  29  1.29177e+08
41  30  1.06127e+08
41  31  1.42723e+08
41  32  1.40672e+08
41  33  8.67266e+07
41  34  6.34903e+07
41  35  1.3147e+08
41  36  1.77178e+08
41  37  1.24588e+08
41  38  1.04665e+08
41  39  1.07304e+08
41  40  1.40739e+08
41  41  7.20771e+07
41  42  8.72223e+07
41  43  1.36741e+08
41  44  1.49477e+08
41  45  1.88817e+08
41  46  1.83894e+08
41  47  1.9367e+08
41  48  2.73455e+08
41  49  1.45598e+08
41  50  2.0998e+08
42  0  1.43014e+08
42  1  1.55481e+08
42  2  9.53187e+07
42  3  1.25e+08
42  4  1.45484e+08
42  5  9.36352e+07
42  6  1.42956e+08
42  7  8.03659e+07
42  8  1.22654e+08
42  9  2.0703e+08
42  10  1.44256e+08
42  11  1.04165e+08
42  12  1.27549e+08
42  13  1.71194e+08
42  14  1.48488e+08
42  15  1.54554e+08
42  16  1.3825e+08
42  17  1.46178e+08
42  18  8.16145e+07
42  19  1.47727e+08
42  20  9.27377e+07
42  21  1.12164e+08
42  22  1.26303e+08
42  23  9.93717e+07
42  24  1.04163e+08
42  25  1.2825e+08
42  26  1.30275e+08
42  27  8.79223e+07
42  28  4.35004e+07
42  29  9.62061e+07
42  30  9.78051e+07
42  31  1.01202e+08
42  32  1.064e+08
42  33  7.47058e+07
42  34  1.02172e+08
42  35  1.21227e+08
42  36  1.51618e+08
42  37  1.42035e+08
42  38  1.88532e+08
42  39  1.25562e+08
42  40  1.48254e+08
42  41  9.84617e+07
42  42  1.14451e+08
42  43  1.42269e+08
42  44  2.01837e+08
42  45  1.41221e+08
42  46  2.3684e+08
42  47  1.41298e+08
42  48  1.76083e+08
42  49  2.28247e+08
42  50  1.63406e+08
43  0  1.42719e+08
43  1  9.64733e+07
43  2  9.92178e+07
43  3  1.12589e+08
43  4  1.28214e+08
43  5  8.70838e+07
43  6  1.3467e+08
43  7  7.97415e+07
43  8  7.45686e+07
43  9  9.37719e+07
43  10  1.41416e+08
43  11  1.48099e+08
43  12  1.11005e+08
43  13  1.18147e+08
43  14  1.20157e+08
43  15  1.19161e+08
43  16  1.89051e+08
43  17  1.85938e+08
43  18  1.49102e+08
43  19  1.01083e+08
43  20  1.71271e+08
43  21  1.03655e+08
43  22  8.51883e+07
43  23  1.25953e+08
43  24  1.8511e+08
43  25  9.28148e+07
43  26  8.11504e+07
43  27  1.00541e+08
43  28  1.26962e+08
43  29  8.92105e+07
43  30  1.50563e+08
43  31  1.05213e+08
43  32  8.65122e+07
43  33  7.89765e+07
43  34  1.53042e+08
43  35  1.40993e+08
43  36  8.85643e+07
43  37  1.55805e+08
43  38  1.77961e+08
43  39  1.38464e+08
43  40  1.62235e+08
43  41  1.74687e+08
43  42  1.90296e+08
43  43  1.22332e+08
43  44  1.94089e+08
43  45  1.61776e+08
43  46  2.38862e+08
43  47  2.24168e+08
43  48  1.67664e+08
43  49  2.47786e+08
43  50  1.67559e+08
44  0  8.92775e+07
44  1  1.4182e+08
44  2  1.05416e+08
44  3  1.74915e+08
44  4  1.37387e+08
44  5  1.70245e+08
44  6  1.27463e+08
44  7  9.35489e+07
44  8  8.81412e+07
44  9  1.61944e+08
44  10  9.49144e+07
44  11  1.01794e+08
44  12  1.65378e+08
44  13  1.78409e+08
44  14  1.45728e+08
44  15  1.18218e+08
44  16  1.55061e+08
44  17  1.42337e+08
44  18  1.38811e+08
44  19  9.73948e+07
44  20  1.29653e+08
44  21  1.49616e+08
44  22  1.24343e+08
44  23  1.67069e+08
44  24  9.99188e+07
44  25  9.24368e+07
44  26  1.53246e+08
44  27  1.15179e+08
44  28  7.14098e+07
44  29  1.19379e+08
44  30  1.09309e+08
44  31  1.20816e+08
44  32  1.08174e+08
44  33  2.26962e+08
44  34  1.23931e+08
44  35  9.61004e+07
44  36  1.56498e+08
44  37  1.5442e+08
44  38  1.33474e+08
44  39  2.44964e+08
44  40  1.28182e+08
44  41  1.20039e+08
44  42  1.98364e+08
44  43  1.63419e+08
44  44  1.88655e+08
44  45  7.18414e+07
44  46  1.09994e+08
44  47  1.22726e+08
44  48  1.82414e+08
44  49  2.31729e+08
44  50  1.56425e+08
45  0  1.26672e+08
45  1  1.5716e+08
45  2  1.88851e+08
45  3  1.21956e+08
45  4  9.27897e+07
45  5  1.58386e+08
45  6  1.37132e+08
45  7  1.44175e+08
45  8  8.56713e+07
45  9  1.66854e+08
45  10  1.03419e+08
45  11  1.46596e+08
45  12  1.20321e+08
45  13  1.41469e+08
45  14  1.32068e+08
45  15  1.55431e+08
45  16  1.57593e+08
45  17  1.25477e+08
45  18  1.25413e+08
45  19  1.23656e+08
45  20  9.35487e+07
45  21  1.89285e+08
45  22  6.69306e+07
45  23  1.5056e+08
45  24  1.625e+08
45  25  1.32006e+08
45  26  1.12877e+08
45  27  1.47892e+08
45  28  1.55983e+08
45  29  1.41655e+08
45  30  1.01459e+08
45  31  1.241e+08
45  32  2.35389e+08
45  33  1.22075e+08
45  34  1.14112e+08
45  35  1.26631e+08
45  36  9.80782e+07
45  37  1.71368e+08
45  38  1.38416e+08
45  39  1.57329e+08
45  40  1.92456e+08
45  41  1.86284e+08
45  42  1.59391e+08
45  43  2.11123e+08
45  44  1.38978e+08
45  45  9.91962e+07
45  46  2.45655e+08
45  47  2.14344e+08
45  48  1.40678e+08
45  49  2.20974e+08
45  50  1.78311e+08
46  0  1.51155e+08
46  1  1.46491e+08
46  2  1.36511e+08
46  3  1.10598e+08
46  4  1.52624e+08
46  5  1.46224e+08
46  6  1.81038e+08
46  7  1.73416e+08
46  8  1.32317e+08
46  9  1.32041e+08
46  10  1.80457e+08
46  11  1.22622e+08
46  12  1.18204e+08
46  13  1.54887e+08
46  14  9.54897e+07
46  15  2.1769e+08
46  16  1.38528e+08
46  17  1.35507e+08
46  18  1.97376e+08
46  19  1.64119e+08
46  20  1.40404e+08
46  21  1.42439e+08
46  22  1.63497e+08
46  23  1.59134e+08
46  24  1.77539e+08
46  25  2.16578e+08
46  26  6.69936e+07
46  27  2.28524e+08
46  28  1.07535e+08
46  29  1.29248e+08
46  30  1.4028e+08
46  31  1.3498e+08
46  32  1.57203e+08
46  33  1.10473e+08
46  34  2.23008e+08
46  35  1.6205e+08
46  36  1.3126e+08
46  37  1.67968e+08
46  38  1.001e+08
46  39  1.37293e+08
46  40  1.84204e+08
46  41  1.24339e+08
46  42  1.40206e+08
46  43  1.19966e+08
46  44  9.29835e+07
46  45  1.79409e+08
46  46  2.31713e+08
46  47  1.33689e+08
46  48  1.98526e+08
46  49  1.86964e+08
46  50  2.23549e+08
47  0  1.54792e+08
47  1  1.23509e+08
47  2  1.62879e+08
47  3  1.38888e+08
47  4  1.26766e+08
47  5  1.95161e+08
47  6  1.53114e+08
47  7  1.04371e+08
47  8  1.11737e+08
47  9  1.30094e+08
47  10  1.47836e+08
47  11  1.47791e+08
47  12  1.36026e+08
47  13  1.46677e+08
47  14  1.65894e+08
47  15  1.63318e+08
47  16  1.50447e+08
47  17  1.74168e+08
47  18  1.06174e+08
47  19  1.41402e+08
47  20  1.27562e+08
47  21  1.86821e+08
47  22  1.80415e+08
47  23  9.82414e+07
47  24  1.3405e+08
47  25  1.76893e+08
47  26  1.82712e+08
47  27  1.56734e+08
47  28  1.3744e+08
47  29  1.77229e+08
47  30  1.1949e+08
47  31  1.18067e+08
47  32  1.3737e+08
47  33  1.69775e+08
47  34  1.31575e+08
47  35  1.8497e+08
47  36  1.43331e+08
47  37  1.72206e+08
47  38  1.67022e+08
47  39  1.50374e+08
47  40  1.44848e+08
47  41  2.34071e+08
47  42  1.61266e+08
47  43  1.75694e+08
47  44  1.734e+08
47  45  1.57533e+08
47  46  1.47244e+08
47  47  2.03657e+08
47  48  2.2548e+08
47  49  2.60259e+08
47  50  2.73791e+08
48  0  1.99009e+08
48  1  9.76682e+07
48  2  1.75949e+08
48  3  1.45086e+08
48  4  1.76815e+08
48  5  1.51044e+08
48  6  1.81298e+08
48  7  1.71461e+08
48  8  1.32467e+08
48  9  1.42182e+08
48  10  1.58824e+08
48  11  1.76121e+08
48  12  1.22699e+08
48  13  2.25866e+08
48  14  1.573e+08
48  15  1.58511e+08
48  16  1.6155e+08
48  17  2.06834e+08
48  18  2.12932e+08
48  19  1.04996e+08
48  20  2.00068e+08
48  21  1.66897e+08
48  22  1.82892e+08
48  23  1.60235e+08
48  24  1.73143e+08
48  25  1.39011e+08
48  26  1.72813e+08
48  27  1.57188e+08
48  28  1.29116e+08
48  29  1.62901e+08
48  30  1.30172e+08
48  31  1.632e+08
48  32  1.63446e+08
48  33  1.8439e+08
48  34  1.58693e+08
48  35  2.35933e+08
48  36  1.57327e+08
48  37  1.41156e+08
48  38  1.50919e+08
48  39  2.08231e+08
48  40  1.81963e+08
48  41  1.85374e+08
48  42  1.60865e+08
48  43  1.37252e+08
48  44  1.49888e+08
48  45  2.09076e+08
48  46  1.54164e+08
48  47  1.55119e+08
48  48  1.52405e+08
48  49  2.53918e+08
48  50  2.09599e+08
49  0  7.98589e+07
49  1  1.41542e+08
49  2  1.59509e+08
49  3  1.50919e+08
49  4  2.27122e+08
49  5  1.20172e+08
49  6  1.13873e+08
49  7  1.43429e+08
49  8  1.17827e+08
49  9  1.38426e+08
49  10  1.65493e+08
49  11  1.61348e+08
49  12  1.3426e+08
49  13  1.43971e+08
49  14  1.15898e+08
49  15  1.71623e+08
49  16  1.50467e+08
49  17  1.27503e+08
49  18  1.52423e+08
49  19  2.01145e+08
49  20  1.43645e+08
49  21  2.15222e+08
49  22  1.13005e+08
49  23  1.68163e+08
49  24  1.38822e+08
49  25  1.52053e+08
49  26  1.73504e+08
49  27  1.47208e+08
49  28  1.76696e+08
49  29  1.27834e+08
49  30  1.14708e+08
49  31  1.95551e+08
49  32  1.2883e+08
49  33  2.53928e+08
49  34  1.37919e+08
49  35  1.66488e+08
49  36  2.24014e+08
49  37  1.46145e+08
49  38  1.81653e+08
49  39  1.38363e+08
49  40  1.41577e+08
49  41  1.42274e+08
49  42  1.79185e+08
49  43  1.68844e+08
49  44  1.74443e+08
49  45  1.76264e+08
49  46  1.99443e+08
49  47  1.38599e+08
49  48  1.70662e+08
49  49  1.88441e+08
49  50  2.12287e+08
50  0  1.59528e+08
50  1  1.4137e+08
50  2  1.80869e+08
50  3  1.48537e+08
50  4  1.78181e+08
50  5  1.80755e+08
50  6  1.49616e+08
50  7  1.59204e+08
50  8  1.35828e+08
50  9  1.72894e+08
50  10  1.34235e+08
50  11  1.62087e+08
50  12  1.75812e+08
50  13  1.42317e+08
50  14  1.5904e+08
50  15  1.65555e+08
50  16  1.97159e+08
50  17  2.06248e+08
50  18  1.77616e+08
50  19  1.87665e+08
50  20  1.83851e+08
50  21  1.31875e+08
50  22  1.65854e+08
50  23  2.25414e+08
50  24  2.5155e+08
50  25  1.3768e+08
50  26  1.71725e+08
50  27  1.91708e+08
50  28  1.63281e+08
50  29  2.01013e+08
50  30  1.43937e+08
50  31  8.66405e+07
50  32  2.00181e+08
50  33  1.78851e+08
50  34  1.87678e+08
50  35  1.97031e+08
50  36  2.17543e+08
50  37  1.72776e+08
50  38  1.49964e+08
50  39  1.50326e+08
50  40  1.19253e+08
50  41  1.49179e+08
50  42  1.60357e+08
50  43  2.13721e+08
50  44  1.95633e+08
50  45  1.67477e+08
50  46  1.93769e+08
50  47  1.5662e+08
50  48  1.80866e+08
50  49  2.11331e+08
50  50  2.07962e+08

