row  column  (images_27.edf S-K*images_27.edf Ar-K**2.3)
0  0  1.30683e+07
0  1  2.08304e+07
0  2  2.6475e+07
0  3  7.0591e+06
0  4  2.22096e+07
0  5  0
0  6  3.76112e+06
0  7  1.44104e+07
0  8  1.49021e+07
0  9  1.17173e+07
0  10  2.12813e+07
0  11  1.54478e+07
0  12  1.49882e+07
0  13  1.64275e+07
0  14  6.95231e+06
0  15  2.3466e+07
0  16  2.21193e+07
0  17  1.58498e+07
0  18  2.286e+07
0  19  2.01513e+07
0  20  0
0  21  0
0  22  0
0  23  0
0  24  0
0  25  0
0  26  0
0  27  1.75353e+07
0  28  2.51303e+07
0  29  9.84073e+06
0  30  7.64379e+06
0  31  2.1535e+07
0  32  1.4043e+07
0  33  1.79591e+07
0  34  1.68432e+07
0  35  1.43449e+07
0  36  2.73854e+07
0  37  2.69898e+07
0  38  2.12831e+07
0  39  2.13091e+07
0  40  2.07512e+07
0  41  2.22808e+07
0  42  8.64143e+06
0  43  1.73287e+07
0  44  0
0  45  1.30074e+07
0  46  0
0  47  0
0  48  0
0  49  0
0  50  0
1  0  1.56206e+07
1  1  1.9124e+07
1  2  2.27894e+07
1  3  2.55152e+07
1  4  1.1081e+07
1  5  1.01198e+07
1  6  9.03387e+06
1  7  1.98412e+07
1  8  1.29412e+07
1  9  1.83891e+07
1  10  1.5069e+07
1  11  1.27071e+07
1  12  1.50979e+07
1  13  1.69729e+07
1  14  1.95092e+07
1  15  1.68846e+07
1  16  2.3048e+07
1  17  2.05843e+07
1  18  1.67509e+07
1  19  0
1  20  0
1  21  0
1  22  0
1  23  0
1  24  0
1  25  7.78681e+06
1  26  0
1  27  0
1  28  1.76925e+07
1  29  1.18925e+07
1  30  2.25062e+07
1  31  2.34638e+07
1  32  0
1  33  1.48114e+07
1  34  2.09295e+07
1  35  2.80495e+07
1  36  2.33759e+07
1  37  2.62704e+07
1  38  3.08381e+07
1  39  1.85838e+07
1  40  1.36455e+07
1  41  1.27778e+07
1  42  1.53043e+07
1  43  0
1  44  0
1  45  0
1  46  0
1  47  0
1  48  0
1  49  0
1  50  0
2  0  1.54751e+07
2  1  1.09468e+07
2  2  1.85786e+07
2  3  1.96383e+07
2  4  1.52972e+07
2  5  0
2  6  0
2  7  8.74847e+06
2  8  1.59045e+07
2  9  1.68782e+07
2  10  1.84986e+07
2  11  2.07154e+07
2  12  1.72872e+07
2  13  3.11603e+07
2  14  1.2651e+07
2  15  1.67951e+07
2  16  1.85609e+07
2  17  2.00379e+07
2  18  1.08155e+07
2  19  0
2  20  0
2  21  0
2  22  0
2  23  0
2  24  0
2  25  0
2  26  1.0409e+07
2  27  1.80634e+07
2  28  1.33095e+07
2  29  1.85929e+07
2  30  1.15619e+07
2  31  1.75687e+07
2  32  1.67894e+07
2  33  2.41815e+07
2  34  2.61047e+07
2  35  2.04058e+07
2  36  1.92018e+07
2  37  2.45603e+07
2  38  0
2  39  2.12468e+07
2  40  2.80034e+07
2  41  0
2  42  1.18258e+07
2  43  0
2  44  0
2  45  0
2  46  0
2  47  0
2  48  0
2  49  0
2  50  0
3  0  2.22093e+07
3  1  1.84414e+07
3  2  1.20328e+07
3  3  1.87752e+07
3  4  1.65573e+07
3  5  0
3  6  1.97517e+07
3  7  1.73145e+07
3  8  9.5231e+06
3  9  2.70727e+07
3  10  1.70982e+07
3  11  2.12259e+07
3  12  2.07576e+07
3  13  1.48715e+07
3  14  1.93382e+07
3  15  1.74286e+07
3  16  8.7417e+06
3  17  2.74894e+07
3  18  1.11381e+07
3  19  0
3  20  0
3  21  0
3  22  0
3  23  0
3  24  0
3  25  0
3  26  0
3  27  1.13512e+07
3  28  1.07758e+07
3  29  0
3  30  1.59035e+07
3  31  1.77939e+07
3  32  1.79543e+07
3  33  2.50398e+07
3  34  2.52669e+07
3  35  2.73902e+07
3  36  2.43122e+07
3  37  2.02863e+07
3  38  2.40011e+07
3  39  1.18797e+07
3  40  1.66689e+07
3  41  1.51619e+07
3  42  1.5003e+07
3  43  1.17363e+07
3  44  0
3  45  0
3  46  0
3  47  0
3  48  0
3  49  0
3  50  0
4  0  1.87867e+07
4  1  9.40717e+06
4  2  1.20648e+07
4  3  1.11405e+07
4  4  9.95119e+06
4  5  0
4  6  0
4  7  1.31935e+07
4  8  2.18039e+07
4  9  1.31498e+07
4  10  8.83495e+06
4  11  2.55032e+07
4  12  1.23421e+07
4  13  1.41342e+07
4  14  1.94593e+07
4  15  1.97449e+07
4  16  1.15325e+07
4  17  1.9725e+07
4  18  0
4  19  0
4  20  0
4  21  0
4  22  0
4  23  0
4  24  0
4  25  0
4  26  0
4  27  0
4  28  1.93039e+07
4  29  5.24459e+06
4  30  1.33241e+07
4  31  1.51312e+07
4  32  1.78304e+07
4  33  2.71093e+07
4  34  2.29295e+07
4  35  2.15914e+07
4  36  1.99386e+07
4  37  1.80376e+07
4  38  2.44257e+07
4  39  1.36872e+07
4  40  1.56383e+07
4  41  1.13553e+07
4  42  9.07109e+06
4  43  7.67281e+06
4  44  0
4  45  0
4  46  0
4  47  0
4  48  0
4  49  0
4  50  0
5  0  2.04868e+07
5  1  2.58961e+07
5  2  9.53142e+06
5  3  1.95427e+07
5  4  2.50333e+07
5  5  0
5  6  0
5  7  2.0825e+07
5  8  3.02365e+07
5  9  2.48436e+07
5  10  2.35109e+07
5  11  2.83612e+07
5  12  2.59618e+07
5  13  2.16795e+07
5  14  1.95471e+07
5  15  2.3703e+07
5  16  2.57809e+07
5  17  2.5847e+06
5  18  9.94633e+06
5  19  1.73089e+06
5  20  0
5  21  0
5  22  0
5  23  1.10688e+07
5  24  0
5  25  6.20623e+06
5  26  2.08426e+07
5  27  4.05413e+06
5  28  2.31384e+07
5  29  1.10265e+07
5  30  2.31828e+07
5  31  3.27586e+07
5  32  2.52128e+07
5  33  2.67858e+07
5  34  3.28217e+07
5  35  2.51227e+07
5  36  2.17532e+07
5  37  2.14185e+07
5  38  0
5  39  1.13017e+07
5  40  1.57104e+07
5  41  1.3139e+07
5  42  0
5  43  0
5  44  0
5  45  0
5  46  0
5  47  0
5  48  0
5  49  0
5  50  0
6  0  1.67891e+07
6  1  8.99308e+06
6  2  1.38098e+07
6  3  0
6  4  0
6  5  0
6  6  0
6  7  1.38394e+07
6  8  1.91105e+07
6  9  2.61727e+07
6  10  0
6  11  2.58228e+07
6  12  1.84043e+07
6  13  3.27512e+07
6  14  2.03053e+07
6  15  0
6  16  1.40796e+07
6  17  4.9229e+06
6  18  1.71288e+07
6  19  0
6  20  0
6  21  0
6  22  0
6  23  1.89122e+06
6  24  0
6  25  0
6  26  1.1198e+07
6  27  0
6  28  8.06775e+06
6  29  8.80549e+06
6  30  1.51632e+07
6  31  2.93881e+07
6  32  2.29142e+07
6  33  3.11083e+07
6  34  3.12354e+07
6  35  2.84334e+07
6  36  1.98867e+07
6  37  1.96795e+07
6  38  2.26055e+07
6  39  2.02574e+07
6  40  1.18707e+07
6  41  1.30671e+07
6  42  0
6  43  0
6  44  0
6  45  0
6  46  0
6  47  0
6  48  0
6  49  0
6  50  0
7  0  1.88255e+07
7  1  1.05359e+07
7  2  1.12985e+07
7  3  1.43139e+07
7  4  1.04249e+07
7  5  0
7  6  0
7  7  1.77688e+07
7  8  2.81113e+07
7  9  1.067e+07
7  10  1.79569e+07
7  11  3.34982e+07
7  12  3.08662e+07
7  13  2.6765e+07
7  14  2.51031e+07
7  15  1.23101e+07
7  16  1.43058e+07
7  17  1.95091e+07
7  18  1.79412e+07
7  19  0
7  20  0
7  21  9.92757e+06
7  22  0
7  23  1.18411e+07
7  24  0
7  25  0
7  26  0
7  27  0
7  28  2.05022e+07
7  29  8.41943e+06
7  30  1.6648e+07
7  31  1.08611e+07
7  32  2.88052e+07
7  33  2.20347e+07
7  34  2.80788e+07
7  35  2.7746e+07
7  36  1.912e+07
7  37  1.93439e+07
7  38  2.15233e+07
7  39  0
7  40  0
7  41  0
7  42  9.38061e+06
7  43  1.19529e+07
7  44  0
7  45  0
7  46  0
7  47  0
7  48  0
7  49  0
7  50  0
8  0  0
8  1  1.35857e+07
8  2  1.50568e+07
8  3  0
8  4  0
8  5  1.03531e+07
8  6  0
8  7  1.33998e+07
8  8  1.68478e+07
8  9  2.33266e+07
8  10  1.95799e+07
8  11  3.00891e+07
8  12  1.74016e+07
8  13  3.19317e+07
8  14  2.97476e+07
8  15  1.45501e+07
8  16  2.42175e+07
8  17  1.07305e+07
8  18  1.61717e+07
8  19  1.99818e+07
8  20  0
8  21  1.79521e+07
8  22  1.24941e+07
8  23  1.16589e+07
8  24  0
8  25  1.01273e+07
8  26  1.94404e+07
8  27  1.09143e+07
8  28  1.84908e+07
8  29  1.31076e+07
8  30  1.21799e+06
8  31  1.29388e+07
8  32  8.72632e+06
8  33  2.46473e+07
8  34  1.93941e+07
8  35  2.3419e+07
8  36  1.98518e+07
8  37  1.90886e+07
8  38  7.92609e+06
8  39  0
8  40  1.13437e+07
8  41  0
8  42  0
8  43  0
8  44  0
8  45  0
8  46  0
8  47  0
8  48  0
8  49  0
8  50  0
9  0  0
9  1  1.52603e+07
9  2  2.08878e+07
9  3  0
9  4  0
9  5  0
9  6  0
9  7  1.20409e+07
9  8  1.8231e+07
9  9  1.71977e+07
9  10  3.06453e+07
9  11  2.80641e+07
9  12  4.21461e+07
9  13  1.68186e+07
9  14  1.80602e+07
9  15  0
9  16  2.80936e+07
9  17  1.56926e+07
9  18  3.02346e+07
9  19  0
9  20  1.60967e+07
9  21  9.3484e+06
9  22  1.07195e+07
9  23  1.28254e+07
9  24  1.4789e+07
9  25  1.1301e+07
9  26  1.52519e+07
9  27  1.19477e+07
9  28  9.10752e+06
9  29  9.01487e+06
9  30  1.42334e+07
9  31  2.69214e+07
9  32  1.94485e+07
9  33  3.00017e+07
9  34  3.00005e+07
9  35  1.70491e+07
9  36  1.57667e+07
9  37  9.04221e+06
9  38  2.09557e+07
9  39  1.20841e+07
9  40  1.10969e+07
9  41  0
9  42  0
9  43  0
9  44  0
9  45  0
9  46  0
9  47  0
9  48  0
9  49  0
9  50  0
10  0  1.32746e+07
10  1  2.37544e+07
10  2  0
10  3  9.18144e+06
10  4  8.76374e+06
10  5  1.08957e+07
10  6  0
10  7  1.02709e+07
10  8  2.53472e+07
10  9  1.8302e+07
10  10  2.01217e+07
10  11  2.59291e+07
10  12  2.60432e+07
10  13  2.70975e+07
10  14  2.53566e+07
10  15  1.70695e+07
10  16  2.30091e+07
10  17  1.6016e+07
10  18  2.33172e+07
10  19  1.58914e+07
10  20  1.41542e+07
10  21  1.74455e+07
10  22  1.85276e+07
10  23  2.43566e+07
10  24  2.26044e+07
10  25  2.83753e+07
10  26  1.29892e+07
10  27  1.27046e+07
10  28  0
10  29  1.03554e+07
10  30  0
10  31  0
10  32  1.96335e+07
10  33  2.67612e+07
10  34  9.39589e+06
10  35  2.3692e+07
10  36  1.34534e+07
10  37  1.21012e+07
10  38  1.84015e+07
10  39  1.35865e+07
10  40  0
10  41  1.03949e+07
10  42  0
10  43  0
10  44  0
10  45  0
10  46  0
10  47  0
10  48  0
10  49  0
10  50  0
11  0  9.12902e+06
11  1  1.15837e+07
11  2  0
11  3  1.30591e+07
11  4  1.12248e+07
11  5  8.11937e+06
11  6  0
11  7  0
11  8  1.50336e+07
11  9  1.99223e+07
11  10  3.08754e+07
11  11  2.63042e+07
11  12  2.33394e+07
11  13  2.27534e+07
11  14  3.68166e+07
11  15  1.68575e+07
11  16  2.3727e+07
11  17  2.29497e+07
11  18  3.36262e+07
11  19  1.23735e+07
11  20  1.8317e+07
11  21  1.22779e+07
11  22  2.07464e+07
11  23  2.67937e+07
11  24  2.59543e+07
11  25  1.66923e+07
11  26  2.05586e+07
11  27  1.0926e+07
11  28  1.86731e+07
11  29  0
11  30  1.76183e+07
11  31  1.75515e+07
11  32  2.40839e+07
11  33  2.48618e+07
11  34  2.45916e+07
11  35  0
11  36  1.33988e+06
11  37  0
11  38  0
11  39  1.51057e+07
11  40  1.28029e+07
11  41  0
11  42  0
11  43  0
11  44  0
11  45  0
11  46  0
11  47  0
11  48  0
11  49  0
11  50  0
12  0  1.86253e+07
12  1  1.11179e+07
12  2  1.02359e+07
12  3  1.77181e+07
12  4  1.38659e+07
12  5  9.04687e+06
12  6  9.88128e+06
12  7  1.67954e+07
12  8  1.15012e+07
12  9  1.74845e+07
12  10  2.77363e+07
12  11  2.05815e+07
12  12  4.141e+07
12  13  4.65741e+07
12  14  3.94859e+07
12  15  1.34046e+07
12  16  1.98086e+07
12  17  1.73141e+07
12  18  2.47486e+07
12  19  1.66787e+07
12  20  1.15785e+07
12  21  1.10725e+07
12  22  1.0702e+07
12  23  2.11639e+07
12  24  1.86596e+07
12  25  3.07986e+07
12  26  1.80002e+07
12  27  1.63101e+07
12  28  8.72903e+06
12  29  1.09183e+07
12  30  1.55176e+07
12  31  2.18863e+07
12  32  1.75618e+07
12  33  2.43022e+07
12  34  1.70511e+07
12  35  0
12  36  8.96056e+06
12  37  0
12  38  0
12  39  0
12  40  0
12  41  0
12  42  0
12  43  0
12  44  0
12  45  0
12  46  0
12  47  0
12  48  0
12  49  0
12  50  0
13  0  1.37806e+07
13  1  1.82769e+07
13  2  1.01796e+07
13  3  1.36788e+07
13  4  0
13  5  0
13  6  0
13  7  0
13  8  1.86834e+07
13  9  2.27288e+07
13  10  3.02676e+07
13  11  4.37975e+07
13  12  5.54746e+07
13  13  2.64071e+07
13  14  2.79012e+07
13  15  2.21214e+07
13  16  2.1455e+07
13  17  2.78612e+07
13  18  2.10415e+07
13  19  2.51933e+07
13  20  1.26507e+07
13  21  2.46133e+07
13  22  1.20426e+07
13  23  1.85128e+07
13  24  3.09523e+07
13  25  1.45757e+07
13  26  1.72834e+07
13  27  2.02728e+07
13  28  1.97856e+07
13  29  0
13  30  1.4655e+07
13  31  2.4001e+07
13  32  2.10125e+07
13  33  1.26396e+07
13  34  1.65608e+07
13  35  1.3189e+07
13  36  2.19076e+07
13  37  0
13  38  0
13  39  0
13  40  1.33315e+07
13  41  0
13  42  0
13  43  0
13  44  0
13  45  0
13  46  0
13  47  0
13  48  0
13  49  0
13  50  0
14  0  0
14  1  1.45659e+07
14  2  1.52963e+07
14  3  1.46223e+07
14  4  1.39485e+07
14  5  0
14  6  0
14  7  1.24625e+07
14  8  9.30247e+06
14  9  2.62936e+07
14  10  2.90286e+07
14  11  3.46945e+07
14  12  2.94907e+07
14  13  3.69854e+07
14  14  3.34521e+07
14  15  2.28872e+07
14  16  1.88354e+07
14  17  1.92612e+07
14  18  1.39407e+07
14  19  1.42779e+07
14  20  1.47996e+07
14  21  1.63422e+07
14  22  1.59319e+07
14  23  2.69972e+07
14  24  2.39728e+07
14  25  1.3866e+07
14  26  1.12998e+07
14  27  9.33091e+06
14  28  2.44337e+07
14  29  1.90624e+07
14  30  2.02969e+07
14  31  3.26579e+07
14  32  1.93263e+07
14  33  2.1309e+07
14  34  1.24428e+07
14  35  0
14  36  0
14  37  0
14  38  0
14  39  0
14  40  0
14  41  0
14  42  0
14  43  0
14  44  0
14  45  0
14  46  0
14  47  0
14  48  0
14  49  0
14  50  0
15  0  7.93863e+06
15  1  1.36376e+07
15  2  1.37881e+07
15  3  1.27648e+07
15  4  1.59139e+07
15  5  8.66255e+06
15  6  1.70784e+07
15  7  1.4737e+07
15  8  2.74936e+07
15  9  1.62822e+07
15  10  2.16511e+07
15  11  3.10455e+07
15  12  2.58826e+07
15  13  2.94433e+07
15  14  2.4169e+07
15  15  1.87622e+07
15  16  1.94302e+07
15  17  2.0503e+07
15  18  2.1276e+07
15  19  1.06086e+07
15  20  1.02927e+07
15  21  1.73605e+07
15  22  1.33956e+07
15  23  1.80561e+07
15  24  2.35031e+07
15  25  1.51209e+07
15  26  2.71957e+07
15  27  1.10153e+07
15  28  2.30657e+07
15  29  1.7391e+07
15  30  1.33943e+07
15  31  2.447e+07
15  32  1.14364e+07
15  33  0
15  34  1.69946e+07
15  35  2.27063e+07
15  36  0
15  37  0
15  38  0
15  39  0
15  40  1.26298e+07
15  41  0
15  42  0
15  43  0
15  44  0
15  45  0
15  46  0
15  47  0
15  48  0
15  49  0
15  50  0
16  0  1.90145e+07
16  1  1.93966e+07
16  2  1.50491e+07
16  3  1.56316e+07
16  4  0
16  5  1.6086e+07
16  6  1.14635e+07
16  7  1.10498e+07
16  8  2.73781e+07
16  9  1.06794e+07
16  10  1.35854e+07
16  11  3.53438e+07
16  12  2.41113e+07
16  13  1.69425e+07
16  14  2.58484e+07
16  15  2.37187e+07
16  16  1.21215e+07
16  17  1.01366e+07
16  18  1.48251e+07
16  19  9.17625e+06
16  20  1.42134e+07
16  21  0
16  22  1.21549e+07
16  23  4.8309e+06
16  24  1.85744e+07
16  25  2.15744e+07
16  26  1.47e+07
16  27  1.89308e+07
16  28  1.68473e+07
16  29  2.18943e+07
16  30  1.47477e+07
16  31  2.3233e+07
16  32  2.76849e+07
16  33  9.67372e+06
16  34  2.06337e+07
16  35  0
16  36  0
16  37  0
16  38  0
16  39  0
16  40  0
16  41  0
16  42  0
16  43  0
16  44  0
16  45  0
16  46  0
16  47  0
16  48  0
16  49  0
16  50  0
17  0  8.72911e+06
17  1  1.535e+07
17  2  1.22869e+07
17  3  1.60594e+07
17  4  0
17  5  1.61448e+07
17  6  1.36185e+07
17  7  1.0079e+07
17  8  1.76544e+07
17  9  1.77645e+07
17  10  1.49727e+07
17  11  2.31428e+07
17  12  3.9903e+07
17  13  2.5871e+07
17  14  1.7566e+07
17  15  2.89683e+07
17  16  2.05838e+07
17  17  1.739e+07
17  18  0
17  19  1.30124e+07
17  20  1.3755e+07
17  21  1.86579e+07
17  22  1.65935e+07
17  23  1.95869e+07
17  24  1.71838e+07
17  25  1.56549e+07
17  26  1.52891e+07
17  27  2.71498e+07
17  28  1.36733e+07
17  29  2.14627e+07
17  30  2.50581e+07
17  31  1.11104e+07
17  32  2.10599e+07
17  33  1.88306e+07
17  34  1.93648e+07
17  35  1.13218e+07
17  36  1.01938e+07
17  37  0
17  38  0
17  39  0
17  40  0
17  41  0
17  42  0
17  43  0
17  44  0
17  45  0
17  46  0
17  47  0
17  48  0
17  49  0
17  50  0
18  0  1.30544e+07
18  1  1.11288e+07
18  2  1.99553e+07
18  3  1.62204e+07
18  4  0
18  5  1.48458e+07
18  6  0
18  7  1.61344e+07
18  8  1.50789e+07
18  9  2.19677e+07
18  10  8.84137e+06
18  11  2.21331e+07
18  12  3.15685e+07
18  13  1.55927e+07
18  14  2.34132e+07
18  15  1.59933e+07
18  16  2.03644e+07
18  17  1.4758e+07
18  18  1.12813e+07
18  19  1.25856e+07
18  20  1.10255e+07
18  21  2.58173e+07
18  22  1.37954e+07
18  23  1.00881e+07
18  24  2.92775e+07
18  25  2.88813e+07
18  26  2.20452e+07
18  27  3.00066e+07
18  28  1.59297e+07
18  29  2.5849e+07
18  30  1.41644e+07
18  31  2.74501e+07
18  32  2.54562e+07
18  33  6.09215e+06
18  34  0
18  35  1.05015e+07
18  36  0
18  37  0
18  38  0
18  39  0
18  40  0
18  41  0
18  42  0
18  43  0
18  44  0
18  45  0
18  46  0
18  47  0
18  48  0
18  49  0
18  50  0
19  0  2.3409e+07
19  1  1.28667e+07
19  2  1.09774e+07
19  3  9.79811e+06
19  4  0
19  5  1.16307e+07
19  6  3.17501e+06
19  7  3.21846e+07
19  8  2.6613e+07
19  9  2.07066e+07
19  10  1.07249e+07
19  11  1.58452e+07
19  12  1.23748e+07
19  13  2.08938e+07
19  14  1.51468e+07
19  15  1.55757e+07
19  16  2.35904e+07
19  17  1.72808e+07
19  18  1.04061e+07
19  19  1.1718e+07
19  20  0
19  21  1.08175e+07
19  22  2.11709e+07
19  23  2.69292e+07
19  24  1.27217e+07
19  25  2.77859e+07
19  26  1.68461e+07
19  27  2.30732e+07
19  28  1.51375e+07
19  29  2.31044e+07
19  30  2.18144e+07
19  31  3.55235e+06
19  32  1.46239e+07
19  33  1.98459e+07
19  34  1.45839e+07
19  35  2.395e+07
19  36  0
19  37  0
19  38  0
19  39  0
19  40  0
19  41  0
19  42  0
19  43  0
19  44  0
19  45  0
19  46  0
19  47  0
19  48  0
19  49  0
19  50  0
20  0  2.04162e+07
20  1  9.74487e+06
20  2  1.939e+07
20  3  0
20  4  1.04768e+07
20  5  8.99316e+06
20  6  2.1541e+07
20  7  1.22596e+07
20  8  1.04481e+07
20  9  1.53784e+07
20  10  0
20  11  0
20  12  1.90546e+07
20  13  1.17173e+07
20  14  1.58494e+07
20  15  1.22483e+07
20  16  1.11588e+07
20  17  1.33772e+07
20  18  1.13884e+07
20  19  0
20  20  1.03445e+07
20  21  1.14114e+07
20  22  1.38666e+07
20  23  1.15578e+07
20  24  2.54977e+07
20  25  3.84677e+07
20  26  2.41493e+07
20  27  2.43081e+07
20  28  2.56148e+07
20  29  2.21997e+07
20  30  1.35999e+07
20  31  2.28009e+07
20  32  1.24054e+07
20  33  0
20  34  0
20  35  0
20  36  0
20  37  0
20  38  0
20  39  0
20  40  0
20  41  0
20  42  0
20  43  0
20  44  0
20  45  0
20  46  0
20  47  0
20  48  0
20  49  0
20  50  0
21  0  1.72128e+07
21  1  1.66342e+07
21  2  1.11812e+07
21  3  1.27665e+07
21  4  1.74762e+07
21  5  1.15831e+07
21  6  5.84578e+06
21  7  1.20342e+07
21  8  2.17505e+07
21  9  2.06461e+07
21  10  1.60835e+07
21  11  1.71016e+07
21  12  1.06719e+07
21  13  1.11633e+07
21  14  0
21  15  347079
21  16  0
21  17  2.22667e+07
21  18  1.15461e+06
21  19  0
21  20  7.99727e+06
21  21  1.2453e+07
21  22  2.29005e+07
21  23  3.47068e+07
21  24  3.16233e+07
21  25  2.3754e+07
21  26  2.39038e+07
21  27  2.55674e+07
21  28  3.02563e+07
21  29  1.6789e+07
21  30  9.61613e+06
21  31  1.5984e+07
21  32  1.26918e+07
21  33  9.83821e+06
21  34  0
21  35  0
21  36  0
21  37  0
21  38  0
21  39  0
21  40  0
21  41  0
21  42  0
21  43  0
21  44  0
21  45  0
21  46  0
21  47  0
21  48  0
21  49  0
21  50  0
22  0  1.50919e+07
22  1  1.80284e+07
22  2  1.51395e+07
22  3  1.49269e+07
22  4  1.60493e+07
22  5  1.2571e+07
22  6  1.71966e+07
22  7  0
22  8  1.17503e+07
22  9  2.54641e+07
22  10  2.16334e+07
22  11  0
22  12  0
22  13  777548
22  14  0
22  15  1.08998e+07
22  16  1.34392e+07
22  17  1.71087e+07
22  18  2.2255e+07
22  19  0
22  20  0
22  21  1.34646e+07
22  22  1.72457e+07
22  23  1.62455e+07
22  24  1.47973e+07
22  25  3.01339e+07
22  26  2.22112e+07
22  27  1.94458e+07
22  28  1.25321e+07
22  29  1.3857e+07
22  30  1.93045e+07
22  31  1.34726e+07
22  32  8.59457e+06
22  33  0
22  34  0
22  35  0
22  36  0
22  37  0
22  38  0
22  39  0
22  40  0
22  41  0
22  42  0
22  43  0
22  44  0
22  45  0
22  46  0
22  47  0
22  48  0
22  49  0
22  50  0
23  0  1.93908e+07
23  1  1.47606e+07
23  2  2.58596e+07
23  3  8.7116e+06
23  4  0
23  5  1.08498e+07
23  6  1.9144e+07
23  7  1.23579e+07
23  8  1.73275e+07
23  9  1.65305e+07
23  10  1.93581e+07
23  11  1.1036e+07
23  12  0
23  13  0
23  14  0
23  15  0
23  16  1.72847e+07
23  17  0
23  18  1.24181e+07
23  19  1.52432e+07
23  20  1.59212e+07
23  21  2.29169e+07
23  22  1.64115e+07
23  23  2.51631e+07
23  24  3.0383e+07
23  25  1.77142e+07
23  26  3.17997e+07
23  27  2.63686e+07
23  28  2.94112e+07
23  29  1.95319e+07
23  30  2.33998e+07
23  31  1.61985e+07
23  32  0
23  33  0
23  34  1.1463e+07
23  35  0
23  36  0
23  37  0
23  38  0
23  39  0
23  40  0
23  41  0
23  42  0
23  43  0
23  44  0
23  45  0
23  46  0
23  47  0
23  48  0
23  49  0
23  50  0
24  0  2.31767e+07
24  1  1.40779e+07
24  2  9.21118e+06
24  3  0
24  4  1.53576e+07
24  5  1.23622e+07
24  6  2.44327e+07
24  7  1.82551e+07
24  8  7.51909e+06
24  9  2.05914e+07
24  10  1.3757e+07
24  11  0
24  12  0
24  13  1.92895e+07
24  14  0
24  15  0
24  16  0
24  17  1.55825e+07
24  18  0
24  19  0
24  20  1.15892e+07
24  21  2.28336e+07
24  22  2.25984e+07
24  23  2.66556e+07
24  24  2.17074e+07
24  25  3.6075e+07
24  26  2.26372e+07
24  27  3.04498e+07
24  28  2.34113e+07
24  29  1.53694e+07
24  30  2.23834e+07
24  31  1.03768e+07
24  32  1.40349e+07
24  33  0
24  34  0
24  35  0
24  36  0
24  37  0
24  38  0
24  39  0
24  40  0
24  41  0
24  42  0
24  43  0
24  44  0
24  45  0
24  46  0
24  47  0
24  48  0
24  49  0
24  50  0
25  0  1.46919e+07
25  1  2.16397e+07
25  2  1.70502e+07
25  3  0
25  4  1.63489e+07
25  5  1.25702e+07
25  6  1.38884e+07
25  7  1.64128e+07
25  8  1.32487e+07
25  9  0
25  10  0
25  11  8.97923e+06
25  12  0
25  13  0
25  14  0
25  15  0
25  16  1.14697e+07
25  17  0
25  18  0
25  19  1.38031e+07
25  20  5.27637e+06
25  21  1.47239e+07
25  22  1.76743e+07
25  23  3.14001e+07
25  24  1.77316e+07
25  25  2.73151e+07
25  26  2.32635e+07
25  27  3.51389e+07
25  28  0
25  29  2.14435e+07
25  30  1.46805e+07
25  31  1.17199e+07
25  32  1.02576e+07
25  33  0
25  34  0
25  35  0
25  36  0
25  37  0
25  38  0
25  39  0
25  40  0
25  41  0
25  42  0
25  43  0
25  44  0
25  45  0
25  46  0
25  47  0
25  48  0
25  49  0
25  50  0
26  0  1.72512e+07
26  1  2.11864e+07
26  2  8.89145e+06
26  3  1.51607e+07
26  4  1.22412e+07
26  5  1.12654e+07
26  6  2.07934e+07
26  7  1.18078e+07
26  8  1.36585e+07
26  9  1.0429e+07
26  10  7.35368e+06
26  11  0
26  12  0
26  13  0
26  14  0
26  15  0
26  16  0
26  17  1.17346e+07
26  18  0
26  19  1.65002e+07
26  20  0
26  21  2.75312e+07
26  22  3.47801e+07
26  23  1.74585e+07
26  24  1.88274e+07
26  25  1.90129e+07
26  26  2.43632e+07
26  27  2.14602e+07
26  28  2.52604e+07
26  29  2.37305e+07
26  30  2.13182e+07
26  31  1.2386e+07
26  32  0
26  33  0
26  34  0
26  35  0
26  36  0
26  37  0
26  38  0
26  39  0
26  40  0
26  41  0
26  42  0
26  43  0
26  44  0
26  45  0
26  46  0
26  47  0
26  48  0
26  49  0
26  50  0
27  0  2.10364e+07
27  1  1.37238e+07
27  2  0
27  3  1.60767e+07
27  4  1.46764e+07
27  5  1.38758e+07
27  6  2.17589e+07
27  7  2.2743e+07
27  8  1.39817e+07
27  9  1.15355e+07
27  10  0
27  11  1.01385e+07
27  12  0
27  13  1.22184e+07
27  14  1.44035e+07
27  15  1.68742e+07
27  16  7.54206e+06
27  17  769976
27  18  1.51508e+07
27  19  8.05858e+06
27  20  1.73188e+07
27  21  1.67191e+07
27  22  1.58602e+07
27  23  3.20904e+07
27  24  4.01282e+06
27  25  2.49783e+07
27  26  2.53229e+07
27  27  2.44788e+07
27  28  0
27  29  0
27  30  1.56103e+07
27  31  0
27  32  1.2027e+07
27  33  0
27  34  0
27  35  0
27  36  0
27  37  0
27  38  0
27  39  0
27  40  0
27  41  0
27  42  0
27  43  0
27  44  0
27  45  0
27  46  0
27  47  0
27  48  0
27  49  0
27  50  0
28  0  1.21624e+07
28  1  0
28  2  0
28  3  7.73687e+06
28  4  1.27252e+07
28  5  0
28  6  1.77837e+07
28  7  8.60789e+06
28  8  0
28  9  0
28  10  0
28  11  0
28  12  9.43307e+06
28  13  0
28  14  0
28  15  0
28  16  1.44306e+07
28  17  5.32468e+06
28  18  0
28  19  1.36707e+07
28  20  1.33973e+07
28  21  2.14665e+07
28  22  2.72808e+07
28  23  1.5578e+07
28  24  2.87427e+07
28  25  2.47388e+07
28  26  1.58738e+07
28  27  1.4773e+07
28  28  2.27659e+07
28  29  1.22409e+07
28  30  1.09088e+07
28  31  0
28  32  0
28  33  0
28  34  0
28  35  0
28  36  0
28  37  0
28  38  0
28  39  0
28  40  0
28  41  0
28  42  0
28  43  0
28  44  0
28  45  0
28  46  0
28  47  0
28  48  0
28  49  0
28  50  0
29  0  1.80361e+06
29  1  1.18187e+07
29  2  7.92344e+06
29  3  0
29  4  1.32494e+07
29  5  0
29  6  1.12443e+07
29  7  2.19771e+07
29  8  1.23031e+07
29  9  0
29  10  0
29  11  0
29  12  1.43274e+07
29  13  0
29  14  0
29  15  1.42687e+07
29  16  1.31076e+07
29  17  1.06813e+07
29  18  1.76534e+07
29  19  2.21459e+07
29  20  1.17039e+07
29  21  1.15683e+07
29  22  3.06551e+07
29  23  1.03095e+07
29  24  2.43777e+07
29  25  2.24737e+07
29  26  2.8871e+07
29  27  1.23735e+07
29  28  1.85798e+07
29  29  0
29  30  1.47808e+07
29  31  0
29  32  0
29  33  0
29  34  0
29  35  0
29  36  0
29  37  0
29  38  0
29  39  0
29  40  0
29  41  0
29  42  0
29  43  0
29  44  0
29  45  0
29  46  0
29  47  0
29  48  0
29  49  0
29  50  0
30  0  2.44037e+07
30  1  1.33647e+07
30  2  8.01333e+06
30  3  8.00972e+06
30  4  0
30  5  1.01055e+07
30  6  1.17798e+07
30  7  2.65452e+07
30  8  1.12424e+07
30  9  1.0634e+07
30  10  0
30  11  0
30  12  8.05761e+06
30  13  1.20698e+07
30  14  0
30  15  1.51676e+07
30  16  1.20003e+07
30  17  1.6162e+07
30  18  0
30  19  0
30  20  2.38807e+07
30  21  2.01476e+07
30  22  1.40931e+07
30  23  1.99133e+07
30  24  1.43442e+07
30  25  3.2871e+07
30  26  1.34225e+07
30  27  2.334e+07
30  28  1.47463e+07
30  29  0
30  30  1.0372e+07
30  31  0
30  32  0
30  33  0
30  34  0
30  35  0
30  36  0
30  37  0
30  38  0
30  39  0
30  40  0
30  41  0
30  42  0
30  43  0
30  44  0
30  45  0
30  46  0
30  47  0
30  48  0
30  49  0
30  50  0
31  0  8.95322e+06
31  1  9.22415e+06
31  2  0
31  3  0
31  4  0
31  5  1.38177e+07
31  6  1.34719e+07
31  7  1.37552e+07
31  8  1.82002e+07
31  9  1.13315e+07
31  10  1.0635e+07
31  11  0
31  12  0
31  13  0
31  14  1.73064e+07
31  15  1.56319e+07
31  16  0
31  17  1.83888e+07
31  18  0
31  19  1.97172e+07
31  20  1.99869e+07
31  21  2.45296e+07
31  22  1.24798e+07
31  23  2.15725e+07
31  24  1.97977e+07
31  25  2.70732e+07
31  26  1.12982e+07
31  27  1.86734e+07
31  28  1.38103e+07
31  29  0
31  30  7.55037e+06
31  31  0
31  32  0
31  33  0
31  34  0
31  35  0
31  36  0
31  37  0
31  38  0
31  39  0
31  40  0
31  41  0
31  42  0
31  43  0
31  44  0
31  45  0
31  46  0
31  47  0
31  48  0
31  49  0
31  50  0
32  0  7.68361e+06
32  1  1.67445e+07
32  2  1.15354e+07
32  3  0
32  4  0
32  5  9.79045e+06
32  6  1.25697e+07
32  7  2.62959e+07
32  8  2.0341e+07
32  9  0
32  10  0
32  11  1.40747e+07
32  12  1.85197e+07
32  13  1.92338e+07
32  14  1.87463e+07
32  15  1.80867e+07
32  16  2.01305e+07
32  17  2.36035e+07
32  18  1.02061e+07
32  19  1.11279e+07
32  20  2.00924e+07
32  21  2.16111e+07
32  22  2.19917e+07
32  23  2.69664e+07
32  24  2.02969e+07
32  25  2.07895e+07
32  26  1.49869e+07
32  27  0
32  28  2.34204e+07
32  29  0
32  30  0
32  31  0
32  32  0
32  33  0
32  34  0
32  35  0
32  36  0
32  37  0
32  38  0
32  39  0
32  40  0
32  41  0
32  42  0
32  43  0
32  44  0
32  45  0
32  46  0
32  47  0
32  48  0
32  49  0
32  50  0
33  0  1.11928e+07
33  1  0
33  2  1.70602e+07
33  3  0
33  4  0
33  5  1.08876e+07
33  6  1.98893e+07
33  7  1.96143e+07
33  8  8.40234e+06
33  9  0
33  10  1.4306e+07
33  11  0
33  12  2.59568e+07
33  13  1.79439e+07
33  14  1.22757e+07
33  15  1.89567e+07
33  16  2.42723e+07
33  17  1.9169e+07
33  18  2.75308e+07
33  19  1.96521e+07
33  20  0
33  21  2.0099e+07
33  22  2.4303e+07
33  23  2.51096e+07
33  24  1.96323e+07
33  25  2.57082e+07
33  26  1.57581e+07
33  27  2.09427e+07
33  28  0
33  29  0
33  30  0
33  31  0
33  32  0
33  33  0
33  34  0
33  35  0
33  36  0
33  37  0
33  38  0
33  39  0
33  40  0
33  41  0
33  42  0
33  43  0
33  44  0
33  45  0
33  46  0
33  47  0
33  48  0
33  49  0
33  50  0
34  0  1.65054e+07
34  1  1.29837e+07
34  2  1.06312e+07
34  3  0
34  4  2.2355e+07
34  5  1.50982e+07
34  6  2.17164e+07
34  7  1.57339e+07
34  8  1.28028e+07
34  9  0
34  10  0
34  11  8.49355e+06
34  12  1.46565e+07
34  13  0
34  14  2.22851e+07
34  15  2.10549e+07
34  16  3.10947e+07
34  17  2.20085e+07
34  18  2.68717e+07
34  19  2.91988e+07
34  20  5.7211e+06
34  21  1.08943e+07
34  22  2.21257e+07
34  23  2.23072e+07
34  24  2.68462e+07
34  25  1.58681e+07
34  26  2.37556e+07
34  27  0
34  28  0
34  29  0
34  30  0
34  31  0
34  32  0
34  33  0
34  34  0
34  35  0
34  36  0
34  37  0
34  38  0
34  39  0
34  40  0
34  41  0
34  42  0
34  43  0
34  44  0
34  45  0
34  46  0
34  47  0
34  48  0
34  49  0
34  50  0
35  0  1.03795e+07
35  1  1.89269e+07
35  2  1.17568e+07
35  3  1.47434e+07
35  4  1.86691e+07
35  5  2.72465e+07
35  6  1.69416e+07
35  7  1.66981e+07
35  8  2.02507e+07
35  9  1.18438e+07
35  10  1.55425e+07
35  11  0
35  12  1.66953e+07
35  13  1.67769e+07
35  14  1.45656e+07
35  15  3.70542e+07
35  16  2.52306e+07
35  17  2.91607e+07
35  18  2.59895e+07
35  19  2.01255e+07
35  20  3.13006e+07
35  21  1.93613e+07
35  22  2.45107e+07
35  23  1.75153e+07
35  24  1.69028e+07
35  25  1.91149e+07
35  26  1.89068e+07
35  27  1.75633e+07
35  28  0
35  29  0
35  30  0
35  31  0
35  32  0
35  33  0
35  34  0
35  35  0
35  36  0
35  37  0
35  38  0
35  39  0
35  40  0
35  41  0
35  42  0
35  43  0
35  44  0
35  45  0
35  46  0
35  47  0
35  48  0
35  49  0
35  50  0
36  0  1.73255e+07
36  1  1.90766e+07
36  2  1.78899e+07
36  3  1.52078e+07
36  4  2.47739e+07
36  5  1.44294e+07
36  6  2.56398e+07
36  7  3.03687e+07
36  8  1.87672e+07
36  9  1.61247e+07
36  10  1.7486e+07
36  11  2.56729e+07
36  12  1.12202e+07
36  13  1.67305e+07
36  14  0
36  15  1.3763e+07
36  16  1.74793e+07
36  17  1.26689e+07
36  18  2.04446e+07
36  19  2.41146e+07
36  20  2.95226e+07
36  21  2.39638e+07
36  22  2.14021e+07
36  23  1.89411e+07
36  24  1.35603e+07
36  25  1.38803e+07
36  26  1.54644e+07
36  27  1.24888e+07
36  28  7.05598e+06
36  29  1.14959e+07
36  30  0
36  31  0
36  32  0
36  33  0
36  34  0
36  35  0
36  36  0
36  37  0
36  38  0
36  39  0
36  40  0
36  41  0
36  42  0
36  43  0
36  44  0
36  45  0
36  46  0
36  47  0
36  48  0
36  49  0
36  50  0
37  0  1.56685e+07
37  1  9.4996e+06
37  2  1.30707e+07
37  3  2.92608e+07
37  4  1.27816e+07
37  5  1.88533e+07
37  6  1.61039e+07
37  7  1.73185e+07
37  8  2.22045e+07
37  9  2.11757e+07
37  10  8.41352e+06
37  11  1.5238e+07
37  12  1.87653e+07
37  13  2.77718e+07
37  14  2.39142e+07
37  15  1.65947e+07
37  16  1.64769e+07
37  17  3.59531e+07
37  18  1.47814e+07
37  19  1.66681e+07
37  20  2.16622e+07
37  21  2.12436e+07
37  22  3.0789e+07
37  23  2.04812e+07
37  24  1.34917e+07
37  25  0
37  26  1.17676e+07
37  27  2.65972e+07
37  28  0
37  29  0
37  30  0
37  31  0
37  32  0
37  33  0
37  34  0
37  35  0
37  36  0
37  37  0
37  38  0
37  39  0
37  40  0
37  41  0
37  42  0
37  43  0
37  44  0
37  45  0
37  46  0
37  47  0
37  48  0
37  49  0
37  50  0
38  0  2.06397e+07
38  1  1.01184e+07
38  2  2.05303e+07
38  3  2.44004e+07
38  4  1.44156e+07
38  5  2.45428e+07
38  6  2.65836e+07
38  7  3.03323e+07
38  8  1.31449e+07
38  9  1.73276e+07
38  10  2.58599e+07
38  11  1.82355e+07
38  12  2.63815e+07
38  13  2.09846e+07
38  14  1.68256e+07
38  15  3.28026e+07
38  16  2.81692e+07
38  17  2.28605e+07
38  18  2.13057e+07
38  19  1.87931e+07
38  20  1.66729e+07
38  21  1.33198e+07
38  22  1.49793e+07
38  23  1.79332e+07
38  24  1.44407e+07
38  25  1.40538e+07
38  26  1.32593e+07
38  27  1.12126e+07
38  28  0
38  29  0
38  30  0
38  31  0
38  32  0
38  33  0
38  34  0
38  35  0
38  36  0
38  37  0
38  38  0
38  39  0
38  40  0
38  41  0
38  42  0
38  43  0
38  44  0
38  45  0
38  46  0
38  47  0
38  48  0
38  49  0
38  50  0
39  0  2.60782e+07
39  1  2.52681e+07
39  2  2.60729e+07
39  3  1.47113e+07
39  4  9.29357e+06
39  5  3.80465e+07
39  6  2.10607e+07
39  7  1.99489e+07
39  8  1.19529e+07
39  9  2.49433e+07
39  10  1.38349e+07
39  11  1.99216e+07
39  12  1.76827e+07
39  13  1.09919e+07
39  14  1.81556e+07
39  15  1.88426e+07
39  16  1.33972e+07
39  17  2.71258e+07
39  18  2.59619e+07
39  19  1.11152e+07
39  20  2.2024e+07
39  21  1.47846e+07
39  22  2.10004e+07
39  23  2.08291e+07
39  24  1.15826e+07
39  25  0
39  26  1.20004e+07
39  27  1.14974e+07
39  28  0
39  29  0
39  30  0
39  31  0
39  32  0
39  33  0
39  34  0
39  35  0
39  36  0
39  37  0
39  38  0
39  39  0
39  40  0
39  41  0
39  42  0
39  43  0
39  44  0
39  45  0
39  46  0
39  47  0
39  48  0
39  49  0
39  50  0
40  0  1.92101e+07
40  1  2.44856e+07
40  2  1.97245e+07
40  3  2.21613e+07
40  4  2.88972e+07
40  5  3.26847e+07
40  6  2.54314e+07
40  7  2.19748e+07
40  8  3.04664e+07
40  9  1.99496e+07
40  10  1.78941e+07
40  11  2.18989e+07
40  12  1.57871e+07
40  13  2.83246e+07
40  14  3.78982e+07
40  15  2.23492e+07
40  16  1.10652e+07
40  17  3.02419e+07
40  18  2.7099e+07
40  19  2.02272e+07
40  20  7.26745e+06
40  21  2.02384e+07
40  22  0
40  23  2.75318e+07
40  24  0
40  25  1.08383e+07
40  26  0
40  27  0
40  28  0
40  29  0
40  30  0
40  31  0
40  32  0
40  33  0
40  34  0
40  35  0
40  36  0
40  37  0
40  38  0
40  39  0
40  40  0
40  41  0
40  42  0
40  43  0
40  44  0
40  45  0
40  46  0
40  47  0
40  48  0
40  49  0
40  50  0
41  0  2.63799e+07
41  1  2.20767e+07
41  2  1.79775e+07
41  3  1.19339e+07
41  4  3.14266e+07
41  5  1.07026e+07
41  6  3.71886e+07
41  7  2.84889e+07
41  8  2.28573e+07
41  9  1.90859e+07
41  10  0
41  11  0
41  12  2.40342e+07
41  13  1.9807e+07
41  14  2.01582e+07
41  15  2.37625e+07
41  16  2.53495e+07
41  17  1.65397e+07
41  18  1.63455e+07
41  19  1.92423e+07
41  20  1.98561e+07
41  21  8.69862e+06
41  22  1.87572e+07
41  23  1.335e+07
41  24  1.1753e+07
41  25  0
41  26  9.55018e+06
41  27  0
41  28  0
41  29  0
41  30  0
41  31  0
41  32  0
41  33  0
41  34  0
41  35  0
41  36  0
41  37  0
41  38  0
41  39  0
41  40  0
41  41  0
41  42  0
41  43  0
41  44  0
41  45  0
41  46  0
41  47  0
41  48  0
41  49  0
41  50  0
42  0  0
42  1  2.42173e+07
42  2  1.8983e+07
42  3  2.53176e+07
42  4  3.47342e+07
42  5  3.83923e+07
42  6  2.16297e+07
42  7  1.34317e+07
42  8  2.21956e+07
42  9  2.20787e+07
42  10  2.25648e+07
42  11  1.68886e+07
42  12  2.3209e+07
42  13  1.76671e+07
42  14  1.94071e+07
42  15  2.2311e+07
42  16  2.77454e+07
42  17  2.08799e+07
42  18  1.64944e+07
42  19  1.4645e+07
42  20  2.49582e+07
42  21  1.29241e+07
42  22  1.12587e+07
42  23  1.46677e+07
42  24  0
42  25  0
42  26  0
42  27  0
42  28  0
42  29  0
42  30  0
42  31  0
42  32  0
42  33  0
42  34  0
42  35  0
42  36  0
42  37  0
42  38  0
42  39  0
42  40  0
42  41  0
42  42  0
42  43  0
42  44  0
42  45  0
42  46  0
42  47  0
42  48  0
42  49  0
42  50  0
43  0  1.51961e+07
43  1  1.22494e+07
43  2  2.33881e+07
43  3  1.3851e+07
43  4  2.15001e+07
43  5  3.10715e+07
43  6  3.06963e+07
43  7  1.45162e+07
43  8  1.54848e+07
43  9  1.69373e+07
43  10  2.33576e+07
43  11  2.87426e+07
43  12  1.48121e+07
43  13  4.86075e+06
43  14  1.88228e+07
43  15  1.53906e+07
43  16  9.25352e+06
43  17  1.74845e+07
43  18  1.30006e+07
43  19  1.11775e+07
43  20  1.33591e+07
43  21  1.93159e+07
43  22  0
43  23  0
43  24  0
43  25  0
43  26  0
43  27  0
43  28  0
43  29  0
43  30  0
43  31  0
43  32  0
43  33  0
43  34  0
43  35  0
43  36  0
43  37  0
43  38  0
43  39  0
43  40  0
43  41  0
43  42  0
43  43  0
43  44  0
43  45  0
43  46  0
43  47  0
43  48  0
43  49  0
43  50  0
44  0  1.91609e+07
44  1  1.51984e+07
44  2  1.02207e+07
44  3  1.45672e+07
44  4  1.67074e+07
44  5  2.50535e+07
44  6  2.30753e+07
44  7  2.2083e+07
44  8  1.0808e+07
44  9  2.00372e+07
44  10  1.81616e+07
44  11  1.69091e+07
44  12  1.18121e+07
44  13  1.17213e+07
44  14  1.52133e+07
44  15  1.19016e+07
44  16  9.88616e+06
44  17  8.03738e+06
44  18  1.5285e+07
44  19  0
44  20  1.05406e+07
44  21  0
44  22  1.49938e+07
44  23  0
44  24  0
44  25  0
44  26  0
44  27  0
44  28  0
44  29  0
44  30  0
44  31  0
44  32  0
44  33  0
44  34  0
44  35  0
44  36  0
44  37  0
44  38  0
44  39  0
44  40  0
44  41  0
44  42  0
44  43  0
44  44  0
44  45  0
44  46  0
44  47  0
44  48  0
44  49  0
44  50  0
45  0  1.39951e+07
45  1  9.02346e+06
45  2  0
45  3  1.80161e+07
45  4  1.82687e+07
45  5  2.24182e+07
45  6  1.8719e+07
45  7  1.46396e+07
45  8  0
45  9  1.80385e+07
45  10  0
45  11  7.94598e+06
45  12  8.32581e+06
45  13  2.24437e+07
45  14  1.41356e+07
45  15  1.65481e+07
45  16  2.13138e+07
45  17  0
45  18  0
45  19  1.02693e+07
45  20  0
45  21  0
45  22  0
45  23  0
45  24  0
45  25  0
45  26  0
45  27  0
45  28  0
45  29  0
45  30  0
45  31  0
45  32  0
45  33  0
45  34  0
45  35  0
45  36  0
45  37  0
45  38  0
45  39  0
45  40  0
45  41  0
45  42  0
45  43  0
45  44  0
45  45  0
45  46  0
45  47  0
45  48  0
45  49  0
45  50  0
46  0  0
46  1  1.57531e+07
46  2  1.68143e+07
46  3  1.64352e+07
46  4  1.10586e+07
46  5  2.10482e+07
46  6  2.24358e+07
46  7  2.0942e+07
46  8  0
46  9  0
46  10  0
46  11  1.33731e+07
46  12  0
46  13  1.06014e+07
46  14  186824
46  15  0
46  16  1.69341e+07
46  17  1.4729e+07
46  18  1.13063e+07
46  19  1.55502e+07
46  20  0
46  21  0
46  22  0
46  23  0
46  24  0
46  25  0
46  26  0
46  27  0
46  28  0
46  29  0
46  30  0
46  31  0
46  32  0
46  33  0
46  34  0
46  35  0
46  36  0
46  37  0
46  38  0
46  39  0
46  40  0
46  41  0
46  42  0
46  43  0
46  44  0
46  45  0
46  46  0
46  47  0
46  48  0
46  49  0
46  50  0
47  0  0
47  1  0
47  2  0
47  3  0
47  4  2.40148e+07
47  5  2.28747e+07
47  6  1.78615e+07
47  7  1.05724e+07
47  8  0
47  9  1.00229e+07
47  10  0
47  11  0
47  12  9.99804e+06
47  13  1.03541e+07
47  14  1.38089e+07
47  15  0
47  16  1.15043e+07
47  17  8.11307e+06
47  18  0
47  19  8.59316e+06
47  20  0
47  21  0
47  22  0
47  23  0
47  24  0
47  25  0
47  26  0
47  27  0
47  28  0
47  29  0
47  30  0
47  31  0
47  32  0
47  33  0
47  34  0
47  35  0
47  36  0
47  37  0
47  38  0
47  39  0
47  40  0
47  41  0
47  42  0
47  43  0
47  44  0
47  45  0
47  46  0
47  47  0
47  48  0
47  49  0
47  50  0
48  0  0
48  1  0
48  2  0
48  3  0
48  4  0
48  5  8.97696e+06
48  6  1.94968e+07
48  7  0
48  8  0
48  9  0
48  10  8.63097e+06
48  11  0
48  12  8.2479e+06
48  13  1.04459e+07
48  14  0
48  15  0
48  16  0
48  17  0
48  18  7.09853e+06
48  19  0
48  20  0
48  21  0
48  22  0
48  23  0
48  24  0
48  25  0
48  26  0
48  27  0
48  28  0
48  29  0
48  30  0
48  31  0
48  32  0
48  33  0
48  34  0
48  35  0
48  36  0
48  37  0
48  38  0
48  39  0
48  40  0
48  41  0
48  42  0
48  43  0
48  44  0
48  45  0
48  46  0
48  47  0
48  48  0
48  49  0
48  50  0
49  0  0
49  1  0
49  2  5.21664e+06
49  3  0
49  4  1.04448e+07
49  5  0
49  6  0
49  7  0
49  8  0
49  9  0
49  10  0
49  11  0
49  12  0
49  13  0
49  14  0
49  15  0
49  16  0
49  17  0
49  18  0
49  19  0
49  20  0
49  21  0
49  22  0
49  23  0
49  24  0
49  25  0
49  26  0
49  27  0
49  28  0
49  29  0
49  30  0
49  31  0
49  32  0
49  33  0
49  34  0
49  35  0
49  36  0
49  37  0
49  38  0
49  39  0
49  40  0
49  41  0
49  42  0
49  43  0
49  44  0
49  45  0
49  46  0
49  47  0
49  48  0
49  49  0
49  50  0
50  0  0
50  1  0
50  2  0
50  3  0
50  4  0
50  5  0
50  6  0
50  7  0
50  8  0
50  9  0
50  10  0
50  11  0
50  12  0
50  13  0
50  14  0
50  15  0
50  16  0
50  17  0
50  18  0
50  19  0
50  20  0
50  21  0
50  22  0
50  23  0
50  24  0
50  25  0
50  26  0
50  27  0
50  28  0
50  29  0
50  30  0
50  31  0
50  32  0
50  33  0
50  34  0
50  35  0
50  36  0
50  37  0
50  38  0
50  39  0
50  40  0
50  41  0
50  42  0
50  43  0
50  44  0
50  45  0
50  46  0
50  47  0
50  48  0
50  49  0
50  50  0

