row  column  (images_27.edf Zn-K*images_27.edf Ar-K**2.3)
0  0  6.56238e+07
0  1  5.44041e+07
0  2  4.92624e+07
0  3  3.91894e+07
0  4  5.03889e+07
0  5  3.8168e+07
0  6  1.34536e+07
0  7  2.47247e+07
0  8  2.87189e+07
0  9  2.87636e+07
0  10  3.89562e+07
0  11  3.24698e+07
0  12  2.55405e+07
0  13  3.69278e+07
0  14  3.8103e+07
0  15  3.16359e+07
0  16  2.5559e+07
0  17  2.80678e+07
0  18  4.66135e+07
0  19  3.73617e+07
0  20  3.19538e+07
0  21  2.4604e+07
0  22  2.01147e+07
0  23  2.3893e+07
0  24  1.65813e+07
0  25  9.16501e+06
0  26  3.93834e+07
0  27  3.44575e+07
0  28  3.834e+07
0  29  3.52876e+07
0  30  4.39553e+07
0  31  3.56053e+07
0  32  4.6873e+07
0  33  2.9427e+07
0  34  2.63484e+07
0  35  5.28352e+07
0  36  7.51654e+07
0  37  5.38475e+07
0  38  7.85755e+07
0  39  6.65643e+07
0  40  7.42737e+07
0  41  5.32638e+07
0  42  6.26207e+07
0  43  5.88151e+07
0  44  4.26926e+07
0  45  6.51963e+07
0  46  5.8896e+07
0  47  3.35751e+07
0  48  5.98273e+07
0  49  3.83623e+07
0  50  4.44657e+07
1  0  5.86385e+07
1  1  5.24702e+07
1  2  4.00892e+07
1  3  4.29623e+07
1  4  4.94282e+07
1  5  1.25938e+07
1  6  1.44838e+07
1  7  3.38047e+07
1  8  3.26648e+07
1  9  3.59546e+07
1  10  3.25118e+07
1  11  3.38843e+07
1  12  2.58505e+07
1  13  3.15008e+07
1  14  3.91773e+07
1  15  2.57187e+07
1  16  5.62163e+07
1  17  3.05953e+07
1  18  3.67205e+07
1  19  3.04567e+07
1  20  2.37932e+07
1  21  1.06421e+07
1  22  9.68339e+06
1  23  9.57365e+06
1  24  1.09322e+07
1  25  1.84224e+07
1  26  4.02731e+07
1  27  4.67086e+07
1  28  2.24397e+07
1  29  2.55568e+07
1  30  4.36759e+07
1  31  5.12047e+07
1  32  3.52469e+07
1  33  4.27111e+07
1  34  7.11028e+07
1  35  5.59724e+07
1  36  4.33575e+07
1  37  5.16743e+07
1  38  4.31778e+07
1  39  3.94911e+07
1  40  6.72907e+07
1  41  4.60269e+07
1  42  5.02822e+07
1  43  7.56373e+07
1  44  5.58689e+07
1  45  6.0349e+07
1  46  5.34111e+07
1  47  4.46996e+07
1  48  2.68613e+07
1  49  5.33895e+07
1  50  3.17001e+07
2  0  6.72362e+07
2  1  4.52104e+07
2  2  4.19006e+07
2  3  3.55523e+07
2  4  3.16447e+07
2  5  2.93064e+07
2  6  2.6453e+06
2  7  1.23072e+07
2  8  3.07693e+07
2  9  1.2642e+07
2  10  2.69072e+07
2  11  3.64255e+07
2  12  1.64196e+07
2  13  2.98808e+07
2  14  1.6976e+07
2  15  3.77516e+07
2  16  2.09146e+07
2  17  4.01999e+07
2  18  2.99049e+07
2  19  3.50506e+07
2  20  2.66466e+07
2  21  2.93988e+07
2  22  1.87167e+07
2  23  7.4877e+06
2  24  0
2  25  1.6166e+07
2  26  3.68188e+07
2  27  5.482e+07
2  28  3.75304e+07
2  29  2.20357e+07
2  30  5.08747e+07
2  31  4.37004e+07
2  32  3.34919e+07
2  33  4.93523e+07
2  34  6.10213e+07
2  35  7.77386e+07
2  36  6.81526e+07
2  37  6.98784e+07
2  38  6.6911e+07
2  39  5.78083e+07
2  40  6.46619e+07
2  41  4.83944e+07
2  42  5.17513e+07
2  43  3.86055e+07
2  44  5.15188e+07
2  45  3.55837e+07
2  46  4.96185e+07
2  47  2.70895e+07
2  48  2.91164e+07
2  49  2.34782e+07
2  50  1.9987e+07
3  0  5.71054e+07
3  1  5.67016e+07
3  2  4.00543e+07
3  3  3.40108e+07
3  4  1.35108e+07
3  5  2.03393e+07
3  6  1.82865e+07
3  7  2.09659e+07
3  8  4.80512e+07
3  9  3.3111e+07
3  10  2.9198e+07
3  11  4.11407e+07
3  12  3.60396e+07
3  13  4.02321e+07
3  14  1.67955e+07
3  15  2.09898e+07
3  16  4.53709e+07
3  17  2.90028e+07
3  18  3.18989e+07
3  19  3.10856e+07
3  20  2.99192e+07
3  21  2.62899e+07
3  22  9.09205e+06
3  23  1.99394e+07
3  24  1.00076e+07
3  25  1.07065e+07
3  26  4.15571e+07
3  27  3.46749e+07
3  28  2.47197e+07
3  29  3.61381e+07
3  30  3.23622e+07
3  31  3.69567e+07
3  32  5.25966e+07
3  33  6.82843e+07
3  34  8.22044e+07
3  35  8.14116e+07
3  36  6.72423e+07
3  37  7.81412e+07
3  38  8.38284e+07
3  39  7.58172e+07
3  40  7.02053e+07
3  41  5.35356e+07
3  42  6.1834e+07
3  43  3.79137e+07
3  44  6.40789e+07
3  45  4.91709e+07
3  46  3.49211e+07
3  47  3.59607e+07
3  48  1.59581e+07
3  49  1.90605e+07
3  50  2.22138e+06
4  0  4.22192e+07
4  1  5.92237e+07
4  2  3.79149e+07
4  3  3.65827e+07
4  4  2.6413e+07
4  5  1.33866e+07
4  6  8.57126e+06
4  7  1.7168e+07
4  8  4.0071e+07
4  9  1.84418e+07
4  10  3.63134e+07
4  11  4.07679e+07
4  12  4.53426e+07
4  13  4.24108e+07
4  14  4.07933e+07
4  15  2.21989e+07
4  16  3.12816e+07
4  17  4.22965e+07
4  18  2.6647e+07
4  19  2.30308e+07
4  20  3.31268e+07
4  21  2.0817e+07
4  22  8.60465e+06
4  23  2.10542e+07
4  24  1.69708e+07
4  25  2.06527e+07
4  26  3.62317e+07
4  27  4.60641e+07
4  28  3.16473e+07
4  29  4.31207e+07
4  30  3.44181e+07
4  31  4.77222e+07
4  32  5.70899e+07
4  33  7.78444e+07
4  34  8.71081e+07
4  35  7.84e+07
4  36  7.05242e+07
4  37  6.84952e+07
4  38  7.47067e+07
4  39  6.05362e+07
4  40  7.28593e+07
4  41  7.15512e+07
4  42  3.40522e+07
4  43  7.44726e+07
4  44  4.34178e+07
4  45  2.32048e+07
4  46  2.76651e+07
4  47  2.50909e+07
4  48  3.27039e+07
4  49  2.64342e+07
4  50  0
5  0  5.3734e+07
5  1  6.10972e+07
5  2  4.75263e+07
5  3  2.95535e+07
5  4  3.74786e+07
5  5  1.20381e+07
5  6  7.60239e+06
5  7  2.55682e+07
5  8  4.04546e+07
5  9  3.60888e+07
5  10  3.49081e+07
5  11  5.11052e+07
5  12  4.41412e+07
5  13  4.64832e+07
5  14  3.25465e+07
5  15  2.19219e+07
5  16  3.24743e+07
5  17  3.54096e+07
5  18  3.77673e+07
5  19  2.31824e+07
5  20  2.74358e+07
5  21  2.09218e+07
5  22  3.02929e+07
5  23  3.91341e+07
5  24  1.507e+07
5  25  3.21596e+07
5  26  4.41353e+07
5  27  4.1378e+07
5  28  3.54707e+07
5  29  3.68494e+07
5  30  5.5372e+07
5  31  4.97667e+07
5  32  7.73713e+07
5  33  6.74711e+07
5  34  7.17451e+07
5  35  5.67672e+07
5  36  7.95824e+07
5  37  7.4108e+07
5  38  5.48137e+07
5  39  7.01953e+07
5  40  5.45903e+07
5  41  5.00063e+07
5  42  5.41369e+07
5  43  6.95222e+07
5  44  5.49946e+07
5  45  1.34148e+07
5  46  1.08708e+07
5  47  7.37447e+06
5  48  1.50982e+07
5  49  2.32146e+07
5  50  294205
6  0  5.65708e+07
6  1  4.76497e+07
6  2  2.7567e+07
6  3  4.58064e+07
6  4  3.62104e+07
6  5  1.37092e+07
6  6  2.66131e+07
6  7  2.53733e+07
6  8  3.90697e+07
6  9  3.44568e+07
6  10  2.8394e+07
6  11  3.98586e+07
6  12  4.06631e+07
6  13  4.36825e+07
6  14  2.41448e+07
6  15  2.96882e+07
6  16  4.62354e+07
6  17  3.67885e+07
6  18  5.49471e+07
6  19  3.13903e+07
6  20  5.6037e+07
6  21  3.23553e+07
6  22  2.72897e+07
6  23  5.04277e+07
6  24  2.40527e+07
6  25  2.5488e+07
6  26  5.17579e+07
6  27  3.59291e+07
6  28  4.56323e+07
6  29  4.53119e+07
6  30  4.27149e+07
6  31  5.53375e+07
6  32  5.8869e+07
6  33  7.92673e+07
6  34  8.57393e+07
6  35  9.24668e+07
6  36  6.33347e+07
6  37  8.67186e+07
6  38  6.93312e+07
6  39  5.80398e+07
6  40  6.70066e+07
6  41  6.08892e+07
6  42  3.90251e+07
6  43  5.85002e+07
6  44  4.93474e+07
6  45  1.97358e+07
6  46  2.4026e+07
6  47  2.89841e+07
6  48  1.78859e+07
6  49  1.75075e+07
6  50  0
7  0  4.42104e+07
7  1  3.54792e+07
7  2  2.05063e+07
7  3  3.81597e+07
7  4  3.1054e+07
7  5  2.43179e+07
7  6  2.75606e+07
7  7  3.29026e+07
7  8  3.87867e+07
7  9  3.6511e+07
7  10  3.03151e+07
7  11  4.20875e+07
7  12  6.17082e+07
7  13  4.60541e+07
7  14  4.03494e+07
7  15  2.6945e+07
7  16  5.49674e+07
7  17  5.55543e+07
7  18  5.43608e+07
7  19  3.83572e+07
7  20  4.8498e+07
7  21  4.47163e+07
7  22  4.83084e+07
7  23  5.82667e+07
7  24  3.11286e+07
7  25  2.85506e+07
7  26  3.91608e+07
7  27  6.25337e+07
7  28  6.6153e+07
7  29  4.82592e+07
7  30  4.76067e+07
7  31  5.06072e+07
7  32  5.94289e+07
7  33  7.33581e+07
7  34  8.9845e+07
7  35  7.56185e+07
7  36  6.94451e+07
7  37  6.23925e+07
7  38  5.99858e+07
7  39  4.79604e+07
7  40  5.8572e+07
7  41  4.08001e+07
7  42  5.17855e+07
7  43  7.40812e+07
7  44  4.12242e+07
7  45  1.26416e+07
7  46  1.65835e+07
7  47  1.07209e+07
7  48  1.77133e+07
7  49  1.15312e+07
7  50  2.52861e+06
8  0  2.94002e+07
8  1  3.32746e+07
8  2  3.8444e+07
8  3  4.17367e+07
8  4  2.88348e+07
8  5  2.12714e+07
8  6  1.57266e+07
8  7  3.15946e+07
8  8  3.31408e+07
8  9  3.97675e+07
8  10  3.01881e+07
8  11  4.40873e+07
8  12  6.73091e+07
8  13  4.74784e+07
8  14  5.552e+07
8  15  3.63312e+07
8  16  3.66755e+07
8  17  3.86066e+07
8  18  5.36703e+07
8  19  5.29146e+07
8  20  6.87908e+07
8  21  4.52567e+07
8  22  3.83641e+07
8  23  5.22873e+07
8  24  3.49558e+07
8  25  4.27664e+07
8  26  5.4473e+07
8  27  6.52351e+07
8  28  6.17279e+07
8  29  5.08077e+07
8  30  5.57308e+07
8  31  5.85131e+07
8  32  6.40287e+07
8  33  8.62742e+07
8  34  7.39167e+07
8  35  8.7869e+07
8  36  6.7866e+07
8  37  6.71748e+07
8  38  5.90556e+07
8  39  6.36711e+07
8  40  5.0228e+07
8  41  4.61151e+07
8  42  3.6942e+07
8  43  4.74032e+07
8  44  4.17383e+07
8  45  2.08485e+07
8  46  7.58857e+06
8  47  7.82242e+06
8  48  3.64564e+06
8  49  5.18349e+06
8  50  6.44973e+06
9  0  4.63443e+07
9  1  2.63403e+07
9  2  3.4578e+07
9  3  2.32281e+07
9  4  3.32831e+07
9  5  3.95096e+07
9  6  1.70924e+07
9  7  3.21462e+07
9  8  3.50436e+07
9  9  4.51368e+07
9  10  3.87004e+07
9  11  4.10398e+07
9  12  4.09961e+07
9  13  4.34255e+07
9  14  4.85975e+07
9  15  4.28605e+07
9  16  4.88139e+07
9  17  5.24973e+07
9  18  5.94778e+07
9  19  5.31018e+07
9  20  7.8055e+07
9  21  6.59036e+07
9  22  4.62334e+07
9  23  3.71985e+07
9  24  3.04584e+07
9  25  4.21815e+07
9  26  6.07065e+07
9  27  7.33022e+07
9  28  5.14997e+07
9  29  5.20686e+07
9  30  5.8091e+07
9  31  6.88822e+07
9  32  6.53489e+07
9  33  8.00821e+07
9  34  7.49012e+07
9  35  7.0673e+07
9  36  5.48839e+07
9  37  5.93371e+07
9  38  5.22758e+07
9  39  6.4187e+07
9  40  4.78951e+07
9  41  4.23349e+07
9  42  6.27674e+07
9  43  3.96519e+07
9  44  3.25183e+07
9  45  1.43929e+07
9  46  7.92414e+06
9  47  1.43337e+07
9  48  0
9  49  0
9  50  0
10  0  5.39794e+07
10  1  5.21601e+07
10  2  3.61507e+07
10  3  2.27657e+07
10  4  2.85219e+07
10  5  2.20521e+07
10  6  1.10157e+07
10  7  1.16007e+07
10  8  3.20641e+07
10  9  3.22263e+07
10  10  5.08836e+07
10  11  4.46936e+07
10  12  4.19341e+07
10  13  5.19348e+07
10  14  4.58404e+07
10  15  5.01471e+07
10  16  4.86213e+07
10  17  6.06737e+07
10  18  6.06645e+07
10  19  5.43528e+07
10  20  7.03926e+07
10  21  7.72014e+07
10  22  4.98371e+07
10  23  5.16787e+07
10  24  5.14748e+07
10  25  5.96826e+07
10  26  5.01642e+07
10  27  5.70297e+07
10  28  7.0622e+07
10  29  5.94939e+07
10  30  6.66421e+07
10  31  6.7844e+07
10  32  6.53647e+07
10  33  6.85267e+07
10  34  7.63527e+07
10  35  5.6313e+07
10  36  6.2443e+07
10  37  5.69506e+07
10  38  4.59622e+07
10  39  5.29391e+07
10  40  5.64618e+07
10  41  3.81167e+07
10  42  5.5673e+07
10  43  6.61254e+07
10  44  3.32961e+07
10  45  5.96616e+06
10  46  3.61639e+06
10  47  1.89892e+06
10  48  6.9484e+06
10  49  3.16409e+06
10  50  3.92608e+06
11  0  4.06054e+07
11  1  3.49246e+07
11  2  5.56569e+07
11  3  5.7639e+07
11  4  3.54611e+07
11  5  2.85493e+07
11  6  2.92937e+07
11  7  1.75264e+07
11  8  3.60686e+07
11  9  3.63656e+07
11  10  4.46942e+07
11  11  5.75401e+07
11  12  6.83848e+07
11  13  5.2431e+07
11  14  6.35299e+07
11  15  4.20994e+07
11  16  5.78188e+07
11  17  5.54989e+07
11  18  7.82428e+07
11  19  5.21041e+07
11  20  6.89843e+07
11  21  4.24424e+07
11  22  5.64387e+07
11  23  6.12338e+07
11  24  6.14261e+07
11  25  4.75485e+07
11  26  4.74122e+07
11  27  6.07172e+07
11  28  5.71981e+07
11  29  6.70567e+07
11  30  5.44351e+07
11  31  7.47478e+07
11  32  6.2758e+07
11  33  7.01702e+07
11  34  6.5365e+07
11  35  4.63732e+07
11  36  6.731e+07
11  37  4.18799e+07
11  38  4.87391e+07
11  39  6.55285e+07
11  40  6.05864e+07
11  41  4.64191e+07
11  42  4.18447e+07
11  43  4.60451e+07
11  44  1.67218e+07
11  45  2.22984e+07
11  46  0
11  47  1.19051e+07
11  48  0
11  49  2.48339e+06
11  50  0
12  0  4.13578e+07
12  1  3.88641e+07
12  2  3.70207e+07
12  3  5.43122e+07
12  4  3.94266e+07
12  5  1.55833e+07
12  6  1.76459e+07
12  7  2.59287e+07
12  8  2.50361e+07
12  9  5.19915e+07
12  10  5.25277e+07
12  11  4.10461e+07
12  12  7.82854e+07
12  13  6.69872e+07
12  14  8.37411e+07
12  15  4.9215e+07
12  16  5.3966e+07
12  17  6.35361e+07
12  18  7.52309e+07
12  19  6.52232e+07
12  20  5.24695e+07
12  21  4.85858e+07
12  22  6.21678e+07
12  23  7.3248e+07
12  24  4.83007e+07
12  25  6.33073e+07
12  26  6.63072e+07
12  27  4.83818e+07
12  28  3.71167e+07
12  29  4.15126e+07
12  30  3.59357e+07
12  31  5.33195e+07
12  32  4.56163e+07
12  33  5.49538e+07
12  34  4.37401e+07
12  35  4.23817e+07
12  36  3.94787e+07
12  37  4.87554e+07
12  38  5.64617e+07
12  39  5.53603e+07
12  40  5.74377e+07
12  41  4.39208e+07
12  42  4.07144e+07
12  43  5.0613e+07
12  44  9.64155e+06
12  45  7.79664e+06
12  46  0
12  47  0
12  48  1.48141e+06
12  49  0
12  50  0
13  0  1.95835e+07
13  1  4.45528e+07
13  2  3.92288e+07
13  3  4.80881e+07
13  4  3.02967e+07
13  5  3.0802e+07
13  6  3.55466e+07
13  7  2.60209e+07
13  8  3.3556e+07
13  9  5.01713e+07
13  10  4.01224e+07
13  11  4.74839e+07
13  12  8.92739e+07
13  13  6.62616e+07
13  14  7.96498e+07
13  15  7.02562e+07
13  16  5.17438e+07
13  17  7.74091e+07
13  18  4.4078e+07
13  19  5.84694e+07
13  20  4.15471e+07
13  21  4.96621e+07
13  22  4.82788e+07
13  23  7.3611e+07
13  24  7.64231e+07
13  25  5.85785e+07
13  26  6.60889e+07
13  27  5.62464e+07
13  28  3.96532e+07
13  29  3.98825e+07
13  30  4.44031e+07
13  31  4.48378e+07
13  32  5.32495e+07
13  33  6.49228e+07
13  34  4.70168e+07
13  35  5.45754e+07
13  36  5.88056e+07
13  37  4.26768e+07
13  38  5.72243e+07
13  39  6.23173e+07
13  40  4.96072e+07
13  41  5.48819e+07
13  42  5.42646e+07
13  43  3.86568e+07
13  44  1.21237e+07
13  45  1.01758e+07
13  46  0
13  47  0
13  48  7.14093e+06
13  49  0
13  50  0
14  0  3.96186e+07
14  1  4.75505e+07
14  2  4.29019e+07
14  3  5.6502e+07
14  4  4.54235e+07
14  5  3.43608e+07
14  6  2.66429e+07
14  7  3.53041e+07
14  8  3.28372e+07
14  9  3.7776e+07
14  10  4.34909e+07
14  11  6.49853e+07
14  12  7.17812e+07
14  13  1.02994e+08
14  14  9.36922e+07
14  15  5.63486e+07
14  16  5.21617e+07
14  17  5.89066e+07
14  18  6.11965e+07
14  19  4.26504e+07
14  20  5.21235e+07
14  21  2.65559e+07
14  22  5.06835e+07
14  23  6.24989e+07
14  24  5.85607e+07
14  25  7.99388e+07
14  26  5.57842e+07
14  27  5.7427e+07
14  28  2.79346e+07
14  29  4.12156e+07
14  30  3.25124e+07
14  31  4.79331e+07
14  32  4.9921e+07
14  33  4.87486e+07
14  34  5.33868e+07
14  35  4.87535e+07
14  36  5.54179e+07
14  37  6.00622e+07
14  38  7.3306e+07
14  39  7.47754e+07
14  40  6.58881e+07
14  41  5.85125e+07
14  42  5.74878e+07
14  43  3.83375e+07
14  44  1.85155e+07
14  45  1.79112e+07
14  46  7.38249e+06
14  47  3.52706e+06
14  48  0
14  49  1.22621e+07
14  50  0
15  0  4.78842e+07
15  1  5.24134e+07
15  2  5.20499e+07
15  3  4.65086e+07
15  4  4.36364e+07
15  5  3.9553e+07
15  6  4.76491e+07
15  7  3.03233e+07
15  8  2.62722e+07
15  9  4.73633e+07
15  10  3.97238e+07
15  11  4.14645e+07
15  12  5.47335e+07
15  13  7.53713e+07
15  14  6.92487e+07
15  15  4.65467e+07
15  16  4.40301e+07
15  17  5.25363e+07
15  18  3.43473e+07
15  19  3.48531e+07
15  20  2.88539e+07
15  21  4.05905e+07
15  22  4.95425e+07
15  23  4.77423e+07
15  24  6.47613e+07
15  25  5.94491e+07
15  26  6.21932e+07
15  27  4.58282e+07
15  28  5.31598e+07
15  29  5.44688e+07
15  30  5.35109e+07
15  31  3.55487e+07
15  32  4.8826e+07
15  33  6.62132e+07
15  34  4.62696e+07
15  35  4.2591e+07
15  36  5.96448e+07
15  37  3.91853e+07
15  38  6.17939e+07
15  39  7.47616e+07
15  40  7.70577e+07
15  41  5.14486e+07
15  42  4.15168e+07
15  43  1.39983e+07
15  44  6.65314e+06
15  45  1.10896e+07
15  46  1.07322e+07
15  47  0
15  48  9.66419e+06
15  49  1.15204e+07
15  50  0
16  0  4.08023e+07
16  1  5.88242e+07
16  2  4.70279e+07
16  3  4.94166e+07
16  4  5.48538e+07
16  5  4.95769e+07
16  6  4.09483e+07
16  7  3.3447e+07
16  8  3.89708e+07
16  9  4.99496e+07
16  10  4.52199e+07
16  11  4.20267e+07
16  12  5.5367e+07
16  13  3.48197e+07
16  14  7.30591e+07
16  15  5.67903e+07
16  16  3.98191e+07
16  17  4.6747e+07
16  18  4.52683e+07
16  19  3.54652e+07
16  20  2.83638e+07
16  21  3.65174e+07
16  22  4.87538e+07
16  23  5.23792e+07
16  24  5.19454e+07
16  25  6.35057e+07
16  26  4.89713e+07
16  27  4.52459e+07
16  28  6.46952e+07
16  29  5.00599e+07
16  30  4.6157e+07
16  31  4.82332e+07
16  32  4.43543e+07
16  33  4.96349e+07
16  34  5.26562e+07
16  35  5.51708e+07
16  36  4.52651e+07
16  37  4.91001e+07
16  38  7.88544e+07
16  39  5.41176e+07
16  40  6.19584e+07
16  41  6.24901e+07
16  42  4.93691e+07
16  43  1.99183e+07
16  44  2.28138e+07
16  45  416646
16  46  1.33764e+06
16  47  768809
16  48  0
16  49  2.04116e+07
16  50  7.34584e+06
17  0  5.95513e+07
17  1  4.36748e+07
17  2  4.9523e+07
17  3  5.18058e+07
17  4  4.26849e+07
17  5  5.08592e+07
17  6  3.77984e+07
17  7  3.62828e+07
17  8  3.65917e+07
17  9  3.56978e+07
17  10  3.35289e+07
17  11  3.9666e+07
17  12  4.99365e+07
17  13  7.19705e+07
17  14  6.6736e+07
17  15  4.66828e+07
17  16  5.96204e+07
17  17  5.69145e+07
17  18  4.12266e+07
17  19  5.92173e+07
17  20  3.49433e+07
17  21  4.13452e+07
17  22  4.0556e+07
17  23  5.62688e+07
17  24  6.1527e+07
17  25  6.31554e+07
17  26  6.8604e+07
17  27  6.29608e+07
17  28  4.4952e+07
17  29  6.1561e+07
17  30  6.52486e+07
17  31  5.45964e+07
17  32  5.90996e+07
17  33  5.64132e+07
17  34  5.10509e+07
17  35  3.92414e+07
17  36  3.60922e+07
17  37  3.65442e+07
17  38  4.46681e+07
17  39  5.65022e+07
17  40  6.87903e+07
17  41  4.30833e+07
17  42  4.4086e+07
17  43  1.8061e+07
17  44  3.08004e+07
17  45  7.6941e+06
17  46  0
17  47  0
17  48  0
17  49  4.75021e+06
17  50  0
18  0  4.51488e+07
18  1  4.78314e+07
18  2  5.45637e+07
18  3  5.16764e+07
18  4  5.4198e+07
18  5  5.24731e+07
18  6  3.2565e+07
18  7  4.89931e+07
18  8  3.42501e+07
18  9  5.19151e+07
18  10  2.63476e+07
18  11  3.37504e+07
18  12  3.21461e+07
18  13  5.45474e+07
18  14  7.83678e+07
18  15  6.75983e+07
18  16  5.06249e+07
18  17  4.97291e+07
18  18  5.82534e+07
18  19  3.38426e+07
18  20  4.24399e+07
18  21  3.96737e+07
18  22  5.60195e+07
18  23  5.24782e+07
18  24  7.3177e+07
18  25  6.00182e+07
18  26  5.09495e+07
18  27  6.07891e+07
18  28  6.05148e+07
18  29  6.79573e+07
18  30  6.43227e+07
18  31  7.74506e+07
18  32  4.60514e+07
18  33  5.61077e+07
18  34  4.8524e+07
18  35  5.46062e+07
18  36  3.64914e+07
18  37  2.27086e+07
18  38  5.72944e+07
18  39  5.69138e+07
18  40  7.05234e+07
18  41  5.9309e+07
18  42  4.64522e+07
18  43  2.65399e+07
18  44  8.64654e+06
18  45  0
18  46  468391
18  47  3.20704e+06
18  48  0
18  49  0
18  50  0
19  0  5.82019e+07
19  1  4.78374e+07
19  2  5.16722e+07
19  3  5.16015e+07
19  4  4.72452e+07
19  5  4.77534e+07
19  6  3.54879e+07
19  7  3.48658e+07
19  8  5.92521e+07
19  9  6.70713e+07
19  10  3.86846e+07
19  11  2.83103e+07
19  12  4.77853e+07
19  13  4.1756e+07
19  14  5.30996e+07
19  15  4.01324e+07
19  16  7.67712e+07
19  17  6.30939e+07
19  18  5.40363e+07
19  19  4.8537e+07
19  20  2.94097e+07
19  21  4.15437e+07
19  22  5.33141e+07
19  23  6.32533e+07
19  24  5.57255e+07
19  25  6.21541e+07
19  26  5.69232e+07
19  27  7.42122e+07
19  28  6.67263e+07
19  29  7.31058e+07
19  30  7.42386e+07
19  31  5.38853e+07
19  32  7.01673e+07
19  33  4.64164e+07
19  34  5.9993e+07
19  35  6.13188e+07
19  36  4.15388e+07
19  37  3.7137e+07
19  38  3.66406e+07
19  39  4.10417e+07
19  40  7.02168e+07
19  41  6.37314e+07
19  42  3.62326e+07
19  43  1.8749e+07
19  44  4.7148e+06
19  45  0
19  46  0
19  47  1.05053e+07
19  48  1.68364e+06
19  49  0
19  50  1.17505e+07
20  0  5.19913e+07
20  1  5.02997e+07
20  2  4.57315e+07
20  3  3.19868e+07
20  4  4.44537e+07
20  5  4.46189e+07
20  6  5.29908e+07
20  7  3.96415e+07
20  8  5.85908e+07
20  9  7.4873e+07
20  10  4.12627e+07
20  11  3.79448e+07
20  12  2.39501e+07
20  13  3.4236e+07
20  14  5.21033e+07
20  15  3.88636e+07
20  16  5.53963e+07
20  17  6.10111e+07
20  18  5.60029e+07
20  19  3.65357e+07
20  20  3.79645e+07
20  21  4.28157e+07
20  22  8.40557e+07
20  23  5.83605e+07
20  24  7.55857e+07
20  25  5.69229e+07
20  26  8.37245e+07
20  27  7.53194e+07
20  28  8.40729e+07
20  29  6.27214e+07
20  30  7.73728e+07
20  31  7.02965e+07
20  32  7.88327e+07
20  33  7.92125e+07
20  34  4.71544e+07
20  35  6.25029e+07
20  36  4.24742e+07
20  37  3.13632e+07
20  38  2.4311e+07
20  39  3.82052e+07
20  40  5.63257e+07
20  41  5.09337e+07
20  42  2.40105e+07
20  43  2.90175e+07
20  44  6.36577e+06
20  45  1.34212e+06
20  46  0
20  47  0
20  48  0
20  49  7.73472e+06
20  50  0
21  0  4.43491e+07
21  1  3.88602e+07
21  2  3.96627e+07
21  3  5.00058e+07
21  4  3.43657e+07
21  5  4.55421e+07
21  6  5.21057e+07
21  7  6.38967e+07
21  8  5.9872e+07
21  9  4.66785e+07
21  10  4.76153e+07
21  11  6.24846e+07
21  12  3.52281e+07
21  13  4.2264e+07
21  14  4.65074e+07
21  15  3.96054e+07
21  16  5.40789e+07
21  17  4.58762e+07
21  18  2.77549e+07
21  19  4.4447e+07
21  20  4.96935e+07
21  21  4.45501e+07
21  22  6.82818e+07
21  23  6.30605e+07
21  24  7.09112e+07
21  25  5.95995e+07
21  26  7.63808e+07
21  27  6.5099e+07
21  28  9.25772e+07
21  29  9.08683e+07
21  30  6.54465e+07
21  31  6.54296e+07
21  32  6.96126e+07
21  33  5.60916e+07
21  34  7.25859e+07
21  35  4.86946e+07
21  36  5.41786e+07
21  37  1.93555e+07
21  38  3.58856e+07
21  39  4.77346e+07
21  40  6.03497e+07
21  41  4.79521e+07
21  42  3.46559e+07
21  43  1.18031e+06
21  44  3.12302e+06
21  45  0
21  46  0
21  47  0
21  48  0
21  49  0
21  50  2.41913e+06
22  0  4.94032e+07
22  1  5.33425e+07
22  2  5.86897e+07
22  3  6.21831e+07
22  4  6.32496e+07
22  5  6.28091e+07
22  6  6.55514e+07
22  7  5.25413e+07
22  8  5.51372e+07
22  9  6.92645e+07
22  10  6.6113e+07
22  11  3.39078e+07
22  12  2.84323e+07
22  13  3.62144e+07
22  14  3.28054e+07
22  15  4.16663e+07
22  16  4.60869e+07
22  17  4.89446e+07
22  18  3.77963e+07
22  19  2.74978e+07
22  20  3.15664e+07
22  21  5.40499e+07
22  22  5.65036e+07
22  23  7.43909e+07
22  24  6.45589e+07
22  25  8.81998e+07
22  26  7.3124e+07
22  27  7.43764e+07
22  28  6.47732e+07
22  29  5.89958e+07
22  30  7.79272e+07
22  31  7.42541e+07
22  32  6.72058e+07
22  33  5.66498e+07
22  34  5.27406e+07
22  35  4.77291e+07
22  36  4.66408e+07
22  37  2.01753e+07
22  38  4.43767e+07
22  39  6.48824e+07
22  40  5.14419e+07
22  41  4.8054e+07
22  42  2.00144e+07
22  43  5.8693e+06
22  44  7.6978e+06
22  45  0
22  46  0
22  47  0
22  48  0
22  49  1.51868e+07
22  50  1.90465e+06
23  0  6.59394e+07
23  1  5.37854e+07
23  2  5.35979e+07
23  3  6.46567e+07
23  4  3.72361e+07
23  5  4.56112e+07
23  6  6.2585e+07
23  7  7.14108e+07
23  8  6.92071e+07
23  9  6.91469e+07
23  10  5.48349e+07
23  11  6.04418e+07
23  12  2.40371e+07
23  13  4.09471e+07
23  14  5.05383e+07
23  15  3.46394e+07
23  16  3.94292e+07
23  17  3.65258e+07
23  18  4.68477e+07
23  19  4.01616e+07
23  20  4.48852e+07
23  21  4.90176e+07
23  22  6.57048e+07
23  23  6.45363e+07
23  24  7.16929e+07
23  25  7.71553e+07
23  26  9.5431e+07
23  27  8.37058e+07
23  28  7.48456e+07
23  29  8.20984e+07
23  30  8.38844e+07
23  31  6.32193e+07
23  32  7.1448e+07
23  33  6.85837e+07
23  34  5.3511e+07
23  35  4.46209e+07
23  36  3.16807e+07
23  37  4.86512e+07
23  38  5.55019e+07
23  39  5.24889e+07
23  40  3.23897e+07
23  41  2.34993e+07
23  42  8.24826e+06
23  43  1.08892e+07
23  44  4.61484e+06
23  45  1.4717e+06
23  46  473014
23  47  0
23  48  0
23  49  0
23  50  0
24  0  5.53058e+07
24  1  6.31037e+07
24  2  5.53878e+07
24  3  4.29931e+07
24  4  6.80945e+07
24  5  5.64829e+07
24  6  7.22606e+07
24  7  7.75235e+07
24  8  6.57406e+07
24  9  5.8071e+07
24  10  4.18335e+07
24  11  3.75679e+07
24  12  3.28894e+07
24  13  4.76524e+07
24  14  3.29697e+07
24  15  5.0503e+07
24  16  3.81174e+07
24  17  5.55694e+07
24  18  3.33306e+07
24  19  4.32442e+07
24  20  4.60098e+07
24  21  5.11911e+07
24  22  6.95014e+07
24  23  6.12926e+07
24  24  6.53841e+07
24  25  8.13424e+07
24  26  6.81976e+07
24  27  9.80459e+07
24  28  7.33923e+07
24  29  7.0765e+07
24  30  9.67105e+07
24  31  6.52651e+07
24  32  6.59715e+07
24  33  6.45809e+07
24  34  5.39483e+07
24  35  4.35064e+07
24  36  3.85727e+07
24  37  5.0844e+07
24  38  4.14395e+07
24  39  4.08208e+07
24  40  4.78701e+07
24  41  2.24988e+07
24  42  2.16212e+07
24  43  0
24  44  0
24  45  0
24  46  0
24  47  0
24  48  0
24  49  1.07757e+07
24  50  1.05314e+07
25  0  5.46825e+07
25  1  6.69905e+07
25  2  7.69234e+07
25  3  7.28491e+07
25  4  6.26118e+07
25  5  5.99283e+07
25  6  8.13074e+07
25  7  9.29302e+07
25  8  8.07259e+07
25  9  5.03776e+07
25  10  3.19582e+07
25  11  4.86523e+07
25  12  1.33044e+07
25  13  4.05871e+07
25  14  3.12878e+07
25  15  4.42684e+07
25  16  4.27506e+07
25  17  5.33194e+07
25  18  5.49012e+07
25  19  3.73265e+07
25  20  5.20163e+07
25  21  6.06803e+07
25  22  6.01751e+07
25  23  6.88723e+07
25  24  6.84913e+07
25  25  6.82302e+07
25  26  8.41867e+07
25  27  8.6592e+07
25  28  7.16255e+07
25  29  7.89872e+07
25  30  5.7713e+07
25  31  6.67884e+07
25  32  6.80944e+07
25  33  6.69136e+07
25  34  5.40173e+07
25  35  4.32264e+07
25  36  3.22813e+07
25  37  4.13774e+07
25  38  4.37943e+07
25  39  2.48708e+07
25  40  3.67596e+07
25  41  1.33842e+07
25  42  9.38908e+06
25  43  0
25  44  0
25  45  1.10415e+07
25  46  0
25  47  0
25  48  3.41548e+06
25  49  0
25  50  0
26  0  5.4656e+07
26  1  6.14206e+07
26  2  8.26463e+07
26  3  7.20446e+07
26  4  6.78738e+07
26  5  4.93738e+07
26  6  9.21303e+07
26  7  7.80352e+07
26  8  6.09587e+07
26  9  7.35297e+07
26  10  3.8743e+07
26  11  3.29247e+07
26  12  1.68441e+07
26  13  4.36562e+07
26  14  3.38921e+07
26  15  4.49998e+07
26  16  4.51801e+07
26  17  5.00366e+07
26  18  3.94336e+07
26  19  4.27311e+07
26  20  5.06064e+07
26  21  5.98134e+07
26  22  8.30949e+07
26  23  7.80365e+07
26  24  7.23936e+07
26  25  6.2222e+07
26  26  8.36899e+07
26  27  8.96922e+07
26  28  7.90585e+07
26  29  7.55839e+07
26  30  5.86488e+07
26  31  6.13674e+07
26  32  4.77749e+07
26  33  6.0355e+07
26  34  4.22188e+07
26  35  3.56806e+07
26  36  3.55243e+07
26  37  2.5579e+07
26  38  3.98099e+07
26  39  2.82862e+07
26  40  7.07148e+06
26  41  5.78343e+06
26  42  2.4729e+06
26  43  6.77299e+06
26  44  0
26  45  0
26  46  0
26  47  0
26  48  0
26  49  5.35518e+06
26  50  6.54525e+06
27  0  6.07173e+07
27  1  6.43219e+07
27  2  8.66898e+07
27  3  6.73596e+07
27  4  6.98638e+07
27  5  7.07559e+07
27  6  7.98763e+07
27  7  9.51852e+07
27  8  5.62222e+07
27  9  3.28987e+07
27  10  2.30678e+07
27  11  2.79312e+07
27  12  2.48769e+07
27  13  3.03154e+07
27  14  4.06125e+07
27  15  4.5173e+07
27  16  3.96676e+07
27  17  3.75079e+07
27  18  6.07782e+07
27  19  4.31877e+07
27  20  3.72783e+07
27  21  5.73681e+07
27  22  6.16511e+07
27  23  7.98779e+07
27  24  7.22877e+07
27  25  7.27662e+07
27  26  7.20179e+07
27  27  6.86797e+07
27  28  7.13633e+07
27  29  5.77593e+07
27  30  9.10147e+07
27  31  6.77961e+07
27  32  5.16056e+07
27  33  4.27342e+07
27  34  3.22146e+07
27  35  4.86918e+07
27  36  3.23746e+07
27  37  2.79792e+07
27  38  2.22747e+07
27  39  2.00997e+07
27  40  1.57403e+07
27  41  5.38024e+06
27  42  0
27  43  0
27  44  7.05895e+06
27  45  1.28143e+06
27  46  0
27  47  1.82123e+06
27  48  0
27  49  0
27  50  8.33998e+06
28  0  5.82123e+07
28  1  5.16092e+07
28  2  9.37808e+07
28  3  7.93531e+07
28  4  6.18186e+07
28  5  7.10817e+07
28  6  7.56176e+07
28  7  4.55568e+07
28  8  5.60726e+07
28  9  2.24686e+07
28  10  2.77208e+07
28  11  2.91476e+07
28  12  4.16343e+07
28  13  4.45092e+07
28  14  5.69901e+07
28  15  4.31973e+07
28  16  3.92449e+07
28  17  5.22076e+07
28  18  5.11807e+07
28  19  5.79422e+07
28  20  6.3494e+07
28  21  4.67045e+07
28  22  7.20515e+07
28  23  5.43852e+07
28  24  6.38431e+07
28  25  7.31771e+07
28  26  5.94196e+07
28  27  5.91395e+07
28  28  7.04916e+07
28  29  6.54805e+07
28  30  5.30864e+07
28  31  5.70388e+07
28  32  6.61384e+07
28  33  3.52761e+07
28  34  3.01771e+07
28  35  2.39941e+07
28  36  2.48267e+07
28  37  1.8087e+07
28  38  2.74694e+07
28  39  2.58634e+07
28  40  6.06162e+06
28  41  9.72876e+06
28  42  0
28  43  7.16235e+06
28  44  0
28  45  0
28  46  0
28  47  0
28  48  995468
28  49  1.01884e+07
28  50  4.4542e+06
29  0  5.11901e+07
29  1  5.23713e+07
29  2  7.12222e+07
29  3  4.90586e+07
29  4  5.49746e+07
29  5  4.59395e+07
29  6  6.344e+07
29  7  4.66868e+07
29  8  2.47583e+07
29  9  3.63951e+07
29  10  2.03983e+07
29  11  3.21174e+07
29  12  5.40326e+07
29  13  4.56125e+07
29  14  3.54289e+07
29  15  3.87359e+07
29  16  5.7106e+07
29  17  5.87143e+07
29  18  6.41419e+07
29  19  5.35778e+07
29  20  6.17022e+07
29  21  6.68349e+07
29  22  8.14444e+07
29  23  7.45393e+07
29  24  7.80382e+07
29  25  7.72927e+07
29  26  8.20269e+07
29  27  8.19862e+07
29  28  8.67488e+07
29  29  6.27737e+07
29  30  7.59539e+07
29  31  2.26639e+07
29  32  5.44856e+07
29  33  4.22069e+07
29  34  3.41024e+07
29  35  3.58916e+07
29  36  3.1828e+07
29  37  1.26298e+07
29  38  1.38097e+07
29  39  1.28376e+06
29  40  5.8037e+06
29  41  1.20814e+07
29  42  0
29  43  0
29  44  0
29  45  1.20396e+07
29  46  1.97679e+07
29  47  0
29  48  0
29  49  0
29  50  0
30  0  5.94423e+07
30  1  5.52869e+07
30  2  4.24789e+07
30  3  4.52473e+07
30  4  5.15581e+07
30  5  5.50384e+07
30  6  7.23815e+07
30  7  5.61006e+07
30  8  3.15708e+07
30  9  2.18196e+07
30  10  1.83339e+07
30  11  2.80025e+07
30  12  6.26307e+07
30  13  4.1806e+07
30  14  3.96194e+07
30  15  4.47645e+07
30  16  4.65181e+07
30  17  3.95182e+07
30  18  4.13748e+07
30  19  4.87801e+07
30  20  5.46387e+07
30  21  5.0609e+07
30  22  5.17858e+07
30  23  7.82994e+07
30  24  6.6504e+07
30  25  6.45626e+07
30  26  8.66971e+07
30  27  8.91002e+07
30  28  7.29784e+07
30  29  5.95977e+07
30  30  8.14294e+07
30  31  6.50785e+07
30  32  5.49645e+07
30  33  3.5765e+07
30  34  2.0745e+07
30  35  2.69001e+07
30  36  1.66204e+07
30  37  2.98857e+06
30  38  3.87189e+06
30  39  1.65169e+07
30  40  0
30  41  0
30  42  6.71287e+06
30  43  0
30  44  0
30  45  266758
30  46  0
30  47  0
30  48  0
30  49  2.24187e+06
30  50  0
31  0  4.39126e+07
31  1  4.82475e+07
31  2  6.39911e+07
31  3  4.08268e+07
31  4  5.07255e+07
31  5  4.46398e+07
31  6  5.31934e+07
31  7  5.59168e+07
31  8  4.28892e+07
31  9  3.35148e+07
31  10  2.15525e+07
31  11  4.70138e+07
31  12  5.51697e+07
31  13  5.03393e+07
31  14  4.35339e+07
31  15  4.32135e+07
31  16  6.00062e+07
31  17  5.13762e+07
31  18  4.49704e+07
31  19  5.16968e+07
31  20  5.76735e+07
31  21  6.87852e+07
31  22  4.9792e+07
31  23  5.95523e+07
31  24  5.0888e+07
31  25  6.18021e+07
31  26  6.46351e+07
31  27  5.0052e+07
31  28  6.21791e+07
31  29  5.90713e+07
31  30  4.94908e+07
31  31  5.25546e+07
31  32  4.89186e+07
31  33  3.27307e+07
31  34  2.04256e+07
31  35  9.95745e+06
31  36  1.69719e+06
31  37  7.61253e+06
31  38  3.49653e+06
31  39  0
31  40  9.23282e+06
31  41  1.01451e+07
31  42  0
31  43  0
31  44  1.72021e+07
31  45  0
31  46  2.36677e+06
31  47  1.01947e+07
31  48  0
31  49  1.97491e+06
31  50  0
32  0  4.85888e+07
32  1  5.53521e+07
32  2  4.43886e+07
32  3  3.13806e+07
32  4  4.5906e+07
32  5  4.54076e+07
32  6  3.68306e+07
32  7  6.40943e+07
32  8  4.35303e+07
32  9  3.13481e+07
32  10  4.67918e+07
32  11  5.01489e+07
32  12  7.80739e+07
32  13  5.11705e+07
32  14  6.34113e+07
32  15  5.55479e+07
32  16  7.32912e+07
32  17  6.25491e+07
32  18  4.16273e+07
32  19  5.35211e+07
32  20  5.56036e+07
32  21  6.46271e+07
32  22  7.04138e+07
32  23  7.38622e+07
32  24  8.46576e+07
32  25  6.151e+07
32  26  7.58128e+07
32  27  7.45085e+07
32  28  6.65791e+07
32  29  4.92078e+07
32  30  5.77917e+07
32  31  4.32732e+07
32  32  3.78916e+07
32  33  1.87613e+07
32  34  1.8136e+07
32  35  1.75776e+06
32  36  5.40048e+06
32  37  5.91918e+06
32  38  0
32  39  0
32  40  1.22587e+07
32  41  0
32  42  1.80245e+06
32  43  0
32  44  0
32  45  0
32  46  0
32  47  0
32  48  1.05786e+07
32  49  4.65746e+06
32  50  7.59893e+06
33  0  5.0731e+07
33  1  4.07672e+07
33  2  3.86739e+07
33  3  3.1641e+07
33  4  5.17535e+07
33  5  4.81663e+07
33  6  4.56305e+07
33  7  5.20697e+07
33  8  7.15147e+07
33  9  5.29579e+07
33  10  3.20938e+07
33  11  6.22986e+07
33  12  5.88012e+07
33  13  6.28178e+07
33  14  5.82735e+07
33  15  6.83693e+07
33  16  6.24717e+07
33  17  7.11788e+07
33  18  8.15824e+07
33  19  7.67231e+07
33  20  9.00624e+07
33  21  6.97702e+07
33  22  7.43776e+07
33  23  8.3213e+07
33  24  8.43853e+07
33  25  6.43144e+07
33  26  6.9195e+07
33  27  6.16274e+07
33  28  7.49713e+07
33  29  6.59014e+07
33  30  7.31905e+07
33  31  4.89171e+07
33  32  3.32606e+07
33  33  4.72493e+06
33  34  5.34746e+06
33  35  0
33  36  1.84029e+06
33  37  0
33  38  9.17182e+06
33  39  3.14382e+06
33  40  1.36649e+07
33  41  8.2626e+06
33  42  6.58173e+06
33  43  0
33  44  5.11268e+06
33  45  0
33  46  9.20859e+06
33  47  0
33  48  7.28099e+06
33  49  0
33  50  6.97504e+06
34  0  5.40254e+07
34  1  4.40877e+07
34  2  4.39723e+07
34  3  2.94197e+07
34  4  2.99139e+07
34  5  4.87057e+07
34  6  6.30519e+07
34  7  4.9244e+07
34  8  6.09608e+07
34  9  4.62409e+07
34  10  5.22288e+07
34  11  5.11028e+07
34  12  4.38887e+07
34  13  4.95152e+07
34  14  8.32095e+07
34  15  6.2765e+07
34  16  8.72587e+07
34  17  6.52403e+07
34  18  8.27851e+07
34  19  8.33196e+07
34  20  8.44086e+07
34  21  7.21278e+07
34  22  9.15052e+07
34  23  7.28034e+07
34  24  6.69132e+07
34  25  9.3492e+07
34  26  6.45203e+07
34  27  6.81251e+07
34  28  6.57562e+07
34  29  5.70709e+07
34  30  4.07864e+07
34  31  3.25479e+07
34  32  3.80422e+07
34  33  7.42264e+06
34  34  9.85598e+06
34  35  7.80617e+06
34  36  1.98275e+07
34  37  6.69307e+06
34  38  0
34  39  3.34781e+06
34  40  9.74727e+06
34  41  1.90167e+07
34  42  0
34  43  0
34  44  0
34  45  0
34  46  9.13771e+06
34  47  8.50164e+06
34  48  1.39899e+06
34  49  6.7856e+06
34  50  0
35  0  4.6582e+07
35  1  3.67979e+07
35  2  3.84589e+07
35  3  3.18784e+07
35  4  6.41387e+07
35  5  6.00445e+07
35  6  5.54295e+07
35  7  5.51801e+07
35  8  6.01845e+07
35  9  5.49724e+07
35  10  3.84855e+07
35  11  7.29518e+07
35  12  4.29523e+07
35  13  6.15336e+07
35  14  5.4917e+07
35  15  8.24584e+07
35  16  6.22169e+07
35  17  7.5969e+07
35  18  8.92205e+07
35  19  7.46538e+07
35  20  6.75768e+07
35  21  6.29628e+07
35  22  7.94941e+07
35  23  7.51696e+07
35  24  8.61659e+07
35  25  6.48067e+07
35  26  6.32424e+07
35  27  6.63779e+07
35  28  6.16527e+07
35  29  6.35458e+07
35  30  7.42007e+07
35  31  2.59098e+07
35  32  3.19794e+07
35  33  1.68962e+07
35  34  1.19149e+07
35  35  6.44309e+06
35  36  8.78533e+06
35  37  8.63013e+06
35  38  3.38691e+06
35  39  0
35  40  1.55129e+07
35  41  3.86262e+06
35  42  1.5561e+06
35  43  2.14983e+07
35  44  3.57178e+06
35  45  8.84565e+06
35  46  0
35  47  2.09269e+07
35  48  0
35  49  789873
35  50  0
36  0  5.69765e+07
36  1  2.87141e+07
36  2  3.85826e+07
36  3  3.31152e+07
36  4  4.81723e+07
36  5  6.4371e+07
36  6  6.9057e+07
36  7  4.95116e+07
36  8  4.89197e+07
36  9  5.26176e+07
36  10  5.13805e+07
36  11  4.98245e+07
36  12  5.38478e+07
36  13  7.07851e+07
36  14  6.89223e+07
36  15  7.2989e+07
36  16  7.36128e+07
36  17  6.32196e+07
36  18  8.24151e+07
36  19  7.40887e+07
36  20  7.73391e+07
36  21  5.99988e+07
36  22  7.24071e+07
36  23  9.58577e+07
36  24  8.23853e+07
36  25  7.08779e+07
36  26  7.07647e+07
36  27  6.49667e+07
36  28  4.53258e+07
36  29  5.83425e+07
36  30  5.23041e+07
36  31  2.63744e+07
36  32  1.39447e+07
36  33  2.93479e+06
36  34  7.96365e+06
36  35  9.21864e+06
36  36  0
36  37  0
36  38  2.74134e+06
36  39  0
36  40  3.14472e+06
36  41  8.56356e+06
36  42  0
36  43  9.5385e+06
36  44  1.72075e+06
36  45  0
36  46  1.58978e+07
36  47  1.25337e+07
36  48  1.10908e+07
36  49  0
36  50  1.31508e+07
37  0  3.5937e+07
37  1  4.37808e+07
37  2  3.03821e+07
37  3  5.29937e+07
37  4  5.22155e+07
37  5  4.3866e+07
37  6  5.95822e+07
37  7  5.2711e+07
37  8  6.66592e+07
37  9  6.99246e+07
37  10  4.84156e+07
37  11  5.47693e+07
37  12  8.8465e+07
37  13  7.10889e+07
37  14  8.03881e+07
37  15  7.52156e+07
37  16  6.72413e+07
37  17  8.82271e+07
37  18  6.92417e+07
37  19  6.85263e+07
37  20  8.23654e+07
37  21  6.81977e+07
37  22  8.39764e+07
37  23  7.18322e+07
37  24  9.80149e+07
37  25  6.65242e+07
37  26  7.89087e+07
37  27  6.84895e+07
37  28  6.79014e+07
37  29  7.44027e+07
37  30  3.57336e+07
37  31  1.65519e+07
37  32  1.54328e+07
37  33  2.56714e+06
37  34  1.08213e+07
37  35  0
37  36  1.05886e+07
37  37  0
37  38  0
37  39  9.30391e+06
37  40  0
37  41  4.35488e+06
37  42  1.76085e+07
37  43  7.72565e+06
37  44  0
37  45  4.18011e+06
37  46  1.00054e+07
37  47  1.46558e+07
37  48  5.98851e+06
37  49  1.40565e+07
37  50  5.32418e+06
38  0  5.17813e+07
38  1  5.1865e+07
38  2  4.72236e+07
38  3  4.8627e+07
38  4  6.19976e+07
38  5  6.1847e+07
38  6  7.42112e+07
38  7  5.43989e+07
38  8  6.84848e+07
38  9  5.65176e+07
38  10  5.9276e+07
38  11  7.05845e+07
38  12  5.9844e+07
38  13  6.72585e+07
38  14  8.4794e+07
38  15  7.16891e+07
38  16  1.01133e+08
38  17  8.22235e+07
38  18  7.99999e+07
38  19  6.60618e+07
38  20  6.44915e+07
38  21  8.84022e+07
38  22  7.81297e+07
38  23  7.57212e+07
38  24  7.078e+07
38  25  7.22894e+07
38  26  5.54571e+07
38  27  7.67714e+07
38  28  6.85007e+07
38  29  6.0871e+07
38  30  3.59805e+07
38  31  1.13819e+07
38  32  1.2041e+07
38  33  1.75495e+06
38  34  908276
38  35  2.89094e+06
38  36  4.1287e+06
38  37  4.10891e+06
38  38  1.41971e+07
38  39  452996
38  40  1.57579e+07
38  41  0
38  42  1.27514e+07
38  43  1.19029e+07
38  44  8.67435e+06
38  45  6.04448e+06
38  46  2.12649e+07
38  47  6.84765e+06
38  48  8.12617e+06
38  49  0
38  50  1.41869e+07
39  0  5.13534e+07
39  1  4.52176e+07
39  2  5.32817e+07
39  3  5.069e+07
39  4  5.20825e+07
39  5  6.10409e+07
39  6  5.60368e+07
39  7  4.94401e+07
39  8  5.33741e+07
39  9  5.85038e+07
39  10  7.01633e+07
39  11  5.3091e+07
39  12  5.68902e+07
39  13  6.17647e+07
39  14  8.56897e+07
39  15  7.96421e+07
39  16  6.71133e+07
39  17  1.00582e+08
39  18  8.15508e+07
39  19  8.12176e+07
39  20  9.88351e+07
39  21  5.8187e+07
39  22  6.87182e+07
39  23  7.35861e+07
39  24  6.37944e+07
39  25  6.10073e+07
39  26  5.62837e+07
39  27  6.0224e+07
39  28  6.3746e+07
39  29  5.00477e+07
39  30  1.62624e+07
39  31  2.02346e+07
39  32  1.31503e+07
39  33  1.45482e+06
39  34  6.45114e+06
39  35  2.76303e+06
39  36  0
39  37  0
39  38  5.3039e+06
39  39  3.30516e+06
39  40  2.65036e+06
39  41  2.11793e+06
39  42  0
39  43  0
39  44  8.07899e+06
39  45  1.43892e+07
39  46  3.53117e+06
39  47  5.73912e+06
39  48  1.17055e+07
39  49  0
39  50  0
40  0  6.14386e+07
40  1  6.08686e+07
40  2  7.84202e+07
40  3  7.50121e+07
40  4  5.86499e+07
40  5  7.52601e+07
40  6  4.599e+07
40  7  7.1132e+07
40  8  5.50847e+07
40  9  5.38855e+07
40  10  5.57567e+07
40  11  6.62989e+07
40  12  4.72519e+07
40  13  6.42731e+07
40  14  8.32867e+07
40  15  7.25421e+07
40  16  6.71178e+07
40  17  8.68963e+07
40  18  1.01056e+08
40  19  6.19686e+07
40  20  7.28768e+07
40  21  8.24028e+07
40  22  6.6637e+07
40  23  6.87255e+07
40  24  6.62204e+07
40  25  6.19209e+07
40  26  5.03457e+07
40  27  6.29814e+07
40  28  5.42754e+07
40  29  3.88308e+07
40  30  1.33885e+07
40  31  9.51341e+06
40  32  7.16239e+06
40  33  0
40  34  0
40  35  0
40  36  0
40  37  1.0796e+07
40  38  0
40  39  4.52228e+06
40  40  0
40  41  3.79267e+06
40  42  0
40  43  5.89599e+06
40  44  0
40  45  7.63147e+06
40  46  7.58813e+06
40  47  1.07848e+07
40  48  0
40  49  1.34393e+07
40  50  5.83871e+06
41  0  7.64609e+07
41  1  4.95731e+07
41  2  6.70285e+07
41  3  5.79346e+07
41  4  5.55503e+07
41  5  5.65097e+07
41  6  6.13694e+07
41  7  5.53667e+07
41  8  5.93266e+07
41  9  5.85835e+07
41  10  4.57769e+07
41  11  6.66548e+07
41  12  4.20663e+07
41  13  6.37352e+07
41  14  7.82735e+07
41  15  6.8588e+07
41  16  7.06919e+07
41  17  7.31529e+07
41  18  8.39223e+07
41  19  6.84697e+07
41  20  8.58059e+07
41  21  7.48549e+07
41  22  7.11437e+07
41  23  5.25993e+07
41  24  5.44391e+07
41  25  4.87247e+07
41  26  5.34694e+07
41  27  4.15736e+07
41  28  4.30505e+07
41  29  1.62563e+07
41  30  1.06493e+07
41  31  8.30678e+06
41  32  3.29533e+06
41  33  0
41  34  0
41  35  0
41  36  1.27187e+06
41  37  8.2812e+06
41  38  8.33747e+06
41  39  1.39495e+07
41  40  0
41  41  9.27274e+06
41  42  3.49923e+06
41  43  8.90118e+06
41  44  6.10178e+06
41  45  2.73408e+06
41  46  9.53701e+06
41  47  333234
41  48  4.71492e+06
41  49  0
41  50  0
42  0  6.91086e+07
42  1  6.58726e+07
42  2  7.29176e+07
42  3  6.38757e+07
42  4  5.43761e+07
42  5  7.55919e+07
42  6  6.30398e+07
42  7  6.11409e+07
42  8  5.59265e+07
42  9  7.30993e+07
42  10  6.23763e+07
42  11  6.69359e+07
42  12  7.73913e+07
42  13  7.55614e+07
42  14  8.15161e+07
42  15  7.61316e+07
42  16  7.69335e+07
42  17  8.39419e+07
42  18  7.83026e+07
42  19  8.86787e+07
42  20  1.01317e+08
42  21  6.91507e+07
42  22  8.61254e+07
42  23  7.29926e+07
42  24  6.1749e+07
42  25  5.54666e+07
42  26  5.17178e+07
42  27  5.92692e+07
42  28  1.40673e+07
42  29  1.75681e+07
42  30  0
42  31  999973
42  32  0
42  33  0
42  34  1.29954e+06
42  35  5.11769e+06
42  36  0
42  37  5.48209e+06
42  38  6.9252e+06
42  39  6.61496e+06
42  40  0
42  41  6.86115e+06
42  42  0
42  43  1.07312e+07
42  44  1.19726e+06
42  45  9.32425e+06
42  46  0
42  47  3.60613e+06
42  48  0
42  49  0
42  50  1.74468e+06
43  0  5.40433e+07
43  1  7.47483e+07
43  2  5.61269e+07
43  3  3.95155e+07
43  4  7.49159e+07
43  5  7.174e+07
43  6  5.32727e+07
43  7  6.27275e+07
43  8  6.18813e+07
43  9  5.9916e+07
43  10  5.41051e+07
43  11  6.72542e+07
43  12  7.51899e+07
43  13  6.76864e+07
43  14  7.69723e+07
43  15  7.44321e+07
43  16  5.64804e+07
43  17  7.80767e+07
43  18  7.92989e+07
43  19  7.57002e+07
43  20  7.19953e+07
43  21  7.6347e+07
43  22  5.31222e+07
43  23  7.18443e+07
43  24  6.08427e+07
43  25  6.44028e+07
43  26  3.24992e+07
43  27  2.83025e+07
43  28  2.86578e+07
43  29  9.12597e+06
43  30  0
43  31  0
43  32  0
43  33  0
43  34  1.03239e+07
43  35  0
43  36  0
43  37  0
43  38  7.99124e+06
43  39  0
43  40  0
43  41  0
43  42  0
43  43  0
43  44  0
43  45  4.91006e+06
43  46  1.31276e+06
43  47  2.05371e+06
43  48  3.80462e+06
43  49  0
43  50  4.49854e+06
44  0  7.15181e+07
44  1  5.62844e+07
44  2  6.57984e+07
44  3  6.14769e+07
44  4  7.24111e+07
44  5  6.59749e+07
44  6  6.05268e+07
44  7  5.66507e+07
44  8  4.79974e+07
44  9  4.60929e+07
44  10  6.56812e+07
44  11  6.98919e+07
44  12  4.66781e+07
44  13  5.99457e+07
44  14  6.27174e+07
44  15  5.05835e+07
44  16  6.71993e+07
44  17  5.55588e+07
44  18  7.62205e+07
44  19  8.26401e+07
44  20  6.51357e+07
44  21  5.75897e+07
44  22  6.66217e+07
44  23  5.44229e+07
44  24  5.39763e+07
44  25  3.02948e+07
44  26  3.18746e+07
44  27  2.71357e+07
44  28  1.15252e+07
44  29  5.77157e+06
44  30  0
44  31  0
44  32  0
44  33  0
44  34  0
44  35  0
44  36  4.45416e+06
44  37  2.278e+06
44  38  4.76864e+06
44  39  4.79635e+06
44  40  1.50744e+06
44  41  0
44  42  0
44  43  6.4146e+06
44  44  0
44  45  0
44  46  4.81494e+06
44  47  0
44  48  0
44  49  0
44  50  0
45  0  6.28988e+07
45  1  6.5333e+07
45  2  5.72586e+07
45  3  7.16697e+07
45  4  6.33806e+07
45  5  8.26197e+07
45  6  7.34213e+07
45  7  8.20042e+07
45  8  5.52063e+07
45  9  5.82298e+07
45  10  5.10128e+07
45  11  6.29901e+07
45  12  6.08542e+07
45  13  5.90982e+07
45  14  6.43436e+07
45  15  6.80559e+07
45  16  5.83308e+07
45  17  7.34774e+07
45  18  5.95788e+07
45  19  5.50296e+07
45  20  5.98761e+07
45  21  5.02727e+07
45  22  5.22453e+07
45  23  5.57205e+07
45  24  4.12405e+07
45  25  1.35103e+07
45  26  1.63713e+07
45  27  2.88683e+06
45  28  3.75616e+06
45  29  1.97917e+06
45  30  3.36225e+06
45  31  2.40508e+06
45  32  8.96492e+06
45  33  9.81231e+06
45  34  0
45  35  0
45  36  2.32381e+06
45  37  0
45  38  0
45  39  0
45  40  0
45  41  0
45  42  3.9451e+06
45  43  4.90564e+06
45  44  0
45  45  0
45  46  0
45  47  0
45  48  0
45  49  0
45  50  1.20777e+07
46  0  4.63313e+07
46  1  5.43901e+07
46  2  6.80201e+07
46  3  5.82442e+07
46  4  7.16048e+07
46  5  7.23207e+07
46  6  7.70344e+07
46  7  5.34215e+07
46  8  4.23904e+07
46  9  6.76197e+07
46  10  5.74612e+07
46  11  3.71603e+07
46  12  7.33617e+07
46  13  5.21681e+07
46  14  5.78166e+07
46  15  5.2621e+07
46  16  6.53175e+07
46  17  4.8885e+07
46  18  5.49566e+07
46  19  6.51993e+07
46  20  9.13668e+07
46  21  4.69278e+07
46  22  4.46616e+07
46  23  4.65567e+07
46  24  3.31854e+07
46  25  1.79984e+07
46  26  6.11606e+06
46  27  8.17118e+06
46  28  0
46  29  5.56048e+06
46  30  1.52934e+06
46  31  1.43289e+06
46  32  0
46  33  0
46  34  0
46  35  2.03115e+07
46  36  0
46  37  0
46  38  6.80687e+06
46  39  0
46  40  0
46  41  0
46  42  0
46  43  0
46  44  0
46  45  2.59885e+06
46  46  6.37937e+06
46  47  3.31359e+06
46  48  1.95648e+06
46  49  2.89788e+06
46  50  0
47  0  6.33022e+07
47  1  4.65258e+07
47  2  4.26622e+07
47  3  9.54937e+07
47  4  6.40502e+07
47  5  9.47581e+07
47  6  7.9483e+07
47  7  5.4464e+07
47  8  4.80355e+07
47  9  5.46889e+07
47  10  5.98588e+07
47  11  4.20851e+07
47  12  5.09016e+07
47  13  5.93347e+07
47  14  6.60268e+07
47  15  5.57207e+07
47  16  5.53606e+07
47  17  6.51689e+07
47  18  6.67221e+07
47  19  6.03597e+07
47  20  4.68011e+07
47  21  6.77557e+07
47  22  3.84478e+07
47  23  3.44975e+07
47  24  1.60657e+07
47  25  0
47  26  1.46225e+07
47  27  0
47  28  5.9524e+06
47  29  8.97157e+06
47  30  5.27346e+06
47  31  0
47  32  0
47  33  0
47  34  0
47  35  3.07858e+06
47  36  0
47  37  393483
47  38  0
47  39  0
47  40  1.29463e+07
47  41  1.08536e+06
47  42  0
47  43  4.04247e+06
47  44  723976
47  45  0
47  46  0
47  47  0
47  48  1.10026e+06
47  49  0
47  50  0
48  0  5.91983e+07
48  1  4.22834e+07
48  2  5.30561e+07
48  3  5.69823e+07
48  4  5.68485e+07
48  5  7.87809e+07
48  6  6.43276e+07
48  7  6.10726e+07
48  8  6.65119e+07
48  9  6.51246e+07
48  10  4.69821e+07
48  11  3.56942e+07
48  12  7.06137e+07
48  13  6.95422e+07
48  14  5.54235e+07
48  15  7.39585e+07
48  16  6.77432e+07
48  17  7.35704e+07
48  18  7.34332e+07
48  19  5.55179e+07
48  20  4.18498e+07
48  21  4.7026e+07
48  22  3.39313e+07
48  23  2.74022e+07
48  24  1.76079e+07
48  25  1.36173e+07
48  26  4.81068e+06
48  27  8.38593e+06
48  28  0
48  29  0
48  30  0
48  31  0
48  32  2.84166e+06
48  33  0
48  34  4.03171e+06
48  35  0
48  36  1.64892e+06
48  37  836553
48  38  0
48  39  0
48  40  0
48  41  0
48  42  0
48  43  0
48  44  0
48  45  0
48  46  0
48  47  0
48  48  482353
48  49  1.01148e+06
48  50  0
49  0  5.21679e+07
49  1  4.14437e+07
49  2  5.14595e+07
49  3  4.97178e+07
49  4  5.72891e+07
49  5  4.98267e+07
49  6  7.60651e+07
49  7  5.78249e+07
49  8  4.91722e+07
49  9  4.95185e+07
49  10  3.53264e+07
49  11  4.05706e+07
49  12  7.28127e+07
49  13  8.52818e+07
49  14  4.89795e+07
49  15  6.96984e+07
49  16  4.53082e+07
49  17  5.35328e+07
49  18  4.45738e+07
49  19  3.74262e+07
49  20  2.95081e+07
49  21  2.82094e+07
49  22  1.5985e+07
49  23  1.4546e+07
49  24  1.80729e+07
49  25  0
49  26  856667
49  27  0
49  28  0
49  29  998690
49  30  0
49  31  0
49  32  0
49  33  0
49  34  0
49  35  0
49  36  0
49  37  0
49  38  4.48265e+06
49  39  1.16187e+07
49  40  0
49  41  0
49  42  0
49  43  0
49  44  734232
49  45  0
49  46  0
49  47  0
49  48  0
49  49  1.49724e+06
49  50  0
50  0  2.19285e+07
50  1  1.73919e+07
50  2  2.91568e+07
50  3  3.98356e+07
50  4  4.21691e+07
50  5  5.564e+07
50  6  6.27004e+07
50  7  3.68899e+07
50  8  4.73735e+07
50  9  3.31732e+07
50  10  3.91e+07
50  11  3.38398e+07
50  12  5.8254e+07
50  13  6.19479e+07
50  14  5.2547e+07
50  15  4.51251e+07
50  16  2.92994e+07
50  17  4.40959e+07
50  18  4.9982e+07
50  19  2.24143e+07
50  20  3.45235e+07
50  21  4.56643e+07
50  22  4.71503e+06
50  23  5.83329e+06
50  24  2.73215e+06
50  25  0
50  26  0
50  27  0
50  28  0
50  29  0
50  30  0
50  31  0
50  32  0
50  33  0
50  34  0
50  35  0
50  36  0
50  37  4.80864e+06
50  38  5.94388e+06
50  39  0
50  40  0
50  41  0
50  42  0
50  43  0
50  44  1.40924e+06
50  45  0
50  46  0
50  47  0
50  48  0
50  49  0
50  50  1.68184e+06

