row  column  (images_27.edf Ca-K*images_27.edf Ar-K**2.3)
0  0  9.39129e+08
0  1  9.12965e+08
0  2  8.47313e+08
0  3  8.02174e+08
0  4  6.88212e+08
0  5  5.28691e+08
0  6  4.20078e+08
0  7  3.92118e+08
0  8  4.59205e+08
0  9  4.70989e+08
0  10  4.52563e+08
0  11  4.58746e+08
0  12  4.45279e+08
0  13  5.48891e+08
0  14  4.82407e+08
0  15  5.00957e+08
0  16  4.59324e+08
0  17  4.88617e+08
0  18  5.15499e+08
0  19  4.69496e+08
0  20  4.21001e+08
0  21  3.42742e+08
0  22  3.82663e+08
0  23  4.01461e+08
0  24  3.73188e+08
0  25  3.47426e+08
0  26  4.45122e+08
0  27  5.35754e+08
0  28  5.67515e+08
0  29  5.51405e+08
0  30  5.5635e+08
0  31  6.75494e+08
0  32  6.64829e+08
0  33  7.3731e+08
0  34  9.00984e+08
0  35  1.03843e+09
0  36  1.12317e+09
0  37  1.12188e+09
0  38  1.14224e+09
0  39  1.07e+09
0  40  1.0789e+09
0  41  1.15881e+09
0  42  1.00202e+09
0  43  1.12395e+09
0  44  9.77853e+08
0  45  9.60098e+08
0  46  8.80451e+08
0  47  7.35769e+08
0  48  6.58914e+08
0  49  5.8742e+08
0  50  4.9557e+08
1  0  9.21399e+08
1  1  8.4069e+08
1  2  7.96396e+08
1  3  6.66433e+08
1  4  5.68997e+08
1  5  4.82726e+08
1  6  4.46215e+08
1  7  4.51122e+08
1  8  4.38803e+08
1  9  4.21872e+08
1  10  4.35233e+08
1  11  5.1556e+08
1  12  4.53587e+08
1  13  5.52225e+08
1  14  4.63918e+08
1  15  4.68975e+08
1  16  4.64293e+08
1  17  4.73128e+08
1  18  4.1723e+08
1  19  4.46311e+08
1  20  3.86273e+08
1  21  4.19265e+08
1  22  4.22765e+08
1  23  3.67276e+08
1  24  3.29249e+08
1  25  3.6311e+08
1  26  4.80205e+08
1  27  5.21561e+08
1  28  5.49773e+08
1  29  5.55865e+08
1  30  6.68584e+08
1  31  6.76072e+08
1  32  7.11627e+08
1  33  8.23001e+08
1  34  1.03109e+09
1  35  1.01026e+09
1  36  1.1177e+09
1  37  1.16297e+09
1  38  1.13866e+09
1  39  1.04444e+09
1  40  1.14517e+09
1  41  1.07634e+09
1  42  1.03847e+09
1  43  1.06608e+09
1  44  8.9581e+08
1  45  8.23408e+08
1  46  7.20454e+08
1  47  6.26188e+08
1  48  5.37889e+08
1  49  5.3475e+08
1  50  3.59522e+08
2  0  9.10392e+08
2  1  8.44902e+08
2  2  7.37141e+08
2  3  6.29299e+08
2  4  5.73806e+08
2  5  4.72617e+08
2  6  4.14982e+08
2  7  4.03191e+08
2  8  4.27006e+08
2  9  4.52914e+08
2  10  4.43387e+08
2  11  4.59165e+08
2  12  4.88236e+08
2  13  5.50576e+08
2  14  4.89376e+08
2  15  4.52051e+08
2  16  4.91398e+08
2  17  4.78595e+08
2  18  4.78634e+08
2  19  4.00924e+08
2  20  3.85099e+08
2  21  3.66837e+08
2  22  3.97879e+08
2  23  3.6785e+08
2  24  3.38948e+08
2  25  3.35473e+08
2  26  5.00193e+08
2  27  5.90949e+08
2  28  5.74118e+08
2  29  5.95396e+08
2  30  6.09811e+08
2  31  6.94729e+08
2  32  6.69792e+08
2  33  9.79676e+08
2  34  1.06673e+09
2  35  1.08417e+09
2  36  1.20502e+09
2  37  1.14861e+09
2  38  1.05316e+09
2  39  1.04046e+09
2  40  1.14337e+09
2  41  9.52494e+08
2  42  9.33505e+08
2  43  9.73589e+08
2  44  8.1525e+08
2  45  7.40589e+08
2  46  6.23142e+08
2  47  5.06475e+08
2  48  4.6194e+08
2  49  4.64544e+08
2  50  2.90889e+08
3  0  8.39207e+08
3  1  8.12337e+08
3  2  6.55272e+08
3  3  6.2587e+08
3  4  5.31905e+08
3  5  3.58393e+08
3  6  3.79185e+08
3  7  3.83481e+08
3  8  4.38952e+08
3  9  4.8682e+08
3  10  4.2836e+08
3  11  5.04389e+08
3  12  4.64717e+08
3  13  4.91215e+08
3  14  4.42616e+08
3  15  4.60536e+08
3  16  4.82108e+08
3  17  5.19983e+08
3  18  4.36823e+08
3  19  4.14974e+08
3  20  4.46498e+08
3  21  4.2292e+08
3  22  3.38668e+08
3  23  3.92487e+08
3  24  3.26042e+08
3  25  3.56502e+08
3  26  5.60891e+08
3  27  5.20013e+08
3  28  5.89158e+08
3  29  6.50795e+08
3  30  6.22727e+08
3  31  7.43468e+08
3  32  7.78404e+08
3  33  1.01365e+09
3  34  1.16611e+09
3  35  1.11937e+09
3  36  1.14626e+09
3  37  1.21474e+09
3  38  1.05942e+09
3  39  1.07123e+09
3  40  9.84941e+08
3  41  1.05003e+09
3  42  9.2734e+08
3  43  9.17139e+08
3  44  7.66792e+08
3  45  6.8183e+08
3  46  5.86161e+08
3  47  4.94857e+08
3  48  4.5355e+08
3  49  4.43345e+08
3  50  2.37404e+08
4  0  8.40567e+08
4  1  7.74783e+08
4  2  7.07262e+08
4  3  5.55121e+08
4  4  5.35766e+08
4  5  3.95122e+08
4  6  3.7616e+08
4  7  3.70593e+08
4  8  4.63859e+08
4  9  3.93006e+08
4  10  4.83813e+08
4  11  5.01419e+08
4  12  4.91205e+08
4  13  5.20875e+08
4  14  5.32174e+08
4  15  4.60421e+08
4  16  4.70024e+08
4  17  4.73868e+08
4  18  4.45682e+08
4  19  4.46972e+08
4  20  4.56151e+08
4  21  4.31424e+08
4  22  4.31552e+08
4  23  3.73794e+08
4  24  3.67897e+08
4  25  3.4894e+08
4  26  4.8524e+08
4  27  5.75032e+08
4  28  5.85626e+08
4  29  6.76114e+08
4  30  6.51297e+08
4  31  8.13309e+08
4  32  8.591e+08
4  33  1.04785e+09
4  34  1.16896e+09
4  35  1.09935e+09
4  36  1.10074e+09
4  37  1.08631e+09
4  38  1.09185e+09
4  39  1.03719e+09
4  40  1.04302e+09
4  41  9.6389e+08
4  42  9.26392e+08
4  43  9.16415e+08
4  44  7.42048e+08
4  45  5.7954e+08
4  46  4.62973e+08
4  47  4.24673e+08
4  48  3.79257e+08
4  49  3.07099e+08
4  50  2.43854e+08
5  0  8.75071e+08
5  1  7.91226e+08
5  2  6.39515e+08
5  3  6.17377e+08
5  4  5.33607e+08
5  5  4.03845e+08
5  6  3.26499e+08
5  7  4.16185e+08
5  8  4.89177e+08
5  9  4.11229e+08
5  10  4.28041e+08
5  11  5.32088e+08
5  12  5.56313e+08
5  13  4.76681e+08
5  14  4.99121e+08
5  15  4.55141e+08
5  16  4.57142e+08
5  17  4.38188e+08
5  18  4.74454e+08
5  19  4.35686e+08
5  20  4.62436e+08
5  21  4.42996e+08
5  22  4.51847e+08
5  23  4.58562e+08
5  24  3.81556e+08
5  25  4.56773e+08
5  26  6.023e+08
5  27  6.0715e+08
5  28  6.22276e+08
5  29  6.09963e+08
5  30  7.26034e+08
5  31  8.16876e+08
5  32  9.60753e+08
5  33  1.07882e+09
5  34  1.16713e+09
5  35  9.96521e+08
5  36  1.12833e+09
5  37  1.07364e+09
5  38  9.51709e+08
5  39  1.05264e+09
5  40  9.74296e+08
5  41  8.48188e+08
5  42  9.17406e+08
5  43  9.16302e+08
5  44  7.44205e+08
5  45  4.70801e+08
5  46  4.31929e+08
5  47  4.03784e+08
5  48  3.51754e+08
5  49  2.8784e+08
5  50  2.03914e+08
6  0  7.08571e+08
6  1  7.06283e+08
6  2  6.32828e+08
6  3  6.18941e+08
6  4  4.99008e+08
6  5  4.0911e+08
6  6  3.48089e+08
6  7  3.83114e+08
6  8  4.85619e+08
6  9  4.41919e+08
6  10  3.5256e+08
6  11  5.07372e+08
6  12  5.39279e+08
6  13  4.86874e+08
6  14  5.33868e+08
6  15  4.36249e+08
6  16  4.7808e+08
6  17  4.62041e+08
6  18  4.8945e+08
6  19  4.09695e+08
6  20  4.90119e+08
6  21  4.989e+08
6  22  4.68496e+08
6  23  4.91589e+08
6  24  4.26712e+08
6  25  4.40886e+08
6  26  6.21544e+08
6  27  6.7831e+08
6  28  6.52891e+08
6  29  6.62206e+08
6  30  7.83505e+08
6  31  7.77431e+08
6  32  9.40445e+08
6  33  1.07745e+09
6  34  1.2057e+09
6  35  1.24855e+09
6  36  1.07093e+09
6  37  1.13155e+09
6  38  1.07877e+09
6  39  1.05952e+09
6  40  9.46261e+08
6  41  9.03078e+08
6  42  8.68023e+08
6  43  9.38712e+08
6  44  6.76492e+08
6  45  4.49551e+08
6  46  3.38021e+08
6  47  3.65319e+08
6  48  2.82845e+08
6  49  2.33077e+08
6  50  1.92127e+08
7  0  7.25885e+08
7  1  7.01343e+08
7  2  6.08524e+08
7  3  5.82367e+08
7  4  5.13037e+08
7  5  4.26912e+08
7  6  3.14045e+08
7  7  3.5632e+08
7  8  4.42729e+08
7  9  4.09049e+08
7  10  4.64121e+08
7  11  5.40052e+08
7  12  6.01645e+08
7  13  5.79622e+08
7  14  5.09036e+08
7  15  4.56014e+08
7  16  4.93188e+08
7  17  5.36109e+08
7  18  5.34665e+08
7  19  5.05419e+08
7  20  5.36266e+08
7  21  5.00043e+08
7  22  5.24583e+08
7  23  5.57908e+08
7  24  4.53479e+08
7  25  4.63653e+08
7  26  6.82097e+08
7  27  6.77414e+08
7  28  7.19837e+08
7  29  7.00531e+08
7  30  7.9003e+08
7  31  8.38026e+08
7  32  1.01981e+09
7  33  1.03043e+09
7  34  1.13473e+09
7  35  1.18458e+09
7  36  1.0974e+09
7  37  1.01829e+09
7  38  9.65684e+08
7  39  1.00873e+09
7  40  8.7738e+08
7  41  8.64522e+08
7  42  8.43129e+08
7  43  8.57332e+08
7  44  6.07638e+08
7  45  4.37996e+08
7  46  3.57696e+08
7  47  2.89676e+08
7  48  2.53769e+08
7  49  1.98655e+08
7  50  1.51154e+08
8  0  6.89305e+08
8  1  6.69054e+08
8  2  7.17462e+08
8  3  6.064e+08
8  4  5.16204e+08
8  5  4.61285e+08
8  6  3.54326e+08
8  7  4.01472e+08
8  8  4.1115e+08
8  9  4.43839e+08
8  10  4.43109e+08
8  11  5.07828e+08
8  12  6.13521e+08
8  13  5.40332e+08
8  14  5.51233e+08
8  15  4.86862e+08
8  16  4.96823e+08
8  17  5.1659e+08
8  18  5.5003e+08
8  19  5.34455e+08
8  20  5.56192e+08
8  21  5.8871e+08
8  22  5.60295e+08
8  23  5.23852e+08
8  24  5.04925e+08
8  25  5.37059e+08
8  26  6.62498e+08
8  27  7.85545e+08
8  28  7.42928e+08
8  29  7.63211e+08
8  30  7.89192e+08
8  31  9.36404e+08
8  32  8.52776e+08
8  33  9.90492e+08
8  34  1.0686e+09
8  35  1.1092e+09
8  36  1.04875e+09
8  37  1.10908e+09
8  38  9.61939e+08
8  39  9.83376e+08
8  40  1.00683e+09
8  41  8.76475e+08
8  42  8.07743e+08
8  43  7.7901e+08
8  44  5.78913e+08
8  45  3.79774e+08
8  46  2.97693e+08
8  47  2.56612e+08
8  48  2.00386e+08
8  49  1.57613e+08
8  50  1.37318e+08
9  0  6.93922e+08
9  1  7.09975e+08
9  2  6.813e+08
9  3  5.98181e+08
9  4  5.48623e+08
9  5  4.21042e+08
9  6  3.8273e+08
9  7  4.11239e+08
9  8  4.09694e+08
9  9  4.94792e+08
9  10  4.40211e+08
9  11  5.68813e+08
9  12  6.12759e+08
9  13  5.13534e+08
9  14  5.44783e+08
9  15  4.81637e+08
9  16  4.90487e+08
9  17  5.39874e+08
9  18  5.78977e+08
9  19  5.7827e+08
9  20  5.63568e+08
9  21  5.39914e+08
9  22  5.73218e+08
9  23  6.75794e+08
9  24  5.6821e+08
9  25  5.47039e+08
9  26  7.32992e+08
9  27  7.09769e+08
9  28  6.95557e+08
9  29  8.03013e+08
9  30  8.42285e+08
9  31  1.0651e+09
9  32  9.15933e+08
9  33  9.99947e+08
9  34  1.05188e+09
9  35  9.29055e+08
9  36  1.03369e+09
9  37  1.03249e+09
9  38  1.00077e+09
9  39  9.55761e+08
9  40  9.41336e+08
9  41  8.13101e+08
9  42  7.85625e+08
9  43  7.24313e+08
9  44  4.82291e+08
9  45  3.50327e+08
9  46  2.93813e+08
9  47  2.18121e+08
9  48  2.04817e+08
9  49  1.55646e+08
9  50  1.24941e+08
10  0  7.2049e+08
10  1  7.40242e+08
10  2  6.98653e+08
10  3  6.24405e+08
10  4  5.50249e+08
10  5  4.88678e+08
10  6  4.20286e+08
10  7  3.98137e+08
10  8  4.80031e+08
10  9  4.56128e+08
10  10  5.5165e+08
10  11  5.64321e+08
10  12  5.57178e+08
10  13  5.738e+08
10  14  6.09469e+08
10  15  4.94445e+08
10  16  5.02704e+08
10  17  5.31072e+08
10  18  6.06474e+08
10  19  5.75764e+08
10  20  6.05884e+08
10  21  7.08379e+08
10  22  5.88199e+08
10  23  6.34891e+08
10  24  6.45161e+08
10  25  6.3662e+08
10  26  7.83771e+08
10  27  7.05513e+08
10  28  7.41947e+08
10  29  7.96581e+08
10  30  8.17549e+08
10  31  8.76347e+08
10  32  9.12616e+08
10  33  1.06617e+09
10  34  9.34298e+08
10  35  9.54073e+08
10  36  1.05666e+09
10  37  9.62695e+08
10  38  9.77835e+08
10  39  8.89961e+08
10  40  9.37045e+08
10  41  8.21722e+08
10  42  8.35802e+08
10  43  7.21419e+08
10  44  4.11397e+08
10  45  3.08694e+08
10  46  2.06788e+08
10  47  2.00732e+08
10  48  1.85297e+08
10  49  1.31044e+08
10  50  1.19552e+08
11  0  6.61247e+08
11  1  7.35471e+08
11  2  7.02549e+08
11  3  6.83e+08
11  4  5.62592e+08
11  5  4.91811e+08
11  6  4.70429e+08
11  7  4.2732e+08
11  8  4.27279e+08
11  9  4.64351e+08
11  10  5.33329e+08
11  11  6.48635e+08
11  12  5.94797e+08
11  13  5.40996e+08
11  14  6.18841e+08
11  15  5.03228e+08
11  16  5.54864e+08
11  17  5.18716e+08
11  18  6.38103e+08
11  19  5.74365e+08
11  20  5.98728e+08
11  21  5.94515e+08
11  22  6.12966e+08
11  23  7.03358e+08
11  24  7.04718e+08
11  25  7.17824e+08
11  26  7.65971e+08
11  27  7.39255e+08
11  28  7.33359e+08
11  29  6.94572e+08
11  30  8.52503e+08
11  31  8.77083e+08
11  32  9.44438e+08
11  33  9.87542e+08
11  34  1.00424e+09
11  35  9.46053e+08
11  36  8.93279e+08
11  37  8.52162e+08
11  38  9.43369e+08
11  39  1.0039e+09
11  40  8.83195e+08
11  41  7.59235e+08
11  42  6.73714e+08
11  43  6.4998e+08
11  44  3.85509e+08
11  45  2.62869e+08
11  46  2.05608e+08
11  47  1.53085e+08
11  48  1.39537e+08
11  49  9.74135e+07
11  50  9.74611e+07
12  0  7.61856e+08
12  1  7.46347e+08
12  2  7.17897e+08
12  3  6.84671e+08
12  4  6.35009e+08
12  5  5.10688e+08
12  6  4.93826e+08
12  7  5.28269e+08
12  8  4.57586e+08
12  9  5.06311e+08
12  10  5.05367e+08
12  11  5.38175e+08
12  12  7.17726e+08
12  13  7.13453e+08
12  14  6.14326e+08
12  15  5.35341e+08
12  16  5.89947e+08
12  17  5.98504e+08
12  18  6.05813e+08
12  19  5.53061e+08
12  20  5.50478e+08
12  21  6.0584e+08
12  22  7.46019e+08
12  23  8.34171e+08
12  24  7.36532e+08
12  25  8.70671e+08
12  26  7.55268e+08
12  27  7.19611e+08
12  28  7.60017e+08
12  29  7.98757e+08
12  30  7.39747e+08
12  31  7.8082e+08
12  32  9.62698e+08
12  33  9.50169e+08
12  34  1.03851e+09
12  35  8.26119e+08
12  36  8.37013e+08
12  37  8.0506e+08
12  38  8.13167e+08
12  39  9.66472e+08
12  40  7.92587e+08
12  41  7.67635e+08
12  42  6.86176e+08
12  43  6.24573e+08
12  44  3.04174e+08
12  45  2.79702e+08
12  46  1.64309e+08
12  47  1.3382e+08
12  48  1.17101e+08
12  49  1.15252e+08
12  50  9.12733e+07
13  0  6.97887e+08
13  1  6.83479e+08
13  2  8.28172e+08
13  3  7.18668e+08
13  4  6.49841e+08
13  5  5.81026e+08
13  6  5.38954e+08
13  7  4.60196e+08
13  8  5.15819e+08
13  9  5.19729e+08
13  10  5.15612e+08
13  11  5.8723e+08
13  12  7.48987e+08
13  13  6.70772e+08
13  14  6.67696e+08
13  15  5.74488e+08
13  16  5.45884e+08
13  17  6.55658e+08
13  18  5.83617e+08
13  19  5.88396e+08
13  20  5.42716e+08
13  21  7.0698e+08
13  22  7.39447e+08
13  23  8.49884e+08
13  24  8.81689e+08
13  25  8.12392e+08
13  26  8.7181e+08
13  27  8.48144e+08
13  28  7.77405e+08
13  29  7.39252e+08
13  30  7.95334e+08
13  31  9.31529e+08
13  32  8.90195e+08
13  33  9.52164e+08
13  34  1.02779e+09
13  35  9.40872e+08
13  36  8.76898e+08
13  37  7.35495e+08
13  38  8.4648e+08
13  39  9.32349e+08
13  40  8.70283e+08
13  41  7.45763e+08
13  42  6.65914e+08
13  43  5.19276e+08
13  44  3.34509e+08
13  45  2.53231e+08
13  46  1.84319e+08
13  47  1.39294e+08
13  48  9.75029e+07
13  49  8.97317e+07
13  50  9.51873e+07
14  0  7.26905e+08
14  1  7.91686e+08
14  2  7.10714e+08
14  3  7.80478e+08
14  4  6.72109e+08
14  5  5.82276e+08
14  6  5.91499e+08
14  7  4.89879e+08
14  8  4.80222e+08
14  9  5.13393e+08
14  10  5.29674e+08
14  11  5.58863e+08
14  12  6.65687e+08
14  13  6.44321e+08
14  14  6.69395e+08
14  15  5.56233e+08
14  16  5.17675e+08
14  17  5.50358e+08
14  18  5.92639e+08
14  19  5.21793e+08
14  20  5.88373e+08
14  21  6.06971e+08
14  22  7.2222e+08
14  23  8.57681e+08
14  24  9.14904e+08
14  25  8.92581e+08
14  26  8.68702e+08
14  27  7.7343e+08
14  28  8.12683e+08
14  29  8.50809e+08
14  30  7.98644e+08
14  31  9.09075e+08
14  32  9.70365e+08
14  33  9.53474e+08
14  34  9.31331e+08
14  35  8.56185e+08
14  36  8.68405e+08
14  37  8.00185e+08
14  38  8.63602e+08
14  39  1.00135e+09
14  40  8.79256e+08
14  41  7.81696e+08
14  42  6.63762e+08
14  43  4.16538e+08
14  44  3.26859e+08
14  45  2.26408e+08
14  46  1.69356e+08
14  47  1.28308e+08
14  48  1.00604e+08
14  49  7.25597e+07
14  50  7.762e+07
15  0  7.3347e+08
15  1  8.59631e+08
15  2  7.63016e+08
15  3  7.29758e+08
15  4  7.37926e+08
15  5  6.02177e+08
15  6  6.19532e+08
15  7  5.52114e+08
15  8  5.51769e+08
15  9  5.20985e+08
15  10  5.01044e+08
15  11  5.9217e+08
15  12  6.05648e+08
15  13  6.12441e+08
15  14  5.87612e+08
15  15  5.49169e+08
15  16  4.99187e+08
15  17  5.3222e+08
15  18  5.23345e+08
15  19  5.63903e+08
15  20  5.54815e+08
15  21  6.83645e+08
15  22  7.78129e+08
15  23  7.80801e+08
15  24  9.68989e+08
15  25  8.17549e+08
15  26  8.4178e+08
15  27  8.16544e+08
15  28  8.07858e+08
15  29  9.32014e+08
15  30  9.69929e+08
15  31  9.50115e+08
15  32  1.02211e+09
15  33  9.99848e+08
15  34  9.03641e+08
15  35  9.70565e+08
15  36  8.72698e+08
15  37  7.8347e+08
15  38  7.51606e+08
15  39  9.43104e+08
15  40  8.6137e+08
15  41  7.63947e+08
15  42  6.37306e+08
15  43  4.1951e+08
15  44  3.172e+08
15  45  1.83234e+08
15  46  1.68384e+08
15  47  1.23427e+08
15  48  1.18217e+08
15  49  9.5919e+07
15  50  9.99991e+07
16  0  7.94189e+08
16  1  8.36284e+08
16  2  7.02346e+08
16  3  7.14766e+08
16  4  7.52893e+08
16  5  6.30602e+08
16  6  6.60263e+08
16  7  5.29261e+08
16  8  4.94122e+08
16  9  5.09432e+08
16  10  4.77068e+08
16  11  5.7335e+08
16  12  5.77846e+08
16  13  5.35245e+08
16  14  5.84903e+08
16  15  5.8181e+08
16  16  5.30895e+08
16  17  5.88579e+08
16  18  5.09402e+08
16  19  5.20294e+08
16  20  5.71855e+08
16  21  6.21348e+08
16  22  7.73369e+08
16  23  7.48444e+08
16  24  8.67102e+08
16  25  9.67053e+08
16  26  9.35116e+08
16  27  9.10646e+08
16  28  9.2668e+08
16  29  8.90439e+08
16  30  8.8848e+08
16  31  9.90298e+08
16  32  9.91719e+08
16  33  9.07094e+08
16  34  1.0216e+09
16  35  9.49762e+08
16  36  7.97681e+08
16  37  7.58589e+08
16  38  8.14257e+08
16  39  8.82293e+08
16  40  7.93738e+08
16  41  7.61845e+08
16  42  5.55216e+08
16  43  3.63087e+08
16  44  2.79386e+08
16  45  1.72958e+08
16  46  1.53976e+08
16  47  1.21472e+08
16  48  8.15996e+07
16  49  8.1741e+07
16  50  8.23214e+07
17  0  8.16525e+08
17  1  7.93208e+08
17  2  7.37647e+08
17  3  6.69704e+08
17  4  7.56181e+08
17  5  6.81118e+08
17  6  6.65104e+08
17  7  5.78822e+08
17  8  5.62833e+08
17  9  5.0386e+08
17  10  4.74501e+08
17  11  5.3509e+08
17  12  5.96579e+08
17  13  5.67393e+08
17  14  5.35893e+08
17  15  5.41084e+08
17  16  5.00955e+08
17  17  5.37537e+08
17  18  5.30032e+08
17  19  5.47027e+08
17  20  5.80435e+08
17  21  6.6929e+08
17  22  6.49213e+08
17  23  7.9793e+08
17  24  8.70704e+08
17  25  8.8259e+08
17  26  8.57757e+08
17  27  9.36518e+08
17  28  9.8817e+08
17  29  8.86676e+08
17  30  9.65118e+08
17  31  9.56472e+08
17  32  9.77719e+08
17  33  9.45847e+08
17  34  9.72264e+08
17  35  8.9733e+08
17  36  7.63244e+08
17  37  6.92926e+08
17  38  6.70404e+08
17  39  8.34145e+08
17  40  7.84293e+08
17  41  6.61586e+08
17  42  5.18934e+08
17  43  3.37555e+08
17  44  2.50306e+08
17  45  1.51244e+08
17  46  1.30308e+08
17  47  9.72897e+07
17  48  9.61256e+07
17  49  1.09664e+08
17  50  6.70706e+07
18  0  7.8487e+08
18  1  7.45244e+08
18  2  8.20767e+08
18  3  7.51811e+08
18  4  6.35274e+08
18  5  6.55097e+08
18  6  7.00217e+08
18  7  5.9513e+08
18  8  6.18538e+08
18  9  5.58755e+08
18  10  4.62302e+08
18  11  4.57331e+08
18  12  4.92868e+08
18  13  4.73287e+08
18  14  5.27713e+08
18  15  5.574e+08
18  16  5.1622e+08
18  17  5.10765e+08
18  18  4.81336e+08
18  19  5.4013e+08
18  20  5.6139e+08
18  21  6.44523e+08
18  22  7.52566e+08
18  23  8.0537e+08
18  24  9.53756e+08
18  25  9.2959e+08
18  26  8.94196e+08
18  27  9.0842e+08
18  28  9.06825e+08
18  29  9.63074e+08
18  30  8.46704e+08
18  31  9.42519e+08
18  32  9.8914e+08
18  33  7.98312e+08
18  34  9.55902e+08
18  35  8.62057e+08
18  36  7.59255e+08
18  37  6.39484e+08
18  38  6.86038e+08
18  39  8.22162e+08
18  40  7.99281e+08
18  41  6.96644e+08
18  42  5.77796e+08
18  43  3.13943e+08
18  44  2.31562e+08
18  45  1.45544e+08
18  46  1.31562e+08
18  47  9.81271e+07
18  48  1.08471e+08
18  49  7.36341e+07
18  50  7.80662e+07
19  0  7.74692e+08
19  1  7.53083e+08
19  2  7.37604e+08
19  3  7.81364e+08
19  4  7.16213e+08
19  5  6.70323e+08
19  6  6.78609e+08
19  7  7.12915e+08
19  8  6.14573e+08
19  9  6.05359e+08
19  10  4.82651e+08
19  11  4.35715e+08
19  12  4.56932e+08
19  13  4.5985e+08
19  14  4.60764e+08
19  15  4.71901e+08
19  16  6.06683e+08
19  17  4.7232e+08
19  18  4.70761e+08
19  19  5.17477e+08
19  20  5.22128e+08
19  21  6.77481e+08
19  22  7.34023e+08
19  23  8.5789e+08
19  24  8.45049e+08
19  25  9.84039e+08
19  26  9.51552e+08
19  27  9.25148e+08
19  28  9.50234e+08
19  29  9.83483e+08
19  30  9.87276e+08
19  31  8.69725e+08
19  32  9.49323e+08
19  33  8.64308e+08
19  34  9.38151e+08
19  35  8.93927e+08
19  36  7.66791e+08
19  37  6.00044e+08
19  38  5.94055e+08
19  39  7.27753e+08
19  40  7.20147e+08
19  41  5.64516e+08
19  42  4.25824e+08
19  43  2.88185e+08
19  44  1.64543e+08
19  45  1.28513e+08
19  46  1.31218e+08
19  47  8.6034e+07
19  48  6.8117e+07
19  49  7.87063e+07
19  50  7.80608e+07
20  0  8.75237e+08
20  1  8.33611e+08
20  2  7.91215e+08
20  3  6.67572e+08
20  4  6.77485e+08
20  5  7.18058e+08
20  6  7.66784e+08
20  7  6.87727e+08
20  8  6.84979e+08
20  9  6.25241e+08
20  10  4.13621e+08
20  11  4.09604e+08
20  12  4.37597e+08
20  13  4.36545e+08
20  14  4.58201e+08
20  15  4.58769e+08
20  16  5.17848e+08
20  17  5.42905e+08
20  18  4.68414e+08
20  19  5.05735e+08
20  20  5.65024e+08
20  21  5.91355e+08
20  22  8.34663e+08
20  23  8.22955e+08
20  24  9.09715e+08
20  25  9.15579e+08
20  26  9.70863e+08
20  27  9.83376e+08
20  28  1.00521e+09
20  29  9.98381e+08
20  30  9.14622e+08
20  31  9.62841e+08
20  32  9.9606e+08
20  33  1.00339e+09
20  34  8.30707e+08
20  35  8.88262e+08
20  36  8.84516e+08
20  37  5.75567e+08
20  38  5.58456e+08
20  39  6.88819e+08
20  40  6.33084e+08
20  41  5.97953e+08
20  42  4.05527e+08
20  43  2.72674e+08
20  44  1.65513e+08
20  45  1.38616e+08
20  46  1.01998e+08
20  47  7.99132e+07
20  48  7.04857e+07
20  49  8.82711e+07
20  50  7.06196e+07
21  0  9.15218e+08
21  1  8.60892e+08
21  2  7.49651e+08
21  3  7.4586e+08
21  4  6.80634e+08
21  5  7.55258e+08
21  6  7.38135e+08
21  7  7.54209e+08
21  8  7.10338e+08
21  9  5.99257e+08
21  10  4.86565e+08
21  11  5.38995e+08
21  12  3.88806e+08
21  13  4.33057e+08
21  14  4.64823e+08
21  15  4.11576e+08
21  16  4.47525e+08
21  17  4.97652e+08
21  18  4.74779e+08
21  19  5.30826e+08
21  20  5.72771e+08
21  21  6.4425e+08
21  22  8.54698e+08
21  23  9.11483e+08
21  24  9.17984e+08
21  25  9.90419e+08
21  26  9.60887e+08
21  27  9.49015e+08
21  28  1.08452e+09
21  29  9.65074e+08
21  30  9.69141e+08
21  31  9.96907e+08
21  32  9.4712e+08
21  33  9.42266e+08
21  34  8.58016e+08
21  35  7.81873e+08
21  36  7.96782e+08
21  37  5.342e+08
21  38  5.43262e+08
21  39  6.21424e+08
21  40  6.4806e+08
21  41  5.0533e+08
21  42  3.31167e+08
21  43  2.43919e+08
21  44  1.70176e+08
21  45  1.21318e+08
21  46  1.19132e+08
21  47  9.04681e+07
21  48  6.07317e+07
21  49  8.42263e+07
21  50  6.94119e+07
22  0  9.34123e+08
22  1  9.00454e+08
22  2  7.73472e+08
22  3  7.38873e+08
22  4  7.28373e+08
22  5  6.63979e+08
22  6  7.59696e+08
22  7  6.88682e+08
22  8  6.03836e+08
22  9  6.36606e+08
22  10  5.53282e+08
22  11  4.28661e+08
22  12  3.81103e+08
22  13  3.89689e+08
22  14  4.54819e+08
22  15  4.31043e+08
22  16  4.74326e+08
22  17  5.29922e+08
22  18  4.86107e+08
22  19  5.01469e+08
22  20  5.54857e+08
22  21  7.77748e+08
22  22  8.16101e+08
22  23  9.18884e+08
22  24  9.7036e+08
22  25  1.10698e+09
22  26  9.87946e+08
22  27  9.53264e+08
22  28  9.26385e+08
22  29  9.4079e+08
22  30  9.23027e+08
22  31  8.75693e+08
22  32  9.7963e+08
22  33  8.67213e+08
22  34  8.48241e+08
22  35  8.01625e+08
22  36  6.75777e+08
22  37  5.37019e+08
22  38  5.52466e+08
22  39  5.8666e+08
22  40  5.34146e+08
22  41  4.33459e+08
22  42  2.9752e+08
22  43  2.141e+08
22  44  1.44455e+08
22  45  1.27212e+08
22  46  9.28054e+07
22  47  7.89891e+07
22  48  5.65316e+07
22  49  7.26671e+07
22  50  6.91498e+07
23  0  8.4824e+08
23  1  8.47299e+08
23  2  7.60552e+08
23  3  7.29906e+08
23  4  6.07139e+08
23  5  7.67944e+08
23  6  7.91456e+08
23  7  6.78639e+08
23  8  7.09061e+08
23  9  6.11966e+08
23  10  5.25921e+08
23  11  4.94128e+08
23  12  4.49804e+08
23  13  4.58623e+08
23  14  4.57931e+08
23  15  4.46951e+08
23  16  4.89165e+08
23  17  4.74498e+08
23  18  5.4378e+08
23  19  5.34576e+08
23  20  5.824e+08
23  21  7.19398e+08
23  22  8.34566e+08
23  23  9.55803e+08
23  24  9.05897e+08
23  25  1.03264e+09
23  26  9.94748e+08
23  27  1.10269e+09
23  28  9.75792e+08
23  29  1.03917e+09
23  30  9.34539e+08
23  31  1.03086e+09
23  32  9.4214e+08
23  33  7.67582e+08
23  34  7.46012e+08
23  35  6.65109e+08
23  36  6.23151e+08
23  37  5.29873e+08
23  38  5.61529e+08
23  39  5.7322e+08
23  40  4.46985e+08
23  41  3.56897e+08
23  42  2.60054e+08
23  43  1.65969e+08
23  44  1.38428e+08
23  45  1.01696e+08
23  46  8.36748e+07
23  47  6.6169e+07
23  48  6.47619e+07
23  49  7.24011e+07
23  50  5.49521e+07
24  0  9.57121e+08
24  1  8.89234e+08
24  2  7.79135e+08
24  3  6.36582e+08
24  4  6.60421e+08
24  5  6.99244e+08
24  6  8.10143e+08
24  7  8.48715e+08
24  8  6.50167e+08
24  9  5.61608e+08
24  10  4.67708e+08
24  11  4.08663e+08
24  12  3.7062e+08
24  13  4.70966e+08
24  14  4.82463e+08
24  15  5.02278e+08
24  16  5.5591e+08
24  17  5.9638e+08
24  18  5.63179e+08
24  19  5.67142e+08
24  20  6.05733e+08
24  21  7.31381e+08
24  22  9.20482e+08
24  23  9.3938e+08
24  24  9.7456e+08
24  25  1.03411e+09
24  26  9.87226e+08
24  27  1.11522e+09
24  28  9.64026e+08
24  29  9.97198e+08
24  30  1.07956e+09
24  31  9.16841e+08
24  32  9.20577e+08
24  33  8.6593e+08
24  34  7.4067e+08
24  35  6.51652e+08
24  36  5.59601e+08
24  37  5.48923e+08
24  38  4.72559e+08
24  39  4.99734e+08
24  40  4.51381e+08
24  41  3.14974e+08
24  42  2.53194e+08
24  43  1.81917e+08
24  44  1.37443e+08
24  45  1.00935e+08
24  46  9.70535e+07
24  47  8.00125e+07
24  48  5.83291e+07
24  49  7.56638e+07
24  50  6.668e+07
25  0  7.31119e+08
25  1  8.95176e+08
25  2  8.60016e+08
25  3  7.59734e+08
25  4  6.99141e+08
25  5  7.10972e+08
25  6  8.86878e+08
25  7  7.99079e+08
25  8  6.82136e+08
25  9  6.09958e+08
25  10  5.00919e+08
25  11  4.43154e+08
25  12  4.27578e+08
25  13  4.6274e+08
25  14  4.73378e+08
25  15  5.12979e+08
25  16  5.84102e+08
25  17  6.24224e+08
25  18  5.89287e+08
25  19  6.46632e+08
25  20  6.67442e+08
25  21  7.16715e+08
25  22  7.87713e+08
25  23  9.3073e+08
25  24  9.74134e+08
25  25  1.0693e+09
25  26  1.08698e+09
25  27  1.07494e+09
25  28  8.84514e+08
25  29  9.86878e+08
25  30  8.8067e+08
25  31  9.79877e+08
25  32  9.03125e+08
25  33  7.76076e+08
25  34  8.08879e+08
25  35  7.08208e+08
25  36  5.89109e+08
25  37  4.67855e+08
25  38  4.74474e+08
25  39  3.63391e+08
25  40  3.57902e+08
25  41  2.88611e+08
25  42  2.11587e+08
25  43  1.65817e+08
25  44  1.06991e+08
25  45  1.05997e+08
25  46  7.3013e+07
25  47  7.42789e+07
25  48  6.99529e+07
25  49  7.63953e+07
25  50  6.0631e+07
26  0  8.75103e+08
26  1  8.46206e+08
26  2  9.0738e+08
26  3  8.12178e+08
26  4  7.11637e+08
26  5  7.12876e+08
26  6  8.13101e+08
26  7  7.89884e+08
26  8  7.47128e+08
26  9  5.691e+08
26  10  4.41103e+08
26  11  4.06911e+08
26  12  4.73544e+08
26  13  5.01684e+08
26  14  5.66052e+08
26  15  6.00106e+08
26  16  5.71748e+08
26  17  6.5572e+08
26  18  6.21253e+08
26  19  6.37168e+08
26  20  7.54245e+08
26  21  7.78694e+08
26  22  9.10343e+08
26  23  9.67013e+08
26  24  1.059e+09
26  25  1.06472e+09
26  26  1.03155e+09
26  27  9.70399e+08
26  28  1.02987e+09
26  29  9.77331e+08
26  30  9.9364e+08
26  31  8.84184e+08
26  32  8.35699e+08
26  33  6.77348e+08
26  34  7.00689e+08
26  35  5.81345e+08
26  36  4.69056e+08
26  37  4.22703e+08
26  38  4.01089e+08
26  39  3.40122e+08
26  40  3.01118e+08
26  41  2.42157e+08
26  42  1.58301e+08
26  43  1.53102e+08
26  44  1.05216e+08
26  45  9.6308e+07
26  46  8.38795e+07
26  47  7.5449e+07
26  48  8.40596e+07
26  49  7.40555e+07
26  50  4.25112e+07
27  0  8.80427e+08
27  1  8.09373e+08
27  2  8.53406e+08
27  3  7.52656e+08
27  4  7.04228e+08
27  5  8.14954e+08
27  6  8.66727e+08
27  7  8.40544e+08
27  8  6.63427e+08
27  9  5.21743e+08
27  10  4.51712e+08
27  11  4.93381e+08
27  12  5.24266e+08
27  13  5.49999e+08
27  14  6.47179e+08
27  15  6.72092e+08
27  16  5.98214e+08
27  17  6.11762e+08
27  18  6.85327e+08
27  19  6.94374e+08
27  20  6.83073e+08
27  21  7.97936e+08
27  22  9.23172e+08
27  23  1.05745e+09
27  24  9.85913e+08
27  25  9.57309e+08
27  26  1.05903e+09
27  27  1.0106e+09
27  28  9.27508e+08
27  29  9.63805e+08
27  30  9.1282e+08
27  31  8.82178e+08
27  32  7.95692e+08
27  33  6.72803e+08
27  34  6.08035e+08
27  35  4.72267e+08
27  36  4.33041e+08
27  37  3.08441e+08
27  38  2.7376e+08
27  39  2.99687e+08
27  40  2.34726e+08
27  41  1.90774e+08
27  42  1.55579e+08
27  43  1.24858e+08
27  44  1.08643e+08
27  45  7.00124e+07
27  46  7.38727e+07
27  47  6.54404e+07
27  48  6.28896e+07
27  49  4.82954e+07
27  50  5.34877e+07
28  0  8.29433e+08
28  1  7.84795e+08
28  2  8.45254e+08
28  3  7.41827e+08
28  4  7.41723e+08
28  5  6.67358e+08
28  6  7.60123e+08
28  7  6.84982e+08
28  8  6.52546e+08
28  9  4.67632e+08
28  10  4.71312e+08
28  11  5.34034e+08
28  12  5.87358e+08
28  13  6.11925e+08
28  14  5.87725e+08
28  15  6.8778e+08
28  16  7.11643e+08
28  17  6.79839e+08
28  18  7.14908e+08
28  19  8.16143e+08
28  20  7.9256e+08
28  21  8.57972e+08
28  22  1.00169e+09
28  23  9.54795e+08
28  24  1.00869e+09
28  25  1.0119e+09
28  26  9.5002e+08
28  27  9.4465e+08
28  28  8.87081e+08
28  29  9.89434e+08
28  30  8.93551e+08
28  31  8.38795e+08
28  32  7.11597e+08
28  33  6.25109e+08
28  34  4.59834e+08
28  35  3.97799e+08
28  36  3.66727e+08
28  37  2.65425e+08
28  38  2.95831e+08
28  39  3.0466e+08
28  40  2.11746e+08
28  41  1.70898e+08
28  42  1.41699e+08
28  43  1.07709e+08
28  44  8.73599e+07
28  45  7.02843e+07
28  46  6.94164e+07
28  47  7.12887e+07
28  48  4.69329e+07
28  49  7.77868e+07
28  50  4.07605e+07
29  0  7.55641e+08
29  1  7.41156e+08
29  2  7.74159e+08
29  3  6.77844e+08
29  4  7.05804e+08
29  5  6.39565e+08
29  6  7.79481e+08
29  7  7.66004e+08
29  8  6.15018e+08
29  9  5.36728e+08
29  10  4.53157e+08
29  11  5.47354e+08
29  12  6.29916e+08
29  13  6.27731e+08
29  14  7.02194e+08
29  15  6.82766e+08
29  16  7.77908e+08
29  17  7.94765e+08
29  18  8.24162e+08
29  19  7.93851e+08
29  20  7.37086e+08
29  21  7.9705e+08
29  22  1.00273e+09
29  23  9.26909e+08
29  24  9.89145e+08
29  25  1.05496e+09
29  26  1.02102e+09
29  27  1.00996e+09
29  28  1.07596e+09
29  29  9.34736e+08
29  30  9.60017e+08
29  31  7.00953e+08
29  32  6.62232e+08
29  33  5.26899e+08
29  34  4.34774e+08
29  35  3.53555e+08
29  36  2.87927e+08
29  37  2.65173e+08
29  38  2.36253e+08
29  39  2.45874e+08
29  40  1.82592e+08
29  41  1.79265e+08
29  42  1.41736e+08
29  43  1.15608e+08
29  44  8.26988e+07
29  45  6.04819e+07
29  46  6.11112e+07
29  47  6.40126e+07
29  48  5.63027e+07
29  49  4.36652e+07
29  50  4.43158e+07
30  0  7.98344e+08
30  1  7.77294e+08
30  2  7.95376e+08
30  3  7.39969e+08
30  4  7.12159e+08
30  5  7.64178e+08
30  6  8.41235e+08
30  7  7.60234e+08
30  8  6.63487e+08
30  9  5.66209e+08
30  10  4.57111e+08
30  11  5.78075e+08
30  12  6.87666e+08
30  13  6.85144e+08
30  14  6.43757e+08
30  15  7.47846e+08
30  16  8.36323e+08
30  17  7.53984e+08
30  18  7.50115e+08
30  19  7.78523e+08
30  20  8.64071e+08
30  21  9.51778e+08
30  22  9.24009e+08
30  23  9.73259e+08
30  24  1.02561e+09
30  25  1.03272e+09
30  26  1.04522e+09
30  27  1.09071e+09
30  28  9.0592e+08
30  29  8.42465e+08
30  30  8.79869e+08
30  31  7.61244e+08
30  32  6.97816e+08
30  33  5.60627e+08
30  34  4.66409e+08
30  35  3.47089e+08
30  36  2.88424e+08
30  37  2.23732e+08
30  38  1.95718e+08
30  39  1.7728e+08
30  40  1.67228e+08
30  41  1.6627e+08
30  42  1.18227e+08
30  43  1.01153e+08
30  44  7.28324e+07
30  45  9.22266e+07
30  46  6.35604e+07
30  47  6.56981e+07
30  48  6.62817e+07
30  49  5.68188e+07
30  50  3.68572e+07
31  0  7.53926e+08
31  1  7.82957e+08
31  2  6.73699e+08
31  3  6.57819e+08
31  4  6.46984e+08
31  5  7.47761e+08
31  6  7.12135e+08
31  7  7.45844e+08
31  8  6.26631e+08
31  9  5.33405e+08
31  10  5.54851e+08
31  11  6.09471e+08
31  12  6.91947e+08
31  13  7.394e+08
31  14  7.77113e+08
31  15  7.9029e+08
31  16  7.5875e+08
31  17  8.11001e+08
31  18  7.5059e+08
31  19  9.50286e+08
31  20  9.16632e+08
31  21  1.09309e+09
31  22  9.37295e+08
31  23  9.71885e+08
31  24  9.71384e+08
31  25  1.03702e+09
31  26  1.01641e+09
31  27  9.68277e+08
31  28  8.33348e+08
31  29  9.06394e+08
31  30  8.46317e+08
31  31  7.4851e+08
31  32  5.74817e+08
31  33  4.47043e+08
31  34  3.42418e+08
31  35  3.12763e+08
31  36  2.41346e+08
31  37  2.32273e+08
31  38  1.97399e+08
31  39  1.71197e+08
31  40  1.3902e+08
31  41  1.14948e+08
31  42  9.97737e+07
31  43  9.15438e+07
31  44  8.66518e+07
31  45  5.82229e+07
31  46  5.63641e+07
31  47  8.02937e+07
31  48  5.33192e+07
31  49  5.55108e+07
31  50  6.52925e+07
32  0  6.66911e+08
32  1  7.47709e+08
32  2  6.96033e+08
32  3  6.48823e+08
32  4  7.43659e+08
32  5  7.16833e+08
32  6  7.88607e+08
32  7  7.70386e+08
32  8  7.18694e+08
32  9  5.87067e+08
32  10  6.1757e+08
32  11  7.36785e+08
32  12  7.57348e+08
32  13  7.33948e+08
32  14  7.97708e+08
32  15  8.51848e+08
32  16  9.08628e+08
32  17  8.71031e+08
32  18  8.61128e+08
32  19  7.76407e+08
32  20  9.0435e+08
32  21  9.36081e+08
32  22  1.02065e+09
32  23  1.03392e+09
32  24  1.04244e+09
32  25  9.65695e+08
32  26  9.86575e+08
32  27  9.17573e+08
32  28  9.01224e+08
32  29  8.6853e+08
32  30  7.13304e+08
32  31  6.49867e+08
32  32  5.36094e+08
32  33  4.00833e+08
32  34  3.1132e+08
32  35  2.52386e+08
32  36  1.90986e+08
32  37  1.73575e+08
32  38  1.51248e+08
32  39  1.63025e+08
32  40  1.30196e+08
32  41  1.17356e+08
32  42  8.59377e+07
32  43  7.95315e+07
32  44  8.7209e+07
32  45  6.04897e+07
32  46  7.52732e+07
32  47  4.52646e+07
32  48  6.78092e+07
32  49  4.73178e+07
32  50  5.9589e+07
33  0  8.15466e+08
33  1  6.32125e+08
33  2  7.26215e+08
33  3  6.7379e+08
33  4  7.18968e+08
33  5  7.68964e+08
33  6  7.96479e+08
33  7  7.75419e+08
33  8  8.02304e+08
33  9  6.3021e+08
33  10  5.98968e+08
33  11  7.25948e+08
33  12  8.17309e+08
33  13  8.7114e+08
33  14  8.52231e+08
33  15  9.44235e+08
33  16  9.09862e+08
33  17  9.26073e+08
33  18  9.52136e+08
33  19  9.52765e+08
33  20  9.17611e+08
33  21  1.04661e+09
33  22  1.06992e+09
33  23  1.13876e+09
33  24  1.07587e+09
33  25  9.54229e+08
33  26  1.01555e+09
33  27  9.15365e+08
33  28  8.31749e+08
33  29  7.4199e+08
33  30  7.36804e+08
33  31  5.6794e+08
33  32  5.17063e+08
33  33  3.76257e+08
33  34  2.8501e+08
33  35  2.48522e+08
33  36  1.82542e+08
33  37  1.69729e+08
33  38  1.47329e+08
33  39  1.44342e+08
33  40  1.32157e+08
33  41  1.26752e+08
33  42  9.63536e+07
33  43  7.40886e+07
33  44  5.65103e+07
33  45  6.83111e+07
33  46  5.84072e+07
33  47  7.81506e+07
33  48  5.45961e+07
33  49  5.68466e+07
33  50  6.34406e+07
34  0  7.36765e+08
34  1  7.08783e+08
34  2  7.38189e+08
34  3  6.83891e+08
34  4  7.69423e+08
34  5  8.50282e+08
34  6  8.65188e+08
34  7  8.90771e+08
34  8  7.52971e+08
34  9  6.8959e+08
34  10  7.03157e+08
34  11  6.48967e+08
34  12  8.12046e+08
34  13  8.31835e+08
34  14  8.2588e+08
34  15  9.8425e+08
34  16  1.00224e+09
34  17  9.38842e+08
34  18  9.8645e+08
34  19  1.0107e+09
34  20  9.91704e+08
34  21  9.97935e+08
34  22  1.16091e+09
34  23  1.07432e+09
34  24  1.04922e+09
34  25  1.00706e+09
34  26  9.75473e+08
34  27  9.83246e+08
34  28  8.84344e+08
34  29  7.8206e+08
34  30  6.91986e+08
34  31  5.40401e+08
34  32  4.67114e+08
34  33  3.34159e+08
34  34  2.57465e+08
34  35  1.88364e+08
34  36  1.67457e+08
34  37  1.71171e+08
34  38  1.58139e+08
34  39  1.50226e+08
34  40  1.36458e+08
34  41  1.05774e+08
34  42  8.88267e+07
34  43  6.4614e+07
34  44  7.82569e+07
34  45  7.09698e+07
34  46  6.40212e+07
34  47  5.63632e+07
34  48  6.11875e+07
34  49  6.24788e+07
34  50  5.719e+07
35  0  8.65947e+08
35  1  7.79395e+08
35  2  7.83853e+08
35  3  7.77759e+08
35  4  8.59701e+08
35  5  8.55956e+08
35  6  9.3822e+08
35  7  8.39175e+08
35  8  8.80994e+08
35  9  7.32403e+08
35  10  6.79494e+08
35  11  7.17723e+08
35  12  8.10587e+08
35  13  9.14074e+08
35  14  8.0951e+08
35  15  9.67185e+08
35  16  1.00547e+09
35  17  1.00543e+09
35  18  9.7689e+08
35  19  9.8167e+08
35  20  9.8247e+08
35  21  9.47035e+08
35  22  1.20922e+09
35  23  1.02636e+09
35  24  1.02937e+09
35  25  9.33568e+08
35  26  9.34212e+08
35  27  9.54179e+08
35  28  8.16959e+08
35  29  7.39677e+08
35  30  7.09976e+08
35  31  4.92297e+08
35  32  3.76977e+08
35  33  2.95209e+08
35  34  2.24283e+08
35  35  1.83458e+08
35  36  1.56794e+08
35  37  1.4045e+08
35  38  1.49562e+08
35  39  1.35212e+08
35  40  1.13892e+08
35  41  1.04894e+08
35  42  7.81869e+07
35  43  9.28953e+07
35  44  5.62502e+07
35  45  6.98553e+07
35  46  5.92009e+07
35  47  7.1702e+07
35  48  5.69124e+07
35  49  5.85099e+07
35  50  4.32354e+07
36  0  8.54346e+08
36  1  7.87787e+08
36  2  7.39642e+08
36  3  8.07678e+08
36  4  8.23644e+08
36  5  7.9224e+08
36  6  9.12972e+08
36  7  8.53133e+08
36  8  8.32751e+08
36  9  8.70592e+08
36  10  7.52132e+08
36  11  7.65808e+08
36  12  7.82514e+08
36  13  8.90085e+08
36  14  9.65445e+08
36  15  9.58363e+08
36  16  9.7862e+08
36  17  9.9982e+08
36  18  1.0089e+09
36  19  1.06471e+09
36  20  1.05256e+09
36  21  1.07669e+09
36  22  1.06833e+09
36  23  1.06328e+09
36  24  1.02707e+09
36  25  9.9692e+08
36  26  9.51822e+08
36  27  8.64522e+08
36  28  7.6339e+08
36  29  7.3261e+08
36  30  5.71285e+08
36  31  4.57919e+08
36  32  2.95684e+08
36  33  2.62261e+08
36  34  1.71461e+08
36  35  1.3789e+08
36  36  1.55359e+08
36  37  1.36597e+08
36  38  1.26034e+08
36  39  1.0904e+08
36  40  1.33168e+08
36  41  1.0501e+08
36  42  7.35824e+07
36  43  5.19525e+07
36  44  8.37128e+07
36  45  7.17134e+07
36  46  6.00554e+07
36  47  5.40561e+07
36  48  5.25803e+07
36  49  5.81611e+07
36  50  5.23657e+07
37  0  7.78802e+08
37  1  7.58854e+08
37  2  7.52166e+08
37  3  8.06086e+08
37  4  8.94187e+08
37  5  9.17495e+08
37  6  9.50988e+08
37  7  8.8352e+08
37  8  9.5828e+08
37  9  8.5193e+08
37  10  8.11959e+08
37  11  7.19281e+08
37  12  8.58593e+08
37  13  9.58367e+08
37  14  1.00696e+09
37  15  9.36064e+08
37  16  9.4961e+08
37  17  1.00358e+09
37  18  9.70811e+08
37  19  1.02262e+09
37  20  1.04649e+09
37  21  9.56286e+08
37  22  1.07252e+09
37  23  1.12741e+09
37  24  1.07391e+09
37  25  9.86938e+08
37  26  9.53759e+08
37  27  8.13781e+08
37  28  7.15435e+08
37  29  6.76528e+08
37  30  4.81334e+08
37  31  3.48752e+08
37  32  2.67123e+08
37  33  2.29179e+08
37  34  1.63158e+08
37  35  1.37661e+08
37  36  1.35964e+08
37  37  1.24868e+08
37  38  1.13715e+08
37  39  1.16591e+08
37  40  1.02264e+08
37  41  1.03381e+08
37  42  8.98803e+07
37  43  8.83815e+07
37  44  5.60272e+07
37  45  6.53281e+07
37  46  9.28808e+07
37  47  5.92758e+07
37  48  5.85038e+07
37  49  3.26187e+07
37  50  6.13787e+07
38  0  1.01119e+09
38  1  7.85595e+08
38  2  9.37892e+08
38  3  9.0212e+08
38  4  8.95715e+08
38  5  8.96006e+08
38  6  9.2252e+08
38  7  9.26618e+08
38  8  8.93582e+08
38  9  8.59126e+08
38  10  8.79739e+08
38  11  8.81462e+08
38  12  9.06176e+08
38  13  9.75327e+08
38  14  1.02393e+09
38  15  9.43709e+08
38  16  1.11303e+09
38  17  9.82786e+08
38  18  1.02898e+09
38  19  9.53598e+08
38  20  1.01725e+09
38  21  1.11039e+09
38  22  1.06061e+09
38  23  1.08962e+09
38  24  9.45122e+08
38  25  1.01104e+09
38  26  8.55161e+08
38  27  9.28388e+08
38  28  7.48009e+08
38  29  5.51163e+08
38  30  4.57159e+08
38  31  3.25799e+08
38  32  2.27366e+08
38  33  2.13045e+08
38  34  1.43023e+08
38  35  1.37373e+08
38  36  1.28955e+08
38  37  1.14272e+08
38  38  1.37769e+08
38  39  1.06729e+08
38  40  1.06098e+08
38  41  9.51737e+07
38  42  8.212e+07
38  43  6.32109e+07
38  44  7.4407e+07
38  45  5.3712e+07
38  46  5.59021e+07
38  47  7.01262e+07
38  48  6.99027e+07
38  49  5.1725e+07
38  50  4.70957e+07
39  0  9.30339e+08
39  1  9.36398e+08
39  2  8.52505e+08
39  3  9.00181e+08
39  4  8.96555e+08
39  5  9.68179e+08
39  6  1.00499e+09
39  7  9.25902e+08
39  8  8.55149e+08
39  9  9.27852e+08
39  10  9.14503e+08
39  11  8.58469e+08
39  12  8.29149e+08
39  13  9.30052e+08
39  14  9.92269e+08
39  15  1.07259e+09
39  16  1.01389e+09
39  17  1.10788e+09
39  18  1.07126e+09
39  19  1.05334e+09
39  20  1.02171e+09
39  21  1.04833e+09
39  22  1.13941e+09
39  23  8.62639e+08
39  24  9.62338e+08
39  25  8.82452e+08
39  26  8.0526e+08
39  27  8.00481e+08
39  28  7.20959e+08
39  29  4.77969e+08
39  30  3.87334e+08
39  31  2.80547e+08
39  32  2.49323e+08
39  33  1.68963e+08
39  34  1.35086e+08
39  35  1.34282e+08
39  36  9.06276e+07
39  37  1.26279e+08
39  38  1.49216e+08
39  39  1.14718e+08
39  40  1.08417e+08
39  41  8.19878e+07
39  42  7.61527e+07
39  43  7.78326e+07
39  44  6.87414e+07
39  45  7.96075e+07
39  46  6.31461e+07
39  47  7.25687e+07
39  48  7.74612e+07
39  49  5.84483e+07
39  50  6.95947e+07
40  0  1.01307e+09
40  1  9.61204e+08
40  2  9.68708e+08
40  3  9.28288e+08
40  4  9.6531e+08
40  5  1.05847e+09
40  6  8.72267e+08
40  7  1.09374e+09
40  8  8.97892e+08
40  9  8.85521e+08
40  10  8.84135e+08
40  11  9.12706e+08
40  12  9.45646e+08
40  13  9.83674e+08
40  14  1.06759e+09
40  15  1.05705e+09
40  16  1.07797e+09
40  17  1.04633e+09
40  18  1.0559e+09
40  19  1.05586e+09
40  20  1.02597e+09
40  21  1.05616e+09
40  22  1.05995e+09
40  23  1.11276e+09
40  24  9.66441e+08
40  25  8.53893e+08
40  26  8.13387e+08
40  27  6.76444e+08
40  28  5.47838e+08
40  29  4.81413e+08
40  30  3.47109e+08
40  31  2.38892e+08
40  32  1.953e+08
40  33  1.55576e+08
40  34  1.43454e+08
40  35  1.15485e+08
40  36  9.33231e+07
40  37  1.10942e+08
40  38  1.25559e+08
40  39  1.08333e+08
40  40  7.64376e+07
40  41  5.21718e+07
40  42  6.86233e+07
40  43  7.74966e+07
40  44  6.51322e+07
40  45  5.19231e+07
40  46  8.12412e+07
40  47  6.71567e+07
40  48  5.38315e+07
40  49  5.7809e+07
40  50  6.09235e+07
41  0  1.09536e+09
41  1  8.82239e+08
41  2  9.79979e+08
41  3  9.76296e+08
41  4  9.51723e+08
41  5  9.0718e+08
41  6  1.01194e+09
41  7  1.02825e+09
41  8  9.6599e+08
41  9  8.86583e+08
41  10  8.20904e+08
41  11  8.64255e+08
41  12  8.62332e+08
41  13  9.61866e+08
41  14  1.0129e+09
41  15  1.06183e+09
41  16  9.96202e+08
41  17  9.42787e+08
41  18  9.90834e+08
41  19  9.92641e+08
41  20  1.00152e+09
41  21  9.28363e+08
41  22  9.70804e+08
41  23  9.65986e+08
41  24  8.91187e+08
41  25  7.85921e+08
41  26  7.32166e+08
41  27  6.25173e+08
41  28  5.14963e+08
41  29  3.50575e+08
41  30  2.54192e+08
41  31  2.05768e+08
41  32  1.60993e+08
41  33  1.30173e+08
41  34  1.25582e+08
41  35  1.26708e+08
41  36  8.95995e+07
41  37  1.04401e+08
41  38  1.02784e+08
41  39  9.76168e+07
41  40  1.10892e+08
41  41  9.5043e+07
41  42  6.9577e+07
41  43  6.47522e+07
41  44  7.37375e+07
41  45  8.33745e+07
41  46  5.81459e+07
41  47  5.6227e+07
41  48  4.50046e+07
41  49  4.77411e+07
41  50  5.93559e+07
42  0  9.78465e+08
42  1  1.01943e+09
42  2  9.68866e+08
42  3  9.75826e+08
42  4  1.03644e+09
42  5  1.1726e+09
42  6  1.03309e+09
42  7  1.025e+09
42  8  9.16299e+08
42  9  8.85333e+08
42  10  9.92665e+08
42  11  9.32722e+08
42  12  9.97344e+08
42  13  1.04736e+09
42  14  9.82538e+08
42  15  9.78811e+08
42  16  1.05716e+09
42  17  1.13223e+09
42  18  1.01578e+09
42  19  1.12858e+09
42  20  1.01876e+09
42  21  1.01657e+09
42  22  1.03809e+09
42  23  9.06046e+08
42  24  7.98638e+08
42  25  6.92317e+08
42  26  6.3686e+08
42  27  5.53337e+08
42  28  4.69483e+08
42  29  3.17323e+08
42  30  2.29822e+08
42  31  1.8488e+08
42  32  1.43939e+08
42  33  1.24601e+08
42  34  1.16308e+08
42  35  9.64304e+07
42  36  1.08629e+08
42  37  9.98162e+07
42  38  1.32488e+08
42  39  1.06562e+08
42  40  8.07914e+07
42  41  5.58188e+07
42  42  7.77367e+07
42  43  8.03004e+07
42  44  6.79894e+07
42  45  7.44012e+07
42  46  5.04105e+07
42  47  5.0904e+07
42  48  4.60065e+07
42  49  5.30757e+07
42  50  4.85179e+07
43  0  9.18388e+08
43  1  1.11483e+09
43  2  9.75932e+08
43  3  9.4275e+08
43  4  1.01704e+09
43  5  1.0448e+09
43  6  1.07908e+09
43  7  1.00467e+09
43  8  9.78239e+08
43  9  9.85034e+08
43  10  8.44402e+08
43  11  9.19955e+08
43  12  9.0329e+08
43  13  9.67192e+08
43  14  9.90802e+08
43  15  1.03625e+09
43  16  8.501e+08
43  17  9.81541e+08
43  18  1.04689e+09
43  19  9.18908e+08
43  20  8.88919e+08
43  21  9.04583e+08
43  22  9.05317e+08
43  23  8.12706e+08
43  24  8.19145e+08
43  25  6.33255e+08
43  26  4.85232e+08
43  27  4.15147e+08
43  28  3.81233e+08
43  29  2.85182e+08
43  30  2.03181e+08
43  31  1.78183e+08
43  32  1.38575e+08
43  33  1.17412e+08
43  34  1.00607e+08
43  35  9.13913e+07
43  36  8.59068e+07
43  37  1.1255e+08
43  38  1.06983e+08
43  39  7.69269e+07
43  40  6.12858e+07
43  41  7.59523e+07
43  42  6.84346e+07
43  43  6.91978e+07
43  44  4.99404e+07
43  45  4.89732e+07
43  46  5.19732e+07
43  47  6.15812e+07
43  48  4.5785e+07
43  49  5.06891e+07
43  50  3.26569e+07
44  0  9.28975e+08
44  1  8.82208e+08
44  2  8.48183e+08
44  3  8.91622e+08
44  4  9.10065e+08
44  5  9.70628e+08
44  6  1.02236e+09
44  7  9.72587e+08
44  8  9.60625e+08
44  9  9.57838e+08
44  10  7.96488e+08
44  11  9.83378e+08
44  12  1.01364e+09
44  13  9.56464e+08
44  14  1.05035e+09
44  15  8.63133e+08
44  16  9.04346e+08
44  17  8.80744e+08
44  18  9.66621e+08
44  19  9.93498e+08
44  20  9.04631e+08
44  21  8.69619e+08
44  22  8.93552e+08
44  23  7.57158e+08
44  24  7.36382e+08
44  25  5.38839e+08
44  26  4.30299e+08
44  27  3.46877e+08
44  28  3.05847e+08
44  29  2.82057e+08
44  30  1.75707e+08
44  31  1.41963e+08
44  32  1.30488e+08
44  33  1.0771e+08
44  34  8.98422e+07
44  35  8.33397e+07
44  36  1.01497e+08
44  37  1.2666e+08
44  38  6.73235e+07
44  39  8.76903e+07
44  40  6.25198e+07
44  41  7.87368e+07
44  42  3.96531e+07
44  43  7.01342e+07
44  44  3.95902e+07
44  45  4.96208e+07
44  46  5.30336e+07
44  47  3.13198e+07
44  48  6.08932e+07
44  49  3.13322e+07
44  50  4.55056e+07
45  0  8.85534e+08
45  1  9.47155e+08
45  2  8.86577e+08
45  3  9.80227e+08
45  4  9.61331e+08
45  5  1.06223e+09
45  6  8.78201e+08
45  7  9.16304e+08
45  8  8.08674e+08
45  9  8.89123e+08
45  10  7.04442e+08
45  11  7.81725e+08
45  12  8.61454e+08
45  13  1.01861e+09
45  14  8.48792e+08
45  15  9.84474e+08
45  16  1.02056e+09
45  17  9.38019e+08
45  18  8.85939e+08
45  19  9.19213e+08
45  20  7.19953e+08
45  21  7.95871e+08
45  22  7.81515e+08
45  23  7.4087e+08
45  24  5.68774e+08
45  25  5.39171e+08
45  26  3.82228e+08
45  27  3.01752e+08
45  28  2.26552e+08
45  29  1.9514e+08
45  30  1.5924e+08
45  31  1.19536e+08
45  32  1.0468e+08
45  33  1.04345e+08
45  34  8.62384e+07
45  35  1.15853e+08
45  36  9.58825e+07
45  37  1.14809e+08
45  38  8.79578e+07
45  39  6.09833e+07
45  40  5.47831e+07
45  41  4.9385e+07
45  42  5.3935e+07
45  43  5.23032e+07
45  44  5.51061e+07
45  45  4.99451e+07
45  46  4.85396e+07
45  47  3.14238e+07
45  48  3.40276e+07
45  49  4.44957e+07
45  50  5.51009e+07
46  0  7.91362e+08
46  1  8.63892e+08
46  2  8.44432e+08
46  3  9.11949e+08
46  4  8.87179e+08
46  5  1.04505e+09
46  6  1.00254e+09
46  7  9.52136e+08
46  8  8.13317e+08
46  9  8.27104e+08
46  10  7.81811e+08
46  11  8.02479e+08
46  12  9.59089e+08
46  13  9.61255e+08
46  14  8.16294e+08
46  15  8.82101e+08
46  16  9.67673e+08
46  17  8.04138e+08
46  18  7.96776e+08
46  19  7.95374e+08
46  20  8.70109e+08
46  21  7.46014e+08
46  22  6.6265e+08
46  23  6.90052e+08
46  24  5.42435e+08
46  25  4.05868e+08
46  26  3.30886e+08
46  27  3.1577e+08
46  28  2.42331e+08
46  29  1.78471e+08
46  30  1.58687e+08
46  31  1.41251e+08
46  32  8.11857e+07
46  33  1.23911e+08
46  34  9.30651e+07
46  35  1.10251e+08
46  36  1.02926e+08
46  37  2.01056e+08
46  38  1.06691e+08
46  39  8.87151e+07
46  40  7.6753e+07
46  41  5.8422e+07
46  42  3.82241e+07
46  43  6.09227e+07
46  44  4.09847e+07
46  45  4.94798e+07
46  46  6.87545e+07
46  47  4.70351e+07
46  48  4.47658e+07
46  49  5.57231e+07
46  50  4.71062e+07
47  0  8.12907e+08
47  1  7.32106e+08
47  2  6.84956e+08
47  3  8.1833e+08
47  4  8.46964e+08
47  5  1.01641e+09
47  6  8.26049e+08
47  7  7.87674e+08
47  8  7.3746e+08
47  9  7.2998e+08
47  10  6.75089e+08
47  11  6.63504e+08
47  12  8.11828e+08
47  13  8.50145e+08
47  14  9.48612e+08
47  15  7.44205e+08
47  16  7.69114e+08
47  17  8.09671e+08
47  18  7.65843e+08
47  19  7.14481e+08
47  20  6.61432e+08
47  21  6.237e+08
47  22  6.10983e+08
47  23  5.24361e+08
47  24  4.4562e+08
47  25  3.13442e+08
47  26  2.5652e+08
47  27  2.36749e+08
47  28  1.73234e+08
47  29  1.37084e+08
47  30  1.46148e+08
47  31  1.24234e+08
47  32  8.18196e+07
47  33  9.89827e+07
47  34  7.85007e+07
47  35  8.62806e+07
47  36  1.03019e+08
47  37  1.96922e+08
47  38  8.74241e+07
47  39  7.8073e+07
47  40  5.28195e+07
47  41  6.88736e+07
47  42  4.44875e+07
47  43  5.08532e+07
47  44  4.83296e+07
47  45  6.25061e+07
47  46  4.89612e+07
47  47  4.64515e+07
47  48  6.12897e+07
47  49  3.16896e+07
47  50  5.48439e+07
48  0  7.06504e+08
48  1  6.84245e+08
48  2  6.00891e+08
48  3  7.81787e+08
48  4  8.41976e+08
48  5  8.37443e+08
48  6  8.81658e+08
48  7  7.68127e+08
48  8  7.44748e+08
48  9  6.80902e+08
48  10  6.43701e+08
48  11  6.5571e+08
48  12  7.19865e+08
48  13  7.72754e+08
48  14  8.60222e+08
48  15  8.2207e+08
48  16  7.14711e+08
48  17  7.15921e+08
48  18  6.60585e+08
48  19  6.32906e+08
48  20  6.06478e+08
48  21  5.73361e+08
48  22  5.1726e+08
48  23  4.1902e+08
48  24  3.70677e+08
48  25  3.01002e+08
48  26  2.28251e+08
48  27  2.04553e+08
48  28  1.95951e+08
48  29  1.50894e+08
48  30  1.07809e+08
48  31  1.06333e+08
48  32  7.5769e+07
48  33  9.03639e+07
48  34  9.25182e+07
48  35  9.45925e+07
48  36  1.25451e+08
48  37  2.18815e+08
48  38  9.50164e+07
48  39  6.63409e+07
48  40  5.99784e+07
48  41  6.51879e+07
48  42  3.8083e+07
48  43  6.46402e+07
48  44  3.68948e+07
48  45  5.05816e+07
48  46  5.31149e+07
48  47  3.5137e+07
48  48  4.53818e+07
48  49  4.01211e+07
48  50  5.62017e+07
49  0  5.39645e+08
49  1  5.44094e+08
49  2  5.13953e+08
49  3  5.57227e+08
49  4  6.55106e+08
49  5  7.49522e+08
49  6  7.28671e+08
49  7  6.72937e+08
49  8  6.05976e+08
49  9  6.34243e+08
49  10  5.62974e+08
49  11  5.71582e+08
49  12  7.15781e+08
49  13  7.11989e+08
49  14  7.90282e+08
49  15  7.26911e+08
49  16  6.02108e+08
49  17  6.00984e+08
49  18  5.9765e+08
49  19  4.88599e+08
49  20  4.92017e+08
49  21  4.67869e+08
49  22  3.68184e+08
49  23  3.80417e+08
49  24  3.12239e+08
49  25  2.28801e+08
49  26  2.00625e+08
49  27  1.64433e+08
49  28  1.47964e+08
49  29  1.42078e+08
49  30  1.00204e+08
49  31  8.84768e+07
49  32  9.48682e+07
49  33  7.83574e+07
49  34  6.65592e+07
49  35  8.43744e+07
49  36  1.28136e+08
49  37  2.98012e+08
49  38  1.08121e+08
49  39  7.01482e+07
49  40  6.07949e+07
49  41  6.04217e+07
49  42  4.56547e+07
49  43  4.6992e+07
49  44  3.89949e+07
49  45  5.44115e+07
49  46  6.74331e+07
49  47  3.84766e+07
49  48  4.37383e+07
49  49  4.5237e+07
49  50  4.62041e+07
50  0  4.26203e+08
50  1  3.93281e+08
50  2  4.70487e+08
50  3  4.84997e+08
50  4  4.72391e+08
50  5  6.41611e+08
50  6  6.07793e+08
50  7  5.50369e+08
50  8  5.18131e+08
50  9  5.23547e+08
50  10  4.26454e+08
50  11  4.26306e+08
50  12  5.87342e+08
50  13  5.98488e+08
50  14  5.90625e+08
50  15  6.19744e+08
50  16  5.36446e+08
50  17  5.08517e+08
50  18  4.8686e+08
50  19  4.1818e+08
50  20  4.01548e+08
50  21  3.48375e+08
50  22  3.1491e+08
50  23  3.15352e+08
50  24  2.63975e+08
50  25  2.11976e+08
50  26  1.73884e+08
50  27  1.42452e+08
50  28  1.47486e+08
50  29  1.17978e+08
50  30  7.64868e+07
50  31  9.36702e+07
50  32  8.18715e+07
50  33  6.96932e+07
50  34  6.9922e+07
50  35  9.14719e+07
50  36  1.4979e+08
50  37  4.23121e+08
50  38  1.37569e+08
50  39  7.88014e+07
50  40  7.70603e+07
50  41  5.99001e+07
50  42  7.74909e+07
50  43  4.62289e+07
50  44  5.98042e+07
50  45  4.3089e+07
50  46  6.28026e+07
50  47  3.81987e+07
50  48  5.27219e+07
50  49  2.58132e+07
50  50  6.21521e+07

