row  column  (images_27.edf Fe-K*images_27.edf Ar-K**2.3)
0  0  6.75101e+07
0  1  8.85719e+07
0  2  6.68021e+07
0  3  7.82785e+07
0  4  7.30676e+07
0  5  5.39817e+07
0  6  9.2524e+07
0  7  2.44666e+08
0  8  1.35302e+08
0  9  1.61289e+08
0  10  8.83422e+07
0  11  9.17961e+07
0  12  9.29102e+07
0  13  7.09108e+07
0  14  6.9459e+07
0  15  7.00692e+07
0  16  5.49477e+07
0  17  5.59556e+07
0  18  6.46082e+07
0  19  5.27101e+07
0  20  8.74033e+07
0  21  1.12805e+08
0  22  9.1882e+07
0  23  7.74795e+07
0  24  8.32009e+07
0  25  8.85287e+07
0  26  7.4014e+07
0  27  7.5949e+07
0  28  9.37936e+07
0  29  3.77788e+08
0  30  3.18987e+08
0  31  9.77397e+07
0  32  8.38063e+07
0  33  7.32303e+07
0  34  5.39528e+07
0  35  5.9314e+07
0  36  5.35995e+07
0  37  5.90735e+07
0  38  6.11723e+07
0  39  5.86736e+07
0  40  5.91307e+07
0  41  6.44649e+07
0  42  6.39986e+07
0  43  5.31109e+07
0  44  4.51513e+07
0  45  5.99437e+07
0  46  5.81239e+07
0  47  6.42692e+07
0  48  6.88253e+07
0  49  1.17964e+08
0  50  7.30206e+07
1  0  6.14661e+07
1  1  8.75137e+07
1  2  7.81295e+07
1  3  7.23955e+07
1  4  6.43483e+07
1  5  5.87044e+07
1  6  1.20169e+08
1  7  1.77313e+08
1  8  1.60996e+08
1  9  1.23052e+08
1  10  6.94865e+07
1  11  1.04698e+08
1  12  6.69068e+07
1  13  7.1661e+07
1  14  5.51492e+07
1  15  5.53318e+07
1  16  4.75974e+07
1  17  6.74372e+07
1  18  6.76513e+07
1  19  6.58097e+07
1  20  9.62044e+07
1  21  1.19108e+08
1  22  8.52152e+07
1  23  9.05216e+07
1  24  8.15472e+07
1  25  8.16716e+07
1  26  6.01223e+07
1  27  6.02777e+07
1  28  8.6355e+07
1  29  2.91665e+08
1  30  8.82756e+07
1  31  7.56642e+07
1  32  8.44562e+07
1  33  7.32885e+07
1  34  7.97545e+07
1  35  6.13399e+07
1  36  6.17616e+07
1  37  6.60417e+07
1  38  4.57535e+07
1  39  5.09816e+07
1  40  6.33165e+07
1  41  7.03822e+07
1  42  5.18926e+07
1  43  4.95717e+07
1  44  6.39376e+07
1  45  5.86214e+07
1  46  5.24697e+07
1  47  6.44223e+07
1  48  7.9385e+07
1  49  9.44257e+07
1  50  5.77367e+07
2  0  7.1439e+07
2  1  7.4119e+07
2  2  6.7549e+07
2  3  5.29056e+07
2  4  5.07141e+07
2  5  8.72374e+07
2  6  1.08982e+08
2  7  1.55511e+08
2  8  1.7761e+08
2  9  9.97777e+07
2  10  7.82286e+07
2  11  1.47073e+08
2  12  6.76486e+07
2  13  9.37343e+07
2  14  6.18023e+07
2  15  4.57297e+07
2  16  5.62483e+07
2  17  5.17805e+07
2  18  5.93669e+07
2  19  8.02296e+07
2  20  1.05258e+08
2  21  8.4315e+07
2  22  7.80271e+07
2  23  9.03748e+07
2  24  1.04763e+08
2  25  7.65529e+07
2  26  6.79144e+07
2  27  6.12092e+07
2  28  8.7231e+07
2  29  2.07101e+08
2  30  9.11789e+07
2  31  7.7989e+07
2  32  7.01866e+07
2  33  6.76321e+07
2  34  5.56439e+07
2  35  6.33305e+07
2  36  6.63815e+07
2  37  5.1579e+07
2  38  5.58005e+07
2  39  5.346e+07
2  40  5.46675e+07
2  41  5.75167e+07
2  42  7.02268e+07
2  43  5.50257e+07
2  44  4.69111e+07
2  45  5.63705e+07
2  46  4.97395e+07
2  47  5.38239e+07
2  48  8.62265e+07
2  49  5.88139e+07
2  50  6.19871e+07
3  0  6.77098e+07
3  1  7.32033e+07
3  2  5.9567e+07
3  3  5.17725e+07
3  4  4.69018e+07
3  5  5.27177e+07
3  6  1.0353e+08
3  7  1.04865e+08
3  8  2.07517e+08
3  9  8.56911e+07
3  10  7.89009e+07
3  11  9.43243e+07
3  12  5.52048e+07
3  13  7.71126e+07
3  14  5.78792e+07
3  15  7.60683e+07
3  16  5.19974e+07
3  17  6.05983e+07
3  18  6.5909e+07
3  19  7.39657e+07
3  20  1.00421e+08
3  21  9.38645e+07
3  22  8.49236e+07
3  23  8.28491e+07
3  24  7.67263e+07
3  25  7.42536e+07
3  26  7.65056e+07
3  27  5.68327e+07
3  28  1.21758e+08
3  29  1.63005e+08
3  30  7.31768e+07
3  31  6.61301e+07
3  32  7.45827e+07
3  33  6.4309e+07
3  34  6.83333e+07
3  35  6.45506e+07
3  36  5.85657e+07
3  37  6.52173e+07
3  38  5.13601e+07
3  39  5.98931e+07
3  40  5.0364e+07
3  41  6.93575e+07
3  42  5.11723e+07
3  43  6.2809e+07
3  44  6.05937e+07
3  45  5.38501e+07
3  46  5.83195e+07
3  47  4.10539e+07
3  48  8.48843e+07
3  49  5.46464e+07
3  50  5.06482e+07
4  0  5.97313e+07
4  1  6.12733e+07
4  2  5.94588e+07
4  3  5.58327e+07
4  4  5.68478e+07
4  5  5.90099e+07
4  6  8.09025e+07
4  7  9.29083e+07
4  8  2.23099e+08
4  9  7.19955e+07
4  10  9.17092e+07
4  11  9.40687e+07
4  12  5.7306e+07
4  13  6.42033e+07
4  14  3.70988e+07
4  15  5.35027e+07
4  16  5.34248e+07
4  17  5.595e+07
4  18  5.31641e+07
4  19  8.22547e+07
4  20  1.00778e+08
4  21  9.08488e+07
4  22  8.31038e+07
4  23  8.86194e+07
4  24  8.69168e+07
4  25  8.03489e+07
4  26  7.67364e+07
4  27  7.51107e+07
4  28  1.04766e+08
4  29  1.24579e+08
4  30  8.30945e+07
4  31  5.53598e+07
4  32  6.5036e+07
4  33  8.23175e+07
4  34  6.72631e+07
4  35  6.53805e+07
4  36  6.46779e+07
4  37  5.30935e+07
4  38  6.01815e+07
4  39  4.40691e+07
4  40  6.21065e+07
4  41  7.5808e+07
4  42  6.18557e+07
4  43  6.01243e+07
4  44  7.51031e+07
4  45  5.35449e+07
4  46  5.32609e+07
4  47  6.19987e+07
4  48  6.18038e+07
4  49  5.49185e+07
4  50  5.4676e+07
5  0  5.15721e+07
5  1  5.60387e+07
5  2  5.8738e+07
5  3  5.42178e+07
5  4  4.71364e+07
5  5  7.04972e+07
5  6  8.55937e+07
5  7  8.81692e+07
5  8  1.70494e+08
5  9  7.08703e+07
5  10  7.78352e+07
5  11  7.13894e+07
5  12  6.83097e+07
5  13  6.92179e+07
5  14  5.73876e+07
5  15  4.50554e+07
5  16  5.77086e+07
5  17  6.11729e+07
5  18  6.49323e+07
5  19  8.11102e+07
5  20  8.33171e+07
5  21  9.06859e+07
5  22  8.12015e+07
5  23  7.76296e+07
5  24  8.10294e+07
5  25  9.13157e+07
5  26  8.47922e+07
5  27  7.18259e+07
5  28  8.90809e+07
5  29  9.6143e+07
5  30  7.76094e+07
5  31  6.62325e+07
5  32  6.27969e+07
5  33  7.4678e+07
5  34  7.49592e+07
5  35  5.88919e+07
5  36  5.6824e+07
5  37  5.32825e+07
5  38  5.76421e+07
5  39  5.0654e+07
5  40  4.49624e+07
5  41  7.74155e+07
5  42  5.16188e+07
5  43  6.24197e+07
5  44  6.74945e+07
5  45  5.10505e+07
5  46  6.06376e+07
5  47  5.3667e+07
5  48  5.61425e+07
5  49  5.94879e+07
5  50  4.83258e+07
6  0  5.92722e+07
6  1  7.48635e+07
6  2  6.17967e+07
6  3  6.37662e+07
6  4  5.69197e+07
6  5  4.90279e+07
6  6  6.30209e+07
6  7  8.56579e+07
6  8  1.2036e+08
6  9  6.17362e+07
6  10  9.18437e+07
6  11  7.08425e+07
6  12  5.58416e+07
6  13  6.47124e+07
6  14  4.81152e+07
6  15  5.88379e+07
6  16  5.84831e+07
6  17  4.39892e+07
6  18  5.53969e+07
6  19  5.16172e+07
6  20  7.94022e+07
6  21  8.80027e+07
6  22  8.20206e+07
6  23  8.29573e+07
6  24  6.55088e+07
6  25  7.10537e+07
6  26  8.9626e+07
6  27  7.88725e+07
6  28  8.9365e+07
6  29  9.89615e+07
6  30  8.2954e+07
6  31  5.38045e+07
6  32  6.602e+07
6  33  9.47195e+07
6  34  6.0633e+07
6  35  6.53546e+07
6  36  5.70407e+07
6  37  5.98382e+07
6  38  6.28091e+07
6  39  4.95159e+07
6  40  6.0062e+07
6  41  8.45607e+07
6  42  5.69977e+07
6  43  6.85056e+07
6  44  7.24045e+07
6  45  3.92628e+07
6  46  4.17583e+07
6  47  5.78533e+07
6  48  4.93872e+07
6  49  4.61917e+07
6  50  4.79386e+07
7  0  5.20393e+07
7  1  6.63511e+07
7  2  5.60989e+07
7  3  6.25254e+07
7  4  5.01834e+07
7  5  6.09008e+07
7  6  6.99101e+07
7  7  7.47257e+07
7  8  1.01095e+08
7  9  5.58995e+07
7  10  7.28741e+07
7  11  6.06066e+07
7  12  6.44977e+07
7  13  6.01937e+07
7  14  5.24019e+07
7  15  5.7546e+07
7  16  6.69471e+07
7  17  5.67734e+07
7  18  5.4785e+07
7  19  7.29381e+07
7  20  7.83035e+07
7  21  6.77633e+07
7  22  7.83916e+07
7  23  8.19753e+07
7  24  6.41633e+07
7  25  7.77383e+07
7  26  9.79141e+07
7  27  7.90451e+07
7  28  9.27541e+07
7  29  1.02471e+08
7  30  7.65444e+07
7  31  5.89423e+07
7  32  5.55505e+07
7  33  1.07908e+08
7  34  5.70475e+07
7  35  6.21951e+07
7  36  5.18443e+07
7  37  3.7981e+07
7  38  5.36448e+07
7  39  5.36632e+07
7  40  5.18459e+07
7  41  7.18304e+07
7  42  5.25554e+07
7  43  5.75587e+07
7  44  6.24249e+07
7  45  5.24691e+07
7  46  5.93905e+07
7  47  5.64243e+07
7  48  5.286e+07
7  49  4.96877e+07
7  50  4.64919e+07
8  0  6.6326e+07
8  1  7.65837e+07
8  2  6.78638e+07
8  3  7.41365e+07
8  4  5.93949e+07
8  5  6.43638e+07
8  6  6.12535e+07
8  7  7.80297e+07
8  8  8.27606e+07
8  9  7.15521e+07
8  10  6.75719e+07
8  11  6.56311e+07
8  12  6.16982e+07
8  13  6.01277e+07
8  14  5.49997e+07
8  15  4.71285e+07
8  16  5.35067e+07
8  17  5.52436e+07
8  18  5.46594e+07
8  19  7.56425e+07
8  20  7.03721e+07
8  21  8.50794e+07
8  22  7.48316e+07
8  23  7.396e+07
8  24  7.9848e+07
8  25  8.72522e+07
8  26  1.00724e+08
8  27  7.84023e+07
8  28  9.6851e+07
8  29  9.73085e+07
8  30  8.75823e+07
8  31  4.43725e+07
8  32  4.75164e+07
8  33  6.59228e+07
8  34  6.61935e+07
8  35  6.68036e+07
8  36  7.04882e+07
8  37  5.20669e+07
8  38  4.45893e+07
8  39  4.76903e+07
8  40  6.72e+07
8  41  6.51148e+07
8  42  5.45005e+07
8  43  5.17137e+07
8  44  7.79722e+07
8  45  4.38721e+07
8  46  5.29944e+07
8  47  5.62339e+07
8  48  4.72372e+07
8  49  4.28214e+07
8  50  3.12309e+07
9  0  6.24044e+07
9  1  6.09458e+07
9  2  7.00773e+07
9  3  5.70702e+07
9  4  6.25215e+07
9  5  5.55037e+07
9  6  7.19199e+07
9  7  6.9423e+07
9  8  7.52738e+07
9  9  5.47313e+07
9  10  8.01185e+07
9  11  5.56792e+07
9  12  5.30101e+07
9  13  4.82688e+07
9  14  5.56377e+07
9  15  7.21374e+07
9  16  5.70504e+07
9  17  4.72904e+07
9  18  5.90016e+07
9  19  6.57514e+07
9  20  7.04621e+07
9  21  7.25461e+07
9  22  7.37063e+07
9  23  7.6276e+07
9  24  9.20499e+07
9  25  9.13808e+07
9  26  1.37112e+08
9  27  8.59849e+07
9  28  9.18909e+07
9  29  8.66831e+07
9  30  7.53781e+07
9  31  7.86922e+07
9  32  7.23288e+07
9  33  6.9732e+07
9  34  5.61475e+07
9  35  5.32357e+07
9  36  6.48304e+07
9  37  5.65018e+07
9  38  6.9236e+07
9  39  5.06872e+07
9  40  6.11244e+07
9  41  7.17212e+07
9  42  8.04509e+07
9  43  5.62359e+07
9  44  8.45269e+07
9  45  6.08381e+07
9  46  4.71451e+07
9  47  5.35668e+07
9  48  4.50062e+07
9  49  3.37381e+07
9  50  5.86951e+07
10  0  8.08369e+07
10  1  6.61941e+07
10  2  6.32241e+07
10  3  6.90712e+07
10  4  6.06842e+07
10  5  6.88648e+07
10  6  6.37264e+07
10  7  5.67146e+07
10  8  7.92417e+07
10  9  6.58108e+07
10  10  7.98999e+07
10  11  5.49619e+07
10  12  5.26108e+07
10  13  4.85886e+07
10  14  5.73052e+07
10  15  5.91441e+07
10  16  6.10312e+07
10  17  5.02108e+07
10  18  7.6293e+07
10  19  5.51209e+07
10  20  7.41433e+07
10  21  9.09719e+07
10  22  6.88739e+07
10  23  7.5776e+07
10  24  1.03885e+08
10  25  9.22308e+07
10  26  1.05046e+08
10  27  8.9545e+07
10  28  9.56888e+07
10  29  8.39483e+07
10  30  7.5924e+07
10  31  7.319e+07
10  32  7.87088e+07
10  33  9.04612e+07
10  34  6.78591e+07
10  35  6.27764e+07
10  36  6.04361e+07
10  37  6.64612e+07
10  38  5.44075e+07
10  39  4.22165e+07
10  40  5.8938e+07
10  41  6.01362e+07
10  42  7.06119e+07
10  43  4.45451e+07
10  44  7.11738e+07
10  45  3.90083e+07
10  46  4.84627e+07
10  47  4.68574e+07
10  48  5.85704e+07
10  49  2.99206e+07
10  50  5.05005e+07
11  0  7.62238e+07
11  1  7.62243e+07
11  2  7.08053e+07
11  3  8.04861e+07
11  4  6.16998e+07
11  5  6.74392e+07
11  6  7.2905e+07
11  7  5.88605e+07
11  8  6.71948e+07
11  9  5.57854e+07
11  10  8.4711e+07
11  11  6.11064e+07
11  12  6.44825e+07
11  13  6.11618e+07
11  14  6.74175e+07
11  15  7.13943e+07
11  16  6.54276e+07
11  17  6.83716e+07
11  18  6.52565e+07
11  19  5.53366e+07
11  20  5.57815e+07
11  21  6.51025e+07
11  22  6.67213e+07
11  23  7.57436e+07
11  24  8.28449e+07
11  25  9.78983e+07
11  26  7.92893e+07
11  27  1.25284e+08
11  28  1.12405e+08
11  29  9.18638e+07
11  30  6.82905e+07
11  31  7.64281e+07
11  32  6.79449e+07
11  33  1.02662e+08
11  34  7.29596e+07
11  35  7.42232e+07
11  36  6.26379e+07
11  37  5.11483e+07
11  38  6.06062e+07
11  39  5.71224e+07
11  40  4.23586e+07
11  41  6.68383e+07
11  42  6.45647e+07
11  43  4.87728e+07
11  44  7.24503e+07
11  45  4.69662e+07
11  46  4.38831e+07
11  47  3.51454e+07
11  48  3.84967e+07
11  49  3.62874e+07
11  50  4.76433e+07
12  0  6.74956e+07
12  1  7.60838e+07
12  2  7.87803e+07
12  3  7.24238e+07
12  4  7.82696e+07
12  5  9.11976e+07
12  6  7.69107e+07
12  7  5.93244e+07
12  8  7.13661e+07
12  9  6.84762e+07
12  10  7.35377e+07
12  11  6.10969e+07
12  12  6.86682e+07
12  13  6.16701e+07
12  14  5.60201e+07
12  15  5.67388e+07
12  16  6.47351e+07
12  17  6.71698e+07
12  18  6.13008e+07
12  19  6.86172e+07
12  20  5.76586e+07
12  21  7.90491e+07
12  22  7.18944e+07
12  23  7.38717e+07
12  24  7.85501e+07
12  25  1.11401e+08
12  26  8.80063e+07
12  27  1.02803e+08
12  28  1.21721e+08
12  29  9.2112e+07
12  30  8.27855e+07
12  31  7.25301e+07
12  32  7.6485e+07
12  33  7.80696e+07
12  34  6.77644e+07
12  35  6.28301e+07
12  36  5.66216e+07
12  37  4.92554e+07
12  38  5.85501e+07
12  39  5.61755e+07
12  40  5.87158e+07
12  41  7.31919e+07
12  42  8.75398e+07
12  43  4.95225e+07
12  44  1.08397e+08
12  45  3.60581e+07
12  46  4.9059e+07
12  47  4.62113e+07
12  48  5.9049e+07
12  49  3.35201e+07
12  50  4.17317e+07
13  0  6.07352e+07
13  1  8.67476e+07
13  2  9.67009e+07
13  3  7.96255e+07
13  4  6.16036e+07
13  5  1.22919e+08
13  6  7.01451e+07
13  7  6.8595e+07
13  8  6.34009e+07
13  9  5.43346e+07
13  10  5.68027e+07
13  11  6.41845e+07
13  12  7.65293e+07
13  13  5.61819e+07
13  14  4.80309e+07
13  15  6.02171e+07
13  16  5.73111e+07
13  17  5.65749e+07
13  18  6.00479e+07
13  19  7.09113e+07
13  20  5.49603e+07
13  21  7.69192e+07
13  22  6.6887e+07
13  23  8.23432e+07
13  24  8.79141e+07
13  25  1.00081e+08
13  26  8.64359e+07
13  27  1.10293e+08
13  28  1.17582e+08
13  29  8.29529e+07
13  30  8.07529e+07
13  31  8.72528e+07
13  32  6.11144e+07
13  33  9.35813e+07
13  34  7.04501e+07
13  35  7.51153e+07
13  36  5.47555e+07
13  37  6.41977e+07
13  38  6.82957e+07
13  39  6.33659e+07
13  40  5.85902e+07
13  41  9.86823e+07
13  42  9.74999e+07
13  43  7.04675e+07
13  44  6.9054e+07
13  45  5.85245e+07
13  46  4.37874e+07
13  47  4.77857e+07
13  48  4.56942e+07
13  49  4.95179e+07
13  50  4.86376e+07
14  0  9.50342e+07
14  1  8.72949e+07
14  2  8.77516e+07
14  3  7.86078e+07
14  4  7.21852e+07
14  5  8.52782e+07
14  6  7.12896e+07
14  7  6.71346e+07
14  8  6.31566e+07
14  9  4.07314e+07
14  10  6.53956e+07
14  11  5.93406e+07
14  12  5.37329e+07
14  13  6.56063e+07
14  14  5.91312e+07
14  15  5.60094e+07
14  16  5.86359e+07
14  17  5.77061e+07
14  18  4.51865e+07
14  19  4.61147e+07
14  20  6.27815e+07
14  21  6.83321e+07
14  22  7.53853e+07
14  23  8.36813e+07
14  24  9.00816e+07
14  25  7.84482e+07
14  26  8.97148e+07
14  27  8.97764e+07
14  28  1.07016e+08
14  29  7.723e+07
14  30  7.97237e+07
14  31  6.85852e+07
14  32  7.73136e+07
14  33  8.23055e+07
14  34  5.9972e+07
14  35  6.93641e+07
14  36  6.21388e+07
14  37  5.0717e+07
14  38  7.11576e+07
14  39  6.52896e+07
14  40  6.34309e+07
14  41  1.03349e+08
14  42  1.19e+08
14  43  5.70289e+07
14  44  5.68702e+07
14  45  4.27002e+07
14  46  3.87282e+07
14  47  4.96718e+07
14  48  4.95654e+07
14  49  5.14172e+07
14  50  4.72906e+07
15  0  8.22352e+07
15  1  9.13946e+07
15  2  7.91737e+07
15  3  7.62032e+07
15  4  8.11815e+07
15  5  9.95637e+07
15  6  6.81249e+07
15  7  6.42239e+07
15  8  6.75935e+07
15  9  6.32571e+07
15  10  5.21615e+07
15  11  5.69782e+07
15  12  5.9417e+07
15  13  5.40992e+07
15  14  6.24368e+07
15  15  5.77164e+07
15  16  4.247e+07
15  17  5.17916e+07
15  18  5.31796e+07
15  19  5.21874e+07
15  20  6.71274e+07
15  21  6.67066e+07
15  22  8.33988e+07
15  23  7.33372e+07
15  24  9.25286e+07
15  25  9.54824e+07
15  26  7.55631e+07
15  27  9.57239e+07
15  28  9.30501e+07
15  29  8.54934e+07
15  30  6.13307e+07
15  31  8.09045e+07
15  32  6.69928e+07
15  33  9.38843e+07
15  34  6.88839e+07
15  35  7.37166e+07
15  36  6.65114e+07
15  37  7.55788e+07
15  38  5.49682e+07
15  39  6.6694e+07
15  40  6.8219e+07
15  41  1.06286e+08
15  42  1.22809e+08
15  43  5.39088e+07
15  44  5.20425e+07
15  45  4.51568e+07
15  46  5.16305e+07
15  47  3.62493e+07
15  48  6.97782e+07
15  49  3.73155e+07
15  50  5.03563e+07
16  0  8.06262e+07
16  1  8.05651e+07
16  2  9.59261e+07
16  3  9.04656e+07
16  4  8.15904e+07
16  5  7.79393e+07
16  6  6.43143e+07
16  7  6.56352e+07
16  8  5.52534e+07
16  9  5.00706e+07
16  10  5.20245e+07
16  11  6.64054e+07
16  12  6.34157e+07
16  13  5.77331e+07
16  14  5.5578e+07
16  15  6.21656e+07
16  16  5.0167e+07
16  17  7.20668e+07
16  18  5.08698e+07
16  19  4.86282e+07
16  20  6.53633e+07
16  21  5.68354e+07
16  22  7.95151e+07
16  23  6.1159e+07
16  24  7.23189e+07
16  25  9.1298e+07
16  26  7.77709e+07
16  27  7.82222e+07
16  28  9.07663e+07
16  29  7.2324e+07
16  30  7.33058e+07
16  31  8.93749e+07
16  32  8.52982e+07
16  33  1.03295e+08
16  34  7.82036e+07
16  35  5.9973e+07
16  36  4.81143e+07
16  37  4.45654e+07
16  38  6.79601e+07
16  39  6.54033e+07
16  40  7.8765e+07
16  41  1.27152e+08
16  42  1.43094e+08
16  43  6.31252e+07
16  44  6.10634e+07
16  45  4.98846e+07
16  46  5.35553e+07
16  47  3.61831e+07
16  48  4.77271e+07
16  49  5.76201e+07
16  50  4.3178e+07
17  0  8.3034e+07
17  1  7.54507e+07
17  2  9.34018e+07
17  3  8.74361e+07
17  4  7.87835e+07
17  5  8.89257e+07
17  6  8.97452e+07
17  7  8.27796e+07
17  8  6.04677e+07
17  9  5.90258e+07
17  10  4.9237e+07
17  11  6.69361e+07
17  12  5.97637e+07
17  13  4.00248e+07
17  14  5.14969e+07
17  15  4.66206e+07
17  16  4.65251e+07
17  17  4.92048e+07
17  18  4.63772e+07
17  19  4.73162e+07
17  20  5.00432e+07
17  21  7.77774e+07
17  22  6.4199e+07
17  23  6.87098e+07
17  24  7.07197e+07
17  25  7.79811e+07
17  26  6.82689e+07
17  27  1.22015e+08
17  28  8.51676e+07
17  29  6.60622e+07
17  30  7.64981e+07
17  31  8.5518e+07
17  32  6.90145e+07
17  33  1.33425e+08
17  34  6.61308e+07
17  35  5.96073e+07
17  36  6.05448e+07
17  37  7.12089e+07
17  38  5.50714e+07
17  39  6.61322e+07
17  40  6.53612e+07
17  41  9.94313e+07
17  42  1.1131e+08
17  43  5.16548e+07
17  44  7.56722e+07
17  45  3.82045e+07
17  46  4.07864e+07
17  47  4.10808e+07
17  48  4.30885e+07
17  49  5.77689e+07
17  50  4.65667e+07
18  0  7.60564e+07
18  1  7.44972e+07
18  2  1.05726e+08
18  3  9.30654e+07
18  4  8.55442e+07
18  5  8.26544e+07
18  6  8.01003e+07
18  7  6.11954e+07
18  8  6.05775e+07
18  9  4.8932e+07
18  10  5.11965e+07
18  11  5.1076e+07
18  12  5.72558e+07
18  13  5.95639e+07
18  14  5.05332e+07
18  15  5.06069e+07
18  16  5.12047e+07
18  17  5.62629e+07
18  18  4.87095e+07
18  19  6.85914e+07
18  20  6.51053e+07
18  21  7.0272e+07
18  22  7.33957e+07
18  23  6.2583e+07
18  24  6.36559e+07
18  25  8.09911e+07
18  26  8.35676e+07
18  27  1.01569e+08
18  28  8.16603e+07
18  29  7.62759e+07
18  30  6.21684e+07
18  31  7.72112e+07
18  32  8.38184e+07
18  33  1.05979e+08
18  34  6.6012e+07
18  35  6.91242e+07
18  36  6.08617e+07
18  37  5.43857e+07
18  38  6.02108e+07
18  39  5.38758e+07
18  40  6.75293e+07
18  41  7.23436e+07
18  42  1.23877e+08
18  43  4.64941e+07
18  44  5.68516e+07
18  45  3.80688e+07
18  46  3.84941e+07
18  47  4.0308e+07
18  48  3.74209e+07
18  49  5.49688e+07
18  50  4.6615e+07
19  0  8.25369e+07
19  1  6.95807e+07
19  2  9.00202e+07
19  3  1.07739e+08
19  4  7.14299e+07
19  5  1.08037e+08
19  6  7.8483e+07
19  7  8.03338e+07
19  8  6.53006e+07
19  9  6.16751e+07
19  10  4.56305e+07
19  11  5.03056e+07
19  12  5.79851e+07
19  13  4.21377e+07
19  14  4.43043e+07
19  15  6.33958e+07
19  16  5.53934e+07
19  17  5.04301e+07
19  18  5.02933e+07
19  19  5.95814e+07
19  20  4.18525e+07
19  21  5.85532e+07
19  22  6.08713e+07
19  23  5.50693e+07
19  24  6.24377e+07
19  25  8.26963e+07
19  26  7.20421e+07
19  27  8.70807e+07
19  28  7.79562e+07
19  29  7.09341e+07
19  30  7.07817e+07
19  31  1.0139e+08
19  32  7.74364e+07
19  33  1.534e+08
19  34  7.29527e+07
19  35  6.07056e+07
19  36  6.08429e+07
19  37  5.66753e+07
19  38  5.63579e+07
19  39  5.59827e+07
19  40  6.25341e+07
19  41  7.555e+07
19  42  8.10776e+07
19  43  6.01534e+07
19  44  4.91604e+07
19  45  4.3767e+07
19  46  3.69383e+07
19  47  3.20683e+07
19  48  3.48313e+07
19  49  4.20292e+07
19  50  4.4976e+07
20  0  8.62736e+07
20  1  9.07773e+07
20  2  8.51247e+07
20  3  8.11782e+07
20  4  7.45345e+07
20  5  9.14829e+07
20  6  9.54814e+07
20  7  7.09929e+07
20  8  6.90575e+07
20  9  6.32339e+07
20  10  5.60894e+07
20  11  4.09697e+07
20  12  4.36081e+07
20  13  4.38176e+07
20  14  5.43671e+07
20  15  4.90192e+07
20  16  4.60076e+07
20  17  5.10949e+07
20  18  4.26878e+07
20  19  6.94303e+07
20  20  4.76709e+07
20  21  5.07335e+07
20  22  6.24162e+07
20  23  6.89313e+07
20  24  7.96707e+07
20  25  6.82279e+07
20  26  5.58051e+07
20  27  7.87819e+07
20  28  8.16376e+07
20  29  6.87481e+07
20  30  6.53626e+07
20  31  7.9438e+07
20  32  7.78696e+07
20  33  1.52749e+08
20  34  6.87131e+07
20  35  7.23295e+07
20  36  7.07417e+07
20  37  5.33694e+07
20  38  5.17417e+07
20  39  5.33443e+07
20  40  5.96119e+07
20  41  6.97679e+07
20  42  7.61121e+07
20  43  4.96577e+07
20  44  5.79039e+07
20  45  3.71735e+07
20  46  3.76835e+07
20  47  3.37733e+07
20  48  4.2526e+07
20  49  4.15257e+07
20  50  7.09669e+07
21  0  7.56189e+07
21  1  7.80876e+07
21  2  7.39206e+07
21  3  9.70541e+07
21  4  7.93812e+07
21  5  1.09699e+08
21  6  9.55249e+07
21  7  7.98659e+07
21  8  7.44495e+07
21  9  5.0855e+07
21  10  4.332e+07
21  11  5.57617e+07
21  12  3.87941e+07
21  13  5.21433e+07
21  14  5.85797e+07
21  15  5.77311e+07
21  16  4.43098e+07
21  17  5.05862e+07
21  18  5.32052e+07
21  19  5.33524e+07
21  20  4.86967e+07
21  21  4.43454e+07
21  22  7.30072e+07
21  23  6.69895e+07
21  24  7.16847e+07
21  25  6.74262e+07
21  26  6.41709e+07
21  27  8.25095e+07
21  28  6.8838e+07
21  29  6.72933e+07
21  30  4.87448e+07
21  31  6.56634e+07
21  32  6.28198e+07
21  33  1.10933e+08
21  34  6.7446e+07
21  35  6.14735e+07
21  36  5.90623e+07
21  37  4.2416e+07
21  38  6.02709e+07
21  39  4.37572e+07
21  40  5.89938e+07
21  41  9.33599e+07
21  42  5.98796e+07
21  43  6.18108e+07
21  44  4.77571e+07
21  45  4.436e+07
21  46  3.75339e+07
21  47  4.38315e+07
21  48  3.81721e+07
21  49  4.20112e+07
21  50  7.0393e+07
22  0  7.97963e+07
22  1  9.6646e+07
22  2  8.3229e+07
22  3  8.89258e+07
22  4  7.15118e+07
22  5  9.14762e+07
22  6  9.06053e+07
22  7  9.37728e+07
22  8  4.86448e+07
22  9  6.31572e+07
22  10  5.84908e+07
22  11  5.31778e+07
22  12  3.87158e+07
22  13  4.2938e+07
22  14  3.15693e+07
22  15  4.2824e+07
22  16  5.17924e+07
22  17  4.5665e+07
22  18  5.38669e+07
22  19  6.995e+07
22  20  4.29681e+07
22  21  5.70241e+07
22  22  6.23885e+07
22  23  6.34243e+07
22  24  7.22576e+07
22  25  7.49012e+07
22  26  6.08743e+07
22  27  7.0801e+07
22  28  6.1676e+07
22  29  6.41224e+07
22  30  7.7997e+07
22  31  6.31117e+07
22  32  7.45698e+07
22  33  8.46075e+07
22  34  6.45442e+07
22  35  7.08666e+07
22  36  5.13677e+07
22  37  5.84429e+07
22  38  5.70562e+07
22  39  6.2306e+07
22  40  7.64585e+07
22  41  6.60565e+07
22  42  6.96467e+07
22  43  4.63933e+07
22  44  2.38502e+07
22  45  4.04283e+07
22  46  4.29286e+07
22  47  4.47553e+07
22  48  3.79943e+07
22  49  5.41391e+07
22  50  6.61066e+07
23  0  7.13102e+07
23  1  8.40961e+07
23  2  8.62331e+07
23  3  9.60363e+07
23  4  7.09664e+07
23  5  9.4046e+07
23  6  8.17568e+07
23  7  8.4271e+07
23  8  6.82613e+07
23  9  7.05125e+07
23  10  6.19389e+07
23  11  4.81249e+07
23  12  4.13666e+07
23  13  5.21381e+07
23  14  5.18814e+07
23  15  4.08461e+07
23  16  4.96545e+07
23  17  5.61648e+07
23  18  5.48563e+07
23  19  6.18676e+07
23  20  5.39468e+07
23  21  6.43638e+07
23  22  5.53243e+07
23  23  6.09624e+07
23  24  7.64377e+07
23  25  7.44319e+07
23  26  6.41366e+07
23  27  5.88483e+07
23  28  4.98248e+07
23  29  6.16052e+07
23  30  5.38045e+07
23  31  5.30674e+07
23  32  9.34906e+07
23  33  7.18274e+07
23  34  6.53742e+07
23  35  6.77238e+07
23  36  5.78784e+07
23  37  5.35888e+07
23  38  7.58768e+07
23  39  7.9326e+07
23  40  6.27454e+07
23  41  5.74147e+07
23  42  5.32849e+07
23  43  4.31528e+07
23  44  5.47494e+07
23  45  4.38396e+07
23  46  4.42969e+07
23  47  4.49459e+07
23  48  3.35291e+07
23  49  4.35127e+07
23  50  5.82413e+07
24  0  9.51978e+07
24  1  8.1744e+07
24  2  9.50261e+07
24  3  8.34257e+07
24  4  7.41241e+07
24  5  8.94998e+07
24  6  7.19221e+07
24  7  1.07887e+08
24  8  6.92572e+07
24  9  6.91677e+07
24  10  5.48674e+07
24  11  3.37793e+07
24  12  4.24147e+07
24  13  4.04433e+07
24  14  4.78639e+07
24  15  3.87096e+07
24  16  5.3881e+07
24  17  5.54673e+07
24  18  3.68562e+07
24  19  4.10154e+07
24  20  4.65236e+07
24  21  6.43341e+07
24  22  6.68801e+07
24  23  7.34727e+07
24  24  6.19524e+07
24  25  6.8927e+07
24  26  6.86372e+07
24  27  6.18166e+07
24  28  5.15308e+07
24  29  7.87507e+07
24  30  7.02751e+07
24  31  6.96633e+07
24  32  6.92198e+07
24  33  8.51526e+07
24  34  6.24355e+07
24  35  6.05361e+07
24  36  4.68892e+07
24  37  5.5219e+07
24  38  6.14154e+07
24  39  5.88527e+07
24  40  5.83083e+07
24  41  4.54693e+07
24  42  5.71323e+07
24  43  4.15182e+07
24  44  4.79647e+07
24  45  4.67533e+07
24  46  4.41672e+07
24  47  4.15592e+07
24  48  3.44011e+07
24  49  5.30325e+07
24  50  4.08062e+07
25  0  6.74677e+07
25  1  8.77825e+07
25  2  1.06458e+08
25  3  9.77089e+07
25  4  7.3278e+07
25  5  8.20739e+07
25  6  1.15329e+08
25  7  9.87035e+07
25  8  7.07568e+07
25  9  6.65253e+07
25  10  4.27912e+07
25  11  4.47706e+07
25  12  4.01054e+07
25  13  4.22158e+07
25  14  6.42918e+07
25  15  6.18867e+07
25  16  5.53967e+07
25  17  5.18254e+07
25  18  5.30731e+07
25  19  4.45307e+07
25  20  5.33629e+07
25  21  6.50066e+07
25  22  5.34623e+07
25  23  6.69065e+07
25  24  6.15849e+07
25  25  5.82214e+07
25  26  5.7261e+07
25  27  5.64057e+07
25  28  5.16144e+07
25  29  6.34024e+07
25  30  5.55354e+07
25  31  6.22966e+07
25  32  5.92193e+07
25  33  7.55943e+07
25  34  6.5805e+07
25  35  7.23907e+07
25  36  5.64669e+07
25  37  6.60779e+07
25  38  8.3673e+07
25  39  5.93918e+07
25  40  6.12005e+07
25  41  4.59662e+07
25  42  5.30936e+07
25  43  3.21311e+07
25  44  4.39792e+07
25  45  3.39649e+07
25  46  3.19264e+07
25  47  2.93081e+07
25  48  3.55935e+07
25  49  4.59125e+07
25  50  6.21667e+07
26  0  8.86217e+07
26  1  7.70625e+07
26  2  1.28347e+08
26  3  1.09472e+08
26  4  9.83534e+07
26  5  7.43384e+07
26  6  9.58453e+07
26  7  7.49269e+07
26  8  7.66428e+07
26  9  6.1081e+07
26  10  4.87508e+07
26  11  4.43759e+07
26  12  4.62012e+07
26  13  5.30395e+07
26  14  6.10348e+07
26  15  5.41986e+07
26  16  4.86242e+07
26  17  4.5599e+07
26  18  4.4776e+07
26  19  5.46171e+07
26  20  5.38617e+07
26  21  7.38256e+07
26  22  4.66261e+07
26  23  6.83929e+07
26  24  7.22949e+07
26  25  7.47044e+07
26  26  6.01761e+07
26  27  6.27441e+07
26  28  6.43007e+07
26  29  6.25748e+07
26  30  6.2003e+07
26  31  5.66695e+07
26  32  5.36349e+07
26  33  5.97768e+07
26  34  6.74905e+07
26  35  6.36358e+07
26  36  4.98609e+07
26  37  5.6729e+07
26  38  6.86189e+07
26  39  6.9897e+07
26  40  7.09073e+07
26  41  6.50757e+07
26  42  6.63004e+07
26  43  5.16865e+07
26  44  4.05628e+07
26  45  5.56768e+07
26  46  4.76907e+07
26  47  4.53907e+07
26  48  4.14657e+07
26  49  4.92819e+07
26  50  5.99507e+07
27  0  8.62464e+07
27  1  8.1585e+07
27  2  1.42884e+08
27  3  9.46838e+07
27  4  9.42888e+07
27  5  7.68764e+07
27  6  8.43916e+07
27  7  9.69718e+07
27  8  7.76079e+07
27  9  5.41224e+07
27  10  5.1904e+07
27  11  4.3224e+07
27  12  5.72299e+07
27  13  4.92528e+07
27  14  6.94295e+07
27  15  6.31609e+07
27  16  5.42983e+07
27  17  4.88784e+07
27  18  6.53075e+07
27  19  6.30272e+07
27  20  4.89202e+07
27  21  6.43083e+07
27  22  6.78938e+07
27  23  7.06048e+07
27  24  6.64379e+07
27  25  5.89602e+07
27  26  7.19968e+07
27  27  6.27633e+07
27  28  5.60738e+07
27  29  6.52466e+07
27  30  5.51565e+07
27  31  5.85571e+07
27  32  6.85705e+07
27  33  5.07922e+07
27  34  4.44607e+07
27  35  5.09627e+07
27  36  5.29215e+07
27  37  5.50554e+07
27  38  4.38622e+07
27  39  6.73685e+07
27  40  5.65248e+07
27  41  5.90268e+07
27  42  5.24633e+07
27  43  4.78329e+07
27  44  5.0963e+07
27  45  4.42485e+07
27  46  4.28724e+07
27  47  4.03691e+07
27  48  5.21088e+07
27  49  5.12639e+07
27  50  6.20237e+07
28  0  7.2616e+07
28  1  8.70215e+07
28  2  1.059e+08
28  3  9.69017e+07
28  4  9.08193e+07
28  5  7.19087e+07
28  6  7.03912e+07
28  7  7.23897e+07
28  8  6.78117e+07
28  9  4.8688e+07
28  10  5.10668e+07
28  11  4.83562e+07
28  12  5.54315e+07
28  13  5.89983e+07
28  14  6.2377e+07
28  15  5.67221e+07
28  16  6.25863e+07
28  17  5.82199e+07
28  18  6.2732e+07
28  19  7.38846e+07
28  20  5.67419e+07
28  21  7.48417e+07
28  22  7.59481e+07
28  23  5.81031e+07
28  24  7.28152e+07
28  25  8.10624e+07
28  26  5.6152e+07
28  27  4.07577e+07
28  28  5.73945e+07
28  29  5.38921e+07
28  30  4.50628e+07
28  31  5.57514e+07
28  32  4.54236e+07
28  33  5.3101e+07
28  34  3.7086e+07
28  35  4.45111e+07
28  36  6.72775e+07
28  37  5.33595e+07
28  38  5.25374e+07
28  39  5.34576e+07
28  40  6.63654e+07
28  41  7.1974e+07
28  42  5.73623e+07
28  43  3.94742e+07
28  44  3.80912e+07
28  45  5.88233e+07
28  46  4.97213e+07
28  47  4.18846e+07
28  48  4.97088e+07
28  49  5.22692e+07
28  50  4.69091e+07
29  0  6.52521e+07
29  1  8.00106e+07
29  2  9.35284e+07
29  3  9.92181e+07
29  4  7.19041e+07
29  5  6.60888e+07
29  6  8.23038e+07
29  7  8.62179e+07
29  8  6.77564e+07
29  9  4.06416e+07
29  10  5.50677e+07
29  11  5.15977e+07
29  12  5.93086e+07
29  13  5.67093e+07
29  14  9.79744e+07
29  15  4.83944e+07
29  16  5.27729e+07
29  17  5.67471e+07
29  18  6.16585e+07
29  19  7.43733e+07
29  20  5.07896e+07
29  21  7.25301e+07
29  22  6.34747e+07
29  23  5.55344e+07
29  24  6.52872e+07
29  25  7.18987e+07
29  26  6.26652e+07
29  27  4.78008e+07
29  28  5.88525e+07
29  29  4.24399e+07
29  30  6.87992e+07
29  31  4.39895e+07
29  32  4.07904e+07
29  33  6.30344e+07
29  34  4.62413e+07
29  35  5.05891e+07
29  36  4.41441e+07
29  37  6.61911e+07
29  38  5.07721e+07
29  39  5.83212e+07
29  40  6.99338e+07
29  41  4.65422e+07
29  42  4.79923e+07
29  43  3.39491e+07
29  44  4.37541e+07
29  45  3.81141e+07
29  46  3.72148e+07
29  47  5.64569e+07
29  48  4.89089e+07
29  49  4.56343e+07
29  50  3.9146e+07
30  0  7.63454e+07
30  1  8.71891e+07
30  2  7.41819e+07
30  3  9.05346e+07
30  4  7.33066e+07
30  5  8.28807e+07
30  6  6.37781e+07
30  7  7.08957e+07
30  8  7.25016e+07
30  9  5.2737e+07
30  10  3.7615e+07
30  11  6.60098e+07
30  12  7.0846e+07
30  13  6.97974e+07
30  14  9.56042e+07
30  15  6.79147e+07
30  16  6.2665e+07
30  17  7.70883e+07
30  18  5.97677e+07
30  19  7.36033e+07
30  20  6.44369e+07
30  21  7.06952e+07
30  22  4.80978e+07
30  23  5.14929e+07
30  24  7.14394e+07
30  25  6.81432e+07
30  26  5.18433e+07
30  27  5.76638e+07
30  28  5.61036e+07
30  29  4.71008e+07
30  30  4.54733e+07
30  31  5.17772e+07
30  32  5.64373e+07
30  33  7.09814e+07
30  34  5.60308e+07
30  35  5.83237e+07
30  36  4.95646e+07
30  37  5.05897e+07
30  38  5.37917e+07
30  39  5.66966e+07
30  40  7.40728e+07
30  41  6.18434e+07
30  42  6.16662e+07
30  43  3.00849e+07
30  44  3.80077e+07
30  45  4.56767e+07
30  46  5.46229e+07
30  47  6.06958e+07
30  48  5.2667e+07
30  49  5.42773e+07
30  50  5.74778e+07
31  0  5.66173e+07
31  1  9.1527e+07
31  2  8.47892e+07
31  3  7.45412e+07
31  4  6.56501e+07
31  5  6.37694e+07
31  6  6.57436e+07
31  7  7.19141e+07
31  8  6.4172e+07
31  9  4.17821e+07
31  10  3.76897e+07
31  11  5.47461e+07
31  12  7.66683e+07
31  13  7.89213e+07
31  14  8.59052e+07
31  15  5.68944e+07
31  16  5.27889e+07
31  17  7.01723e+07
31  18  5.59098e+07
31  19  7.51824e+07
31  20  6.41537e+07
31  21  7.02225e+07
31  22  5.60209e+07
31  23  5.60486e+07
31  24  7.05184e+07
31  25  6.65295e+07
31  26  5.95633e+07
31  27  5.71381e+07
31  28  4.48547e+07
31  29  4.67508e+07
31  30  5.51772e+07
31  31  5.85451e+07
31  32  4.55537e+07
31  33  5.77925e+07
31  34  5.16694e+07
31  35  4.92681e+07
31  36  5.47335e+07
31  37  5.2942e+07
31  38  6.37145e+07
31  39  5.8403e+07
31  40  7.33989e+07
31  41  5.36242e+07
31  42  3.22005e+07
31  43  3.36998e+07
31  44  5.03636e+07
31  45  3.93006e+07
31  46  5.93449e+07
31  47  5.1371e+07
31  48  6.36676e+07
31  49  6.182e+07
31  50  5.16777e+07
32  0  7.31568e+07
32  1  1.03659e+08
32  2  8.29571e+07
32  3  9.55683e+07
32  4  7.56433e+07
32  5  6.37417e+07
32  6  6.42898e+07
32  7  7.60337e+07
32  8  6.74171e+07
32  9  5.71197e+07
32  10  5.64709e+07
32  11  5.97729e+07
32  12  7.22162e+07
32  13  5.9204e+07
32  14  8.7115e+07
32  15  6.98584e+07
32  16  5.97191e+07
32  17  5.17415e+07
32  18  6.12885e+07
32  19  7.93955e+07
32  20  6.25841e+07
32  21  6.59195e+07
32  22  7.20573e+07
32  23  6.64895e+07
32  24  6.94584e+07
32  25  8.38218e+07
32  26  7.3689e+07
32  27  4.97431e+07
32  28  5.15957e+07
32  29  5.78395e+07
32  30  4.10822e+07
32  31  4.12802e+07
32  32  5.04882e+07
32  33  4.88292e+07
32  34  5.4078e+07
32  35  3.40889e+07
32  36  4.10778e+07
32  37  4.0212e+07
32  38  4.89251e+07
32  39  5.6502e+07
32  40  6.6641e+07
32  41  6.82159e+07
32  42  6.84661e+07
32  43  2.98755e+07
32  44  4.81785e+07
32  45  5.41147e+07
32  46  5.88428e+07
32  47  7.94178e+07
32  48  6.89999e+07
32  49  5.2457e+07
32  50  5.47944e+07
33  0  4.96048e+07
33  1  7.94777e+07
33  2  1.01723e+08
33  3  7.24241e+07
33  4  6.67399e+07
33  5  7.42084e+07
33  6  7.95195e+07
33  7  6.90155e+07
33  8  8.38351e+07
33  9  5.1631e+07
33  10  3.96221e+07
33  11  8.14735e+07
33  12  6.84927e+07
33  13  7.10571e+07
33  14  7.54644e+07
33  15  8.02277e+07
33  16  6.4534e+07
33  17  5.8745e+07
33  18  5.86619e+07
33  19  7.9288e+07
33  20  5.56778e+07
33  21  7.02067e+07
33  22  4.73377e+07
33  23  4.66452e+07
33  24  6.56957e+07
33  25  6.35599e+07
33  26  6.73982e+07
33  27  5.6897e+07
33  28  3.98648e+07
33  29  4.83558e+07
33  30  5.64905e+07
33  31  4.69584e+07
33  32  4.67993e+07
33  33  4.2322e+07
33  34  5.5643e+07
33  35  5.83986e+07
33  36  4.2786e+07
33  37  5.5856e+07
33  38  5.48194e+07
33  39  6.88639e+07
33  40  7.21797e+07
33  41  4.93145e+07
33  42  5.61067e+07
33  43  3.77537e+07
33  44  4.26375e+07
33  45  5.1086e+07
33  46  7.33246e+07
33  47  8.69394e+07
33  48  6.22987e+07
33  49  5.52073e+07
33  50  5.78661e+07
34  0  7.58515e+07
34  1  6.53496e+07
34  2  1.01024e+08
34  3  6.97473e+07
34  4  7.72498e+07
34  5  6.25427e+07
34  6  5.67193e+07
34  7  7.13498e+07
34  8  7.85395e+07
34  9  6.3087e+07
34  10  6.15095e+07
34  11  5.64955e+07
34  12  5.61675e+07
34  13  7.52567e+07
34  14  8.04709e+07
34  15  5.6762e+07
34  16  7.23118e+07
34  17  5.47079e+07
34  18  7.21246e+07
34  19  7.59659e+07
34  20  7.22161e+07
34  21  7.49356e+07
34  22  7.41496e+07
34  23  6.27917e+07
34  24  6.4878e+07
34  25  6.87839e+07
34  26  5.38642e+07
34  27  5.63891e+07
34  28  6.83701e+07
34  29  5.30701e+07
34  30  5.15082e+07
34  31  5.05718e+07
34  32  6.09589e+07
34  33  3.97256e+07
34  34  5.55891e+07
34  35  4.6856e+07
34  36  4.14641e+07
34  37  4.95706e+07
34  38  4.90599e+07
34  39  5.68294e+07
34  40  8.76038e+07
34  41  5.38585e+07
34  42  4.57749e+07
34  43  4.14366e+07
34  44  6.1822e+07
34  45  5.72713e+07
34  46  5.15546e+07
34  47  5.84338e+07
34  48  6.73753e+07
34  49  4.73052e+07
34  50  4.56296e+07
35  0  6.98696e+07
35  1  7.64568e+07
35  2  7.09343e+07
35  3  6.08961e+07
35  4  6.80459e+07
35  5  8.00127e+07
35  6  9.25426e+07
35  7  9.61333e+07
35  8  8.31291e+07
35  9  6.4142e+07
35  10  4.71987e+07
35  11  6.19983e+07
35  12  6.26462e+07
35  13  6.54888e+07
35  14  6.6503e+07
35  15  5.34701e+07
35  16  5.35926e+07
35  17  5.89592e+07
35  18  7.09928e+07
35  19  7.56497e+07
35  20  7.74372e+07
35  21  6.7097e+07
35  22  6.26888e+07
35  23  4.73155e+07
35  24  6.26383e+07
35  25  6.04397e+07
35  26  4.72955e+07
35  27  5.01316e+07
35  28  6.40081e+07
35  29  5.8122e+07
35  30  5.61185e+07
35  31  6.01638e+07
35  32  6.33258e+07
35  33  4.92848e+07
35  34  4.04875e+07
35  35  5.96854e+07
35  36  4.9312e+07
35  37  4.60523e+07
35  38  5.37855e+07
35  39  6.60503e+07
35  40  8.91156e+07
35  41  6.74038e+07
35  42  6.86252e+07
35  43  5.73698e+07
35  44  4.77449e+07
35  45  6.63789e+07
35  46  4.98552e+07
35  47  7.16586e+07
35  48  8.36536e+07
35  49  7.1974e+07
35  50  3.55798e+07
36  0  6.25597e+07
36  1  6.40263e+07
36  2  6.04999e+07
36  3  7.38403e+07
36  4  6.64932e+07
36  5  6.30545e+07
36  6  5.66051e+07
36  7  7.35486e+07
36  8  7.60023e+07
36  9  8.13896e+07
36  10  4.8046e+07
36  11  6.77576e+07
36  12  5.15018e+07
36  13  5.96899e+07
36  14  6.46756e+07
36  15  5.52203e+07
36  16  5.77276e+07
36  17  5.7272e+07
36  18  7.6703e+07
36  19  7.73259e+07
36  20  7.8886e+07
36  21  9.77201e+07
36  22  5.82103e+07
36  23  5.66521e+07
36  24  5.77569e+07
36  25  6.55999e+07
36  26  4.91936e+07
36  27  5.43752e+07
36  28  5.52679e+07
36  29  5.0047e+07
36  30  4.29424e+07
36  31  4.77882e+07
36  32  3.30842e+07
36  33  3.90725e+07
36  34  3.94539e+07
36  35  3.83063e+07
36  36  5.31391e+07
36  37  5.25533e+07
36  38  6.46939e+07
36  39  5.80191e+07
36  40  7.77879e+07
36  41  5.71518e+07
36  42  4.67376e+07
36  43  5.248e+07
36  44  5.12455e+07
36  45  5.37495e+07
36  46  5.58199e+07
36  47  6.69242e+07
36  48  6.87241e+07
36  49  4.90363e+07
36  50  6.1438e+07
37  0  6.52705e+07
37  1  6.42902e+07
37  2  6.70922e+07
37  3  7.59917e+07
37  4  7.09871e+07
37  5  7.68353e+07
37  6  6.99509e+07
37  7  8.37437e+07
37  8  7.76211e+07
37  9  6.93823e+07
37  10  4.61218e+07
37  11  6.11779e+07
37  12  5.86401e+07
37  13  5.83077e+07
37  14  7.22312e+07
37  15  6.08904e+07
37  16  6.17447e+07
37  17  6.20106e+07
37  18  6.26951e+07
37  19  7.12255e+07
37  20  9.01794e+07
37  21  8.5266e+07
37  22  5.79212e+07
37  23  5.22664e+07
37  24  6.88257e+07
37  25  4.41972e+07
37  26  5.77273e+07
37  27  4.57793e+07
37  28  5.73229e+07
37  29  4.24729e+07
37  30  4.68122e+07
37  31  4.71011e+07
37  32  5.28882e+07
37  33  5.08046e+07
37  34  4.55649e+07
37  35  5.47429e+07
37  36  4.76866e+07
37  37  4.29827e+07
37  38  4.44625e+07
37  39  5.23555e+07
37  40  7.27356e+07
37  41  6.97309e+07
37  42  7.00551e+07
37  43  6.08911e+07
37  44  5.53419e+07
37  45  4.93715e+07
37  46  6.11218e+07
37  47  7.76203e+07
37  48  6.8775e+07
37  49  5.35227e+07
37  50  5.4473e+07
38  0  7.92593e+07
38  1  7.05426e+07
38  2  8.18559e+07
38  3  6.99444e+07
38  4  9.07869e+07
38  5  7.10022e+07
38  6  7.07983e+07
38  7  5.09717e+07
38  8  6.18847e+07
38  9  7.48005e+07
38  10  7.73454e+07
38  11  6.34741e+07
38  12  7.16787e+07
38  13  7.6593e+07
38  14  6.86186e+07
38  15  5.65846e+07
38  16  6.71344e+07
38  17  7.2579e+07
38  18  6.00728e+07
38  19  5.83936e+07
38  20  9.33996e+07
38  21  7.0937e+07
38  22  5.54536e+07
38  23  6.48203e+07
38  24  5.78916e+07
38  25  4.40409e+07
38  26  4.8376e+07
38  27  5.05663e+07
38  28  5.24572e+07
38  29  4.31398e+07
38  30  4.42257e+07
38  31  4.78618e+07
38  32  4.42948e+07
38  33  5.25629e+07
38  34  4.4665e+07
38  35  3.62475e+07
38  36  3.10163e+07
38  37  4.73575e+07
38  38  5.3875e+07
38  39  6.6734e+07
38  40  7.06448e+07
38  41  6.91945e+07
38  42  8.10862e+07
38  43  4.61636e+07
38  44  7.91806e+07
38  45  3.47616e+07
38  46  7.28616e+07
38  47  6.49434e+07
38  48  5.1276e+07
38  49  7.18027e+07
38  50  5.33011e+07
39  0  8.65787e+07
39  1  6.44353e+07
39  2  7.2668e+07
39  3  7.57091e+07
39  4  8.37443e+07
39  5  7.53602e+07
39  6  6.74016e+07
39  7  7.039e+07
39  8  7.24311e+07
39  9  6.80282e+07
39  10  5.56391e+07
39  11  6.07913e+07
39  12  6.31378e+07
39  13  7.23615e+07
39  14  5.54999e+07
39  15  7.52637e+07
39  16  6.21154e+07
39  17  6.8972e+07
39  18  9.00492e+07
39  19  7.58705e+07
39  20  1.11352e+08
39  21  6.15765e+07
39  22  6.57809e+07
39  23  4.73366e+07
39  24  5.54694e+07
39  25  6.44086e+07
39  26  5.86245e+07
39  27  6.15118e+07
39  28  6.66372e+07
39  29  4.08676e+07
39  30  4.59275e+07
39  31  3.63502e+07
39  32  3.39195e+07
39  33  3.09984e+07
39  34  3.53076e+07
39  35  4.63159e+07
39  36  5.06608e+07
39  37  6.36277e+07
39  38  6.39235e+07
39  39  7.89575e+07
39  40  7.27068e+07
39  41  7.02185e+07
39  42  5.30978e+07
39  43  5.55789e+07
39  44  5.71764e+07
39  45  4.91968e+07
39  46  6.77388e+07
39  47  6.02654e+07
39  48  5.31763e+07
39  49  4.99849e+07
39  50  3.7998e+07
40  0  8.12105e+07
40  1  7.10857e+07
40  2  6.95337e+07
40  3  7.01776e+07
40  4  5.6672e+07
40  5  6.50159e+07
40  6  6.225e+07
40  7  7.18587e+07
40  8  6.49444e+07
40  9  5.80264e+07
40  10  4.96621e+07
40  11  5.5166e+07
40  12  6.65135e+07
40  13  5.52402e+07
40  14  6.14e+07
40  15  6.46964e+07
40  16  6.98106e+07
40  17  7.74442e+07
40  18  7.9845e+07
40  19  6.50778e+07
40  20  1.43934e+08
40  21  9.13097e+07
40  22  6.08549e+07
40  23  5.19678e+07
40  24  6.56996e+07
40  25  4.55339e+07
40  26  5.59899e+07
40  27  6.22126e+07
40  28  4.58804e+07
40  29  5.21588e+07
40  30  4.52736e+07
40  31  4.16603e+07
40  32  4.34762e+07
40  33  4.04938e+07
40  34  4.74911e+07
40  35  3.86785e+07
40  36  4.66488e+07
40  37  5.23571e+07
40  38  4.59495e+07
40  39  6.40227e+07
40  40  7.04538e+07
40  41  7.00052e+07
40  42  4.81097e+07
40  43  5.64347e+07
40  44  5.97932e+07
40  45  6.03115e+07
40  46  6.44285e+07
40  47  6.1789e+07
40  48  6.70497e+07
40  49  6.41903e+07
40  50  3.74825e+07
41  0  8.84298e+07
41  1  6.22744e+07
41  2  6.67439e+07
41  3  6.406e+07
41  4  7.32612e+07
41  5  6.22615e+07
41  6  6.55002e+07
41  7  7.28915e+07
41  8  6.68685e+07
41  9  8.29251e+07
41  10  5.3158e+07
41  11  6.00749e+07
41  12  4.53651e+07
41  13  4.8304e+07
41  14  6.30434e+07
41  15  7.14627e+07
41  16  5.22877e+07
41  17  5.97863e+07
41  18  6.80955e+07
41  19  8.29085e+07
41  20  1.45283e+08
41  21  7.07269e+07
41  22  5.42178e+07
41  23  6.52996e+07
41  24  6.28501e+07
41  25  5.28983e+07
41  26  4.49525e+07
41  27  5.16235e+07
41  28  5.88275e+07
41  29  4.10279e+07
41  30  3.59291e+07
41  31  4.83876e+07
41  32  4.25418e+07
41  33  5.04975e+07
41  34  3.70382e+07
41  35  4.51068e+07
41  36  5.54854e+07
41  37  5.2443e+07
41  38  4.75016e+07
41  39  7.10713e+07
41  40  6.78817e+07
41  41  7.41431e+07
41  42  5.10872e+07
41  43  5.90171e+07
41  44  5.27619e+07
41  45  5.35957e+07
41  46  6.39747e+07
41  47  6.55291e+07
41  48  4.38978e+07
41  49  5.1002e+07
41  50  4.63985e+07
42  0  7.31835e+07
42  1  7.2754e+07
42  2  6.90893e+07
42  3  7.05929e+07
42  4  5.51257e+07
42  5  8.32612e+07
42  6  6.6419e+07
42  7  6.91401e+07
42  8  7.07496e+07
42  9  5.33508e+07
42  10  5.4544e+07
42  11  4.77023e+07
42  12  5.10059e+07
42  13  6.66467e+07
42  14  4.36976e+07
42  15  5.39642e+07
42  16  4.41876e+07
42  17  6.7582e+07
42  18  7.46875e+07
42  19  1.23592e+08
42  20  2.36378e+08
42  21  9.30638e+07
42  22  6.73149e+07
42  23  5.79751e+07
42  24  6.87623e+07
42  25  4.51533e+07
42  26  5.37886e+07
42  27  5.75731e+07
42  28  5.98844e+07
42  29  4.52252e+07
42  30  3.52299e+07
42  31  5.06887e+07
42  32  4.31222e+07
42  33  4.42332e+07
42  34  4.78701e+07
42  35  4.27747e+07
42  36  5.64543e+07
42  37  5.81452e+07
42  38  4.18845e+07
42  39  7.36726e+07
42  40  5.1429e+07
42  41  5.62713e+07
42  42  5.98316e+07
42  43  4.88313e+07
42  44  3.9123e+07
42  45  4.57934e+07
42  46  6.2254e+07
42  47  5.18319e+07
42  48  7.22543e+07
42  49  4.2746e+07
42  50  3.68878e+07
43  0  6.52324e+07
43  1  7.7809e+07
43  2  7.17625e+07
43  3  6.57855e+07
43  4  6.24995e+07
43  5  6.30927e+07
43  6  6.57344e+07
43  7  7.80155e+07
43  8  6.13556e+07
43  9  6.7096e+07
43  10  5.01354e+07
43  11  5.41121e+07
43  12  5.78956e+07
43  13  5.3382e+07
43  14  6.35837e+07
43  15  7.41511e+07
43  16  7.16199e+07
43  17  7.02655e+07
43  18  8.53049e+07
43  19  1.54033e+08
43  20  2.39842e+08
43  21  8.22552e+07
43  22  6.34679e+07
43  23  6.03467e+07
43  24  6.96133e+07
43  25  6.22676e+07
43  26  4.9927e+07
43  27  4.25137e+07
43  28  3.99995e+07
43  29  4.97227e+07
43  30  3.91949e+07
43  31  3.89069e+07
43  32  4.12755e+07
43  33  4.79253e+07
43  34  5.35665e+07
43  35  5.33044e+07
43  36  5.98457e+07
43  37  4.10829e+07
43  38  4.53522e+07
43  39  6.25802e+07
43  40  6.1972e+07
43  41  4.26998e+07
43  42  3.9469e+07
43  43  3.00908e+07
43  44  6.42577e+07
43  45  2.90322e+07
43  46  4.70146e+07
43  47  5.72322e+07
43  48  6.05778e+07
43  49  5.65856e+07
43  50  2.90846e+07
44  0  5.09428e+07
44  1  5.93154e+07
44  2  5.88596e+07
44  3  6.24713e+07
44  4  6.19059e+07
44  5  5.05244e+07
44  6  6.89464e+07
44  7  6.44086e+07
44  8  5.27847e+07
44  9  6.41874e+07
44  10  4.66892e+07
44  11  6.77748e+07
44  12  4.98879e+07
44  13  5.14088e+07
44  14  5.61765e+07
44  15  4.64401e+07
44  16  5.34367e+07
44  17  5.72984e+07
44  18  7.23761e+07
44  19  1.04862e+08
44  20  1.64763e+08
44  21  8.15018e+07
44  22  7.63948e+07
44  23  6.5503e+07
44  24  3.66559e+07
44  25  5.21847e+07
44  26  6.62561e+07
44  27  5.32638e+07
44  28  4.36785e+07
44  29  4.14174e+07
44  30  4.15502e+07
44  31  4.22075e+07
44  32  4.04131e+07
44  33  5.01514e+07
44  34  3.63068e+07
44  35  3.84787e+07
44  36  6.81056e+07
44  37  4.94784e+07
44  38  4.78132e+07
44  39  4.51171e+07
44  40  5.29221e+07
44  41  5.91431e+07
44  42  4.33201e+07
44  43  3.0473e+07
44  44  5.08162e+07
44  45  4.12137e+07
44  46  5.1659e+07
44  47  5.29994e+07
44  48  5.20596e+07
44  49  4.9999e+07
44  50  3.7491e+07
45  0  5.56386e+07
45  1  6.57437e+07
45  2  6.80696e+07
45  3  5.69527e+07
45  4  5.8677e+07
45  5  6.75855e+07
45  6  6.16708e+07
45  7  6.90225e+07
45  8  6.31863e+07
45  9  7.1894e+07
45  10  5.65394e+07
45  11  5.3021e+07
45  12  5.47323e+07
45  13  5.80191e+07
45  14  5.95067e+07
45  15  5.08751e+07
45  16  5.8743e+07
45  17  6.39462e+07
45  18  7.3397e+07
45  19  9.13544e+07
45  20  1.27555e+08
45  21  7.88849e+07
45  22  5.50765e+07
45  23  6.11537e+07
45  24  4.17122e+07
45  25  5.30342e+07
45  26  5.48128e+07
45  27  5.67039e+07
45  28  4.2051e+07
45  29  3.57773e+07
45  30  4.13582e+07
45  31  3.95504e+07
45  32  3.1005e+07
45  33  4.62144e+07
45  34  4.04973e+07
45  35  2.92487e+07
45  36  6.76866e+07
45  37  4.05266e+07
45  38  4.99026e+07
45  39  4.15445e+07
45  40  5.90269e+07
45  41  4.64891e+07
45  42  4.8217e+07
45  43  4.15263e+07
45  44  5.37806e+07
45  45  4.29941e+07
45  46  4.17736e+07
45  47  6.61306e+07
45  48  6.50815e+07
45  49  6.0986e+07
45  50  5.00574e+07
46  0  5.2096e+07
46  1  4.89528e+07
46  2  4.81986e+07
46  3  6.08667e+07
46  4  5.3411e+07
46  5  5.09964e+07
46  6  6.63571e+07
46  7  8.94416e+07
46  8  7.27806e+07
46  9  8.74877e+07
46  10  6.0109e+07
46  11  6.18528e+07
46  12  7.45114e+07
46  13  7.4114e+07
46  14  4.96713e+07
46  15  4.88497e+07
46  16  6.36538e+07
46  17  5.88117e+07
46  18  7.85039e+07
46  19  7.63331e+07
46  20  1.19104e+08
46  21  8.64638e+07
46  22  5.7861e+07
46  23  6.72573e+07
46  24  4.868e+07
46  25  3.18785e+07
46  26  6.07076e+07
46  27  4.32316e+07
46  28  4.37561e+07
46  29  3.51293e+07
46  30  4.42349e+07
46  31  3.79384e+07
46  32  3.79208e+07
46  33  4.17871e+07
46  34  5.59731e+07
46  35  4.91855e+07
46  36  5.09463e+07
46  37  4.31707e+07
46  38  5.60219e+07
46  39  4.25957e+07
46  40  4.63531e+07
46  41  4.26407e+07
46  42  4.79343e+07
46  43  3.6239e+07
46  44  5.60836e+07
46  45  3.73324e+07
46  46  4.91784e+07
46  47  4.39382e+07
46  48  7.11484e+07
46  49  4.72716e+07
46  50  4.1314e+07
47  0  5.56579e+07
47  1  6.97151e+07
47  2  5.42651e+07
47  3  7.29022e+07
47  4  6.33104e+07
47  5  6.37357e+07
47  6  7.22752e+07
47  7  7.00641e+07
47  8  6.25494e+07
47  9  8.59254e+07
47  10  4.9653e+07
47  11  4.20519e+07
47  12  6.10465e+07
47  13  6.49306e+07
47  14  8.10814e+07
47  15  4.42705e+07
47  16  6.79673e+07
47  17  7.94425e+07
47  18  8.99644e+07
47  19  8.87875e+07
47  20  1.28278e+08
47  21  7.71766e+07
47  22  5.03457e+07
47  23  4.31924e+07
47  24  5.38725e+07
47  25  6.02858e+07
47  26  5.78264e+07
47  27  4.65831e+07
47  28  5.07095e+07
47  29  3.87141e+07
47  30  5.54434e+07
47  31  3.57054e+07
47  32  4.07685e+07
47  33  3.10377e+07
47  34  5.24182e+07
47  35  3.5809e+07
47  36  3.88547e+07
47  37  5.28682e+07
47  38  3.98275e+07
47  39  5.332e+07
47  40  4.98853e+07
47  41  4.80209e+07
47  42  3.52129e+07
47  43  4.69282e+07
47  44  5.6331e+07
47  45  3.81168e+07
47  46  4.17799e+07
47  47  5.21795e+07
47  48  7.48911e+07
47  49  4.81047e+07
47  50  3.82753e+07
48  0  7.43562e+07
48  1  6.984e+07
48  2  6.43999e+07
48  3  6.33801e+07
48  4  5.4845e+07
48  5  6.30798e+07
48  6  6.94542e+07
48  7  6.92858e+07
48  8  5.57153e+07
48  9  7.75538e+07
48  10  6.29003e+07
48  11  6.13555e+07
48  12  7.23928e+07
48  13  8.00678e+07
48  14  7.7425e+07
48  15  7.01275e+07
48  16  4.88601e+07
48  17  7.38014e+07
48  18  7.38775e+07
48  19  8.02296e+07
48  20  1.24361e+08
48  21  8.61309e+07
48  22  7.29783e+07
48  23  5.02922e+07
48  24  4.45071e+07
48  25  5.22478e+07
48  26  4.76504e+07
48  27  4.52576e+07
48  28  4.64333e+07
48  29  3.68078e+07
48  30  3.76746e+07
48  31  3.57973e+07
48  32  3.34264e+07
48  33  3.91738e+07
48  34  6.41393e+07
48  35  4.04321e+07
48  36  3.59792e+07
48  37  4.09648e+07
48  38  5.5447e+07
48  39  4.6251e+07
48  40  5.15674e+07
48  41  3.1764e+07
48  42  4.39028e+07
48  43  3.2954e+07
48  44  5.31459e+07
48  45  3.72821e+07
48  46  5.41696e+07
48  47  4.91615e+07
48  48  5.63276e+07
48  49  4.91739e+07
48  50  5.05599e+07
49  0  6.92479e+07
49  1  4.24152e+07
49  2  5.58244e+07
49  3  5.34611e+07
49  4  5.88368e+07
49  5  4.28732e+07
49  6  6.5196e+07
49  7  7.08054e+07
49  8  7.48025e+07
49  9  6.20847e+07
49  10  7.02109e+07
49  11  7.23481e+07
49  12  9.62641e+07
49  13  8.6214e+07
49  14  5.67177e+07
49  15  6.50417e+07
49  16  5.37639e+07
49  17  7.45093e+07
49  18  7.6935e+07
49  19  8.39336e+07
49  20  1.30697e+08
49  21  1.02255e+08
49  22  5.84047e+07
49  23  6.32388e+07
49  24  5.02259e+07
49  25  5.43947e+07
49  26  6.62145e+07
49  27  4.68272e+07
49  28  5.04629e+07
49  29  2.96273e+07
49  30  3.23486e+07
49  31  3.31772e+07
49  32  3.72281e+07
49  33  5.54201e+07
49  34  5.33792e+07
49  35  5.62571e+07
49  36  3.71643e+07
49  37  4.49403e+07
49  38  3.88719e+07
49  39  4.7934e+07
49  40  5.41204e+07
49  41  2.98999e+07
49  42  3.78704e+07
49  43  4.43508e+07
49  44  3.99999e+07
49  45  3.88973e+07
49  46  3.64907e+07
49  47  4.92868e+07
49  48  5.73088e+07
49  49  3.39057e+07
49  50  4.1575e+07
50  0  6.49631e+07
50  1  5.8408e+07
50  2  5.8606e+07
50  3  6.03188e+07
50  4  5.96793e+07
50  5  6.65024e+07
50  6  6.47549e+07
50  7  5.27617e+07
50  8  6.07896e+07
50  9  6.80157e+07
50  10  4.83773e+07
50  11  6.98602e+07
50  12  8.69659e+07
50  13  8.71743e+07
50  14  6.12322e+07
50  15  7.67784e+07
50  16  5.62956e+07
50  17  6.1301e+07
50  18  7.7824e+07
50  19  6.08402e+07
50  20  1.54097e+08
50  21  7.05958e+07
50  22  5.84811e+07
50  23  5.11494e+07
50  24  4.29901e+07
50  25  6.05056e+07
50  26  5.17508e+07
50  27  3.19611e+07
50  28  4.53731e+07
50  29  3.95046e+07
50  30  3.72963e+07
50  31  4.96763e+07
50  32  4.33301e+07
50  33  5.66576e+07
50  34  5.48741e+07
50  35  4.53345e+07
50  36  4.50688e+07
50  37  5.03408e+07
50  38  5.36125e+07
50  39  4.52698e+07
50  40  5.64228e+07
50  41  5.66311e+07
50  42  4.6148e+07
50  43  4.70623e+07
50  44  4.70541e+07
50  45  3.32916e+07
50  46  4.74067e+07
50  47  4.82507e+07
50  48  5.87573e+07
50  49  5.01045e+07
50  50  4.35506e+07

