row  column  (images_29.edf Cu-K*images_29.edf Ar-K**2.3)
0  0  1.22168e+07
0  1  0
0  2  4.107e+06
0  3  0
0  4  5.13241e+06
0  5  0
0  6  8.75439e+06
0  7  1.39018e+07
0  8  0
0  9  0
0  10  0
0  11  7.03186e+06
0  12  3.76381e+06
0  13  3.55478e+06
0  14  4.4045e+06
0  15  2.27869e+07
0  16  1.53227e+06
0  17  1.54927e+07
0  18  5.70656e+06
0  19  1.687e+07
0  20  1.21375e+07
0  21  2.36693e+07
0  22  8.96305e+06
0  23  4.83774e+06
0  24  1.59849e+07
0  25  4.00547e+06
0  26  7.82685e+06
0  27  8.75171e+06
0  28  1.95601e+07
0  29  1.04112e+07
0  30  1.10204e+07
0  31  0
0  32  1.29986e+06
0  33  0
0  34  801653
0  35  2.03716e+06
0  36  7.76551e+06
0  37  1.79102e+07
0  38  9.47906e+06
0  39  8.95095e+06
0  40  780059
0  41  1.07914e+07
0  42  1.67886e+07
0  43  2.59234e+07
0  44  3.44109e+07
0  45  2.38828e+07
0  46  3.34018e+07
0  47  3.47734e+07
0  48  6.05847e+07
0  49  7.17052e+07
0  50  5.2258e+07
1  0  4.84294e+06
1  1  0
1  2  5.97747e+06
1  3  4.6643e+06
1  4  873909
1  5  1.40482e+07
1  6  5.91134e+06
1  7  9.86774e+06
1  8  1.21131e+06
1  9  0
1  10  0
1  11  6.54231e+06
1  12  0
1  13  6.82214e+06
1  14  5.13933e+06
1  15  6.83016e+06
1  16  2.46775e+07
1  17  3.80482e+06
1  18  9.54118e+06
1  19  0
1  20  0
1  21  8.71175e+06
1  22  7.89623e+06
1  23  9.43119e+06
1  24  5.03684e+06
1  25  135049
1  26  8.96631e+06
1  27  1.3006e+07
1  28  1.70251e+07
1  29  1.09258e+07
1  30  1.20731e+07
1  31  6.04985e+06
1  32  4.42877e+06
1  33  1.2889e+07
1  34  2.70651e+06
1  35  805961
1  36  5.72033e+06
1  37  1.19015e+07
1  38  2.40981e+07
1  39  4.23072e+06
1  40  1.27152e+07
1  41  1.39624e+07
1  42  5.6719e+06
1  43  1.06848e+07
1  44  3.06118e+07
1  45  3.60216e+07
1  46  2.85347e+07
1  47  2.85083e+07
1  48  5.64776e+07
1  49  6.47897e+07
1  50  4.62306e+07
2  0  438411
2  1  1.02627e+07
2  2  0
2  3  0
2  4  0
2  5  0
2  6  0
2  7  1.26953e+07
2  8  4.90923e+06
2  9  0
2  10  1.65836e+06
2  11  805975
2  12  1.32709e+07
2  13  9.06846e+06
2  14  5.5691e+06
2  15  7.48019e+06
2  16  9.38284e+06
2  17  1.10364e+07
2  18  1.23801e+07
2  19  1.49909e+07
2  20  6.48596e+06
2  21  2.62165e+06
2  22  1.28566e+07
2  23  2.08589e+07
2  24  9.03505e+06
2  25  3.67523e+06
2  26  7.48854e+06
2  27  699142
2  28  1.20357e+07
2  29  1.92058e+06
2  30  0
2  31  4.93677e+06
2  32  9.30109e+06
2  33  1.47326e+07
2  34  1.73042e+06
2  35  1.22029e+07
2  36  8.91005e+06
2  37  2.20721e+07
2  38  1.41489e+07
2  39  5.0755e+06
2  40  2.69335e+07
2  41  1.48853e+07
2  42  1.95142e+07
2  43  1.91563e+07
2  44  2.20597e+07
2  45  6.98324e+06
2  46  2.77249e+07
2  47  1.97771e+07
2  48  3.6044e+07
2  49  4.85841e+07
2  50  5.67168e+07
3  0  4.25795e+06
3  1  0
3  2  144246
3  3  0
3  4  1.10826e+07
3  5  2.09583e+07
3  6  493498
3  7  0
3  8  9.90997e+06
3  9  0
3  10  1.11314e+07
3  11  6.14198e+06
3  12  1.00676e+06
3  13  1.16664e+07
3  14  6.05603e+06
3  15  1.48799e+07
3  16  1.81804e+06
3  17  1.62598e+07
3  18  8.14972e+06
3  19  1.0651e+07
3  20  3.33766e+06
3  21  8.24069e+06
3  22  1.45443e+07
3  23  3.54299e+06
3  24  1.05599e+07
3  25  8.06076e+06
3  26  5.1328e+06
3  27  1.18877e+07
3  28  1.19871e+06
3  29  1.22732e+07
3  30  3.85108e+06
3  31  4.50816e+06
3  32  1.45805e+07
3  33  2.63128e+07
3  34  1.33901e+07
3  35  1.16731e+07
3  36  0
3  37  2.10372e+07
3  38  3.06349e+07
3  39  1.20733e+07
3  40  9.70954e+06
3  41  1.46119e+07
3  42  1.00916e+07
3  43  1.85558e+07
3  44  1.82297e+07
3  45  1.32706e+07
3  46  2.12004e+07
3  47  2.99436e+07
3  48  3.49673e+07
3  49  4.76298e+07
3  50  2.88208e+07
4  0  1.44048e+07
4  1  0
4  2  82969.1
4  3  0
4  4  0
4  5  2.93402e+06
4  6  1.47775e+07
4  7  7.3023e+06
4  8  0
4  9  0
4  10  2.3892e+06
4  11  0
4  12  1.63923e+07
4  13  1.89678e+07
4  14  0
4  15  4.15259e+06
4  16  0
4  17  1.13906e+07
4  18  1.03274e+07
4  19  0
4  20  1.49643e+07
4  21  0
4  22  8.24108e+06
4  23  2.24732e+07
4  24  2.8785e+07
4  25  9.2029e+06
4  26  2.91315e+06
4  27  7.67385e+06
4  28  1.84331e+06
4  29  1.09263e+07
4  30  1.30778e+07
4  31  7.75749e+06
4  32  6.61677e+06
4  33  0
4  34  6.54736e+06
4  35  8.44568e+06
4  36  8.69443e+06
4  37  3.65482e+06
4  38  3.19827e+07
4  39  1.765e+07
4  40  4.1279e+06
4  41  2.85466e+07
4  42  386811
4  43  3.10378e+06
4  44  9.16981e+06
4  45  2.31172e+07
4  46  1.09603e+07
4  47  2.36981e+06
4  48  2.09924e+07
4  49  2.60054e+07
4  50  3.22105e+07
5  0  1.19525e+06
5  1  2.24838e+06
5  2  0
5  3  6.64554e+06
5  4  8.26236e+06
5  5  0
5  6  0
5  7  4.08501e+06
5  8  0
5  9  4.28632e+06
5  10  9.73419e+06
5  11  1.24389e+07
5  12  3.14078e+06
5  13  0
5  14  4.03105e+06
5  15  7.24566e+06
5  16  0
5  17  1.59013e+07
5  18  5.36515e+06
5  19  0
5  20  1.8474e+07
5  21  679487
5  22  1.82708e+07
5  23  7.93519e+06
5  24  1.4693e+07
5  25  1.0883e+07
5  26  2.46113e+06
5  27  5.59906e+06
5  28  9.00115e+06
5  29  6.21249e+06
5  30  8.32154e+06
5  31  9.16242e+06
5  32  7.92148e+06
5  33  8.73774e+06
5  34  8.94854e+06
5  35  1.1999e+07
5  36  1.11231e+07
5  37  0
5  38  2.06599e+07
5  39  0
5  40  1.0236e+07
5  41  5.09686e+06
5  42  3.06332e+06
5  43  2.36135e+07
5  44  9.63692e+06
5  45  2.34075e+07
5  46  1.66944e+06
5  47  1.02588e+07
5  48  2.06042e+07
5  49  2.60524e+07
5  50  1.02395e+07
6  0  7.14849e+06
6  1  106544
6  2  0
6  3  0
6  4  0
6  5  1.79922e+07
6  6  0
6  7  0
6  8  2.39047e+06
6  9  3.21458e+06
6  10  0
6  11  9.5101e+06
6  12  2.17772e+06
6  13  1.23929e+07
6  14  1.04815e+07
6  15  4.75096e+06
6  16  5.54961e+06
6  17  1.85717e+07
6  18  0
6  19  0
6  20  9.12611e+06
6  21  1.81005e+07
6  22  8.49555e+06
6  23  1.02334e+07
6  24  0
6  25  175012
6  26  4.17639e+06
6  27  0
6  28  1.14156e+07
6  29  0
6  30  2.49324e+06
6  31  0
6  32  5.70982e+06
6  33  1.5185e+07
6  34  1.05404e+07
6  35  0
6  36  6.42895e+06
6  37  8.34459e+06
6  38  4.84082e+06
6  39  1.40197e+07
6  40  1.71896e+07
6  41  0
6  42  1.36763e+07
6  43  1.65828e+07
6  44  1.24959e+07
6  45  1.91641e+07
6  46  1.91511e+07
6  47  3.11256e+06
6  48  1.2177e+07
6  49  1.45601e+07
6  50  2.60139e+07
7  0  1.49611e+07
7  1  199419
7  2  0
7  3  1.4585e+07
7  4  0
7  5  0
7  6  4.62474e+06
7  7  3.79648e+06
7  8  0
7  9  0
7  10  1.06347e+07
7  11  1.22693e+07
7  12  131513
7  13  0
7  14  6.85388e+06
7  15  1.35998e+07
7  16  0
7  17  0
7  18  6.67391e+06
7  19  7943.42
7  20  1.47565e+07
7  21  1.0871e+07
7  22  2.21857e+07
7  23  1.04135e+07
7  24  2.30987e+06
7  25  4.61307e+06
7  26  1.65497e+07
7  27  1.20614e+07
7  28  1.74111e+07
7  29  9.90874e+06
7  30  5.88305e+06
7  31  1.04725e+07
7  32  1.56122e+07
7  33  2.69096e+06
7  34  9.76657e+06
7  35  8.71679e+06
7  36  1.02573e+07
7  37  0
7  38  2.09325e+07
7  39  6.79279e+06
7  40  2.29753e+06
7  41  3.17402e+06
7  42  1.57881e+07
7  43  1.43628e+07
7  44  1.05162e+07
7  45  1.14467e+07
7  46  2.29177e+07
7  47  5.56813e+06
7  48  3.3827e+07
7  49  2.24339e+07
7  50  1.30126e+07
8  0  1.65823e+07
8  1  0
8  2  0
8  3  0
8  4  0
8  5  7.31192e+06
8  6  1.41645e+07
8  7  0
8  8  0
8  9  134338
8  10  6.06505e+06
8  11  2.7525e+06
8  12  0
8  13  2.34459e+07
8  14  0
8  15  9.50994e+06
8  16  7.41191e+06
8  17  6.29462e+06
8  18  1.18242e+06
8  19  1.01127e+07
8  20  3.45098e+06
8  21  0
8  22  1.11567e+07
8  23  1.43589e+07
8  24  0
8  25  0
8  26  1.1129e+07
8  27  6.06926e+06
8  28  1.44471e+07
8  29  1.56197e+07
8  30  1.96076e+07
8  31  0
8  32  1.2112e+07
8  33  2.89456e+07
8  34  2.27598e+07
8  35  8.18428e+06
8  36  533456
8  37  1.04878e+07
8  38  1.33275e+07
8  39  4.39471e+06
8  40  7.05943e+06
8  41  3.75897e+06
8  42  1.35885e+07
8  43  9.91811e+06
8  44  1.45411e+07
8  45  7.08917e+06
8  46  1.99327e+07
8  47  4.85185e+06
8  48  4.76363e+06
8  49  1.65106e+07
8  50  3.25223e+06
9  0  1.07484e+07
9  1  0
9  2  1.46056e+07
9  3  0
9  4  0
9  5  0
9  6  3.34905e+06
9  7  2.01115e+06
9  8  0
9  9  7.80959e+06
9  10  0
9  11  1.35669e+07
9  12  1.77927e+07
9  13  0
9  14  9.94198e+06
9  15  672334
9  16  0
9  17  923750
9  18  9.57941e+06
9  19  3.64422e+06
9  20  1.85515e+07
9  21  1.45399e+07
9  22  0
9  23  9.59905e+06
9  24  1.32308e+07
9  25  6.42356e+06
9  26  301427
9  27  367176
9  28  1.3363e+07
9  29  7.2982e+06
9  30  7.57329e+06
9  31  1.00847e+07
9  32  5.52118e+06
9  33  1.24377e+07
9  34  1.21322e+07
9  35  6.20323e+06
9  36  1.0006e+07
9  37  6.12451e+06
9  38  1.26722e+07
9  39  1.01167e+07
9  40  7.7642e+06
9  41  1.27205e+07
9  42  1.39568e+07
9  43  1.2431e+07
9  44  0
9  45  1.26816e+07
9  46  8.39767e+06
9  47  1.38118e+06
9  48  8.10554e+06
9  49  1.04737e+07
9  50  1.4399e+07
10  0  0
10  1  0
10  2  7.48729e+06
10  3  9.86186e+06
10  4  0
10  5  0
10  6  1.51559e+07
10  7  1.86517e+07
10  8  0
10  9  1.52273e+07
10  10  1.57276e+06
10  11  1.09713e+07
10  12  1.84814e+07
10  13  1.98524e+06
10  14  1.45719e+06
10  15  3.75655e+06
10  16  0
10  17  5.05008e+06
10  18  2.85239e+06
10  19  7.64e+06
10  20  4.58875e+06
10  21  0
10  22  0
10  23  2.12076e+07
10  24  0
10  25  1.6834e+06
10  26  4.22291e+06
10  27  0
10  28  6.85715e+06
10  29  1.0765e+06
10  30  5.00439e+06
10  31  1.41897e+07
10  32  0
10  33  860163
10  34  9.81205e+06
10  35  1.38706e+06
10  36  0
10  37  1.03359e+07
10  38  7.48701e+06
10  39  4.74653e+06
10  40  4.83665e+06
10  41  4.17886e+06
10  42  8.3362e+06
10  43  1.21165e+07
10  44  3.49471e+06
10  45  0
10  46  9.37754e+06
10  47  6.214e+06
10  48  5.92804e+06
10  49  1.78509e+06
10  50  1.62739e+07
11  0  0
11  1  5.70543e+06
11  2  1.90005e+07
11  3  1.21969e+06
11  4  9.53569e+06
11  5  0
11  6  0
11  7  0
11  8  1.02456e+07
11  9  1.20448e+07
11  10  7.19174e+06
11  11  5.5635e+06
11  12  7.09885e+06
11  13  1.22955e+07
11  14  1.15726e+07
11  15  2.16625e+06
11  16  9.39792e+06
11  17  2.48932e+06
11  18  6.1259e+06
11  19  4.52027e+06
11  20  1.79389e+07
11  21  0
11  22  331294
11  23  2.09257e+06
11  24  2.58119e+06
11  25  1.38077e+07
11  26  0
11  27  1.49034e+07
11  28  8.0366e+06
11  29  1.91002e+07
11  30  0
11  31  1.94478e+07
11  32  5.41761e+06
11  33  1.5314e+07
11  34  7.83108e+06
11  35  1.7422e+07
11  36  8.31302e+06
11  37  1.1066e+07
11  38  1.39428e+06
11  39  1.27915e+07
11  40  1.39346e+07
11  41  3.45916e+06
11  42  9.27276e+06
11  43  1.04942e+07
11  44  6.281e+06
11  45  1.02136e+07
11  46  3.23139e+06
11  47  1.33401e+07
11  48  1.05959e+06
11  49  0
11  50  1.15444e+07
12  0  0
12  1  4.51301e+06
12  2  0
12  3  4.69617e+06
12  4  5.68046e+06
12  5  533908
12  6  0
12  7  3.98282e+06
12  8  0
12  9  1.09895e+07
12  10  1.40777e+07
12  11  1.98625e+07
12  12  1.79036e+07
12  13  2.49551e+06
12  14  7.94534e+06
12  15  1.82856e+06
12  16  1.07948e+07
12  17  6.60694e+06
12  18  9.42488e+06
12  19  8.96959e+06
12  20  866938
12  21  7.94694e+06
12  22  1.02507e+07
12  23  1.04364e+07
12  24  4.91218e+06
12  25  1.21618e+07
12  26  7.5581e+06
12  27  1.30212e+07
12  28  7.0111e+06
12  29  0
12  30  2.97094e+06
12  31  1.4827e+06
12  32  653919
12  33  9.56747e+06
12  34  2.79148e+06
12  35  7.68516e+06
12  36  3.61333e+06
12  37  2.29075e+06
12  38  1.28716e+07
12  39  1.18855e+07
12  40  1.73298e+07
12  41  8.37274e+06
12  42  2.17602e+06
12  43  9.59123e+06
12  44  0
12  45  1.0305e+07
12  46  9.2505e+06
12  47  3.28972e+06
12  48  1.23883e+07
12  49  6.49215e+06
12  50  1.45403e+07
13  0  2.12471e+06
13  1  1.1883e+07
13  2  1.99982e+06
13  3  1.40194e+07
13  4  574819
13  5  0
13  6  0
13  7  1.55536e+07
13  8  1.69262e+06
13  9  69199.4
13  10  9.41478e+06
13  11  8.22294e+06
13  12  1.57277e+07
13  13  5.43525e+06
13  14  4.57054e+06
13  15  1.51654e+07
13  16  8.46278e+06
13  17  8.49468e+06
13  18  0
13  19  1.44031e+07
13  20  0
13  21  4.83049e+06
13  22  0
13  23  2.18592e+07
13  24  8.22727e+06
13  25  6.96197e+06
13  26  6.92001e+06
13  27  9.22657e+06
13  28  0
13  29  1.41265e+07
13  30  6.04085e+06
13  31  1.21707e+07
13  32  2.57656e+06
13  33  2.84512e+06
13  34  3.81206e+06
13  35  1.15797e+07
13  36  1.83819e+07
13  37  1.87023e+07
13  38  1.71555e+07
13  39  1.62272e+07
13  40  1.64901e+06
13  41  5.78918e+06
13  42  2.09794e+06
13  43  0
13  44  1.47163e+07
13  45  2.56792e+07
13  46  0
13  47  6.97734e+06
13  48  136589
13  49  7.45167e+06
13  50  2.11282e+07
14  0  5.14183e+06
14  1  6.55547e+06
14  2  2.03753e+06
14  3  2.81334e+06
14  4  1.07192e+07
14  5  5.77775e+06
14  6  6.03263e+06
14  7  1.54673e+06
14  8  7.39825e+06
14  9  7.37433e+06
14  10  1.45196e+07
14  11  1.17114e+07
14  12  0
14  13  1.36559e+06
14  14  1.66016e+07
14  15  1.66157e+07
14  16  0
14  17  7.18177e+06
14  18  1.3523e+07
14  19  1.31121e+07
14  20  6.28403e+06
14  21  8.67322e+06
14  22  4.06658e+06
14  23  4.63063e+06
14  24  2.05662e+07
14  25  9.36304e+06
14  26  3.02969e+06
14  27  0
14  28  0
14  29  8.57356e+06
14  30  4.44524e+06
14  31  1.38318e+06
14  32  0
14  33  6.74171e+06
14  34  7.31855e+06
14  35  7.45977e+06
14  36  1.31634e+07
14  37  8.62415e+06
14  38  1.00868e+07
14  39  2.56905e+07
14  40  8.58217e+06
14  41  5.13904e+06
14  42  1.00021e+07
14  43  1.17068e+07
14  44  4.20529e+06
14  45  1.28066e+07
14  46  1.54885e+07
14  47  1.22315e+07
14  48  1.9431e+07
14  49  1.0656e+07
14  50  1.10736e+07
15  0  2.89178e+06
15  1  1.68332e+06
15  2  0
15  3  0
15  4  7.58126e+06
15  5  1.19395e+07
15  6  1.78746e+06
15  7  841206
15  8  5.45721e+06
15  9  9.16927e+06
15  10  1.28453e+07
15  11  4.20705e+06
15  12  5.36122e+06
15  13  0
15  14  8.40492e+06
15  15  5.24679e+06
15  16  1.83873e+07
15  17  2.53533e+06
15  18  9.66461e+06
15  19  5.62945e+06
15  20  0
15  21  5.75401e+06
15  22  7.20474e+06
15  23  8.37435e+06
15  24  6.85781e+06
15  25  1.0472e+07
15  26  8.62369e+06
15  27  7.68219e+06
15  28  8.9715e+06
15  29  1.69193e+07
15  30  1.06266e+07
15  31  1.9588e+07
15  32  9.98313e+06
15  33  271496
15  34  1.28864e+06
15  35  1.06922e+07
15  36  9.04897e+06
15  37  8.38111e+06
15  38  295645
15  39  0
15  40  8.05834e+06
15  41  0
15  42  726845
15  43  8.11453e+06
15  44  2.47896e+07
15  45  1.52949e+07
15  46  2.34083e+06
15  47  4.32057e+06
15  48  1.14484e+07
15  49  1.70211e+07
15  50  6.63732e+06
16  0  0
16  1  0
16  2  5.4261e+06
16  3  0
16  4  0
16  5  0
16  6  0
16  7  6.55496e+06
16  8  0
16  9  1.73459e+06
16  10  2.88538e+07
16  11  6.69845e+06
16  12  0
16  13  1.15581e+07
16  14  1.10224e+06
16  15  3.44699e+06
16  16  2.42263e+06
16  17  0
16  18  6.21461e+06
16  19  1.31826e+07
16  20  1.53209e+07
16  21  2.80467e+07
16  22  0
16  23  5.47462e+06
16  24  1.35145e+07
16  25  4.20535e+06
16  26  0
16  27  5.00647e+06
16  28  4.25886e+06
16  29  1.36606e+07
16  30  3.71106e+06
16  31  1.89987e+07
16  32  1.30791e+07
16  33  1.50124e+07
16  34  1.40629e+07
16  35  6.83872e+06
16  36  0
16  37  8.58578e+06
16  38  1.29427e+06
16  39  1.19892e+07
16  40  686163
16  41  8.99436e+06
16  42  6.1876e+06
16  43  4.20665e+06
16  44  0
16  45  113264
16  46  1.93866e+06
16  47  1.60534e+07
16  48  1.51183e+06
16  49  1.44762e+07
16  50  2.44139e+06
17  0  1.06318e+07
17  1  60110.5
17  2  9.34777e+06
17  3  0
17  4  0
17  5  7.56453e+06
17  6  2.23962e+06
17  7  1.63584e+07
17  8  607597
17  9  7.47238e+06
17  10  2.83546e+07
17  11  1.35818e+07
17  12  1.02625e+07
17  13  0
17  14  4.53418e+06
17  15  1.65629e+07
17  16  1.32646e+07
17  17  4.2008e+06
17  18  8.19658e+06
17  19  1.0121e+07
17  20  0
17  21  1.26019e+07
17  22  0
17  23  0
17  24  1.7827e+07
17  25  8.456e+06
17  26  4.60514e+06
17  27  0
17  28  68481.1
17  29  8.49698e+06
17  30  9.54997e+06
17  31  0
17  32  1.24991e+07
17  33  9.30537e+06
17  34  1.28708e+06
17  35  0
17  36  0
17  37  0
17  38  0
17  39  6.84564e+06
17  40  8.93206e+06
17  41  5.22659e+06
17  42  515118
17  43  7.13863e+06
17  44  6.57135e+06
17  45  7.72612e+06
17  46  931585
17  47  0
17  48  0
17  49  8.20971e+06
17  50  1.25572e+07
18  0  7.29094e+06
18  1  4.91332e+06
18  2  0
18  3  953229
18  4  685161
18  5  0
18  6  0
18  7  3.24799e+06
18  8  3.06721e+06
18  9  1.19154e+07
18  10  1.46088e+07
18  11  9.31562e+06
18  12  1.6295e+07
18  13  0
18  14  2.38742e+07
18  15  6.00793e+06
18  16  8.49426e+06
18  17  1.04125e+07
18  18  6.77686e+06
18  19  1.25342e+07
18  20  5.9588e+06
18  21  7.19969e+06
18  22  0
18  23  6.89826e+06
18  24  1.19993e+07
18  25  0
18  26  1.16417e+07
18  27  6.54026e+06
18  28  8.93054e+06
18  29  8.69112e+06
18  30  5.20645e+06
18  31  3.48106e+06
18  32  8.43794e+06
18  33  0
18  34  0
18  35  2.4943e+06
18  36  1.25177e+07
18  37  1.80091e+07
18  38  0
18  39  0
18  40  1.52829e+07
18  41  4.03626e+06
18  42  958136
18  43  9.88091e+06
18  44  1.46044e+07
18  45  1.17488e+07
18  46  6.07442e+06
18  47  8.93378e+06
18  48  9.52015e+06
18  49  7.98465e+06
18  50  1.03547e+07
19  0  0
19  1  0
19  2  0
19  3  1.25296e+07
19  4  813896
19  5  1.51203e+07
19  6  0
19  7  4.59401e+06
19  8  0
19  9  1.29361e+07
19  10  1.98518e+07
19  11  9.57982e+06
19  12  6.06347e+06
19  13  2.21686e+06
19  14  6.45211e+06
19  15  1.07323e+07
19  16  4.11958e+06
19  17  1.27773e+07
19  18  5.03907e+06
19  19  9.30673e+06
19  20  6.51447e+06
19  21  1.51279e+06
19  22  1.88368e+07
19  23  1.14551e+07
19  24  6.31602e+06
19  25  4.92744e+06
19  26  0
19  27  6.76371e+06
19  28  8.0558e+06
19  29  6.17687e+06
19  30  0
19  31  1.00776e+07
19  32  3.31875e+06
19  33  8.19038e+06
19  34  1.12645e+07
19  35  1.22597e+07
19  36  5.48079e+06
19  37  1.16613e+07
19  38  6.18587e+06
19  39  5.5462e+06
19  40  0
19  41  0
19  42  0
19  43  4.99488e+06
19  44  6.17688e+06
19  45  0
19  46  4.94298e+06
19  47  1.43982e+07
19  48  5.48379e+06
19  49  3.16866e+06
19  50  1.90149e+07
20  0  2.78566e+06
20  1  9.03858e+06
20  2  3.90594e+06
20  3  758194
20  4  0
20  5  1.09202e+07
20  6  2.35631e+06
20  7  3.91958e+06
20  8  1.06839e+07
20  9  1.92764e+07
20  10  1.5514e+07
20  11  1.89514e+07
20  12  1.17237e+07
20  13  1.69222e+07
20  14  1.24048e+07
20  15  9.73984e+06
20  16  9.43402e+06
20  17  6.68231e+06
20  18  0
20  19  1.10231e+07
20  20  1.84659e+07
20  21  0
20  22  4.45869e+06
20  23  0
20  24  7.55549e+06
20  25  1.82034e+07
20  26  7.94582e+06
20  27  2.16352e+07
20  28  1.78885e+07
20  29  1.51646e+07
20  30  1.42174e+06
20  31  5.14088e+06
20  32  0
20  33  2.6381e+06
20  34  0
20  35  0
20  36  1.59747e+07
20  37  1.37242e+07
20  38  251911
20  39  5.43519e+06
20  40  0
20  41  164086
20  42  1.38939e+07
20  43  0
20  44  2.69845e+06
20  45  6.02174e+06
20  46  4.0138e+06
20  47  7.78538e+06
20  48  1.49081e+07
20  49  1.2726e+07
20  50  1.09152e+07
21  0  0
21  1  175331
21  2  4.65765e+06
21  3  544680
21  4  6.29248e+06
21  5  1.89975e+07
21  6  0
21  7  3.50187e+06
21  8  1.71366e+07
21  9  3.62787e+06
21  10  8.13118e+06
21  11  2.73168e+07
21  12  711214
21  13  4.65801e+06
21  14  3.98952e+06
21  15  2.42687e+07
21  16  2.39257e+06
21  17  1.56677e+07
21  18  2.5914e+06
21  19  0
21  20  8.27957e+06
21  21  7.46099e+06
21  22  2.01448e+07
21  23  1.0118e+07
21  24  8.34329e+06
21  25  0
21  26  1.043e+07
21  27  1.81729e+07
21  28  1.67026e+07
21  29  0
21  30  9.84758e+06
21  31  2.73764e+06
21  32  5.85136e+06
21  33  1.89506e+07
21  34  4.81227e+06
21  35  206740
21  36  7.80895e+06
21  37  1.68189e+07
21  38  1.18812e+07
21  39  9.07627e+06
21  40  5.93742e+06
21  41  7.67569e+06
21  42  1.14968e+07
21  43  4.17562e+06
21  44  4.64793e+06
21  45  0
21  46  0
21  47  0
21  48  5.96306e+06
21  49  5.64419e+06
21  50  1.79472e+07
22  0  0
22  1  0
22  2  8.62315e+06
22  3  0
22  4  1.13758e+07
22  5  0
22  6  8.48082e+06
22  7  9.36282e+06
22  8  2.38136e+07
22  9  9.09843e+06
22  10  1.94283e+06
22  11  3.98805e+06
22  12  1.19415e+07
22  13  1.66763e+07
22  14  1.11116e+07
22  15  0
22  16  8.18735e+06
22  17  6.6422e+06
22  18  4.23852e+06
22  19  3.31886e+06
22  20  1.17215e+07
22  21  1.65207e+07
22  22  5.52706e+06
22  23  0
22  24  1.05919e+07
22  25  0
22  26  7.72485e+06
22  27  1.42968e+07
22  28  8.20369e+06
22  29  1.33738e+07
22  30  2.54881e+06
22  31  6.06977e+06
22  32  1.13517e+07
22  33  4.51269e+06
22  34  7.0257e+06
22  35  381787
22  36  5.14196e+06
22  37  6.25699e+06
22  38  1.78458e+06
22  39  6.16191e+06
22  40  6.19066e+06
22  41  1.51013e+06
22  42  9.58981e+06
22  43  5.81836e+06
22  44  0
22  45  1.26036e+07
22  46  7.30839e+06
22  47  8.63412e+06
22  48  5.54604e+06
22  49  9.66833e+06
22  50  7.13346e+06
23  0  0
23  1  0
23  2  5.59365e+06
23  3  0
23  4  0
23  5  1.8277e+07
23  6  2.67951e+06
23  7  1.5131e+07
23  8  1.16036e+07
23  9  5.70668e+06
23  10  2.97385e+06
23  11  0
23  12  1.1433e+06
23  13  3.1226e+06
23  14  497693
23  15  918102
23  16  3.46072e+06
23  17  4.73131e+06
23  18  3.32187e+06
23  19  0
23  20  1.06581e+07
23  21  0
23  22  2.65928e+06
23  23  6.78486e+06
23  24  1.6372e+07
23  25  6.9571e+06
23  26  7.44043e+06
23  27  423484
23  28  7.45249e+06
23  29  1.03604e+07
23  30  5.68552e+06
23  31  1.0881e+07
23  32  2.58823e+06
23  33  1.16092e+06
23  34  5.44842e+06
23  35  8.09564e+06
23  36  1.37464e+07
23  37  1.27739e+07
23  38  1.59379e+06
23  39  9.39849e+06
23  40  1.79958e+07
23  41  4.52148e+06
23  42  1.91785e+06
23  43  2.71597e+06
23  44  0
23  45  1.37935e+06
23  46  7.56035e+06
23  47  1.09988e+06
23  48  1.28032e+07
23  49  5.48455e+06
23  50  4.37365e+06
24  0  4.98616e+06
24  1  0
24  2  9.10003e+06
24  3  2.3036e+06
24  4  0
24  5  1.87798e+07
24  6  0
24  7  1.35897e+07
24  8  0
24  9  1.87639e+07
24  10  1.84818e+07
24  11  406020
24  12  1.06513e+07
24  13  8.7449e+06
24  14  0
24  15  1.22305e+07
24  16  1.84213e+06
24  17  3.65097e+06
24  18  4.11846e+06
24  19  2.23992e+06
24  20  6.61331e+06
24  21  2.13624e+06
24  22  9.31236e+06
24  23  3.80429e+06
24  24  2.00364e+07
24  25  6.13988e+06
24  26  1.30844e+07
24  27  2.54553e+06
24  28  7.11128e+06
24  29  6.93841e+06
24  30  4.93576e+06
24  31  1.63664e+07
24  32  6.003e+06
24  33  1.00901e+07
24  34  6.83912e+06
24  35  1.22674e+07
24  36  5.91467e+06
24  37  7.11123e+06
24  38  1.5017e+07
24  39  4.01614e+06
24  40  658103
24  41  179156
24  42  1.07899e+07
24  43  0
24  44  6.02079e+06
24  45  0
24  46  9.7686e+06
24  47  4.75931e+06
24  48  1.71164e+07
24  49  0
24  50  3.97573e+06
25  0  0
25  1  784739
25  2  0
25  3  0
25  4  4.60648e+06
25  5  6.97682e+06
25  6  1.41579e+07
25  7  2.31935e+06
25  8  0
25  9  1.98472e+06
25  10  1.14435e+07
25  11  1.17992e+07
25  12  1.53384e+07
25  13  2.72729e+06
25  14  7.92909e+06
25  15  4.85715e+06
25  16  2.16788e+06
25  17  3.96775e+06
25  18  7.72051e+06
25  19  4.14321e+06
25  20  5.53638e+06
25  21  1.46826e+06
25  22  1.82694e+07
25  23  1.47315e+07
25  24  1.61505e+07
25  25  4.58904e+06
25  26  8.1388e+06
25  27  0
25  28  7.25961e+06
25  29  9.80434e+06
25  30  1.27628e+07
25  31  1.29362e+07
25  32  0
25  33  5.43529e+06
25  34  2.8738e+06
25  35  6.49028e+06
25  36  6.64349e+06
25  37  1.75852e+07
25  38  1.20508e+07
25  39  0
25  40  8.75799e+06
25  41  0
25  42  9.09612e+06
25  43  1.2153e+07
25  44  1.23057e+07
25  45  1.13042e+07
25  46  0
25  47  2.31003e+06
25  48  0
25  49  1.68993e+07
25  50  0
26  0  1.11295e+07
26  1  0
26  2  4.71427e+06
26  3  8.80092e+06
26  4  6.33004e+06
26  5  3.77258e+06
26  6  1.06911e+07
26  7  1.0024e+07
26  8  687744
26  9  1.15732e+07
26  10  0
26  11  0
26  12  6.89136e+06
26  13  0
26  14  0
26  15  1.20162e+07
26  16  0
26  17  9.12099e+06
26  18  1.44011e+07
26  19  5.32119e+06
26  20  0
26  21  6.34934e+06
26  22  6.65436e+06
26  23  3.16586e+06
26  24  3.07242e+06
26  25  5.64862e+06
26  26  2.44872e+06
26  27  9.63047e+06
26  28  0
26  29  1.26277e+07
26  30  9.08817e+06
26  31  0
26  32  2.6388e+06
26  33  0
26  34  3.6864e+06
26  35  1.57169e+07
26  36  4.24627e+06
26  37  5.87475e+06
26  38  77687.3
26  39  1.6251e+07
26  40  1.90096e+07
26  41  0
26  42  2.63472e+06
26  43  5.46824e+06
26  44  0
26  45  183116
26  46  4.18403e+06
26  47  1.22921e+07
26  48  156545
26  49  0
26  50  1.50561e+07
27  0  0
27  1  1.23768e+07
27  2  1.18513e+07
27  3  8.67469e+06
27  4  4.71742e+06
27  5  3.9276e+06
27  6  1.39725e+07
27  7  4.94989e+06
27  8  8.28644e+06
27  9  6.06133e+06
27  10  4.68079e+06
27  11  1.41179e+07
27  12  2.07695e+07
27  13  0
27  14  0
27  15  0
27  16  8.50648e+06
27  17  6.53131e+06
27  18  1.10562e+07
27  19  616898
27  20  3.87284e+06
27  21  0
27  22  6.76352e+06
27  23  633109
27  24  4.86211e+06
27  25  1.21788e+07
27  26  1.12555e+07
27  27  5.66928e+06
27  28  1.16402e+07
27  29  1.24278e+07
27  30  5.81524e+06
27  31  2.93564e+06
27  32  0
27  33  4.17221e+06
27  34  1.1575e+07
27  35  1.70051e+07
27  36  0
27  37  0
27  38  2.43307e+07
27  39  0
27  40  1.51505e+07
27  41  7.78186e+06
27  42  0
27  43  0
27  44  875884
27  45  1.20456e+06
27  46  0
27  47  0
27  48  6.14691e+06
27  49  9.35565e+06
27  50  1.35994e+07
28  0  0
28  1  0
28  2  0
28  3  1.26158e+07
28  4  7.8362e+06
28  5  0
28  6  0
28  7  6.03115e+06
28  8  548347
28  9  1.15504e+07
28  10  1.86772e+07
28  11  1.81879e+06
28  12  1.00895e+07
28  13  0
28  14  5.65328e+06
28  15  0
28  16  668706
28  17  1.00261e+07
28  18  0
28  19  8.45278e+06
28  20  1.54168e+07
28  21  0
28  22  7.34106e+06
28  23  5.00433e+06
28  24  5.60257e+06
28  25  4.54917e+06
28  26  0
28  27  9.07628e+06
28  28  1.32539e+07
28  29  0
28  30  522013
28  31  550313
28  32  6.02944e+06
28  33  7.67596e+06
28  34  2.03286e+06
28  35  6.82282e+06
28  36  9.53514e+06
28  37  1.10503e+07
28  38  1.88476e+06
28  39  5.8582e+06
28  40  8.00192e+06
28  41  3.28677e+06
28  42  1.42195e+06
28  43  0
28  44  5.41824e+06
28  45  0
28  46  4.32895e+06
28  47  0
28  48  0
28  49  5.66984e+06
28  50  1.24602e+07
29  0  0
29  1  5.19762e+06
29  2  547798
29  3  0
29  4  4.74474e+06
29  5  0
29  6  4.12111e+06
29  7  3.82623e+06
29  8  1.51583e+07
29  9  3.77561e+06
29  10  0
29  11  1.34126e+07
29  12  4.89515e+06
29  13  1.16198e+07
29  14  8.0626e+06
29  15  1.64752e+07
29  16  5.12373e+06
29  17  1.60258e+07
29  18  6.94534e+06
29  19  2.43976e+06
29  20  4.77428e+06
29  21  5.26779e+06
29  22  4.16412e+06
29  23  4.77447e+06
29  24  0
29  25  331798
29  26  6.38188e+06
29  27  0
29  28  5.27715e+06
29  29  1.19018e+06
29  30  0
29  31  4.07457e+06
29  32  1.09458e+07
29  33  0
29  34  5.96623e+06
29  35  8.83301e+06
29  36  4.93754e+06
29  37  1.54415e+06
29  38  1.23179e+07
29  39  0
29  40  1.1031e+07
29  41  0
29  42  1.22908e+07
29  43  0
29  44  4.33576e+06
29  45  0
29  46  7.28204e+06
29  47  6.21491e+06
29  48  3.78976e+06
29  49  1.23162e+07
29  50  2.67906e+06
30  0  9.14384e+06
30  1  0
30  2  6.48718e+06
30  3  6.63427e+06
30  4  7.99745e+06
30  5  2.33987e+06
30  6  1.12307e+07
30  7  4.30892e+06
30  8  0
30  9  1.59235e+07
30  10  5.56221e+06
30  11  1.08192e+07
30  12  1.55728e+07
30  13  2.13685e+06
30  14  8.18174e+06
30  15  9.80232e+06
30  16  7.04292e+06
30  17  1.82876e+07
30  18  8.81229e+06
30  19  8.03285e+06
30  20  0
30  21  0
30  22  0
30  23  0
30  24  1.94263e+07
30  25  0
30  26  315672
30  27  429238
30  28  0
30  29  202615
30  30  1.82214e+07
30  31  1.11706e+06
30  32  0
30  33  1.48146e+07
30  34  1.36582e+07
30  35  8.05313e+06
30  36  1.57599e+07
30  37  1.17299e+07
30  38  7.15475e+06
30  39  5.76546e+06
30  40  3.14107e+06
30  41  0
30  42  0
30  43  0
30  44  5.33796e+06
30  45  3.79811e+06
30  46  882690
30  47  491559
30  48  1.69675e+07
30  49  6.50056e+06
30  50  2.66617e+06
31  0  0
31  1  9.2463e+06
31  2  8.78528e+06
31  3  1.23812e+07
31  4  1.80296e+06
31  5  4.14228e+06
31  6  477159
31  7  4.85238e+06
31  8  9.26065e+06
31  9  1.22439e+07
31  10  4.47868e+06
31  11  6.55505e+06
31  12  4.83784e+06
31  13  0
31  14  82627.3
31  15  0
31  16  5.09671e+06
31  17  2.57653e+06
31  18  1.3025e+07
31  19  1.0852e+07
31  20  1.40512e+06
31  21  22913
31  22  1.29802e+07
31  23  1.10584e+07
31  24  0
31  25  0
31  26  2.01052e+06
31  27  1.44831e+07
31  28  1.10502e+07
31  29  3.89434e+06
31  30  8.81252e+06
31  31  1.80281e+07
31  32  1.20101e+07
31  33  174688
31  34  2.26464e+06
31  35  0
31  36  1.11887e+07
31  37  0
31  38  1.23479e+07
31  39  0
31  40  0
31  41  1.61507e+07
31  42  0
31  43  1.0398e+07
31  44  3.03734e+06
31  45  0
31  46  1.66729e+07
31  47  7.85777e+06
31  48  6.55831e+06
31  49  1.31851e+07
31  50  2.97535e+06
32  0  4.14094e+06
32  1  0
32  2  2.90299e+06
32  3  1.48239e+07
32  4  330456
32  5  9.46596e+06
32  6  1.58062e+07
32  7  2.35178e+07
32  8  6.45374e+06
32  9  8.32461e+06
32  10  0
32  11  4.95451e+06
32  12  6.30817e+06
32  13  9.43213e+06
32  14  1.64548e+07
32  15  2.69917e+06
32  16  0
32  17  1.30604e+07
32  18  1.2403e+07
32  19  1.49706e+06
32  20  0
32  21  598214
32  22  8.11475e+06
32  23  8.05362e+06
32  24  4.86022e+06
32  25  0
32  26  5.06023e+06
32  27  0
32  28  0
32  29  7.11253e+06
32  30  0
32  31  1.48762e+07
32  32  1.20437e+07
32  33  1.26084e+06
32  34  4.31626e+06
32  35  3.25117e+06
32  36  0
32  37  9.36031e+06
32  38  3.60797e+06
32  39  7.97602e+06
32  40  6.7096e+06
32  41  0
32  42  9.53274e+06
32  43  2.29985e+06
32  44  2.692e+06
32  45  0
32  46  3.07915e+06
32  47  6.29369e+06
32  48  9.23557e+06
32  49  6.97493e+06
32  50  7.17695e+06
33  0  8.03229e+06
33  1  6.78096e+06
33  2  0
33  3  0
33  4  0
33  5  1.68186e+07
33  6  2.59058e+06
33  7  1.21913e+07
33  8  8.17339e+06
33  9  3.49318e+06
33  10  4.8152e+06
33  11  5.7823e+06
33  12  1.39001e+07
33  13  0
33  14  2.65028e+06
33  15  1.11409e+07
33  16  8.52711e+06
33  17  8.57516e+06
33  18  3.89197e+06
33  19  5.4875e+06
33  20  5.28225e+06
33  21  1.61264e+07
33  22  5.85063e+06
33  23  4.03878e+06
33  24  1.9713e+07
33  25  1.45575e+07
33  26  5.79729e+06
33  27  1.60589e+06
33  28  6.76936e+06
33  29  0
33  30  9.08118e+06
33  31  8.72631e+06
33  32  1.7869e+06
33  33  8.9676e+06
33  34  2.41479e+06
33  35  3.69875e+06
33  36  1.40358e+07
33  37  2.63573e+06
33  38  1.3409e+07
33  39  3.31085e+06
33  40  1.81752e+07
33  41  6.34457e+06
33  42  4.7571e+06
33  43  6.9989e+06
33  44  1.0412e+07
33  45  5.75423e+06
33  46  2.30825e+06
33  47  6.67566e+06
33  48  1.67942e+06
33  49  1.51909e+07
33  50  0
34  0  1.34525e+07
34  1  0
34  2  0
34  3  2.42936e+06
34  4  3.16168e+06
34  5  8.69542e+06
34  6  544099
34  7  7.78496e+06
34  8  1.16312e+06
34  9  7.80112e+06
34  10  2.53487e+07
34  11  1.68583e+06
34  12  2.24745e+06
34  13  7.97288e+06
34  14  7.06649e+06
34  15  2.67101e+06
34  16  0
34  17  0
34  18  5.85987e+06
34  19  0
34  20  1.21994e+07
34  21  9.43407e+06
34  22  3.67386e+06
34  23  5.81085e+06
34  24  0
34  25  1.49172e+07
34  26  0
34  27  2.55604e+06
34  28  0
34  29  0
34  30  1.11449e+07
34  31  0
34  32  3.58412e+06
34  33  0
34  34  0
34  35  6.25047e+06
34  36  1.72659e+06
34  37  8.01543e+06
34  38  8.9232e+06
34  39  0
34  40  2.43855e+06
34  41  0
34  42  7.10369e+06
34  43  0
34  44  1.04839e+07
34  45  4.32657e+06
34  46  0
34  47  4.32689e+06
34  48  0
34  49  7.70701e+06
34  50  6.8676e+06
35  0  1.17032e+07
35  1  1.98348e+07
35  2  0
35  3  7.95078e+06
35  4  8.56204e+06
35  5  4.18919e+06
35  6  1.26623e+07
35  7  2.78872e+06
35  8  135888
35  9  2.02447e+07
35  10  1.185e+07
35  11  3.79797e+06
35  12  1.20683e+07
35  13  0
35  14  1.12437e+07
35  15  0
35  16  1.31959e+07
35  17  8.35086e+06
35  18  3.72582e+06
35  19  0
35  20  1.3913e+06
35  21  3.76712e+06
35  22  2.10273e+06
35  23  3.31381e+06
35  24  1.14419e+07
35  25  0
35  26  0
35  27  7.75328e+06
35  28  0
35  29  1.25455e+07
35  30  3.69294e+06
35  31  2.92125e+06
35  32  9.19542e+06
35  33  0
35  34  2.32036e+06
35  35  4.10188e+06
35  36  1.4685e+06
35  37  0
35  38  7.13455e+06
35  39  3.30091e+06
35  40  0
35  41  0
35  42  3.55548e+06
35  43  1.611e+06
35  44  1.37845e+07
35  45  1.37554e+07
35  46  872357
35  47  1.02483e+07
35  48  5.53484e+06
35  49  1.78426e+07
35  50  9.20108e+06
36  0  2.30283e+07
36  1  1.05785e+07
36  2  2.80669e+06
36  3  1.24413e+07
36  4  6.02332e+06
36  5  5.26925e+06
36  6  0
36  7  0
36  8  2.28479e+06
36  9  2.53316e+06
36  10  1.50364e+07
36  11  3.88109e+06
36  12  9.70057e+06
36  13  1.3923e+07
36  14  328355
36  15  1.11924e+07
36  16  0
36  17  1.41107e+06
36  18  3.63077e+06
36  19  1.19721e+07
36  20  2.93209e+06
36  21  7.95289e+06
36  22  1.17842e+07
36  23  1.05813e+07
36  24  9.39965e+06
36  25  0
36  26  1.11711e+07
36  27  3.84689e+06
36  28  0
36  29  0
36  30  1.13821e+07
36  31  4.36635e+06
36  32  634167
36  33  1.55662e+06
36  34  3.556e+06
36  35  6.92189e+06
36  36  5.3396e+06
36  37  5.64682e+06
36  38  7.58458e+06
36  39  0
36  40  5.26851e+06
36  41  1.58429e+06
36  42  0
36  43  2.3634e+06
36  44  4.07569e+06
36  45  8.8194e+06
36  46  557957
36  47  8.02959e+06
36  48  8.44061e+06
36  49  5.34091e+06
36  50  3.05852e+06
37  0  8.01942e+06
37  1  1.08126e+07
37  2  8.22361e+06
37  3  0
37  4  1.52978e+07
37  5  4.56773e+06
37  6  6.84233e+06
37  7  6.87063e+06
37  8  9.53665e+06
37  9  1.22078e+07
37  10  1.28545e+07
37  11  1.11617e+07
37  12  6.90362e+06
37  13  4.43888e+06
37  14  2.05773e+07
37  15  5.1039e+06
37  16  692837
37  17  0
37  18  4.31895e+06
37  19  5.05273e+06
37  20  0
37  21  6.84416e+06
37  22  1.21859e+06
37  23  4.03845e+06
37  24  0
37  25  1.04169e+07
37  26  0
37  27  5.05399e+06
37  28  0
37  29  9.29666e+06
37  30  1.36064e+06
37  31  2.86774e+06
37  32  4.27133e+06
37  33  5.43854e+06
37  34  3.95869e+06
37  35  6.79231e+06
37  36  0
37  37  2.92542e+06
37  38  6.62011e+06
37  39  1.01267e+07
37  40  0
37  41  633311
37  42  2.68207e+06
37  43  3.05865e+06
37  44  1.97989e+06
37  45  1.83282e+06
37  46  1.13076e+07
37  47  8.5411e+06
37  48  1.44709e+07
37  49  2.10113e+06
37  50  1.34056e+06
38  0  6.42218e+06
38  1  1.33574e+07
38  2  2.61017e+06
38  3  1.15592e+07
38  4  0
38  5  7.43041e+06
38  6  4.07568e+06
38  7  9.56027e+06
38  8  2.86468e+06
38  9  9.07829e+06
38  10  5.93977e+06
38  11  0
38  12  9.34868e+06
38  13  0
38  14  0
38  15  1.63407e+07
38  16  1.032e+07
38  17  1.95953e+06
38  18  0
38  19  7.51025e+06
38  20  5.55038e+06
38  21  5.62787e+06
38  22  1.93697e+07
38  23  0
38  24  249555
38  25  0
38  26  0
38  27  1.17886e+07
38  28  0
38  29  8.62045e+06
38  30  1.53371e+07
38  31  2.50661e+06
38  32  5.24408e+06
38  33  695175
38  34  0
38  35  6.34968e+06
38  36  7.36605e+06
38  37  1.12302e+06
38  38  1.36504e+07
38  39  1.18925e+07
38  40  0
38  41  0
38  42  1.46416e+06
38  43  1.03584e+07
38  44  1.1875e+07
38  45  325650
38  46  6.38784e+06
38  47  5.75155e+06
38  48  3.23886e+06
38  49  0
38  50  5.52589e+06
39  0  2.04908e+06
39  1  4.09613e+06
39  2  1.80197e+07
39  3  2.88413e+06
39  4  2.90287e+06
39  5  1.80172e+07
39  6  0
39  7  4.90765e+06
39  8  3.16563e+06
39  9  5.77746e+06
39  10  1.5306e+07
39  11  0
39  12  0
39  13  5.4096e+06
39  14  3.05628e+06
39  15  0
39  16  843390
39  17  5.05449e+06
39  18  0
39  19  8.58062e+06
39  20  9.89724e+06
39  21  1.16811e+07
39  22  762366
39  23  5.67058e+06
39  24  1.27307e+07
39  25  1.73075e+07
39  26  2.89496e+06
39  27  0
39  28  5.81252e+06
39  29  8.10322e+06
39  30  5.37974e+06
39  31  883265
39  32  5.66112e+06
39  33  1.05253e+07
39  34  2.94005e+06
39  35  0
39  36  0
39  37  7.79028e+06
39  38  4.39692e+06
39  39  1.87598e+07
39  40  1.004e+07
39  41  5.3001e+06
39  42  7.36821e+06
39  43  6.42283e+06
39  44  0
39  45  7.68603e+06
39  46  0
39  47  3.30109e+06
39  48  9.49262e+06
39  49  1.24481e+07
39  50  0
40  0  4.79027e+06
40  1  0
40  2  1.52423e+07
40  3  5.16465e+06
40  4  1.16257e+07
40  5  5.34704e+06
40  6  0
40  7  7.83191e+06
40  8  1.52317e+06
40  9  1.02676e+07
40  10  1.25606e+07
40  11  7.73408e+06
40  12  8.1057e+06
40  13  4.70419e+06
40  14  2.0501e+06
40  15  0
40  16  9.56681e+06
40  17  0
40  18  0
40  19  1.19855e+07
40  20  1.03281e+07
40  21  5.13611e+06
40  22  8.04778e+06
40  23  0
40  24  5.62962e+06
40  25  4.328e+06
40  26  0
40  27  6.35528e+06
40  28  4.39076e+06
40  29  1.01285e+07
40  30  0
40  31  1.07086e+06
40  32  1.02638e+07
40  33  284241
40  34  0
40  35  4.78143e+06
40  36  2.04935e+06
40  37  1.90749e+06
40  38  6.64276e+06
40  39  0
40  40  0
40  41  0
40  42  5.51174e+06
40  43  2.03634e+06
40  44  2.44232e+06
40  45  7.48024e+06
40  46  0
40  47  5.97319e+06
40  48  1.32767e+06
40  49  7.87462e+06
40  50  4.66948e+06
41  0  7.02871e+06
41  1  0
41  2  1.66349e+07
41  3  0
41  4  1.87241e+07
41  5  1.13626e+07
41  6  0
41  7  0
41  8  7.66089e+06
41  9  6.96364e+06
41  10  0
41  11  0
41  12  7.44082e+06
41  13  1.00276e+07
41  14  9.1032e+06
41  15  5.28347e+06
41  16  7.21879e+06
41  17  9.63103e+06
41  18  6.10616e+06
41  19  7.068e+06
41  20  1.44758e+07
41  21  0
41  22  8.38611e+06
41  23  7.78394e+06
41  24  9.85496e+06
41  25  8.68761e+06
41  26  1.00471e+07
41  27  8.73553e+06
41  28  7.89318e+06
41  29  0
41  30  3.68496e+06
41  31  1.04803e+07
41  32  3.73393e+06
41  33  1.87494e+07
41  34  1.04256e+07
41  35  7.79355e+06
41  36  2.09754e+06
41  37  1.50791e+07
41  38  7.42496e+06
41  39  0
41  40  0
41  41  6.01086e+06
41  42  1.13101e+07
41  43  3.95166e+06
41  44  2.45004e+06
41  45  0
41  46  2.47792e+06
41  47  7.80401e+06
41  48  1.01841e+07
41  49  5.6717e+06
41  50  1.91817e+07
42  0  1.37653e+07
42  1  3.35885e+06
42  2  0
42  3  849752
42  4  9.5966e+06
42  5  4.81342e+06
42  6  5.02542e+06
42  7  1.25959e+07
42  8  9.49844e+06
42  9  5.33323e+06
42  10  3.55293e+06
42  11  453842
42  12  9.27259e+06
42  13  1.00133e+07
42  14  2.06013e+06
42  15  0
42  16  1.42187e+07
42  17  1.03004e+07
42  18  0
42  19  7.46596e+06
42  20  6.04034e+06
42  21  1.05949e+07
42  22  1.33236e+07
42  23  5.05726e+06
42  24  6.30279e+06
42  25  397570
42  26  1.06544e+07
42  27  2.97104e+06
42  28  0
42  29  496899
42  30  0
42  31  0
42  32  0
42  33  0
42  34  57618.2
42  35  0
42  36  2.23302e+06
42  37  3.17059e+06
42  38  832111
42  39  9.74651e+06
42  40  5.93081e+06
42  41  4.00181e+06
42  42  0
42  43  8.78211e+06
42  44  1.0779e+07
42  45  9.28931e+06
42  46  0
42  47  7.52333e+06
42  48  1.41351e+07
42  49  9.70444e+06
42  50  1.45219e+07
43  0  1.48305e+07
43  1  3.89109e+06
43  2  6.68851e+06
43  3  1.05657e+06
43  4  8.30657e+06
43  5  0
43  6  4.48185e+06
43  7  1.1546e+07
43  8  2.23976e+06
43  9  1.64178e+07
43  10  9.81816e+06
43  11  177418
43  12  4.99054e+06
43  13  1.55036e+07
43  14  8.71653e+06
43  15  0
43  16  3.17978e+06
43  17  2.94054e+06
43  18  9.96672e+06
43  19  1.4139e+06
43  20  0
43  21  450670
43  22  3.60172e+06
43  23  4.21716e+06
43  24  6.57523e+06
43  25  0
43  26  0
43  27  5.58022e+06
43  28  3.7466e+06
43  29  6.22636e+06
43  30  2.2003e+07
43  31  1.12313e+07
43  32  0
43  33  0
43  34  1.48863e+07
43  35  1.66965e+07
43  36  9.46747e+06
43  37  24410.9
43  38  7.59925e+06
43  39  6.43449e+06
43  40  3.19488e+06
43  41  3.03894e+06
43  42  1.0366e+06
43  43  8.86064e+06
43  44  6.36388e+06
43  45  0
43  46  0
43  47  2.44568e+06
43  48  4.82972e+06
43  49  844268
43  50  1.17969e+07
44  0  1.11286e+07
44  1  1.09774e+07
44  2  1.99199e+07
44  3  1.27791e+06
44  4  7.94502e+06
44  5  7.61068e+06
44  6  8.57238e+06
44  7  4.0105e+06
44  8  6.53752e+06
44  9  1.05091e+07
44  10  3.15975e+06
44  11  5.04826e+06
44  12  3.77418e+06
44  13  0
44  14  9.64456e+06
44  15  3.29461e+06
44  16  4.68127e+06
44  17  0
44  18  9.28487e+06
44  19  1.09879e+06
44  20  7.67469e+06
44  21  1.33382e+07
44  22  6.44611e+06
44  23  2.88238e+06
44  24  1.19183e+07
44  25  1.42574e+07
44  26  8.3285e+06
44  27  0
44  28  6.50924e+06
44  29  3.79085e+06
44  30  3.98751e+06
44  31  1.3372e+07
44  32  1.3097e+07
44  33  2.75857e+06
44  34  7.24486e+06
44  35  1.58719e+07
44  36  1.02684e+07
44  37  1.36252e+07
44  38  1.39459e+07
44  39  1.34026e+07
44  40  0
44  41  9.81282e+06
44  42  0
44  43  3.86311e+06
44  44  0
44  45  1.27243e+07
44  46  2.56478e+06
44  47  8.41231e+06
44  48  2.95168e+06
44  49  0
44  50  9.75051e+06
45  0  7.81124e+06
45  1  6.0181e+06
45  2  0
45  3  1.16406e+07
45  4  45129.4
45  5  1.05138e+07
45  6  3.79335e+06
45  7  1.28391e+07
45  8  0
45  9  657072
45  10  1.28813e+07
45  11  9.44761e+06
45  12  0
45  13  0
45  14  2.8925e+06
45  15  7.25949e+06
45  16  0
45  17  0
45  18  0
45  19  5.41955e+06
45  20  1.1416e+07
45  21  7.81063e+06
45  22  9.24389e+06
45  23  2.79433e+06
45  24  4.64852e+06
45  25  7.62519e+06
45  26  1.4659e+07
45  27  1.86068e+07
45  28  9.75367e+06
45  29  0
45  30  2.24938e+07
45  31  1.81219e+07
45  32  3.63956e+06
45  33  0
45  34  6.63562e+06
45  35  0
45  36  5.01989e+06
45  37  4.29124e+06
45  38  0
45  39  2.05732e+07
45  40  1.66967e+06
45  41  4.64572e+06
45  42  2.89011e+06
45  43  0
45  44  0
45  45  1.15174e+07
45  46  195417
45  47  1.08602e+07
45  48  1.12451e+07
45  49  4.23498e+06
45  50  8.77089e+06
46  0  1.28448e+07
46  1  1.05688e+07
46  2  4.04378e+06
46  3  4.95552e+06
46  4  1.22105e+07
46  5  0
46  6  9.48918e+06
46  7  8.0867e+06
46  8  1.62511e+07
46  9  2.16342e+06
46  10  1.60596e+07
46  11  0
46  12  4.2784e+06
46  13  9.81201e+06
46  14  6.39813e+06
46  15  1.23842e+07
46  16  1.05204e+07
46  17  1.33492e+06
46  18  4.39497e+06
46  19  8.04903e+06
46  20  291013
46  21  4.51609e+06
46  22  0
46  23  4.33952e+06
46  24  2.42669e+06
46  25  1.16679e+07
46  26  4.43294e+06
46  27  0
46  28  1.30487e+07
46  29  1.38215e+06
46  30  4.78904e+06
46  31  0
46  32  0
46  33  0
46  34  0
46  35  310230
46  36  0
46  37  7.46191e+06
46  38  0
46  39  1.5865e+06
46  40  0
46  41  6.57547e+06
46  42  9.52392e+06
46  43  0
46  44  4.72204e+06
46  45  1.86686e+07
46  46  1.00061e+07
46  47  4.35336e+06
46  48  7.85034e+06
46  49  2.1573e+06
46  50  0
47  0  842870
47  1  9.97107e+06
47  2  6.28382e+06
47  3  1.50463e+07
47  4  522884
47  5  1.97784e+06
47  6  64463
47  7  3.60927e+06
47  8  1.24998e+07
47  9  0
47  10  1.24703e+06
47  11  6.577e+06
47  12  8.50614e+06
47  13  9.24012e+06
47  14  2.00127e+06
47  15  7.70467e+06
47  16  9.59209e+06
47  17  267688
47  18  0
47  19  8.47338e+06
47  20  2.43325e+06
47  21  9.7655e+06
47  22  177741
47  23  1.09775e+07
47  24  1.03932e+07
47  25  8.31625e+06
47  26  9.07038e+06
47  27  834584
47  28  1.78109e+07
47  29  8.03081e+06
47  30  3.23984e+06
47  31  0
47  32  4.5683e+06
47  33  0
47  34  0
47  35  0
47  36  4.39547e+06
47  37  0
47  38  5.97915e+06
47  39  9.98763e+06
47  40  0
47  41  0
47  42  6.27369e+06
47  43  0
47  44  1.91816e+06
47  45  1.1378e+07
47  46  3.05114e+06
47  47  1.09793e+07
47  48  7.193e+06
47  49  0
47  50  4.48847e+06
48  0  0
48  1  6.90819e+06
48  2  1.46995e+07
48  3  1.12138e+07
48  4  1.20357e+07
48  5  1.19509e+07
48  6  1.47833e+07
48  7  1.31418e+06
48  8  5.50663e+06
48  9  1.32135e+07
48  10  1.23007e+07
48  11  5.7206e+06
48  12  6.23056e+06
48  13  5.05828e+06
48  14  1.2476e+07
48  15  5.50462e+06
48  16  1.01444e+07
48  17  0
48  18  6.05004e+06
48  19  1.26658e+07
48  20  0
48  21  8.74682e+06
48  22  6.59248e+06
48  23  1.26607e+07
48  24  1.39702e+07
48  25  9.11843e+06
48  26  0
48  27  8.33965e+06
48  28  2.53452e+06
48  29  4.23811e+06
48  30  1.4631e+07
48  31  4.18571e+06
48  32  0
48  33  0
48  34  9.58383e+06
48  35  4.17968e+06
48  36  0
48  37  117028
48  38  2.74478e+06
48  39  1.43861e+07
48  40  0
48  41  1.20028e+06
48  42  7.25576e+06
48  43  1.28215e+06
48  44  5.25817e+06
48  45  4.74219e+06
48  46  3.0286e+06
48  47  7.10871e+06
48  48  0
48  49  4.91629e+06
48  50  5.25746e+06
49  0  0
49  1  2.85286e+06
49  2  0
49  3  7.73026e+06
49  4  1.28071e+06
49  5  2.35916e+06
49  6  695001
49  7  4.00199e+06
49  8  3.45223e+06
49  9  6.69683e+06
49  10  4.43347e+06
49  11  1.09525e+07
49  12  0
49  13  6.72202e+06
49  14  6.62547e+06
49  15  1.43602e+07
49  16  5.56198e+06
49  17  7.22914e+06
49  18  216059
49  19  0
49  20  1.34377e+07
49  21  8.26941e+06
49  22  9.11873e+06
49  23  2.41355e+06
49  24  0
49  25  4.93782e+06
49  26  0
49  27  1.0127e+07
49  28  0
49  29  0
49  30  2.35086e+06
49  31  2.85344e+06
49  32  8.42258e+06
49  33  2.74461e+06
49  34  5.48561e+06
49  35  1.85039e+07
49  36  4.35801e+06
49  37  1.03364e+07
49  38  0
49  39  3.84938e+06
49  40  3.30681e+06
49  41  1.05542e+07
49  42  0
49  43  55810.6
49  44  1.22568e+06
49  45  1.68311e+07
49  46  0
49  47  3.25777e+06
49  48  3.38497e+06
49  49  9.66315e+06
49  50  1.15723e+07
50  0  1.22222e+07
50  1  4.63322e+06
50  2  1.75723e+07
50  3  75887.7
50  4  8.83286e+06
50  5  1.40616e+07
50  6  1.18158e+07
50  7  100798
50  8  1.65784e+06
50  9  6.84598e+06
50  10  1.00009e+07
50  11  6.0584e+06
50  12  0
50  13  1.09771e+07
50  14  0
50  15  1.42321e+07
50  16  6.67274e+06
50  17  165199
50  18  1.42633e+07
50  19  687950
50  20  1.41452e+07
50  21  9.27386e+06
50  22  0
50  23  1.98261e+06
50  24  7.48739e+06
50  25  3.25104e+06
50  26  5.56966e+06
50  27  1.43143e+07
50  28  0
50  29  1.11127e+07
50  30  4.66164e+06
50  31  5.27491e+06
50  32  4.14274e+06
50  33  7.92046e+06
50  34  7.94175e+06
50  35  0
50  36  0
50  37  0
50  38  4.53774e+06
50  39  0
50  40  2.28572e+06
50  41  1.34458e+07
50  42  4.35652e+06
50  43  1.36296e+07
50  44  1.16695e+07
50  45  0
50  46  2.19553e+06
50  47  1.52887e+07
50  48  1.17479e+07
50  49  2.66642e+06
50  50  1.55407e+07

