row  column  (images_29.edf Mn-K*images_29.edf Ar-K**2.3)
0  0  1.78911e+07
0  1  3.47043e+07
0  2  2.20593e+07
0  3  2.2866e+07
0  4  1.8445e+07
0  5  2.72757e+07
0  6  1.57452e+07
0  7  2.71476e+07
0  8  1.16571e+07
0  9  2.35494e+07
0  10  2.27509e+07
0  11  2.02066e+07
0  12  1.91124e+07
0  13  2.31497e+07
0  14  1.21273e+07
0  15  2.02031e+07
0  16  2.32561e+07
0  17  2.69138e+07
0  18  1.25715e+07
0  19  2.45016e+07
0  20  1.35844e+07
0  21  1.40172e+07
0  22  2.0626e+07
0  23  1.79889e+07
0  24  2.17822e+07
0  25  2.38682e+07
0  26  1.5592e+07
0  27  2.06157e+07
0  28  4.79644e+06
0  29  2.51417e+07
0  30  2.28498e+07
0  31  1.19836e+07
0  32  2.44573e+07
0  33  2.60967e+07
0  34  1.56218e+07
0  35  1.33051e+07
0  36  2.33717e+07
0  37  1.89547e+07
0  38  2.37474e+07
0  39  1.64969e+07
0  40  1.92792e+07
0  41  2.03044e+07
0  42  1.2765e+07
0  43  2.38797e+07
0  44  1.55813e+07
0  45  2.56249e+07
0  46  1.61052e+07
0  47  2.30589e+07
0  48  3.16912e+07
0  49  3.38852e+07
0  50  2.74041e+07
1  0  2.44334e+07
1  1  1.50359e+07
1  2  2.25313e+07
1  3  1.79579e+07
1  4  1.59283e+07
1  5  2.22945e+07
1  6  1.11683e+07
1  7  2.11959e+07
1  8  2.00109e+07
1  9  2.09158e+07
1  10  2.91102e+07
1  11  1.79459e+07
1  12  1.81255e+07
1  13  1.47985e+07
1  14  2.77194e+07
1  15  1.13882e+07
1  16  2.25791e+07
1  17  2.35133e+07
1  18  2.16971e+07
1  19  2.10346e+07
1  20  2.30106e+07
1  21  2.35683e+07
1  22  1.83598e+07
1  23  1.80302e+07
1  24  1.04122e+07
1  25  2.50963e+07
1  26  1.51938e+07
1  27  1.07899e+07
1  28  1.65164e+07
1  29  1.81745e+07
1  30  1.3741e+07
1  31  3.23532e+07
1  32  2.0062e+07
1  33  2.25802e+07
1  34  1.45475e+07
1  35  2.16042e+07
1  36  646894
1  37  2.03295e+07
1  38  2.008e+07
1  39  1.76605e+07
1  40  8.46814e+06
1  41  2.70785e+07
1  42  2.15317e+07
1  43  1.96888e+07
1  44  2.63107e+07
1  45  1.9142e+07
1  46  1.94083e+07
1  47  1.84991e+07
1  48  2.06004e+07
1  49  2.34855e+07
1  50  2.13581e+07
2  0  2.43002e+07
2  1  1.19465e+07
2  2  2.50008e+07
2  3  1.40139e+07
2  4  1.68468e+07
2  5  1.41698e+07
2  6  1.86543e+07
2  7  1.7342e+07
2  8  3.18265e+07
2  9  2.97257e+07
2  10  2.3788e+07
2  11  1.24943e+07
2  12  1.75859e+07
2  13  2.83236e+07
2  14  2.09844e+07
2  15  1.18563e+07
2  16  2.48184e+07
2  17  4.57116e+06
2  18  1.90274e+07
2  19  1.45678e+07
2  20  2.0982e+07
2  21  1.72704e+07
2  22  1.82035e+07
2  23  1.84288e+07
2  24  1.90866e+07
2  25  2.51982e+07
2  26  1.64326e+07
2  27  2.20257e+07
2  28  1.6027e+07
2  29  1.24418e+07
2  30  1.92735e+07
2  31  1.37095e+07
2  32  1.75373e+07
2  33  1.49524e+07
2  34  2.38761e+07
2  35  8.65444e+06
2  36  1.40748e+07
2  37  1.89828e+07
2  38  1.41217e+07
2  39  1.91321e+07
2  40  1.26036e+07
2  41  1.24565e+07
2  42  1.45721e+07
2  43  1.26663e+07
2  44  1.53577e+07
2  45  2.52328e+07
2  46  2.7488e+07
2  47  2.11757e+07
2  48  1.32336e+07
2  49  2.66733e+07
2  50  1.57739e+07
3  0  8.91256e+06
3  1  1.8836e+07
3  2  2.65166e+07
3  3  3.07095e+07
3  4  1.47912e+07
3  5  2.53871e+07
3  6  2.41066e+07
3  7  2.57147e+07
3  8  2.30585e+07
3  9  2.46608e+07
3  10  1.46479e+07
3  11  1.83761e+07
3  12  1.62582e+07
3  13  3.06057e+07
3  14  2.40107e+07
3  15  2.91262e+07
3  16  1.48972e+07
3  17  1.25625e+07
3  18  1.93295e+07
3  19  9.62211e+06
3  20  2.19575e+07
3  21  2.02559e+07
3  22  2.38508e+07
3  23  2.29181e+07
3  24  1.70009e+07
3  25  1.85842e+07
3  26  1.62288e+07
3  27  1.72563e+07
3  28  1.44138e+07
3  29  1.69282e+07
3  30  1.32129e+07
3  31  2.11285e+07
3  32  6.94092e+06
3  33  1.04721e+07
3  34  2.13023e+07
3  35  1.91749e+07
3  36  1.48019e+07
3  37  1.56226e+07
3  38  1.22914e+07
3  39  1.55104e+07
3  40  1.49542e+07
3  41  2.26154e+07
3  42  8.96191e+06
3  43  2.38933e+07
3  44  2.41252e+07
3  45  1.41804e+07
3  46  1.44637e+07
3  47  2.03396e+07
3  48  1.08886e+07
3  49  6.53538e+06
3  50  1.85454e+07
4  0  2.34468e+07
4  1  1.44529e+07
4  2  1.58112e+07
4  3  2.49375e+07
4  4  3.13227e+07
4  5  1.25827e+07
4  6  8.24863e+06
4  7  2.29505e+07
4  8  2.15385e+07
4  9  2.72369e+07
4  10  2.92825e+07
4  11  1.66963e+07
4  12  1.24129e+07
4  13  2.03391e+07
4  14  1.36207e+07
4  15  1.4925e+07
4  16  1.38797e+07
4  17  1.91514e+07
4  18  1.31365e+07
4  19  2.4564e+07
4  20  1.2997e+07
4  21  1.11847e+07
4  22  1.47086e+07
4  23  1.66963e+07
4  24  2.23942e+07
4  25  1.73572e+07
4  26  2.07381e+07
4  27  1.39893e+07
4  28  1.88448e+07
4  29  9.75968e+06
4  30  2.10366e+07
4  31  1.60419e+07
4  32  2.30712e+07
4  33  2.15441e+07
4  34  1.66817e+07
4  35  1.13215e+07
4  36  2.86088e+07
4  37  8.11152e+06
4  38  9.9228e+06
4  39  1.69281e+07
4  40  1.55295e+07
4  41  2.28757e+07
4  42  1.74444e+07
4  43  2.64651e+07
4  44  1.21395e+07
4  45  1.20001e+07
4  46  2.30914e+07
4  47  2.38304e+07
4  48  1.42242e+07
4  49  1.0063e+07
4  50  2.16277e+07
5  0  1.32134e+07
5  1  1.82421e+07
5  2  2.16413e+07
5  3  1.40431e+07
5  4  1.93598e+07
5  5  2.79352e+07
5  6  1.2506e+07
5  7  1.59178e+07
5  8  2.12011e+07
5  9  2.44542e+07
5  10  1.49659e+07
5  11  1.98075e+07
5  12  1.42936e+07
5  13  2.26831e+07
5  14  2.16709e+07
5  15  7.68636e+06
5  16  1.03057e+07
5  17  1.76602e+07
5  18  1.79885e+07
5  19  2.12018e+07
5  20  2.19291e+07
5  21  2.57368e+07
5  22  1.54223e+07
5  23  1.90607e+07
5  24  1.93488e+07
5  25  2.1008e+07
5  26  1.69194e+07
5  27  1.53161e+07
5  28  1.69446e+07
5  29  1.27546e+07
5  30  2.66898e+07
5  31  1.51675e+07
5  32  1.56608e+07
5  33  1.85078e+07
5  34  1.50428e+07
5  35  1.96369e+07
5  36  1.39749e+07
5  37  1.48451e+07
5  38  2.45288e+07
5  39  1.90103e+07
5  40  2.80257e+07
5  41  1.01233e+07
5  42  1.47193e+07
5  43  2.22381e+07
5  44  2.32181e+07
5  45  1.37295e+07
5  46  1.61005e+07
5  47  1.69722e+07
5  48  3.14262e+07
5  49  2.0815e+07
5  50  2.1573e+07
6  0  1.0904e+07
6  1  1.99757e+07
6  2  2.04942e+07
6  3  1.32227e+07
6  4  1.38189e+07
6  5  1.34598e+07
6  6  1.43945e+07
6  7  7.63268e+06
6  8  1.86499e+07
6  9  9.66225e+06
6  10  3.02706e+07
6  11  2.61763e+07
6  12  2.74228e+07
6  13  2.01535e+07
6  14  2.94925e+07
6  15  1.13231e+07
6  16  1.83461e+07
6  17  1.07937e+07
6  18  2.40248e+07
6  19  1.66962e+07
6  20  2.01249e+07
6  21  1.97573e+07
6  22  1.50142e+07
6  23  1.21088e+07
6  24  1.36769e+07
6  25  2.81848e+07
6  26  2.29522e+07
6  27  1.87944e+07
6  28  1.92175e+07
6  29  1.39533e+07
6  30  1.81075e+07
6  31  3.15283e+07
6  32  1.98441e+07
6  33  1.37221e+07
6  34  1.45648e+07
6  35  1.53962e+07
6  36  1.47195e+07
6  37  2.04483e+07
6  38  1.55773e+07
6  39  2.20772e+07
6  40  1.07121e+07
6  41  1.24342e+07
6  42  1.084e+07
6  43  1.97225e+07
6  44  1.21181e+07
6  45  1.55347e+07
6  46  2.87443e+07
6  47  1.94609e+07
6  48  7.99489e+06
6  49  3.21487e+07
6  50  2.1903e+07
7  0  1.47693e+07
7  1  2.58401e+07
7  2  2.56894e+07
7  3  3.0402e+07
7  4  9.6657e+06
7  5  1.75474e+07
7  6  1.56766e+07
7  7  2.00878e+07
7  8  1.36007e+07
7  9  1.28742e+07
7  10  7.44284e+06
7  11  1.31883e+07
7  12  2.10499e+07
7  13  1.98823e+07
7  14  1.11588e+07
7  15  1.55752e+07
7  16  1.29878e+07
7  17  6.45111e+06
7  18  1.49742e+07
7  19  2.50055e+07
7  20  2.26772e+07
7  21  1.86617e+07
7  22  2.33369e+07
7  23  2.27752e+07
7  24  1.74901e+07
7  25  1.46522e+07
7  26  1.48796e+07
7  27  1.9907e+07
7  28  1.32338e+07
7  29  1.13759e+07
7  30  2.60428e+07
7  31  2.00193e+07
7  32  1.90245e+07
7  33  2.63128e+07
7  34  2.46964e+07
7  35  1.66722e+07
7  36  2.07952e+07
7  37  1.43186e+07
7  38  1.47904e+07
7  39  2.04933e+07
7  40  1.55086e+07
7  41  2.75738e+07
7  42  1.63369e+07
7  43  2.59405e+07
7  44  1.86907e+07
7  45  2.01689e+07
7  46  1.86312e+07
7  47  2.38316e+07
7  48  2.7593e+07
7  49  1.13984e+07
7  50  2.55278e+07
8  0  2.28232e+07
8  1  1.61741e+07
8  2  1.3681e+07
8  3  1.23489e+07
8  4  1.1948e+07
8  5  2.28377e+07
8  6  8.21996e+06
8  7  8.58239e+06
8  8  1.61173e+07
8  9  2.27088e+07
8  10  1.08518e+07
8  11  3.04389e+07
8  12  1.51687e+07
8  13  1.99557e+07
8  14  2.50438e+07
8  15  1.21177e+07
8  16  1.27185e+07
8  17  2.0583e+07
8  18  1.80531e+07
8  19  2.44547e+07
8  20  1.94437e+07
8  21  1.88803e+07
8  22  2.84533e+07
8  23  2.16665e+07
8  24  2.02173e+07
8  25  1.79317e+07
8  26  1.11861e+07
8  27  1.21053e+07
8  28  2.09877e+07
8  29  1.3076e+07
8  30  2.32375e+07
8  31  2.69276e+07
8  32  1.17115e+07
8  33  1.44774e+07
8  34  2.19977e+07
8  35  2.52831e+07
8  36  1.16835e+07
8  37  3.06111e+07
8  38  1.51228e+07
8  39  2.63248e+07
8  40  2.37267e+07
8  41  1.70928e+07
8  42  2.206e+07
8  43  1.9927e+07
8  44  2.38465e+07
8  45  1.61623e+07
8  46  2.35241e+07
8  47  2.42678e+07
8  48  1.68313e+07
8  49  2.47666e+07
8  50  9.60354e+06
9  0  3.04904e+07
9  1  1.39134e+07
9  2  2.00221e+07
9  3  2.59201e+07
9  4  1.58232e+07
9  5  1.88624e+07
9  6  1.77162e+07
9  7  2.11345e+07
9  8  3.35806e+06
9  9  2.06954e+07
9  10  1.68003e+07
9  11  1.61211e+07
9  12  1.57672e+07
9  13  9.52569e+06
9  14  1.1985e+07
9  15  9.66393e+06
9  16  2.42737e+06
9  17  1.00846e+07
9  18  2.12649e+07
9  19  1.55058e+07
9  20  1.22846e+07
9  21  1.43439e+07
9  22  2.05649e+07
9  23  9.76073e+06
9  24  1.59738e+07
9  25  2.39387e+07
9  26  2.05469e+07
9  27  1.37276e+07
9  28  1.81453e+07
9  29  2.6188e+07
9  30  1.114e+07
9  31  2.44438e+07
9  32  1.47581e+07
9  33  1.96343e+07
9  34  1.78826e+07
9  35  1.63272e+07
9  36  2.09439e+07
9  37  2.24622e+07
9  38  1.6752e+07
9  39  2.01458e+07
9  40  2.5961e+07
9  41  2.39782e+07
9  42  1.72155e+07
9  43  1.96657e+07
9  44  1.46059e+07
9  45  2.20021e+07
9  46  1.44409e+07
9  47  2.30153e+07
9  48  2.43564e+07
9  49  2.40752e+07
9  50  1.48704e+07
10  0  2.74887e+07
10  1  1.86601e+07
10  2  2.1539e+07
10  3  1.30654e+07
10  4  1.87243e+07
10  5  1.98215e+07
10  6  2.70653e+07
10  7  9.22632e+06
10  8  2.36972e+07
10  9  3.01827e+07
10  10  1.97633e+07
10  11  2.2538e+07
10  12  1.63077e+07
10  13  2.08675e+07
10  14  1.58827e+07
10  15  1.94299e+07
10  16  2.5966e+07
10  17  2.59615e+07
10  18  2.1808e+07
10  19  1.95338e+07
10  20  1.15166e+07
10  21  1.83315e+07
10  22  1.31774e+07
10  23  2.26394e+07
10  24  2.19556e+07
10  25  2.3915e+07
10  26  1.3314e+07
10  27  2.10571e+07
10  28  1.67422e+07
10  29  2.6391e+07
10  30  2.0572e+07
10  31  2.45508e+07
10  32  2.0529e+07
10  33  2.39225e+07
10  34  2.09863e+07
10  35  1.89192e+07
10  36  1.23646e+07
10  37  2.1704e+07
10  38  1.81774e+07
10  39  1.55088e+07
10  40  1.16223e+07
10  41  2.1591e+07
10  42  1.5354e+07
10  43  1.72181e+07
10  44  1.13908e+07
10  45  2.25498e+07
10  46  2.32193e+07
10  47  2.29662e+07
10  48  2.12537e+07
10  49  1.37146e+07
10  50  1.77958e+07
11  0  3.12359e+07
11  1  2.06683e+07
11  2  2.09828e+07
11  3  1.25485e+07
11  4  2.81855e+07
11  5  2.42975e+07
11  6  1.74575e+07
11  7  2.43742e+07
11  8  2.523e+07
11  9  1.44932e+07
11  10  1.82347e+07
11  11  2.58776e+07
11  12  2.28565e+07
11  13  1.22401e+07
11  14  7.79708e+06
11  15  3.22494e+07
11  16  2.27537e+07
11  17  2.86302e+07
11  18  1.95807e+07
11  19  2.10517e+07
11  20  2.11353e+07
11  21  1.35169e+07
11  22  2.52419e+07
11  23  2.8843e+07
11  24  1.69589e+07
11  25  1.56877e+07
11  26  2.48375e+07
11  27  2.94221e+07
11  28  2.24926e+07
11  29  1.87614e+07
11  30  3.35282e+07
11  31  1.51998e+07
11  32  2.31419e+07
11  33  2.20242e+07
11  34  2.10338e+07
11  35  2.98615e+07
11  36  2.44497e+07
11  37  1.80009e+07
11  38  2.21043e+07
11  39  1.10259e+07
11  40  1.89938e+07
11  41  2.31367e+07
11  42  2.34509e+07
11  43  2.02437e+07
11  44  1.56841e+07
11  45  2.09058e+07
11  46  1.50299e+07
11  47  2.38447e+07
11  48  2.47074e+07
11  49  2.07151e+07
11  50  1.66626e+07
12  0  2.38939e+07
12  1  1.10641e+07
12  2  1.58676e+07
12  3  3.28002e+07
12  4  1.89691e+07
12  5  1.93668e+07
12  6  1.38065e+07
12  7  1.01124e+07
12  8  6.85326e+06
12  9  1.10951e+07
12  10  2.93798e+07
12  11  1.34041e+07
12  12  1.49226e+07
12  13  1.13961e+07
12  14  1.02213e+07
12  15  1.66172e+07
12  16  1.51936e+07
12  17  1.33813e+07
12  18  1.34149e+07
12  19  1.48763e+07
12  20  2.56211e+07
12  21  2.14425e+07
12  22  1.40525e+07
12  23  8.5327e+06
12  24  1.88829e+07
12  25  2.05969e+07
12  26  2.16978e+07
12  27  2.38342e+07
12  28  1.89683e+07
12  29  2.33862e+07
12  30  2.63107e+07
12  31  2.56564e+07
12  32  2.62442e+07
12  33  2.39497e+07
12  34  2.10865e+07
12  35  1.94509e+07
12  36  1.81551e+07
12  37  2.71626e+07
12  38  1.553e+07
12  39  1.07851e+07
12  40  1.50186e+07
12  41  1.65247e+07
12  42  1.61784e+07
12  43  2.94489e+07
12  44  1.10594e+07
12  45  3.27117e+07
12  46  2.2187e+07
12  47  1.93703e+07
12  48  2.69252e+07
12  49  1.41485e+07
12  50  1.24842e+07
13  0  2.3199e+07
13  1  2.51455e+07
13  2  2.49432e+07
13  3  2.0085e+07
13  4  1.37399e+07
13  5  2.58814e+07
13  6  2.75258e+07
13  7  3.09745e+07
13  8  1.87847e+07
13  9  2.35389e+07
13  10  1.83479e+07
13  11  1.48577e+07
13  12  1.93735e+07
13  13  1.23023e+07
13  14  1.76366e+07
13  15  1.93887e+07
13  16  1.61096e+07
13  17  2.09887e+07
13  18  1.41311e+07
13  19  1.99032e+07
13  20  1.21701e+07
13  21  1.55729e+07
13  22  1.70325e+07
13  23  1.04792e+07
13  24  1.87855e+07
13  25  1.90623e+07
13  26  1.74587e+07
13  27  1.43823e+07
13  28  2.80204e+07
13  29  1.13213e+07
13  30  2.10571e+07
13  31  2.47809e+07
13  32  8.61851e+06
13  33  1.58097e+07
13  34  2.24563e+07
13  35  2.05877e+07
13  36  1.569e+07
13  37  1.91387e+07
13  38  2.41198e+07
13  39  2.23852e+07
13  40  1.14051e+07
13  41  2.44843e+07
13  42  2.32493e+07
13  43  2.32068e+07
13  44  2.68906e+07
13  45  1.46646e+07
13  46  2.1897e+07
13  47  1.99819e+07
13  48  2.16203e+07
13  49  2.22497e+07
13  50  2.02479e+07
14  0  2.57616e+07
14  1  1.86982e+07
14  2  2.2547e+07
14  3  2.10856e+07
14  4  1.99891e+07
14  5  1.2007e+07
14  6  3.41473e+07
14  7  2.62526e+07
14  8  2.26929e+07
14  9  1.53395e+07
14  10  5.09778e+06
14  11  1.41422e+07
14  12  2.16388e+07
14  13  1.73967e+07
14  14  7.02258e+06
14  15  1.77065e+07
14  16  1.71654e+07
14  17  1.69036e+07
14  18  1.57416e+07
14  19  2.09494e+07
14  20  1.99103e+07
14  21  1.72511e+07
14  22  1.85759e+07
14  23  2.65901e+07
14  24  2.2687e+07
14  25  2.58369e+07
14  26  7.47709e+06
14  27  1.18846e+07
14  28  1.33981e+07
14  29  2.51926e+07
14  30  2.17638e+07
14  31  2.79369e+07
14  32  1.63737e+07
14  33  1.50205e+07
14  34  1.78573e+07
14  35  1.10143e+07
14  36  1.3664e+07
14  37  1.82685e+07
14  38  1.7726e+07
14  39  3.12498e+07
14  40  1.79332e+07
14  41  3.25284e+07
14  42  2.20905e+07
14  43  2.15685e+07
14  44  2.55019e+07
14  45  1.39533e+07
14  46  1.75807e+07
14  47  1.15655e+07
14  48  1.79751e+07
14  49  1.69559e+07
14  50  1.6977e+07
15  0  1.78693e+07
15  1  2.77787e+07
15  2  1.66859e+07
15  3  2.43336e+07
15  4  2.37668e+07
15  5  2.30666e+07
15  6  1.15926e+07
15  7  2.46547e+07
15  8  2.51847e+07
15  9  1.35546e+07
15  10  2.37027e+07
15  11  1.62781e+07
15  12  1.97637e+07
15  13  2.54109e+07
15  14  1.49912e+07
15  15  2.05102e+07
15  16  7.87756e+06
15  17  1.48381e+07
15  18  2.29442e+07
15  19  1.66184e+07
15  20  1.92652e+07
15  21  2.25411e+07
15  22  2.25167e+07
15  23  2.11475e+07
15  24  2.2302e+07
15  25  2.498e+07
15  26  2.19901e+07
15  27  2.74228e+07
15  28  2.12528e+07
15  29  2.28737e+07
15  30  2.60984e+07
15  31  2.21373e+07
15  32  2.17433e+07
15  33  2.53969e+07
15  34  2.30082e+07
15  35  3.10108e+07
15  36  2.41976e+07
15  37  1.68144e+07
15  38  1.95758e+07
15  39  2.27732e+07
15  40  2.86968e+07
15  41  2.75381e+07
15  42  1.59835e+07
15  43  1.48433e+07
15  44  1.3702e+07
15  45  2.16873e+07
15  46  1.79908e+07
15  47  2.24435e+07
15  48  1.43866e+07
15  49  8.85784e+06
15  50  2.06697e+07
16  0  2.42206e+07
16  1  3.4562e+07
16  2  1.86615e+07
16  3  2.33144e+07
16  4  1.07342e+07
16  5  2.15596e+07
16  6  1.64712e+07
16  7  1.49264e+07
16  8  2.58981e+07
16  9  1.22522e+07
16  10  2.41351e+07
16  11  1.40656e+07
16  12  1.00825e+07
16  13  1.85557e+07
16  14  2.02726e+07
16  15  3.90433e+07
16  16  1.92968e+07
16  17  1.433e+07
16  18  2.21517e+07
16  19  1.74341e+07
16  20  9.55736e+06
16  21  1.67317e+07
16  22  1.71543e+07
16  23  1.12815e+07
16  24  2.35939e+07
16  25  1.71891e+07
16  26  1.62025e+07
16  27  2.22112e+07
16  28  3.01677e+07
16  29  1.53171e+07
16  30  2.50274e+07
16  31  1.71343e+07
16  32  2.01746e+07
16  33  2.04659e+07
16  34  8.69601e+06
16  35  2.44519e+07
16  36  2.9055e+07
16  37  2.19921e+07
16  38  1.23838e+07
16  39  2.2975e+07
16  40  1.91806e+07
16  41  1.89554e+07
16  42  1.84961e+07
16  43  1.35343e+07
16  44  2.6088e+07
16  45  2.75611e+07
16  46  1.99926e+07
16  47  1.84809e+07
16  48  1.95094e+07
16  49  2.1032e+07
16  50  2.8278e+07
17  0  2.45781e+07
17  1  1.84574e+07
17  2  2.24552e+07
17  3  1.50733e+07
17  4  2.13944e+07
17  5  2.28598e+07
17  6  1.42315e+07
17  7  2.22499e+07
17  8  1.54242e+07
17  9  2.63423e+07
17  10  2.21491e+07
17  11  1.30287e+07
17  12  2.29684e+07
17  13  1.58403e+07
17  14  1.43921e+07
17  15  1.98165e+07
17  16  2.18005e+07
17  17  1.96311e+07
17  18  2.20131e+07
17  19  2.36374e+07
17  20  1.78375e+07
17  21  2.18972e+07
17  22  1.33068e+07
17  23  1.56313e+07
17  24  2.42433e+07
17  25  2.40566e+07
17  26  2.97589e+07
17  27  1.72862e+07
17  28  2.32788e+07
17  29  1.8481e+07
17  30  1.40658e+07
17  31  2.0115e+07
17  32  1.48711e+07
17  33  1.85931e+07
17  34  1.61231e+07
17  35  2.60938e+07
17  36  2.67688e+07
17  37  2.05952e+07
17  38  1.68396e+07
17  39  2.03942e+07
17  40  2.2216e+07
17  41  1.63981e+07
17  42  1.77921e+07
17  43  2.58862e+07
17  44  2.99794e+07
17  45  2.21261e+07
17  46  1.19398e+07
17  47  2.28108e+07
17  48  1.81536e+07
17  49  1.57328e+07
17  50  1.76714e+07
18  0  2.60069e+07
18  1  1.82449e+07
18  2  2.12389e+07
18  3  1.87554e+07
18  4  2.38726e+07
18  5  2.02979e+07
18  6  2.13987e+07
18  7  1.64781e+07
18  8  2.37614e+07
18  9  1.00345e+07
18  10  8.5187e+06
18  11  2.55588e+07
18  12  1.86378e+07
18  13  1.72839e+07
18  14  1.6426e+07
18  15  1.43987e+07
18  16  2.23706e+07
18  17  2.28279e+07
18  18  1.37395e+07
18  19  1.41125e+07
18  20  1.17993e+07
18  21  2.71153e+07
18  22  2.39451e+07
18  23  1.8528e+07
18  24  1.33895e+07
18  25  1.63762e+07
18  26  2.17063e+07
18  27  1.83176e+07
18  28  2.69195e+07
18  29  2.6076e+07
18  30  2.07163e+07
18  31  2.72636e+07
18  32  1.36219e+07
18  33  1.55626e+07
18  34  1.16511e+07
18  35  2.02979e+07
18  36  2.21911e+07
18  37  2.70466e+07
18  38  8.77726e+06
18  39  2.02143e+07
18  40  1.1148e+07
18  41  9.11294e+06
18  42  1.28192e+07
18  43  1.43454e+07
18  44  2.33835e+07
18  45  2.47564e+07
18  46  3.13477e+07
18  47  1.99068e+07
18  48  1.89525e+07
18  49  2.35167e+07
18  50  1.98412e+07
19  0  1.43142e+07
19  1  1.74263e+07
19  2  1.81938e+07
19  3  2.28358e+07
19  4  1.55757e+07
19  5  1.8704e+07
19  6  1.54111e+07
19  7  1.2266e+07
19  8  2.91615e+07
19  9  2.10682e+07
19  10  1.1784e+07
19  11  1.53889e+07
19  12  1.42254e+07
19  13  1.63253e+07
19  14  1.80634e+07
19  15  2.76423e+07
19  16  1.44945e+07
19  17  2.02546e+07
19  18  1.16705e+07
19  19  2.66721e+07
19  20  1.54366e+07
19  21  2.24043e+07
19  22  2.78188e+07
19  23  8.15962e+06
19  24  1.78289e+07
19  25  1.83486e+07
19  26  2.37416e+07
19  27  1.44217e+07
19  28  1.27801e+07
19  29  2.36624e+07
19  30  2.01741e+07
19  31  1.55043e+07
19  32  3.63154e+07
19  33  2.35602e+07
19  34  1.76218e+07
19  35  1.92681e+07
19  36  2.24398e+07
19  37  1.22948e+07
19  38  2.71842e+07
19  39  2.663e+07
19  40  1.90565e+07
19  41  1.6683e+07
19  42  2.02189e+07
19  43  1.73451e+07
19  44  2.73294e+07
19  45  1.20205e+07
19  46  1.19639e+07
19  47  1.94508e+07
19  48  1.8884e+07
19  49  1.51647e+07
19  50  2.23649e+07
20  0  1.82744e+07
20  1  1.89428e+07
20  2  1.79035e+07
20  3  2.82481e+07
20  4  1.50685e+07
20  5  2.09489e+07
20  6  2.39167e+07
20  7  2.72292e+07
20  8  1.3098e+07
20  9  1.95847e+07
20  10  2.42326e+07
20  11  1.81429e+07
20  12  2.14932e+07
20  13  1.58141e+07
20  14  9.79907e+06
20  15  2.16492e+07
20  16  1.80417e+07
20  17  2.17005e+07
20  18  1.19314e+07
20  19  2.39453e+07
20  20  1.66546e+07
20  21  1.23016e+07
20  22  1.4622e+07
20  23  1.29644e+07
20  24  2.04122e+07
20  25  2.10353e+07
20  26  1.34088e+07
20  27  1.98742e+07
20  28  2.22957e+07
20  29  2.76341e+07
20  30  2.36258e+07
20  31  1.58608e+07
20  32  1.93245e+07
20  33  1.99524e+07
20  34  2.54097e+07
20  35  1.35184e+07
20  36  2.47115e+07
20  37  1.12346e+07
20  38  2.86757e+07
20  39  2.01748e+07
20  40  1.53699e+07
20  41  1.79884e+07
20  42  2.39412e+07
20  43  2.07193e+07
20  44  1.19363e+07
20  45  2.47298e+07
20  46  2.04678e+07
20  47  2.23802e+07
20  48  1.24838e+07
20  49  2.83553e+07
20  50  1.10175e+07
21  0  1.98783e+07
21  1  3.06164e+07
21  2  1.81166e+07
21  3  1.90223e+07
21  4  1.90634e+07
21  5  1.84322e+07
21  6  1.95897e+07
21  7  2.61252e+07
21  8  1.83759e+07
21  9  2.03869e+07
21  10  1.23097e+07
21  11  1.42891e+07
21  12  1.36294e+07
21  13  2.37215e+07
21  14  1.36733e+07
21  15  1.36266e+07
21  16  1.64885e+07
21  17  1.73692e+07
21  18  1.49336e+07
21  19  1.34084e+07
21  20  7.42234e+06
21  21  2.0992e+07
21  22  3.98546e+06
21  23  1.28654e+07
21  24  2.05522e+07
21  25  1.84547e+07
21  26  1.60018e+07
21  27  1.95925e+07
21  28  2.38977e+07
21  29  2.4705e+07
21  30  2.67615e+07
21  31  1.1509e+07
21  32  1.44361e+07
21  33  1.62637e+07
21  34  2.46898e+07
21  35  1.79909e+07
21  36  2.41675e+07
21  37  2.18963e+07
21  38  1.4633e+07
21  39  1.56394e+07
21  40  1.54974e+07
21  41  1.42321e+07
21  42  1.68232e+07
21  43  1.93404e+07
21  44  2.04465e+07
21  45  2.15647e+07
21  46  1.27533e+07
21  47  1.77746e+07
21  48  2.61564e+07
21  49  1.67366e+07
21  50  1.4404e+07
22  0  1.40528e+07
22  1  1.61765e+07
22  2  2.3118e+07
22  3  1.97486e+07
22  4  1.51119e+07
22  5  2.5519e+07
22  6  1.59817e+07
22  7  1.22798e+07
22  8  1.50452e+07
22  9  1.44882e+07
22  10  2.40164e+07
22  11  2.54959e+07
22  12  2.01061e+07
22  13  2.52344e+07
22  14  1.77441e+07
22  15  2.68593e+07
22  16  2.44313e+07
22  17  1.56415e+07
22  18  1.88093e+07
22  19  2.11993e+07
22  20  2.78379e+07
22  21  2.27072e+07
22  22  1.81316e+07
22  23  2.12805e+07
22  24  1.86901e+07
22  25  9.48714e+06
22  26  1.98151e+07
22  27  2.57585e+07
22  28  2.01556e+07
22  29  1.58343e+07
22  30  1.9524e+07
22  31  2.29066e+07
22  32  2.02235e+07
22  33  1.21292e+07
22  34  2.62498e+07
22  35  2.0599e+07
22  36  1.80476e+07
22  37  1.0605e+07
22  38  2.42913e+07
22  39  1.66645e+07
22  40  1.04111e+07
22  41  1.38962e+07
22  42  2.64242e+07
22  43  2.82021e+07
22  44  2.33752e+07
22  45  1.20614e+07
22  46  2.03318e+07
22  47  2.29874e+07
22  48  3.2516e+07
22  49  1.8421e+07
22  50  2.21948e+07
23  0  1.70129e+07
23  1  1.2726e+07
23  2  1.32226e+07
23  3  2.23703e+07
23  4  2.28835e+07
23  5  1.38982e+07
23  6  1.35286e+07
23  7  1.73216e+07
23  8  1.76491e+07
23  9  1.09807e+07
23  10  2.22309e+07
23  11  2.47145e+07
23  12  1.75964e+07
23  13  2.38039e+07
23  14  2.13688e+07
23  15  1.99052e+07
23  16  2.09304e+07
23  17  1.23224e+07
23  18  8.12439e+06
23  19  1.31101e+07
23  20  2.08246e+07
23  21  1.66758e+07
23  22  1.49782e+07
23  23  1.64867e+07
23  24  1.08267e+07
23  25  1.90965e+07
23  26  2.34042e+07
23  27  9.56305e+06
23  28  1.81931e+07
23  29  2.49783e+07
23  30  3.15763e+07
23  31  2.66685e+07
23  32  2.44853e+07
23  33  1.60028e+07
23  34  1.95746e+07
23  35  2.15429e+07
23  36  2.91046e+07
23  37  2.68933e+07
23  38  1.48462e+07
23  39  1.88575e+07
23  40  2.04689e+07
23  41  1.77458e+07
23  42  2.38339e+07
23  43  2.02237e+07
23  44  2.64873e+07
23  45  2.42271e+07
23  46  2.55532e+07
23  47  2.12416e+07
23  48  2.51411e+07
23  49  2.31301e+07
23  50  3.21853e+07
24  0  1.42803e+07
24  1  1.84758e+07
24  2  1.94508e+07
24  3  2.23293e+07
24  4  2.74442e+07
24  5  3.04769e+07
24  6  1.68375e+07
24  7  2.17264e+07
24  8  2.13284e+07
24  9  1.02443e+07
24  10  2.11474e+07
24  11  1.80948e+07
24  12  1.70623e+07
24  13  1.6998e+07
24  14  3.1442e+07
24  15  2.62427e+07
24  16  2.12875e+07
24  17  1.78826e+07
24  18  1.80822e+07
24  19  3.16999e+07
24  20  1.22142e+07
24  21  2.55882e+07
24  22  1.52704e+07
24  23  1.51919e+07
24  24  2.41336e+07
24  25  1.50945e+07
24  26  1.91161e+07
24  27  1.68497e+07
24  28  1.84621e+07
24  29  2.32607e+07
24  30  1.71116e+07
24  31  1.90273e+07
24  32  1.72177e+07
24  33  2.51886e+07
24  34  1.70268e+07
24  35  2.89885e+07
24  36  2.47489e+07
24  37  1.49153e+07
24  38  1.58009e+07
24  39  1.56473e+07
24  40  2.07755e+07
24  41  5.08536e+06
24  42  2.15654e+07
24  43  2.54531e+07
24  44  1.56585e+07
24  45  1.06918e+07
24  46  9.38245e+06
24  47  2.47637e+07
24  48  2.00289e+07
24  49  2.81596e+07
24  50  1.92806e+07
25  0  1.92591e+07
25  1  9.62533e+06
25  2  2.79315e+07
25  3  1.35457e+07
25  4  1.60731e+07
25  5  1.31323e+07
25  6  2.46637e+07
25  7  1.71323e+07
25  8  2.16659e+07
25  9  1.96607e+07
25  10  1.75759e+07
25  11  1.22204e+07
25  12  1.10701e+07
25  13  2.39823e+07
25  14  2.49391e+07
25  15  2.08851e+07
25  16  1.63898e+07
25  17  2.34013e+07
25  18  2.38168e+07
25  19  1.37918e+07
25  20  1.3301e+07
25  21  2.2917e+07
25  22  2.30694e+07
25  23  2.32834e+07
25  24  2.62978e+07
25  25  1.19649e+07
25  26  1.98287e+07
25  27  1.10425e+07
25  28  2.38035e+07
25  29  1.24039e+07
25  30  2.45088e+07
25  31  1.88696e+07
25  32  1.921e+07
25  33  2.08319e+07
25  34  2.02142e+07
25  35  2.26428e+07
25  36  1.30886e+07
25  37  2.91223e+07
25  38  1.79387e+07
25  39  2.0222e+07
25  40  2.09422e+07
25  41  1.18355e+07
25  42  2.37819e+07
25  43  1.77153e+07
25  44  1.98959e+07
25  45  1.72932e+07
25  46  2.08529e+07
25  47  2.5958e+07
25  48  1.40711e+07
25  49  1.90093e+07
25  50  1.2996e+07
26  0  1.34389e+07
26  1  3.52946e+07
26  2  1.96275e+07
26  3  1.57964e+07
26  4  2.2041e+07
26  5  1.63471e+07
26  6  1.87049e+07
26  7  2.58599e+07
26  8  1.51375e+07
26  9  1.52822e+07
26  10  1.67095e+07
26  11  2.60772e+07
26  12  1.98967e+07
26  13  2.2473e+07
26  14  3.18406e+07
26  15  2.27417e+07
26  16  2.41924e+07
26  17  2.31732e+07
26  18  1.76226e+07
26  19  2.95845e+07
26  20  1.65987e+07
26  21  2.27115e+07
26  22  1.22945e+07
26  23  1.70189e+07
26  24  1.78728e+07
26  25  2.1336e+07
26  26  2.61474e+07
26  27  1.53562e+07
26  28  1.38706e+07
26  29  1.36291e+07
26  30  1.92032e+07
26  31  8.88764e+06
26  32  2.70622e+07
26  33  2.58069e+07
26  34  1.69114e+07
26  35  1.53085e+07
26  36  2.75426e+07
26  37  2.24663e+07
26  38  2.3629e+07
26  39  2.10562e+07
26  40  2.74446e+07
26  41  1.66233e+07
26  42  2.12737e+07
26  43  2.24534e+07
26  44  1.44681e+07
26  45  2.41103e+07
26  46  1.52934e+07
26  47  1.96635e+07
26  48  1.88771e+07
26  49  2.31316e+07
26  50  2.1944e+07
27  0  2.26357e+07
27  1  1.67112e+07
27  2  8.92347e+06
27  3  1.46024e+07
27  4  2.26298e+07
27  5  4.20582e+06
27  6  3.45512e+07
27  7  1.97878e+07
27  8  1.25749e+07
27  9  1.34589e+07
27  10  1.69629e+07
27  11  2.30298e+07
27  12  1.73809e+07
27  13  2.10717e+07
27  14  2.38481e+07
27  15  2.80997e+07
27  16  2.9216e+07
27  17  1.1638e+07
27  18  2.13475e+07
27  19  1.5581e+07
27  20  1.60237e+07
27  21  1.45861e+07
27  22  2.41395e+07
27  23  1.27138e+07
27  24  2.50861e+07
27  25  2.19414e+07
27  26  1.77749e+07
27  27  1.05806e+07
27  28  3.26147e+07
27  29  3.62255e+07
27  30  9.14217e+06
27  31  2.35726e+07
27  32  1.75403e+07
27  33  1.25842e+07
27  34  2.18609e+07
27  35  1.01923e+07
27  36  2.01182e+07
27  37  1.77866e+07
27  38  1.65673e+07
27  39  1.87878e+07
27  40  1.94252e+07
27  41  2.01216e+07
27  42  2.2174e+07
27  43  1.8682e+07
27  44  1.1635e+07
27  45  2.08506e+07
27  46  2.54054e+07
27  47  2.04377e+07
27  48  1.16546e+07
27  49  1.74564e+07
27  50  1.09839e+07
28  0  2.72267e+07
28  1  1.92024e+07
28  2  2.92893e+07
28  3  1.57832e+07
28  4  1.96261e+07
28  5  2.04321e+07
28  6  1.07856e+07
28  7  2.66147e+07
28  8  2.99381e+07
28  9  9.19328e+06
28  10  1.51543e+07
28  11  1.39505e+07
28  12  1.7817e+07
28  13  2.34231e+07
28  14  1.97714e+07
28  15  2.46715e+07
28  16  1.7387e+07
28  17  1.91145e+07
28  18  2.77844e+07
28  19  2.18252e+07
28  20  1.54449e+07
28  21  1.69402e+07
28  22  2.32243e+07
28  23  1.53576e+07
28  24  2.05761e+07
28  25  2.22148e+07
28  26  7.20414e+06
28  27  1.84348e+07
28  28  1.46425e+07
28  29  2.28894e+07
28  30  2.37102e+07
28  31  1.19256e+07
28  32  2.13114e+07
28  33  1.82425e+07
28  34  2.18085e+07
28  35  1.41689e+07
28  36  2.20913e+07
28  37  2.03008e+07
28  38  3.05381e+07
28  39  2.37934e+07
28  40  1.80401e+07
28  41  5.06607e+06
28  42  1.77005e+07
28  43  2.0103e+07
28  44  2.19742e+07
28  45  2.83441e+07
28  46  1.18318e+07
28  47  1.37972e+07
28  48  2.82462e+07
28  49  3.1299e+07
28  50  1.76011e+07
29  0  2.54656e+07
29  1  2.2976e+07
29  2  2.4671e+07
29  3  2.23052e+07
29  4  1.73351e+07
29  5  1.3855e+07
29  6  2.13732e+07
29  7  1.01922e+07
29  8  1.77384e+07
29  9  1.23451e+07
29  10  1.68142e+07
29  11  1.57568e+07
29  12  1.9042e+07
29  13  1.91096e+07
29  14  1.46365e+07
29  15  3.44555e+07
29  16  1.68238e+07
29  17  2.1532e+07
29  18  1.66784e+07
29  19  2.68851e+07
29  20  2.23697e+07
29  21  1.13296e+07
29  22  2.20344e+07
29  23  1.92579e+07
29  24  1.37805e+07
29  25  2.18342e+07
29  26  2.18637e+07
29  27  1.71533e+07
29  28  2.28015e+07
29  29  2.26651e+07
29  30  1.87357e+07
29  31  2.01896e+07
29  32  2.63836e+07
29  33  1.79315e+07
29  34  2.97095e+07
29  35  2.12912e+07
29  36  3.28199e+07
29  37  1.79602e+07
29  38  2.53943e+07
29  39  2.69262e+07
29  40  1.82371e+07
29  41  2.14937e+07
29  42  2.05203e+07
29  43  1.81958e+07
29  44  1.70319e+07
29  45  1.99081e+07
29  46  1.17778e+07
29  47  1.53064e+07
29  48  3.692e+07
29  49  1.39742e+07
29  50  1.85941e+07
30  0  4.29096e+07
30  1  1.74627e+07
30  2  2.5881e+07
30  3  1.23245e+07
30  4  3.39946e+07
30  5  2.03315e+07
30  6  2.26936e+07
30  7  1.27667e+07
30  8  1.52273e+07
30  9  1.08637e+07
30  10  2.24125e+07
30  11  2.08092e+07
30  12  1.36749e+07
30  13  1.66413e+07
30  14  1.19533e+07
30  15  1.28166e+07
30  16  1.85199e+07
30  17  2.09289e+07
30  18  2.32951e+07
30  19  2.04062e+07
30  20  1.84479e+07
30  21  1.68453e+07
30  22  1.96632e+07
30  23  2.05448e+07
30  24  2.71337e+07
30  25  3.22119e+07
30  26  1.05397e+07
30  27  2.88178e+07
30  28  2.17698e+07
30  29  1.56113e+07
30  30  2.69409e+07
30  31  2.14575e+07
30  32  1.96089e+07
30  33  1.6729e+07
30  34  2.35123e+07
30  35  1.29519e+07
30  36  8.29634e+06
30  37  2.8055e+07
30  38  1.82632e+07
30  39  2.01056e+07
30  40  2.96195e+07
30  41  1.65598e+07
30  42  3.02407e+07
30  43  2.34127e+07
30  44  2.12534e+07
30  45  8.86482e+06
30  46  1.78793e+07
30  47  2.11451e+07
30  48  1.54391e+07
30  49  1.28337e+07
30  50  1.31283e+07
31  0  2.67128e+07
31  1  2.24688e+07
31  2  1.72276e+07
31  3  9.4486e+06
31  4  1.89213e+07
31  5  1.40779e+07
31  6  1.84431e+07
31  7  2.41708e+07
31  8  1.21969e+07
31  9  8.71541e+06
31  10  1.76995e+07
31  11  1.79247e+07
31  12  1.5563e+07
31  13  1.59817e+07
31  14  1.91102e+07
31  15  1.94753e+07
31  16  2.89906e+07
31  17  9.79347e+06
31  18  1.81139e+07
31  19  2.16202e+07
31  20  2.14056e+07
31  21  1.35832e+07
31  22  1.8588e+07
31  23  1.68381e+07
31  24  2.79935e+07
31  25  1.8923e+07
31  26  1.56759e+07
31  27  2.97026e+07
31  28  1.26239e+07
31  29  2.11556e+07
31  30  2.38217e+07
31  31  7.828e+06
31  32  2.68258e+07
31  33  2.60265e+07
31  34  2.71017e+07
31  35  2.3742e+07
31  36  2.53372e+07
31  37  1.94082e+07
31  38  2.64308e+07
31  39  2.01151e+07
31  40  1.99832e+07
31  41  2.79294e+07
31  42  2.24864e+07
31  43  1.58183e+07
31  44  1.27366e+07
31  45  2.50454e+07
31  46  1.52044e+07
31  47  2.02658e+07
31  48  2.16504e+07
31  49  2.42358e+07
31  50  3.11135e+07
32  0  1.69233e+07
32  1  2.70909e+07
32  2  1.27999e+07
32  3  1.85818e+07
32  4  2.2923e+07
32  5  2.4021e+07
32  6  1.95293e+07
32  7  2.15729e+07
32  8  2.14511e+07
32  9  1.85799e+07
32  10  1.94162e+07
32  11  2.70384e+07
32  12  1.40596e+07
32  13  1.35708e+07
32  14  2.00239e+07
32  15  1.33539e+07
32  16  2.11621e+07
32  17  2.03647e+07
32  18  2.1497e+07
32  19  2.10088e+07
32  20  1.16016e+07
32  21  2.03681e+07
32  22  1.39492e+07
32  23  1.69282e+07
32  24  1.53913e+07
32  25  2.35534e+07
32  26  7.10678e+06
32  27  2.88667e+07
32  28  2.17852e+07
32  29  2.17554e+07
32  30  1.94095e+07
32  31  1.92644e+07
32  32  2.98205e+07
32  33  2.42442e+07
32  34  3.88067e+07
32  35  1.71809e+07
32  36  1.64983e+07
32  37  1.33344e+07
32  38  2.11608e+07
32  39  1.44501e+07
32  40  2.34407e+07
32  41  1.91056e+07
32  42  2.39729e+07
32  43  1.2919e+07
32  44  1.38093e+07
32  45  2.50747e+07
32  46  1.5407e+07
32  47  1.42385e+07
32  48  1.65715e+07
32  49  2.63738e+07
32  50  1.98464e+07
33  0  2.30636e+07
33  1  2.82347e+07
33  2  2.48991e+07
33  3  1.2586e+07
33  4  2.29296e+07
33  5  1.57478e+07
33  6  2.22351e+07
33  7  1.78058e+07
33  8  1.71423e+07
33  9  1.02003e+07
33  10  1.61097e+07
33  11  2.07762e+07
33  12  1.46773e+07
33  13  2.37641e+07
33  14  1.93458e+07
33  15  1.85899e+07
33  16  1.36918e+07
33  17  2.01976e+07
33  18  1.40648e+07
33  19  2.01606e+07
33  20  1.55756e+07
33  21  2.07895e+07
33  22  1.90245e+07
33  23  1.77059e+07
33  24  1.33417e+07
33  25  1.30742e+07
33  26  1.3746e+07
33  27  2.15872e+07
33  28  2.74011e+07
33  29  1.52e+07
33  30  1.34852e+07
33  31  2.89531e+07
33  32  1.91117e+07
33  33  1.70405e+07
33  34  1.76631e+07
33  35  9.63948e+06
33  36  9.88431e+06
33  37  1.98967e+07
33  38  1.45174e+07
33  39  1.77058e+07
33  40  2.29132e+07
33  41  2.19647e+07
33  42  1.68448e+07
33  43  2.25162e+07
33  44  1.96049e+07
33  45  1.75619e+07
33  46  2.30896e+07
33  47  1.99628e+07
33  48  2.19399e+07
33  49  1.5756e+07
33  50  1.86541e+07
34  0  2.54545e+07
34  1  3.00193e+07
34  2  1.52221e+07
34  3  1.89008e+07
34  4  2.95894e+07
34  5  2.30672e+07
34  6  2.45311e+07
34  7  2.12997e+07
34  8  1.80717e+07
34  9  7.28162e+06
34  10  1.0599e+07
34  11  2.26134e+07
34  12  1.5572e+07
34  13  2.17975e+07
34  14  1.03399e+07
34  15  2.21914e+07
34  16  1.31097e+07
34  17  1.42064e+07
34  18  1.0497e+07
34  19  2.36784e+07
34  20  2.44327e+07
34  21  1.32143e+07
34  22  1.81274e+07
34  23  1.6539e+07
34  24  2.42548e+07
34  25  2.65493e+07
34  26  1.997e+07
34  27  1.96667e+07
34  28  2.46105e+07
34  29  2.06294e+07
34  30  2.65285e+07
34  31  2.49053e+07
34  32  1.67212e+07
34  33  1.86141e+07
34  34  1.64551e+07
34  35  1.49107e+07
34  36  3.55351e+07
34  37  2.18329e+07
34  38  1.84714e+07
34  39  1.18865e+07
34  40  1.81655e+07
34  41  2.1e+07
34  42  1.91319e+07
34  43  1.17011e+07
34  44  2.01862e+07
34  45  1.82268e+07
34  46  2.27085e+07
34  47  1.96368e+07
34  48  2.40022e+07
34  49  1.4321e+07
34  50  1.8155e+07
35  0  5.78672e+06
35  1  2.25282e+07
35  2  1.92471e+07
35  3  2.16748e+07
35  4  1.67127e+07
35  5  1.88475e+07
35  6  1.5054e+07
35  7  2.15389e+07
35  8  1.30633e+07
35  9  2.53814e+07
35  10  1.21245e+07
35  11  1.60847e+07
35  12  1.59583e+07
35  13  2.24506e+07
35  14  1.92537e+07
35  15  1.36265e+07
35  16  7.79965e+06
35  17  2.27123e+07
35  18  1.63929e+07
35  19  2.50827e+07
35  20  3.06247e+07
35  21  1.60365e+07
35  22  1.45687e+07
35  23  1.7161e+07
35  24  1.7883e+07
35  25  1.59732e+07
35  26  2.5065e+07
35  27  1.52426e+07
35  28  1.99752e+07
35  29  2.56329e+07
35  30  2.4869e+07
35  31  2.06361e+07
35  32  9.44941e+06
35  33  1.15332e+07
35  34  1.54201e+07
35  35  1.54419e+07
35  36  2.90565e+07
35  37  3.1747e+07
35  38  1.97085e+07
35  39  9.93277e+06
35  40  2.3784e+07
35  41  1.85301e+07
35  42  1.51563e+07
35  43  1.65362e+07
35  44  2.26588e+07
35  45  2.11921e+07
35  46  2.42469e+07
35  47  1.75693e+07
35  48  9.37206e+06
35  49  1.88125e+07
35  50  3.27964e+07
36  0  1.6566e+07
36  1  1.04597e+07
36  2  1.55929e+07
36  3  2.15778e+07
36  4  2.29127e+07
36  5  1.56714e+07
36  6  2.51462e+07
36  7  1.84637e+07
36  8  2.42586e+07
36  9  1.85219e+07
36  10  1.47675e+07
36  11  3.00713e+07
36  12  2.32602e+07
36  13  1.64265e+07
36  14  1.43088e+07
36  15  2.41252e+07
36  16  3.30843e+07
36  17  2.63574e+07
36  18  1.64562e+07
36  19  1.06722e+07
36  20  1.97189e+07
36  21  2.23434e+07
36  22  1.57758e+07
36  23  2.38556e+07
36  24  2.67927e+07
36  25  1.60675e+07
36  26  2.67861e+07
36  27  1.65705e+07
36  28  1.10022e+07
36  29  2.43274e+07
36  30  1.62055e+07
36  31  2.90401e+07
36  32  1.48176e+07
36  33  2.59864e+07
36  34  1.89355e+07
36  35  2.41075e+07
36  36  2.84673e+07
36  37  2.12369e+07
36  38  2.66471e+07
36  39  2.03775e+07
36  40  2.12546e+07
36  41  1.72008e+07
36  42  1.19741e+07
36  43  1.5595e+07
36  44  1.88488e+07
36  45  1.13155e+07
36  46  9.15498e+06
36  47  2.48164e+07
36  48  2.50236e+07
36  49  1.88197e+07
36  50  3.28222e+07
37  0  1.83619e+07
37  1  1.87462e+07
37  2  1.22787e+07
37  3  1.15447e+07
37  4  1.67339e+07
37  5  3.04377e+07
37  6  1.44439e+07
37  7  1.01971e+07
37  8  2.21888e+07
37  9  2.58031e+07
37  10  8.18665e+06
37  11  2.98218e+07
37  12  2.04437e+07
37  13  1.79081e+07
37  14  2.23211e+07
37  15  1.75856e+07
37  16  1.13279e+07
37  17  2.12127e+07
37  18  1.84355e+07
37  19  2.6157e+07
37  20  2.07491e+07
37  21  2.03634e+07
37  22  1.75766e+07
37  23  1.95607e+07
37  24  2.03476e+07
37  25  1.47623e+07
37  26  3.03485e+07
37  27  1.76709e+07
37  28  2.00646e+07
37  29  2.44177e+07
37  30  2.3594e+07
37  31  2.06749e+07
37  32  8.63577e+06
37  33  2.42109e+07
37  34  2.4759e+07
37  35  3.24509e+07
37  36  2.74935e+07
37  37  1.20264e+07
37  38  1.59535e+07
37  39  1.0498e+07
37  40  1.98518e+07
37  41  1.36198e+07
37  42  1.71993e+07
37  43  6.15689e+06
37  44  2.69435e+07
37  45  1.95711e+07
37  46  1.45038e+07
37  47  1.93012e+07
37  48  2.22747e+07
37  49  2.28156e+07
37  50  2.02357e+07
38  0  1.26586e+07
38  1  2.69812e+07
38  2  1.45448e+07
38  3  1.33087e+07
38  4  1.91976e+07
38  5  1.8551e+07
38  6  1.71834e+07
38  7  1.47811e+07
38  8  1.92084e+07
38  9  1.6347e+07
38  10  1.80754e+07
38  11  1.7891e+07
38  12  2.23412e+07
38  13  1.37509e+07
38  14  1.6543e+07
38  15  1.66716e+07
38  16  1.83415e+07
38  17  2.46664e+07
38  18  1.62559e+07
38  19  1.74054e+07
38  20  1.76176e+07
38  21  1.12787e+07
38  22  1.59956e+07
38  23  2.05688e+07
38  24  1.6522e+07
38  25  2.02273e+07
38  26  3.04478e+07
38  27  6.53211e+06
38  28  2.26393e+07
38  29  2.94394e+07
38  30  2.02921e+07
38  31  9.59244e+06
38  32  2.63789e+07
38  33  1.23606e+07
38  34  2.86158e+07
38  35  2.34949e+07
38  36  2.24365e+07
38  37  1.91906e+07
38  38  1.66666e+07
38  39  1.77468e+07
38  40  2.68196e+07
38  41  1.87484e+07
38  42  1.32094e+07
38  43  8.07662e+06
38  44  2.21893e+07
38  45  1.88016e+07
38  46  9.33079e+06
38  47  1.77802e+07
38  48  1.55182e+07
38  49  3.62503e+07
38  50  1.90232e+07
39  0  1.91054e+07
39  1  1.0189e+07
39  2  2.46351e+07
39  3  1.64824e+07
39  4  2.14074e+07
39  5  1.82903e+07
39  6  1.93148e+07
39  7  2.30476e+07
39  8  2.95527e+07
39  9  2.74034e+07
39  10  2.27659e+07
39  11  1.71417e+07
39  12  1.79579e+07
39  13  2.01188e+07
39  14  9.53294e+06
39  15  2.18275e+07
39  16  2.13335e+07
39  17  1.09355e+07
39  18  1.47898e+07
39  19  1.5732e+07
39  20  1.04335e+07
39  21  1.51448e+07
39  22  2.14035e+07
39  23  1.34275e+07
39  24  1.79455e+07
39  25  2.42544e+07
39  26  1.62391e+07
39  27  1.32473e+07
39  28  2.11971e+07
39  29  2.02007e+07
39  30  1.40934e+07
39  31  1.91739e+07
39  32  1.88067e+07
39  33  2.05502e+07
39  34  2.28877e+07
39  35  2.1026e+07
39  36  4.49821e+06
39  37  2.67432e+07
39  38  1.46839e+07
39  39  2.36851e+07
39  40  2.94141e+07
39  41  1.47752e+07
39  42  1.43683e+07
39  43  1.35846e+07
39  44  1.57626e+07
39  45  2.31386e+07
39  46  2.12997e+07
39  47  1.73032e+07
39  48  1.83772e+07
39  49  1.66359e+07
39  50  5.34645e+06
40  0  2.22872e+07
40  1  1.4978e+07
40  2  2.6981e+07
40  3  1.76607e+07
40  4  1.48635e+07
40  5  2.20546e+07
40  6  7.63916e+06
40  7  1.01991e+07
40  8  1.82986e+07
40  9  2.64767e+07
40  10  1.29351e+07
40  11  2.12306e+07
40  12  1.60762e+07
40  13  2.0856e+07
40  14  1.83574e+07
40  15  2.9887e+07
40  16  2.90835e+07
40  17  1.79092e+07
40  18  2.04082e+07
40  19  1.82889e+07
40  20  2.6191e+07
40  21  2.55113e+07
40  22  2.24142e+07
40  23  8.8579e+06
40  24  2.56771e+07
40  25  1.80026e+07
40  26  1.31551e+07
40  27  1.4662e+07
40  28  2.20276e+07
40  29  2.32891e+07
40  30  1.84343e+07
40  31  2.63921e+07
40  32  2.3381e+07
40  33  2.01026e+07
40  34  2.12627e+07
40  35  7.94636e+06
40  36  1.5774e+07
40  37  1.84382e+07
40  38  2.66985e+07
40  39  2.29541e+07
40  40  1.38901e+07
40  41  2.85839e+07
40  42  1.67921e+07
40  43  1.37327e+07
40  44  1.56417e+07
40  45  1.016e+07
40  46  1.34185e+07
40  47  1.46023e+07
40  48  1.02889e+07
40  49  1.42153e+07
40  50  2.3091e+07
41  0  2.09699e+07
41  1  2.3371e+07
41  2  1.65375e+07
41  3  5.75673e+06
41  4  2.27669e+07
41  5  1.7475e+07
41  6  2.0589e+07
41  7  1.07363e+07
41  8  2.07172e+07
41  9  1.0548e+07
41  10  1.27642e+07
41  11  2.67377e+07
41  12  2.05362e+07
41  13  1.75145e+07
41  14  2.85169e+07
41  15  3.44115e+07
41  16  1.86964e+07
41  17  2.08335e+07
41  18  2.25102e+07
41  19  2.0836e+07
41  20  2.23485e+07
41  21  1.29835e+07
41  22  2.05831e+07
41  23  1.61805e+07
41  24  1.32673e+07
41  25  2.10662e+07
41  26  1.70113e+07
41  27  2.48567e+07
41  28  2.542e+07
41  29  2.51805e+07
41  30  2.3804e+07
41  31  1.89885e+07
41  32  1.71972e+07
41  33  1.41271e+07
41  34  2.44586e+07
41  35  1.17011e+07
41  36  1.10698e+07
41  37  1.03126e+07
41  38  2.35942e+07
41  39  1.61725e+07
41  40  2.45166e+07
41  41  1.81082e+07
41  42  2.23164e+07
41  43  1.27631e+07
41  44  2.21033e+07
41  45  1.56986e+07
41  46  2.58066e+07
41  47  2.79674e+07
41  48  2.78188e+07
41  49  1.64318e+07
41  50  1.7347e+07
42  0  1.49826e+07
42  1  1.42659e+07
42  2  1.56568e+07
42  3  2.09813e+07
42  4  1.85302e+07
42  5  1.60872e+07
42  6  2.66357e+07
42  7  7.53672e+06
42  8  1.65569e+07
42  9  1.43939e+07
42  10  1.23617e+07
42  11  2.38705e+07
42  12  2.01143e+07
42  13  7.39734e+06
42  14  1.8873e+07
42  15  1.07704e+07
42  16  2.00254e+07
42  17  1.51684e+07
42  18  2.27271e+07
42  19  1.60248e+07
42  20  1.73235e+07
42  21  1.56254e+07
42  22  1.1875e+07
42  23  2.03697e+07
42  24  2.23928e+07
42  25  2.05087e+07
42  26  1.85203e+07
42  27  1.08471e+07
42  28  2.26441e+07
42  29  2.86185e+07
42  30  1.26395e+07
42  31  2.40922e+07
42  32  2.15005e+07
42  33  2.11482e+07
42  34  1.51464e+07
42  35  1.02587e+07
42  36  1.7464e+07
42  37  1.75072e+07
42  38  1.6805e+07
42  39  2.50716e+07
42  40  2.02318e+07
42  41  1.80704e+07
42  42  1.96024e+07
42  43  5.81189e+06
42  44  1.34239e+07
42  45  1.88925e+07
42  46  2.31675e+07
42  47  1.51103e+07
42  48  2.08513e+07
42  49  1.43878e+07
42  50  2.30452e+07
43  0  2.0546e+07
43  1  2.59863e+07
43  2  2.31262e+07
43  3  2.10561e+07
43  4  1.68076e+07
43  5  1.76072e+07
43  6  1.95508e+07
43  7  2.74559e+07
43  8  3.08735e+07
43  9  1.25899e+07
43  10  2.97667e+07
43  11  2.54201e+07
43  12  1.63715e+07
43  13  1.73285e+07
43  14  1.16172e+07
43  15  1.59171e+07
43  16  1.6259e+07
43  17  2.17987e+07
43  18  1.02508e+07
43  19  1.40549e+07
43  20  1.84181e+07
43  21  2.27237e+07
43  22  8.70202e+06
43  23  2.45593e+07
43  24  2.22177e+07
43  25  2.48928e+07
43  26  1.85861e+07
43  27  2.67175e+07
43  28  2.09121e+07
43  29  1.94899e+07
43  30  2.01163e+07
43  31  2.50013e+07
43  32  1.58408e+07
43  33  1.39813e+07
43  34  1.11776e+07
43  35  1.98392e+07
43  36  2.1264e+07
43  37  8.8564e+06
43  38  2.45726e+07
43  39  1.80298e+07
43  40  1.24251e+07
43  41  1.3282e+07
43  42  1.7182e+07
43  43  1.1825e+07
43  44  1.61825e+07
43  45  1.70478e+07
43  46  1.58092e+07
43  47  2.16363e+07
43  48  2.3045e+07
43  49  2.27976e+07
43  50  1.38714e+07
44  0  2.04576e+07
44  1  1.02601e+07
44  2  1.30343e+07
44  3  1.57014e+07
44  4  1.79273e+07
44  5  1.27433e+07
44  6  2.07051e+07
44  7  1.62717e+07
44  8  1.44781e+07
44  9  1.01826e+07
44  10  1.50034e+07
44  11  2.47374e+07
44  12  2.13506e+07
44  13  1.67437e+07
44  14  1.45627e+07
44  15  1.13103e+07
44  16  7.47922e+06
44  17  2.24498e+07
44  18  2.14724e+07
44  19  2.33137e+07
44  20  1.50506e+07
44  21  1.99859e+07
44  22  1.20253e+07
44  23  2.39452e+07
44  24  2.86063e+07
44  25  1.79265e+07
44  26  1.34786e+07
44  27  1.2184e+07
44  28  2.37397e+07
44  29  2.55674e+07
44  30  2.20986e+07
44  31  1.60029e+07
44  32  2.77912e+07
44  33  1.5147e+07
44  34  2.24779e+07
44  35  1.9898e+07
44  36  2.01599e+07
44  37  2.54882e+07
44  38  2.55269e+07
44  39  1.06162e+07
44  40  1.79454e+07
44  41  2.22403e+07
44  42  1.74894e+07
44  43  9.40578e+06
44  44  2.60858e+07
44  45  1.19997e+07
44  46  2.32233e+07
44  47  1.29963e+07
44  48  2.40055e+07
44  49  6.92754e+06
44  50  1.50685e+07
45  0  1.90548e+07
45  1  2.02807e+07
45  2  2.20636e+07
45  3  1.67509e+07
45  4  8.76131e+06
45  5  9.17199e+06
45  6  1.86935e+07
45  7  1.45926e+07
45  8  2.5261e+07
45  9  2.16748e+07
45  10  1.41722e+07
45  11  1.38211e+07
45  12  2.86605e+07
45  13  1.15099e+07
45  14  1.26471e+07
45  15  1.72564e+07
45  16  1.72696e+07
45  17  1.61932e+07
45  18  6.95518e+06
45  19  1.73315e+07
45  20  1.75397e+07
45  21  1.63795e+07
45  22  1.52701e+07
45  23  1.77214e+07
45  24  1.76295e+07
45  25  2.27526e+07
45  26  2.18787e+07
45  27  1.69194e+07
45  28  2.49136e+07
45  29  1.52177e+07
45  30  1.61209e+07
45  31  2.91249e+07
45  32  1.25462e+07
45  33  2.31038e+07
45  34  1.76376e+07
45  35  3.41822e+07
45  36  2.77512e+07
45  37  1.30363e+07
45  38  1.41641e+07
45  39  1.78877e+07
45  40  1.98934e+07
45  41  1.65981e+07
45  42  2.02668e+07
45  43  9.39415e+06
45  44  6.16068e+06
45  45  8.05078e+06
45  46  1.54562e+07
45  47  8.89585e+06
45  48  2.90946e+07
45  49  1.35955e+07
45  50  1.85071e+07
46  0  2.24355e+07
46  1  1.57547e+07
46  2  1.66507e+07
46  3  1.83863e+07
46  4  2.23209e+07
46  5  2.06362e+07
46  6  1.61042e+07
46  7  1.64468e+07
46  8  2.176e+07
46  9  1.91766e+07
46  10  2.84493e+07
46  11  1.80997e+07
46  12  1.56714e+07
46  13  2.9195e+07
46  14  1.59479e+07
46  15  1.50091e+07
46  16  1.92732e+07
46  17  3.31496e+07
46  18  2.3357e+07
46  19  1.76776e+07
46  20  1.55963e+07
46  21  3.13616e+07
46  22  1.85282e+07
46  23  1.99343e+07
46  24  1.11683e+07
46  25  1.11558e+07
46  26  2.00061e+07
46  27  1.41822e+07
46  28  2.37142e+07
46  29  1.7534e+07
46  30  1.82201e+07
46  31  2.17982e+07
46  32  1.95858e+07
46  33  1.45677e+07
46  34  1.97127e+07
46  35  9.96943e+06
46  36  2.512e+07
46  37  1.95233e+07
46  38  1.44193e+07
46  39  1.86248e+07
46  40  2.36163e+07
46  41  1.43573e+07
46  42  1.72939e+07
46  43  1.16039e+07
46  44  1.12502e+07
46  45  2.29456e+07
46  46  1.97377e+07
46  47  2.4045e+07
46  48  2.2957e+07
46  49  9.50181e+06
46  50  2.98291e+07
47  0  2.78746e+07
47  1  2.61492e+07
47  2  1.07757e+07
47  3  2.30707e+07
47  4  2.53087e+07
47  5  2.6194e+07
47  6  1.24155e+07
47  7  1.88491e+07
47  8  1.45547e+07
47  9  1.14678e+07
47  10  2.00196e+07
47  11  1.4927e+07
47  12  1.22835e+07
47  13  1.53189e+07
47  14  1.86923e+07
47  15  9.5822e+06
47  16  1.22223e+07
47  17  2.26901e+07
47  18  1.39452e+07
47  19  2.55429e+07
47  20  1.47294e+07
47  21  2.41617e+07
47  22  9.52601e+06
47  23  2.02038e+07
47  24  1.42562e+07
47  25  1.28541e+07
47  26  1.54012e+07
47  27  1.87399e+07
47  28  1.56355e+07
47  29  2.59478e+07
47  30  2.6602e+07
47  31  8.99072e+06
47  32  2.71429e+07
47  33  2.28521e+07
47  34  1.92783e+07
47  35  1.60403e+07
47  36  2.38631e+07
47  37  1.74313e+07
47  38  2.32538e+07
47  39  1.94216e+07
47  40  2.1167e+07
47  41  1.78806e+07
47  42  1.70718e+07
47  43  2.26723e+07
47  44  1.10646e+07
47  45  2.65999e+07
47  46  1.19453e+07
47  47  2.36696e+07
47  48  2.42889e+07
47  49  2.21183e+07
47  50  1.58625e+07
48  0  1.70372e+07
48  1  1.59156e+07
48  2  1.84555e+07
48  3  2.55617e+07
48  4  2.22704e+07
48  5  2.75772e+07
48  6  1.46202e+07
48  7  1.74914e+07
48  8  1.04847e+07
48  9  1.88997e+07
48  10  2.22716e+07
48  11  2.17558e+07
48  12  9.07299e+06
48  13  1.34237e+07
48  14  2.38628e+07
48  15  1.98371e+07
48  16  9.89911e+06
48  17  2.85338e+07
48  18  2.23075e+07
48  19  1.68815e+07
48  20  1.3095e+07
48  21  2.35507e+07
48  22  2.74703e+07
48  23  1.53931e+07
48  24  2.49617e+07
48  25  1.81533e+07
48  26  2.42293e+07
48  27  1.54301e+07
48  28  2.33398e+07
48  29  1.75628e+07
48  30  1.78756e+07
48  31  1.73426e+07
48  32  1.34594e+07
48  33  2.09981e+07
48  34  1.13422e+07
48  35  9.69185e+06
48  36  1.31049e+07
48  37  2.17181e+07
48  38  1.68125e+07
48  39  1.90038e+07
48  40  1.65902e+07
48  41  2.02418e+07
48  42  1.1538e+07
48  43  2.77074e+07
48  44  1.31753e+07
48  45  1.8874e+07
48  46  1.59266e+07
48  47  3.11726e+07
48  48  1.63454e+07
48  49  1.50401e+07
48  50  1.43139e+07
49  0  2.04051e+07
49  1  2.06975e+07
49  2  2.88667e+07
49  3  1.4639e+07
49  4  2.75258e+07
49  5  1.50198e+07
49  6  2.52129e+07
49  7  1.47096e+07
49  8  2.4978e+07
49  9  2.14326e+07
49  10  2.83685e+07
49  11  1.67621e+07
49  12  2.09675e+07
49  13  1.81739e+07
49  14  3.04574e+07
49  15  2.25515e+07
49  16  2.00236e+07
49  17  1.33382e+07
49  18  1.87468e+07
49  19  2.81496e+07
49  20  1.79129e+07
49  21  2.16502e+07
49  22  1.89943e+07
49  23  1.77336e+07
49  24  2.4659e+07
49  25  3.06787e+07
49  26  2.43052e+07
49  27  2.26208e+07
49  28  1.94059e+07
49  29  1.30874e+07
49  30  1.03234e+07
49  31  1.83311e+07
49  32  1.48732e+07
49  33  2.57173e+07
49  34  1.61284e+07
49  35  2.28382e+07
49  36  1.73737e+07
49  37  1.13624e+07
49  38  1.20066e+07
49  39  1.53914e+07
49  40  1.59716e+07
49  41  1.69948e+07
49  42  1.23444e+07
49  43  2.57075e+07
49  44  1.9207e+07
49  45  2.1052e+07
49  46  2.53161e+07
49  47  2.41661e+07
49  48  1.56332e+07
49  49  2.06963e+07
49  50  2.47695e+07
50  0  2.13592e+07
50  1  1.5228e+07
50  2  2.39531e+07
50  3  3.26855e+07
50  4  2.26676e+07
50  5  2.71515e+07
50  6  2.84378e+07
50  7  1.17733e+07
50  8  2.51858e+07
50  9  2.11786e+07
50  10  2.58869e+07
50  11  2.44064e+07
50  12  1.47755e+07
50  13  2.21047e+07
50  14  1.27916e+07
50  15  2.95355e+07
50  16  3.0717e+07
50  17  2.13739e+07
50  18  2.25757e+07
50  19  2.2774e+07
50  20  1.01542e+07
50  21  1.87766e+07
50  22  2.44623e+07
50  23  1.70016e+07
50  24  2.3811e+07
50  25  1.65925e+07
50  26  2.16277e+07
50  27  2.01553e+07
50  28  2.72603e+06
50  29  1.9272e+07
50  30  1.04968e+07
50  31  1.83172e+07
50  32  1.7836e+07
50  33  2.3849e+07
50  34  1.27732e+07
50  35  8.88136e+06
50  36  1.73142e+07
50  37  2.95709e+07
50  38  1.24988e+07
50  39  2.6105e+07
50  40  1.16639e+07
50  41  2.5231e+07
50  42  2.32848e+07
50  43  1.99603e+07
50  44  2.54455e+07
50  45  1.39051e+07
50  46  1.83014e+07
50  47  2.86679e+07
50  48  2.21851e+07
50  49  1.84586e+07
50  50  2.59458e+07

