row  column  (images_29.edf Fe-K*images_29.edf Ar-K**2.3)
0  0  3.15809e+07
0  1  3.33466e+07
0  2  3.8599e+07
0  3  4.23416e+07
0  4  5.01771e+07
0  5  5.95901e+07
0  6  7.64218e+07
0  7  9.17096e+07
0  8  1.03789e+08
0  9  1.2598e+08
0  10  2.06041e+08
0  11  1.41825e+08
0  12  1.19506e+08
0  13  1.21241e+08
0  14  1.14226e+08
0  15  1.14702e+08
0  16  1.00423e+08
0  17  9.05562e+07
0  18  7.0655e+07
0  19  1.06382e+08
0  20  1.23329e+08
0  21  1.03489e+08
0  22  7.96984e+07
0  23  7.06702e+07
0  24  8.42374e+07
0  25  7.53272e+07
0  26  8.25199e+07
0  27  6.7802e+07
0  28  6.86709e+07
0  29  7.40924e+07
0  30  7.244e+07
0  31  6.06091e+07
0  32  8.39292e+07
0  33  8.06726e+07
0  34  7.96031e+07
0  35  1.02465e+08
0  36  7.76361e+07
0  37  9.00826e+07
0  38  1.52043e+08
0  39  1.37662e+08
0  40  1.17932e+08
0  41  1.4865e+08
0  42  1.08281e+08
0  43  1.13641e+08
0  44  9.75871e+07
0  45  1.31165e+08
0  46  1.18305e+08
0  47  1.188e+08
0  48  1.19842e+08
0  49  3.54418e+08
0  50  1.61702e+08
1  0  3.93335e+07
1  1  2.98997e+07
1  2  4.23479e+07
1  3  4.49305e+07
1  4  4.41191e+07
1  5  8.31832e+07
1  6  1.13704e+08
1  7  9.53665e+07
1  8  1.17952e+08
1  9  1.49034e+08
1  10  2.29481e+08
1  11  1.41554e+08
1  12  1.20695e+08
1  13  1.09352e+08
1  14  1.0667e+08
1  15  9.3095e+07
1  16  1.10629e+08
1  17  9.33632e+07
1  18  8.67919e+07
1  19  9.85874e+07
1  20  9.34818e+07
1  21  8.4434e+07
1  22  7.66783e+07
1  23  7.28987e+07
1  24  7.20491e+07
1  25  7.46628e+07
1  26  7.26778e+07
1  27  5.92112e+07
1  28  7.0288e+07
1  29  8.22226e+07
1  30  6.69754e+07
1  31  6.68462e+07
1  32  7.56558e+07
1  33  5.94743e+07
1  34  6.25451e+07
1  35  7.70769e+07
1  36  8.22615e+07
1  37  8.20596e+07
1  38  1.68687e+08
1  39  9.84374e+07
1  40  1.33172e+08
1  41  1.77161e+08
1  42  7.0775e+07
1  43  9.39248e+07
1  44  1.09444e+08
1  45  9.92545e+07
1  46  1.14158e+08
1  47  1.07104e+08
1  48  1.62927e+08
1  49  2.16787e+08
1  50  1.17421e+08
2  0  3.33988e+07
2  1  4.01866e+07
2  2  3.72057e+07
2  3  5.23897e+07
2  4  5.59054e+07
2  5  9.75903e+07
2  6  1.34555e+08
2  7  1.39165e+08
2  8  1.44711e+08
2  9  1.79743e+08
2  10  2.20391e+08
2  11  1.64872e+08
2  12  1.3484e+08
2  13  1.21793e+08
2  14  1.03466e+08
2  15  9.36007e+07
2  16  9.70116e+07
2  17  9.85963e+07
2  18  8.5346e+07
2  19  1.08078e+08
2  20  1.03599e+08
2  21  9.04567e+07
2  22  9.66154e+07
2  23  8.23776e+07
2  24  6.67918e+07
2  25  7.31082e+07
2  26  8.47717e+07
2  27  7.22838e+07
2  28  5.57068e+07
2  29  6.36542e+07
2  30  6.26947e+07
2  31  8.66829e+07
2  32  7.33259e+07
2  33  6.50891e+07
2  34  7.11658e+07
2  35  9.34188e+07
2  36  7.45104e+07
2  37  9.8882e+07
2  38  1.32329e+08
2  39  1.06187e+08
2  40  1.33956e+08
2  41  2.25808e+08
2  42  1.01316e+08
2  43  8.57271e+07
2  44  8.5741e+07
2  45  1.05328e+08
2  46  1.03695e+08
2  47  1.19141e+08
2  48  1.06012e+08
2  49  2.05678e+08
2  50  1.5027e+08
3  0  3.3957e+07
3  1  3.52441e+07
3  2  4.11289e+07
3  3  6.17537e+07
3  4  6.70696e+07
3  5  1.06038e+08
3  6  1.78432e+08
3  7  1.57422e+08
3  8  1.68728e+08
3  9  2.34145e+08
3  10  2.14982e+08
3  11  1.67903e+08
3  12  1.12828e+08
3  13  1.11712e+08
3  14  9.96266e+07
3  15  1.03005e+08
3  16  9.37806e+07
3  17  9.19029e+07
3  18  8.31513e+07
3  19  8.87644e+07
3  20  9.4356e+07
3  21  8.01396e+07
3  22  8.8693e+07
3  23  6.46784e+07
3  24  6.16874e+07
3  25  7.7678e+07
3  26  6.756e+07
3  27  7.58528e+07
3  28  6.37167e+07
3  29  7.29967e+07
3  30  6.04765e+07
3  31  7.68992e+07
3  32  7.18362e+07
3  33  7.57664e+07
3  34  8.35071e+07
3  35  8.91553e+07
3  36  6.61281e+07
3  37  8.91888e+07
3  38  1.37494e+08
3  39  9.97571e+07
3  40  1.7358e+08
3  41  2.85472e+08
3  42  1.22962e+08
3  43  7.36424e+07
3  44  9.51284e+07
3  45  8.7977e+07
3  46  8.25589e+07
3  47  1.0464e+08
3  48  1.16242e+08
3  49  1.93396e+08
3  50  1.08976e+08
4  0  2.61635e+07
4  1  4.19098e+07
4  2  4.77057e+07
4  3  5.44682e+07
4  4  8.03442e+07
4  5  1.29825e+08
4  6  2.2538e+08
4  7  2.01726e+08
4  8  2.29675e+08
4  9  2.42169e+08
4  10  2.50443e+08
4  11  1.53315e+08
4  12  1.15786e+08
4  13  1.39916e+08
4  14  1.01486e+08
4  15  1.02516e+08
4  16  1.09802e+08
4  17  9.8509e+07
4  18  1.01365e+08
4  19  9.35423e+07
4  20  8.71808e+07
4  21  9.24204e+07
4  22  1.00136e+08
4  23  9.3946e+07
4  24  8.16101e+07
4  25  7.44134e+07
4  26  7.08472e+07
4  27  7.76576e+07
4  28  7.66584e+07
4  29  6.3962e+07
4  30  6.84219e+07
4  31  5.73727e+07
4  32  7.45836e+07
4  33  5.88089e+07
4  34  6.36228e+07
4  35  7.96789e+07
4  36  7.22437e+07
4  37  7.34557e+07
4  38  1.02536e+08
4  39  9.28227e+07
4  40  1.30931e+08
4  41  3.80447e+08
4  42  1.22979e+08
4  43  9.68808e+07
4  44  9.23377e+07
4  45  1.10268e+08
4  46  9.78671e+07
4  47  1.04152e+08
4  48  1.20452e+08
4  49  1.80181e+08
4  50  1.28727e+08
5  0  3.5407e+07
5  1  5.15324e+07
5  2  4.24678e+07
5  3  8.57533e+07
5  4  9.03407e+07
5  5  1.61368e+08
5  6  3.02118e+08
5  7  2.73352e+08
5  8  3.04251e+08
5  9  2.89592e+08
5  10  2.28039e+08
5  11  1.50744e+08
5  12  1.21565e+08
5  13  1.26232e+08
5  14  1.03213e+08
5  15  1.02515e+08
5  16  8.54598e+07
5  17  1.08314e+08
5  18  1.01116e+08
5  19  8.75359e+07
5  20  1.04852e+08
5  21  8.01638e+07
5  22  8.64854e+07
5  23  7.37556e+07
5  24  6.04887e+07
5  25  7.22884e+07
5  26  6.34883e+07
5  27  6.37864e+07
5  28  7.68747e+07
5  29  7.44219e+07
5  30  6.0648e+07
5  31  5.66277e+07
5  32  5.94394e+07
5  33  6.53554e+07
5  34  6.43246e+07
5  35  9.2753e+07
5  36  6.66299e+07
5  37  9.1516e+07
5  38  1.08319e+08
5  39  9.93006e+07
5  40  1.47823e+08
5  41  5.5539e+08
5  42  1.44711e+08
5  43  1.06563e+08
5  44  9.33365e+07
5  45  1.12303e+08
5  46  9.36722e+07
5  47  9.57641e+07
5  48  1.24294e+08
5  49  1.8551e+08
5  50  1.07289e+08
6  0  4.17242e+07
6  1  5.16732e+07
6  2  5.04375e+07
6  3  9.12104e+07
6  4  1.0936e+08
6  5  1.76186e+08
6  6  4.10945e+08
6  7  3.04841e+08
6  8  3.04053e+08
6  9  3.02037e+08
6  10  2.85518e+08
6  11  1.60819e+08
6  12  1.58627e+08
6  13  1.3533e+08
6  14  1.2719e+08
6  15  1.084e+08
6  16  9.59537e+07
6  17  1.28369e+08
6  18  1.09693e+08
6  19  8.00214e+07
6  20  9.32354e+07
6  21  1.03444e+08
6  22  9.58256e+07
6  23  8.98139e+07
6  24  7.88196e+07
6  25  7.53193e+07
6  26  7.67056e+07
6  27  7.38356e+07
6  28  7.49359e+07
6  29  5.65305e+07
6  30  7.99429e+07
6  31  6.38562e+07
6  32  6.32044e+07
6  33  4.30265e+07
6  34  5.83128e+07
6  35  9.1796e+07
6  36  7.5425e+07
6  37  9.98762e+07
6  38  1.10902e+08
6  39  1.32359e+08
6  40  1.52061e+08
6  41  7.20337e+08
6  42  1.55015e+08
6  43  1.28691e+08
6  44  1.1589e+08
6  45  9.29678e+07
6  46  8.59433e+07
6  47  1.16079e+08
6  48  1.18085e+08
6  49  1.34677e+08
6  50  1.01033e+08
7  0  4.70508e+07
7  1  5.57916e+07
7  2  6.72266e+07
7  3  8.54771e+07
7  4  1.55358e+08
7  5  2.51766e+08
7  6  4.52795e+08
7  7  3.57997e+08
7  8  3.239e+08
7  9  2.62428e+08
7  10  2.51448e+08
7  11  1.82489e+08
7  12  1.17722e+08
7  13  1.27426e+08
7  14  1.16964e+08
7  15  9.15525e+07
7  16  1.1247e+08
7  17  1.23654e+08
7  18  8.85869e+07
7  19  1.04185e+08
7  20  1.00105e+08
7  21  8.54007e+07
7  22  1.00645e+08
7  23  8.3422e+07
7  24  7.15077e+07
7  25  5.62958e+07
7  26  7.10247e+07
7  27  7.38939e+07
7  28  7.9509e+07
7  29  7.45648e+07
7  30  6.00344e+07
7  31  7.78594e+07
7  32  6.20229e+07
7  33  6.62461e+07
7  34  5.84686e+07
7  35  6.75478e+07
7  36  6.86286e+07
7  37  1.03503e+08
7  38  1.02671e+08
7  39  1.13125e+08
7  40  2.14136e+08
7  41  3.57764e+08
7  42  1.18717e+08
7  43  1.23013e+08
7  44  9.48692e+07
7  45  7.95716e+07
7  46  9.29555e+07
7  47  8.86487e+07
7  48  9.02637e+07
7  49  1.29971e+08
7  50  8.28961e+07
8  0  6.27512e+07
8  1  6.07147e+07
8  2  7.38903e+07
8  3  1.00519e+08
8  4  1.4545e+08
8  5  2.78137e+08
8  6  4.34181e+08
8  7  3.69747e+08
8  8  3.56678e+08
8  9  2.82841e+08
8  10  3.57787e+08
8  11  1.69391e+08
8  12  1.43101e+08
8  13  1.1619e+08
8  14  1.08414e+08
8  15  9.5563e+07
8  16  1.12931e+08
8  17  1.29601e+08
8  18  1.18569e+08
8  19  9.91254e+07
8  20  8.96754e+07
8  21  9.38837e+07
8  22  9.84963e+07
8  23  1.25866e+08
8  24  4.9732e+07
8  25  7.07542e+07
8  26  7.01159e+07
8  27  7.04578e+07
8  28  8.27702e+07
8  29  6.80659e+07
8  30  6.62614e+07
8  31  6.96875e+07
8  32  6.65578e+07
8  33  6.56221e+07
8  34  7.51292e+07
8  35  7.5913e+07
8  36  6.03939e+07
8  37  7.26377e+07
8  38  9.72358e+07
8  39  9.95546e+07
8  40  1.30066e+08
8  41  3.67422e+08
8  42  1.388e+08
8  43  1.24755e+08
8  44  9.85578e+07
8  45  6.82938e+07
8  46  1.01755e+08
8  47  8.45473e+07
8  48  9.07668e+07
8  49  1.12106e+08
8  50  8.02522e+07
9  0  4.82867e+07
9  1  6.93095e+07
9  2  8.44835e+07
9  3  1.339e+08
9  4  1.73578e+08
9  5  3.20844e+08
9  6  5.32009e+08
9  7  3.01912e+08
9  8  2.7269e+08
9  9  2.59738e+08
9  10  3.69797e+08
9  11  1.59598e+08
9  12  1.34726e+08
9  13  1.18994e+08
9  14  1.1182e+08
9  15  1.04787e+08
9  16  1.02137e+08
9  17  1.40333e+08
9  18  1.54183e+08
9  19  9.24456e+07
9  20  1.10423e+08
9  21  9.36103e+07
9  22  8.82213e+07
9  23  1.46851e+08
9  24  7.80744e+07
9  25  6.88511e+07
9  26  7.93198e+07
9  27  6.08251e+07
9  28  9.88875e+07
9  29  7.91629e+07
9  30  7.75827e+07
9  31  7.23851e+07
9  32  6.95396e+07
9  33  6.1561e+07
9  34  7.1826e+07
9  35  6.94691e+07
9  36  7.79108e+07
9  37  8.20319e+07
9  38  9.91449e+07
9  39  9.33659e+07
9  40  1.12507e+08
9  41  2.69006e+08
9  42  1.23987e+08
9  43  8.39098e+07
9  44  8.16951e+07
9  45  8.84363e+07
9  46  8.24809e+07
9  47  9.75343e+07
9  48  8.19553e+07
9  49  9.19527e+07
9  50  7.07583e+07
10  0  6.49249e+07
10  1  6.03242e+07
10  2  8.57008e+07
10  3  1.37647e+08
10  4  2.16423e+08
10  5  3.29159e+08
10  6  4.8934e+08
10  7  2.65461e+08
10  8  2.40759e+08
10  9  2.62832e+08
10  10  2.93943e+08
10  11  1.56383e+08
10  12  1.3075e+08
10  13  1.06528e+08
10  14  1.25738e+08
10  15  1.03731e+08
10  16  1.09863e+08
10  17  1.5426e+08
10  18  1.07959e+08
10  19  8.33839e+07
10  20  8.60748e+07
10  21  8.87469e+07
10  22  8.62616e+07
10  23  1.16887e+08
10  24  7.48491e+07
10  25  6.87816e+07
10  26  7.32556e+07
10  27  6.32964e+07
10  28  9.06344e+07
10  29  8.4101e+07
10  30  7.19308e+07
10  31  5.69551e+07
10  32  7.93223e+07
10  33  6.56984e+07
10  34  5.70816e+07
10  35  7.36363e+07
10  36  7.36873e+07
10  37  7.82488e+07
10  38  9.70806e+07
10  39  9.42304e+07
10  40  9.84267e+07
10  41  2.10771e+08
10  42  1.02957e+08
10  43  7.8744e+07
10  44  8.80631e+07
10  45  7.72126e+07
10  46  7.86096e+07
10  47  8.92e+07
10  48  8.49741e+07
10  49  7.72207e+07
10  50  8.87516e+07
11  0  6.16886e+07
11  1  7.60629e+07
11  2  9.16032e+07
11  3  1.56183e+08
11  4  2.7262e+08
11  5  3.77448e+08
11  6  3.9319e+08
11  7  2.7191e+08
11  8  2.75229e+08
11  9  2.33232e+08
11  10  2.36525e+08
11  11  1.46884e+08
11  12  1.34644e+08
11  13  1.27352e+08
11  14  1.08571e+08
11  15  1.01201e+08
11  16  1.18438e+08
11  17  1.25833e+08
11  18  1.12357e+08
11  19  8.369e+07
11  20  9.18143e+07
11  21  7.10741e+07
11  22  8.4328e+07
11  23  9.55014e+07
11  24  7.74081e+07
11  25  6.8279e+07
11  26  8.11308e+07
11  27  6.8372e+07
11  28  6.50014e+07
11  29  6.24503e+07
11  30  7.38249e+07
11  31  6.12269e+07
11  32  7.39505e+07
11  33  6.12868e+07
11  34  4.79296e+07
11  35  7.2729e+07
11  36  7.50234e+07
11  37  1.06839e+08
11  38  9.01561e+07
11  39  9.20625e+07
11  40  8.46736e+07
11  41  1.92103e+08
11  42  1.0203e+08
11  43  8.16798e+07
11  44  8.548e+07
11  45  9.18446e+07
11  46  7.76838e+07
11  47  7.43986e+07
11  48  7.37097e+07
11  49  9.41597e+07
11  50  6.24982e+07
12  0  7.85793e+07
12  1  7.46439e+07
12  2  1.14318e+08
12  3  1.73087e+08
12  4  2.88557e+08
12  5  4.02094e+08
12  6  4.31377e+08
12  7  2.51547e+08
12  8  2.04315e+08
12  9  2.16152e+08
12  10  2.47948e+08
12  11  1.67563e+08
12  12  1.41131e+08
12  13  1.17481e+08
12  14  1.26988e+08
12  15  1.08295e+08
12  16  1.15537e+08
12  17  1.09635e+08
12  18  1.43748e+08
12  19  9.75793e+07
12  20  9.27879e+07
12  21  6.75785e+07
12  22  9.07101e+07
12  23  9.35882e+07
12  24  6.92934e+07
12  25  5.92038e+07
12  26  9.19254e+07
12  27  6.08301e+07
12  28  5.73352e+07
12  29  7.11864e+07
12  30  6.49445e+07
12  31  7.46883e+07
12  32  8.68471e+07
12  33  6.80699e+07
12  34  4.34724e+07
12  35  8.0193e+07
12  36  5.97543e+07
12  37  8.54603e+07
12  38  1.2079e+08
12  39  8.90645e+07
12  40  9.26124e+07
12  41  1.23807e+08
12  42  1.11873e+08
12  43  8.34654e+07
12  44  7.98088e+07
12  45  7.97125e+07
12  46  7.8624e+07
12  47  8.57021e+07
12  48  7.76234e+07
12  49  7.66366e+07
12  50  6.26211e+07
13  0  6.75095e+07
13  1  1.09955e+08
13  2  1.43154e+08
13  3  2.18256e+08
13  4  3.46429e+08
13  5  4.36792e+08
13  6  3.03471e+08
13  7  2.27347e+08
13  8  2.00155e+08
13  9  1.9533e+08
13  10  2.19925e+08
13  11  1.44555e+08
13  12  1.05703e+08
13  13  1.25047e+08
13  14  1.30696e+08
13  15  1.04659e+08
13  16  1.03317e+08
13  17  1.34144e+08
13  18  9.67723e+07
13  19  7.31776e+07
13  20  9.57929e+07
13  21  8.88841e+07
13  22  7.92181e+07
13  23  8.26235e+07
13  24  6.41393e+07
13  25  9.6326e+07
13  26  7.11217e+07
13  27  7.24206e+07
13  28  6.89151e+07
13  29  5.9654e+07
13  30  6.18626e+07
13  31  7.87014e+07
13  32  8.71078e+07
13  33  5.24679e+07
13  34  4.73625e+07
13  35  5.07552e+07
13  36  6.5323e+07
13  37  8.53646e+07
13  38  1.20722e+08
13  39  8.25938e+07
13  40  6.96537e+07
13  41  1.45812e+08
13  42  9.17858e+07
13  43  9.16258e+07
13  44  8.70038e+07
13  45  8.70694e+07
13  46  8.13765e+07
13  47  8.0731e+07
13  48  6.70805e+07
13  49  8.47669e+07
13  50  7.31093e+07
14  0  7.95642e+07
14  1  1.06851e+08
14  2  1.54714e+08
14  3  2.38675e+08
14  4  3.34607e+08
14  5  4.57251e+08
14  6  3.46425e+08
14  7  2.26459e+08
14  8  1.93804e+08
14  9  1.73316e+08
14  10  2.14881e+08
14  11  1.13687e+08
14  12  1.28721e+08
14  13  1.2308e+08
14  14  1.34377e+08
14  15  1.12726e+08
14  16  1.14729e+08
14  17  1.2073e+08
14  18  8.01423e+07
14  19  7.84383e+07
14  20  7.94395e+07
14  21  8.26898e+07
14  22  9.04533e+07
14  23  8.09146e+07
14  24  8.24154e+07
14  25  6.36504e+07
14  26  8.14439e+07
14  27  6.80706e+07
14  28  6.35242e+07
14  29  6.447e+07
14  30  6.9291e+07
14  31  6.40491e+07
14  32  6.7219e+07
14  33  6.32762e+07
14  34  6.33595e+07
14  35  7.15e+07
14  36  6.83131e+07
14  37  7.55956e+07
14  38  1.37022e+08
14  39  1.09936e+08
14  40  9.37716e+07
14  41  1.0917e+08
14  42  9.76187e+07
14  43  7.59781e+07
14  44  7.3344e+07
14  45  8.2251e+07
14  46  9.61264e+07
14  47  7.40889e+07
14  48  8.55221e+07
14  49  8.10876e+07
14  50  7.45133e+07
15  0  1.12063e+08
15  1  1.39865e+08
15  2  2.2509e+08
15  3  2.79888e+08
15  4  3.29151e+08
15  5  3.26181e+08
15  6  2.73346e+08
15  7  2.4362e+08
15  8  1.88727e+08
15  9  1.44141e+08
15  10  1.50099e+08
15  11  1.337e+08
15  12  1.07844e+08
15  13  1.22874e+08
15  14  1.21999e+08
15  15  1.10871e+08
15  16  1.06249e+08
15  17  7.78072e+07
15  18  7.9082e+07
15  19  6.8229e+07
15  20  8.11201e+07
15  21  6.81484e+07
15  22  8.91471e+07
15  23  7.24425e+07
15  24  6.35714e+07
15  25  5.74664e+07
15  26  7.15831e+07
15  27  5.57815e+07
15  28  7.14655e+07
15  29  6.74927e+07
15  30  7.10832e+07
15  31  6.94999e+07
15  32  7.53254e+07
15  33  5.80288e+07
15  34  6.9498e+07
15  35  6.84162e+07
15  36  6.46882e+07
15  37  1.09631e+08
15  38  1.1781e+08
15  39  8.01572e+07
15  40  6.58884e+07
15  41  1.10776e+08
15  42  7.91413e+07
15  43  8.49172e+07
15  44  7.74999e+07
15  45  8.29522e+07
15  46  7.97613e+07
15  47  7.50996e+07
15  48  6.04343e+07
15  49  8.41061e+07
15  50  7.30542e+07
16  0  9.02577e+07
16  1  1.43527e+08
16  2  1.88942e+08
16  3  2.90836e+08
16  4  2.68112e+08
16  5  3.33956e+08
16  6  2.64863e+08
16  7  2.26711e+08
16  8  1.70728e+08
16  9  1.50139e+08
16  10  1.70006e+08
16  11  1.30583e+08
16  12  1.17219e+08
16  13  1.16016e+08
16  14  1.26371e+08
16  15  1.37344e+08
16  16  1.11278e+08
16  17  9.25831e+07
16  18  7.14155e+07
16  19  8.46638e+07
16  20  7.59819e+07
16  21  7.79118e+07
16  22  6.71487e+07
16  23  6.3643e+07
16  24  8.67758e+07
16  25  7.0141e+07
16  26  6.40999e+07
16  27  7.5826e+07
16  28  8.17431e+07
16  29  6.75029e+07
16  30  5.37363e+07
16  31  8.18706e+07
16  32  6.128e+07
16  33  6.15764e+07
16  34  6.13016e+07
16  35  6.99246e+07
16  36  7.78805e+07
16  37  9.34345e+07
16  38  9.27163e+07
16  39  8.64252e+07
16  40  8.33982e+07
16  41  9.66831e+07
16  42  7.41192e+07
16  43  5.60388e+07
16  44  6.75781e+07
16  45  9.82633e+07
16  46  9.03139e+07
16  47  6.3223e+07
16  48  9.20425e+07
16  49  8.75819e+07
16  50  7.79026e+07
17  0  1.42803e+08
17  1  1.67976e+08
17  2  2.39515e+08
17  3  3.11425e+08
17  4  3.40856e+08
17  5  3.41092e+08
17  6  2.324e+08
17  7  1.94513e+08
17  8  1.58283e+08
17  9  1.45194e+08
17  10  1.35677e+08
17  11  1.21267e+08
17  12  1.07724e+08
17  13  1.08109e+08
17  14  1.05185e+08
17  15  1.1622e+08
17  16  9.55121e+07
17  17  1.09544e+08
17  18  9.02109e+07
17  19  8.17042e+07
17  20  8.22079e+07
17  21  7.47091e+07
17  22  6.53424e+07
17  23  7.50498e+07
17  24  6.59771e+07
17  25  7.51606e+07
17  26  7.46328e+07
17  27  6.60048e+07
17  28  6.7933e+07
17  29  6.87611e+07
17  30  7.41631e+07
17  31  5.28911e+07
17  32  5.99562e+07
17  33  5.46813e+07
17  34  5.5551e+07
17  35  7.00903e+07
17  36  8.02879e+07
17  37  8.96845e+07
17  38  1.02609e+08
17  39  8.71486e+07
17  40  8.33305e+07
17  41  7.45019e+07
17  42  7.78876e+07
17  43  6.477e+07
17  44  5.89279e+07
17  45  8.52498e+07
17  46  1.02793e+08
17  47  7.41074e+07
17  48  6.16817e+07
17  49  7.51397e+07
17  50  6.53174e+07
18  0  1.21732e+08
18  1  1.7497e+08
18  2  2.64345e+08
18  3  3.38735e+08
18  4  3.15156e+08
18  5  3.10746e+08
18  6  2.37576e+08
18  7  2.02425e+08
18  8  1.6185e+08
18  9  1.29394e+08
18  10  1.51872e+08
18  11  1.34151e+08
18  12  1.14147e+08
18  13  1.08802e+08
18  14  9.77588e+07
18  15  9.37862e+07
18  16  1.04772e+08
18  17  1.05148e+08
18  18  8.81656e+07
18  19  6.65352e+07
18  20  7.83269e+07
18  21  8.83876e+07
18  22  7.60589e+07
18  23  7.64537e+07
18  24  5.31937e+07
18  25  6.46359e+07
18  26  6.60329e+07
18  27  7.66071e+07
18  28  7.01165e+07
18  29  6.10338e+07
18  30  6.05262e+07
18  31  6.4958e+07
18  32  4.94861e+07
18  33  7.02058e+07
18  34  7.95115e+07
18  35  6.49989e+07
18  36  6.18382e+07
18  37  9.79996e+07
18  38  8.60931e+07
18  39  8.98164e+07
18  40  6.83077e+07
18  41  7.20387e+07
18  42  9.28534e+07
18  43  6.48441e+07
18  44  9.648e+07
18  45  8.50151e+07
18  46  1.34613e+08
18  47  6.73045e+07
18  48  6.87954e+07
18  49  6.42329e+07
18  50  6.38168e+07
19  0  1.77795e+08
19  1  2.61076e+08
19  2  2.71055e+08
19  3  3.45628e+08
19  4  2.74236e+08
19  5  2.84272e+08
19  6  2.62247e+08
19  7  1.48735e+08
19  8  1.51095e+08
19  9  1.30571e+08
19  10  1.13868e+08
19  11  1.17386e+08
19  12  9.37809e+07
19  13  1.05164e+08
19  14  9.51944e+07
19  15  1.02489e+08
19  16  9.80566e+07
19  17  1.05882e+08
19  18  7.7274e+07
19  19  7.57827e+07
19  20  9.11042e+07
19  21  6.72767e+07
19  22  6.72007e+07
19  23  7.57688e+07
19  24  7.24093e+07
19  25  7.53201e+07
19  26  8.42402e+07
19  27  6.1366e+07
19  28  8.21224e+07
19  29  7.18746e+07
19  30  6.87012e+07
19  31  6.00371e+07
19  32  6.91885e+07
19  33  5.4859e+07
19  34  5.86017e+07
19  35  6.84605e+07
19  36  9.11241e+07
19  37  7.20711e+07
19  38  7.46129e+07
19  39  8.47343e+07
19  40  8.28441e+07
19  41  7.68111e+07
19  42  7.28037e+07
19  43  5.85158e+07
19  44  8.20952e+07
19  45  7.42835e+07
19  46  9.11693e+07
19  47  7.62193e+07
19  48  6.21885e+07
19  49  7.28416e+07
19  50  6.40263e+07
20  0  1.3714e+08
20  1  2.91741e+08
20  2  2.91923e+08
20  3  3.36812e+08
20  4  2.80411e+08
20  5  2.65104e+08
20  6  2.43442e+08
20  7  1.68092e+08
20  8  1.31178e+08
20  9  1.29009e+08
20  10  1.1899e+08
20  11  1.08321e+08
20  12  1.05543e+08
20  13  1.02264e+08
20  14  1.00627e+08
20  15  8.33527e+07
20  16  9.04372e+07
20  17  9.27844e+07
20  18  8.41297e+07
20  19  8.69527e+07
20  20  7.62597e+07
20  21  8.00439e+07
20  22  8.37261e+07
20  23  7.15966e+07
20  24  8.39598e+07
20  25  6.48944e+07
20  26  8.01878e+07
20  27  7.64218e+07
20  28  6.6153e+07
20  29  1.10512e+08
20  30  6.66174e+07
20  31  7.13749e+07
20  32  5.8175e+07
20  33  6.84342e+07
20  34  6.52504e+07
20  35  6.58516e+07
20  36  6.73695e+07
20  37  8.08364e+07
20  38  6.22212e+07
20  39  7.30579e+07
20  40  7.04807e+07
20  41  7.81761e+07
20  42  5.67498e+07
20  43  5.708e+07
20  44  7.45923e+07
20  45  6.70973e+07
20  46  9.21612e+07
20  47  5.65063e+07
20  48  6.99051e+07
20  49  6.40613e+07
20  50  6.92457e+07
21  0  2.34257e+08
21  1  3.53567e+08
21  2  3.04568e+08
21  3  3.06322e+08
21  4  2.81679e+08
21  5  2.44381e+08
21  6  1.95678e+08
21  7  1.49366e+08
21  8  1.45083e+08
21  9  1.18856e+08
21  10  1.0817e+08
21  11  1.06438e+08
21  12  8.42823e+07
21  13  1.02601e+08
21  14  8.73681e+07
21  15  9.12758e+07
21  16  8.90246e+07
21  17  9.53812e+07
21  18  8.31245e+07
21  19  8.31757e+07
21  20  9.06406e+07
21  21  8.03734e+07
21  22  7.77066e+07
21  23  8.54759e+07
21  24  8.15467e+07
21  25  8.56005e+07
21  26  8.00917e+07
21  27  9.45977e+07
21  28  7.07796e+07
21  29  6.89404e+07
21  30  7.78178e+07
21  31  6.13048e+07
21  32  6.12527e+07
21  33  6.22967e+07
21  34  7.55892e+07
21  35  6.0382e+07
21  36  6.59501e+07
21  37  7.12903e+07
21  38  6.08893e+07
21  39  8.01369e+07
21  40  6.57763e+07
21  41  7.57779e+07
21  42  6.68027e+07
21  43  5.48555e+07
21  44  7.20107e+07
21  45  7.23518e+07
21  46  8.08082e+07
21  47  6.64878e+07
21  48  6.41717e+07
21  49  5.17482e+07
21  50  5.30887e+07
22  0  2.04155e+08
22  1  3.39941e+08
22  2  3.42323e+08
22  3  3.54582e+08
22  4  2.59195e+08
22  5  2.3135e+08
22  6  1.69269e+08
22  7  1.61376e+08
22  8  1.68566e+08
22  9  1.07241e+08
22  10  1.27623e+08
22  11  1.09705e+08
22  12  1.02588e+08
22  13  9.29762e+07
22  14  8.48049e+07
22  15  8.10332e+07
22  16  1.06073e+08
22  17  1.10389e+08
22  18  1.07942e+08
22  19  8.6989e+07
22  20  8.89098e+07
22  21  7.1036e+07
22  22  8.48923e+07
22  23  8.3703e+07
22  24  8.48177e+07
22  25  7.66393e+07
22  26  9.50961e+07
22  27  9.1006e+07
22  28  1.0344e+08
22  29  9.33417e+07
22  30  6.12794e+07
22  31  4.66355e+07
22  32  6.50828e+07
22  33  6.73662e+07
22  34  6.01969e+07
22  35  6.4787e+07
22  36  6.02969e+07
22  37  6.84294e+07
22  38  5.62669e+07
22  39  7.36284e+07
22  40  6.71181e+07
22  41  8.16214e+07
22  42  5.8177e+07
22  43  7.45963e+07
22  44  5.90103e+07
22  45  7.6998e+07
22  46  6.45538e+07
22  47  8.50245e+07
22  48  6.93868e+07
22  49  6.61418e+07
22  50  4.86031e+07
23  0  2.59681e+08
23  1  4.16483e+08
23  2  3.89969e+08
23  3  3.34296e+08
23  4  2.5051e+08
23  5  2.24352e+08
23  6  1.83994e+08
23  7  1.37529e+08
23  8  1.22572e+08
23  9  1.31832e+08
23  10  1.01079e+08
23  11  9.48835e+07
23  12  1.04982e+08
23  13  1.03645e+08
23  14  1.0391e+08
23  15  8.38232e+07
23  16  8.6282e+07
23  17  9.21571e+07
23  18  7.72893e+07
23  19  1.00597e+08
23  20  7.85577e+07
23  21  9.98653e+07
23  22  9.66865e+07
23  23  9.3634e+07
23  24  9.85568e+07
23  25  7.59858e+07
23  26  7.76727e+07
23  27  8.22673e+07
23  28  8.05306e+07
23  29  5.93225e+07
23  30  6.60685e+07
23  31  6.16818e+07
23  32  5.73887e+07
23  33  6.83561e+07
23  34  7.46185e+07
23  35  7.4929e+07
23  36  5.53102e+07
23  37  6.64463e+07
23  38  7.36702e+07
23  39  6.95281e+07
23  40  6.78187e+07
23  41  8.36827e+07
23  42  6.63182e+07
23  43  5.32997e+07
23  44  8.61173e+07
23  45  6.51889e+07
23  46  8.81726e+07
23  47  7.60725e+07
23  48  5.78405e+07
23  49  5.55003e+07
23  50  5.63384e+07
24  0  2.49549e+08
24  1  4.49993e+08
24  2  3.23256e+08
24  3  3.28673e+08
24  4  2.46037e+08
24  5  2.24875e+08
24  6  1.53133e+08
24  7  1.37383e+08
24  8  1.26301e+08
24  9  1.18794e+08
24  10  1.13419e+08
24  11  9.09247e+07
24  12  9.144e+07
24  13  9.06354e+07
24  14  9.49736e+07
24  15  8.02606e+07
24  16  9.12681e+07
24  17  8.87065e+07
24  18  1.02553e+08
24  19  9.68562e+07
24  20  9.47434e+07
24  21  8.54796e+07
24  22  8.74968e+07
24  23  6.88302e+07
24  24  9.57933e+07
24  25  7.50824e+07
24  26  8.64475e+07
24  27  8.35025e+07
24  28  5.82355e+07
24  29  6.86693e+07
24  30  6.12645e+07
24  31  6.32214e+07
24  32  6.1406e+07
24  33  6.60003e+07
24  34  5.90258e+07
24  35  5.76564e+07
24  36  6.63739e+07
24  37  5.76719e+07
24  38  6.20906e+07
24  39  6.63465e+07
24  40  7.08635e+07
24  41  6.63466e+07
24  42  6.17391e+07
24  43  7.55223e+07
24  44  5.88604e+07
24  45  5.81302e+07
24  46  5.52801e+07
24  47  5.8704e+07
24  48  6.23026e+07
24  49  6.50087e+07
24  50  7.25977e+07
25  0  3.16678e+08
25  1  4.30834e+08
25  2  3.74689e+08
25  3  2.79019e+08
25  4  2.34627e+08
25  5  1.86365e+08
25  6  1.62195e+08
25  7  1.32593e+08
25  8  1.21511e+08
25  9  1.02204e+08
25  10  8.93462e+07
25  11  1.02963e+08
25  12  7.17256e+07
25  13  7.14977e+07
25  14  8.0831e+07
25  15  1.00015e+08
25  16  8.7425e+07
25  17  8.85082e+07
25  18  1.00434e+08
25  19  8.62399e+07
25  20  6.76213e+07
25  21  9.38223e+07
25  22  9.51465e+07
25  23  9.43938e+07
25  24  8.48644e+07
25  25  8.06615e+07
25  26  7.40339e+07
25  27  7.59891e+07
25  28  8.14965e+07
25  29  6.36756e+07
25  30  6.22292e+07
25  31  8.39217e+07
25  32  5.40475e+07
25  33  4.57271e+07
25  34  6.00977e+07
25  35  4.85165e+07
25  36  7.13265e+07
25  37  7.35477e+07
25  38  5.74219e+07
25  39  6.11393e+07
25  40  6.76241e+07
25  41  6.43903e+07
25  42  6.65567e+07
25  43  8.73781e+07
25  44  6.68527e+07
25  45  5.9678e+07
25  46  6.49645e+07
25  47  7.65782e+07
25  48  6.24734e+07
25  49  7.11195e+07
25  50  7.13077e+07
26  0  2.21516e+08
26  1  4.62484e+08
26  2  3.31904e+08
26  3  2.55522e+08
26  4  2.1415e+08
26  5  1.82194e+08
26  6  1.47054e+08
26  7  1.45215e+08
26  8  1.06621e+08
26  9  1.12974e+08
26  10  1.01683e+08
26  11  9.39982e+07
26  12  8.47855e+07
26  13  8.67298e+07
26  14  8.57885e+07
26  15  8.02126e+07
26  16  7.87866e+07
26  17  8.26421e+07
26  18  8.89053e+07
26  19  8.95548e+07
26  20  9.65666e+07
26  21  7.92512e+07
26  22  7.66292e+07
26  23  6.07973e+07
26  24  8.43679e+07
26  25  7.36699e+07
26  26  7.93032e+07
26  27  6.05093e+07
26  28  6.45111e+07
26  29  7.35156e+07
26  30  5.33629e+07
26  31  7.19444e+07
26  32  6.20232e+07
26  33  5.03428e+07
26  34  6.68277e+07
26  35  5.54664e+07
26  36  5.79326e+07
26  37  6.08978e+07
26  38  6.55264e+07
26  39  6.78588e+07
26  40  6.63734e+07
26  41  6.7461e+07
26  42  7.39118e+07
26  43  7.34067e+07
26  44  7.11608e+07
26  45  5.06271e+07
26  46  8.04288e+07
26  47  6.0279e+07
26  48  6.92701e+07
26  49  7.8507e+07
26  50  7.71864e+07
27  0  2.21446e+08
27  1  3.28405e+08
27  2  3.31979e+08
27  3  2.51298e+08
27  4  2.26183e+08
27  5  1.71157e+08
27  6  1.52216e+08
27  7  1.27351e+08
27  8  1.18982e+08
27  9  1.26996e+08
27  10  9.08712e+07
27  11  9.11349e+07
27  12  8.19903e+07
27  13  7.66986e+07
27  14  7.9906e+07
27  15  8.91836e+07
27  16  9.33272e+07
27  17  7.3455e+07
27  18  8.0515e+07
27  19  8.50758e+07
27  20  8.53382e+07
27  21  8.09276e+07
27  22  7.90192e+07
27  23  7.7395e+07
27  24  6.49264e+07
27  25  7.80652e+07
27  26  8.12977e+07
27  27  6.54395e+07
27  28  7.44915e+07
27  29  6.27242e+07
27  30  6.66115e+07
27  31  9.0116e+07
27  32  6.70942e+07
27  33  5.43845e+07
27  34  6.57468e+07
27  35  5.55892e+07
27  36  6.44187e+07
27  37  4.88896e+07
27  38  8.12345e+07
27  39  7.09706e+07
27  40  5.91578e+07
27  41  6.90767e+07
27  42  6.27239e+07
27  43  5.84761e+07
27  44  8.68627e+07
27  45  6.75383e+07
27  46  6.80476e+07
27  47  5.75965e+07
27  48  7.52408e+07
27  49  6.31714e+07
27  50  5.69989e+07
28  0  1.95692e+08
28  1  2.88754e+08
28  2  3.22794e+08
28  3  2.5095e+08
28  4  2.00221e+08
28  5  1.66783e+08
28  6  1.26166e+08
28  7  1.27573e+08
28  8  1.08924e+08
28  9  1.06677e+08
28  10  9.91774e+07
28  11  1.35156e+08
28  12  7.70616e+07
28  13  7.05957e+07
28  14  6.46516e+07
28  15  8.05864e+07
28  16  6.75126e+07
28  17  7.55772e+07
28  18  8.62611e+07
28  19  7.77045e+07
28  20  6.27929e+07
28  21  7.92239e+07
28  22  6.47106e+07
28  23  7.95122e+07
28  24  9.6263e+07
28  25  6.28124e+07
28  26  7.95976e+07
28  27  9.04773e+07
28  28  5.99166e+07
28  29  7.0169e+07
28  30  6.86574e+07
28  31  7.88536e+07
28  32  6.7672e+07
28  33  6.2358e+07
28  34  7.17548e+07
28  35  5.70122e+07
28  36  7.60809e+07
28  37  5.89867e+07
28  38  7.65826e+07
28  39  7.31426e+07
28  40  5.83167e+07
28  41  6.13777e+07
28  42  7.54958e+07
28  43  8.01733e+07
28  44  6.23909e+07
28  45  7.40966e+07
28  46  5.60531e+07
28  47  7.6365e+07
28  48  8.62968e+07
28  49  7.94178e+07
28  50  6.69335e+07
29  0  1.96032e+08
29  1  2.15771e+08
29  2  2.98231e+08
29  3  2.13964e+08
29  4  1.93639e+08
29  5  1.67313e+08
29  6  1.45993e+08
29  7  1.31267e+08
29  8  1.01237e+08
29  9  1.16486e+08
29  10  9.87395e+07
29  11  9.11559e+07
29  12  8.05635e+07
29  13  7.75855e+07
29  14  7.96439e+07
29  15  7.11597e+07
29  16  7.31089e+07
29  17  8.2047e+07
29  18  8.36275e+07
29  19  6.62188e+07
29  20  8.06412e+07
29  21  8.62604e+07
29  22  6.91054e+07
29  23  8.02916e+07
29  24  7.41553e+07
29  25  6.2676e+07
29  26  8.05756e+07
29  27  7.77619e+07
29  28  9.62595e+07
29  29  7.03993e+07
29  30  8.74202e+07
29  31  7.74269e+07
29  32  6.46833e+07
29  33  6.14332e+07
29  34  7.5599e+07
29  35  5.51458e+07
29  36  7.33552e+07
29  37  6.73082e+07
29  38  9.37584e+07
29  39  8.34441e+07
29  40  7.4445e+07
29  41  7.2851e+07
29  42  8.86898e+07
29  43  6.93733e+07
29  44  5.12624e+07
29  45  7.23552e+07
29  46  6.7247e+07
29  47  7.00264e+07
29  48  5.26019e+07
29  49  6.66092e+07
29  50  5.41997e+07
30  0  1.91004e+08
30  1  2.11491e+08
30  2  2.5478e+08
30  3  1.92533e+08
30  4  1.7e+08
30  5  1.4837e+08
30  6  1.52928e+08
30  7  1.29163e+08
30  8  1.15041e+08
30  9  1.31549e+08
30  10  1.20028e+08
30  11  9.69938e+07
30  12  7.72204e+07
30  13  7.82377e+07
30  14  7.72398e+07
30  15  7.36904e+07
30  16  7.41259e+07
30  17  4.86583e+07
30  18  6.07683e+07
30  19  7.31337e+07
30  20  7.62222e+07
30  21  8.05222e+07
30  22  8.73169e+07
30  23  9.90519e+07
30  24  7.82392e+07
30  25  7.86956e+07
30  26  7.53722e+07
30  27  7.99685e+07
30  28  8.44899e+07
30  29  7.87469e+07
30  30  7.576e+07
30  31  7.05436e+07
30  32  6.25761e+07
30  33  6.1015e+07
30  34  7.21265e+07
30  35  6.46055e+07
30  36  7.87675e+07
30  37  7.75773e+07
30  38  6.20773e+07
30  39  9.16419e+07
30  40  7.03569e+07
30  41  5.63266e+07
30  42  7.03669e+07
30  43  6.47387e+07
30  44  6.21967e+07
30  45  6.00138e+07
30  46  7.51225e+07
30  47  8.1236e+07
30  48  7.05293e+07
30  49  6.50577e+07
30  50  4.82548e+07
31  0  1.88951e+08
31  1  2.09041e+08
31  2  2.06248e+08
31  3  1.78289e+08
31  4  1.5118e+08
31  5  1.30727e+08
31  6  1.3004e+08
31  7  9.67817e+07
31  8  1.25116e+08
31  9  9.67359e+07
31  10  1.00424e+08
31  11  9.69347e+07
31  12  9.50639e+07
31  13  7.06455e+07
31  14  5.10444e+07
31  15  8.07622e+07
31  16  7.96704e+07
31  17  5.91134e+07
31  18  8.33828e+07
31  19  8.99705e+07
31  20  8.7418e+07
31  21  7.86129e+07
31  22  9.22388e+07
31  23  7.75106e+07
31  24  8.70703e+07
31  25  6.60847e+07
31  26  6.42338e+07
31  27  7.45212e+07
31  28  8.65507e+07
31  29  9.90332e+07
31  30  7.67134e+07
31  31  8.25955e+07
31  32  6.72616e+07
31  33  6.82501e+07
31  34  4.98964e+07
31  35  6.53901e+07
31  36  8.35329e+07
31  37  6.8582e+07
31  38  8.64083e+07
31  39  9.3309e+07
31  40  7.26522e+07
31  41  6.21628e+07
31  42  6.38692e+07
31  43  5.97548e+07
31  44  9.14747e+07
31  45  5.58113e+07
31  46  6.36667e+07
31  47  4.75931e+07
31  48  5.48546e+07
31  49  4.97765e+07
31  50  5.65652e+07
32  0  1.89872e+08
32  1  1.79687e+08
32  2  1.83581e+08
32  3  1.47724e+08
32  4  1.54038e+08
32  5  1.42068e+08
32  6  1.2434e+08
32  7  1.42605e+08
32  8  1.11495e+08
32  9  9.41922e+07
32  10  9.09321e+07
32  11  1.06693e+08
32  12  8.47835e+07
32  13  7.54697e+07
32  14  6.16756e+07
32  15  8.2759e+07
32  16  7.86284e+07
32  17  7.63917e+07
32  18  8.2093e+07
32  19  8.55724e+07
32  20  7.81267e+07
32  21  8.59462e+07
32  22  8.12931e+07
32  23  6.71877e+07
32  24  6.28311e+07
32  25  7.10679e+07
32  26  5.98597e+07
32  27  9.84463e+07
32  28  5.95676e+07
32  29  9.3637e+07
32  30  8.31179e+07
32  31  7.5624e+07
32  32  8.77826e+07
32  33  7.45597e+07
32  34  7.84741e+07
32  35  8.21935e+07
32  36  7.5495e+07
32  37  7.63007e+07
32  38  7.57989e+07
32  39  9.66556e+07
32  40  6.0984e+07
32  41  7.16807e+07
32  42  6.67483e+07
32  43  6.32867e+07
32  44  6.87015e+07
32  45  7.29524e+07
32  46  5.86786e+07
32  47  6.59402e+07
32  48  5.65044e+07
32  49  7.75141e+07
32  50  6.61027e+07
33  0  2.06907e+08
33  1  1.81169e+08
33  2  1.86355e+08
33  3  1.28257e+08
33  4  1.39766e+08
33  5  1.29018e+08
33  6  1.16032e+08
33  7  1.43016e+08
33  8  1.0326e+08
33  9  1.01951e+08
33  10  1.09019e+08
33  11  9.16116e+07
33  12  9.13095e+07
33  13  8.67308e+07
33  14  6.89675e+07
33  15  8.18278e+07
33  16  7.51073e+07
33  17  9.11176e+07
33  18  8.57225e+07
33  19  6.74119e+07
33  20  7.50718e+07
33  21  8.5652e+07
33  22  6.06611e+07
33  23  8.08993e+07
33  24  9.66139e+07
33  25  6.02395e+07
33  26  5.4354e+07
33  27  8.13241e+07
33  28  7.7523e+07
33  29  7.71102e+07
33  30  6.16964e+07
33  31  9.37173e+07
33  32  7.23226e+07
33  33  8.09085e+07
33  34  7.31356e+07
33  35  5.18259e+07
33  36  8.44179e+07
33  37  7.92146e+07
33  38  8.14032e+07
33  39  1.04104e+08
33  40  5.37625e+07
33  41  4.73116e+07
33  42  5.86995e+07
33  43  6.01946e+07
33  44  7.65163e+07
33  45  6.7355e+07
33  46  6.31351e+07
33  47  4.58874e+07
33  48  6.5891e+07
33  49  6.05264e+07
33  50  6.60242e+07
34  0  1.48102e+08
34  1  1.41819e+08
34  2  1.82147e+08
34  3  1.14757e+08
34  4  1.07234e+08
34  5  1.03057e+08
34  6  1.25457e+08
34  7  1.25718e+08
34  8  9.66458e+07
34  9  9.36379e+07
34  10  1.0835e+08
34  11  1.12841e+08
34  12  9.90295e+07
34  13  6.64631e+07
34  14  7.17236e+07
34  15  7.57398e+07
34  16  8.29046e+07
34  17  6.85433e+07
34  18  8.15956e+07
34  19  7.5945e+07
34  20  7.92148e+07
34  21  1.00118e+08
34  22  6.87329e+07
34  23  6.98685e+07
34  24  8.61468e+07
34  25  7.09205e+07
34  26  7.96632e+07
34  27  7.74959e+07
34  28  6.74329e+07
34  29  7.52214e+07
34  30  7.29066e+07
34  31  7.07706e+07
34  32  7.29154e+07
34  33  7.4725e+07
34  34  6.30048e+07
34  35  8.59162e+07
34  36  7.05321e+07
34  37  7.4301e+07
34  38  7.71742e+07
34  39  1.1431e+08
34  40  8.52305e+07
34  41  5.749e+07
34  42  6.50993e+07
34  43  5.9775e+07
34  44  9.33909e+07
34  45  8.09908e+07
34  46  6.03267e+07
34  47  7.39536e+07
34  48  5.60167e+07
34  49  7.54678e+07
34  50  6.50515e+07
35  0  1.51019e+08
35  1  1.33641e+08
35  2  1.47785e+08
35  3  1.18267e+08
35  4  9.3505e+07
35  5  1.10284e+08
35  6  1.19787e+08
35  7  1.32942e+08
35  8  1.04099e+08
35  9  9.74674e+07
35  10  9.88599e+07
35  11  6.56745e+07
35  12  8.22886e+07
35  13  6.27797e+07
35  14  6.34103e+07
35  15  6.71398e+07
35  16  7.87067e+07
35  17  8.56358e+07
35  18  8.21304e+07
35  19  7.04307e+07
35  20  7.90781e+07
35  21  8.69385e+07
35  22  8.92085e+07
35  23  7.02249e+07
35  24  6.61697e+07
35  25  6.95141e+07
35  26  4.39156e+07
35  27  9.4413e+07
35  28  7.29688e+07
35  29  6.97617e+07
35  30  6.0581e+07
35  31  6.44982e+07
35  32  5.77362e+07
35  33  6.04413e+07
35  34  6.19996e+07
35  35  7.73199e+07
35  36  8.86766e+07
35  37  9.65233e+07
35  38  8.40692e+07
35  39  1.68363e+08
35  40  6.55154e+07
35  41  6.76979e+07
35  42  6.15434e+07
35  43  5.69053e+07
35  44  6.01865e+07
35  45  7.81095e+07
35  46  5.70679e+07
35  47  7.8116e+07
35  48  7.14115e+07
35  49  6.80471e+07
35  50  5.61253e+07
36  0  1.38019e+08
36  1  1.3195e+08
36  2  1.55559e+08
36  3  9.53766e+07
36  4  1.01589e+08
36  5  8.80031e+07
36  6  1.32268e+08
36  7  1.33736e+08
36  8  1.11766e+08
36  9  7.86052e+07
36  10  1.00991e+08
36  11  7.82105e+07
36  12  8.31507e+07
36  13  7.70399e+07
36  14  6.4576e+07
36  15  6.33401e+07
36  16  6.819e+07
36  17  8.18148e+07
36  18  7.44916e+07
36  19  7.59743e+07
36  20  8.65684e+07
36  21  1.08351e+08
36  22  6.23003e+07
36  23  8.01158e+07
36  24  8.23641e+07
36  25  8.93994e+07
36  26  7.43064e+07
36  27  9.32922e+07
36  28  6.75291e+07
36  29  7.3262e+07
36  30  6.95788e+07
36  31  7.20406e+07
36  32  7.78832e+07
36  33  7.64555e+07
36  34  7.21928e+07
36  35  7.34263e+07
36  36  1.02179e+08
36  37  9.32299e+07
36  38  8.4825e+07
36  39  2.04951e+08
36  40  7.91887e+07
36  41  7.58789e+07
36  42  7.33013e+07
36  43  7.54632e+07
36  44  7.39647e+07
36  45  7.9483e+07
36  46  7.75022e+07
36  47  5.58414e+07
36  48  4.62588e+07
36  49  6.37057e+07
36  50  6.30212e+07
37  0  1.14328e+08
37  1  1.35677e+08
37  2  1.35276e+08
37  3  1.00659e+08
37  4  8.48365e+07
37  5  1.26219e+08
37  6  1.25119e+08
37  7  2.4839e+08
37  8  1.10485e+08
37  9  8.76224e+07
37  10  9.22617e+07
37  11  8.46092e+07
37  12  9.91217e+07
37  13  7.26412e+07
37  14  7.77659e+07
37  15  7.89587e+07
37  16  6.36827e+07
37  17  8.75065e+07
37  18  8.66637e+07
37  19  7.62899e+07
37  20  9.38297e+07
37  21  8.80937e+07
37  22  6.33586e+07
37  23  9.50263e+07
37  24  1.0779e+08
37  25  7.07747e+07
37  26  6.29795e+07
37  27  6.52551e+07
37  28  6.37962e+07
37  29  5.88493e+07
37  30  7.78388e+07
37  31  6.35253e+07
37  32  6.33737e+07
37  33  6.80733e+07
37  34  7.39248e+07
37  35  8.17293e+07
37  36  1.23195e+08
37  37  9.84518e+07
37  38  8.69345e+07
37  39  1.73111e+08
37  40  8.03799e+07
37  41  5.51689e+07
37  42  6.82331e+07
37  43  7.11235e+07
37  44  5.95066e+07
37  45  6.19749e+07
37  46  5.4375e+07
37  47  6.0153e+07
37  48  6.87174e+07
37  49  6.90503e+07
37  50  6.14299e+07
38  0  1.30365e+08
38  1  1.30217e+08
38  2  1.35223e+08
38  3  8.47805e+07
38  4  1.08027e+08
38  5  9.04655e+07
38  6  1.09068e+08
38  7  1.43348e+08
38  8  8.40651e+07
38  9  9.28731e+07
38  10  9.15559e+07
38  11  6.67686e+07
38  12  8.42524e+07
38  13  8.7311e+07
38  14  7.17983e+07
38  15  6.26748e+07
38  16  7.27593e+07
38  17  9.3664e+07
38  18  7.48595e+07
38  19  7.46429e+07
38  20  8.08277e+07
38  21  9.76079e+07
38  22  8.72111e+07
38  23  7.25001e+07
38  24  8.93022e+07
38  25  8.18072e+07
38  26  7.49148e+07
38  27  7.68539e+07
38  28  6.5942e+07
38  29  7.92357e+07
38  30  6.91418e+07
38  31  6.14324e+07
38  32  5.33689e+07
38  33  6.98645e+07
38  34  8.10169e+07
38  35  7.57619e+07
38  36  1.27874e+08
38  37  8.99165e+07
38  38  8.82666e+07
38  39  1.21666e+08
38  40  7.36196e+07
38  41  8.41405e+07
38  42  7.67052e+07
38  43  8.96991e+07
38  44  6.14203e+07
38  45  7.83428e+07
38  46  6.61188e+07
38  47  8.61588e+07
38  48  6.18898e+07
38  49  8.66209e+07
38  50  7.3326e+07
39  0  1.23766e+08
39  1  9.55395e+07
39  2  1.24108e+08
39  3  9.87972e+07
39  4  1.02297e+08
39  5  9.76633e+07
39  6  1.07449e+08
39  7  1.58975e+08
39  8  1.02606e+08
39  9  1.02839e+08
39  10  8.70974e+07
39  11  7.80845e+07
39  12  6.73397e+07
39  13  7.57322e+07
39  14  8.13456e+07
39  15  7.83641e+07
39  16  8.86348e+07
39  17  9.98255e+07
39  18  1.14834e+08
39  19  8.84187e+07
39  20  9.60157e+07
39  21  1.01965e+08
39  22  9.67586e+07
39  23  8.81104e+07
39  24  8.73854e+07
39  25  7.83003e+07
39  26  8.0113e+07
39  27  6.50442e+07
39  28  7.17996e+07
39  29  7.58538e+07
39  30  6.02697e+07
39  31  7.18139e+07
39  32  7.5584e+07
39  33  7.61503e+07
39  34  7.42297e+07
39  35  8.06745e+07
39  36  1.04687e+08
39  37  1.02455e+08
39  38  8.39229e+07
39  39  1.11574e+08
39  40  7.78682e+07
39  41  6.02019e+07
39  42  6.85411e+07
39  43  1.02167e+08
39  44  6.91662e+07
39  45  7.26263e+07
39  46  6.17207e+07
39  47  6.78659e+07
39  48  7.05552e+07
39  49  5.75914e+07
39  50  4.69699e+07
40  0  1.19555e+08
40  1  1.05961e+08
40  2  9.76316e+07
40  3  1.05481e+08
40  4  8.53236e+07
40  5  7.93022e+07
40  6  9.83461e+07
40  7  1.20458e+08
40  8  9.18347e+07
40  9  8.28551e+07
40  10  8.58592e+07
40  11  8.58795e+07
40  12  7.53676e+07
40  13  7.51695e+07
40  14  8.6104e+07
40  15  7.6199e+07
40  16  9.6641e+07
40  17  1.10596e+08
40  18  1.00758e+08
40  19  8.90479e+07
40  20  9.75226e+07
40  21  1.04755e+08
40  22  7.91312e+07
40  23  9.36851e+07
40  24  8.42291e+07
40  25  7.96335e+07
40  26  7.61386e+07
40  27  9.21492e+07
40  28  7.40243e+07
40  29  8.7358e+07
40  30  6.54374e+07
40  31  8.01657e+07
40  32  6.26616e+07
40  33  7.88213e+07
40  34  9.78896e+07
40  35  8.82048e+07
40  36  1.27022e+08
40  37  1.14513e+08
40  38  7.17622e+07
40  39  1.1314e+08
40  40  6.99912e+07
40  41  6.7195e+07
40  42  6.97753e+07
40  43  1.16044e+08
40  44  5.38064e+07
40  45  6.62653e+07
40  46  4.61299e+07
40  47  5.91581e+07
40  48  5.68469e+07
40  49  4.60074e+07
40  50  6.68394e+07
41  0  1.14261e+08
41  1  1.00785e+08
41  2  1.0891e+08
41  3  1.00628e+08
41  4  1.0922e+08
41  5  9.07431e+07
41  6  9.83375e+07
41  7  1.14499e+08
41  8  1.08954e+08
41  9  9.57969e+07
41  10  9.22786e+07
41  11  8.49815e+07
41  12  8.83105e+07
41  13  9.32215e+07
41  14  8.27276e+07
41  15  7.84951e+07
41  16  8.07465e+07
41  17  1.30979e+08
41  18  9.39559e+07
41  19  1.02647e+08
41  20  1.03251e+08
41  21  8.88508e+07
41  22  8.11346e+07
41  23  8.00039e+07
41  24  8.02795e+07
41  25  9.38904e+07
41  26  6.97135e+07
41  27  7.19743e+07
41  28  6.8376e+07
41  29  7.5358e+07
41  30  8.58722e+07
41  31  6.96857e+07
41  32  7.49133e+07
41  33  7.01103e+07
41  34  7.26697e+07
41  35  1.14445e+08
41  36  2.03406e+08
41  37  7.67279e+07
41  38  8.58631e+07
41  39  8.50852e+07
41  40  6.81638e+07
41  41  6.49941e+07
41  42  8.5677e+07
41  43  8.38666e+07
41  44  6.07357e+07
41  45  7.6743e+07
41  46  6.71834e+07
41  47  6.58665e+07
41  48  7.16655e+07
41  49  8.82317e+07
41  50  7.06174e+07
42  0  1.16593e+08
42  1  1.03875e+08
42  2  1.03772e+08
42  3  9.10369e+07
42  4  8.10128e+07
42  5  9.8186e+07
42  6  9.34371e+07
42  7  1.10187e+08
42  8  8.58537e+07
42  9  8.71354e+07
42  10  9.00184e+07
42  11  8.52574e+07
42  12  8.25028e+07
42  13  8.71855e+07
42  14  9.79703e+07
42  15  8.63515e+07
42  16  8.87915e+07
42  17  1.27701e+08
42  18  1.08438e+08
42  19  9.64796e+07
42  20  1.43224e+08
42  21  9.47955e+07
42  22  9.52183e+07
42  23  7.15929e+07
42  24  7.4095e+07
42  25  5.70934e+07
42  26  7.54389e+07
42  27  1.0419e+08
42  28  7.87742e+07
42  29  7.50554e+07
42  30  6.67136e+07
42  31  6.02807e+07
42  32  6.24971e+07
42  33  7.78247e+07
42  34  7.90421e+07
42  35  1.01117e+08
42  36  2.52099e+08
42  37  1.17092e+08
42  38  9.7377e+07
42  39  8.90269e+07
42  40  7.4067e+07
42  41  6.66717e+07
42  42  5.4929e+07
42  43  9.18131e+07
42  44  7.35205e+07
42  45  6.59703e+07
42  46  5.14184e+07
42  47  8.5771e+07
42  48  6.70816e+07
42  49  6.17456e+07
42  50  7.22952e+07
43  0  1.1398e+08
43  1  1.13974e+08
43  2  1.15598e+08
43  3  9.11464e+07
43  4  8.88702e+07
43  5  1.11858e+08
43  6  9.27669e+07
43  7  9.61267e+07
43  8  8.81431e+07
43  9  9.3645e+07
43  10  8.65697e+07
43  11  1.05049e+08
43  12  8.63831e+07
43  13  1.05643e+08
43  14  1.26598e+08
43  15  8.21652e+07
43  16  1.0011e+08
43  17  1.92718e+08
43  18  1.01317e+08
43  19  9.79134e+07
43  20  1.0928e+08
43  21  9.21037e+07
43  22  7.92873e+07
43  23  8.48945e+07
43  24  7.06977e+07
43  25  7.15789e+07
43  26  8.46171e+07
43  27  8.65064e+07
43  28  6.9403e+07
43  29  6.77478e+07
43  30  8.61711e+07
43  31  8.12931e+07
43  32  5.82817e+07
43  33  8.49555e+07
43  34  8.93399e+07
43  35  1.04588e+08
43  36  4.15227e+08
43  37  8.36629e+07
43  38  8.42109e+07
43  39  8.87884e+07
43  40  6.88318e+07
43  41  7.11608e+07
43  42  6.29973e+07
43  43  4.9557e+07
43  44  6.45233e+07
43  45  6.85554e+07
43  46  5.92071e+07
43  47  8.44377e+07
43  48  7.69658e+07
43  49  5.89579e+07
43  50  6.29075e+07
44  0  1.33985e+08
44  1  8.47281e+07
44  2  8.52994e+07
44  3  9.07491e+07
44  4  1.07405e+08
44  5  7.4132e+07
44  6  1.01974e+08
44  7  8.62502e+07
44  8  8.52858e+07
44  9  7.95165e+07
44  10  1.0174e+08
44  11  9.05807e+07
44  12  8.06578e+07
44  13  9.68689e+07
44  14  1.21058e+08
44  15  7.15238e+07
44  16  1.15527e+08
44  17  2.30907e+08
44  18  1.27279e+08
44  19  1.1511e+08
44  20  1.59116e+08
44  21  9.42964e+07
44  22  1.03477e+08
44  23  7.38179e+07
44  24  8.29159e+07
44  25  6.74596e+07
44  26  9.22686e+07
44  27  8.17661e+07
44  28  6.94851e+07
44  29  6.67662e+07
44  30  8.33262e+07
44  31  8.39891e+07
44  32  6.05147e+07
44  33  7.52269e+07
44  34  7.93306e+07
44  35  8.59498e+07
44  36  1.74011e+08
44  37  1.14419e+08
44  38  8.44704e+07
44  39  7.22524e+07
44  40  6.38799e+07
44  41  7.46899e+07
44  42  7.34588e+07
44  43  7.33998e+07
44  44  6.83443e+07
44  45  5.10974e+07
44  46  8.3113e+07
44  47  7.21926e+07
44  48  6.52864e+07
44  49  6.90764e+07
44  50  5.86202e+07
45  0  9.3675e+07
45  1  1.00109e+08
45  2  1.00049e+08
45  3  9.0177e+07
45  4  7.90228e+07
45  5  8.12437e+07
45  6  8.6672e+07
45  7  1.16099e+08
45  8  1.11931e+08
45  9  1.14854e+08
45  10  1.03983e+08
45  11  8.98262e+07
45  12  1.11057e+08
45  13  1.04294e+08
45  14  1.40728e+08
45  15  7.66431e+07
45  16  1.12576e+08
45  17  2.90201e+08
45  18  9.60658e+07
45  19  1.14873e+08
45  20  1.73019e+08
45  21  9.92094e+07
45  22  8.04089e+07
45  23  8.55541e+07
45  24  8.36005e+07
45  25  7.85641e+07
45  26  8.37846e+07
45  27  8.47922e+07
45  28  8.98213e+07
45  29  7.45538e+07
45  30  7.45191e+07
45  31  7.51659e+07
45  32  7.01034e+07
45  33  7.93671e+07
45  34  6.51697e+07
45  35  1.11362e+08
45  36  1.46347e+08
45  37  1.05301e+08
45  38  8.33933e+07
45  39  8.10241e+07
45  40  6.17127e+07
45  41  5.82013e+07
45  42  5.7327e+07
45  43  7.17747e+07
45  44  4.76415e+07
45  45  5.47525e+07
45  46  7.23802e+07
45  47  7.7888e+07
45  48  6.50288e+07
45  49  8.2888e+07
45  50  6.41576e+07
46  0  1.0373e+08
46  1  1.04512e+08
46  2  8.61806e+07
46  3  9.80745e+07
46  4  9.07575e+07
46  5  8.13129e+07
46  6  9.99656e+07
46  7  9.43957e+07
46  8  9.3437e+07
46  9  1.14097e+08
46  10  8.22814e+07
46  11  8.77936e+07
46  12  1.137e+08
46  13  1.05944e+08
46  14  1.15545e+08
46  15  9.83853e+07
46  16  1.00046e+08
46  17  3.03584e+08
46  18  1.60565e+08
46  19  1.18637e+08
46  20  2.24266e+08
46  21  1.21508e+08
46  22  9.00035e+07
46  23  6.0957e+07
46  24  7.32758e+07
46  25  7.09458e+07
46  26  8.33064e+07
46  27  7.56895e+07
46  28  7.62191e+07
46  29  7.89165e+07
46  30  8.01532e+07
46  31  5.33589e+07
46  32  7.68343e+07
46  33  7.20024e+07
46  34  7.22667e+07
46  35  8.39213e+07
46  36  1.21194e+08
46  37  1.12204e+08
46  38  9.71997e+07
46  39  8.64019e+07
46  40  8.1509e+07
46  41  7.40701e+07
46  42  4.25651e+07
46  43  6.50421e+07
46  44  5.97286e+07
46  45  6.43179e+07
46  46  6.89317e+07
46  47  6.83221e+07
46  48  6.2022e+07
46  49  7.47926e+07
46  50  6.10572e+07
47  0  1.13942e+08
47  1  1.02826e+08
47  2  1.11323e+08
47  3  8.95371e+07
47  4  8.26611e+07
47  5  9.28452e+07
47  6  9.81572e+07
47  7  9.36042e+07
47  8  9.04739e+07
47  9  1.14937e+08
47  10  9.30369e+07
47  11  9.70283e+07
47  12  1.07739e+08
47  13  1.05078e+08
47  14  9.92348e+07
47  15  9.09323e+07
47  16  1.02044e+08
47  17  4.84639e+08
47  18  1.56307e+08
47  19  1.2772e+08
47  20  3.17089e+08
47  21  1.2897e+08
47  22  1.01276e+08
47  23  8.26299e+07
47  24  7.445e+07
47  25  7.11224e+07
47  26  7.25592e+07
47  27  7.45603e+07
47  28  5.97981e+07
47  29  7.19164e+07
47  30  6.92652e+07
47  31  6.07877e+07
47  32  7.10236e+07
47  33  6.23084e+07
47  34  7.56514e+07
47  35  9.40505e+07
47  36  1.2601e+08
47  37  7.40497e+07
47  38  6.88695e+07
47  39  6.47081e+07
47  40  7.00993e+07
47  41  5.34339e+07
47  42  7.46152e+07
47  43  7.76848e+07
47  44  5.67095e+07
47  45  5.85531e+07
47  46  6.89482e+07
47  47  6.16908e+07
47  48  7.7429e+07
47  49  9.01283e+07
47  50  6.1035e+07
48  0  1.03091e+08
48  1  1.04868e+08
48  2  9.22589e+07
48  3  8.97036e+07
48  4  9.51225e+07
48  5  1.10645e+08
48  6  9.58756e+07
48  7  1.08352e+08
48  8  8.55319e+07
48  9  1.43066e+08
48  10  8.94358e+07
48  11  9.3885e+07
48  12  9.70228e+07
48  13  1.03723e+08
48  14  1.32882e+08
48  15  8.99137e+07
48  16  1.15802e+08
48  17  4.06031e+08
48  18  1.74013e+08
48  19  1.25937e+08
48  20  2.82972e+08
48  21  1.31438e+08
48  22  1.11221e+08
48  23  8.16051e+07
48  24  8.42156e+07
48  25  9.65712e+07
48  26  6.47232e+07
48  27  8.97033e+07
48  28  8.49937e+07
48  29  7.82677e+07
48  30  7.39026e+07
48  31  7.55154e+07
48  32  7.56591e+07
48  33  7.17734e+07
48  34  6.51307e+07
48  35  7.38288e+07
48  36  8.81635e+07
48  37  8.92734e+07
48  38  7.13065e+07
48  39  8.03319e+07
48  40  7.10237e+07
48  41  5.58623e+07
48  42  7.10568e+07
48  43  7.68524e+07
48  44  6.04072e+07
48  45  6.88439e+07
48  46  6.74806e+07
48  47  5.91406e+07
48  48  6.73804e+07
48  49  5.91982e+07
48  50  7.03825e+07
49  0  1.06428e+08
49  1  8.26185e+07
49  2  9.53516e+07
49  3  8.00947e+07
49  4  9.62109e+07
49  5  1.09496e+08
49  6  1.06585e+08
49  7  1.05002e+08
49  8  1.07946e+08
49  9  1.21638e+08
49  10  7.55853e+07
49  11  7.90216e+07
49  12  8.33152e+07
49  13  9.7403e+07
49  14  1.14076e+08
49  15  1.1701e+08
49  16  1.22132e+08
49  17  2.99048e+08
49  18  1.29522e+08
49  19  1.09178e+08
49  20  1.95424e+08
49  21  1.16722e+08
49  22  8.7453e+07
49  23  7.69916e+07
49  24  9.0695e+07
49  25  9.06832e+07
49  26  8.845e+07
49  27  9.80029e+07
49  28  6.36092e+07
49  29  8.61135e+07
49  30  8.35652e+07
49  31  6.17355e+07
49  32  6.80649e+07
49  33  6.55932e+07
49  34  7.15025e+07
49  35  8.08327e+07
49  36  9.34943e+07
49  37  7.49086e+07
49  38  7.31375e+07
49  39  6.9421e+07
49  40  6.83984e+07
49  41  6.69119e+07
49  42  7.02285e+07
49  43  8.03069e+07
49  44  6.30983e+07
49  45  7.07758e+07
49  46  6.79739e+07
49  47  6.10347e+07
49  48  5.85297e+07
49  49  8.04875e+07
49  50  5.33801e+07
50  0  9.87903e+07
50  1  9.29633e+07
50  2  1.17414e+08
50  3  1.32925e+08
50  4  1.0496e+08
50  5  8.60653e+07
50  6  8.08692e+07
50  7  1.36653e+08
50  8  1.07089e+08
50  9  1.16651e+08
50  10  8.31036e+07
50  11  8.43447e+07
50  12  8.7094e+07
50  13  1.01302e+08
50  14  8.3467e+07
50  15  9.24546e+07
50  16  1.07485e+08
50  17  2.17339e+08
50  18  1.26308e+08
50  19  1.0105e+08
50  20  1.47589e+08
50  21  1.06427e+08
50  22  9.21774e+07
50  23  8.26232e+07
50  24  1.07296e+08
50  25  9.21101e+07
50  26  8.52648e+07
50  27  7.14804e+07
50  28  6.35744e+07
50  29  6.79535e+07
50  30  7.76559e+07
50  31  6.87892e+07
50  32  4.91365e+07
50  33  6.81516e+07
50  34  6.47014e+07
50  35  6.72504e+07
50  36  7.91715e+07
50  37  7.10216e+07
50  38  8.03796e+07
50  39  5.82247e+07
50  40  7.16145e+07
50  41  9.10992e+07
50  42  7.90851e+07
50  43  7.24783e+07
50  44  6.53846e+07
50  45  6.49712e+07
50  46  7.29647e+07
50  47  6.8453e+07
50  48  5.92102e+07
50  49  6.85326e+07
50  50  6.93437e+07

