row  column  (images_29.edf Ca-K*images_29.edf Ar-K**2.3)
0  0  3.54904e+07
0  1  5.24277e+07
0  2  6.16746e+07
0  3  8.9794e+07
0  4  9.87326e+07
0  5  1.11168e+08
0  6  1.77206e+08
0  7  2.14545e+08
0  8  2.53205e+08
0  9  3.44142e+08
0  10  4.82246e+08
0  11  6.97973e+08
0  12  8.63288e+08
0  13  9.49236e+08
0  14  9.41619e+08
0  15  8.52419e+08
0  16  8.45346e+08
0  17  8.61471e+08
0  18  8.71596e+08
0  19  9.49663e+08
0  20  9.52773e+08
0  21  9.03328e+08
0  22  8.2426e+08
0  23  7.88286e+08
0  24  7.57563e+08
0  25  7.93433e+08
0  26  7.27327e+08
0  27  6.96334e+08
0  28  6.6134e+08
0  29  7.51213e+08
0  30  6.28514e+08
0  31  5.73257e+08
0  32  6.28343e+08
0  33  6.55876e+08
0  34  5.78969e+08
0  35  6.05109e+08
0  36  6.37553e+08
0  37  6.31339e+08
0  38  6.37367e+08
0  39  5.49176e+08
0  40  6.0964e+08
0  41  5.94421e+08
0  42  6.82078e+08
0  43  6.61535e+08
0  44  6.36845e+08
0  45  6.61562e+08
0  46  6.08431e+08
0  47  7.16926e+08
0  48  7.88886e+08
0  49  8.63841e+08
0  50  7.10267e+08
1  0  4.89382e+07
1  1  6.60995e+07
1  2  7.59695e+07
1  3  8.18173e+07
1  4  1.14552e+08
1  5  1.37023e+08
1  6  1.83333e+08
1  7  2.29894e+08
1  8  2.81776e+08
1  9  3.59097e+08
1  10  5.42344e+08
1  11  7.1057e+08
1  12  9.13382e+08
1  13  9.67934e+08
1  14  9.15785e+08
1  15  8.70813e+08
1  16  9.66052e+08
1  17  8.51441e+08
1  18  8.65168e+08
1  19  9.1275e+08
1  20  9.59848e+08
1  21  8.43719e+08
1  22  7.68456e+08
1  23  7.50587e+08
1  24  6.75523e+08
1  25  7.15211e+08
1  26  6.92906e+08
1  27  7.01865e+08
1  28  7.03724e+08
1  29  7.7142e+08
1  30  5.59916e+08
1  31  6.11783e+08
1  32  5.77959e+08
1  33  5.9963e+08
1  34  6.44189e+08
1  35  6.01848e+08
1  36  6.54207e+08
1  37  5.65418e+08
1  38  5.78819e+08
1  39  6.55715e+08
1  40  6.15465e+08
1  41  6.13218e+08
1  42  6.05453e+08
1  43  6.25504e+08
1  44  6.17774e+08
1  45  5.93003e+08
1  46  6.72975e+08
1  47  7.54887e+08
1  48  7.95168e+08
1  49  8.0248e+08
1  50  6.83322e+08
2  0  4.03757e+07
2  1  5.81535e+07
2  2  8.11632e+07
2  3  7.88803e+07
2  4  1.04935e+08
2  5  1.60397e+08
2  6  2.13072e+08
2  7  2.4993e+08
2  8  3.3751e+08
2  9  3.86589e+08
2  10  4.97254e+08
2  11  6.93121e+08
2  12  8.93575e+08
2  13  9.80232e+08
2  14  8.76323e+08
2  15  9.27674e+08
2  16  8.22679e+08
2  17  9.46198e+08
2  18  1.01075e+09
2  19  9.72587e+08
2  20  8.84989e+08
2  21  8.10704e+08
2  22  7.90544e+08
2  23  7.29514e+08
2  24  6.50492e+08
2  25  6.57642e+08
2  26  7.42438e+08
2  27  6.93205e+08
2  28  5.84276e+08
2  29  6.42516e+08
2  30  6.35006e+08
2  31  6.05464e+08
2  32  5.34602e+08
2  33  5.58167e+08
2  34  5.67124e+08
2  35  5.95326e+08
2  36  6.15985e+08
2  37  5.6457e+08
2  38  5.42366e+08
2  39  5.71875e+08
2  40  5.66986e+08
2  41  6.14904e+08
2  42  5.61828e+08
2  43  6.20423e+08
2  44  5.88882e+08
2  45  6.0637e+08
2  46  6.10495e+08
2  47  7.39066e+08
2  48  7.16385e+08
2  49  7.4377e+08
2  50  6.74182e+08
3  0  6.12713e+07
3  1  6.89783e+07
3  2  9.47716e+07
3  3  9.1331e+07
3  4  1.28104e+08
3  5  1.57226e+08
3  6  2.38743e+08
3  7  2.81124e+08
3  8  3.49887e+08
3  9  4.35164e+08
3  10  4.77801e+08
3  11  6.65926e+08
3  12  8.61739e+08
3  13  9.68686e+08
3  14  9.13472e+08
3  15  9.27862e+08
3  16  8.44788e+08
3  17  9.40345e+08
3  18  9.2957e+08
3  19  8.81127e+08
3  20  8.62835e+08
3  21  7.68819e+08
3  22  7.51461e+08
3  23  6.6381e+08
3  24  6.26264e+08
3  25  7.71711e+08
3  26  6.81474e+08
3  27  6.19257e+08
3  28  5.97899e+08
3  29  5.82231e+08
3  30  5.34734e+08
3  31  5.91032e+08
3  32  5.63739e+08
3  33  6.12282e+08
3  34  5.97291e+08
3  35  5.81242e+08
3  36  5.80321e+08
3  37  5.89699e+08
3  38  6.56054e+08
3  39  5.71327e+08
3  40  6.37866e+08
3  41  6.0405e+08
3  42  6.29037e+08
3  43  5.85788e+08
3  44  6.08674e+08
3  45  5.55822e+08
3  46  6.23734e+08
3  47  7.42971e+08
3  48  6.40255e+08
3  49  7.23595e+08
3  50  5.902e+08
4  0  5.23903e+07
4  1  5.64585e+07
4  2  9.20223e+07
4  3  9.47768e+07
4  4  1.09313e+08
4  5  1.78599e+08
4  6  2.66972e+08
4  7  2.84356e+08
4  8  3.81556e+08
4  9  4.88005e+08
4  10  5.24423e+08
4  11  6.108e+08
4  12  8.2379e+08
4  13  9.10246e+08
4  14  8.50702e+08
4  15  9.5817e+08
4  16  8.91139e+08
4  17  8.74424e+08
4  18  8.76159e+08
4  19  9.5013e+08
4  20  8.26632e+08
4  21  7.93373e+08
4  22  7.18599e+08
4  23  7.58799e+08
4  24  6.29102e+08
4  25  6.22866e+08
4  26  6.47479e+08
4  27  5.95024e+08
4  28  6.53715e+08
4  29  5.47634e+08
4  30  6.03995e+08
4  31  5.47516e+08
4  32  5.59739e+08
4  33  5.81105e+08
4  34  4.95874e+08
4  35  5.94536e+08
4  36  5.50127e+08
4  37  5.98866e+08
4  38  5.82001e+08
4  39  5.77152e+08
4  40  6.75652e+08
4  41  6.59313e+08
4  42  5.82518e+08
4  43  6.27599e+08
4  44  6.34285e+08
4  45  5.84032e+08
4  46  5.74513e+08
4  47  6.97572e+08
4  48  6.9508e+08
4  49  6.73295e+08
4  50  6.19014e+08
5  0  6.14039e+07
5  1  7.44088e+07
5  2  7.7059e+07
5  3  1.19266e+08
5  4  1.62529e+08
5  5  2.50078e+08
5  6  3.43808e+08
5  7  3.65191e+08
5  8  4.42093e+08
5  9  5.25362e+08
5  10  5.56547e+08
5  11  6.41949e+08
5  12  9.9728e+08
5  13  9.95054e+08
5  14  9.03013e+08
5  15  9.07941e+08
5  16  8.99385e+08
5  17  8.96959e+08
5  18  9.69158e+08
5  19  8.72976e+08
5  20  8.25513e+08
5  21  7.96665e+08
5  22  7.0394e+08
5  23  5.93288e+08
5  24  6.3139e+08
5  25  6.13387e+08
5  26  6.21726e+08
5  27  6.15497e+08
5  28  5.99921e+08
5  29  5.25721e+08
5  30  5.63821e+08
5  31  5.5467e+08
5  32  5.78531e+08
5  33  5.66512e+08
5  34  5.08745e+08
5  35  6.11945e+08
5  36  5.49766e+08
5  37  6.63846e+08
5  38  5.33554e+08
5  39  6.01596e+08
5  40  6.92404e+08
5  41  6.32494e+08
5  42  5.96826e+08
5  43  6.81162e+08
5  44  5.47733e+08
5  45  6.96987e+08
5  46  6.12755e+08
5  47  6.19441e+08
5  48  6.86808e+08
5  49  6.86867e+08
5  50  5.20846e+08
6  0  7.04537e+07
6  1  8.39518e+07
6  2  1.02716e+08
6  3  1.43578e+08
6  4  1.54885e+08
6  5  2.82715e+08
6  6  4.63735e+08
6  7  3.81112e+08
6  8  4.34543e+08
6  9  5.46457e+08
6  10  5.87384e+08
6  11  7.36933e+08
6  12  1.00051e+09
6  13  1.13332e+09
6  14  1.02093e+09
6  15  8.75728e+08
6  16  8.81177e+08
6  17  1.03458e+09
6  18  8.70483e+08
6  19  8.49711e+08
6  20  8.85478e+08
6  21  8.22598e+08
6  22  6.82485e+08
6  23  5.7856e+08
6  24  6.17571e+08
6  25  6.49782e+08
6  26  6.2677e+08
6  27  5.20855e+08
6  28  5.31786e+08
6  29  5.44556e+08
6  30  5.23084e+08
6  31  5.63669e+08
6  32  5.61877e+08
6  33  4.87571e+08
6  34  5.59966e+08
6  35  5.84175e+08
6  36  5.98845e+08
6  37  5.93195e+08
6  38  6.03343e+08
6  39  5.86353e+08
6  40  6.15072e+08
6  41  5.80081e+08
6  42  6.21362e+08
6  43  5.80896e+08
6  44  6.18218e+08
6  45  5.43884e+08
6  46  5.7606e+08
6  47  6.76248e+08
6  48  6.31982e+08
6  49  5.83325e+08
6  50  4.9729e+08
7  0  6.90548e+07
7  1  8.88851e+07
7  2  1.15718e+08
7  3  1.28897e+08
7  4  1.91557e+08
7  5  3.21513e+08
7  6  4.19533e+08
7  7  4.24482e+08
7  8  4.26913e+08
7  9  5.5577e+08
7  10  5.96939e+08
7  11  8.81374e+08
7  12  1.02598e+09
7  13  1.11888e+09
7  14  9.64639e+08
7  15  8.35628e+08
7  16  9.78037e+08
7  17  9.28803e+08
7  18  9.55288e+08
7  19  8.32432e+08
7  20  8.37486e+08
7  21  7.01818e+08
7  22  7.39174e+08
7  23  6.89767e+08
7  24  5.74436e+08
7  25  5.47518e+08
7  26  5.71912e+08
7  27  5.86996e+08
7  28  6.0477e+08
7  29  5.50175e+08
7  30  5.16329e+08
7  31  5.42035e+08
7  32  5.47595e+08
7  33  6.02755e+08
7  34  5.47415e+08
7  35  5.38165e+08
7  36  5.29297e+08
7  37  6.44763e+08
7  38  5.67275e+08
7  39  5.53681e+08
7  40  5.29655e+08
7  41  5.81569e+08
7  42  6.14569e+08
7  43  6.6491e+08
7  44  6.10885e+08
7  45  5.64698e+08
7  46  6.45277e+08
7  47  6.56679e+08
7  48  5.79271e+08
7  49  5.50104e+08
7  50  4.65904e+08
8  0  9.26208e+07
8  1  1.03766e+08
8  2  1.1868e+08
8  3  1.39843e+08
8  4  2.39715e+08
8  5  3.23027e+08
8  6  4.06977e+08
8  7  4.25061e+08
8  8  4.98553e+08
8  9  5.64229e+08
8  10  7.05515e+08
8  11  9.3386e+08
8  12  8.95517e+08
8  13  9.86394e+08
8  14  1.01145e+09
8  15  8.6747e+08
8  16  1.03102e+09
8  17  9.29241e+08
8  18  8.94983e+08
8  19  9.44874e+08
8  20  8.07955e+08
8  21  7.80434e+08
8  22  7.01426e+08
8  23  6.6424e+08
8  24  5.60679e+08
8  25  6.41744e+08
8  26  5.29447e+08
8  27  5.16401e+08
8  28  6.34494e+08
8  29  5.40473e+08
8  30  5.30133e+08
8  31  4.85275e+08
8  32  5.96828e+08
8  33  5.67965e+08
8  34  5.96581e+08
8  35  5.65807e+08
8  36  5.37092e+08
8  37  5.94304e+08
8  38  5.84915e+08
8  39  5.5277e+08
8  40  5.68739e+08
8  41  5.89678e+08
8  42  5.63981e+08
8  43  6.57409e+08
8  44  6.00678e+08
8  45  5.40817e+08
8  46  6.21246e+08
8  47  5.62909e+08
8  48  5.98343e+08
8  49  6.20975e+08
8  50  4.5756e+08
9  0  1.01601e+08
9  1  1.01284e+08
9  2  1.16543e+08
9  3  1.80998e+08
9  4  2.50746e+08
9  5  3.97574e+08
9  6  4.83039e+08
9  7  3.87988e+08
9  8  4.99124e+08
9  9  5.96625e+08
9  10  7.26144e+08
9  11  8.62649e+08
9  12  9.82595e+08
9  13  8.97985e+08
9  14  1.03659e+09
9  15  8.79892e+08
9  16  9.7348e+08
9  17  1.00246e+09
9  18  1.03072e+09
9  19  8.91014e+08
9  20  9.2457e+08
9  21  7.23819e+08
9  22  6.79768e+08
9  23  6.46571e+08
9  24  6.32047e+08
9  25  5.80326e+08
9  26  5.78478e+08
9  27  5.49834e+08
9  28  6.11153e+08
9  29  5.6698e+08
9  30  5.31721e+08
9  31  5.34621e+08
9  32  4.65445e+08
9  33  5.32036e+08
9  34  5.05172e+08
9  35  5.36249e+08
9  36  4.72954e+08
9  37  6.66158e+08
9  38  5.77249e+08
9  39  6.35803e+08
9  40  5.13749e+08
9  41  6.0648e+08
9  42  5.9026e+08
9  43  6.6636e+08
9  44  5.93441e+08
9  45  5.29064e+08
9  46  4.99076e+08
9  47  6.68632e+08
9  48  5.41165e+08
9  49  5.29613e+08
9  50  4.76896e+08
10  0  9.05388e+07
10  1  1.16933e+08
10  2  1.54323e+08
10  3  2.17165e+08
10  4  2.58735e+08
10  5  4.57419e+08
10  6  5.22797e+08
10  7  3.97297e+08
10  8  5.60875e+08
10  9  7.03619e+08
10  10  7.20853e+08
10  11  8.64502e+08
10  12  9.40313e+08
10  13  9.67635e+08
10  14  9.7849e+08
10  15  9.02995e+08
10  16  9.92964e+08
10  17  9.4479e+08
10  18  9.40041e+08
10  19  8.48017e+08
10  20  8.43017e+08
10  21  7.68819e+08
10  22  6.227e+08
10  23  7.26725e+08
10  24  5.89426e+08
10  25  6.01021e+08
10  26  5.79342e+08
10  27  5.50319e+08
10  28  5.30463e+08
10  29  5.69226e+08
10  30  5.07062e+08
10  31  4.76413e+08
10  32  5.36627e+08
10  33  4.88996e+08
10  34  4.92902e+08
10  35  5.07778e+08
10  36  5.39439e+08
10  37  5.62212e+08
10  38  5.86396e+08
10  39  5.63185e+08
10  40  5.50617e+08
10  41  5.75887e+08
10  42  6.35096e+08
10  43  5.6344e+08
10  44  6.53537e+08
10  45  5.81492e+08
10  46  5.89912e+08
10  47  5.97325e+08
10  48  5.37279e+08
10  49  5.03877e+08
10  50  5.47184e+08
11  0  9.82442e+07
11  1  1.48677e+08
11  2  1.74855e+08
11  3  2.38178e+08
11  4  3.29489e+08
11  5  4.42395e+08
11  6  4.41051e+08
11  7  4.72871e+08
11  8  6.33358e+08
11  9  7.14613e+08
11  10  7.65905e+08
11  11  8.73961e+08
11  12  1.03108e+09
11  13  1.03012e+09
11  14  8.75119e+08
11  15  8.65094e+08
11  16  8.20594e+08
11  17  8.11903e+08
11  18  8.07423e+08
11  19  7.95066e+08
11  20  8.13156e+08
11  21  6.69745e+08
11  22  7.08377e+08
11  23  6.21791e+08
11  24  5.92929e+08
11  25  5.85537e+08
11  26  6.14274e+08
11  27  5.09928e+08
11  28  4.97692e+08
11  29  5.11074e+08
11  30  5.13065e+08
11  31  5.35121e+08
11  32  5.21013e+08
11  33  4.91517e+08
11  34  4.47895e+08
11  35  4.98523e+08
11  36  5.14071e+08
11  37  6.04686e+08
11  38  5.20685e+08
11  39  5.78929e+08
11  40  5.43454e+08
11  41  6.47625e+08
11  42  5.87828e+08
11  43  6.48612e+08
11  44  6.03649e+08
11  45  6.03939e+08
11  46  5.79587e+08
11  47  5.30546e+08
11  48  5.16317e+08
11  49  4.99166e+08
11  50  4.93133e+08
12  0  1.19591e+08
12  1  1.61691e+08
12  2  2.06171e+08
12  3  2.43982e+08
12  4  3.69891e+08
12  5  4.48586e+08
12  6  5.16512e+08
12  7  5.35508e+08
12  8  6.25584e+08
12  9  6.58897e+08
12  10  9.65716e+08
12  11  9.36661e+08
12  12  1.06682e+09
12  13  1.0157e+09
12  14  9.30054e+08
12  15  9.78227e+08
12  16  9.82643e+08
12  17  9.1296e+08
12  18  8.60826e+08
12  19  8.10051e+08
12  20  7.49744e+08
12  21  7.41686e+08
12  22  6.4227e+08
12  23  7.34076e+08
12  24  5.69715e+08
12  25  5.64399e+08
12  26  5.49027e+08
12  27  4.84629e+08
12  28  4.8727e+08
12  29  5.35681e+08
12  30  4.61693e+08
12  31  4.78358e+08
12  32  5.32927e+08
12  33  4.97431e+08
12  34  4.87157e+08
12  35  5.61353e+08
12  36  5.42564e+08
12  37  6.5486e+08
12  38  5.99806e+08
12  39  5.66754e+08
12  40  5.33272e+08
12  41  5.51407e+08
12  42  5.96008e+08
12  43  6.46135e+08
12  44  6.00888e+08
12  45  6.08323e+08
12  46  5.54062e+08
12  47  6.06217e+08
12  48  4.93383e+08
12  49  4.78697e+08
12  50  4.82092e+08
13  0  1.39128e+08
13  1  1.79223e+08
13  2  2.59645e+08
13  3  3.06682e+08
13  4  4.36233e+08
13  5  5.0982e+08
13  6  5.00987e+08
13  7  6.23018e+08
13  8  7.42334e+08
13  9  8.19879e+08
13  10  9.4594e+08
13  11  8.74593e+08
13  12  8.90433e+08
13  13  1.01522e+09
13  14  9.44118e+08
13  15  9.3475e+08
13  16  9.01876e+08
13  17  8.88343e+08
13  18  8.0894e+08
13  19  7.35453e+08
13  20  7.50358e+08
13  21  7.75727e+08
13  22  6.69188e+08
13  23  6.68464e+08
13  24  5.57819e+08
13  25  6.42642e+08
13  26  5.84683e+08
13  27  5.35265e+08
13  28  5.51792e+08
13  29  5.38127e+08
13  30  5.46175e+08
13  31  5.27487e+08
13  32  4.87652e+08
13  33  4.95317e+08
13  34  4.94421e+08
13  35  4.20738e+08
13  36  4.58449e+08
13  37  5.35829e+08
13  38  5.21913e+08
13  39  4.82463e+08
13  40  5.57431e+08
13  41  6.1517e+08
13  42  5.87898e+08
13  43  6.44759e+08
13  44  5.90187e+08
13  45  6.2164e+08
13  46  5.75673e+08
13  47  5.72627e+08
13  48  5.285e+08
13  49  5.09319e+08
13  50  4.39146e+08
14  0  1.45962e+08
14  1  2.18137e+08
14  2  2.87671e+08
14  3  3.37365e+08
14  4  4.31365e+08
14  5  6.19442e+08
14  6  5.85045e+08
14  7  6.16508e+08
14  8  7.43853e+08
14  9  7.40604e+08
14  10  8.63808e+08
14  11  9.60062e+08
14  12  1.01992e+09
14  13  9.6998e+08
14  14  1.02211e+09
14  15  9.85251e+08
14  16  9.2685e+08
14  17  7.96554e+08
14  18  7.65957e+08
14  19  7.19581e+08
14  20  6.4928e+08
14  21  7.25316e+08
14  22  6.41013e+08
14  23  6.5714e+08
14  24  5.49324e+08
14  25  5.46911e+08
14  26  5.44012e+08
14  27  5.39454e+08
14  28  5.17965e+08
14  29  5.22919e+08
14  30  4.76217e+08
14  31  5.04984e+08
14  32  4.8433e+08
14  33  4.51999e+08
14  34  4.75943e+08
14  35  4.63355e+08
14  36  4.54252e+08
14  37  5.43452e+08
14  38  6.11172e+08
14  39  6.1025e+08
14  40  5.77574e+08
14  41  5.54519e+08
14  42  6.4009e+08
14  43  5.76852e+08
14  44  5.75978e+08
14  45  5.45822e+08
14  46  5.96864e+08
14  47  5.61047e+08
14  48  5.02853e+08
14  49  4.69063e+08
14  50  5.2866e+08
15  0  1.69131e+08
15  1  2.33193e+08
15  2  2.6987e+08
15  3  3.865e+08
15  4  4.39212e+08
15  5  5.30516e+08
15  6  5.66115e+08
15  7  7.50962e+08
15  8  7.74935e+08
15  9  7.81395e+08
15  10  8.77936e+08
15  11  9.77975e+08
15  12  9.19006e+08
15  13  1.03387e+09
15  14  9.35332e+08
15  15  8.70077e+08
15  16  8.90467e+08
15  17  7.28812e+08
15  18  8.00531e+08
15  19  6.97798e+08
15  20  6.78458e+08
15  21  6.43983e+08
15  22  7.21944e+08
15  23  6.23536e+08
15  24  5.61532e+08
15  25  5.63764e+08
15  26  6.32309e+08
15  27  5.01391e+08
15  28  5.13305e+08
15  29  4.32897e+08
15  30  5.34105e+08
15  31  4.98709e+08
15  32  4.87024e+08
15  33  4.90743e+08
15  34  4.45982e+08
15  35  5.01941e+08
15  36  4.77681e+08
15  37  5.99895e+08
15  38  5.23744e+08
15  39  5.64108e+08
15  40  5.1068e+08
15  41  5.37499e+08
15  42  5.06653e+08
15  43  5.15784e+08
15  44  5.21427e+08
15  45  5.30001e+08
15  46  5.44839e+08
15  47  5.14795e+08
15  48  4.70581e+08
15  49  5.33763e+08
15  50  4.32698e+08
16  0  1.99371e+08
16  1  2.83836e+08
16  2  3.30694e+08
16  3  4.10477e+08
16  4  4.27346e+08
16  5  5.74648e+08
16  6  5.61334e+08
16  7  6.88847e+08
16  8  8.1301e+08
16  9  8.24287e+08
16  10  9.79904e+08
16  11  9.74307e+08
16  12  8.76774e+08
16  13  9.97191e+08
16  14  1.09663e+09
16  15  9.78884e+08
16  16  9.15775e+08
16  17  7.20962e+08
16  18  7.14925e+08
16  19  8.33338e+08
16  20  7.13194e+08
16  21  6.49906e+08
16  22  6.52889e+08
16  23  6.30452e+08
16  24  6.17153e+08
16  25  5.86764e+08
16  26  5.84765e+08
16  27  5.68834e+08
16  28  6.34034e+08
16  29  5.25372e+08
16  30  5.2799e+08
16  31  5.53279e+08
16  32  5.1567e+08
16  33  4.88502e+08
16  34  4.92977e+08
16  35  4.76047e+08
16  36  4.95784e+08
16  37  5.75338e+08
16  38  4.87486e+08
16  39  5.0957e+08
16  40  5.15314e+08
16  41  4.48249e+08
16  42  5.14749e+08
16  43  4.81084e+08
16  44  5.31192e+08
16  45  4.98029e+08
16  46  5.52044e+08
16  47  4.43194e+08
16  48  4.99578e+08
16  49  5.05492e+08
16  50  4.40636e+08
17  0  2.36842e+08
17  1  2.98283e+08
17  2  3.38684e+08
17  3  4.50401e+08
17  4  5.06246e+08
17  5  6.6553e+08
17  6  6.34994e+08
17  7  8.12386e+08
17  8  8.34013e+08
17  9  9.01716e+08
17  10  9.7321e+08
17  11  9.72321e+08
17  12  9.58523e+08
17  13  9.57107e+08
17  14  9.32919e+08
17  15  9.32362e+08
17  16  7.63063e+08
17  17  7.45008e+08
17  18  7.81143e+08
17  19  7.29388e+08
17  20  6.43895e+08
17  21  7.03624e+08
17  22  6.36713e+08
17  23  5.8604e+08
17  24  5.7855e+08
17  25  6.09554e+08
17  26  6.45673e+08
17  27  5.20855e+08
17  28  6.01057e+08
17  29  5.32278e+08
17  30  4.66447e+08
17  31  4.91632e+08
17  32  4.55593e+08
17  33  4.74328e+08
17  34  5.46969e+08
17  35  4.80566e+08
17  36  5.13309e+08
17  37  5.69594e+08
17  38  5.48119e+08
17  39  4.87719e+08
17  40  5.07602e+08
17  41  4.82424e+08
17  42  5.0811e+08
17  43  4.95675e+08
17  44  4.57766e+08
17  45  5.20823e+08
17  46  5.49796e+08
17  47  4.80711e+08
17  48  4.93101e+08
17  49  4.79128e+08
17  50  4.73944e+08
18  0  1.94774e+08
18  1  3.48134e+08
18  2  3.67032e+08
18  3  4.53136e+08
18  4  5.25424e+08
18  5  6.17063e+08
18  6  6.35247e+08
18  7  7.93902e+08
18  8  7.64069e+08
18  9  7.84398e+08
18  10  9.04265e+08
18  11  9.57504e+08
18  12  8.69068e+08
18  13  9.37755e+08
18  14  9.3126e+08
18  15  8.89269e+08
18  16  8.70623e+08
18  17  8.30764e+08
18  18  7.79288e+08
18  19  6.98944e+08
18  20  6.70025e+08
18  21  7.1257e+08
18  22  6.74995e+08
18  23  6.33248e+08
18  24  5.70952e+08
18  25  5.64467e+08
18  26  6.41998e+08
18  27  5.72945e+08
18  28  5.43067e+08
18  29  5.56928e+08
18  30  4.77833e+08
18  31  4.6565e+08
18  32  5.03309e+08
18  33  4.94812e+08
18  34  4.98769e+08
18  35  4.56889e+08
18  36  4.17556e+08
18  37  5.68906e+08
18  38  4.96442e+08
18  39  5.00618e+08
18  40  4.95555e+08
18  41  5.04353e+08
18  42  5.7834e+08
18  43  5.17103e+08
18  44  4.99147e+08
18  45  4.76167e+08
18  46  4.86165e+08
18  47  4.82855e+08
18  48  4.51674e+08
18  49  4.42273e+08
18  50  4.60622e+08
19  0  2.76962e+08
19  1  3.91765e+08
19  2  3.92308e+08
19  3  4.89356e+08
19  4  5.09305e+08
19  5  7.24434e+08
19  6  7.35816e+08
19  7  8.99973e+08
19  8  8.94411e+08
19  9  8.45869e+08
19  10  9.5278e+08
19  11  9.65407e+08
19  12  8.63814e+08
19  13  8.12435e+08
19  14  8.27248e+08
19  15  8.98075e+08
19  16  8.11313e+08
19  17  7.87531e+08
19  18  7.38326e+08
19  19  7.00263e+08
19  20  7.5558e+08
19  21  6.47403e+08
19  22  6.26863e+08
19  23  5.84388e+08
19  24  5.9372e+08
19  25  6.23436e+08
19  26  6.15706e+08
19  27  5.59898e+08
19  28  5.1753e+08
19  29  4.92458e+08
19  30  5.86918e+08
19  31  5.61253e+08
19  32  5.68422e+08
19  33  4.43797e+08
19  34  5.32455e+08
19  35  4.23993e+08
19  36  5.14812e+08
19  37  5.00954e+08
19  38  5.24517e+08
19  39  4.57125e+08
19  40  4.82381e+08
19  41  4.53338e+08
19  42  5.03767e+08
19  43  4.98308e+08
19  44  5.36919e+08
19  45  4.82947e+08
19  46  4.7717e+08
19  47  4.87275e+08
19  48  4.48526e+08
19  49  4.56485e+08
19  50  4.42303e+08
20  0  2.63852e+08
20  1  4.58864e+08
20  2  3.84323e+08
20  3  4.96671e+08
20  4  5.72144e+08
20  5  7.46911e+08
20  6  7.50385e+08
20  7  8.43178e+08
20  8  8.55746e+08
20  9  8.9359e+08
20  10  9.55044e+08
20  11  8.55667e+08
20  12  9.6177e+08
20  13  8.59963e+08
20  14  9.11619e+08
20  15  8.38787e+08
20  16  7.74275e+08
20  17  7.24836e+08
20  18  8.33661e+08
20  19  7.96076e+08
20  20  6.79337e+08
20  21  6.28929e+08
20  22  6.32595e+08
20  23  5.88125e+08
20  24  6.03999e+08
20  25  5.82356e+08
20  26  6.21606e+08
20  27  5.6376e+08
20  28  5.57906e+08
20  29  6.28717e+08
20  30  5.5863e+08
20  31  5.36084e+08
20  32  5.38878e+08
20  33  4.72362e+08
20  34  4.41594e+08
20  35  5.17192e+08
20  36  4.17413e+08
20  37  4.57014e+08
20  38  5.35014e+08
20  39  4.65038e+08
20  40  4.311e+08
20  41  4.88888e+08
20  42  4.93464e+08
20  43  5.14087e+08
20  44  4.84398e+08
20  45  4.25483e+08
20  46  4.30275e+08
20  47  4.27685e+08
20  48  4.51347e+08
20  49  4.93073e+08
20  50  4.48825e+08
21  0  3.75514e+08
21  1  5.44122e+08
21  2  4.49458e+08
21  3  4.97856e+08
21  4  5.80539e+08
21  5  6.63613e+08
21  6  7.95473e+08
21  7  8.11205e+08
21  8  9.94778e+08
21  9  7.83016e+08
21  10  8.41059e+08
21  11  8.89769e+08
21  12  8.62445e+08
21  13  8.78001e+08
21  14  7.95357e+08
21  15  9.06387e+08
21  16  7.395e+08
21  17  7.89782e+08
21  18  7.8553e+08
21  19  7.38412e+08
21  20  6.69109e+08
21  21  6.36042e+08
21  22  6.35963e+08
21  23  6.73329e+08
21  24  5.95903e+08
21  25  5.74087e+08
21  26  5.89726e+08
21  27  6.19521e+08
21  28  6.08447e+08
21  29  5.64593e+08
21  30  5.27734e+08
21  31  4.85913e+08
21  32  4.87954e+08
21  33  4.86439e+08
21  34  5.04346e+08
21  35  4.421e+08
21  36  4.47048e+08
21  37  4.45919e+08
21  38  4.49263e+08
21  39  4.53836e+08
21  40  4.72519e+08
21  41  4.57599e+08
21  42  4.69599e+08
21  43  4.01441e+08
21  44  4.30813e+08
21  45  4.51112e+08
21  46  4.48085e+08
21  47  4.57386e+08
21  48  4.62075e+08
21  49  4.73322e+08
21  50  4.29417e+08
22  0  3.48646e+08
22  1  5.27242e+08
22  2  5.0236e+08
22  3  5.6901e+08
22  4  5.75893e+08
22  5  6.89198e+08
22  6  7.04781e+08
22  7  9.67537e+08
22  8  1.03581e+09
22  9  7.9977e+08
22  10  9.01813e+08
22  11  9.21618e+08
22  12  9.18216e+08
22  13  8.02216e+08
22  14  8.15329e+08
22  15  7.39737e+08
22  16  7.82317e+08
22  17  8.05412e+08
22  18  8.2145e+08
22  19  7.66133e+08
22  20  6.80819e+08
22  21  6.89303e+08
22  22  6.2601e+08
22  23  6.10984e+08
22  24  5.95551e+08
22  25  6.72023e+08
22  26  5.86489e+08
22  27  5.99335e+08
22  28  5.61826e+08
22  29  5.44974e+08
22  30  4.92009e+08
22  31  5.09373e+08
22  32  5.06682e+08
22  33  5.29074e+08
22  34  4.93543e+08
22  35  5.27498e+08
22  36  4.05372e+08
22  37  4.74236e+08
22  38  4.16766e+08
22  39  4.69627e+08
22  40  5.09042e+08
22  41  4.77295e+08
22  42  4.45878e+08
22  43  4.85561e+08
22  44  4.45271e+08
22  45  4.90571e+08
22  46  4.39124e+08
22  47  4.6445e+08
22  48  4.55051e+08
22  49  4.06203e+08
22  50  4.35483e+08
23  0  3.72851e+08
23  1  5.60516e+08
23  2  5.43167e+08
23  3  6.46951e+08
23  4  5.81828e+08
23  5  7.87754e+08
23  6  7.28462e+08
23  7  8.67396e+08
23  8  9.0932e+08
23  9  8.64679e+08
23  10  7.65902e+08
23  11  8.66857e+08
23  12  8.6995e+08
23  13  8.31316e+08
23  14  8.1143e+08
23  15  7.83053e+08
23  16  7.37771e+08
23  17  7.39911e+08
23  18  6.42292e+08
23  19  7.364e+08
23  20  6.46657e+08
23  21  6.96464e+08
23  22  5.98503e+08
23  23  6.63209e+08
23  24  6.1478e+08
23  25  5.38321e+08
23  26  5.24491e+08
23  27  6.05339e+08
23  28  5.24953e+08
23  29  5.14357e+08
23  30  5.34888e+08
23  31  5.20045e+08
23  32  5.37338e+08
23  33  4.96581e+08
23  34  4.85516e+08
23  35  4.1705e+08
23  36  4.5618e+08
23  37  3.60082e+08
23  38  3.97639e+08
23  39  4.52856e+08
23  40  4.50534e+08
23  41  4.5704e+08
23  42  4.60897e+08
23  43  4.09709e+08
23  44  4.49891e+08
23  45  4.74687e+08
23  46  4.81409e+08
23  47  4.62241e+08
23  48  4.83662e+08
23  49  4.53929e+08
23  50  4.66215e+08
24  0  3.92196e+08
24  1  5.30783e+08
24  2  5.07987e+08
24  3  6.11836e+08
24  4  6.05777e+08
24  5  7.05807e+08
24  6  8.29419e+08
24  7  8.767e+08
24  8  9.41177e+08
24  9  8.73072e+08
24  10  8.31091e+08
24  11  8.20911e+08
24  12  9.10847e+08
24  13  8.45903e+08
24  14  8.36447e+08
24  15  8.17877e+08
24  16  7.08985e+08
24  17  6.74126e+08
24  18  7.11782e+08
24  19  7.06275e+08
24  20  6.43211e+08
24  21  6.18519e+08
24  22  6.04379e+08
24  23  6.89207e+08
24  24  6.67282e+08
24  25  5.93164e+08
24  26  5.26661e+08
24  27  5.38263e+08
24  28  4.79255e+08
24  29  5.21762e+08
24  30  5.22403e+08
24  31  5.41336e+08
24  32  4.94499e+08
24  33  4.45047e+08
24  34  4.59635e+08
24  35  4.18364e+08
24  36  4.22016e+08
24  37  3.63102e+08
24  38  4.08285e+08
24  39  4.66975e+08
24  40  4.17982e+08
24  41  3.84812e+08
24  42  4.6689e+08
24  43  4.33352e+08
24  44  4.35474e+08
24  45  3.54023e+08
24  46  4.1022e+08
24  47  4.63789e+08
24  48  4.52865e+08
24  49  4.67076e+08
24  50  4.18016e+08
25  0  4.4705e+08
25  1  5.06261e+08
25  2  5.53059e+08
25  3  5.70533e+08
25  4  5.9538e+08
25  5  6.62498e+08
25  6  8.33936e+08
25  7  8.81945e+08
25  8  9.25402e+08
25  9  8.37245e+08
25  10  8.35333e+08
25  11  8.29875e+08
25  12  8.54145e+08
25  13  8.11211e+08
25  14  7.15175e+08
25  15  7.7327e+08
25  16  7.67906e+08
25  17  6.59145e+08
25  18  7.27491e+08
25  19  6.86999e+08
25  20  6.37509e+08
25  21  6.84836e+08
25  22  6.27265e+08
25  23  6.50231e+08
25  24  6.12082e+08
25  25  5.71596e+08
25  26  5.30569e+08
25  27  4.84274e+08
25  28  4.9838e+08
25  29  4.80533e+08
25  30  5.00035e+08
25  31  5.30696e+08
25  32  5.02381e+08
25  33  4.03726e+08
25  34  4.81578e+08
25  35  4.48189e+08
25  36  4.64982e+08
25  37  3.70387e+08
25  38  3.81358e+08
25  39  4.45171e+08
25  40  4.11776e+08
25  41  5.00669e+08
25  42  3.99763e+08
25  43  4.90797e+08
25  44  4.21148e+08
25  45  3.99527e+08
25  46  4.71847e+08
25  47  4.72885e+08
25  48  4.39696e+08
25  49  4.35784e+08
25  50  4.91511e+08
26  0  4.1035e+08
26  1  5.78511e+08
26  2  5.50175e+08
26  3  6.42428e+08
26  4  5.80235e+08
26  5  7.40272e+08
26  6  7.16841e+08
26  7  8.69164e+08
26  8  8.50085e+08
26  9  8.78045e+08
26  10  8.63723e+08
26  11  7.71887e+08
26  12  9.212e+08
26  13  7.0101e+08
26  14  7.78972e+08
26  15  7.5578e+08
26  16  7.04592e+08
26  17  6.62434e+08
26  18  6.68075e+08
26  19  6.52076e+08
26  20  7.15425e+08
26  21  6.54224e+08
26  22  6.28256e+08
26  23  5.76258e+08
26  24  5.96393e+08
26  25  5.20697e+08
26  26  5.22221e+08
26  27  5.04827e+08
26  28  4.73346e+08
26  29  5.08718e+08
26  30  4.61799e+08
26  31  5.08978e+08
26  32  5.34387e+08
26  33  4.90523e+08
26  34  4.41751e+08
26  35  3.86503e+08
26  36  3.80271e+08
26  37  3.66061e+08
26  38  3.57519e+08
26  39  4.41257e+08
26  40  4.24161e+08
26  41  4.52393e+08
26  42  4.43834e+08
26  43  4.5216e+08
26  44  4.725e+08
26  45  3.88279e+08
26  46  4.7832e+08
26  47  4.64897e+08
26  48  4.78831e+08
26  49  5.16237e+08
26  50  5.00913e+08
27  0  4.10681e+08
27  1  5.34032e+08
27  2  6.21278e+08
27  3  6.85963e+08
27  4  6.22424e+08
27  5  6.88773e+08
27  6  8.22001e+08
27  7  8.24901e+08
27  8  8.37324e+08
27  9  9.3569e+08
27  10  8.26028e+08
27  11  7.86272e+08
27  12  7.89986e+08
27  13  6.6618e+08
27  14  7.12259e+08
27  15  7.09183e+08
27  16  6.21713e+08
27  17  6.82811e+08
27  18  6.47405e+08
27  19  6.4931e+08
27  20  6.00408e+08
27  21  5.8594e+08
27  22  6.07096e+08
27  23  5.81851e+08
27  24  5.37278e+08
27  25  4.91867e+08
27  26  5.22516e+08
27  27  4.79898e+08
27  28  5.20577e+08
27  29  4.78365e+08
27  30  5.00923e+08
27  31  5.42281e+08
27  32  5.03928e+08
27  33  4.69478e+08
27  34  4.0491e+08
27  35  4.18681e+08
27  36  4.22889e+08
27  37  3.42048e+08
27  38  4.26767e+08
27  39  4.19469e+08
27  40  3.95913e+08
27  41  4.21577e+08
27  42  4.89343e+08
27  43  4.32627e+08
27  44  4.21222e+08
27  45  4.0601e+08
27  46  4.53025e+08
27  47  4.34842e+08
27  48  4.46931e+08
27  49  4.66919e+08
27  50  4.34362e+08
28  0  5.03904e+08
28  1  5.91841e+08
28  2  6.23071e+08
28  3  6.59832e+08
28  4  6.67249e+08
28  5  7.05998e+08
28  6  6.91086e+08
28  7  8.38012e+08
28  8  7.9849e+08
28  9  8.38166e+08
28  10  9.22932e+08
28  11  9.11465e+08
28  12  7.49684e+08
28  13  7.1746e+08
28  14  6.94936e+08
28  15  6.18858e+08
28  16  6.78246e+08
28  17  6.88308e+08
28  18  6.22896e+08
28  19  6.50719e+08
28  20  6.28171e+08
28  21  6.13113e+08
28  22  5.50329e+08
28  23  6.11212e+08
28  24  5.9103e+08
28  25  5.10522e+08
28  26  4.90349e+08
28  27  5.44113e+08
28  28  4.784e+08
28  29  4.93578e+08
28  30  5.22325e+08
28  31  5.46428e+08
28  32  5.09759e+08
28  33  4.50744e+08
28  34  4.43039e+08
28  35  3.83872e+08
28  36  4.26287e+08
28  37  3.42619e+08
28  38  4.19966e+08
28  39  4.21355e+08
28  40  4.17177e+08
28  41  4.649e+08
28  42  4.00534e+08
28  43  4.87027e+08
28  44  4.45989e+08
28  45  4.49769e+08
28  46  4.12282e+08
28  47  4.71871e+08
28  48  4.91374e+08
28  49  4.60613e+08
28  50  5.19199e+08
29  0  5.06363e+08
29  1  6.19797e+08
29  2  6.61129e+08
29  3  7.09324e+08
29  4  7.10327e+08
29  5  8.29796e+08
29  6  7.58707e+08
29  7  8.2907e+08
29  8  8.06058e+08
29  9  8.99367e+08
29  10  7.53156e+08
29  11  8.23517e+08
29  12  8.51339e+08
29  13  7.11077e+08
29  14  6.79711e+08
29  15  7.44497e+08
29  16  6.23169e+08
29  17  6.1793e+08
29  18  6.54001e+08
29  19  6.02198e+08
29  20  6.0254e+08
29  21  6.0306e+08
29  22  5.76552e+08
29  23  6.31008e+08
29  24  6.4431e+08
29  25  5.66543e+08
29  26  5.56956e+08
29  27  5.36266e+08
29  28  5.13061e+08
29  29  5.03466e+08
29  30  5.47813e+08
29  31  5.59543e+08
29  32  5.14309e+08
29  33  4.73924e+08
29  34  4.08856e+08
29  35  4.09158e+08
29  36  4.75064e+08
29  37  4.22705e+08
29  38  4.14371e+08
29  39  4.3584e+08
29  40  4.19192e+08
29  41  4.73317e+08
29  42  4.49747e+08
29  43  4.36711e+08
29  44  4.06163e+08
29  45  4.47011e+08
29  46  4.84911e+08
29  47  4.57921e+08
29  48  4.33826e+08
29  49  4.24146e+08
29  50  4.7262e+08
30  0  6.11045e+08
30  1  6.35389e+08
30  2  7.02481e+08
30  3  7.50983e+08
30  4  8.03516e+08
30  5  7.30058e+08
30  6  8.39244e+08
30  7  8.40294e+08
30  8  8.86282e+08
30  9  8.82713e+08
30  10  8.71026e+08
30  11  8.64143e+08
30  12  8.18677e+08
30  13  7.3906e+08
30  14  6.95313e+08
30  15  7.14461e+08
30  16  6.50088e+08
30  17  6.09471e+08
30  18  5.52122e+08
30  19  6.10871e+08
30  20  6.63944e+08
30  21  6.32361e+08
30  22  6.33535e+08
30  23  6.50478e+08
30  24  5.72446e+08
30  25  5.1634e+08
30  26  4.52697e+08
30  27  5.80611e+08
30  28  5.95609e+08
30  29  4.92405e+08
30  30  4.98667e+08
30  31  4.71294e+08
30  32  5.10273e+08
30  33  4.93702e+08
30  34  4.82061e+08
30  35  4.19464e+08
30  36  4.5199e+08
30  37  4.61604e+08
30  38  3.97209e+08
30  39  4.59441e+08
30  40  4.38898e+08
30  41  4.08121e+08
30  42  4.52103e+08
30  43  4.44343e+08
30  44  4.28313e+08
30  45  4.52884e+08
30  46  4.40222e+08
30  47  4.62021e+08
30  48  4.32153e+08
30  49  4.24107e+08
30  50  3.9251e+08
31  0  6.19593e+08
31  1  7.853e+08
31  2  7.33324e+08
31  3  8.29548e+08
31  4  7.73783e+08
31  5  7.85431e+08
31  6  7.73059e+08
31  7  7.77062e+08
31  8  9.00807e+08
31  9  8.26768e+08
31  10  7.96097e+08
31  11  7.9013e+08
31  12  7.62395e+08
31  13  6.72604e+08
31  14  6.14198e+08
31  15  6.45325e+08
31  16  6.16445e+08
31  17  5.53936e+08
31  18  5.94005e+08
31  19  6.34959e+08
31  20  6.461e+08
31  21  6.96983e+08
31  22  6.20677e+08
31  23  5.74753e+08
31  24  5.49336e+08
31  25  5.49261e+08
31  26  4.95741e+08
31  27  5.02698e+08
31  28  4.56112e+08
31  29  5.06021e+08
31  30  5.45357e+08
31  31  5.68535e+08
31  32  4.80606e+08
31  33  4.83418e+08
31  34  4.29826e+08
31  35  4.27466e+08
31  36  4.83893e+08
31  37  4.57897e+08
31  38  4.63768e+08
31  39  3.94012e+08
31  40  4.2375e+08
31  41  4.44343e+08
31  42  4.44241e+08
31  43  4.28862e+08
31  44  4.5108e+08
31  45  4.0194e+08
31  46  4.2012e+08
31  47  4.0235e+08
31  48  4.77708e+08
31  49  4.60624e+08
31  50  4.50704e+08
32  0  7.51285e+08
32  1  9.05016e+08
32  2  8.16225e+08
32  3  8.56328e+08
32  4  8.69213e+08
32  5  8.29045e+08
32  6  8.45902e+08
32  7  9.19382e+08
32  8  9.57626e+08
32  9  9.13672e+08
32  10  8.67697e+08
32  11  8.66074e+08
32  12  8.42353e+08
32  13  6.77383e+08
32  14  6.01702e+08
32  15  6.00506e+08
32  16  6.12539e+08
32  17  6.47167e+08
32  18  6.37912e+08
32  19  5.95281e+08
32  20  7.01227e+08
32  21  6.11698e+08
32  22  6.05287e+08
32  23  5.1193e+08
32  24  5.56175e+08
32  25  5.09105e+08
32  26  4.21204e+08
32  27  4.99816e+08
32  28  4.55974e+08
32  29  5.92696e+08
32  30  5.23329e+08
32  31  5.16762e+08
32  32  5.3984e+08
32  33  5.47487e+08
32  34  4.20341e+08
32  35  4.6827e+08
32  36  4.67848e+08
32  37  4.61149e+08
32  38  4.41891e+08
32  39  4.2608e+08
32  40  4.40382e+08
32  41  4.12593e+08
32  42  4.39368e+08
32  43  4.65416e+08
32  44  4.56251e+08
32  45  4.21131e+08
32  46  4.01147e+08
32  47  3.93675e+08
32  48  4.52602e+08
32  49  4.00507e+08
32  50  4.08583e+08
33  0  8.05464e+08
33  1  9.17225e+08
33  2  8.48738e+08
33  3  8.40077e+08
33  4  9.1503e+08
33  5  8.0936e+08
33  6  8.41482e+08
33  7  1.03389e+09
33  8  8.53546e+08
33  9  8.01661e+08
33  10  8.49064e+08
33  11  8.85432e+08
33  12  8.79106e+08
33  13  7.46883e+08
33  14  6.7669e+08
33  15  7.15793e+08
33  16  6.3267e+08
33  17  6.49518e+08
33  18  6.23428e+08
33  19  5.57942e+08
33  20  5.91883e+08
33  21  6.47722e+08
33  22  5.74396e+08
33  23  5.78527e+08
33  24  5.98705e+08
33  25  5.13357e+08
33  26  4.94208e+08
33  27  5.14121e+08
33  28  5.05403e+08
33  29  5.56232e+08
33  30  4.80729e+08
33  31  4.69923e+08
33  32  4.54581e+08
33  33  4.80108e+08
33  34  4.39802e+08
33  35  4.37183e+08
33  36  4.34356e+08
33  37  4.37886e+08
33  38  4.24322e+08
33  39  4.27027e+08
33  40  4.53808e+08
33  41  4.12574e+08
33  42  3.9007e+08
33  43  4.8043e+08
33  44  4.83879e+08
33  45  4.57478e+08
33  46  4.57392e+08
33  47  4.17535e+08
33  48  4.50709e+08
33  49  4.76626e+08
33  50  4.16836e+08
34  0  7.85151e+08
34  1  9.5709e+08
34  2  9.6584e+08
34  3  7.74561e+08
34  4  8.35122e+08
34  5  8.47197e+08
34  6  1.03914e+09
34  7  8.59814e+08
34  8  8.76069e+08
34  9  8.29621e+08
34  10  8.76248e+08
34  11  9.07973e+08
34  12  7.83211e+08
34  13  6.70006e+08
34  14  6.36425e+08
34  15  5.81001e+08
34  16  5.6572e+08
34  17  5.67808e+08
34  18  5.85555e+08
34  19  6.25953e+08
34  20  6.09446e+08
34  21  6.37161e+08
34  22  5.26456e+08
34  23  5.54504e+08
34  24  5.7661e+08
34  25  5.17109e+08
34  26  5.05755e+08
34  27  4.84632e+08
34  28  4.44539e+08
34  29  5.31369e+08
34  30  5.14781e+08
34  31  4.72649e+08
34  32  4.94451e+08
34  33  5.11991e+08
34  34  3.90117e+08
34  35  4.99855e+08
34  36  4.92976e+08
34  37  4.64199e+08
34  38  4.60038e+08
34  39  4.5785e+08
34  40  4.15921e+08
34  41  4.24174e+08
34  42  4.63751e+08
34  43  4.64654e+08
34  44  5.3555e+08
34  45  4.19596e+08
34  46  3.83195e+08
34  47  4.38235e+08
34  48  4.30258e+08
34  49  3.94036e+08
34  50  4.67289e+08
35  0  8.60874e+08
35  1  9.02424e+08
35  2  8.62431e+08
35  3  9.09522e+08
35  4  7.42455e+08
35  5  8.40808e+08
35  6  9.65851e+08
35  7  8.2583e+08
35  8  9.94818e+08
35  9  9.36376e+08
35  10  8.63517e+08
35  11  7.63301e+08
35  12  7.63852e+08
35  13  6.76589e+08
35  14  6.55529e+08
35  15  6.2117e+08
35  16  6.2768e+08
35  17  5.94512e+08
35  18  6.4233e+08
35  19  6.02801e+08
35  20  6.04652e+08
35  21  6.57561e+08
35  22  5.70196e+08
35  23  5.62868e+08
35  24  4.92154e+08
35  25  5.45809e+08
35  26  4.3421e+08
35  27  5.30503e+08
35  28  5.02408e+08
35  29  5.00497e+08
35  30  5.12421e+08
35  31  5.13606e+08
35  32  4.12712e+08
35  33  4.75718e+08
35  34  4.41012e+08
35  35  4.65056e+08
35  36  4.70534e+08
35  37  4.63009e+08
35  38  4.9964e+08
35  39  4.74585e+08
35  40  4.38e+08
35  41  4.88177e+08
35  42  4.51693e+08
35  43  5.32818e+08
35  44  4.20874e+08
35  45  4.42671e+08
35  46  4.47272e+08
35  47  4.57967e+08
35  48  4.10941e+08
35  49  4.89993e+08
35  50  4.65846e+08
36  0  9.39471e+08
36  1  9.17514e+08
36  2  9.10894e+08
36  3  7.45838e+08
36  4  7.94509e+08
36  5  8.21159e+08
36  6  9.20658e+08
36  7  8.68497e+08
36  8  8.5473e+08
36  9  7.82514e+08
36  10  9.47849e+08
36  11  8.08686e+08
36  12  7.72404e+08
36  13  6.51413e+08
36  14  6.23883e+08
36  15  5.78451e+08
36  16  6.36062e+08
36  17  5.92777e+08
36  18  6.77842e+08
36  19  5.94822e+08
36  20  6.89913e+08
36  21  6.87521e+08
36  22  5.7246e+08
36  23  5.6051e+08
36  24  6.06274e+08
36  25  5.1691e+08
36  26  5.59484e+08
36  27  5.34882e+08
36  28  4.82102e+08
36  29  5.33493e+08
36  30  4.94792e+08
36  31  5.33184e+08
36  32  4.99682e+08
36  33  4.95325e+08
36  34  4.58124e+08
36  35  4.92959e+08
36  36  5.30628e+08
36  37  4.47239e+08
36  38  4.75668e+08
36  39  4.77106e+08
36  40  4.09459e+08
36  41  4.52158e+08
36  42  4.11279e+08
36  43  4.88221e+08
36  44  4.28193e+08
36  45  4.72508e+08
36  46  4.90119e+08
36  47  4.10303e+08
36  48  4.23352e+08
36  49  4.45118e+08
36  50  4.56793e+08
37  0  9.01457e+08
37  1  9.2613e+08
37  2  9.88089e+08
37  3  9.07816e+08
37  4  6.8923e+08
37  5  1.02786e+09
37  6  8.59377e+08
37  7  9.35374e+08
37  8  9.20127e+08
37  9  9.2119e+08
37  10  7.57968e+08
37  11  7.94501e+08
37  12  7.49623e+08
37  13  5.69228e+08
37  14  6.82306e+08
37  15  6.47114e+08
37  16  5.58464e+08
37  17  5.71477e+08
37  18  5.92778e+08
37  19  5.66523e+08
37  20  6.47506e+08
37  21  5.81636e+08
37  22  6.12915e+08
37  23  6.17234e+08
37  24  6.80215e+08
37  25  5.1698e+08
37  26  5.23399e+08
37  27  5.21517e+08
37  28  4.82466e+08
37  29  4.34516e+08
37  30  4.86972e+08
37  31  5.30894e+08
37  32  4.71552e+08
37  33  4.90052e+08
37  34  4.91167e+08
37  35  4.75342e+08
37  36  5.2329e+08
37  37  4.73889e+08
37  38  4.19449e+08
37  39  4.55465e+08
37  40  4.13736e+08
37  41  4.40071e+08
37  42  5.37629e+08
37  43  5.29675e+08
37  44  4.11142e+08
37  45  4.38198e+08
37  46  3.77245e+08
37  47  4.00929e+08
37  48  4.35386e+08
37  49  5.04796e+08
37  50  4.4931e+08
38  0  9.28695e+08
38  1  1.11668e+09
38  2  1.00352e+09
38  3  8.36785e+08
38  4  8.63675e+08
38  5  8.8595e+08
38  6  8.71413e+08
38  7  9.27672e+08
38  8  9.16692e+08
38  9  8.63225e+08
38  10  7.83591e+08
38  11  7.33694e+08
38  12  6.80609e+08
38  13  6.80572e+08
38  14  6.52089e+08
38  15  6.46342e+08
38  16  6.21897e+08
38  17  6.80573e+08
38  18  6.04341e+08
38  19  6.89995e+08
38  20  6.43784e+08
38  21  6.81878e+08
38  22  6.30938e+08
38  23  5.80272e+08
38  24  6.37415e+08
38  25  5.84119e+08
38  26  5.18027e+08
38  27  5.82264e+08
38  28  5.02018e+08
38  29  5.48262e+08
38  30  5.04881e+08
38  31  4.43534e+08
38  32  4.89811e+08
38  33  5.3384e+08
38  34  4.76586e+08
38  35  4.82077e+08
38  36  4.82042e+08
38  37  4.94279e+08
38  38  4.73343e+08
38  39  4.06007e+08
38  40  4.65009e+08
38  41  4.48845e+08
38  42  4.72534e+08
38  43  6.23395e+08
38  44  4.65722e+08
38  45  4.96016e+08
38  46  4.51131e+08
38  47  4.73214e+08
38  48  4.2359e+08
38  49  4.2838e+08
38  50  4.70288e+08
39  0  1.03334e+09
39  1  9.87228e+08
39  2  9.59927e+08
39  3  8.69418e+08
39  4  8.70311e+08
39  5  8.82708e+08
39  6  9.42081e+08
39  7  9.77599e+08
39  8  9.60468e+08
39  9  9.08875e+08
39  10  8.03234e+08
39  11  7.14866e+08
39  12  6.40235e+08
39  13  6.55225e+08
39  14  6.19843e+08
39  15  6.33499e+08
39  16  6.24369e+08
39  17  6.98242e+08
39  18  7.52424e+08
39  19  6.20377e+08
39  20  5.68646e+08
39  21  6.13221e+08
39  22  6.50396e+08
39  23  6.63508e+08
39  24  5.94945e+08
39  25  5.69345e+08
39  26  5.67149e+08
39  27  5.16632e+08
39  28  4.9268e+08
39  29  5.3196e+08
39  30  4.66721e+08
39  31  4.63283e+08
39  32  4.63869e+08
39  33  5.14889e+08
39  34  4.83533e+08
39  35  4.49767e+08
39  36  5.15788e+08
39  37  5.33452e+08
39  38  4.86908e+08
39  39  4.74639e+08
39  40  4.68467e+08
39  41  4.64281e+08
39  42  4.32161e+08
39  43  6.39185e+08
39  44  4.08051e+08
39  45  3.98964e+08
39  46  4.3785e+08
39  47  3.95861e+08
39  48  4.71514e+08
39  49  4.74434e+08
39  50  4.32331e+08
40  0  1.00303e+09
40  1  9.68831e+08
40  2  9.92318e+08
40  3  9.80668e+08
40  4  8.75111e+08
40  5  8.54021e+08
40  6  9.12892e+08
40  7  9.2844e+08
40  8  8.8562e+08
40  9  8.82013e+08
40  10  8.62121e+08
40  11  8.07757e+08
40  12  6.89821e+08
40  13  6.16032e+08
40  14  5.71282e+08
40  15  6.62398e+08
40  16  6.62065e+08
40  17  6.82787e+08
40  18  6.68458e+08
40  19  6.50431e+08
40  20  6.89793e+08
40  21  6.04185e+08
40  22  5.8928e+08
40  23  6.28363e+08
40  24  6.14704e+08
40  25  6.00852e+08
40  26  5.36662e+08
40  27  5.57181e+08
40  28  5.73925e+08
40  29  5.84622e+08
40  30  4.78454e+08
40  31  4.90397e+08
40  32  5.04585e+08
40  33  4.82288e+08
40  34  5.23676e+08
40  35  5.43884e+08
40  36  5.63944e+08
40  37  5.54186e+08
40  38  4.78124e+08
40  39  5.29777e+08
40  40  4.49876e+08
40  41  4.66128e+08
40  42  4.51488e+08
40  43  6.54641e+08
40  44  4.4033e+08
40  45  4.86632e+08
40  46  4.48323e+08
40  47  4.48935e+08
40  48  4.40051e+08
40  49  4.45148e+08
40  50  4.58197e+08
41  0  1.03138e+09
41  1  1.03913e+09
41  2  1.01245e+09
41  3  1.01853e+09
41  4  9.50261e+08
41  5  8.74467e+08
41  6  9.34332e+08
41  7  1.12226e+09
41  8  9.31947e+08
41  9  9.63187e+08
41  10  8.35599e+08
41  11  7.47106e+08
41  12  7.17403e+08
41  13  7.35664e+08
41  14  6.66432e+08
41  15  5.77586e+08
41  16  7.36905e+08
41  17  6.24613e+08
41  18  6.97039e+08
41  19  6.43839e+08
41  20  6.44709e+08
41  21  7.26466e+08
41  22  6.72169e+08
41  23  6.26955e+08
41  24  5.62759e+08
41  25  6.06545e+08
41  26  5.71922e+08
41  27  5.7385e+08
41  28  4.98555e+08
41  29  5.43358e+08
41  30  5.04557e+08
41  31  5.33622e+08
41  32  5.44613e+08
41  33  5.40634e+08
41  34  5.05654e+08
41  35  5.82145e+08
41  36  5.40297e+08
41  37  5.38026e+08
41  38  4.71067e+08
41  39  4.39727e+08
41  40  4.80986e+08
41  41  4.96427e+08
41  42  5.2067e+08
41  43  4.91738e+08
41  44  4.36974e+08
41  45  5.11605e+08
41  46  4.15663e+08
41  47  5.04737e+08
41  48  4.22992e+08
41  49  5.37772e+08
41  50  5.07172e+08
42  0  1.06615e+09
42  1  1.02581e+09
42  2  1.00445e+09
42  3  9.81067e+08
42  4  9.37503e+08
42  5  9.83683e+08
42  6  9.80733e+08
42  7  1.06021e+09
42  8  8.94681e+08
42  9  8.59908e+08
42  10  7.47276e+08
42  11  7.12811e+08
42  12  7.92944e+08
42  13  6.62157e+08
42  14  7.52307e+08
42  15  6.47223e+08
42  16  6.5079e+08
42  17  6.62041e+08
42  18  6.90852e+08
42  19  6.80941e+08
42  20  6.58132e+08
42  21  5.63805e+08
42  22  6.08719e+08
42  23  5.99753e+08
42  24  5.85082e+08
42  25  5.74167e+08
42  26  5.23469e+08
42  27  5.6001e+08
42  28  5.69915e+08
42  29  5.41025e+08
42  30  5.27331e+08
42  31  4.79179e+08
42  32  4.63634e+08
42  33  5.11073e+08
42  34  4.98257e+08
42  35  5.35979e+08
42  36  5.1136e+08
42  37  5.18546e+08
42  38  6.04803e+08
42  39  4.98207e+08
42  40  4.64535e+08
42  41  4.46346e+08
42  42  4.7677e+08
42  43  5.62346e+08
42  44  4.55203e+08
42  45  4.56235e+08
42  46  4.10488e+08
42  47  4.49062e+08
42  48  4.12174e+08
42  49  5.33312e+08
42  50  4.60853e+08
43  0  9.47788e+08
43  1  1.02499e+09
43  2  1.11132e+09
43  3  1.01586e+09
43  4  9.28382e+08
43  5  1.0399e+09
43  6  9.31728e+08
43  7  9.2636e+08
43  8  9.3135e+08
43  9  9.71874e+08
43  10  9.11777e+08
43  11  8.06902e+08
43  12  7.54509e+08
43  13  7.66115e+08
43  14  7.44479e+08
43  15  6.84545e+08
43  16  6.71255e+08
43  17  6.86438e+08
43  18  6.37024e+08
43  19  6.52134e+08
43  20  5.77204e+08
43  21  6.67652e+08
43  22  5.49336e+08
43  23  6.52872e+08
43  24  5.60701e+08
43  25  5.28622e+08
43  26  5.67477e+08
43  27  6.31808e+08
43  28  5.68372e+08
43  29  5.35431e+08
43  30  5.19675e+08
43  31  4.89453e+08
43  32  4.88864e+08
43  33  5.51729e+08
43  34  4.87732e+08
43  35  4.58051e+08
43  36  5.13223e+08
43  37  4.84702e+08
43  38  5.57754e+08
43  39  4.91731e+08
43  40  4.76802e+08
43  41  4.77066e+08
43  42  4.43097e+08
43  43  3.88834e+08
43  44  4.96728e+08
43  45  4.77637e+08
43  46  4.18515e+08
43  47  4.88347e+08
43  48  4.66692e+08
43  49  4.61658e+08
43  50  4.34081e+08
44  0  1.15646e+09
44  1  9.99079e+08
44  2  9.52103e+08
44  3  1.06533e+09
44  4  1.04896e+09
44  5  9.59941e+08
44  6  9.48171e+08
44  7  9.32259e+08
44  8  9.21153e+08
44  9  7.98793e+08
44  10  8.97597e+08
44  11  7.5079e+08
44  12  7.09962e+08
44  13  7.11581e+08
44  14  6.66908e+08
44  15  6.08561e+08
44  16  6.83484e+08
44  17  7.00931e+08
44  18  7.1244e+08
44  19  6.38263e+08
44  20  6.64256e+08
44  21  6.6842e+08
44  22  6.66196e+08
44  23  5.43903e+08
44  24  6.12173e+08
44  25  5.37884e+08
44  26  5.33635e+08
44  27  5.45077e+08
44  28  5.55303e+08
44  29  5.43392e+08
44  30  5.21092e+08
44  31  4.93175e+08
44  32  5.02508e+08
44  33  5.9816e+08
44  34  4.71806e+08
44  35  4.91955e+08
44  36  4.62994e+08
44  37  5.23875e+08
44  38  5.84433e+08
44  39  5.17156e+08
44  40  4.7419e+08
44  41  4.66246e+08
44  42  4.4671e+08
44  43  4.68285e+08
44  44  3.71581e+08
44  45  4.02138e+08
44  46  4.88904e+08
44  47  4.18996e+08
44  48  4.48839e+08
44  49  4.6794e+08
44  50  4.43372e+08
45  0  9.55182e+08
45  1  1.08101e+09
45  2  9.51579e+08
45  3  9.9259e+08
45  4  9.05829e+08
45  5  8.97294e+08
45  6  9.04573e+08
45  7  1.02544e+09
45  8  9.3522e+08
45  9  8.42678e+08
45  10  8.90857e+08
45  11  7.63408e+08
45  12  7.95073e+08
45  13  7.23819e+08
45  14  6.63491e+08
45  15  6.38568e+08
45  16  6.6289e+08
45  17  6.82776e+08
45  18  6.8052e+08
45  19  7.17795e+08
45  20  6.8938e+08
45  21  6.92649e+08
45  22  6.47767e+08
45  23  5.82691e+08
45  24  6.08253e+08
45  25  5.44812e+08
45  26  5.2313e+08
45  27  5.73501e+08
45  28  5.65892e+08
45  29  4.79935e+08
45  30  5.01133e+08
45  31  5.27433e+08
45  32  4.77624e+08
45  33  5.27335e+08
45  34  4.03066e+08
45  35  5.80113e+08
45  36  4.84804e+08
45  37  5.75269e+08
45  38  5.00585e+08
45  39  4.82164e+08
45  40  4.46022e+08
45  41  4.29842e+08
45  42  4.70206e+08
45  43  4.91059e+08
45  44  3.76407e+08
45  45  4.48884e+08
45  46  4.56731e+08
45  47  4.28657e+08
45  48  4.0235e+08
45  49  5.60738e+08
45  50  4.26975e+08
46  0  1.06348e+09
46  1  1.14444e+09
46  2  9.25719e+08
46  3  1.03666e+09
46  4  9.90221e+08
46  5  9.34926e+08
46  6  9.43867e+08
46  7  9.39803e+08
46  8  9.64167e+08
46  9  8.77411e+08
46  10  8.01779e+08
46  11  8.48319e+08
46  12  8.34228e+08
46  13  7.80209e+08
46  14  6.68384e+08
46  15  6.73964e+08
46  16  6.82961e+08
46  17  6.84783e+08
46  18  6.94968e+08
46  19  7.29426e+08
46  20  6.60845e+08
46  21  7.08828e+08
46  22  6.55755e+08
46  23  5.22941e+08
46  24  5.79523e+08
46  25  5.48202e+08
46  26  5.81243e+08
46  27  5.35591e+08
46  28  5.18581e+08
46  29  5.68885e+08
46  30  5.19544e+08
46  31  4.85173e+08
46  32  5.22885e+08
46  33  4.75196e+08
46  34  4.4815e+08
46  35  5.23215e+08
46  36  4.95966e+08
46  37  5.28068e+08
46  38  5.62547e+08
46  39  5.37414e+08
46  40  5.06113e+08
46  41  4.5754e+08
46  42  4.50988e+08
46  43  4.4371e+08
46  44  4.54535e+08
46  45  4.57214e+08
46  46  4.38743e+08
46  47  4.79239e+08
46  48  4.48984e+08
46  49  4.75356e+08
46  50  4.90892e+08
47  0  1.01676e+09
47  1  1.12717e+09
47  2  1.06803e+09
47  3  9.50136e+08
47  4  9.38999e+08
47  5  1.01613e+09
47  6  1.05207e+09
47  7  8.77774e+08
47  8  8.8357e+08
47  9  8.77715e+08
47  10  8.54813e+08
47  11  7.39269e+08
47  12  8.20671e+08
47  13  8.22951e+08
47  14  6.77319e+08
47  15  6.24248e+08
47  16  6.73846e+08
47  17  7.37431e+08
47  18  7.43503e+08
47  19  6.9233e+08
47  20  7.86453e+08
47  21  7.58817e+08
47  22  6.18084e+08
47  23  6.05935e+08
47  24  5.86424e+08
47  25  5.3892e+08
47  26  5.24452e+08
47  27  5.69066e+08
47  28  4.92484e+08
47  29  5.19608e+08
47  30  5.22606e+08
47  31  4.70855e+08
47  32  4.57104e+08
47  33  5.16548e+08
47  34  4.9175e+08
47  35  5.54263e+08
47  36  4.7754e+08
47  37  5.00553e+08
47  38  5.21382e+08
47  39  4.85768e+08
47  40  4.65702e+08
47  41  4.23685e+08
47  42  4.55485e+08
47  43  4.48661e+08
47  44  4.47884e+08
47  45  4.89275e+08
47  46  4.62957e+08
47  47  4.17724e+08
47  48  4.90972e+08
47  49  5.31184e+08
47  50  5.19901e+08
48  0  1.04948e+09
48  1  1.0783e+09
48  2  1.03408e+09
48  3  9.26873e+08
48  4  9.16045e+08
48  5  9.98263e+08
48  6  9.77593e+08
48  7  9.71757e+08
48  8  9.48828e+08
48  9  9.147e+08
48  10  7.9246e+08
48  11  8.33128e+08
48  12  7.397e+08
48  13  7.89258e+08
48  14  7.02964e+08
48  15  6.86197e+08
48  16  6.10624e+08
48  17  7.22441e+08
48  18  6.64775e+08
48  19  7.22218e+08
48  20  6.53486e+08
48  21  7.02012e+08
48  22  6.19462e+08
48  23  6.54113e+08
48  24  6.22972e+08
48  25  6.57928e+08
48  26  5.60776e+08
48  27  5.34726e+08
48  28  5.81403e+08
48  29  5.80708e+08
48  30  5.09323e+08
48  31  4.91998e+08
48  32  5.25505e+08
48  33  5.2578e+08
48  34  4.31792e+08
48  35  5.35392e+08
48  36  4.86083e+08
48  37  5.00875e+08
48  38  5.38773e+08
48  39  5.2173e+08
48  40  4.40966e+08
48  41  4.29083e+08
48  42  4.38437e+08
48  43  4.23577e+08
48  44  5.01769e+08
48  45  4.32011e+08
48  46  4.0706e+08
48  47  4.44837e+08
48  48  4.61689e+08
48  49  4.38718e+08
48  50  4.63591e+08
49  0  1.06923e+09
49  1  1.03194e+09
49  2  1.01794e+09
49  3  1.01615e+09
49  4  9.66745e+08
49  5  9.65334e+08
49  6  1.01068e+09
49  7  8.88916e+08
49  8  8.37421e+08
49  9  8.55019e+08
49  10  7.5076e+08
49  11  7.66875e+08
49  12  6.70423e+08
49  13  7.59575e+08
49  14  7.83322e+08
49  15  6.67828e+08
49  16  6.85194e+08
49  17  7.22199e+08
49  18  7.17487e+08
49  19  6.96217e+08
49  20  6.77e+08
49  21  6.93771e+08
49  22  6.01113e+08
49  23  6.16913e+08
49  24  6.57468e+08
49  25  6.42519e+08
49  26  5.93573e+08
49  27  5.03525e+08
49  28  5.52388e+08
49  29  5.85468e+08
49  30  5.07091e+08
49  31  5.03496e+08
49  32  4.73987e+08
49  33  4.80814e+08
49  34  5.36537e+08
49  35  5.35476e+08
49  36  4.8224e+08
49  37  4.85242e+08
49  38  5.47752e+08
49  39  5.95862e+08
49  40  5.13561e+08
49  41  4.51926e+08
49  42  4.90432e+08
49  43  4.94718e+08
49  44  4.41236e+08
49  45  4.17499e+08
49  46  4.48803e+08
49  47  4.32256e+08
49  48  4.28523e+08
49  49  4.96185e+08
49  50  4.65063e+08
50  0  9.49386e+08
50  1  1.02996e+09
50  2  1.02352e+09
50  3  1.06804e+09
50  4  9.3738e+08
50  5  9.88019e+08
50  6  8.44559e+08
50  7  1.00443e+09
50  8  9.44271e+08
50  9  8.42903e+08
50  10  8.4141e+08
50  11  7.76899e+08
50  12  7.14435e+08
50  13  7.49782e+08
50  14  7.04027e+08
50  15  5.96149e+08
50  16  6.20495e+08
50  17  7.54762e+08
50  18  7.53331e+08
50  19  6.38556e+08
50  20  6.5564e+08
50  21  6.44205e+08
50  22  6.24218e+08
50  23  5.94036e+08
50  24  6.37449e+08
50  25  6.36617e+08
50  26  5.64256e+08
50  27  5.51413e+08
50  28  5.69267e+08
50  29  5.56943e+08
50  30  5.32165e+08
50  31  4.93868e+08
50  32  4.64502e+08
50  33  4.81615e+08
50  34  4.90101e+08
50  35  5.17959e+08
50  36  4.69597e+08
50  37  5.45957e+08
50  38  5.9874e+08
50  39  5.21529e+08
50  40  5.34263e+08
50  41  4.83414e+08
50  42  5.13649e+08
50  43  4.3418e+08
50  44  4.86872e+08
50  45  4.7288e+08
50  46  4.31696e+08
50  47  4.59905e+08
50  48  4.39591e+08
50  49  4.72523e+08
50  50  4.91989e+08

