row  column  (images_12_26nov.edf Mn_K*images_12_26nov.edf Ar_K**2.3)
0  0  1.80079e+08
0  1  1.45887e+08
0  2  1.87345e+08
0  3  1.37235e+08
0  4  9.80003e+07
0  5  7.61105e+07
0  6  1.10474e+08
0  7  4.92642e+07
0  8  1.29178e+08
0  9  1.18741e+08
0  10  1.40526e+08
0  11  1.64497e+08
0  12  1.18954e+08
0  13  7.52931e+07
0  14  1.58554e+08
0  15  1.06718e+08
0  16  1.4557e+08
0  17  1.39263e+08
0  18  1.67449e+08
0  19  9.64264e+07
0  20  1.33456e+08
0  21  1.26542e+08
0  22  1.67396e+08
0  23  1.14219e+08
0  24  2.52958e+08
0  25  1.40675e+08
0  26  1.69732e+08
0  27  1.63142e+08
0  28  1.45393e+08
0  29  1.79517e+08
0  30  1.41612e+08
0  31  1.13533e+08
0  32  7.0609e+07
0  33  1.06938e+08
0  34  1.38125e+08
0  35  1.76268e+08
0  36  1.35163e+08
0  37  6.04313e+07
0  38  1.44935e+08
0  39  1.12706e+08
0  40  1.15037e+08
0  41  1.1811e+08
0  42  1.60711e+08
0  43  9.02049e+07
0  44  1.14247e+08
0  45  1.13104e+08
0  46  8.76328e+07
0  47  7.20487e+07
0  48  1.23929e+08
0  49  1.34564e+08
0  50  1.644e+08
1  0  1.7737e+08
1  1  6.81893e+07
1  2  1.1494e+08
1  3  1.03525e+08
1  4  1.27143e+08
1  5  1.23455e+08
1  6  1.11162e+08
1  7  1.18726e+08
1  8  1.49557e+08
1  9  1.25194e+08
1  10  1.22695e+08
1  11  1.66317e+08
1  12  1.52992e+08
1  13  9.1189e+07
1  14  1.42307e+08
1  15  1.02028e+08
1  16  1.50738e+08
1  17  1.13141e+08
1  18  2.0111e+08
1  19  1.40035e+08
1  20  1.33912e+08
1  21  6.93123e+07
1  22  1.33396e+08
1  23  1.17766e+08
1  24  1.48634e+08
1  25  1.28639e+08
1  26  1.76663e+08
1  27  1.27593e+08
1  28  6.02489e+07
1  29  1.10528e+08
1  30  1.06608e+08
1  31  1.5968e+08
1  32  1.33025e+08
1  33  8.16984e+07
1  34  2.17772e+08
1  35  1.62979e+08
1  36  8.47357e+07
1  37  8.92412e+07
1  38  9.11419e+07
1  39  4.13781e+07
1  40  1.41038e+08
1  41  1.36088e+08
1  42  1.24473e+08
1  43  1.14024e+08
1  44  8.21078e+07
1  45  1.39964e+08
1  46  1.71439e+08
1  47  1.19456e+08
1  48  1.21567e+08
1  49  1.20076e+08
1  50  1.45882e+08
2  0  1.8619e+08
2  1  8.89523e+07
2  2  1.53638e+08
2  3  8.143e+07
2  4  1.16443e+08
2  5  9.97186e+07
2  6  1.01431e+08
2  7  1.12161e+08
2  8  1.72578e+08
2  9  1.20809e+08
2  10  1.38818e+08
2  11  1.8089e+08
2  12  9.05381e+07
2  13  1.84658e+08
2  14  1.78092e+08
2  15  6.78371e+07
2  16  5.90721e+07
2  17  1.59617e+08
2  18  9.96196e+07
2  19  1.57764e+08
2  20  1.18876e+08
2  21  1.49404e+08
2  22  1.00518e+08
2  23  1.38919e+08
2  24  7.89273e+07
2  25  1.37911e+08
2  26  1.63482e+08
2  27  8.66566e+07
2  28  7.43162e+07
2  29  1.45402e+08
2  30  1.74272e+08
2  31  9.50364e+07
2  32  8.73583e+07
2  33  1.45495e+08
2  34  1.58249e+08
2  35  1.20029e+08
2  36  1.28787e+08
2  37  1.05323e+08
2  38  1.18089e+08
2  39  1.5823e+08
2  40  1.12843e+08
2  41  1.39637e+08
2  42  1.03288e+08
2  43  1.0895e+08
2  44  1.52649e+08
2  45  1.00087e+08
2  46  1.14757e+08
2  47  8.89182e+07
2  48  1.51691e+08
2  49  1.76488e+08
2  50  1.00109e+08
3  0  1.65834e+08
3  1  7.43641e+07
3  2  1.16412e+08
3  3  1.08331e+08
3  4  1.31839e+08
3  5  1.15032e+08
3  6  8.40347e+07
3  7  7.94902e+07
3  8  6.47629e+07
3  9  1.33573e+08
3  10  9.72654e+07
3  11  1.41279e+08
3  12  1.07287e+08
3  13  1.761e+08
3  14  1.73355e+08
3  15  7.00147e+07
3  16  1.09669e+08
3  17  1.04839e+08
3  18  1.00934e+08
3  19  1.43018e+08
3  20  1.54939e+08
3  21  1.28791e+08
3  22  1.33977e+08
3  23  1.34631e+08
3  24  1.47251e+08
3  25  8.86272e+07
3  26  5.21516e+07
3  27  1.0232e+08
3  28  1.4359e+08
3  29  1.24519e+08
3  30  8.08205e+07
3  31  9.52146e+07
3  32  9.39253e+07
3  33  7.4714e+07
3  34  1.31708e+08
3  35  1.26958e+08
3  36  1.14061e+08
3  37  6.73912e+07
3  38  6.36273e+07
3  39  1.15291e+08
3  40  8.3633e+07
3  41  1.30498e+08
3  42  1.95157e+08
3  43  1.1072e+08
3  44  1.25045e+08
3  45  1.51257e+08
3  46  1.14037e+08
3  47  8.93966e+07
3  48  8.29284e+07
3  49  1.58713e+08
3  50  4.74427e+07
4  0  2.04949e+08
4  1  1.19622e+08
4  2  1.35867e+08
4  3  1.03256e+08
4  4  5.73406e+07
4  5  7.52892e+07
4  6  1.35561e+08
4  7  1.99815e+08
4  8  1.1138e+08
4  9  8.58601e+07
4  10  1.55628e+08
4  11  1.1001e+08
4  12  1.8513e+08
4  13  1.3454e+08
4  14  1.14758e+08
4  15  2.28775e+08
4  16  1.88358e+08
4  17  1.58999e+08
4  18  1.18233e+08
4  19  1.76809e+08
4  20  1.32854e+08
4  21  1.13944e+08
4  22  4.09905e+07
4  23  1.44598e+08
4  24  2.04609e+08
4  25  1.85362e+08
4  26  9.5813e+07
4  27  1.3459e+08
4  28  1.25358e+08
4  29  1.14849e+08
4  30  1.30535e+08
4  31  1.19695e+08
4  32  1.16379e+08
4  33  1.63359e+08
4  34  8.93497e+07
4  35  1.18369e+08
4  36  7.63807e+07
4  37  8.49472e+07
4  38  8.92791e+07
4  39  1.14325e+08
4  40  1.71598e+08
4  41  8.59732e+07
4  42  1.31724e+08
4  43  1.78493e+08
4  44  1.77018e+08
4  45  1.17563e+08
4  46  1.00244e+08
4  47  1.40767e+08
4  48  7.54047e+07
4  49  6.34861e+07
4  50  1.01857e+08
5  0  1.67353e+08
5  1  1.92236e+08
5  2  1.09054e+08
5  3  1.35994e+08
5  4  1.1548e+08
5  5  1.73911e+08
5  6  1.25945e+08
5  7  1.00848e+08
5  8  2.14163e+08
5  9  1.02987e+08
5  10  1.44134e+08
5  11  1.71522e+08
5  12  1.31223e+08
5  13  1.62924e+08
5  14  9.03354e+07
5  15  1.40078e+08
5  16  1.1687e+08
5  17  6.27978e+07
5  18  1.16055e+08
5  19  1.40498e+08
5  20  1.61341e+08
5  21  1.045e+08
5  22  1.29261e+08
5  23  1.17913e+08
5  24  2.07514e+08
5  25  9.51902e+07
5  26  1.33882e+08
5  27  1.11879e+08
5  28  9.69442e+07
5  29  1.06689e+08
5  30  1.17773e+08
5  31  8.44586e+07
5  32  8.94564e+07
5  33  1.87046e+08
5  34  4.75425e+07
5  35  1.00375e+08
5  36  1.30417e+08
5  37  9.53935e+07
5  38  1.33643e+08
5  39  1.54592e+08
5  40  8.52348e+07
5  41  8.66005e+07
5  42  2.19737e+08
5  43  1.36022e+08
5  44  1.37086e+08
5  45  1.54712e+08
5  46  5.20411e+07
5  47  9.2006e+07
5  48  1.91501e+08
5  49  1.51503e+08
5  50  1.1865e+08
6  0  1.63346e+08
6  1  1.22937e+08
6  2  1.23483e+08
6  3  6.53425e+07
6  4  1.08266e+08
6  5  4.1802e+07
6  6  1.32491e+08
6  7  5.75961e+07
6  8  1.41456e+08
6  9  1.24996e+08
6  10  1.01114e+08
6  11  8.67719e+07
6  12  1.1266e+08
6  13  1.43117e+08
6  14  9.0308e+07
6  15  1.50171e+08
6  16  8.67683e+07
6  17  1.7275e+08
6  18  1.77063e+08
6  19  6.93613e+07
6  20  1.63253e+08
6  21  1.22753e+08
6  22  1.55467e+08
6  23  1.31803e+08
6  24  9.34073e+07
6  25  1.12368e+08
6  26  2.02839e+08
6  27  1.44824e+08
6  28  9.3068e+07
6  29  1.54063e+08
6  30  1.30297e+08
6  31  7.38919e+07
6  32  1.17773e+08
6  33  1.11054e+08
6  34  8.44219e+07
6  35  7.30284e+07
6  36  1.20665e+08
6  37  1.31818e+08
6  38  1.4278e+08
6  39  1.47821e+08
6  40  2.29844e+08
6  41  1.58292e+08
6  42  7.27521e+07
6  43  1.2576e+08
6  44  1.59364e+08
6  45  1.21712e+08
6  46  0
6  47  1.23523e+08
6  48  1.32153e+08
6  49  7.93445e+07
6  50  1.1056e+08
7  0  1.28798e+08
7  1  2.12717e+08
7  2  1.7968e+08
7  3  4.34504e+07
7  4  8.59324e+07
7  5  5.07404e+07
7  6  1.26579e+08
7  7  1.35824e+08
7  8  1.19102e+08
7  9  3.76267e+07
7  10  5.54477e+07
7  11  1.39011e+08
7  12  1.16411e+08
7  13  9.96134e+07
7  14  1.32737e+08
7  15  1.49888e+08
7  16  1.07772e+08
7  17  1.38917e+08
7  18  1.00276e+08
7  19  1.81018e+08
7  20  1.07262e+08
7  21  1.35341e+08
7  22  8.67651e+07
7  23  1.45592e+08
7  24  1.24252e+08
7  25  1.02666e+08
7  26  1.27038e+08
7  27  1.23066e+08
7  28  1.07978e+08
7  29  1.03934e+08
7  30  6.7049e+07
7  31  9.98208e+07
7  32  1.04308e+08
7  33  1.56898e+08
7  34  1.4617e+08
7  35  1.38546e+08
7  36  9.54635e+07
7  37  1.63019e+08
7  38  1.41289e+08
7  39  1.52192e+08
7  40  1.68693e+08
7  41  1.27399e+08
7  42  4.94557e+07
7  43  1.82696e+08
7  44  1.40543e+08
7  45  1.51679e+08
7  46  1.34915e+08
7  47  1.64812e+08
7  48  1.72717e+08
7  49  8.50644e+07
7  50  9.64024e+07
8  0  1.56754e+08
8  1  1.77344e+08
8  2  1.3824e+08
8  3  1.01833e+08
8  4  1.16088e+08
8  5  5.90503e+07
8  6  1.83343e+08
8  7  1.24246e+08
8  8  1.08477e+08
8  9  7.23995e+07
8  10  6.56418e+07
8  11  1.00553e+08
8  12  1.89157e+08
8  13  1.01489e+08
8  14  1.33992e+08
8  15  2.20364e+08
8  16  1.11154e+08
8  17  1.92437e+08
8  18  1.26674e+08
8  19  1.29782e+08
8  20  1.64874e+08
8  21  8.64993e+07
8  22  1.47256e+08
8  23  1.33989e+08
8  24  1.51084e+08
8  25  7.73535e+07
8  26  1.90637e+08
8  27  1.62656e+08
8  28  4.32046e+07
8  29  1.08791e+08
8  30  1.17749e+08
8  31  1.0367e+08
8  32  1.05833e+08
8  33  5.27594e+07
8  34  1.23036e+08
8  35  1.05736e+08
8  36  1.23677e+08
8  37  8.79829e+07
8  38  1.93514e+08
8  39  1.36087e+08
8  40  1.06536e+08
8  41  1.46057e+08
8  42  1.26727e+08
8  43  1.33169e+08
8  44  1.44939e+08
8  45  7.23448e+07
8  46  1.50064e+08
8  47  1.63538e+08
8  48  8.56152e+07
8  49  1.3047e+08
8  50  9.92411e+07
9  0  1.52584e+08
9  1  1.67081e+08
9  2  1.04814e+08
9  3  1.71119e+08
9  4  7.33165e+07
9  5  9.73018e+07
9  6  1.96132e+08
9  7  1.77564e+08
9  8  1.17803e+08
9  9  4.13698e+07
9  10  7.95561e+07
9  11  1.76228e+08
9  12  1.4815e+08
9  13  7.57195e+07
9  14  1.26352e+08
9  15  8.66266e+07
9  16  1.02571e+08
9  17  8.10895e+07
9  18  1.07393e+08
9  19  9.28995e+07
9  20  1.76868e+08
9  21  1.46271e+08
9  22  1.40477e+08
9  23  1.49024e+08
9  24  8.82952e+07
9  25  1.59231e+08
9  26  1.01031e+08
9  27  1.81048e+08
9  28  9.02428e+07
9  29  1.01783e+08
9  30  7.08116e+07
9  31  1.2486e+08
9  32  7.64596e+07
9  33  7.80238e+07
9  34  1.52385e+08
9  35  8.49511e+07
9  36  1.54481e+08
9  37  1.32283e+08
9  38  1.83842e+08
9  39  1.38609e+08
9  40  9.58283e+07
9  41  1.20006e+08
9  42  7.58508e+07
9  43  1.64239e+08
9  44  1.25118e+08
9  45  1.64616e+08
9  46  1.48443e+08
9  47  8.83103e+07
9  48  1.47415e+08
9  49  7.54814e+07
9  50  8.98832e+07
10  0  1.35429e+08
10  1  1.18343e+08
10  2  1.3662e+08
10  3  1.55174e+08
10  4  1.06713e+08
10  5  6.39798e+07
10  6  1.71984e+08
10  7  1.32436e+08
10  8  1.6566e+08
10  9  9.86853e+07
10  10  1.00604e+08
10  11  1.40218e+08
10  12  1.60549e+08
10  13  1.29206e+08
10  14  1.21009e+08
10  15  1.33665e+08
10  16  1.34947e+08
10  17  2.03034e+08
10  18  1.63761e+08
10  19  1.3673e+08
10  20  1.40411e+08
10  21  1.32905e+08
10  22  1.55567e+08
10  23  9.65928e+07
10  24  9.49584e+07
10  25  1.01143e+08
10  26  1.10223e+08
10  27  1.43054e+08
10  28  1.60127e+08
10  29  8.04658e+07
10  30  9.50229e+07
10  31  1.41629e+08
10  32  1.29173e+08
10  33  1.59452e+08
10  34  7.66205e+07
10  35  1.67271e+08
10  36  1.07736e+08
10  37  1.38418e+08
10  38  1.82197e+08
10  39  1.29241e+08
10  40  1.20108e+08
10  41  1.03774e+08
10  42  1.43575e+08
10  43  9.70004e+07
10  44  1.23552e+08
10  45  1.14345e+08
10  46  1.20122e+08
10  47  9.90019e+07
10  48  1.42685e+08
10  49  1.46866e+08
10  50  1.38087e+08
11  0  2.19534e+08
11  1  1.70981e+08
11  2  2.23838e+08
11  3  1.71803e+08
11  4  1.14562e+08
11  5  9.7222e+07
11  6  9.66027e+07
11  7  1.38155e+08
11  8  1.43609e+08
11  9  1.26344e+08
11  10  1.07606e+08
11  11  1.69668e+08
11  12  1.74747e+08
11  13  9.20431e+07
11  14  8.15808e+07
11  15  6.14349e+07
11  16  1.59645e+08
11  17  1.26115e+08
11  18  1.33069e+08
11  19  1.79942e+08
11  20  1.56068e+08
11  21  1.72526e+08
11  22  8.98289e+07
11  23  5.64702e+07
11  24  1.01084e+08
11  25  9.19793e+07
11  26  1.4784e+08
11  27  1.4788e+08
11  28  1.02516e+08
11  29  1.39759e+08
11  30  1.59804e+08
11  31  7.48429e+07
11  32  1.4613e+08
11  33  1.59514e+08
11  34  8.9466e+07
11  35  1.35498e+08
11  36  6.94709e+07
11  37  1.28678e+08
11  38  1.60079e+08
11  39  8.57212e+07
11  40  1.6909e+08
11  41  1.02379e+08
11  42  1.21761e+08
11  43  1.11935e+08
11  44  9.86837e+07
11  45  1.04212e+08
11  46  9.86694e+07
11  47  4.2208e+07
11  48  5.21687e+07
11  49  1.11226e+08
11  50  3.63168e+07
12  0  1.60294e+08
12  1  1.50149e+08
12  2  1.06595e+08
12  3  1.36004e+08
12  4  1.22696e+08
12  5  9.30453e+07
12  6  9.2197e+07
12  7  1.66312e+08
12  8  1.23077e+08
12  9  1.04314e+08
12  10  7.48735e+07
12  11  9.62262e+07
12  12  1.61264e+08
12  13  1.79237e+08
12  14  1.36913e+08
12  15  8.28935e+07
12  16  1.18045e+08
12  17  1.18199e+08
12  18  1.27012e+08
12  19  1.09336e+08
12  20  1.19783e+08
12  21  5.99488e+07
12  22  1.15119e+08
12  23  8.88085e+07
12  24  1.01754e+08
12  25  1.1978e+08
12  26  1.08144e+08
12  27  1.87103e+08
12  28  1.4776e+08
12  29  2.43272e+07
12  30  3.80617e+07
12  31  1.35875e+08
12  32  1.58472e+08
12  33  1.27154e+08
12  34  1.88996e+08
12  35  7.5911e+07
12  36  6.68672e+07
12  37  1.58963e+08
12  38  1.49055e+08
12  39  1.05829e+08
12  40  1.18373e+08
12  41  1.22807e+08
12  42  9.40601e+07
12  43  1.25879e+08
12  44  1.33623e+08
12  45  1.08234e+08
12  46  1.01787e+08
12  47  9.16123e+07
12  48  7.2754e+07
12  49  1.74937e+08
12  50  1.34553e+08
13  0  1.52377e+08
13  1  1.53034e+08
13  2  1.27256e+08
13  3  1.70321e+08
13  4  1.54885e+08
13  5  7.66216e+07
13  6  1.40852e+08
13  7  1.2335e+08
13  8  5.78602e+07
13  9  1.168e+08
13  10  7.70492e+07
13  11  6.59328e+07
13  12  7.1478e+07
13  13  5.04919e+07
13  14  9.24012e+07
13  15  1.53595e+08
13  16  1.58875e+08
13  17  1.60823e+08
13  18  1.1523e+08
13  19  1.02381e+08
13  20  1.43533e+08
13  21  4.8864e+07
13  22  1.14706e+08
13  23  1.06205e+08
13  24  3.97978e+07
13  25  8.64366e+07
13  26  1.23436e+08
13  27  1.72164e+08
13  28  1.16478e+08
13  29  1.47257e+08
13  30  1.01358e+08
13  31  1.43705e+08
13  32  7.02195e+07
13  33  2.16786e+08
13  34  1.21193e+08
13  35  9.83593e+07
13  36  3.67395e+07
13  37  2.44652e+08
13  38  1.32187e+08
13  39  8.14428e+07
13  40  7.12516e+07
13  41  8.54376e+07
13  42  1.33467e+08
13  43  8.84089e+07
13  44  9.2956e+07
13  45  1.20521e+08
13  46  1.73942e+08
13  47  1.55868e+08
13  48  1.64349e+08
13  49  1.92933e+08
13  50  1.21256e+08
14  0  1.75672e+08
14  1  2.01251e+08
14  2  1.94692e+08
14  3  1.09359e+08
14  4  8.26696e+07
14  5  1.34498e+08
14  6  1.38851e+08
14  7  1.02375e+08
14  8  1.05125e+08
14  9  6.26619e+07
14  10  9.06107e+07
14  11  1.45544e+08
14  12  1.24438e+08
14  13  6.81549e+07
14  14  1.08454e+08
14  15  7.21107e+07
14  16  1.80242e+08
14  17  2.27161e+08
14  18  1.20096e+08
14  19  8.52198e+07
14  20  1.83681e+08
14  21  1.70864e+08
14  22  1.05171e+08
14  23  6.90058e+07
14  24  1.41209e+08
14  25  1.00541e+08
14  26  1.78896e+08
14  27  9.97844e+07
14  28  1.88743e+08
14  29  1.42637e+08
14  30  1.66628e+08
14  31  7.77516e+07
14  32  9.94986e+07
14  33  5.29677e+07
14  34  1.24941e+08
14  35  1.25075e+08
14  36  1.36974e+08
14  37  1.19522e+08
14  38  1.83035e+08
14  39  1.24799e+08
14  40  1.68084e+08
14  41  1.07537e+08
14  42  1.58801e+08
14  43  1.04735e+08
14  44  1.48236e+08
14  45  1.83391e+08
14  46  1.47085e+08
14  47  1.03696e+08
14  48  1.48941e+08
14  49  9.12726e+07
14  50  1.51031e+08
15  0  1.87801e+08
15  1  1.33999e+08
15  2  1.79592e+08
15  3  1.69141e+08
15  4  1.85478e+08
15  5  1.06878e+08
15  6  6.97109e+07
15  7  1.04769e+08
15  8  6.49907e+07
15  9  1.13889e+08
15  10  6.27105e+07
15  11  1.38541e+08
15  12  9.09453e+07
15  13  1.3153e+08
15  14  1.72096e+08
15  15  1.33829e+08
15  16  1.14528e+08
15  17  1.47141e+08
15  18  1.57484e+08
15  19  1.56024e+08
15  20  1.44022e+08
15  21  1.21902e+08
15  22  1.46006e+08
15  23  1.0197e+08
15  24  6.59264e+07
15  25  1.40913e+08
15  26  1.87721e+08
15  27  1.50561e+08
15  28  8.39032e+07
15  29  5.83804e+07
15  30  1.16857e+08
15  31  1.74348e+08
15  32  1.78611e+08
15  33  1.36096e+08
15  34  7.60307e+07
15  35  9.43338e+07
15  36  8.86765e+07
15  37  2.04613e+08
15  38  1.46774e+08
15  39  1.0158e+08
15  40  7.1814e+07
15  41  1.05899e+08
15  42  1.63026e+08
15  43  1.26668e+08
15  44  8.57699e+07
15  45  1.35253e+08
15  46  9.55803e+07
15  47  9.39241e+07
15  48  1.78997e+08
15  49  1.07225e+08
15  50  1.45021e+08
16  0  1.3294e+08
16  1  1.52516e+08
16  2  2.11234e+08
16  3  1.53394e+08
16  4  7.08757e+07
16  5  1.10353e+08
16  6  1.33143e+08
16  7  9.40109e+07
16  8  1.66277e+08
16  9  4.01219e+07
16  10  1.02713e+08
16  11  1.13774e+08
16  12  9.08679e+07
16  13  9.88979e+07
16  14  5.77166e+07
16  15  1.72415e+08
16  16  1.97662e+08
16  17  1.56332e+08
16  18  1.02754e+08
16  19  1.41287e+08
16  20  1.02236e+08
16  21  1.49973e+08
16  22  1.00213e+08
16  23  8.64092e+07
16  24  1.10462e+08
16  25  7.72336e+07
16  26  1.03102e+08
16  27  2.0597e+08
16  28  1.18707e+08
16  29  1.222e+08
16  30  1.09937e+08
16  31  6.96295e+07
16  32  1.43156e+08
16  33  1.22285e+08
16  34  1.01197e+08
16  35  9.72199e+07
16  36  6.5825e+07
16  37  9.32796e+07
16  38  1.16664e+08
16  39  1.09252e+08
16  40  1.34435e+08
16  41  2.15782e+08
16  42  1.82112e+08
16  43  1.08202e+08
16  44  1.33587e+08
16  45  1.66913e+08
16  46  1.61714e+08
16  47  1.48558e+08
16  48  1.36845e+08
16  49  6.44048e+07
16  50  1.27393e+08
17  0  1.24196e+08
17  1  1.08298e+08
17  2  1.06038e+08
17  3  1.73064e+08
17  4  1.41143e+08
17  5  5.38036e+07
17  6  1.23237e+08
17  7  1.57341e+08
17  8  1.68534e+08
17  9  1.89366e+07
17  10  4.67151e+07
17  11  9.73814e+07
17  12  1.22874e+08
17  13  8.04773e+07
17  14  9.86277e+07
17  15  9.02383e+07
17  16  1.29939e+08
17  17  1.38122e+08
17  18  1.07069e+08
17  19  1.95756e+08
17  20  1.54637e+08
17  21  1.25031e+08
17  22  9.80262e+07
17  23  6.62624e+07
17  24  9.70637e+07
17  25  1.11967e+08
17  26  6.89801e+07
17  27  1.02266e+08
17  28  1.15792e+08
17  29  8.82409e+07
17  30  8.78946e+07
17  31  1.27522e+08
17  32  2.03085e+08
17  33  1.39381e+08
17  34  6.89413e+07
17  35  9.20385e+07
17  36  8.03476e+07
17  37  1.45108e+08
17  38  8.1109e+07
17  39  1.3624e+08
17  40  1.77288e+08
17  41  6.9926e+07
17  42  1.16831e+08
17  43  1.03541e+08
17  44  1.22605e+08
17  45  1.78386e+08
17  46  2.19096e+08
17  47  1.50715e+08
17  48  7.6046e+07
17  49  1.54457e+08
17  50  9.20464e+07
18  0  1.74636e+08
18  1  1.95832e+08
18  2  8.76907e+07
18  3  1.11491e+08
18  4  1.63445e+08
18  5  1.28497e+08
18  6  1.23362e+08
18  7  1.17137e+08
18  8  1.5019e+08
18  9  9.3871e+07
18  10  1.14575e+08
18  11  1.5757e+08
18  12  1.23052e+08
18  13  6.35929e+07
18  14  1.014e+08
18  15  1.25234e+08
18  16  9.03309e+07
18  17  7.37528e+07
18  18  9.22226e+07
18  19  1.56024e+08
18  20  1.22835e+08
18  21  1.33756e+08
18  22  1.43541e+08
18  23  1.04016e+08
18  24  6.71091e+07
18  25  6.22233e+07
18  26  6.29194e+07
18  27  9.61273e+07
18  28  1.50784e+08
18  29  1.04536e+08
18  30  1.08198e+08
18  31  1.29114e+08
18  32  1.15514e+08
18  33  9.90409e+07
18  34  1.33045e+08
18  35  1.24763e+08
18  36  1.42549e+08
18  37  1.42083e+08
18  38  8.09014e+07
18  39  1.83353e+08
18  40  9.02356e+07
18  41  1.0302e+08
18  42  1.74395e+08
18  43  8.80709e+07
18  44  1.41262e+08
18  45  1.54721e+08
18  46  1.37353e+08
18  47  1.5691e+08
18  48  2.52777e+08
18  49  1.02313e+08
18  50  1.18117e+08
19  0  1.84851e+08
19  1  1.95691e+08
19  2  1.90564e+08
19  3  1.94022e+08
19  4  1.94127e+08
19  5  1.62487e+08
19  6  1.33668e+08
19  7  1.07776e+08
19  8  1.49483e+08
19  9  9.28251e+07
19  10  1.57685e+08
19  11  3.4127e+07
19  12  8.2091e+07
19  13  1.15321e+08
19  14  1.08198e+08
19  15  6.0396e+07
19  16  1.22953e+08
19  17  9.37109e+07
19  18  1.52024e+08
19  19  1.39671e+08
19  20  1.47243e+08
19  21  1.69172e+08
19  22  1.86616e+08
19  23  1.3444e+08
19  24  1.3399e+08
19  25  7.20802e+07
19  26  9.03216e+07
19  27  1.32599e+08
19  28  1.84524e+08
19  29  1.09456e+08
19  30  1.80832e+08
19  31  7.73814e+07
19  32  1.30215e+08
19  33  1.37921e+08
19  34  1.25339e+08
19  35  1.20884e+08
19  36  1.47728e+08
19  37  9.15229e+07
19  38  1.02794e+08
19  39  5.71967e+07
19  40  8.98072e+07
19  41  1.65562e+08
19  42  1.28772e+08
19  43  1.01491e+08
19  44  1.67772e+08
19  45  1.65224e+08
19  46  1.59912e+08
19  47  1.30221e+08
19  48  1.69837e+08
19  49  1.79921e+08
19  50  1.26388e+08
20  0  1.32809e+08
20  1  2.52479e+08
20  2  1.84211e+08
20  3  1.20841e+08
20  4  1.28178e+08
20  5  8.63146e+07
20  6  1.8708e+08
20  7  1.45849e+08
20  8  1.22207e+08
20  9  1.4314e+08
20  10  1.50506e+08
20  11  7.46947e+07
20  12  1.46389e+08
20  13  1.3593e+08
20  14  8.264e+07
20  15  4.04921e+07
20  16  9.2333e+07
20  17  1.10587e+08
20  18  1.16402e+08
20  19  1.36907e+08
20  20  1.87296e+08
20  21  1.5789e+08
20  22  7.65061e+07
20  23  1.37396e+08
20  24  1.03136e+08
20  25  7.51024e+07
20  26  1.09088e+08
20  27  8.14374e+07
20  28  1.53418e+08
20  29  1.66201e+08
20  30  1.47211e+08
20  31  1.55505e+08
20  32  7.17338e+07
20  33  1.31704e+08
20  34  6.3926e+07
20  35  8.23261e+07
20  36  1.33198e+08
20  37  7.43738e+07
20  38  1.01755e+08
20  39  1.39112e+08
20  40  8.15275e+07
20  41  9.29192e+07
20  42  1.48454e+08
20  43  2.13412e+08
20  44  1.35637e+08
20  45  1.24396e+08
20  46  1.47956e+08
20  47  1.49355e+08
20  48  2.29801e+08
20  49  1.61903e+08
20  50  1.33617e+08
21  0  1.26434e+08
21  1  1.93252e+08
21  2  1.68128e+08
21  3  2.06423e+08
21  4  1.30195e+08
21  5  1.43739e+08
21  6  1.73254e+08
21  7  1.36437e+08
21  8  1.08041e+08
21  9  9.54991e+07
21  10  1.0928e+08
21  11  8.37909e+07
21  12  1.50969e+08
21  13  1.1908e+08
21  14  1.46658e+08
21  15  1.29338e+08
21  16  1.30857e+08
21  17  1.03569e+08
21  18  1.42423e+08
21  19  1.22238e+08
21  20  1.21832e+08
21  21  1.58571e+08
21  22  4.65549e+07
21  23  1.41951e+08
21  24  1.84443e+08
21  25  3.56207e+07
21  26  3.25212e+07
21  27  1.42756e+08
21  28  7.29678e+07
21  29  1.18687e+08
21  30  1.30384e+08
21  31  1.74096e+08
21  32  1.58017e+08
21  33  1.26106e+08
21  34  8.46304e+07
21  35  8.0135e+07
21  36  1.23827e+08
21  37  1.33428e+08
21  38  1.41557e+08
21  39  9.34622e+07
21  40  1.13125e+08
21  41  1.25653e+08
21  42  1.22739e+08
21  43  1.08785e+08
21  44  1.18541e+08
21  45  2.16973e+08
21  46  1.14012e+08
21  47  1.35761e+08
21  48  1.60941e+08
21  49  1.481e+08
21  50  1.24086e+08
22  0  2.53244e+08
22  1  1.64775e+08
22  2  1.9202e+08
22  3  6.84478e+07
22  4  9.31755e+07
22  5  1.52765e+08
22  6  1.48244e+08
22  7  4.40577e+07
22  8  1.32219e+08
22  9  1.22056e+08
22  10  1.1225e+08
22  11  1.50281e+08
22  12  1.41132e+08
22  13  9.46323e+07
22  14  1.01764e+08
22  15  1.14723e+08
22  16  1.01958e+08
22  17  1.52147e+08
22  18  5.40875e+07
22  19  1.30732e+08
22  20  1.25617e+08
22  21  1.01716e+08
22  22  1.24079e+08
22  23  1.16709e+08
22  24  9.49104e+07
22  25  1.18694e+08
22  26  3.85801e+07
22  27  5.19535e+07
22  28  1.63196e+08
22  29  1.11229e+08
22  30  1.11735e+08
22  31  1.15338e+08
22  32  1.14521e+08
22  33  1.32742e+08
22  34  7.15713e+07
22  35  6.3678e+07
22  36  1.49174e+08
22  37  9.93177e+07
22  38  1.29192e+08
22  39  1.60004e+08
22  40  1.67869e+08
22  41  1.17906e+08
22  42  6.80851e+07
22  43  1.45574e+08
22  44  4.72611e+07
22  45  1.39232e+08
22  46  1.48134e+08
22  47  1.73549e+08
22  48  1.90683e+08
22  49  1.01244e+08
22  50  1.4228e+08
23  0  2.25285e+08
23  1  1.5933e+08
23  2  8.89355e+07
23  3  1.02741e+08
23  4  1.20006e+08
23  5  1.34551e+08
23  6  9.59363e+07
23  7  1.74894e+08
23  8  6.91329e+07
23  9  1.44788e+08
23  10  1.10872e+08
23  11  1.17097e+08
23  12  1.34511e+08
23  13  1.83513e+08
23  14  5.43713e+07
23  15  1.27571e+08
23  16  3.94669e+07
23  17  8.62214e+07
23  18  1.20855e+08
23  19  1.03838e+08
23  20  1.11238e+08
23  21  7.4813e+07
23  22  1.33264e+08
23  23  9.67919e+07
23  24  1.61064e+08
23  25  9.2686e+07
23  26  1.08522e+08
23  27  1.32046e+08
23  28  1.63194e+08
23  29  9.32158e+07
23  30  1.1372e+08
23  31  1.50941e+08
23  32  8.3002e+07
23  33  9.98258e+07
23  34  1.777e+08
23  35  1.79572e+08
23  36  1.18696e+08
23  37  1.12576e+08
23  38  1.19871e+08
23  39  1.4114e+08
23  40  1.37839e+08
23  41  1.21406e+08
23  42  1.2671e+08
23  43  1.45965e+08
23  44  8.3468e+07
23  45  1.998e+08
23  46  1.9364e+08
23  47  1.61702e+08
23  48  2.15524e+08
23  49  1.03899e+08
23  50  1.25224e+08
24  0  9.18654e+07
24  1  1.92959e+08
24  2  1.32921e+08
24  3  1.36695e+08
24  4  1.22891e+08
24  5  8.99121e+07
24  6  1.03604e+08
24  7  7.98841e+07
24  8  1.62549e+08
24  9  1.39932e+08
24  10  4.37355e+07
24  11  1.62048e+08
24  12  8.90772e+07
24  13  1.33113e+08
24  14  5.10214e+07
24  15  1.40444e+08
24  16  1.53684e+08
24  17  7.80003e+07
24  18  1.4868e+08
24  19  1.50505e+08
24  20  1.42421e+08
24  21  7.21348e+07
24  22  1.69015e+08
24  23  5.50799e+07
24  24  1.00127e+08
24  25  6.66539e+07
24  26  8.95214e+07
24  27  6.70315e+07
24  28  9.10451e+07
24  29  2.00464e+08
24  30  7.56078e+07
24  31  1.34147e+08
24  32  1.4237e+08
24  33  1.136e+08
24  34  9.76623e+07
24  35  9.59602e+07
24  36  9.65766e+07
24  37  1.25817e+08
24  38  1.84014e+08
24  39  1.00976e+08
24  40  1.66825e+08
24  41  7.60203e+07
24  42  1.61839e+08
24  43  1.50741e+08
24  44  1.39393e+08
24  45  2.28279e+08
24  46  1.59722e+08
24  47  2.10614e+08
24  48  1.61097e+08
24  49  1.23778e+08
24  50  1.31214e+08
25  0  1.18147e+08
25  1  1.14455e+08
25  2  8.60289e+07
25  3  1.09095e+08
25  4  1.13738e+08
25  5  7.45501e+07
25  6  1.15028e+08
25  7  1.62386e+08
25  8  1.38526e+08
25  9  1.36699e+08
25  10  6.97731e+07
25  11  7.31522e+07
25  12  6.37859e+07
25  13  8.52224e+07
25  14  1.0153e+08
25  15  1.30208e+08
25  16  7.49375e+07
25  17  8.09033e+07
25  18  1.39108e+08
25  19  9.27414e+07
25  20  1.37756e+08
25  21  1.43442e+08
25  22  7.24291e+07
25  23  1.7597e+08
25  24  1.23605e+08
25  25  5.22846e+07
25  26  8.11359e+07
25  27  5.38712e+07
25  28  5.37822e+07
25  29  1.29105e+08
25  30  8.168e+07
25  31  6.63024e+07
25  32  9.7797e+07
25  33  1.12232e+08
25  34  1.98086e+08
25  35  1.04613e+08
25  36  1.39177e+08
25  37  1.19322e+08
25  38  8.30379e+07
25  39  1.10813e+08
25  40  1.24947e+08
25  41  1.07965e+08
25  42  9.33734e+07
25  43  1.49675e+08
25  44  9.78503e+07
25  45  1.27254e+08
25  46  1.10505e+08
25  47  1.75269e+08
25  48  1.31494e+08
25  49  8.40881e+07
25  50  1.36066e+08
26  0  1.16966e+08
26  1  1.44124e+08
26  2  7.40542e+07
26  3  1.39962e+08
26  4  1.82932e+08
26  5  1.53105e+08
26  6  6.97866e+07
26  7  1.02479e+08
26  8  8.68917e+07
26  9  1.906e+08
26  10  1.37779e+08
26  11  1.466e+08
26  12  8.87171e+07
26  13  1.11784e+08
26  14  1.57476e+08
26  15  8.03297e+07
26  16  8.74678e+07
26  17  8.72475e+07
26  18  1.88448e+08
26  19  1.59822e+08
26  20  9.89438e+07
26  21  9.32573e+07
26  22  1.1284e+08
26  23  1.65272e+08
26  24  1.25134e+08
26  25  8.43858e+07
26  26  9.71968e+07
26  27  9.64123e+07
26  28  7.90033e+07
26  29  1.70294e+08
26  30  1.45613e+08
26  31  1.2931e+08
26  32  1.07662e+08
26  33  1.16007e+08
26  34  8.0746e+07
26  35  1.0059e+08
26  36  1.88491e+08
26  37  1.45949e+08
26  38  8.89259e+07
26  39  2.08704e+08
26  40  9.29189e+07
26  41  6.54495e+07
26  42  7.28058e+07
26  43  1.42728e+08
26  44  5.28454e+07
26  45  1.28202e+08
26  46  1.03073e+08
26  47  1.62135e+08
26  48  2.06605e+08
26  49  1.30294e+08
26  50  1.40109e+08
27  0  7.11659e+07
27  1  2.0487e+08
27  2  1.8835e+08
27  3  7.56159e+07
27  4  1.15877e+08
27  5  5.58649e+07
27  6  1.11385e+08
27  7  1.23404e+08
27  8  1.29136e+08
27  9  1.32709e+08
27  10  1.24179e+08
27  11  1.14422e+08
27  12  1.02345e+08
27  13  1.08017e+08
27  14  1.12966e+08
27  15  5.24357e+07
27  16  9.40083e+07
27  17  6.99068e+07
27  18  1.52687e+08
27  19  9.6507e+07
27  20  1.03827e+08
27  21  1.02931e+08
27  22  8.37125e+07
27  23  1.04676e+08
27  24  8.78825e+07
27  25  1.20296e+08
27  26  1.6515e+08
27  27  1.38339e+08
27  28  7.32175e+07
27  29  9.8959e+07
27  30  1.68526e+08
27  31  1.67116e+08
27  32  1.34875e+08
27  33  7.27936e+07
27  34  6.03846e+07
27  35  1.34964e+08
27  36  1.15558e+08
27  37  5.45993e+07
27  38  1.41565e+08
27  39  1.41992e+08
27  40  1.70507e+08
27  41  1.11339e+08
27  42  1.28913e+08
27  43  1.55008e+08
27  44  1.49305e+08
27  45  1.52707e+08
27  46  1.85659e+08
27  47  1.59421e+08
27  48  2.10861e+08
27  49  1.93597e+08
27  50  1.83239e+08
28  0  1.39696e+08
28  1  7.75237e+07
28  2  1.7191e+08
28  3  1.48822e+08
28  4  6.83598e+07
28  5  1.33282e+08
28  6  1.0822e+08
28  7  1.40223e+08
28  8  6.94165e+07
28  9  1.06436e+08
28  10  1.41903e+08
28  11  1.14466e+08
28  12  1.64787e+08
28  13  1.33664e+08
28  14  1.24316e+08
28  15  8.29557e+07
28  16  1.62968e+08
28  17  2.0337e+08
28  18  1.45879e+08
28  19  1.15497e+08
28  20  1.50137e+08
28  21  1.34099e+08
28  22  1.32967e+08
28  23  7.30795e+07
28  24  8.92666e+07
28  25  8.05673e+07
28  26  1.14915e+08
28  27  8.24163e+07
28  28  1.67704e+08
28  29  1.34499e+08
28  30  1.7305e+08
28  31  8.44338e+07
28  32  1.68959e+08
28  33  8.3269e+07
28  34  9.15851e+07
28  35  1.29446e+08
28  36  1.27652e+08
28  37  6.36125e+07
28  38  8.97713e+07
28  39  1.45017e+08
28  40  1.08523e+08
28  41  1.42239e+08
28  42  1.05187e+08
28  43  1.29848e+08
28  44  1.32487e+08
28  45  2.29619e+08
28  46  1.38808e+08
28  47  1.02901e+08
28  48  1.7517e+08
28  49  2.51916e+08
28  50  1.16673e+08
29  0  8.73192e+07
29  1  8.23935e+07
29  2  1.23295e+08
29  3  1.49725e+08
29  4  1.32982e+08
29  5  1.00313e+08
29  6  1.8772e+08
29  7  1.07143e+08
29  8  1.79845e+08
29  9  3.86784e+07
29  10  8.88326e+07
29  11  1.24419e+08
29  12  8.16042e+07
29  13  9.03318e+07
29  14  4.11857e+07
29  15  1.67859e+08
29  16  8.17012e+07
29  17  1.4585e+08
29  18  1.08368e+08
29  19  2.01029e+08
29  20  8.95332e+07
29  21  1.02078e+08
29  22  1.70655e+08
29  23  4.67123e+07
29  24  1.14188e+08
29  25  8.39565e+07
29  26  1.28477e+08
29  27  1.14335e+08
29  28  1.21657e+08
29  29  8.14766e+07
29  30  1.91302e+08
29  31  7.33582e+07
29  32  5.06074e+07
29  33  1.632e+08
29  34  6.62258e+07
29  35  1.55673e+08
29  36  1.14999e+08
29  37  1.26118e+08
29  38  7.38284e+07
29  39  2.11181e+08
29  40  5.18036e+07
29  41  1.46716e+08
29  42  1.1611e+08
29  43  1.32051e+08
29  44  1.10367e+08
29  45  1.55981e+08
29  46  6.44132e+07
29  47  1.37511e+08
29  48  7.72769e+07
29  49  1.56382e+08
29  50  1.03288e+08
30  0  1.10391e+08
30  1  1.2072e+08
30  2  1.02955e+08
30  3  5.3021e+07
30  4  1.12239e+08
30  5  1.01782e+08
30  6  1.04656e+08
30  7  1.06146e+08
30  8  1.1872e+08
30  9  9.67668e+07
30  10  6.22985e+07
30  11  1.56336e+08
30  12  7.44985e+07
30  13  8.80864e+07
30  14  2.36749e+08
30  15  1.56761e+08
30  16  1.27515e+08
30  17  1.32635e+08
30  18  1.0661e+08
30  19  2.23827e+08
30  20  2.05008e+08
30  21  7.34998e+07
30  22  1.57553e+08
30  23  1.33917e+08
30  24  9.06419e+07
30  25  3.51947e+07
30  26  1.44998e+08
30  27  1.14862e+08
30  28  1.37076e+08
30  29  1.35543e+08
30  30  1.0863e+08
30  31  1.5376e+08
30  32  1.71219e+08
30  33  1.42521e+08
30  34  1.71544e+08
30  35  1.50913e+08
30  36  1.20437e+08
30  37  7.92573e+07
30  38  8.97682e+07
30  39  1.51739e+08
30  40  7.71393e+07
30  41  8.27585e+07
30  42  1.60945e+08
30  43  9.8515e+07
30  44  1.3065e+08
30  45  9.49191e+07
30  46  1.58592e+08
30  47  1.34007e+08
30  48  2.06844e+08
30  49  1.6153e+08
30  50  1.38338e+08
31  0  1.4557e+08
31  1  1.61234e+08
31  2  1.95887e+08
31  3  8.22276e+07
31  4  1.38048e+08
31  5  1.04694e+08
31  6  1.3342e+08
31  7  1.3711e+08
31  8  9.18783e+07
31  9  1.07398e+08
31  10  1.84175e+08
31  11  1.51984e+08
31  12  9.94085e+07
31  13  1.57725e+08
31  14  2.00071e+08
31  15  1.75747e+08
31  16  6.85066e+07
31  17  1.22942e+08
31  18  1.2827e+08
31  19  7.69561e+07
31  20  1.26168e+08
31  21  8.05149e+07
31  22  1.71393e+08
31  23  9.39175e+07
31  24  7.13746e+07
31  25  7.01858e+07
31  26  6.57934e+07
31  27  9.67166e+07
31  28  1.53455e+08
31  29  1.74186e+08
31  30  1.32661e+08
31  31  1.42061e+08
31  32  1.05503e+08
31  33  1.82665e+08
31  34  1.10741e+08
31  35  7.51957e+07
31  36  9.45408e+07
31  37  8.45586e+07
31  38  1.16428e+08
31  39  1.19213e+08
31  40  1.48174e+08
31  41  1.34017e+08
31  42  1.48938e+08
31  43  9.27929e+07
31  44  1.16236e+08
31  45  1.15569e+08
31  46  7.17245e+07
31  47  1.12115e+08
31  48  1.71083e+08
31  49  7.65073e+07
31  50  1.21432e+08
32  0  7.02226e+07
32  1  7.6391e+07
32  2  4.80215e+07
32  3  1.35855e+08
32  4  9.63931e+07
32  5  1.61338e+08
32  6  1.37374e+08
32  7  1.45592e+08
32  8  6.29209e+07
32  9  1.12455e+08
32  10  1.04249e+08
32  11  1.17162e+08
32  12  1.24797e+08
32  13  1.9499e+08
32  14  1.29694e+08
32  15  1.20385e+08
32  16  1.24044e+08
32  17  1.36039e+08
32  18  7.09888e+07
32  19  1.69947e+08
32  20  7.0042e+07
32  21  1.58662e+08
32  22  1.46614e+08
32  23  1.12995e+08
32  24  1.22961e+08
32  25  1.4967e+08
32  26  8.78982e+07
32  27  6.80381e+07
32  28  1.2972e+08
32  29  1.15945e+08
32  30  1.53414e+08
32  31  9.9456e+07
32  32  1.32572e+08
32  33  1.21707e+08
32  34  9.04873e+07
32  35  1.11435e+08
32  36  1.0947e+08
32  37  8.51678e+07
32  38  1.65789e+08
32  39  1.24199e+08
32  40  1.07028e+08
32  41  8.28519e+07
32  42  1.0465e+08
32  43  1.17743e+08
32  44  1.26889e+08
32  45  1.35339e+08
32  46  1.10158e+08
32  47  1.50267e+08
32  48  1.51132e+08
32  49  1.74164e+08
32  50  1.41197e+08
33  0  1.06684e+08
33  1  9.3881e+07
33  2  6.83467e+07
33  3  1.19125e+08
33  4  1.18944e+08
33  5  2.67371e+07
33  6  9.92666e+07
33  7  1.85432e+08
33  8  1.07949e+08
33  9  6.3343e+07
33  10  9.92143e+07
33  11  8.47252e+07
33  12  2.00582e+08
33  13  1.18946e+08
33  14  1.34948e+08
33  15  1.50237e+08
33  16  1.04154e+08
33  17  1.51931e+08
33  18  1.80739e+08
33  19  1.40427e+08
33  20  1.52909e+08
33  21  1.08802e+08
33  22  1.39515e+08
33  23  1.52723e+08
33  24  9.33153e+07
33  25  8.10028e+07
33  26  1.06743e+08
33  27  1.16626e+08
33  28  7.79082e+07
33  29  1.76019e+08
33  30  2.08619e+08
33  31  1.90259e+06
33  32  9.55373e+07
33  33  1.01376e+08
33  34  9.30225e+07
33  35  1.21582e+08
33  36  2.56901e+07
33  37  1.3599e+08
33  38  1.05384e+08
33  39  1.22598e+08
33  40  6.60689e+07
33  41  1.10044e+08
33  42  1.16842e+08
33  43  1.19056e+08
33  44  4.64385e+07
33  45  1.79232e+08
33  46  8.61072e+07
33  47  1.1987e+08
33  48  1.44094e+08
33  49  1.23151e+08
33  50  1.01676e+08
34  0  1.34235e+08
34  1  7.19334e+07
34  2  1.20768e+08
34  3  1.3625e+08
34  4  9.83549e+07
34  5  1.36752e+08
34  6  1.57151e+08
34  7  1.44072e+08
34  8  8.60948e+07
34  9  1.80766e+08
34  10  1.01533e+08
34  11  1.21721e+08
34  12  1.7364e+08
34  13  1.70909e+08
34  14  8.03417e+07
34  15  1.40847e+08
34  16  1.691e+08
34  17  1.23518e+08
34  18  7.21086e+07
34  19  7.38647e+07
34  20  1.52459e+08
34  21  1.22432e+08
34  22  1.81992e+08
34  23  9.81796e+07
34  24  1.61556e+07
34  25  6.60888e+07
34  26  1.42459e+08
34  27  8.28962e+07
34  28  1.13668e+08
34  29  1.4306e+08
34  30  1.08151e+08
34  31  9.61112e+07
34  32  6.59591e+07
34  33  9.35475e+07
34  34  1.68097e+08
34  35  1.33657e+08
34  36  6.47914e+07
34  37  8.78148e+07
34  38  1.10014e+08
34  39  9.50392e+07
34  40  6.64969e+07
34  41  1.47499e+08
34  42  1.27571e+08
34  43  5.27906e+07
34  44  4.0746e+07
34  45  1.32101e+08
34  46  1.88541e+08
34  47  7.11299e+07
34  48  1.3045e+08
34  49  8.79595e+07
34  50  7.31359e+07
35  0  9.12352e+07
35  1  1.27811e+08
35  2  9.90565e+07
35  3  6.32396e+07
35  4  1.20921e+08
35  5  8.23514e+07
35  6  1.19577e+08
35  7  1.05548e+08
35  8  5.82326e+07
35  9  1.84831e+08
35  10  9.11198e+07
35  11  1.90938e+08
35  12  9.29007e+07
35  13  1.18495e+08
35  14  1.24117e+08
35  15  1.7638e+08
35  16  1.94747e+08
35  17  1.4436e+08
35  18  8.47096e+07
35  19  1.42785e+08
35  20  1.12277e+08
35  21  1.22153e+08
35  22  1.60451e+08
35  23  8.76082e+07
35  24  1.31726e+08
35  25  9.3683e+07
35  26  1.25595e+08
35  27  1.78002e+08
35  28  1.37768e+08
35  29  1.18168e+08
35  30  1.56753e+08
35  31  4.892e+07
35  32  5.6874e+07
35  33  1.04378e+08
35  34  1.41891e+08
35  35  1.45674e+08
35  36  5.46099e+07
35  37  5.34257e+07
35  38  1.66665e+08
35  39  1.03864e+08
35  40  8.7905e+07
35  41  3.80406e+07
35  42  1.25009e+08
35  43  1.82612e+08
35  44  7.69871e+07
35  45  1.07756e+08
35  46  1.27033e+08
35  47  1.73527e+08
35  48  1.41018e+08
35  49  1.77842e+08
35  50  9.03354e+07
36  0  1.15227e+08
36  1  7.4563e+07
36  2  1.3738e+08
36  3  2.18497e+08
36  4  1.1605e+08
36  5  1.23207e+08
36  6  1.03496e+08
36  7  1.06712e+08
36  8  9.86055e+07
36  9  1.51356e+08
36  10  6.98117e+07
36  11  7.44309e+07
36  12  1.47299e+08
36  13  1.48193e+08
36  14  1.34852e+08
36  15  1.00576e+08
36  16  1.12222e+08
36  17  1.1329e+08
36  18  1.37981e+08
36  19  1.68382e+08
36  20  8.85483e+07
36  21  7.37954e+07
36  22  1.21158e+08
36  23  1.74631e+08
36  24  1.52116e+08
36  25  6.16432e+07
36  26  1.47152e+08
36  27  8.91015e+07
36  28  6.81939e+07
36  29  1.53071e+08
36  30  9.43437e+07
36  31  3.72155e+07
36  32  8.53998e+07
36  33  1.29185e+08
36  34  1.31837e+08
36  35  9.8637e+07
36  36  1.46751e+08
36  37  1.12581e+08
36  38  1.78539e+08
36  39  1.5588e+08
36  40  1.12567e+08
36  41  7.30322e+07
36  42  8.94922e+07
36  43  5.12859e+07
36  44  4.96411e+07
36  45  9.79645e+07
36  46  2.05372e+08
36  47  1.95858e+08
36  48  1.71986e+08
36  49  9.82539e+07
36  50  1.24924e+08
37  0  1.72918e+08
37  1  1.18878e+08
37  2  7.53051e+07
37  3  7.60997e+07
37  4  7.23356e+07
37  5  1.23269e+08
37  6  1.26471e+08
37  7  6.64185e+07
37  8  1.41624e+08
37  9  8.46415e+07
37  10  1.00193e+08
37  11  1.29205e+08
37  12  1.76553e+08
37  13  1.87723e+08
37  14  1.38061e+08
37  15  1.70661e+08
37  16  1.08832e+08
37  17  1.19777e+08
37  18  1.20309e+08
37  19  1.26444e+08
37  20  9.80742e+07
37  21  8.7922e+07
37  22  9.15216e+07
37  23  7.1691e+07
37  24  7.20273e+07
37  25  1.19829e+08
37  26  8.21509e+07
37  27  5.53259e+07
37  28  1.04799e+08
37  29  1.44544e+08
37  30  6.24961e+07
37  31  5.1152e+07
37  32  4.55856e+07
37  33  8.47608e+07
37  34  1.29021e+08
37  35  6.0901e+07
37  36  1.45137e+08
37  37  1.27446e+08
37  38  1.47897e+08
37  39  1.2038e+08
37  40  1.68272e+08
37  41  7.08662e+07
37  42  1.07157e+08
37  43  1.24599e+08
37  44  9.28025e+07
37  45  5.14497e+07
37  46  1.26818e+08
37  47  1.65147e+08
37  48  9.32949e+07
37  49  1.48693e+08
37  50  1.45758e+08
38  0  1.41379e+08
38  1  5.90529e+07
38  2  7.5651e+07
38  3  1.30085e+08
38  4  1.27139e+08
38  5  1.47509e+08
38  6  1.4413e+08
38  7  1.07345e+08
38  8  8.11786e+07
38  9  9.76537e+07
38  10  8.27954e+07
38  11  9.31217e+07
38  12  1.4676e+08
38  13  5.82563e+07
38  14  1.65062e+08
38  15  1.52484e+08
38  16  1.41084e+08
38  17  1.674e+08
38  18  1.16079e+08
38  19  1.42596e+08
38  20  1.40256e+08
38  21  1.56463e+08
38  22  9.15955e+07
38  23  1.13125e+08
38  24  1.30448e+08
38  25  8.99037e+07
38  26  4.2015e+07
38  27  6.92075e+07
38  28  8.80983e+07
38  29  1.12897e+08
38  30  4.54795e+07
38  31  1.0958e+08
38  32  8.71821e+07
38  33  1.44676e+08
38  34  1.15164e+08
38  35  8.16631e+07
38  36  1.00431e+08
38  37  1.55429e+08
38  38  1.36404e+08
38  39  1.60199e+08
38  40  8.21628e+07
38  41  1.08254e+08
38  42  1.19638e+08
38  43  1.12738e+08
38  44  1.33992e+08
38  45  5.31972e+07
38  46  2.27294e+08
38  47  1.5432e+08
38  48  1.71826e+08
38  49  1.39364e+08
38  50  1.11479e+08
39  0  8.19708e+07
39  1  1.18165e+08
39  2  1.34198e+08
39  3  7.55989e+07
39  4  6.64666e+07
39  5  1.59006e+08
39  6  9.12161e+07
39  7  5.70484e+07
39  8  1.08389e+08
39  9  1.31279e+08
39  10  1.16206e+08
39  11  1.33141e+08
39  12  1.11701e+08
39  13  1.35214e+08
39  14  1.59033e+08
39  15  1.181e+08
39  16  4.87962e+07
39  17  8.05793e+07
39  18  1.71616e+08
39  19  6.54479e+07
39  20  1.04122e+08
39  21  1.6984e+08
39  22  1.30897e+08
39  23  1.69709e+08
39  24  1.20925e+08
39  25  6.5974e+07
39  26  8.68731e+07
39  27  5.17738e+07
39  28  1.06264e+08
39  29  1.21131e+08
39  30  7.95143e+07
39  31  7.46526e+07
39  32  1.37548e+08
39  33  8.50642e+07
39  34  1.73674e+08
39  35  1.58616e+08
39  36  9.97325e+07
39  37  1.43284e+08
39  38  1.61378e+08
39  39  1.29738e+08
39  40  1.33456e+08
39  41  1.14366e+08
39  42  1.05875e+08
39  43  1.0943e+08
39  44  7.61552e+07
39  45  4.55172e+07
39  46  1.19103e+08
39  47  1.66552e+08
39  48  1.27983e+08
39  49  1.36436e+08
39  50  1.2826e+08
40  0  1.12907e+08
40  1  1.6313e+08
40  2  1.09402e+08
40  3  5.73394e+07
40  4  1.44808e+08
40  5  9.37148e+07
40  6  1.06811e+08
40  7  6.83566e+07
40  8  1.33614e+08
40  9  1.31793e+08
40  10  1.52073e+08
40  11  6.92254e+07
40  12  9.75296e+07
40  13  1.17128e+08
40  14  1.54931e+08
40  15  9.93451e+07
40  16  1.43356e+08
40  17  1.10019e+08
40  18  1.27232e+08
40  19  8.301e+07
40  20  1.25133e+08
40  21  5.38298e+07
40  22  9.9843e+07
40  23  7.57416e+07
40  24  2.62897e+07
40  25  4.50755e+07
40  26  9.40536e+07
40  27  3.41953e+07
40  28  1.02497e+08
40  29  1.22482e+08
40  30  7.92894e+07
40  31  8.83801e+07
40  32  5.84615e+07
40  33  1.15353e+08
40  34  1.23142e+08
40  35  9.67021e+07
40  36  1.06488e+08
40  37  1.53428e+08
40  38  1.64685e+08
40  39  1.50341e+08
40  40  1.22792e+08
40  41  6.66938e+07
40  42  1.1047e+08
40  43  1.02795e+08
40  44  9.17878e+07
40  45  4.10698e+07
40  46  1.45199e+08
40  47  7.25527e+07
40  48  1.23861e+08
40  49  4.71924e+07
40  50  9.94928e+07
41  0  1.22329e+08
41  1  1.49e+08
41  2  1.28954e+08
41  3  7.7314e+07
41  4  1.33752e+08
41  5  1.40088e+08
41  6  7.6822e+07
41  7  1.38809e+08
41  8  6.60509e+07
41  9  1.13294e+08
41  10  1.20762e+08
41  11  9.57218e+07
41  12  1.19275e+08
41  13  8.77389e+07
41  14  1.20235e+08
41  15  7.27878e+07
41  16  1.84558e+08
41  17  1.39213e+08
41  18  8.566e+07
41  19  1.00144e+08
41  20  1.14005e+08
41  21  4.73948e+07
41  22  1.30709e+08
41  23  4.20807e+07
41  24  5.92882e+07
41  25  1.44148e+08
41  26  9.24767e+07
41  27  7.99605e+07
41  28  1.24054e+08
41  29  8.29719e+07
41  30  9.52918e+07
41  31  7.39044e+07
41  32  8.89562e+07
41  33  1.4812e+08
41  34  1.44263e+08
41  35  1.52943e+08
41  36  1.54868e+08
41  37  1.05976e+08
41  38  1.38862e+08
41  39  1.50977e+08
41  40  2.05986e+07
41  41  1.53006e+08
41  42  1.08506e+08
41  43  1.09816e+08
41  44  1.04233e+08
41  45  0
41  46  1.75622e+08
41  47  1.02947e+08
41  48  2.09516e+08
41  49  1.32556e+08
41  50  1.04342e+08
42  0  1.39194e+08
42  1  1.3183e+08
42  2  1.32913e+08
42  3  6.22939e+07
42  4  8.75513e+07
42  5  1.27286e+08
42  6  7.17849e+07
42  7  7.11689e+07
42  8  1.76742e+08
42  9  1.09119e+08
42  10  1.3212e+08
42  11  1.58698e+08
42  12  1.28783e+08
42  13  1.18853e+08
42  14  8.44615e+07
42  15  5.536e+07
42  16  8.90696e+07
42  17  1.09467e+08
42  18  1.15783e+08
42  19  1.41505e+08
42  20  1.18986e+08
42  21  1.77423e+08
42  22  1.00752e+08
42  23  1.0016e+08
42  24  9.4515e+07
42  25  1.20902e+08
42  26  6.9284e+07
42  27  3.12622e+07
42  28  9.46384e+07
42  29  1.22585e+08
42  30  4.98308e+07
42  31  3.21996e+07
42  32  1.09524e+08
42  33  1.52554e+08
42  34  1.4512e+08
42  35  8.64448e+07
42  36  1.30614e+08
42  37  6.75048e+07
42  38  1.35321e+08
42  39  1.79663e+08
42  40  1.84878e+08
42  41  1.00894e+08
42  42  5.30989e+07
42  43  7.26736e+07
42  44  3.11456e+07
42  45  0
42  46  1.18612e+08
42  47  8.28784e+07
42  48  1.10452e+08
42  49  7.12274e+07
42  50  2.05748e+08
43  0  1.0216e+08
43  1  2.27282e+08
43  2  1.2028e+08
43  3  1.12208e+08
43  4  7.91685e+07
43  5  1.32269e+08
43  6  1.25321e+08
43  7  1.05434e+08
43  8  1.48438e+08
43  9  7.78488e+07
43  10  8.51265e+07
43  11  9.90243e+07
43  12  1.04804e+08
43  13  7.45043e+07
43  14  1.51017e+08
43  15  1.50317e+08
43  16  1.4315e+08
43  17  1.08973e+08
43  18  1.0851e+08
43  19  7.06018e+07
43  20  9.11696e+07
43  21  7.71292e+07
43  22  1.06876e+08
43  23  8.06956e+07
43  24  1.59225e+08
43  25  1.73006e+08
43  26  1.06959e+08
43  27  6.7552e+07
43  28  8.91751e+07
43  29  1.31385e+08
43  30  5.08443e+07
43  31  6.69737e+07
43  32  7.74654e+07
43  33  1.49996e+08
43  34  1.34336e+08
43  35  1.61465e+08
43  36  5.46476e+07
43  37  5.61976e+07
43  38  1.20535e+08
43  39  8.58327e+07
43  40  1.2235e+08
43  41  1.31979e+08
43  42  1.03481e+08
43  43  1.28893e+08
43  44  5.60808e+07
43  45  1.94467e+07
43  46  8.25088e+07
43  47  1.53085e+08
43  48  1.40651e+08
43  49  1.15992e+08
43  50  1.09093e+08
44  0  1.9186e+08
44  1  1.45592e+07
44  2  1.2145e+08
44  3  5.51227e+07
44  4  8.82759e+07
44  5  6.76986e+07
44  6  1.02678e+08
44  7  8.07607e+07
44  8  9.42222e+07
44  9  9.69931e+07
44  10  3.88334e+07
44  11  1.06487e+08
44  12  1.0356e+08
44  13  7.25692e+07
44  14  9.4746e+07
44  15  8.82088e+07
44  16  8.61238e+07
44  17  1.26825e+08
44  18  1.29746e+08
44  19  1.24888e+08
44  20  4.87746e+07
44  21  1.80267e+08
44  22  1.04739e+08
44  23  1.42863e+08
44  24  1.3437e+08
44  25  1.2954e+08
44  26  3.86249e+07
44  27  1.42688e+08
44  28  1.11567e+08
44  29  1.22484e+08
44  30  6.49934e+07
44  31  6.35046e+07
44  32  9.2609e+07
44  33  1.57373e+08
44  34  1.64412e+08
44  35  1.0502e+08
44  36  1.0218e+08
44  37  1.90963e+08
44  38  8.77129e+07
44  39  1.40853e+08
44  40  1.18705e+08
44  41  1.39926e+08
44  42  8.05905e+07
44  43  1.246e+08
44  44  1.0695e+08
44  45  0
44  46  5.84864e+07
44  47  1.63566e+08
44  48  9.22734e+07
44  49  4.64217e+07
44  50  1.63344e+08
45  0  1.62909e+08
45  1  1.31552e+08
45  2  8.40351e+07
45  3  1.03922e+08
45  4  1.10351e+08
45  5  9.63878e+07
45  6  5.60643e+07
45  7  1.45279e+08
45  8  9.98689e+07
45  9  9.63866e+07
45  10  9.82416e+07
45  11  1.0852e+08
45  12  7.81986e+07
45  13  1.2846e+08
45  14  1.32235e+08
45  15  8.51423e+07
45  16  8.71443e+07
45  17  1.29096e+08
45  18  1.95894e+08
45  19  1.29236e+08
45  20  1.22784e+08
45  21  7.70038e+07
45  22  9.45872e+07
45  23  1.52384e+08
45  24  1.12942e+08
45  25  1.21285e+08
45  26  7.91169e+07
45  27  8.70498e+07
45  28  7.83325e+07
45  29  9.2507e+07
45  30  5.27009e+07
45  31  1.0111e+08
45  32  1.60843e+08
45  33  1.32067e+08
45  34  1.69644e+08
45  35  1.48398e+08
45  36  1.38295e+08
45  37  5.57874e+07
45  38  8.82803e+07
45  39  7.15802e+07
45  40  1.11361e+08
45  41  7.1918e+07
45  42  9.05208e+07
45  43  2.62698e+07
45  44  6.55451e+06
45  45  4.03978e+07
45  46  7.88341e+07
45  47  1.02727e+08
45  48  1.11704e+08
45  49  1.15252e+08
45  50  1.68779e+08
46  0  1.05012e+08
46  1  9.58971e+07
46  2  1.1527e+08
46  3  5.82319e+07
46  4  5.31681e+07
46  5  3.80009e+07
46  6  7.82417e+07
46  7  1.30376e+08
46  8  6.03565e+07
46  9  7.33025e+07
46  10  6.74992e+07
46  11  9.20165e+07
46  12  1.01581e+08
46  13  5.84113e+07
46  14  9.55391e+07
46  15  1.0231e+08
46  16  7.43443e+07
46  17  1.14425e+08
46  18  1.81474e+08
46  19  1.29917e+08
46  20  1.26669e+08
46  21  4.29839e+07
46  22  1.23546e+08
46  23  9.00914e+07
46  24  9.66995e+07
46  25  9.98042e+07
46  26  3.61602e+07
46  27  5.96329e+07
46  28  7.96171e+07
46  29  1.1699e+08
46  30  5.72438e+07
46  31  6.12191e+07
46  32  1.06663e+08
46  33  2.42554e+08
46  34  1.72632e+08
46  35  1.41433e+08
46  36  1.20841e+08
46  37  1.36972e+08
46  38  1.01561e+08
46  39  7.75793e+07
46  40  7.92056e+07
46  41  9.36048e+07
46  42  8.75637e+07
46  43  6.46628e+07
46  44  4.5996e+07
46  45  5.0767e+07
46  46  1.12897e+08
46  47  1.14547e+08
46  48  1.21378e+08
46  49  1.26165e+08
46  50  1.27383e+08
47  0  1.04588e+08
47  1  1.45906e+08
47  2  8.91684e+07
47  3  1.23481e+08
47  4  5.52829e+07
47  5  8.86281e+07
47  6  1.2705e+08
47  7  1.05564e+08
47  8  1.07133e+08
47  9  1.6068e+08
47  10  1.12321e+08
47  11  7.12417e+07
47  12  8.43665e+07
47  13  1.24737e+08
47  14  1.10379e+08
47  15  9.05293e+07
47  16  5.71451e+07
47  17  6.25783e+07
47  18  1.52176e+08
47  19  1.23584e+08
47  20  1.04404e+08
47  21  9.5531e+07
47  22  1.04604e+08
47  23  7.63711e+07
47  24  8.07475e+07
47  25  6.66879e+07
47  26  7.57258e+07
47  27  7.43804e+07
47  28  9.31883e+07
47  29  8.93643e+07
47  30  8.62758e+07
47  31  2.75486e+07
47  32  1.01423e+08
47  33  6.99005e+07
47  34  1.02263e+08
47  35  1.421e+08
47  36  9.64896e+07
47  37  9.0445e+07
47  38  1.55924e+08
47  39  3.17663e+07
47  40  3.65994e+07
47  41  7.37944e+07
47  42  1.41092e+08
47  43  9.90753e+07
47  44  6.81196e+07
47  45  9.54478e+07
47  46  1.18172e+08
47  47  1.30586e+08
47  48  1.19048e+08
47  49  1.05856e+08
47  50  1.29647e+08
48  0  1.01516e+08
48  1  1.34678e+08
48  2  1.24584e+08
48  3  1.20032e+08
48  4  1.47157e+08
48  5  7.35327e+07
48  6  1.09424e+08
48  7  8.31833e+07
48  8  1.15273e+08
48  9  1.15541e+08
48  10  1.23495e+08
48  11  1.40608e+08
48  12  1.27191e+08
48  13  1.27379e+08
48  14  1.24002e+08
48  15  9.25144e+07
48  16  1.31733e+08
48  17  1.21162e+08
48  18  1.28283e+08
48  19  4.81336e+07
48  20  1.05223e+08
48  21  8.36836e+07
48  22  1.048e+08
48  23  9.74661e+07
48  24  9.12994e+07
48  25  9.27198e+07
48  26  3.74716e+07
48  27  7.105e+07
48  28  8.23439e+07
48  29  1.30359e+08
48  30  1.12127e+08
48  31  7.66696e+07
48  32  4.10968e+07
48  33  8.37636e+07
48  34  1.57013e+08
48  35  1.5376e+08
48  36  8.65193e+07
48  37  1.80859e+08
48  38  1.50265e+08
48  39  6.43403e+07
48  40  1.43473e+08
48  41  1.31107e+08
48  42  7.40654e+07
48  43  1.2421e+08
48  44  1.01551e+08
48  45  9.48082e+07
48  46  2.50467e+08
48  47  5.75246e+07
48  48  9.84604e+07
48  49  1.21722e+08
48  50  8.72344e+07
49  0  1.00179e+08
49  1  1.15163e+08
49  2  1.01039e+08
49  3  8.41725e+07
49  4  5.19285e+07
49  5  6.28929e+07
49  6  8.20516e+07
49  7  1.19726e+07
49  8  3.30736e+07
49  9  6.19939e+07
49  10  1.2215e+08
49  11  5.58864e+07
49  12  1.02069e+08
49  13  1.23782e+08
49  14  5.14567e+07
49  15  5.7999e+07
49  16  8.65668e+07
49  17  1.89209e+08
49  18  1.61357e+08
49  19  1.52382e+08
49  20  7.58268e+07
49  21  9.90029e+07
49  22  1.09869e+08
49  23  1.34157e+08
49  24  1.38396e+08
49  25  5.82915e+07
49  26  6.23699e+07
49  27  8.05758e+07
49  28  1.13509e+08
49  29  1.07972e+08
49  30  7.25951e+07
49  31  6.88952e+07
49  32  4.83775e+07
49  33  9.49248e+07
49  34  1.05919e+08
49  35  1.14543e+08
49  36  6.25916e+07
49  37  4.82673e+07
49  38  1.15818e+08
49  39  4.98419e+07
49  40  8.14091e+07
49  41  9.83234e+07
49  42  9.21709e+07
49  43  8.26033e+07
49  44  1.01426e+08
49  45  4.78592e+07
49  46  1.4115e+08
49  47  1.25295e+08
49  48  1.1693e+08
49  49  1.08627e+08
49  50  6.19036e+07
50  0  1.27903e+08
50  1  1.78641e+08
50  2  1.44681e+08
50  3  1.49698e+08
50  4  1.26392e+08
50  5  1.69033e+08
50  6  6.95276e+07
50  7  1.07417e+08
50  8  7.29825e+07
50  9  6.95308e+07
50  10  3.86268e+07
50  11  8.36779e+07
50  12  9.90612e+07
50  13  1.29033e+08
50  14  9.4508e+07
50  15  4.64921e+07
50  16  7.67317e+07
50  17  9.63511e+07
50  18  7.76855e+07
50  19  1.51838e+08
50  20  1.18084e+08
50  21  1.31045e+08
50  22  1.21719e+08
50  23  1.73583e+08
50  24  5.96258e+07
50  25  5.65564e+07
50  26  1.007e+07
50  27  5.91186e+07
50  28  8.97207e+07
50  29  1.05229e+08
50  30  5.10588e+07
50  31  8.5873e+07
50  32  1.00523e+08
50  33  1.08419e+08
50  34  8.99774e+07
50  35  1.01664e+08
50  36  1.04756e+08
50  37  7.83451e+07
50  38  8.26663e+07
50  39  1.22185e+08
50  40  1.09687e+08
50  41  9.95071e+07
50  42  7.82356e+07
50  43  3.74027e+07
50  44  1.27963e+08
50  45  9.59002e+07
50  46  1.62622e+08
50  47  1.67293e+08
50  48  1.2562e+08
50  49  1.14797e+08
50  50  1.76786e+08

