row  column  (images_12_26nov.edf S_K*images_12_26nov.edf Ar_K**2.3)
0  0  0
0  1  0
0  2  0
0  3  0
0  4  1.09632e+08
0  5  6.53598e+07
0  6  1.43189e+08
0  7  2.08128e+08
0  8  2.1601e+08
0  9  1.85947e+08
0  10  1.7284e+08
0  11  2.02041e+08
0  12  1.32269e+08
0  13  1.87059e+08
0  14  1.39871e+08
0  15  2.00778e+08
0  16  1.42213e+08
0  17  2.25657e+08
0  18  1.74135e+08
0  19  2.75959e+08
0  20  2.55694e+08
0  21  2.49998e+08
0  22  1.35351e+08
0  23  1.05672e+08
0  24  1.58406e+08
0  25  1.8135e+08
0  26  1.80796e+08
0  27  2.38323e+08
0  28  2.5934e+08
0  29  2.75647e+08
0  30  2.53078e+08
0  31  2.04559e+08
0  32  2.65665e+08
0  33  2.32982e+08
0  34  1.78031e+08
0  35  2.52012e+08
0  36  2.78601e+08
0  37  2.25865e+08
0  38  1.72928e+08
0  39  1.13839e+08
0  40  0
0  41  0
0  42  0
0  43  1.2257e+08
0  44  1.77134e+08
0  45  2.91154e+08
0  46  4.38994e+08
0  47  3.57205e+08
0  48  2.56327e+08
0  49  3.0544e+08
0  50  3.03417e+08
1  0  0
1  1  0
1  2  9.09223e+07
1  3  1.23775e+08
1  4  0
1  5  8.26413e+07
1  6  1.44193e+08
1  7  1.70675e+08
1  8  1.35887e+08
1  9  1.90556e+08
1  10  1.30362e+08
1  11  1.97323e+08
1  12  2.42768e+08
1  13  1.97971e+08
1  14  2.49579e+08
1  15  2.85938e+08
1  16  1.64602e+08
1  17  1.39452e+08
1  18  2.35794e+08
1  19  2.77082e+08
1  20  2.84581e+08
1  21  2.35797e+08
1  22  1.59782e+08
1  23  1.88203e+08
1  24  1.6346e+08
1  25  1.47503e+08
1  26  2.19801e+08
1  27  1.87034e+08
1  28  2.0463e+08
1  29  2.35835e+08
1  30  2.42315e+08
1  31  2.51567e+08
1  32  2.06537e+08
1  33  2.50364e+08
1  34  1.56891e+08
1  35  3.01539e+08
1  36  2.70568e+08
1  37  1.80104e+08
1  38  8.20199e+07
1  39  1.12635e+08
1  40  0
1  41  1.04405e+08
1  42  1.37226e+08
1  43  1.86692e+08
1  44  2.83645e+08
1  45  2.98397e+08
1  46  4.37341e+08
1  47  4.27941e+08
1  48  3.41377e+08
1  49  3.08552e+08
1  50  2.70746e+08
2  0  0
2  1  0
2  2  1.11277e+08
2  3  1.04023e+08
2  4  1.01897e+08
2  5  9.10162e+07
2  6  1.74559e+08
2  7  1.802e+08
2  8  1.25726e+08
2  9  1.7197e+08
2  10  1.99645e+08
2  11  1.76403e+08
2  12  1.92784e+08
2  13  2.79611e+08
2  14  1.48104e+08
2  15  1.91114e+08
2  16  1.87489e+08
2  17  2.37916e+08
2  18  2.41727e+08
2  19  2.19716e+08
2  20  2.92568e+08
2  21  2.7609e+08
2  22  1.6173e+08
2  23  1.75806e+08
2  24  1.07976e+08
2  25  1.26623e+08
2  26  2.49385e+08
2  27  1.87681e+08
2  28  2.35391e+08
2  29  2.3316e+08
2  30  3.02031e+08
2  31  1.8316e+08
2  32  2.61514e+08
2  33  2.79489e+08
2  34  1.97068e+08
2  35  2.5083e+08
2  36  2.82713e+08
2  37  1.64621e+08
2  38  0
2  39  5.53291e+07
2  40  8.33037e+07
2  41  1.39569e+08
2  42  2.20945e+08
2  43  1.91022e+08
2  44  3.38909e+08
2  45  4.38555e+08
2  46  3.98799e+08
2  47  4.00484e+08
2  48  4.22564e+08
2  49  3.63787e+08
2  50  3.48859e+08
3  0  0
3  1  0
3  2  1.19212e+08
3  3  3.44174e+07
3  4  1.78083e+08
3  5  1.31389e+08
3  6  1.70215e+08
3  7  2.36683e+08
3  8  1.16684e+08
3  9  2.12256e+08
3  10  1.7648e+08
3  11  1.40812e+08
3  12  2.14218e+08
3  13  1.61845e+08
3  14  1.40632e+08
3  15  2.32836e+08
3  16  1.47626e+08
3  17  1.27059e+08
3  18  1.55044e+08
3  19  2.58207e+08
3  20  3.22213e+08
3  21  2.60608e+08
3  22  1.68837e+08
3  23  1.75737e+08
3  24  1.63979e+08
3  25  2.15941e+08
3  26  2.28846e+08
3  27  2.63126e+08
3  28  2.18662e+08
3  29  2.20789e+08
3  30  2.26645e+08
3  31  2.86264e+08
3  32  2.04946e+08
3  33  2.45857e+08
3  34  2.01124e+08
3  35  2.72547e+08
3  36  1.50239e+08
3  37  8.15185e+07
3  38  6.49608e+07
3  39  6.76773e+07
3  40  6.16553e+07
3  41  1.62928e+08
3  42  2.13463e+08
3  43  3.25155e+08
3  44  3.92415e+08
3  45  4.4777e+08
3  46  4.76018e+08
3  47  4.2066e+08
3  48  3.9181e+08
3  49  2.97898e+08
3  50  3.86364e+08
4  0  0
4  1  0
4  2  0
4  3  1.27232e+08
4  4  1.65086e+08
4  5  1.02732e+08
4  6  1.44111e+08
4  7  2.22576e+08
4  8  1.74664e+08
4  9  1.87241e+08
4  10  2.16239e+08
4  11  1.80029e+08
4  12  1.84322e+08
4  13  2.37931e+08
4  14  2.33168e+08
4  15  1.74142e+08
4  16  2.0225e+08
4  17  1.33169e+08
4  18  1.34561e+08
4  19  1.77021e+08
4  20  3.18176e+08
4  21  2.53749e+08
4  22  1.34614e+08
4  23  2.04105e+08
4  24  1.76755e+08
4  25  1.75623e+08
4  26  2.27412e+08
4  27  1.63496e+08
4  28  2.73681e+08
4  29  2.5236e+08
4  30  2.46216e+08
4  31  2.81719e+08
4  32  1.91079e+08
4  33  1.55066e+08
4  34  2.2335e+08
4  35  3.05662e+08
4  36  1.09012e+08
4  37  1.09968e+08
4  38  5.79559e+07
4  39  9.36396e+07
4  40  1.15521e+08
4  41  2.26058e+08
4  42  2.4486e+08
4  43  3.36387e+08
4  44  4.10764e+08
4  45  4.55998e+08
4  46  3.94578e+08
4  47  4.99755e+08
4  48  3.21447e+08
4  49  4.04975e+08
4  50  4.41496e+08
5  0  0
5  1  0
5  2  6.12484e+07
5  3  8.10077e+07
5  4  2.34358e+08
5  5  1.21671e+08
5  6  2.0255e+08
5  7  1.58433e+08
5  8  1.59985e+08
5  9  2.10795e+08
5  10  1.38235e+08
5  11  2.18552e+08
5  12  1.81384e+08
5  13  1.50437e+08
5  14  2.07158e+08
5  15  1.78558e+08
5  16  1.54058e+08
5  17  1.81438e+08
5  18  1.77117e+08
5  19  1.93389e+08
5  20  2.56368e+08
5  21  2.89902e+08
5  22  1.49507e+08
5  23  2.17157e+08
5  24  1.76152e+08
5  25  2.28594e+08
5  26  2.37379e+08
5  27  2.40595e+08
5  28  3.2898e+08
5  29  1.51016e+08
5  30  2.71652e+08
5  31  2.04443e+08
5  32  1.44315e+08
5  33  2.24808e+08
5  34  2.20343e+08
5  35  2.35384e+08
5  36  1.41329e+08
5  37  7.85741e+07
5  38  7.08767e+07
5  39  1.20223e+08
5  40  1.46875e+08
5  41  2.50007e+08
5  42  2.55438e+08
5  43  3.16413e+08
5  44  3.95152e+08
5  45  4.49744e+08
5  46  4.47324e+08
5  47  3.88406e+08
5  48  3.17437e+08
5  49  3.75281e+08
5  50  4.21758e+08
6  0  0
6  1  0
6  2  0
6  3  0
6  4  1.51302e+08
6  5  1.87768e+08
6  6  1.03732e+08
6  7  1.27026e+08
6  8  1.02053e+08
6  9  1.6294e+08
6  10  2.06823e+08
6  11  1.84353e+08
6  12  1.21743e+08
6  13  1.31839e+08
6  14  1.97938e+08
6  15  1.75962e+08
6  16  1.37408e+08
6  17  1.96827e+08
6  18  1.79395e+08
6  19  1.42359e+08
6  20  1.81858e+08
6  21  2.97549e+08
6  22  1.35767e+08
6  23  1.58123e+08
6  24  1.57449e+08
6  25  1.78152e+08
6  26  1.82581e+08
6  27  2.09015e+08
6  28  1.74279e+08
6  29  1.9919e+08
6  30  1.35392e+08
6  31  1.84934e+08
6  32  1.84861e+08
6  33  2.44725e+08
6  34  2.07524e+08
6  35  2.49923e+08
6  36  1.46972e+08
6  37  8.03184e+07
6  38  1.15152e+08
6  39  1.69507e+08
6  40  1.67588e+08
6  41  2.15963e+08
6  42  2.80032e+08
6  43  3.80459e+08
6  44  4.62927e+08
6  45  3.94811e+08
6  46  4.42255e+08
6  47  4.9069e+08
6  48  4.44744e+08
6  49  4.30959e+08
6  50  4.23127e+08
7  0  0
7  1  0
7  2  0
7  3  1.20215e+08
7  4  2.42914e+08
7  5  1.35166e+08
7  6  5.30543e+07
7  7  2.48903e+08
7  8  1.46464e+08
7  9  2.3787e+08
7  10  1.30398e+08
7  11  9.22679e+07
7  12  1.73006e+08
7  13  1.62718e+08
7  14  1.64424e+08
7  15  1.46517e+08
7  16  2.09089e+08
7  17  1.74177e+08
7  18  1.98577e+08
7  19  1.42907e+08
7  20  2.10885e+08
7  21  2.61757e+08
7  22  1.60942e+08
7  23  2.0561e+08
7  24  1.27008e+08
7  25  1.57817e+08
7  26  2.16484e+08
7  27  1.98557e+08
7  28  2.23629e+08
7  29  2.30786e+08
7  30  1.14445e+08
7  31  1.66832e+08
7  32  1.82361e+08
7  33  1.97595e+08
7  34  2.67707e+08
7  35  2.12366e+08
7  36  1.49217e+08
7  37  9.98038e+07
7  38  1.44929e+08
7  39  1.56826e+08
7  40  2.11245e+08
7  41  3.22751e+08
7  42  3.1083e+08
7  43  3.79738e+08
7  44  4.93864e+08
7  45  4.44729e+08
7  46  4.86826e+08
7  47  3.89098e+08
7  48  4.58585e+08
7  49  4.65764e+08
7  50  4.42416e+08
8  0  0
8  1  0
8  2  0
8  3  7.83464e+07
8  4  2.40071e+08
8  5  1.92297e+08
8  6  1.37815e+08
8  7  1.589e+08
8  8  1.6884e+08
8  9  2.71907e+08
8  10  1.82069e+08
8  11  1.12852e+08
8  12  1.31183e+08
8  13  1.47955e+08
8  14  1.88052e+08
8  15  1.83184e+08
8  16  1.4049e+08
8  17  2.64927e+08
8  18  2.44428e+08
8  19  1.94649e+08
8  20  1.81328e+08
8  21  1.61103e+08
8  22  2.08134e+08
8  23  2.6434e+08
8  24  1.25164e+08
8  25  1.49851e+08
8  26  1.76179e+08
8  27  1.95632e+08
8  28  1.87629e+08
8  29  2.25394e+08
8  30  2.3993e+08
8  31  1.58471e+08
8  32  1.48302e+08
8  33  1.34515e+08
8  34  2.29032e+08
8  35  1.46936e+08
8  36  1.52129e+08
8  37  6.30116e+07
8  38  2.27726e+08
8  39  2.27145e+08
8  40  2.23149e+08
8  41  3.01973e+08
8  42  3.52925e+08
8  43  3.22258e+08
8  44  4.55593e+08
8  45  5.08e+08
8  46  4.30472e+08
8  47  3.23986e+08
8  48  5.05005e+08
8  49  5.2325e+08
8  50  4.86145e+08
9  0  0
9  1  0
9  2  0
9  3  0
9  4  1.77592e+08
9  5  2.7608e+08
9  6  7.87241e+07
9  7  1.47428e+08
9  8  1.76352e+08
9  9  2.32754e+08
9  10  1.98721e+08
9  11  1.63436e+08
9  12  8.48903e+07
9  13  1.14939e+08
9  14  1.80438e+08
9  15  1.48703e+08
9  16  1.61276e+08
9  17  1.82329e+08
9  18  1.85606e+08
9  19  1.60051e+08
9  20  1.79613e+08
9  21  2.03597e+08
9  22  1.94574e+08
9  23  2.32807e+08
9  24  2.20625e+08
9  25  1.68367e+08
9  26  2.52833e+08
9  27  1.49179e+08
9  28  1.12663e+08
9  29  2.24213e+08
9  30  1.07918e+08
9  31  1.17226e+08
9  32  1.4189e+08
9  33  1.26667e+08
9  34  2.37543e+08
9  35  1.615e+08
9  36  2.11721e+08
9  37  1.91655e+08
9  38  2.03565e+08
9  39  2.77838e+08
9  40  2.72039e+08
9  41  3.64635e+08
9  42  3.58917e+08
9  43  4.47801e+08
9  44  4.79107e+08
9  45  4.74528e+08
9  46  4.76883e+08
9  47  3.84703e+08
9  48  4.52583e+08
9  49  4.61387e+08
9  50  4.11546e+08
10  0  0
10  1  0
10  2  0
10  3  5.77009e+07
10  4  1.77823e+08
10  5  1.93364e+08
10  6  1.41417e+08
10  7  1.28375e+08
10  8  9.98608e+07
10  9  1.64528e+08
10  10  2.01237e+08
10  11  1.30438e+08
10  12  1.09828e+08
10  13  1.49207e+08
10  14  1.66804e+08
10  15  1.39233e+08
10  16  1.45741e+08
10  17  2.15125e+08
10  18  1.66367e+08
10  19  2.16521e+08
10  20  2.59694e+08
10  21  2.51417e+08
10  22  2.11533e+08
10  23  2.81704e+08
10  24  2.49321e+08
10  25  1.6402e+08
10  26  2.19436e+08
10  27  1.3974e+08
10  28  1.5788e+08
10  29  1.89392e+08
10  30  2.07437e+08
10  31  1.84596e+08
10  32  1.59104e+08
10  33  1.37991e+08
10  34  1.54374e+08
10  35  1.61591e+08
10  36  2.23236e+08
10  37  2.13703e+08
10  38  2.03137e+08
10  39  2.21741e+08
10  40  2.52203e+08
10  41  2.92109e+08
10  42  3.82558e+08
10  43  4.19884e+08
10  44  5.22583e+08
10  45  5.24304e+08
10  46  5.90051e+08
10  47  3.40727e+08
10  48  3.80791e+08
10  49  4.46375e+08
10  50  5.0827e+08
11  0  0
11  1  0
11  2  0
11  3  0
11  4  1.72005e+08
11  5  1.92588e+08
11  6  1.29992e+08
11  7  1.33157e+08
11  8  1.4392e+08
11  9  2.54805e+08
11  10  2.5374e+08
11  11  9.45729e+07
11  12  9.67328e+07
11  13  1.67907e+08
11  14  1.92697e+08
11  15  1.59871e+08
11  16  1.68634e+08
11  17  1.80639e+08
11  18  2.30515e+08
11  19  2.49745e+08
11  20  1.67561e+08
11  21  1.91691e+08
11  22  2.38911e+08
11  23  2.74345e+08
11  24  2.67025e+08
11  25  2.05971e+08
11  26  2.02716e+08
11  27  1.06172e+08
11  28  1.08889e+08
11  29  2.11102e+08
11  30  1.43144e+08
11  31  1.53834e+08
11  32  1.19092e+08
11  33  1.53957e+08
11  34  1.40003e+08
11  35  2.30864e+08
11  36  2.3261e+08
11  37  2.32374e+08
11  38  3.16317e+08
11  39  3.007e+08
11  40  2.96349e+08
11  41  2.57454e+08
11  42  4.0224e+08
11  43  3.53099e+08
11  44  4.35886e+08
11  45  5.72358e+08
11  46  4.9444e+08
11  47  3.73447e+08
11  48  4.11867e+08
11  49  4.50179e+08
11  50  4.75146e+08
12  0  0
12  1  0
12  2  0
12  3  0
12  4  1.88465e+08
12  5  2.67675e+08
12  6  1.05652e+08
12  7  1.06193e+08
12  8  1.39068e+08
12  9  1.89649e+08
12  10  2.14321e+08
12  11  1.40199e+08
12  12  1.30852e+08
12  13  1.79551e+08
12  14  1.67918e+08
12  15  1.54909e+08
12  16  1.67804e+08
12  17  1.46212e+08
12  18  1.77454e+08
12  19  1.6087e+08
12  20  1.9701e+08
12  21  2.32371e+08
12  22  2.83138e+08
12  23  2.69653e+08
12  24  2.26928e+08
12  25  2.42063e+08
12  26  1.53873e+08
12  27  1.5139e+08
12  28  1.04173e+08
12  29  1.94811e+08
12  30  1.5069e+08
12  31  1.65927e+08
12  32  1.64495e+08
12  33  1.90404e+08
12  34  1.82221e+08
12  35  2.08098e+08
12  36  2.91886e+08
12  37  2.35038e+08
12  38  2.81039e+08
12  39  2.75254e+08
12  40  3.41915e+08
12  41  2.31503e+08
12  42  3.97291e+08
12  43  3.49176e+08
12  44  4.30902e+08
12  45  4.65312e+08
12  46  5.31114e+08
12  47  3.75962e+08
12  48  3.79913e+08
12  49  4.51325e+08
12  50  4.14342e+08
13  0  0
13  1  0
13  2  0
13  3  5.5581e+07
13  4  1.29389e+08
13  5  1.40149e+08
13  6  1.43087e+08
13  7  1.26513e+08
13  8  1.68195e+08
13  9  2.09798e+08
13  10  2.26174e+08
13  11  1.71639e+08
13  12  7.56002e+07
13  13  1.72458e+08
13  14  1.94493e+08
13  15  1.34242e+08
13  16  1.5414e+08
13  17  1.67832e+08
13  18  2.26332e+08
13  19  1.5881e+08
13  20  2.6858e+08
13  21  2.48433e+08
13  22  1.8079e+08
13  23  3.24424e+08
13  24  3.3887e+08
13  25  2.3447e+08
13  26  1.85193e+08
13  27  1.48339e+08
13  28  5.47862e+07
13  29  1.64142e+08
13  30  8.84844e+07
13  31  1.52977e+08
13  32  1.46535e+08
13  33  1.92986e+08
13  34  2.02129e+08
13  35  2.52009e+08
13  36  2.88752e+08
13  37  1.80761e+08
13  38  2.92605e+08
13  39  3.7578e+08
13  40  2.91927e+08
13  41  3.72527e+08
13  42  4.10933e+08
13  43  3.72854e+08
13  44  4.65747e+08
13  45  4.76274e+08
13  46  4.53749e+08
13  47  3.73128e+08
13  48  4.34689e+08
13  49  5.05375e+08
13  50  4.98302e+08
14  0  0
14  1  0
14  2  0
14  3  0
14  4  7.34277e+07
14  5  2.35259e+08
14  6  1.02001e+08
14  7  1.18407e+08
14  8  1.10377e+08
14  9  2.6759e+08
14  10  1.41748e+08
14  11  1.58577e+08
14  12  3.49184e+07
14  13  1.40833e+08
14  14  1.83586e+08
14  15  1.55573e+08
14  16  5.54237e+07
14  17  1.53564e+08
14  18  1.97255e+08
14  19  2.27839e+08
14  20  2.27645e+08
14  21  2.94131e+08
14  22  2.24832e+08
14  23  3.39098e+08
14  24  2.85644e+08
14  25  2.91261e+08
14  26  1.97223e+08
14  27  1.53262e+08
14  28  6.72442e+07
14  29  1.63565e+08
14  30  1.22521e+08
14  31  5.72019e+07
14  32  6.79271e+07
14  33  1.76837e+08
14  34  2.15592e+08
14  35  2.99193e+08
14  36  3.31513e+08
14  37  2.95814e+08
14  38  2.80953e+08
14  39  3.16811e+08
14  40  3.42768e+08
14  41  2.90019e+08
14  42  3.67205e+08
14  43  3.97875e+08
14  44  5.15222e+08
14  45  5.49169e+08
14  46  5.01313e+08
14  47  4.07484e+08
14  48  3.64286e+08
14  49  3.88256e+08
14  50  5.3385e+08
15  0  0
15  1  0
15  2  0
15  3  0
15  4  1.0021e+08
15  5  1.37329e+08
15  6  1.16566e+08
15  7  1.08718e+08
15  8  1.04008e+08
15  9  2.60139e+08
15  10  1.89516e+08
15  11  1.94689e+08
15  12  1.03774e+08
15  13  1.21928e+08
15  14  1.84011e+08
15  15  1.6802e+08
15  16  1.49607e+08
15  17  1.00988e+08
15  18  1.86288e+08
15  19  2.03107e+08
15  20  2.22179e+08
15  21  2.78173e+08
15  22  2.10457e+08
15  23  3.13155e+08
15  24  2.93833e+08
15  25  3.12456e+08
15  26  1.98834e+08
15  27  9.59705e+07
15  28  1.07889e+08
15  29  1.70532e+08
15  30  7.7338e+07
15  31  1.18525e+08
15  32  1.28076e+08
15  33  2.58689e+08
15  34  2.12923e+08
15  35  2.99974e+08
15  36  3.34656e+08
15  37  2.95013e+08
15  38  3.66006e+08
15  39  3.82642e+08
15  40  4.15176e+08
15  41  3.71251e+08
15  42  3.79867e+08
15  43  5.08577e+08
15  44  4.53918e+08
15  45  5.04328e+08
15  46  4.89157e+08
15  47  3.25017e+08
15  48  4.37725e+08
15  49  3.15559e+08
15  50  4.57415e+08
16  0  0
16  1  0
16  2  0
16  3  0
16  4  6.85544e+07
16  5  1.2235e+08
16  6  1.08413e+08
16  7  1.11781e+08
16  8  1.20937e+08
16  9  1.82792e+08
16  10  1.95744e+08
16  11  2.17586e+08
16  12  9.06118e+07
16  13  9.49101e+07
16  14  9.83065e+07
16  15  1.79969e+08
16  16  1.40965e+08
16  17  1.80096e+08
16  18  1.77417e+08
16  19  2.57459e+08
16  20  2.24061e+08
16  21  2.2638e+08
16  22  1.90465e+08
16  23  2.92938e+08
16  24  2.71555e+08
16  25  2.55152e+08
16  26  2.35973e+08
16  27  1.12833e+08
16  28  5.72116e+07
16  29  1.44573e+08
16  30  1.64006e+08
16  31  1.24312e+08
16  32  9.14844e+07
16  33  1.85823e+08
16  34  2.71702e+08
16  35  2.5596e+08
16  36  3.69485e+08
16  37  3.40395e+08
16  38  3.50199e+08
16  39  3.98754e+08
16  40  3.54118e+08
16  41  3.1908e+08
16  42  3.69882e+08
16  43  3.74161e+08
16  44  6.10488e+08
16  45  5.54698e+08
16  46  4.47051e+08
16  47  3.59298e+08
16  48  3.70444e+08
16  49  3.86199e+08
16  50  3.94608e+08
17  0  0
17  1  0
17  2  0
17  3  0
17  4  1.14546e+08
17  5  1.30762e+08
17  6  1.65616e+08
17  7  1.23118e+08
17  8  8.6774e+07
17  9  2.09499e+08
17  10  2.41463e+08
17  11  1.00306e+08
17  12  9.85921e+07
17  13  1.05205e+08
17  14  1.70058e+08
17  15  1.36552e+08
17  16  8.15964e+07
17  17  1.45268e+08
17  18  1.32975e+08
17  19  2.48708e+08
17  20  2.25828e+08
17  21  2.03507e+08
17  22  2.37784e+08
17  23  2.76e+08
17  24  3.05248e+08
17  25  2.69195e+08
17  26  2.5127e+08
17  27  8.75161e+07
17  28  8.64725e+07
17  29  1.42692e+08
17  30  1.42502e+08
17  31  1.19192e+08
17  32  1.37652e+08
17  33  1.65224e+08
17  34  2.6478e+08
17  35  3.73456e+08
17  36  4.35936e+08
17  37  3.62767e+08
17  38  4.10714e+08
17  39  4.56666e+08
17  40  3.61059e+08
17  41  3.61664e+08
17  42  3.26225e+08
17  43  4.24616e+08
17  44  5.47928e+08
17  45  6.18062e+08
17  46  4.49926e+08
17  47  3.10736e+08
17  48  3.29015e+08
17  49  2.63936e+08
17  50  4.84398e+08
18  0  0
18  1  0
18  2  0
18  3  6.04832e+07
18  4  0
18  5  6.45426e+07
18  6  9.92295e+07
18  7  8.80294e+07
18  8  1.22346e+08
18  9  2.11129e+08
18  10  1.09716e+08
18  11  1.27218e+08
18  12  1.13732e+08
18  13  6.76918e+07
18  14  2.16103e+08
18  15  8.86756e+07
18  16  7.32995e+07
18  17  1.18744e+08
18  18  1.34996e+08
18  19  2.02818e+08
18  20  2.85052e+08
18  21  2.34756e+08
18  22  2.34999e+08
18  23  2.11641e+08
18  24  2.56653e+08
18  25  3.42714e+08
18  26  2.01231e+08
18  27  8.73336e+07
18  28  7.32493e+07
18  29  7.87736e+07
18  30  1.53583e+08
18  31  6.0137e+07
18  32  1.03445e+08
18  33  2.55952e+08
18  34  2.33588e+08
18  35  3.40713e+08
18  36  3.42618e+08
18  37  3.59075e+08
18  38  3.66887e+08
18  39  3.83166e+08
18  40  2.90091e+08
18  41  4.11897e+08
18  42  3.36796e+08
18  43  3.89874e+08
18  44  3.29303e+08
18  45  4.82259e+08
18  46  3.0837e+08
18  47  2.77295e+08
18  48  2.90913e+08
18  49  3.41679e+08
18  50  3.95158e+08
19  0  0
19  1  0
19  2  0
19  3  0
19  4  1.28288e+08
19  5  3.20813e+07
19  6  8.81864e+07
19  7  1.26158e+08
19  8  1.45496e+08
19  9  2.28264e+08
19  10  1.77823e+08
19  11  1.61238e+08
19  12  4.62492e+07
19  13  1.66078e+08
19  14  2.27679e+08
19  15  1.48308e+08
19  16  1.41365e+08
19  17  9.19747e+07
19  18  1.61085e+08
19  19  2.73707e+08
19  20  2.46596e+08
19  21  1.97308e+08
19  22  2.49222e+08
19  23  2.35907e+08
19  24  3.40471e+08
19  25  4.19154e+08
19  26  2.01834e+08
19  27  8.89512e+07
19  28  1.40322e+08
19  29  6.16931e+07
19  30  9.60549e+07
19  31  8.27999e+07
19  32  7.59409e+07
19  33  2.42433e+08
19  34  2.98936e+08
19  35  3.44659e+08
19  36  3.59057e+08
19  37  3.91475e+08
19  38  3.22949e+08
19  39  4.01072e+08
19  40  4.36067e+08
19  41  3.65149e+08
19  42  3.73388e+08
19  43  4.26099e+08
19  44  4.55824e+08
19  45  4.86802e+08
19  46  3.01742e+08
19  47  2.55372e+08
19  48  2.74106e+08
19  49  3.35641e+08
19  50  4.18772e+08
20  0  0
20  1  0
20  2  0
20  3  9.1957e+07
20  4  1.64424e+08
20  5  9.66516e+07
20  6  1.12469e+08
20  7  4.4482e+07
20  8  1.84405e+08
20  9  1.6535e+08
20  10  1.46896e+08
20  11  6.5505e+07
20  12  1.1244e+08
20  13  1.31395e+08
20  14  2.60747e+08
20  15  9.24214e+07
20  16  8.02918e+07
20  17  6.89752e+07
20  18  2.37296e+08
20  19  2.28339e+08
20  20  1.88413e+08
20  21  1.71035e+08
20  22  2.62803e+08
20  23  1.68014e+08
20  24  2.93048e+08
20  25  3.40015e+08
20  26  1.86721e+08
20  27  1.04042e+08
20  28  0
20  29  7.73645e+07
20  30  9.08979e+07
20  31  1.01393e+08
20  32  4.20864e+07
20  33  2.10553e+08
20  34  2.85253e+08
20  35  3.25862e+08
20  36  2.7534e+08
20  37  4.05346e+08
20  38  4.33636e+08
20  39  3.66898e+08
20  40  4.0707e+08
20  41  4.14157e+08
20  42  3.63151e+08
20  43  4.12127e+08
20  44  3.7904e+08
20  45  4.59825e+08
20  46  3.43059e+08
20  47  2.52104e+08
20  48  2.92962e+08
20  49  3.38924e+08
20  50  3.88357e+08
21  0  0
21  1  0
21  2  0
21  3  1.06703e+08
21  4  1.78713e+08
21  5  1.16958e+08
21  6  3.13327e+07
21  7  1.03715e+08
21  8  1.37447e+08
21  9  1.47696e+08
21  10  1.24242e+08
21  11  8.22795e+07
21  12  1.21816e+08
21  13  1.42005e+08
21  14  2.04647e+08
21  15  1.48356e+08
21  16  1.28815e+08
21  17  9.97099e+07
21  18  2.11896e+08
21  19  2.3297e+08
21  20  2.24999e+08
21  21  2.32721e+08
21  22  2.33461e+08
21  23  2.88889e+08
21  24  3.77661e+08
21  25  4.529e+08
21  26  2.06377e+08
21  27  0
21  28  0
21  29  8.40326e+07
21  30  1.19176e+08
21  31  9.35986e+07
21  32  6.67586e+07
21  33  2.75709e+08
21  34  2.90634e+08
21  35  2.94344e+08
21  36  3.85264e+08
21  37  4.15028e+08
21  38  2.26172e+08
21  39  4.01107e+08
21  40  4.09353e+08
21  41  3.45602e+08
21  42  2.65233e+08
21  43  3.64908e+08
21  44  4.37577e+08
21  45  4.06993e+08
21  46  3.07768e+08
21  47  1.71744e+08
21  48  2.61996e+08
21  49  3.9591e+08
21  50  4.10232e+08
22  0  0
22  1  4.39421e+07
22  2  1.0821e+08
22  3  7.90954e+07
22  4  1.71636e+08
22  5  1.4516e+08
22  6  1.36022e+08
22  7  7.71998e+07
22  8  1.76878e+08
22  9  1.19765e+08
22  10  7.66095e+07
22  11  1.56397e+08
22  12  1.24129e+08
22  13  1.64419e+08
22  14  1.86748e+08
22  15  1.30434e+08
22  16  0
22  17  1.7322e+08
22  18  1.91391e+08
22  19  2.05298e+08
22  20  2.60688e+08
22  21  1.92833e+08
22  22  1.60965e+08
22  23  2.85892e+08
22  24  2.96065e+08
22  25  3.47755e+08
22  26  1.95852e+08
22  27  0
22  28  0
22  29  0
22  30  4.17256e+06
22  31  5.27444e+07
22  32  1.16901e+08
22  33  1.68643e+08
22  34  3.12776e+08
22  35  3.41381e+08
22  36  3.65652e+08
22  37  4.16071e+08
22  38  3.08172e+08
22  39  3.93273e+08
22  40  4.63702e+08
22  41  3.30763e+08
22  42  3.17077e+08
22  43  4.23083e+08
22  44  3.68406e+08
22  45  3.64266e+08
22  46  2.73091e+08
22  47  1.22644e+08
22  48  2.15696e+08
22  49  3.04879e+08
22  50  3.20579e+08
23  0  0
23  1  8.53904e+07
23  2  6.85588e+07
23  3  1.09556e+08
23  4  1.94258e+08
23  5  1.31506e+08
23  6  1.973e+08
23  7  9.15593e+07
23  8  1.37375e+08
23  9  1.62592e+08
23  10  1.22729e+08
23  11  7.82774e+07
23  12  1.5939e+08
23  13  1.50545e+08
23  14  1.58961e+08
23  15  1.01138e+08
23  16  7.75548e+07
23  17  8.11382e+07
23  18  1.81669e+08
23  19  2.09077e+08
23  20  2.37954e+08
23  21  1.24744e+08
23  22  2.21217e+08
23  23  2.90081e+08
23  24  3.87612e+08
23  25  3.24676e+08
23  26  2.20518e+08
23  27  8.26606e+07
23  28  0
23  29  0
23  30  6.04508e+07
23  31  6.5441e+07
23  32  1.37018e+08
23  33  2.97e+08
23  34  2.31103e+08
23  35  3.41589e+08
23  36  4.23494e+08
23  37  4.34269e+08
23  38  3.58013e+08
23  39  4.11038e+08
23  40  4.40954e+08
23  41  3.42203e+08
23  42  3.67394e+08
23  43  2.8879e+08
23  44  4.54655e+08
23  45  4.12716e+08
23  46  3.4337e+08
23  47  2.09292e+08
23  48  2.4079e+08
23  49  3.48919e+08
23  50  2.89379e+08
24  0  8.17093e+07
24  1  0
24  2  1.39796e+08
24  3  4.7223e+07
24  4  1.20397e+08
24  5  1.42198e+08
24  6  1.06519e+08
24  7  6.31242e+07
24  8  1.70626e+08
24  9  1.06829e+08
24  10  1.22201e+08
24  11  7.08017e+07
24  12  1.84417e+08
24  13  1.76403e+08
24  14  2.18854e+08
24  15  1.42263e+08
24  16  9.53677e+07
24  17  1.27658e+08
24  18  1.91149e+08
24  19  2.00706e+08
24  20  1.69223e+08
24  21  1.84165e+08
24  22  1.6583e+08
24  23  2.32224e+08
24  24  2.93431e+08
24  25  3.96306e+08
24  26  1.88351e+08
24  27  8.18864e+07
24  28  0
24  29  0
24  30  7.76422e+07
24  31  5.30878e+07
24  32  9.43573e+07
24  33  2.8129e+08
24  34  2.9228e+08
24  35  2.95644e+08
24  36  4.45079e+08
24  37  4.26103e+08
24  38  3.22573e+08
24  39  3.60055e+08
24  40  3.78722e+08
24  41  3.24199e+08
24  42  2.8547e+08
24  43  3.19101e+08
24  44  2.2692e+08
24  45  3.53755e+08
24  46  2.736e+08
24  47  1.86045e+08
24  48  1.65804e+08
24  49  3.54509e+08
24  50  3.39266e+08
25  0  8.51406e+07
25  1  1.22491e+08
25  2  1.3606e+08
25  3  8.56731e+07
25  4  2.50872e+08
25  5  1.35784e+08
25  6  9.48867e+07
25  7  1.1134e+08
25  8  1.61451e+08
25  9  1.53785e+08
25  10  1.01349e+08
25  11  0
25  12  1.77591e+08
25  13  2.06584e+08
25  14  1.83526e+08
25  15  1.4872e+08
25  16  1.52726e+08
25  17  1.24133e+08
25  18  1.72571e+08
25  19  2.25833e+08
25  20  2.04881e+08
25  21  1.24376e+08
25  22  2.45423e+08
25  23  2.56132e+08
25  24  3.08621e+08
25  25  3.54641e+08
25  26  7.66767e+07
25  27  5.38823e+07
25  28  0
25  29  0
25  30  5.51177e+07
25  31  7.5794e+07
25  32  2.15748e+08
25  33  2.44623e+08
25  34  1.8838e+08
25  35  2.39752e+08
25  36  4.19047e+08
25  37  4.39378e+08
25  38  3.67178e+08
25  39  3.638e+08
25  40  3.50926e+08
25  41  3.20796e+08
25  42  2.57318e+08
25  43  2.94916e+08
25  44  2.93138e+08
25  45  2.84855e+08
25  46  2.35947e+08
25  47  1.71748e+08
25  48  2.40891e+08
25  49  2.96758e+08
25  50  2.47478e+08
26  0  6.21447e+07
26  1  8.5717e+07
26  2  7.66436e+07
26  3  1.36293e+08
26  4  2.4953e+08
26  5  1.81892e+08
26  6  1.56555e+08
26  7  7.09426e+07
26  8  7.64522e+07
26  9  7.65956e+07
26  10  1.24324e+08
26  11  5.52458e+07
26  12  1.51262e+08
26  13  1.71985e+08
26  14  1.96702e+08
26  15  1.06717e+08
26  16  1.24707e+08
26  17  2.07776e+08
26  18  1.81163e+08
26  19  2.13975e+08
26  20  2.23264e+08
26  21  1.94709e+08
26  22  1.32208e+08
26  23  2.60866e+08
26  24  3.35152e+08
26  25  3.37488e+08
26  26  1.43116e+08
26  27  5.65517e+07
26  28  0
26  29  0
26  30  0
26  31  6.8274e+07
26  32  1.35258e+08
26  33  1.56902e+08
26  34  1.63863e+08
26  35  1.99485e+08
26  36  4.5872e+08
26  37  3.72322e+08
26  38  3.16263e+08
26  39  3.63808e+08
26  40  4.09533e+08
26  41  3.30753e+08
26  42  3.43366e+08
26  43  2.52029e+08
26  44  2.81149e+08
26  45  2.22235e+08
26  46  3.13652e+08
26  47  1.56678e+08
26  48  1.91979e+08
26  49  3.90113e+08
26  50  3.4116e+08
27  0  9.27753e+07
27  1  1.24118e+08
27  2  9.04829e+07
27  3  1.44286e+08
27  4  2.02349e+08
27  5  1.47946e+08
27  6  2.22859e+08
27  7  1.11034e+08
27  8  1.30817e+08
27  9  1.98468e+08
27  10  1.40385e+08
27  11  0
27  12  1.57802e+08
27  13  1.07689e+08
27  14  1.65116e+08
27  15  6.79882e+07
27  16  1.89443e+08
27  17  1.47604e+08
27  18  1.79139e+08
27  19  2.47469e+08
27  20  2.2597e+08
27  21  1.32887e+08
27  22  1.84346e+08
27  23  2.66418e+08
27  24  3.3092e+08
27  25  3.38482e+08
27  26  1.42006e+08
27  27  0
27  28  0
27  29  0
27  30  0
27  31  5.92199e+07
27  32  1.41181e+08
27  33  1.65771e+08
27  34  1.99543e+08
27  35  2.40604e+08
27  36  3.32093e+08
27  37  3.6487e+08
27  38  2.7328e+08
27  39  3.37958e+08
27  40  3.39311e+08
27  41  3.59814e+08
27  42  3.68296e+08
27  43  2.63976e+08
27  44  2.22328e+08
27  45  2.77698e+08
27  46  2.89923e+08
27  47  2.86997e+08
27  48  2.3337e+08
27  49  2.55603e+08
27  50  3.3322e+08
28  0  1.34845e+08
28  1  1.24373e+08
28  2  8.21398e+07
28  3  1.22401e+08
28  4  2.55764e+08
28  5  1.68961e+08
28  6  1.19501e+08
28  7  1.81254e+08
28  8  2.09533e+08
28  9  2.11354e+08
28  10  2.26576e+08
28  11  5.73408e+07
28  12  9.00773e+07
28  13  1.20676e+08
28  14  1.28121e+08
28  15  1.29911e+08
28  16  1.01946e+08
28  17  2.34173e+08
28  18  2.10258e+08
28  19  2.37046e+08
28  20  2.19934e+08
28  21  1.19511e+08
28  22  1.61704e+08
28  23  2.60479e+08
28  24  2.93241e+08
28  25  3.26483e+08
28  26  1.74541e+08
28  27  0
28  28  0
28  29  0
28  30  0
28  31  4.74797e+07
28  32  6.69463e+07
28  33  1.19849e+08
28  34  2.25857e+08
28  35  2.07376e+08
28  36  2.83329e+08
28  37  3.07003e+08
28  38  3.02851e+08
28  39  4.06229e+08
28  40  2.80443e+08
28  41  3.60388e+08
28  42  3.34428e+08
28  43  3.44978e+08
28  44  2.58862e+08
28  45  2.13459e+08
28  46  3.18008e+08
28  47  2.13359e+08
28  48  2.78841e+08
28  49  2.0896e+08
28  50  3.09908e+08
29  0  1.14347e+08
29  1  1.11887e+08
29  2  6.59738e+07
29  3  1.75808e+08
29  4  2.31513e+08
29  5  2.01243e+08
29  6  1.95454e+08
29  7  1.49822e+08
29  8  1.88645e+08
29  9  2.30941e+08
29  10  1.63629e+08
29  11  0
29  12  9.87871e+07
29  13  1.92828e+08
29  14  1.75717e+08
29  15  1.44185e+08
29  16  2.26534e+08
29  17  2.59214e+08
29  18  3.10433e+08
29  19  2.2197e+08
29  20  1.24507e+08
29  21  1.98158e+08
29  22  2.46014e+08
29  23  1.72561e+08
29  24  2.86812e+08
29  25  3.36254e+08
29  26  1.61844e+08
29  27  4.78022e+07
29  28  0
29  29  0
29  30  0
29  31  0
29  32  8.62815e+06
29  33  4.4509e+07
29  34  1.73138e+08
29  35  2.07339e+08
29  36  3.03183e+08
29  37  3.18521e+08
29  38  3.65343e+08
29  39  3.32422e+08
29  40  3.92167e+08
29  41  4.01431e+08
29  42  4.00639e+08
29  43  3.02013e+08
29  44  1.96521e+08
29  45  2.25897e+08
29  46  3.3752e+08
29  47  2.51918e+08
29  48  3.00591e+08
29  49  3.79369e+08
29  50  3.24105e+08
30  0  1.54122e+08
30  1  8.33192e+07
30  2  1.21029e+08
30  3  1.81189e+08
30  4  3.11021e+08
30  5  2.12262e+08
30  6  1.64697e+08
30  7  1.83134e+08
30  8  2.50261e+08
30  9  1.73033e+08
30  10  2.02709e+08
30  11  0
30  12  2.06881e+08
30  13  1.8712e+08
30  14  1.97201e+08
30  15  1.25151e+08
30  16  2.72912e+08
30  17  2.31907e+08
30  18  3.04787e+08
30  19  2.71365e+08
30  20  1.62708e+08
30  21  1.54237e+08
30  22  2.07616e+08
30  23  1.93746e+08
30  24  2.60546e+08
30  25  2.79573e+08
30  26  1.98044e+08
30  27  1.71933e+08
30  28  0
30  29  0
30  30  5.65642e+07
30  31  5.65963e+07
30  32  1.14361e+08
30  33  5.29887e+07
30  34  1.22008e+08
30  35  1.08094e+08
30  36  2.78707e+08
30  37  3.17232e+08
30  38  3.31201e+08
30  39  3.35984e+08
30  40  4.04828e+08
30  41  4.30869e+08
30  42  4.06051e+08
30  43  3.52967e+08
30  44  2.46989e+08
30  45  2.55454e+08
30  46  2.84094e+08
30  47  1.9603e+08
30  48  2.82686e+08
30  49  3.87777e+08
30  50  3.95065e+08
31  0  9.97868e+07
31  1  9.81703e+07
31  2  4.99733e+07
31  3  2.62057e+08
31  4  2.37486e+08
31  5  1.46968e+08
31  6  2.1292e+08
31  7  1.75282e+08
31  8  2.17668e+08
31  9  2.00999e+08
31  10  1.86195e+08
31  11  8.99013e+07
31  12  1.88068e+08
31  13  1.65212e+08
31  14  1.03077e+08
31  15  2.34587e+08
31  16  2.6551e+08
31  17  3.74908e+08
31  18  2.4692e+08
31  19  1.67553e+08
31  20  2.09122e+08
31  21  1.22505e+08
31  22  2.26422e+08
31  23  2.59628e+08
31  24  2.91626e+08
31  25  2.20256e+08
31  26  2.88316e+08
31  27  1.21826e+08
31  28  0
31  29  0
31  30  6.39068e+07
31  31  1.11958e+08
31  32  0
31  33  0
31  34  1.09847e+08
31  35  1.59866e+08
31  36  2.61612e+08
31  37  1.90766e+08
31  38  3.55146e+08
31  39  3.47416e+08
31  40  4.28354e+08
31  41  4.26401e+08
31  42  4.21733e+08
31  43  4.09968e+08
31  44  2.83966e+08
31  45  2.41339e+08
31  46  2.3182e+08
31  47  2.63108e+08
31  48  3.08091e+08
31  49  3.8675e+08
31  50  3.26037e+08
32  0  1.71453e+08
32  1  4.45798e+07
32  2  1.54021e+08
32  3  1.81433e+08
32  4  1.96455e+08
32  5  2.61824e+08
32  6  2.1365e+08
32  7  2.00656e+08
32  8  1.49495e+08
32  9  2.3292e+08
32  10  2.29949e+08
32  11  1.27587e+08
32  12  1.91792e+08
32  13  2.43679e+08
32  14  2.1401e+08
32  15  2.19618e+08
32  16  2.70187e+08
32  17  3.45749e+08
32  18  3.63457e+08
32  19  2.27556e+08
32  20  2.26304e+08
32  21  1.08588e+08
32  22  2.03215e+08
32  23  2.43488e+08
32  24  2.47029e+08
32  25  3.0155e+08
32  26  3.28123e+08
32  27  1.13817e+08
32  28  0
32  29  0
32  30  4.47587e+07
32  31  1.00706e+08
32  32  6.69652e+07
32  33  7.53878e+07
32  34  7.06979e+07
32  35  1.06646e+08
32  36  2.34646e+08
32  37  1.68517e+08
32  38  2.10532e+08
32  39  4.20537e+08
32  40  4.96181e+08
32  41  4.02899e+08
32  42  4.26323e+08
32  43  2.906e+08
32  44  3.57883e+08
32  45  2.83998e+08
32  46  2.32586e+08
32  47  2.38736e+08
32  48  3.73814e+08
32  49  3.3592e+08
32  50  3.74053e+08
33  0  1.47198e+08
33  1  1.06387e+08
33  2  1.44248e+08
33  3  2.57677e+08
33  4  2.23492e+08
33  5  1.29618e+08
33  6  1.89748e+08
33  7  8.65777e+07
33  8  2.06397e+08
33  9  2.53529e+08
33  10  2.09489e+08
33  11  1.16156e+08
33  12  1.90205e+08
33  13  1.56961e+08
33  14  2.07047e+08
33  15  3.18777e+08
33  16  3.47066e+08
33  17  3.75184e+08
33  18  2.62108e+08
33  19  2.26516e+08
33  20  1.49292e+08
33  21  1.00858e+08
33  22  2.42085e+08
33  23  2.63371e+08
33  24  1.65717e+08
33  25  2.58667e+08
33  26  3.37221e+08
33  27  1.51246e+08
33  28  0
33  29  0
33  30  6.06563e+07
33  31  1.41541e+08
33  32  1.19415e+08
33  33  0
33  34  7.5586e+07
33  35  1.13663e+08
33  36  1.84379e+08
33  37  3.04489e+08
33  38  3.67852e+08
33  39  4.58862e+08
33  40  4.21121e+08
33  41  3.68733e+08
33  42  3.57903e+08
33  43  3.52934e+08
33  44  3.01421e+08
33  45  3.88084e+08
33  46  1.79524e+08
33  47  2.48075e+08
33  48  3.46231e+08
33  49  3.85603e+08
33  50  3.28953e+08
34  0  7.9181e+07
34  1  1.26693e+08
34  2  1.69767e+08
34  3  2.15483e+08
34  4  2.22825e+08
34  5  1.41567e+08
34  6  2.33113e+08
34  7  1.38146e+08
34  8  1.78513e+08
34  9  2.86157e+08
34  10  1.66991e+08
34  11  1.04318e+08
34  12  2.5109e+08
34  13  2.02115e+08
34  14  2.31405e+08
34  15  2.48573e+08
34  16  3.66271e+08
34  17  3.2109e+08
34  18  2.81896e+08
34  19  2.03592e+08
34  20  2.0833e+08
34  21  1.94683e+08
34  22  1.40716e+08
34  23  2.98052e+08
34  24  2.97511e+08
34  25  2.22193e+08
34  26  3.42276e+08
34  27  1.73434e+08
34  28  0
34  29  0
34  30  0
34  31  1.38525e+08
34  32  6.28181e+07
34  33  0
34  34  0
34  35  5.94796e+07
34  36  1.90125e+08
34  37  3.25926e+08
34  38  3.13969e+08
34  39  4.54345e+08
34  40  4.24107e+08
34  41  4.6706e+08
34  42  4.82076e+08
34  43  4.17052e+08
34  44  4.12441e+08
34  45  3.91727e+08
34  46  1.90746e+08
34  47  2.72809e+08
34  48  2.95328e+08
34  49  3.11425e+08
34  50  4.06706e+08
35  0  1.06769e+08
35  1  1.35207e+08
35  2  1.64689e+08
35  3  1.26756e+08
35  4  1.67007e+08
35  5  1.93502e+08
35  6  1.36251e+08
35  7  1.28212e+08
35  8  2.20423e+08
35  9  3.00753e+08
35  10  2.03172e+08
35  11  2.01332e+08
35  12  1.9708e+08
35  13  2.53806e+08
35  14  2.23987e+08
35  15  2.26745e+08
35  16  2.75809e+08
35  17  3.22938e+08
35  18  2.8973e+08
35  19  2.22185e+08
35  20  2.03799e+08
35  21  1.74495e+08
35  22  2.11813e+08
35  23  2.04823e+08
35  24  2.25254e+08
35  25  2.52647e+08
35  26  4.40727e+08
35  27  2.14013e+08
35  28  0
35  29  0
35  30  9.00547e+07
35  31  1.29581e+08
35  32  0
35  33  0
35  34  0
35  35  6.68697e+07
35  36  1.68831e+08
35  37  1.60563e+08
35  38  4.25631e+08
35  39  4.86458e+08
35  40  4.81475e+08
35  41  5.43702e+08
35  42  5.513e+08
35  43  4.4993e+08
35  44  5.13594e+08
35  45  3.54064e+08
35  46  2.16177e+08
35  47  2.99858e+08
35  48  4.13481e+08
35  49  3.92761e+08
35  50  4.33408e+08
36  0  1.70998e+08
36  1  1.02473e+08
36  2  1.91059e+08
36  3  1.78991e+08
36  4  2.34908e+08
36  5  1.39876e+08
36  6  2.23255e+08
36  7  2.09104e+08
36  8  1.35479e+08
36  9  3.15224e+08
36  10  2.84449e+08
36  11  2.0376e+08
36  12  2.2284e+08
36  13  2.80026e+08
36  14  3.46345e+08
36  15  3.48693e+08
36  16  3.18034e+08
36  17  3.37709e+08
36  18  2.90634e+08
36  19  2.09673e+08
36  20  2.29886e+08
36  21  1.93507e+08
36  22  2.11114e+08
36  23  1.6953e+08
36  24  2.67366e+08
36  25  2.82825e+08
36  26  3.10548e+08
36  27  1.99806e+08
36  28  3.38195e+07
36  29  0
36  30  1.21675e+08
36  31  3.77159e+07
36  32  0
36  33  0
36  34  0
36  35  0
36  36  7.16851e+07
36  37  2.59594e+08
36  38  3.12121e+08
36  39  4.87614e+08
36  40  4.65877e+08
36  41  4.0562e+08
36  42  5.59377e+08
36  43  4.12972e+08
36  44  4.18663e+08
36  45  4.94152e+08
36  46  1.86082e+08
36  47  3.40551e+08
36  48  2.39587e+08
36  49  3.57661e+08
36  50  3.65221e+08
37  0  1.64318e+08
37  1  1.93011e+08
37  2  1.78385e+08
37  3  1.24229e+08
37  4  1.89721e+08
37  5  2.18172e+08
37  6  2.51269e+08
37  7  1.37224e+08
37  8  2.15026e+08
37  9  2.59412e+08
37  10  2.65741e+08
37  11  1.92372e+08
37  12  2.08191e+08
37  13  2.93262e+08
37  14  3.57832e+08
37  15  2.92298e+08
37  16  3.76342e+08
37  17  2.81249e+08
37  18  2.71849e+08
37  19  2.36151e+08
37  20  2.05878e+08
37  21  1.86715e+08
37  22  2.02687e+08
37  23  2.46075e+08
37  24  2.14009e+08
37  25  2.6618e+08
37  26  3.11853e+08
37  27  1.42619e+08
37  28  9.59598e+07
37  29  0
37  30  1.06107e+08
37  31  6.53749e+07
37  32  0
37  33  0
37  34  0
37  35  7.36068e+07
37  36  8.65671e+07
37  37  2.20442e+08
37  38  3.17204e+08
37  39  3.66198e+08
37  40  5.16883e+08
37  41  5.17419e+08
37  42  4.33578e+08
37  43  5.02461e+08
37  44  4.92634e+08
37  45  4.92101e+08
37  46  2.00863e+08
37  47  2.08961e+08
37  48  2.88355e+08
37  49  3.10793e+08
37  50  2.69106e+08
38  0  1.05789e+08
38  1  1.08161e+08
38  2  1.95493e+08
38  3  2.10447e+08
38  4  1.26174e+08
38  5  2.9635e+08
38  6  2.9686e+08
38  7  2.61314e+08
38  8  2.01742e+08
38  9  2.31589e+08
38  10  2.94496e+08
38  11  2.32461e+08
38  12  2.702e+08
38  13  2.99541e+08
38  14  2.86133e+08
38  15  2.29741e+08
38  16  3.36039e+08
38  17  3.0761e+08
38  18  2.40004e+08
38  19  2.38624e+08
38  20  2.61306e+08
38  21  2.10928e+08
38  22  2.01784e+08
38  23  3.09549e+08
38  24  1.74024e+08
38  25  2.08411e+08
38  26  3.26735e+08
38  27  2.297e+08
38  28  1.31437e+07
38  29  0
38  30  6.93884e+07
38  31  0
38  32  0
38  33  0
38  34  0
38  35  0
38  36  1.33466e+08
38  37  2.13014e+08
38  38  2.8287e+08
38  39  5.02186e+08
38  40  4.41062e+08
38  41  5.18894e+08
38  42  5.33083e+08
38  43  3.98172e+08
38  44  4.27995e+08
38  45  4.9686e+08
38  46  2.68187e+08
38  47  2.86854e+08
38  48  2.97446e+08
38  49  3.5287e+08
38  50  4.39796e+08
39  0  5.93419e+07
39  1  1.47352e+08
39  2  2.16059e+08
39  3  2.38618e+08
39  4  1.66515e+08
39  5  2.49227e+08
39  6  1.98874e+08
39  7  2.45092e+08
39  8  2.46623e+08
39  9  3.13839e+08
39  10  2.79105e+08
39  11  2.76008e+08
39  12  2.92445e+08
39  13  3.29212e+08
39  14  3.60023e+08
39  15  3.12221e+08
39  16  3.40132e+08
39  17  3.00566e+08
39  18  1.85732e+08
39  19  2.44304e+08
39  20  2.62222e+08
39  21  2.03515e+08
39  22  2.21359e+08
39  23  2.51514e+08
39  24  2.7049e+08
39  25  3.05743e+08
39  26  2.21593e+08
39  27  2.52102e+08
39  28  7.06312e+07
39  29  0
39  30  1.29493e+08
39  31  9.01295e+07
39  32  0
39  33  0
39  34  0
39  35  0
39  36  1.50099e+08
39  37  2.22106e+08
39  38  3.28118e+08
39  39  3.77787e+08
39  40  5.25916e+08
39  41  4.12433e+08
39  42  4.79662e+08
39  43  4.30362e+08
39  44  5.02192e+08
39  45  4.73319e+08
39  46  1.86501e+08
39  47  2.66526e+08
39  48  3.04801e+08
39  49  2.31747e+08
39  50  3.81749e+08
40  0  6.8368e+07
40  1  1.35619e+08
40  2  1.85647e+08
40  3  2.38332e+08
40  4  3.40794e+07
40  5  2.53926e+08
40  6  2.6307e+08
40  7  1.20974e+08
40  8  2.83895e+08
40  9  2.46293e+08
40  10  2.90916e+08
40  11  2.49268e+08
40  12  2.32105e+08
40  13  2.85827e+08
40  14  4.20308e+08
40  15  4.28685e+08
40  16  2.88611e+08
40  17  2.33725e+08
40  18  1.63337e+08
40  19  2.34215e+08
40  20  2.57759e+08
40  21  1.90228e+08
40  22  3.33473e+08
40  23  3.06509e+08
40  24  2.4162e+08
40  25  3.34895e+08
40  26  3.4293e+08
40  27  2.66705e+08
40  28  0
40  29  5.00142e+07
40  30  6.81185e+07
40  31  7.81675e+07
40  32  0
40  33  0
40  34  0
40  35  0
40  36  9.63928e+07
40  37  1.88309e+08
40  38  3.63207e+08
40  39  4.36777e+08
40  40  4.74535e+08
40  41  5.79217e+08
40  42  5.1804e+08
40  43  4.06479e+08
40  44  4.70607e+08
40  45  4.56676e+08
40  46  2.00045e+08
40  47  2.85731e+08
40  48  1.78885e+08
40  49  3.31406e+08
40  50  4.91038e+08
41  0  1.46362e+08
41  1  1.52982e+08
41  2  1.73272e+08
41  3  1.80958e+08
41  4  1.89696e+08
41  5  2.36003e+08
41  6  2.12822e+08
41  7  2.56526e+08
41  8  1.50738e+08
41  9  3.53427e+08
41  10  2.43881e+08
41  11  2.4573e+08
41  12  2.84784e+08
41  13  3.62288e+08
41  14  3.56078e+08
41  15  3.20923e+08
41  16  3.58098e+08
41  17  1.54467e+08
41  18  1.50743e+08
41  19  2.36548e+08
41  20  2.32116e+08
41  21  2.66222e+08
41  22  2.43633e+08
41  23  2.77579e+08
41  24  2.85841e+08
41  25  2.57939e+08
41  26  2.96228e+08
41  27  2.54404e+08
41  28  1.28863e+08
41  29  5.36342e+07
41  30  1.41523e+08
41  31  0
41  32  0
41  33  0
41  34  0
41  35  0
41  36  0
41  37  2.50275e+08
41  38  3.15822e+08
41  39  3.45885e+08
41  40  4.63089e+08
41  41  5.84453e+08
41  42  3.5487e+08
41  43  4.31145e+08
41  44  5.2505e+08
41  45  3.82686e+08
41  46  1.72075e+08
41  47  2.22413e+08
41  48  2.36199e+08
41  49  3.0501e+08
41  50  3.97004e+08
42  0  1.08156e+08
42  1  1.12621e+08
42  2  2.05743e+08
42  3  1.8696e+08
42  4  1.5038e+08
42  5  2.23593e+08
42  6  2.88508e+08
42  7  1.98859e+08
42  8  3.13552e+08
42  9  3.2172e+08
42  10  2.87826e+08
42  11  3.29801e+08
42  12  3.26059e+08
42  13  3.00734e+08
42  14  2.88215e+08
42  15  2.59537e+08
42  16  2.74118e+08
42  17  1.61118e+08
42  18  1.4585e+08
42  19  2.31914e+08
42  20  2.59394e+08
42  21  2.36044e+08
42  22  3.2923e+08
42  23  2.79085e+08
42  24  1.32128e+08
42  25  3.06894e+08
42  26  3.19449e+08
42  27  2.33302e+08
42  28  9.27422e+07
42  29  0
42  30  8.79196e+07
42  31  1.17455e+08
42  32  0
42  33  0
42  34  0
42  35  0
42  36  0
42  37  2.3931e+08
42  38  3.22051e+08
42  39  5.02642e+08
42  40  4.68119e+08
42  41  4.66161e+08
42  42  4.34997e+08
42  43  3.40939e+08
42  44  3.36101e+08
42  45  3.9857e+08
42  46  2.3392e+08
42  47  2.28003e+08
42  48  2.27675e+08
42  49  2.22156e+08
42  50  4.1314e+08
43  0  1.40671e+08
43  1  1.65111e+08
43  2  2.45162e+08
43  3  2.59842e+08
43  4  2.01565e+08
43  5  2.5817e+08
43  6  2.39203e+08
43  7  1.37954e+08
43  8  2.88567e+08
43  9  3.05063e+08
43  10  2.67572e+08
43  11  2.58535e+08
43  12  3.09461e+08
43  13  3.29067e+08
43  14  3.24036e+08
43  15  3.74982e+08
43  16  2.70929e+08
43  17  2.23144e+08
43  18  1.1156e+08
43  19  2.26541e+08
43  20  2.41413e+08
43  21  1.80521e+08
43  22  3.09636e+08
43  23  2.54404e+08
43  24  1.89125e+08
43  25  3.08247e+08
43  26  3.164e+08
43  27  2.79366e+08
43  28  7.34963e+07
43  29  0
43  30  7.11755e+07
43  31  7.76317e+07
43  32  0
43  33  0
43  34  0
43  35  0
43  36  8.40794e+07
43  37  2.89328e+08
43  38  4.2169e+08
43  39  5.34248e+08
43  40  4.00075e+08
43  41  4.15345e+08
43  42  4.07053e+08
43  43  4.47269e+08
43  44  3.9886e+08
43  45  3.8701e+08
43  46  2.11301e+08
43  47  2.19806e+08
43  48  1.01193e+08
43  49  2.4349e+08
43  50  2.36216e+08
44  0  1.22896e+08
44  1  1.01793e+08
44  2  2.44625e+08
44  3  3.05035e+08
44  4  1.79141e+08
44  5  2.17479e+08
44  6  3.05819e+08
44  7  3.15978e+08
44  8  2.86343e+08
44  9  2.44834e+08
44  10  2.93806e+08
44  11  2.47669e+08
44  12  1.50742e+08
44  13  2.60163e+08
44  14  1.65243e+08
44  15  2.84595e+08
44  16  2.59316e+08
44  17  1.84255e+08
44  18  1.14102e+08
44  19  3.49773e+08
44  20  1.79471e+08
44  21  2.61876e+08
44  22  3.05987e+08
44  23  2.96512e+08
44  24  2.20974e+08
44  25  2.90599e+08
44  26  1.92153e+08
44  27  2.5828e+08
44  28  9.28905e+07
44  29  0
44  30  2.04028e+07
44  31  7.72041e+07
44  32  0
44  33  0
44  34  0
44  35  0
44  36  5.10256e+07
44  37  2.86776e+08
44  38  3.90449e+08
44  39  5.24082e+08
44  40  3.81275e+08
44  41  5.13526e+08
44  42  4.73262e+08
44  43  4.73033e+08
44  44  4.88393e+08
44  45  4.25407e+08
44  46  3.06584e+08
44  47  2.12294e+08
44  48  2.10806e+08
44  49  1.84142e+08
44  50  3.03635e+08
45  0  1.0538e+08
45  1  1.46015e+08
45  2  1.45027e+08
45  3  2.83734e+08
45  4  1.97307e+08
45  5  3.1084e+08
45  6  2.60086e+08
45  7  2.97591e+08
45  8  1.90347e+08
45  9  3.1847e+08
45  10  2.75941e+08
45  11  2.04535e+08
45  12  2.52928e+08
45  13  3.10068e+08
45  14  1.62306e+08
45  15  2.42339e+08
45  16  3.6038e+08
45  17  2.41561e+08
45  18  1.30767e+08
45  19  2.37699e+08
45  20  2.92583e+08
45  21  3.11544e+08
45  22  2.86942e+08
45  23  2.36054e+08
45  24  2.04152e+08
45  25  2.84399e+08
45  26  3.13682e+08
45  27  2.14135e+08
45  28  0
45  29  0
45  30  0
45  31  5.71554e+07
45  32  0
45  33  0
45  34  0
45  35  0
45  36  1.45228e+08
45  37  3.32038e+08
45  38  3.82012e+08
45  39  4.37239e+08
45  40  4.45937e+08
45  41  4.34159e+08
45  42  2.90033e+08
45  43  3.53849e+08
45  44  4.0831e+08
45  45  2.43409e+08
45  46  2.31338e+08
45  47  1.7753e+08
45  48  1.91387e+08
45  49  1.81169e+08
45  50  2.66629e+08
46  0  1.10675e+08
46  1  9.20685e+07
46  2  2.36443e+08
46  3  2.19859e+08
46  4  2.39019e+08
46  5  2.4254e+08
46  6  2.7784e+08
46  7  2.6562e+08
46  8  3.02718e+08
46  9  2.15044e+08
46  10  2.67501e+08
46  11  2.75894e+08
46  12  2.18526e+08
46  13  3.23904e+08
46  14  2.23398e+08
46  15  3.23005e+08
46  16  2.98887e+08
46  17  2.28517e+08
46  18  8.43167e+07
46  19  2.12189e+08
46  20  3.42649e+08
46  21  2.9064e+08
46  22  2.53595e+08
46  23  3.00748e+08
46  24  2.90184e+08
46  25  2.36703e+08
46  26  3.45452e+08
46  27  1.98921e+08
46  28  7.29372e+07
46  29  0
46  30  4.52057e+07
46  31  0
46  32  0
46  33  0
46  34  0
46  35  0
46  36  0
46  37  1.45729e+08
46  38  2.77147e+08
46  39  5.17935e+08
46  40  4.07796e+08
46  41  4.6151e+08
46  42  3.81306e+08
46  43  4.40067e+08
46  44  4.09108e+08
46  45  3.82452e+08
46  46  2.65505e+08
46  47  1.54605e+08
46  48  1.77006e+08
46  49  1.71482e+08
46  50  1.15523e+08
47  0  1.80122e+08
47  1  8.1838e+07
47  2  1.89585e+08
47  3  2.24607e+08
47  4  2.77319e+08
47  5  2.55954e+08
47  6  2.52062e+08
47  7  3.03672e+08
47  8  2.41481e+08
47  9  2.50359e+08
47  10  2.14458e+08
47  11  2.44736e+08
47  12  1.43673e+08
47  13  2.26213e+08
47  14  1.78634e+08
47  15  1.43675e+08
47  16  2.7797e+08
47  17  3.00416e+08
47  18  8.24022e+07
47  19  2.40266e+08
47  20  3.07609e+08
47  21  2.3531e+08
47  22  3.73266e+08
47  23  2.7779e+08
47  24  3.129e+08
47  25  2.96545e+08
47  26  3.22052e+08
47  27  1.77803e+08
47  28  0
47  29  0
47  30  6.9733e+07
47  31  0
47  32  0
47  33  0
47  34  0
47  35  0
47  36  8.83823e+07
47  37  3.27404e+08
47  38  4.05096e+08
47  39  4.69561e+08
47  40  4.82636e+08
47  41  3.54288e+08
47  42  4.68387e+08
47  43  3.5178e+08
47  44  4.02785e+08
47  45  3.33146e+08
47  46  2.35159e+08
47  47  1.51032e+08
47  48  9.38698e+07
47  49  1.96105e+08
47  50  3.29862e+08
48  0  8.18914e+07
48  1  1.32306e+08
48  2  1.97836e+08
48  3  2.69043e+08
48  4  1.98494e+08
48  5  2.49073e+08
48  6  2.89252e+08
48  7  1.71602e+08
48  8  2.22943e+08
48  9  2.43223e+08
48  10  2.48741e+08
48  11  2.18946e+08
48  12  2.6026e+08
48  13  2.09443e+08
48  14  1.83849e+08
48  15  2.84943e+08
48  16  2.47508e+08
48  17  2.42777e+08
48  18  1.67112e+08
48  19  2.9083e+08
48  20  2.64738e+08
48  21  2.34497e+08
48  22  2.30355e+08
48  23  2.92795e+08
48  24  2.92686e+08
48  25  2.24785e+08
48  26  2.87673e+08
48  27  1.23379e+08
48  28  5.53208e+07
48  29  0
48  30  0
48  31  0
48  32  0
48  33  0
48  34  0
48  35  0
48  36  1.18109e+08
48  37  1.82221e+08
48  38  3.75628e+08
48  39  2.28732e+08
48  40  4.4544e+08
48  41  4.74038e+08
48  42  3.50497e+08
48  43  4.60986e+08
48  44  3.44391e+08
48  45  2.18344e+08
48  46  1.9645e+08
48  47  1.77687e+08
48  48  1.42096e+08
48  49  1.61302e+08
48  50  2.5669e+08
49  0  1.98777e+08
49  1  6.5081e+07
49  2  2.63979e+08
49  3  2.12369e+08
49  4  2.54684e+08
49  5  1.33601e+08
49  6  1.93822e+08
49  7  2.70252e+08
49  8  2.54313e+08
49  9  9.28343e+07
49  10  1.94802e+08
49  11  1.68469e+08
49  12  1.59329e+08
49  13  2.21091e+08
49  14  3.33572e+08
49  15  3.11948e+08
49  16  3.25452e+08
49  17  2.21546e+08
49  18  8.7791e+07
49  19  2.06558e+08
49  20  2.69876e+08
49  21  3.14532e+08
49  22  2.71028e+08
49  23  3.04738e+08
49  24  2.76005e+08
49  25  3.17363e+08
49  26  3.3937e+08
49  27  1.37848e+08
49  28  0
49  29  0
49  30  0
49  31  0
49  32  0
49  33  0
49  34  0
49  35  0
49  36  1.30567e+08
49  37  1.78533e+08
49  38  2.99991e+08
49  39  4.22116e+08
49  40  4.37444e+08
49  41  3.18009e+08
49  42  3.53e+08
49  43  3.58461e+08
49  44  3.33432e+08
49  45  2.85949e+08
49  46  1.39846e+08
49  47  1.60502e+08
49  48  7.9038e+07
49  49  2.321e+08
49  50  2.24058e+08
50  0  1.55756e+08
50  1  8.00077e+07
50  2  1.57436e+08
50  3  1.61576e+08
50  4  1.71944e+08
50  5  1.93677e+08
50  6  1.56301e+08
50  7  2.11799e+08
50  8  7.61064e+07
50  9  1.12959e+08
50  10  2.10027e+08
50  11  1.66987e+08
50  12  9.07017e+07
50  13  1.60906e+08
50  14  2.32984e+08
50  15  2.87678e+08
50  16  2.68704e+08
50  17  2.71264e+08
50  18  2.78348e+07
50  19  2.42315e+08
50  20  2.57551e+08
50  21  2.76826e+08
50  22  2.51676e+08
50  23  2.82492e+08
50  24  3.57762e+08
50  25  2.23719e+08
50  26  3.66095e+08
50  27  1.50482e+08
50  28  0
50  29  6.25117e+07
50  30  6.30375e+07
50  31  0
50  32  0
50  33  0
50  34  0
50  35  0
50  36  9.74812e+07
50  37  2.48264e+08
50  38  1.88835e+08
50  39  3.8734e+08
50  40  3.82385e+08
50  41  2.32913e+08
50  42  3.01885e+08
50  43  3.61619e+08
50  44  3.70854e+08
50  45  2.63594e+08
50  46  1.82117e+08
50  47  1.45288e+08
50  48  6.1282e+07
50  49  1.48175e+08
50  50  2.81591e+08

