row  column  (images_31.edf Zn-K*images_31.edf Ar-K**2.3)
0  0  6.07647e+07
0  1  1.49408e+07
0  2  2.8848e+07
0  3  5.10353e+07
0  4  2.84359e+07
0  5  3.51551e+07
0  6  4.30089e+07
0  7  5.62826e+07
0  8  4.96162e+07
0  9  7.69513e+07
0  10  5.86063e+07
0  11  5.09301e+07
0  12  7.18961e+07
0  13  9.5282e+07
0  14  7.4976e+07
0  15  6.65186e+07
0  16  7.90818e+07
0  17  7.06111e+07
0  18  9.72341e+07
0  19  9.69835e+07
0  20  1.11469e+08
0  21  1.47784e+08
0  22  1.33926e+08
0  23  7.10967e+07
0  24  6.77632e+07
0  25  6.69013e+07
0  26  5.60059e+07
0  27  5.53191e+07
0  28  2.88684e+07
0  29  7.13766e+07
0  30  7.58407e+07
0  31  6.42147e+07
0  32  6.07901e+07
0  33  6.50517e+07
0  34  7.56846e+07
0  35  7.99568e+07
0  36  4.19416e+07
0  37  5.33115e+07
0  38  9.49187e+07
0  39  1.12924e+08
0  40  1.07156e+08
0  41  6.81626e+07
0  42  7.47538e+07
0  43  6.92914e+07
0  44  3.01443e+07
0  45  3.45971e+07
0  46  3.72101e+07
0  47  3.55617e+07
0  48  1.44193e+07
0  49  3.83748e+07
0  50  2.87885e+07
1  0  7.6104e+07
1  1  3.04536e+07
1  2  3.09839e+07
1  3  6.6853e+07
1  4  3.56613e+07
1  5  3.34085e+07
1  6  6.00915e+07
1  7  7.99458e+07
1  8  7.22645e+07
1  9  3.88326e+07
1  10  9.05997e+07
1  11  8.67759e+07
1  12  8.71329e+07
1  13  7.89944e+07
1  14  8.55104e+07
1  15  7.13848e+07
1  16  5.57221e+07
1  17  6.82711e+07
1  18  1.27228e+08
1  19  7.68809e+07
1  20  1.42632e+08
1  21  1.64271e+08
1  22  1.44539e+08
1  23  9.15013e+07
1  24  7.98883e+07
1  25  5.80244e+07
1  26  4.52874e+07
1  27  4.1529e+07
1  28  2.25921e+07
1  29  6.06634e+07
1  30  7.74294e+07
1  31  6.81586e+07
1  32  7.37792e+07
1  33  7.43432e+07
1  34  6.79815e+07
1  35  4.99375e+07
1  36  4.89649e+07
1  37  6.63561e+07
1  38  9.83525e+07
1  39  1.36596e+08
1  40  8.98606e+07
1  41  6.88268e+07
1  42  6.60859e+07
1  43  6.25149e+07
1  44  3.59767e+07
1  45  4.91667e+07
1  46  2.12419e+07
1  47  3.46898e+07
1  48  3.54568e+07
1  49  2.27955e+07
1  50  0
2  0  5.27938e+07
2  1  2.73425e+07
2  2  3.33926e+07
2  3  7.0125e+07
2  4  4.03508e+07
2  5  6.07705e+07
2  6  9.35136e+07
2  7  6.58849e+07
2  8  8.5623e+07
2  9  6.28373e+07
2  10  7.39647e+07
2  11  7.47444e+07
2  12  9.72697e+07
2  13  8.95464e+07
2  14  8.28959e+07
2  15  6.94205e+07
2  16  6.93671e+07
2  17  8.74457e+07
2  18  1.35889e+08
2  19  1.12338e+08
2  20  1.02665e+08
2  21  1.46249e+08
2  22  1.1681e+08
2  23  8.97975e+07
2  24  8.25046e+07
2  25  6.08931e+07
2  26  4.0519e+07
2  27  2.711e+07
2  28  3.92261e+07
2  29  5.31243e+07
2  30  9.22182e+07
2  31  4.82486e+07
2  32  7.41317e+07
2  33  6.68862e+07
2  34  8.70715e+07
2  35  7.56014e+07
2  36  3.29918e+07
2  37  5.83175e+07
2  38  1.0787e+08
2  39  1.99856e+08
2  40  1.50968e+08
2  41  1.17391e+08
2  42  1.12886e+08
2  43  6.35121e+07
2  44  6.21278e+07
2  45  1.98859e+07
2  46  3.60179e+07
2  47  6.26677e+07
2  48  2.63173e+07
2  49  3.09129e+07
2  50  2.95534e+07
3  0  3.76426e+07
3  1  3.82029e+07
3  2  3.84751e+07
3  3  4.31031e+07
3  4  2.93328e+07
3  5  6.44295e+07
3  6  9.23267e+07
3  7  5.1146e+07
3  8  6.99457e+07
3  9  6.90097e+07
3  10  7.59088e+07
3  11  9.77442e+07
3  12  7.55752e+07
3  13  1.05269e+08
3  14  1.00002e+08
3  15  9.63558e+07
3  16  6.62722e+07
3  17  1.10484e+08
3  18  9.94637e+07
3  19  1.13744e+08
3  20  1.50101e+08
3  21  1.8648e+08
3  22  9.9737e+07
3  23  9.15967e+07
3  24  7.26276e+07
3  25  4.85996e+07
3  26  5.51868e+07
3  27  5.03145e+07
3  28  5.50534e+07
3  29  5.37524e+07
3  30  6.20622e+07
3  31  7.19943e+07
3  32  1.01714e+08
3  33  5.30703e+07
3  34  5.93918e+07
3  35  6.35488e+07
3  36  2.54537e+07
3  37  5.11184e+07
3  38  9.46992e+07
3  39  1.67048e+08
3  40  1.49347e+08
3  41  9.77965e+07
3  42  5.68726e+07
3  43  5.25065e+07
3  44  5.40271e+07
3  45  5.45963e+07
3  46  2.65645e+07
3  47  2.11693e+07
3  48  4.79116e+07
3  49  3.51421e+07
3  50  4.22782e+07
4  0  3.67273e+07
4  1  4.63185e+07
4  2  4.97574e+07
4  3  3.09196e+07
4  4  5.79971e+07
4  5  8.55418e+07
4  6  9.32302e+07
4  7  5.70967e+07
4  8  7.15901e+07
4  9  8.71573e+07
4  10  1.00391e+08
4  11  9.42761e+07
4  12  1.29065e+08
4  13  1.01701e+08
4  14  8.55803e+07
4  15  1.05695e+08
4  16  9.05858e+07
4  17  1.06826e+08
4  18  1.21256e+08
4  19  1.02574e+08
4  20  1.26192e+08
4  21  1.38022e+08
4  22  7.61456e+07
4  23  1.01966e+08
4  24  1.08403e+08
4  25  6.02293e+07
4  26  4.70443e+07
4  27  6.43755e+07
4  28  5.76936e+07
4  29  4.99512e+07
4  30  5.80162e+07
4  31  7.90537e+07
4  32  7.10579e+07
4  33  6.2616e+07
4  34  1.02114e+08
4  35  6.38913e+07
4  36  5.58864e+07
4  37  6.61713e+07
4  38  6.79926e+07
4  39  1.7206e+08
4  40  1.46552e+08
4  41  9.6442e+07
4  42  7.04409e+07
4  43  5.92655e+07
4  44  4.86342e+07
4  45  4.65265e+07
4  46  3.04681e+07
4  47  4.75585e+07
4  48  4.15032e+07
4  49  6.44652e+07
4  50  4.40989e+07
5  0  5.80625e+07
5  1  5.68949e+07
5  2  8.00951e+07
5  3  3.4707e+07
5  4  5.85947e+07
5  5  9.84884e+07
5  6  1.17407e+08
5  7  6.38443e+07
5  8  7.44539e+07
5  9  9.58317e+07
5  10  9.45723e+07
5  11  9.78763e+07
5  12  1.11529e+08
5  13  1.09293e+08
5  14  1.00668e+08
5  15  9.21814e+07
5  16  8.83121e+07
5  17  9.44402e+07
5  18  1.14714e+08
5  19  9.4729e+07
5  20  1.2273e+08
5  21  1.30622e+08
5  22  1.14317e+08
5  23  1.01222e+08
5  24  7.99536e+07
5  25  6.42596e+07
5  26  3.98329e+07
5  27  5.52253e+07
5  28  4.58695e+07
5  29  4.15259e+07
5  30  5.21689e+07
5  31  8.34991e+07
5  32  6.89884e+07
5  33  4.29008e+07
5  34  6.90609e+07
5  35  6.57619e+07
5  36  7.6418e+07
5  37  4.28762e+07
5  38  7.14766e+07
5  39  1.00706e+08
5  40  1.17988e+08
5  41  8.17871e+07
5  42  7.24625e+07
5  43  5.32891e+07
5  44  9.07728e+07
5  45  4.82593e+07
5  46  5.92823e+07
5  47  7.58286e+07
5  48  4.66016e+07
5  49  4.71695e+07
5  50  4.33726e+07
6  0  7.05923e+07
6  1  6.87369e+07
6  2  5.82926e+07
6  3  4.97263e+07
6  4  5.87139e+07
6  5  9.51593e+07
6  6  9.74923e+07
6  7  5.87364e+07
6  8  9.83992e+07
6  9  1.06085e+08
6  10  7.30435e+07
6  11  9.04071e+07
6  12  8.45026e+07
6  13  7.33753e+07
6  14  7.00959e+07
6  15  8.64656e+07
6  16  7.13116e+07
6  17  6.89254e+07
6  18  9.29855e+07
6  19  7.02931e+07
6  20  1.01355e+08
6  21  1.04649e+08
6  22  8.13856e+07
6  23  1.05063e+08
6  24  7.11406e+07
6  25  4.47728e+07
6  26  5.9984e+07
6  27  5.26556e+07
6  28  5.52142e+07
6  29  4.92781e+07
6  30  4.23512e+07
6  31  6.36086e+07
6  32  8.44549e+07
6  33  5.89073e+07
6  34  7.06885e+07
6  35  8.84076e+07
6  36  7.19319e+07
6  37  6.91149e+07
6  38  6.05792e+07
6  39  8.04277e+07
6  40  8.97499e+07
6  41  4.96588e+07
6  42  6.92011e+07
6  43  6.12804e+07
6  44  5.57797e+07
6  45  6.1221e+07
6  46  5.6628e+07
6  47  3.57287e+07
6  48  5.28159e+07
6  49  2.98309e+07
6  50  3.33933e+07
7  0  8.08654e+07
7  1  1.0863e+08
7  2  6.0825e+07
7  3  1.75166e+07
7  4  5.34399e+07
7  5  9.48506e+07
7  6  7.31538e+07
7  7  7.34161e+07
7  8  8.48994e+07
7  9  7.61012e+07
7  10  7.60337e+07
7  11  7.76064e+07
7  12  7.23153e+07
7  13  1.14263e+08
7  14  8.58651e+07
7  15  1.08562e+08
7  16  7.55883e+07
7  17  7.01776e+07
7  18  6.22053e+07
7  19  8.36383e+07
7  20  1.13474e+08
7  21  9.7078e+07
7  22  5.28368e+07
7  23  9.38116e+07
7  24  9.05099e+07
7  25  5.70041e+07
7  26  6.91735e+07
7  27  6.25902e+07
7  28  5.06814e+07
7  29  5.46145e+07
7  30  7.21731e+07
7  31  4.79628e+07
7  32  7.75461e+07
7  33  7.0722e+07
7  34  4.86267e+07
7  35  7.30581e+07
7  36  6.7294e+07
7  37  5.43251e+07
7  38  8.28634e+07
7  39  6.14971e+07
7  40  8.37566e+07
7  41  4.85749e+07
7  42  8.49558e+07
7  43  6.33113e+07
7  44  7.89472e+07
7  45  8.53306e+07
7  46  6.0622e+07
7  47  4.69139e+07
7  48  5.58319e+07
7  49  6.47512e+07
7  50  1.37539e+07
8  0  7.06191e+07
8  1  1.09513e+08
8  2  9.29038e+07
8  3  3.73899e+07
8  4  7.15552e+07
8  5  7.58802e+07
8  6  7.67676e+07
8  7  6.05018e+07
8  8  9.92766e+07
8  9  9.21825e+07
8  10  6.09229e+07
8  11  9.3462e+07
8  12  7.93238e+07
8  13  1.06338e+08
8  14  7.39481e+07
8  15  1.08059e+08
8  16  6.29026e+07
8  17  6.89569e+07
8  18  7.28609e+07
8  19  4.49237e+07
8  20  9.44338e+07
8  21  1.10327e+08
8  22  5.90865e+07
8  23  1.05365e+08
8  24  8.65649e+07
8  25  7.06633e+07
8  26  3.57011e+07
8  27  5.71333e+07
8  28  7.89571e+07
8  29  5.51013e+07
8  30  9.20029e+07
8  31  3.71401e+07
8  32  5.68946e+07
8  33  4.94568e+07
8  34  7.55119e+07
8  35  8.38156e+07
8  36  7.68514e+07
8  37  6.02977e+07
8  38  7.2288e+07
8  39  8.47616e+07
8  40  8.02408e+07
8  41  5.33427e+07
8  42  6.22318e+07
8  43  7.8946e+07
8  44  6.89307e+07
8  45  4.86281e+07
8  46  4.1589e+07
8  47  4.83322e+07
8  48  4.11726e+07
8  49  2.87855e+07
8  50  4.15978e+07
9  0  1.09715e+08
9  1  9.64824e+07
9  2  6.58022e+07
9  3  4.92107e+07
9  4  8.79126e+07
9  5  6.27757e+07
9  6  7.62341e+07
9  7  6.41015e+07
9  8  1.22081e+08
9  9  7.37389e+07
9  10  8.09062e+07
9  11  8.1289e+07
9  12  8.75832e+07
9  13  7.3452e+07
9  14  9.21514e+07
9  15  7.65521e+07
9  16  3.58504e+07
9  17  5.7749e+07
9  18  5.60262e+07
9  19  6.48674e+07
9  20  1.11076e+08
9  21  9.52565e+07
9  22  7.63264e+07
9  23  9.13357e+07
9  24  7.76099e+07
9  25  8.98506e+07
9  26  5.71016e+07
9  27  6.37974e+07
9  28  7.27227e+07
9  29  5.30163e+07
9  30  7.35803e+07
9  31  7.17633e+07
9  32  7.77643e+07
9  33  8.96426e+07
9  34  5.54192e+07
9  35  8.85408e+07
9  36  6.33875e+07
9  37  7.99064e+07
9  38  7.59782e+07
9  39  6.46841e+07
9  40  4.01349e+07
9  41  4.083e+07
9  42  9.1026e+07
9  43  6.10981e+07
9  44  6.55728e+07
9  45  5.60317e+07
9  46  3.75376e+07
9  47  2.60993e+07
9  48  4.78504e+07
9  49  1.60053e+07
9  50  3.51058e+07
10  0  1.03894e+08
10  1  1.00055e+08
10  2  7.63086e+07
10  3  4.95074e+07
10  4  5.9523e+07
10  5  7.27096e+07
10  6  4.95356e+07
10  7  4.08123e+07
10  8  4.88962e+07
10  9  5.2763e+07
10  10  9.91305e+07
10  11  7.03637e+07
10  12  7.80771e+07
10  13  6.39496e+07
10  14  7.57549e+07
10  15  5.85036e+07
10  16  5.25875e+07
10  17  5.16425e+07
10  18  5.06439e+07
10  19  4.10258e+07
10  20  9.08746e+07
10  21  1.13259e+08
10  22  5.771e+07
10  23  8.09422e+07
10  24  9.34028e+07
10  25  7.70343e+07
10  26  5.65933e+07
10  27  5.18858e+07
10  28  6.10675e+07
10  29  6.48794e+07
10  30  5.85136e+07
10  31  4.76032e+07
10  32  9.112e+07
10  33  7.09671e+07
10  34  7.93273e+07
10  35  6.40467e+07
10  36  1.02882e+08
10  37  6.79587e+07
10  38  8.26021e+07
10  39  8.16381e+07
10  40  3.32496e+07
10  41  6.24922e+07
10  42  1.0066e+08
10  43  1.04262e+08
10  44  5.99382e+07
10  45  2.67428e+07
10  46  2.11873e+07
10  47  2.85388e+07
10  48  3.72393e+07
10  49  3.23316e+07
10  50  2.88274e+07
11  0  1.15067e+08
11  1  6.21935e+07
11  2  5.12923e+07
11  3  5.67489e+07
11  4  3.55617e+07
11  5  6.19496e+07
11  6  6.01327e+07
11  7  3.59994e+07
11  8  7.76725e+07
11  9  5.90043e+07
11  10  6.36113e+07
11  11  6.79367e+07
11  12  5.19983e+07
11  13  6.5968e+07
11  14  5.90097e+07
11  15  4.76813e+07
11  16  5.43515e+07
11  17  4.09135e+07
11  18  4.52892e+07
11  19  2.68001e+07
11  20  8.02059e+07
11  21  9.61519e+07
11  22  6.36058e+07
11  23  8.34088e+07
11  24  5.55151e+07
11  25  1.17936e+08
11  26  6.34449e+07
11  27  7.11204e+07
11  28  3.81273e+07
11  29  7.16211e+07
11  30  6.90749e+07
11  31  8.23395e+07
11  32  6.64638e+07
11  33  6.33365e+07
11  34  5.30669e+07
11  35  7.23379e+07
11  36  1.01223e+08
11  37  6.54909e+07
11  38  6.23815e+07
11  39  4.82917e+07
11  40  5.87887e+07
11  41  4.4182e+07
11  42  9.03657e+07
11  43  1.19743e+08
11  44  5.3772e+07
11  45  6.13321e+07
11  46  5.17534e+07
11  47  3.33913e+07
11  48  9.53716e+06
11  49  1.73406e+07
11  50  7.27256e+07
12  0  9.7392e+07
12  1  5.89865e+07
12  2  5.65994e+07
12  3  4.72229e+07
12  4  8.04938e+07
12  5  5.47759e+07
12  6  5.99789e+07
12  7  5.26494e+07
12  8  5.33639e+07
12  9  4.87529e+07
12  10  6.57855e+07
12  11  6.91714e+07
12  12  5.74599e+07
12  13  6.28654e+07
12  14  7.9107e+07
12  15  3.67529e+07
12  16  4.49983e+07
12  17  2.46021e+07
12  18  2.88641e+07
12  19  3.20347e+07
12  20  4.6086e+07
12  21  6.80072e+07
12  22  9.01623e+07
12  23  9.69157e+07
12  24  9.45534e+07
12  25  7.83934e+07
12  26  6.02436e+07
12  27  7.13579e+07
12  28  5.5523e+07
12  29  6.48696e+07
12  30  7.05598e+07
12  31  1.02528e+08
12  32  6.47068e+07
12  33  9.68678e+07
12  34  3.06524e+07
12  35  5.88203e+07
12  36  6.82354e+07
12  37  6.6078e+07
12  38  8.1034e+07
12  39  7.00336e+07
12  40  4.29815e+07
12  41  6.72733e+07
12  42  1.04264e+08
12  43  1.14209e+08
12  44  6.42488e+07
12  45  3.65641e+07
12  46  4.92308e+07
12  47  1.0391e+07
12  48  3.01371e+07
12  49  1.83937e+07
12  50  5.12988e+07
13  0  7.99298e+07
13  1  5.16885e+07
13  2  4.0852e+07
13  3  5.62967e+07
13  4  8.20644e+07
13  5  7.5681e+07
13  6  4.35428e+07
13  7  2.64949e+07
13  8  5.97166e+07
13  9  7.26205e+07
13  10  6.34195e+07
13  11  5.90828e+07
13  12  8.3672e+07
13  13  8.05184e+07
13  14  6.609e+07
13  15  6.05815e+07
13  16  3.46055e+07
13  17  3.85264e+07
13  18  7.01543e+07
13  19  4.70126e+07
13  20  4.94774e+07
13  21  8.43614e+07
13  22  6.84289e+07
13  23  8.07843e+07
13  24  9.05915e+07
13  25  7.06722e+07
13  26  7.75575e+07
13  27  7.03776e+07
13  28  6.2257e+07
13  29  4.25898e+07
13  30  3.47832e+07
13  31  8.55551e+07
13  32  8.85172e+07
13  33  7.83502e+07
13  34  5.3665e+07
13  35  6.9272e+07
13  36  5.32247e+07
13  37  5.64425e+07
13  38  7.62932e+07
13  39  3.98704e+07
13  40  2.38315e+07
13  41  7.26113e+07
13  42  8.00385e+07
13  43  1.00959e+08
13  44  6.89085e+07
13  45  4.94741e+07
13  46  5.29792e+07
13  47  4.65472e+07
13  48  1.62452e+07
13  49  4.30035e+07
13  50  4.93694e+07
14  0  9.23095e+07
14  1  6.48575e+07
14  2  4.43499e+07
14  3  4.22647e+07
14  4  1.00339e+08
14  5  4.99358e+07
14  6  3.47352e+07
14  7  2.15507e+07
14  8  8.95139e+07
14  9  6.09909e+07
14  10  5.36337e+07
14  11  6.47756e+07
14  12  5.46543e+07
14  13  6.19965e+07
14  14  5.70917e+07
14  15  4.88487e+07
14  16  4.45987e+07
14  17  6.83126e+07
14  18  6.86182e+07
14  19  4.60079e+07
14  20  2.68302e+07
14  21  9.37363e+07
14  22  8.94833e+07
14  23  7.81386e+07
14  24  8.54893e+07
14  25  7.06457e+07
14  26  6.7275e+07
14  27  5.92713e+07
14  28  6.78637e+07
14  29  5.17363e+07
14  30  5.80524e+07
14  31  1.0197e+08
14  32  1.07132e+08
14  33  1.00279e+08
14  34  4.85929e+07
14  35  5.13894e+07
14  36  4.637e+07
14  37  7.22009e+07
14  38  3.87394e+07
14  39  4.5453e+07
14  40  5.95023e+07
14  41  6.40751e+07
14  42  7.13735e+07
14  43  6.56981e+07
14  44  8.20996e+07
14  45  5.67735e+07
14  46  4.78219e+07
14  47  1.98371e+07
14  48  2.70827e+06
14  49  4.05776e+07
14  50  5.07196e+07
15  0  1.14097e+08
15  1  4.97189e+07
15  2  5.11185e+07
15  3  4.58471e+07
15  4  6.3334e+07
15  5  5.27881e+07
15  6  3.73637e+07
15  7  4.94213e+07
15  8  5.31913e+07
15  9  7.07167e+07
15  10  6.85647e+07
15  11  6.91391e+07
15  12  9.36232e+07
15  13  7.83512e+07
15  14  6.31876e+07
15  15  4.95322e+07
15  16  6.8657e+07
15  17  5.02314e+07
15  18  7.03276e+07
15  19  5.85112e+07
15  20  2.09618e+07
15  21  5.93706e+07
15  22  5.50077e+07
15  23  9.18192e+07
15  24  7.47688e+07
15  25  8.04198e+07
15  26  8.19675e+07
15  27  8.2918e+07
15  28  6.18757e+07
15  29  6.07039e+07
15  30  3.30667e+07
15  31  8.99109e+07
15  32  1.07372e+08
15  33  7.85115e+07
15  34  6.95406e+07
15  35  6.46196e+07
15  36  6.4836e+07
15  37  9.7786e+07
15  38  6.24707e+07
15  39  7.19068e+07
15  40  9.00752e+07
15  41  8.62298e+07
15  42  5.94155e+07
15  43  1.04175e+08
15  44  7.25024e+07
15  45  4.23122e+07
15  46  3.37588e+07
15  47  1.65076e+07
15  48  8.74229e+06
15  49  3.23371e+07
15  50  6.8103e+07
16  0  9.77511e+07
16  1  5.04179e+07
16  2  4.51587e+07
16  3  4.95713e+07
16  4  6.55873e+07
16  5  4.05715e+07
16  6  5.79562e+07
16  7  4.53202e+07
16  8  4.92213e+07
16  9  4.60491e+07
16  10  4.9966e+07
16  11  7.96001e+07
16  12  8.29513e+07
16  13  9.37155e+07
16  14  7.36555e+07
16  15  7.38799e+07
16  16  4.47766e+07
16  17  4.99268e+07
16  18  7.69912e+07
16  19  3.37013e+07
16  20  5.20416e+07
16  21  4.90087e+07
16  22  5.51492e+07
16  23  5.27459e+07
16  24  8.04464e+07
16  25  7.14705e+07
16  26  1.05752e+08
16  27  7.3897e+07
16  28  5.25829e+07
16  29  5.03173e+07
16  30  5.56876e+07
16  31  1.14645e+08
16  32  1.49686e+08
16  33  8.39768e+07
16  34  7.79626e+07
16  35  7.29553e+07
16  36  1.01767e+08
16  37  1.19721e+08
16  38  7.7004e+07
16  39  7.40562e+07
16  40  8.0206e+07
16  41  6.79655e+07
16  42  9.15428e+07
16  43  7.31206e+07
16  44  8.24856e+07
16  45  2.58829e+07
16  46  3.11781e+07
16  47  2.91343e+06
16  48  6.69245e+06
16  49  2.29986e+07
16  50  5.82632e+07
17  0  9.53755e+07
17  1  5.77943e+07
17  2  3.15405e+07
17  3  3.05174e+07
17  4  6.51885e+07
17  5  4.25712e+07
17  6  4.8989e+07
17  7  3.30231e+07
17  8  4.24188e+07
17  9  5.4547e+07
17  10  4.96206e+07
17  11  8.63783e+07
17  12  6.4672e+07
17  13  8.70613e+07
17  14  7.36827e+07
17  15  6.51572e+07
17  16  5.06985e+07
17  17  7.54446e+07
17  18  6.73273e+07
17  19  5.15921e+07
17  20  4.51916e+07
17  21  5.23324e+07
17  22  5.51036e+07
17  23  7.75728e+07
17  24  6.69499e+07
17  25  7.18484e+07
17  26  9.62055e+07
17  27  5.18562e+07
17  28  8.17096e+07
17  29  3.74314e+07
17  30  5.17063e+07
17  31  1.27285e+08
17  32  1.31003e+08
17  33  9.09322e+07
17  34  7.10528e+07
17  35  5.84417e+07
17  36  9.75819e+07
17  37  8.25463e+07
17  38  8.96951e+07
17  39  8.08565e+07
17  40  8.61531e+07
17  41  6.82071e+07
17  42  1.0228e+08
17  43  8.24373e+07
17  44  6.98777e+07
17  45  2.59694e+07
17  46  9.61547e+06
17  47  1.50951e+07
17  48  6.14156e+06
17  49  2.31199e+07
17  50  5.29089e+07
18  0  7.72439e+07
18  1  2.34736e+07
18  2  3.06299e+07
18  3  3.26689e+07
18  4  6.24853e+07
18  5  3.4304e+07
18  6  2.17445e+07
18  7  4.55865e+07
18  8  8.0505e+07
18  9  6.48404e+07
18  10  4.96029e+07
18  11  7.48077e+07
18  12  6.3283e+07
18  13  8.64877e+07
18  14  7.14002e+07
18  15  7.84114e+07
18  16  5.0944e+07
18  17  6.21319e+07
18  18  8.04442e+07
18  19  3.87653e+07
18  20  7.56307e+07
18  21  3.01626e+07
18  22  6.56094e+07
18  23  7.63762e+07
18  24  6.89834e+07
18  25  7.49333e+07
18  26  9.51549e+07
18  27  8.73373e+07
18  28  6.89674e+07
18  29  6.2076e+07
18  30  5.88507e+07
18  31  1.58591e+08
18  32  1.90209e+08
18  33  9.32559e+07
18  34  7.83655e+07
18  35  8.52731e+07
18  36  1.0272e+08
18  37  8.20836e+07
18  38  8.07334e+07
18  39  8.18866e+07
18  40  7.85512e+07
18  41  1.05035e+08
18  42  6.09121e+07
18  43  9.38567e+07
18  44  7.58447e+07
18  45  2.66465e+07
18  46  1.01056e+07
18  47  0
18  48  0
18  49  3.58986e+07
18  50  8.09913e+07
19  0  5.32916e+07
19  1  4.30295e+07
19  2  3.06084e+07
19  3  4.24127e+07
19  4  6.51741e+07
19  5  3.39844e+07
19  6  3.85896e+07
19  7  4.58479e+07
19  8  6.40157e+07
19  9  4.64027e+07
19  10  5.60573e+07
19  11  7.17331e+07
19  12  6.07487e+07
19  13  8.47099e+07
19  14  6.63049e+07
19  15  9.15876e+07
19  16  4.6705e+07
19  17  7.52256e+07
19  18  4.61526e+07
19  19  5.60178e+07
19  20  6.7131e+07
19  21  6.2066e+07
19  22  5.2803e+07
19  23  5.71982e+07
19  24  5.0755e+07
19  25  5.39012e+07
19  26  5.1643e+07
19  27  7.43635e+07
19  28  4.56853e+07
19  29  7.39712e+07
19  30  8.07601e+07
19  31  1.07355e+08
19  32  1.6585e+08
19  33  8.85465e+07
19  34  8.94415e+07
19  35  1.01238e+08
19  36  9.61554e+07
19  37  9.02064e+07
19  38  5.97821e+07
19  39  9.71708e+07
19  40  8.77936e+07
19  41  9.30837e+07
19  42  8.98309e+07
19  43  1.01804e+08
19  44  8.57565e+07
19  45  3.55504e+07
19  46  1.58661e+07
19  47  7.20099e+06
19  48  1.70961e+07
19  49  2.60352e+07
19  50  2.52192e+07
20  0  6.48575e+07
20  1  2.38126e+07
20  2  1.35743e+07
20  3  3.41227e+07
20  4  6.52257e+07
20  5  6.13397e+07
20  6  1.15033e+07
20  7  2.67604e+07
20  8  5.77421e+07
20  9  6.84154e+07
20  10  7.04462e+07
20  11  8.23688e+07
20  12  6.68293e+07
20  13  6.91151e+07
20  14  6.26301e+07
20  15  7.66833e+07
20  16  6.69547e+07
20  17  7.64013e+07
20  18  8.13739e+07
20  19  7.28358e+07
20  20  8.23102e+07
20  21  8.49679e+07
20  22  4.6187e+07
20  23  8.15582e+07
20  24  4.83338e+07
20  25  6.52802e+07
20  26  8.63926e+07
20  27  7.13529e+07
20  28  6.0344e+07
20  29  6.717e+07
20  30  7.02112e+07
20  31  1.20299e+08
20  32  1.1573e+08
20  33  8.65403e+07
20  34  9.81299e+07
20  35  1.25998e+08
20  36  1.17095e+08
20  37  1.09226e+08
20  38  7.39982e+07
20  39  1.07994e+08
20  40  9.52105e+07
20  41  8.44009e+07
20  42  7.00722e+07
20  43  1.26308e+08
20  44  8.47909e+07
20  45  3.76598e+07
20  46  4.89913e+06
20  47  2.44658e+07
20  48  1.08897e+07
20  49  3.50635e+07
20  50  3.0122e+07
21  0  7.82561e+07
21  1  3.27677e+07
21  2  3.369e+07
21  3  3.84609e+07
21  4  5.10338e+07
21  5  2.8599e+07
21  6  4.93699e+07
21  7  6.59378e+07
21  8  6.9564e+07
21  9  9.41398e+07
21  10  1.19027e+08
21  11  7.85249e+07
21  12  7.89955e+07
21  13  7.9543e+07
21  14  9.34686e+07
21  15  7.24798e+07
21  16  9.39801e+07
21  17  8.74165e+07
21  18  6.94445e+07
21  19  7.80593e+07
21  20  8.40634e+07
21  21  6.63213e+07
21  22  7.19539e+07
21  23  9.89249e+07
21  24  6.03902e+07
21  25  6.02008e+07
21  26  5.65619e+07
21  27  8.199e+07
21  28  6.46406e+07
21  29  8.90817e+07
21  30  7.55405e+07
21  31  1.08245e+08
21  32  1.19579e+08
21  33  8.65012e+07
21  34  8.67491e+07
21  35  1.40929e+08
21  36  1.24595e+08
21  37  1.17299e+08
21  38  6.42006e+07
21  39  8.70616e+07
21  40  1.1725e+08
21  41  8.59393e+07
21  42  7.3805e+07
21  43  1.83136e+08
21  44  9.90543e+07
21  45  3.20719e+07
21  46  9.04974e+06
21  47  7.67432e+06
21  48  591436
21  49  2.33293e+07
21  50  3.21717e+07
22  0  1.08853e+08
22  1  5.30723e+07
22  2  1.05004e+07
22  3  2.88154e+07
22  4  4.78574e+07
22  5  4.6941e+07
22  6  4.85523e+07
22  7  8.54943e+07
22  8  5.48796e+07
22  9  6.25526e+07
22  10  8.31092e+07
22  11  4.52737e+07
22  12  7.41287e+07
22  13  7.11305e+07
22  14  8.28396e+07
22  15  9.64962e+07
22  16  6.60019e+07
22  17  6.44395e+07
22  18  5.8079e+07
22  19  6.91621e+07
22  20  7.00381e+07
22  21  5.30231e+07
22  22  7.36564e+07
22  23  4.69591e+07
22  24  6.42345e+07
22  25  6.95207e+07
22  26  6.96219e+07
22  27  5.53965e+07
22  28  8.02715e+07
22  29  6.06318e+07
22  30  7.40971e+07
22  31  7.02768e+07
22  32  1.11178e+08
22  33  1.09232e+08
22  34  7.39076e+07
22  35  9.27769e+07
22  36  1.25747e+08
22  37  9.25763e+07
22  38  5.09745e+07
22  39  9.15148e+07
22  40  1.12004e+08
22  41  9.93243e+07
22  42  8.54801e+07
22  43  1.46553e+08
22  44  1.34468e+08
22  45  3.21704e+07
22  46  2.4023e+07
22  47  2.20705e+07
22  48  1.4315e+07
22  49  1.94143e+07
22  50  3.40373e+07
23  0  1.0211e+08
23  1  1.83087e+07
23  2  9.63886e+06
23  3  3.33296e+07
23  4  6.36856e+07
23  5  2.04077e+07
23  6  4.74413e+07
23  7  5.9085e+07
23  8  4.92887e+07
23  9  6.947e+07
23  10  6.78052e+07
23  11  7.47324e+07
23  12  6.23402e+07
23  13  8.29477e+07
23  14  9.09753e+07
23  15  6.74568e+07
23  16  6.80308e+07
23  17  4.42613e+07
23  18  3.7968e+07
23  19  6.41389e+07
23  20  7.51429e+07
23  21  6.86426e+07
23  22  7.83491e+07
23  23  5.68198e+07
23  24  7.00834e+07
23  25  5.92794e+07
23  26  7.40838e+07
23  27  5.51219e+07
23  28  3.02304e+07
23  29  8.03534e+07
23  30  4.18524e+07
23  31  6.52932e+07
23  32  7.65765e+07
23  33  7.34367e+07
23  34  8.70168e+07
23  35  9.63074e+07
23  36  6.75782e+07
23  37  1.0801e+08
23  38  5.97311e+07
23  39  9.88474e+07
23  40  9.31438e+07
23  41  1.27817e+08
23  42  1.20779e+08
23  43  2.10511e+08
23  44  1.08245e+08
23  45  5.94757e+07
23  46  4.12044e+07
23  47  1.80099e+07
23  48  1.03488e+07
23  49  1.71983e+07
23  50  5.34919e+07
24  0  1.58612e+08
24  1  2.36256e+07
24  2  2.07983e+07
24  3  4.59278e+07
24  4  3.41781e+07
24  5  5.54266e+07
24  6  3.03817e+07
24  7  5.62468e+07
24  8  6.3919e+07
24  9  7.32765e+07
24  10  6.87611e+07
24  11  7.6927e+07
24  12  4.04154e+07
24  13  7.92964e+07
24  14  6.24706e+07
24  15  7.1934e+07
24  16  7.66916e+07
24  17  4.50396e+07
24  18  3.81031e+07
24  19  7.62697e+07
24  20  7.91382e+07
24  21  2.30319e+07
24  22  7.03011e+07
24  23  4.31718e+07
24  24  4.31521e+07
24  25  5.72303e+07
24  26  7.17019e+07
24  27  7.28425e+07
24  28  5.77678e+07
24  29  4.39517e+07
24  30  5.40225e+07
24  31  4.76875e+07
24  32  5.94471e+07
24  33  7.36265e+07
24  34  5.13532e+07
24  35  8.58151e+07
24  36  5.69587e+07
24  37  7.47971e+07
24  38  6.05443e+07
24  39  1.01273e+08
24  40  9.6444e+07
24  41  1.29901e+08
24  42  1.45463e+08
24  43  1.88168e+08
24  44  1.04142e+08
24  45  5.41979e+07
24  46  3.76271e+07
24  47  3.16756e+07
24  48  1.63648e+07
24  49  3.90304e+07
24  50  4.6736e+07
25  0  2.15447e+08
25  1  4.28034e+07
25  2  4.12563e+07
25  3  5.0962e+07
25  4  6.2179e+07
25  5  5.93972e+07
25  6  3.81867e+07
25  7  6.28897e+07
25  8  6.35031e+07
25  9  8.0217e+07
25  10  4.47282e+07
25  11  5.26967e+07
25  12  6.4656e+07
25  13  6.3894e+07
25  14  9.39236e+07
25  15  6.21468e+07
25  16  7.67405e+07
25  17  7.02926e+07
25  18  6.43724e+07
25  19  8.78764e+07
25  20  5.46363e+07
25  21  4.79052e+07
25  22  4.88275e+07
25  23  6.63204e+07
25  24  4.97407e+07
25  25  5.70621e+07
25  26  6.19543e+07
25  27  5.89527e+07
25  28  6.69686e+07
25  29  3.94247e+07
25  30  6.01061e+07
25  31  4.9165e+07
25  32  7.04694e+07
25  33  4.77891e+07
25  34  5.5797e+07
25  35  8.15955e+07
25  36  6.21683e+07
25  37  7.1696e+07
25  38  7.89799e+07
25  39  5.83806e+07
25  40  1.13606e+08
25  41  9.19495e+07
25  42  1.1872e+08
25  43  1.62896e+08
25  44  9.73617e+07
25  45  6.70539e+07
25  46  3.52425e+07
25  47  3.44982e+07
25  48  4.56577e+07
25  49  6.42857e+07
25  50  6.32527e+07
26  0  2.94235e+08
26  1  3.4333e+07
26  2  4.30795e+07
26  3  5.79326e+07
26  4  9.00099e+07
26  5  7.62832e+07
26  6  4.52511e+07
26  7  3.91431e+07
26  8  4.90022e+07
26  9  5.77387e+07
26  10  8.64083e+07
26  11  3.7736e+07
26  12  5.53393e+07
26  13  6.73993e+07
26  14  8.83715e+07
26  15  7.45882e+07
26  16  5.84648e+07
26  17  6.27218e+07
26  18  5.49779e+07
26  19  8.33017e+07
26  20  4.76364e+07
26  21  4.07444e+07
26  22  4.79617e+07
26  23  6.94465e+07
26  24  5.60958e+07
26  25  1.04152e+08
26  26  5.95035e+07
26  27  6.36043e+07
26  28  3.86979e+07
26  29  6.26852e+07
26  30  4.21835e+07
26  31  3.35936e+07
26  32  5.29332e+07
26  33  2.3443e+07
26  34  3.80142e+07
26  35  6.23879e+07
26  36  6.61591e+07
26  37  5.74966e+07
26  38  8.08844e+07
26  39  9.47477e+07
26  40  1.08661e+08
26  41  1.00215e+08
26  42  1.41194e+08
26  43  1.48211e+08
26  44  1.20571e+08
26  45  9.78177e+07
26  46  4.99186e+07
26  47  2.91342e+07
26  48  5.68451e+07
26  49  6.01431e+07
26  50  7.34337e+07
27  0  2.54513e+08
27  1  4.38905e+07
27  2  4.13016e+07
27  3  6.21678e+07
27  4  6.2876e+07
27  5  7.93969e+07
27  6  4.73581e+07
27  7  6.26482e+07
27  8  6.60769e+07
27  9  6.57974e+07
27  10  6.80354e+07
27  11  4.48205e+07
27  12  5.98656e+07
27  13  7.78677e+07
27  14  1.07307e+08
27  15  6.48303e+07
27  16  8.40738e+07
27  17  9.59245e+07
27  18  9.85418e+06
27  19  6.46817e+07
27  20  3.88807e+07
27  21  5.9937e+07
27  22  4.22009e+07
27  23  5.50083e+07
27  24  6.83314e+07
27  25  7.27909e+07
27  26  7.02384e+07
27  27  4.62582e+07
27  28  4.87729e+07
27  29  5.57175e+07
27  30  3.40237e+07
27  31  4.17772e+07
27  32  6.18711e+07
27  33  5.2974e+07
27  34  6.68149e+07
27  35  5.64978e+07
27  36  5.39252e+07
27  37  5.16334e+07
27  38  8.1725e+07
27  39  8.54993e+07
27  40  1.04987e+08
27  41  1.03055e+08
27  42  1.33508e+08
27  43  1.47317e+08
27  44  1.2157e+08
27  45  8.63726e+07
27  46  6.46861e+07
27  47  6.12234e+07
27  48  4.29903e+07
27  49  3.82449e+07
27  50  7.86378e+07
28  0  1.59492e+08
28  1  6.34899e+07
28  2  5.43325e+07
28  3  5.28088e+07
28  4  8.08477e+07
28  5  6.9961e+07
28  6  7.71473e+07
28  7  3.86959e+07
28  8  7.26262e+07
28  9  7.65175e+07
28  10  6.4935e+07
28  11  7.41367e+07
28  12  4.81171e+07
28  13  4.7879e+07
28  14  8.06623e+07
28  15  7.32351e+07
28  16  5.42848e+07
28  17  4.24574e+07
28  18  3.95761e+07
28  19  4.85137e+07
28  20  3.08056e+07
28  21  4.97242e+07
28  22  6.18352e+07
28  23  5.27385e+07
28  24  7.86058e+07
28  25  8.20373e+07
28  26  6.59688e+07
28  27  5.37324e+07
28  28  4.10872e+07
28  29  5.62896e+07
28  30  5.90223e+07
28  31  6.39929e+07
28  32  9.74445e+07
28  33  4.31192e+07
28  34  3.16872e+07
28  35  6.40002e+07
28  36  4.82239e+07
28  37  6.1176e+07
28  38  5.28015e+07
28  39  6.61198e+07
28  40  5.71326e+07
28  41  7.58712e+07
28  42  8.31444e+07
28  43  1.07768e+08
28  44  1.23216e+08
28  45  7.98656e+07
28  46  6.59435e+07
28  47  3.13824e+07
28  48  4.17524e+07
28  49  4.74584e+07
28  50  7.61966e+07
29  0  1.46938e+08
29  1  5.68258e+07
29  2  5.96551e+07
29  3  3.84406e+07
29  4  5.13964e+07
29  5  5.92941e+07
29  6  4.54245e+07
29  7  4.93499e+07
29  8  4.74069e+07
29  9  6.77764e+07
29  10  6.40301e+07
29  11  6.54009e+07
29  12  7.04426e+07
29  13  4.57407e+07
29  14  8.36021e+07
29  15  5.03427e+07
29  16  6.13409e+07
29  17  5.64679e+07
29  18  3.48007e+07
29  19  3.27194e+07
29  20  2.72415e+07
29  21  6.56775e+07
29  22  7.59803e+07
29  23  7.39744e+07
29  24  5.24243e+07
29  25  7.33297e+07
29  26  5.72771e+07
29  27  5.10618e+07
29  28  3.52537e+07
29  29  6.50505e+07
29  30  3.88596e+07
29  31  6.48913e+07
29  32  7.68925e+07
29  33  3.82101e+07
29  34  4.97985e+07
29  35  6.86029e+07
29  36  5.80774e+07
29  37  7.17664e+07
29  38  5.82737e+07
29  39  6.43076e+07
29  40  7.46516e+07
29  41  4.54575e+07
29  42  6.5711e+07
29  43  1.25183e+08
29  44  1.00393e+08
29  45  9.31829e+07
29  46  3.73795e+07
29  47  5.56503e+07
29  48  3.94381e+07
29  49  7.19527e+07
29  50  6.21513e+07
30  0  1.01506e+08
30  1  5.72531e+07
30  2  7.44458e+07
30  3  4.00834e+07
30  4  5.57857e+07
30  5  6.36977e+07
30  6  4.25687e+07
30  7  3.59228e+07
30  8  6.08917e+07
30  9  8.9364e+07
30  10  8.04199e+07
30  11  4.02676e+07
30  12  9.38702e+07
30  13  4.99091e+07
30  14  5.16186e+07
30  15  8.17843e+07
30  16  5.85003e+07
30  17  6.56757e+07
30  18  6.14186e+07
30  19  4.95454e+07
30  20  2.30659e+07
30  21  8.995e+07
30  22  3.93495e+07
30  23  6.93368e+07
30  24  6.55113e+07
30  25  5.76453e+07
30  26  6.57463e+07
30  27  2.79676e+07
30  28  5.5718e+07
30  29  4.95212e+07
30  30  5.00408e+07
30  31  6.88757e+07
30  32  9.36431e+07
30  33  5.76878e+07
30  34  4.34531e+07
30  35  6.16613e+07
30  36  5.7685e+07
30  37  6.68912e+07
30  38  4.52054e+07
30  39  5.20082e+07
30  40  6.61896e+07
30  41  6.77127e+07
30  42  7.3626e+07
30  43  8.1209e+07
30  44  1.10996e+08
30  45  4.57935e+07
30  46  5.24947e+07
30  47  6.28168e+07
30  48  4.94934e+07
30  49  6.28833e+07
30  50  7.96254e+07
31  0  7.5923e+07
31  1  5.89123e+07
31  2  6.57795e+07
31  3  5.45118e+07
31  4  7.31614e+07
31  5  5.00511e+07
31  6  3.18165e+07
31  7  3.62431e+07
31  8  6.11608e+07
31  9  7.68689e+07
31  10  6.84659e+07
31  11  5.33569e+07
31  12  6.84939e+07
31  13  4.01051e+07
31  14  5.76962e+07
31  15  5.4502e+07
31  16  5.24548e+07
31  17  4.1876e+07
31  18  7.29261e+07
31  19  5.59476e+07
31  20  5.17083e+07
31  21  6.8278e+07
31  22  5.45968e+07
31  23  4.87805e+07
31  24  6.4471e+07
31  25  6.41401e+07
31  26  5.86471e+07
31  27  7.21804e+07
31  28  2.49204e+07
31  29  3.48172e+07
31  30  3.93424e+07
31  31  4.54821e+07
31  32  5.90095e+07
31  33  6.23503e+07
31  34  6.62235e+07
31  35  5.77345e+07
31  36  8.31664e+07
31  37  5.18035e+07
31  38  5.17376e+07
31  39  6.65049e+07
31  40  6.18123e+07
31  41  4.64181e+07
31  42  7.96039e+07
31  43  8.19612e+07
31  44  8.75008e+07
31  45  4.09247e+07
31  46  7.34523e+07
31  47  7.43624e+07
31  48  5.41901e+07
31  49  8.56224e+07
31  50  9.66388e+07
32  0  7.17108e+07
32  1  5.11437e+07
32  2  5.81614e+07
32  3  6.43655e+07
32  4  6.13315e+07
32  5  6.79986e+07
32  6  2.03486e+07
32  7  4.98255e+07
32  8  7.39638e+07
32  9  7.78721e+07
32  10  6.40362e+07
32  11  6.22335e+07
32  12  6.30046e+07
32  13  5.14838e+07
32  14  7.00924e+07
32  15  6.90339e+07
32  16  6.77276e+07
32  17  7.27022e+07
32  18  4.13524e+07
32  19  3.71847e+07
32  20  3.41961e+07
32  21  6.46779e+07
32  22  5.62484e+07
32  23  5.914e+07
32  24  8.71607e+07
32  25  7.4953e+07
32  26  6.60919e+07
32  27  5.19111e+07
32  28  1.56035e+07
32  29  1.9723e+07
32  30  5.47522e+07
32  31  4.56994e+07
32  32  7.70348e+07
32  33  3.939e+07
32  34  4.37872e+07
32  35  4.206e+07
32  36  4.16803e+07
32  37  1.01762e+08
32  38  5.00343e+07
32  39  6.0985e+07
32  40  4.68977e+07
32  41  7.5978e+07
32  42  8.13014e+07
32  43  8.17542e+07
32  44  1.10692e+08
32  45  4.3304e+07
32  46  5.18534e+07
32  47  8.54956e+07
32  48  6.43215e+07
32  49  6.51034e+07
32  50  7.25417e+07
33  0  6.28246e+07
33  1  5.58042e+07
33  2  3.5897e+07
33  3  5.78904e+07
33  4  7.25211e+07
33  5  4.25978e+07
33  6  2.21533e+07
33  7  4.22924e+07
33  8  6.201e+07
33  9  6.42804e+07
33  10  4.74967e+07
33  11  5.95944e+07
33  12  6.25766e+07
33  13  4.86202e+07
33  14  6.58084e+07
33  15  3.07433e+07
33  16  6.4747e+07
33  17  5.24594e+07
33  18  3.9974e+07
33  19  3.26091e+07
33  20  3.44236e+07
33  21  6.29123e+07
33  22  5.33728e+07
33  23  7.71257e+07
33  24  7.72538e+07
33  25  8.26734e+07
33  26  4.79895e+07
33  27  4.32603e+07
33  28  3.06567e+07
33  29  2.36897e+07
33  30  5.20555e+07
33  31  5.76291e+07
33  32  6.76153e+07
33  33  6.48971e+07
33  34  4.27709e+07
33  35  6.04724e+07
33  36  5.45031e+07
33  37  5.61614e+07
33  38  5.50928e+07
33  39  5.77629e+07
33  40  5.60422e+07
33  41  5.55067e+07
33  42  9.84426e+07
33  43  8.38557e+07
33  44  8.92932e+07
33  45  7.20129e+07
33  46  4.99874e+07
33  47  6.8677e+07
33  48  6.92574e+07
33  49  5.39906e+07
33  50  7.15574e+07
34  0  5.91061e+07
34  1  6.03661e+07
34  2  8.04729e+07
34  3  6.21893e+07
34  4  6.03633e+07
34  5  2.6078e+07
34  6  1.84877e+07
34  7  6.32075e+07
34  8  6.37293e+07
34  9  5.44629e+07
34  10  5.70791e+07
34  11  6.05726e+07
34  12  4.09908e+07
34  13  4.8442e+07
34  14  6.89849e+07
34  15  5.7587e+07
34  16  6.24945e+07
34  17  4.57997e+07
34  18  4.99535e+07
34  19  2.99871e+07
34  20  3.22015e+07
34  21  4.75204e+07
34  22  6.10546e+07
34  23  4.70632e+07
34  24  6.89418e+07
34  25  6.46549e+07
34  26  4.89474e+07
34  27  3.45054e+07
34  28  3.33171e+07
34  29  3.06024e+07
34  30  5.07846e+07
34  31  5.94317e+07
34  32  8.6164e+07
34  33  4.82855e+07
34  34  4.6688e+07
34  35  4.53867e+07
34  36  7.16624e+07
34  37  7.51877e+07
34  38  5.39391e+07
34  39  7.88498e+07
34  40  5.03176e+07
34  41  4.47406e+07
34  42  1.00003e+08
34  43  9.0658e+07
34  44  7.0589e+07
34  45  4.73907e+07
34  46  7.19877e+07
34  47  8.45242e+07
34  48  7.66741e+07
34  49  6.87048e+07
34  50  8.88754e+07
35  0  5.46849e+07
35  1  4.52789e+07
35  2  5.21954e+07
35  3  6.60198e+07
35  4  5.83146e+07
35  5  4.51632e+07
35  6  8.90176e+06
35  7  7.1336e+07
35  8  7.83878e+07
35  9  8.81774e+07
35  10  4.3234e+07
35  11  6.93505e+07
35  12  4.53226e+07
35  13  7.39262e+07
35  14  6.43297e+07
35  15  6.36907e+07
35  16  4.04588e+07
35  17  8.68701e+07
35  18  2.37985e+07
35  19  2.18024e+07
35  20  5.13616e+07
35  21  5.66099e+07
35  22  5.85603e+07
35  23  5.12416e+07
35  24  4.88278e+07
35  25  3.89886e+07
35  26  3.56067e+07
35  27  2.68097e+07
35  28  3.51958e+07
35  29  3.57918e+07
35  30  5.30834e+07
35  31  6.77759e+07
35  32  6.17436e+07
35  33  6.35076e+07
35  34  5.62135e+07
35  35  2.97016e+07
35  36  4.67643e+07
35  37  6.74366e+07
35  38  7.87687e+07
35  39  6.71373e+07
35  40  3.54539e+07
35  41  6.34559e+07
35  42  7.60804e+07
35  43  9.65584e+07
35  44  8.16053e+07
35  45  5.14169e+07
35  46  5.12483e+07
35  47  5.92061e+07
35  48  7.69433e+07
35  49  5.64796e+07
35  50  7.03079e+07
36  0  4.42588e+07
36  1  3.75454e+07
36  2  5.35136e+07
36  3  8.3325e+07
36  4  5.75243e+07
36  5  2.55639e+07
36  6  1.20573e+07
36  7  5.61728e+07
36  8  8.15722e+07
36  9  8.66346e+07
36  10  5.22563e+07
36  11  4.92547e+07
36  12  6.37803e+07
36  13  7.47224e+07
36  14  4.47626e+07
36  15  5.17565e+07
36  16  8.37192e+07
36  17  5.78888e+07
36  18  5.09102e+07
36  19  2.70315e+07
36  20  4.25865e+07
36  21  5.67271e+07
36  22  5.66661e+07
36  23  5.75044e+07
36  24  4.88517e+07
36  25  6.82636e+07
36  26  3.25533e+07
36  27  4.20022e+07
36  28  4.4728e+07
36  29  1.68442e+07
36  30  5.41823e+07
36  31  3.68108e+07
36  32  6.88503e+07
36  33  5.00844e+07
36  34  6.30255e+07
36  35  4.49057e+07
36  36  6.0742e+07
36  37  5.07732e+07
36  38  8.17114e+07
36  39  6.32995e+07
36  40  2.72712e+07
36  41  5.01298e+07
36  42  9.11446e+07
36  43  1.0015e+08
36  44  6.73837e+07
36  45  4.58346e+07
36  46  7.08999e+07
36  47  7.17029e+07
36  48  6.55458e+07
36  49  6.79167e+07
36  50  4.20285e+07
37  0  4.09565e+07
37  1  5.99157e+07
37  2  6.90406e+07
37  3  5.98373e+07
37  4  5.94328e+07
37  5  4.95473e+07
37  6  5.08541e+07
37  7  6.83417e+07
37  8  6.43873e+07
37  9  7.3296e+07
37  10  7.70905e+07
37  11  7.5903e+07
37  12  7.14524e+07
37  13  4.97249e+07
37  14  4.99584e+07
37  15  8.29197e+07
37  16  8.15835e+07
37  17  6.81556e+07
37  18  4.67639e+07
37  19  1.06758e+07
37  20  3.58894e+07
37  21  6.42312e+07
37  22  6.1126e+07
37  23  3.58088e+07
37  24  6.88341e+07
37  25  6.69331e+07
37  26  4.15589e+07
37  27  2.71461e+07
37  28  2.69601e+07
37  29  3.44523e+07
37  30  3.34401e+07
37  31  5.85441e+07
37  32  1.21306e+08
37  33  5.32606e+07
37  34  7.91639e+07
37  35  5.30686e+07
37  36  7.99494e+07
37  37  6.81744e+07
37  38  4.69276e+07
37  39  5.68524e+07
37  40  4.38923e+07
37  41  9.57722e+07
37  42  8.85999e+07
37  43  1.04883e+08
37  44  8.50936e+07
37  45  4.3307e+07
37  46  6.54924e+07
37  47  7.11875e+07
37  48  7.83637e+07
37  49  7.07859e+07
37  50  7.27125e+07
38  0  5.00463e+07
38  1  6.73664e+07
38  2  7.25361e+07
38  3  9.78391e+07
38  4  5.90355e+07
38  5  3.76621e+07
38  6  3.87008e+07
38  7  6.28047e+07
38  8  7.04773e+07
38  9  6.8642e+07
38  10  7.27149e+07
38  11  6.48955e+07
38  12  5.14432e+07
38  13  6.38928e+07
38  14  5.68737e+07
38  15  8.7682e+07
38  16  9.96044e+07
38  17  5.93131e+07
38  18  4.04914e+07
38  19  2.85369e+07
38  20  3.28758e+07
38  21  6.8417e+07
38  22  6.42326e+07
38  23  6.51887e+07
38  24  6.71684e+07
38  25  5.6158e+07
38  26  2.20371e+07
38  27  4.35823e+07
38  28  5.1429e+07
38  29  2.9942e+07
38  30  6.1717e+07
38  31  4.86591e+07
38  32  1.06562e+08
38  33  7.57713e+07
38  34  6.10868e+07
38  35  2.60638e+07
38  36  4.09401e+07
38  37  4.42328e+07
38  38  4.74563e+07
38  39  7.05781e+07
38  40  3.44298e+07
38  41  4.92522e+07
38  42  7.44862e+07
38  43  1.01048e+08
38  44  7.76044e+07
38  45  6.86286e+07
38  46  7.36854e+07
38  47  4.66638e+07
38  48  7.56699e+07
38  49  8.10417e+07
38  50  7.90997e+07
39  0  6.84229e+07
39  1  6.53321e+07
39  2  7.5557e+07
39  3  8.1196e+07
39  4  4.94733e+07
39  5  6.15265e+07
39  6  5.52535e+07
39  7  5.94898e+07
39  8  6.01653e+07
39  9  4.68406e+07
39  10  5.28731e+07
39  11  5.83373e+07
39  12  6.32608e+07
39  13  6.69246e+07
39  14  9.65704e+07
39  15  1.07707e+08
39  16  1.15519e+08
39  17  8.55155e+07
39  18  4.64727e+07
39  19  3.85023e+07
39  20  3.13091e+07
39  21  4.04929e+07
39  22  6.17568e+07
39  23  4.46773e+07
39  24  7.36727e+07
39  25  4.31514e+07
39  26  5.33135e+07
39  27  4.53958e+07
39  28  5.34183e+07
39  29  4.07488e+07
39  30  4.14612e+07
39  31  1.04587e+08
39  32  1.31796e+08
39  33  8.09714e+07
39  34  4.89705e+07
39  35  4.82195e+07
39  36  5.75659e+07
39  37  5.85981e+07
39  38  7.29403e+07
39  39  6.69164e+07
39  40  6.23038e+07
39  41  4.43414e+07
39  42  7.91428e+07
39  43  1.34604e+08
39  44  8.51799e+07
39  45  7.35649e+07
39  46  8.63562e+07
39  47  6.39952e+07
39  48  5.9271e+07
39  49  7.5772e+07
39  50  6.47978e+07
40  0  6.8507e+07
40  1  8.56387e+07
40  2  5.98689e+07
40  3  7.45475e+07
40  4  6.32502e+07
40  5  4.58e+07
40  6  4.48323e+07
40  7  5.86411e+07
40  8  5.39685e+07
40  9  7.2719e+07
40  10  7.5611e+07
40  11  6.79491e+07
40  12  7.84126e+07
40  13  7.00322e+07
40  14  5.5057e+07
40  15  9.34686e+07
40  16  1.08694e+08
40  17  7.69882e+07
40  18  5.00218e+07
40  19  3.74853e+07
40  20  3.31338e+07
40  21  6.93784e+07
40  22  6.08834e+07
40  23  6.02682e+07
40  24  5.35798e+07
40  25  5.79738e+07
40  26  4.02448e+07
40  27  3.45462e+07
40  28  8.18849e+07
40  29  5.22623e+07
40  30  5.9598e+07
40  31  7.14788e+07
40  32  1.70628e+08
40  33  8.73471e+07
40  34  6.46256e+07
40  35  7.26427e+07
40  36  4.22931e+07
40  37  6.27009e+07
40  38  5.93194e+07
40  39  3.49461e+07
40  40  6.17771e+07
40  41  4.59644e+07
40  42  4.28074e+07
40  43  8.67137e+07
40  44  7.73623e+07
40  45  5.81578e+07
40  46  5.73897e+07
40  47  5.04527e+07
40  48  5.36385e+07
40  49  7.46306e+07
40  50  6.40802e+07
41  0  6.86975e+07
41  1  6.75088e+07
41  2  7.04195e+07
41  3  7.27728e+07
41  4  3.76223e+07
41  5  6.30197e+07
41  6  7.24038e+07
41  7  5.37024e+07
41  8  5.30279e+07
41  9  6.29886e+07
41  10  5.51456e+07
41  11  6.88592e+07
41  12  6.6274e+07
41  13  6.11981e+07
41  14  6.86696e+07
41  15  1.11521e+08
41  16  8.73751e+07
41  17  6.9528e+07
41  18  7.91292e+07
41  19  7.14934e+07
41  20  2.56351e+07
41  21  4.10261e+07
41  22  4.91978e+07
41  23  3.07596e+07
41  24  4.40673e+07
41  25  4.49363e+07
41  26  3.88257e+07
41  27  5.46359e+07
41  28  9.11349e+07
41  29  7.41874e+07
41  30  5.81526e+07
41  31  1.26837e+08
41  32  2.11623e+08
41  33  1.07693e+08
41  34  7.21123e+07
41  35  7.5319e+07
41  36  9.0722e+07
41  37  4.6328e+07
41  38  4.82005e+07
41  39  5.4064e+07
41  40  5.82665e+07
41  41  3.95459e+07
41  42  4.79747e+07
41  43  8.91899e+07
41  44  7.83893e+07
41  45  4.48588e+07
41  46  6.12626e+07
41  47  5.84527e+07
41  48  5.62631e+07
41  49  6.38741e+07
41  50  5.31863e+07
42  0  5.60143e+07
42  1  5.20919e+07
42  2  4.83579e+07
42  3  6.58509e+07
42  4  4.53849e+07
42  5  4.26609e+07
42  6  7.79251e+07
42  7  5.19749e+07
42  8  5.7102e+07
42  9  4.58756e+07
42  10  6.34523e+07
42  11  6.55557e+07
42  12  7.61431e+07
42  13  5.93522e+07
42  14  8.43964e+07
42  15  9.52685e+07
42  16  6.38191e+07
42  17  1.1776e+08
42  18  9.90942e+07
42  19  7.70872e+07
42  20  2.40049e+07
42  21  5.68456e+07
42  22  5.25064e+07
42  23  6.07375e+07
42  24  4.55855e+07
42  25  5.96753e+07
42  26  5.05505e+07
42  27  4.99418e+07
42  28  7.96445e+07
42  29  6.86826e+07
42  30  4.84551e+07
42  31  1.13864e+08
42  32  1.78598e+08
42  33  1.04891e+08
42  34  4.09814e+07
42  35  5.50734e+07
42  36  7.53869e+07
42  37  4.57095e+07
42  38  4.86494e+07
42  39  5.47914e+07
42  40  5.13912e+07
42  41  4.58254e+07
42  42  7.43303e+07
42  43  9.6481e+07
42  44  1.13959e+08
42  45  6.43703e+07
42  46  4.29466e+07
42  47  3.95058e+07
42  48  5.47054e+07
42  49  7.76521e+07
42  50  6.38117e+07
43  0  6.1656e+07
43  1  6.22481e+07
43  2  6.18048e+07
43  3  6.68416e+07
43  4  2.34453e+07
43  5  6.80541e+07
43  6  5.64766e+07
43  7  4.60023e+07
43  8  5.34228e+07
43  9  3.01061e+07
43  10  5.16715e+07
43  11  6.66731e+07
43  12  6.7994e+07
43  13  4.34886e+07
43  14  8.77129e+07
43  15  9.64161e+07
43  16  7.069e+07
43  17  6.76112e+07
43  18  9.778e+07
43  19  7.98243e+07
43  20  5.59453e+07
43  21  3.22941e+07
43  22  3.95616e+07
43  23  5.84959e+07
43  24  6.07349e+07
43  25  1.77528e+07
43  26  7.77275e+07
43  27  5.12225e+07
43  28  6.5742e+07
43  29  9.04716e+07
43  30  4.91273e+07
43  31  9.607e+07
43  32  1.89831e+08
43  33  1.14605e+08
43  34  5.78615e+07
43  35  5.46262e+07
43  36  8.30469e+07
43  37  4.07865e+07
43  38  3.57173e+07
43  39  4.34861e+07
43  40  6.34358e+07
43  41  6.66501e+07
43  42  6.76353e+07
43  43  6.43831e+07
43  44  7.02497e+07
43  45  6.13591e+07
43  46  7.81986e+07
43  47  5.69843e+07
43  48  5.57399e+07
43  49  6.10723e+07
43  50  5.8341e+07
44  0  9.56201e+07
44  1  5.07569e+07
44  2  8.21099e+07
44  3  6.23467e+07
44  4  3.12115e+07
44  5  3.79247e+07
44  6  5.74792e+07
44  7  4.36686e+07
44  8  7.66033e+07
44  9  4.77467e+07
44  10  3.41206e+07
44  11  6.57656e+07
44  12  6.90515e+07
44  13  4.85549e+07
44  14  6.26101e+07
44  15  8.2466e+07
44  16  8.71679e+07
44  17  8.78502e+07
44  18  6.95971e+07
44  19  5.58572e+07
44  20  4.85984e+07
44  21  4.62879e+07
44  22  3.63674e+07
44  23  2.58922e+07
44  24  5.12477e+07
44  25  4.83111e+07
44  26  5.25438e+07
44  27  4.31942e+07
44  28  7.15984e+07
44  29  6.89317e+07
44  30  6.29067e+07
44  31  6.23528e+07
44  32  1.25619e+08
44  33  9.90375e+07
44  34  5.69837e+07
44  35  7.75745e+07
44  36  7.858e+07
44  37  5.29368e+07
44  38  6.5294e+07
44  39  7.06223e+07
44  40  5.52803e+07
44  41  4.58013e+07
44  42  7.82121e+07
44  43  5.06487e+07
44  44  8.68568e+07
44  45  6.63689e+07
44  46  4.94532e+07
44  47  6.45345e+07
44  48  5.51664e+07
44  49  5.56595e+07
44  50  6.55452e+07
45  0  4.32014e+07
45  1  5.44385e+07
45  2  6.72832e+07
45  3  4.54743e+07
45  4  3.68685e+07
45  5  6.67842e+07
45  6  5.72976e+07
45  7  4.04214e+07
45  8  9.24306e+07
45  9  7.49893e+07
45  10  7.96637e+07
45  11  7.46051e+07
45  12  2.2939e+07
45  13  7.24748e+07
45  14  4.31068e+07
45  15  6.19716e+07
45  16  6.89488e+07
45  17  6.57518e+07
45  18  6.42339e+07
45  19  6.63942e+07
45  20  6.42829e+07
45  21  4.52326e+07
45  22  4.23801e+07
45  23  4.16964e+07
45  24  4.15885e+07
45  25  6.1556e+07
45  26  5.318e+07
45  27  5.66855e+07
45  28  8.77933e+07
45  29  6.99844e+07
45  30  5.44246e+07
45  31  6.37415e+07
45  32  8.66152e+07
45  33  9.26565e+07
45  34  1.62874e+07
45  35  6.20498e+07
45  36  8.50821e+07
45  37  5.45185e+07
45  38  5.62463e+07
45  39  5.61453e+07
45  40  4.65038e+07
45  41  5.4806e+07
45  42  4.8949e+07
45  43  6.49151e+07
45  44  7.96186e+07
45  45  5.93843e+07
45  46  4.29087e+07
45  47  5.83582e+07
45  48  5.65571e+07
45  49  4.34745e+07
45  50  6.06894e+07

