row  column  (images_31.edf Mn-K*images_31.edf Ar-K**2.3)
0  0  3.68957e+07
0  1  2.7679e+07
0  2  1.97242e+07
0  3  2.26021e+07
0  4  2.18971e+07
0  5  1.61237e+07
0  6  2.96386e+07
0  7  1.77997e+07
0  8  351407
0  9  0
0  10  9.30662e+06
0  11  1.30237e+07
0  12  8.81734e+06
0  13  2.12203e+07
0  14  8.99306e+06
0  15  1.18099e+07
0  16  1.7203e+07
0  17  1.98903e+07
0  18  1.35111e+07
0  19  1.84007e+07
0  20  2.53802e+07
0  21  9.6086e+06
0  22  1.78758e+07
0  23  2.96272e+07
0  24  5.47397e+06
0  25  1.60619e+07
0  26  2.34713e+07
0  27  2.60508e+07
0  28  1.17756e+07
0  29  3.44107e+07
0  30  2.09919e+07
0  31  1.98042e+07
0  32  2.93972e+07
0  33  1.45016e+07
0  34  1.48818e+07
0  35  1.52047e+07
0  36  2.38475e+07
0  37  2.0203e+07
0  38  2.18709e+07
0  39  2.76779e+07
0  40  2.21679e+07
0  41  2.91948e+07
0  42  2.8764e+07
0  43  2.48823e+07
0  44  1.55063e+07
0  45  2.56495e+07
0  46  2.86438e+07
0  47  4.14756e+07
0  48  2.47008e+07
0  49  3.69975e+07
0  50  3.63264e+07
1  0  5.05332e+06
1  1  1.46867e+07
1  2  1.46376e+07
1  3  1.58494e+07
1  4  2.28198e+07
1  5  1.5804e+07
1  6  8.95184e+06
1  7  1.22886e+07
1  8  3.83752e+06
1  9  1.25672e+07
1  10  2.17297e+07
1  11  1.01355e+07
1  12  1.07589e+07
1  13  2.15726e+07
1  14  3.05411e+07
1  15  2.81468e+07
1  16  3.13433e+07
1  17  2.44614e+07
1  18  2.42617e+07
1  19  2.17861e+07
1  20  1.89737e+07
1  21  1.49963e+07
1  22  1.44319e+07
1  23  2.29402e+07
1  24  2.37208e+07
1  25  1.80719e+07
1  26  3.04335e+07
1  27  1.92741e+07
1  28  3.68981e+07
1  29  2.60247e+07
1  30  2.03833e+07
1  31  3.14204e+07
1  32  1.38866e+07
1  33  1.85098e+07
1  34  2.97665e+07
1  35  1.05945e+07
1  36  2.48968e+07
1  37  2.5093e+07
1  38  2.27696e+07
1  39  1.98549e+07
1  40  2.88052e+07
1  41  3.35203e+07
1  42  0
1  43  2.39521e+07
1  44  1.75624e+07
1  45  3.2393e+07
1  46  3.28543e+07
1  47  2.7429e+07
1  48  3.66731e+07
1  49  4.00598e+07
1  50  1.85363e+07
2  0  1.76479e+07
2  1  2.65265e+07
2  2  9.43052e+06
2  3  1.67243e+07
2  4  1.67731e+07
2  5  5.67447e+06
2  6  1.44497e+07
2  7  2.22039e+07
2  8  1.73759e+07
2  9  2.06696e+06
2  10  5.95369e+06
2  11  1.65424e+07
2  12  1.80855e+07
2  13  1.62194e+07
2  14  6.81242e+06
2  15  1.48584e+07
2  16  2.33625e+07
2  17  6.34212e+06
2  18  2.30414e+07
2  19  1.28235e+07
2  20  2.35049e+07
2  21  1.22875e+07
2  22  2.37762e+07
2  23  1.15867e+07
2  24  1.38838e+07
2  25  3.30189e+07
2  26  1.75654e+07
2  27  2.28333e+07
2  28  2.96412e+07
2  29  2.30161e+07
2  30  2.3771e+07
2  31  1.71451e+07
2  32  2.67477e+07
2  33  1.7513e+07
2  34  3.61317e+07
2  35  3.25119e+07
2  36  1.58777e+07
2  37  2.17296e+07
2  38  2.71214e+07
2  39  2.11043e+07
2  40  4.29816e+07
2  41  2.05612e+07
2  42  5.87059e+07
2  43  3.2624e+07
2  44  3.01779e+07
2  45  3.82701e+07
2  46  3.48162e+07
2  47  3.35394e+07
2  48  3.00949e+07
2  49  3.31926e+07
2  50  3.11412e+07
3  0  2.50075e+06
3  1  1.30664e+07
3  2  2.22704e+07
3  3  1.94321e+07
3  4  2.12809e+07
3  5  6.30957e+06
3  6  2.09826e+07
3  7  2.28257e+07
3  8  1.98536e+07
3  9  3.30546e+06
3  10  1.24903e+07
3  11  2.17397e+07
3  12  1.07371e+07
3  13  2.71295e+07
3  14  2.75176e+07
3  15  2.39619e+07
3  16  1.44558e+07
3  17  2.97331e+07
3  18  1.35563e+07
3  19  1.63106e+07
3  20  9.40344e+06
3  21  1.46249e+07
3  22  1.42969e+07
3  23  1.92458e+07
3  24  1.83155e+07
3  25  2.3515e+07
3  26  2.34724e+07
3  27  3.53989e+07
3  28  1.33771e+07
3  29  4.17107e+07
3  30  2.84812e+07
3  31  3.4e+07
3  32  3.03431e+07
3  33  2.99623e+07
3  34  2.28912e+07
3  35  1.6716e+07
3  36  8.62836e+06
3  37  2.20025e+07
3  38  2.61413e+07
3  39  3.23087e+07
3  40  3.74684e+07
3  41  1.61238e+07
3  42  3.14993e+07
3  43  3.02302e+07
3  44  3.39111e+07
3  45  4.46665e+07
3  46  1.84184e+07
3  47  2.25734e+07
3  48  1.5431e+07
3  49  1.6612e+07
3  50  2.87598e+07
4  0  2.25104e+07
4  1  2.64912e+07
4  2  1.20397e+07
4  3  3.02633e+07
4  4  2.69154e+07
4  5  3.01897e+07
4  6  1.44654e+07
4  7  1.95609e+07
4  8  1.38893e+07
4  9  7.62608e+06
4  10  1.78592e+07
4  11  2.02776e+07
4  12  2.57674e+07
4  13  1.82864e+07
4  14  9.84016e+06
4  15  2.51634e+07
4  16  1.79612e+07
4  17  2.15317e+07
4  18  1.44936e+07
4  19  1.43554e+07
4  20  2.49186e+07
4  21  0
4  22  2.14058e+07
4  23  1.04921e+07
4  24  1.00029e+07
4  25  2.43954e+07
4  26  1.77968e+07
4  27  2.30548e+07
4  28  2.09182e+07
4  29  2.73537e+07
4  30  4.09821e+07
4  31  1.44091e+07
4  32  2.49691e+07
4  33  2.41124e+07
4  34  3.0676e+07
4  35  2.82726e+07
4  36  2.74036e+07
4  37  2.47397e+07
4  38  2.45696e+07
4  39  2.79599e+07
4  40  1.49588e+07
4  41  2.25073e+07
4  42  3.45033e+07
4  43  1.66262e+07
4  44  2.40094e+07
4  45  3.02989e+07
4  46  2.85805e+07
4  47  2.07755e+07
4  48  3.3777e+07
4  49  1.99363e+07
4  50  2.72244e+07
5  0  1.39687e+07
5  1  2.55522e+06
5  2  1.46801e+07
5  3  2.67676e+07
5  4  3.8078e+07
5  5  1.3761e+07
5  6  1.96436e+07
5  7  1.61983e+07
5  8  1.95945e+07
5  9  1.15395e+07
5  10  1.6507e+07
5  11  2.08523e+07
5  12  1.81986e+07
5  13  1.7085e+07
5  14  1.93968e+07
5  15  2.97177e+07
5  16  1.37555e+07
5  17  1.03293e+07
5  18  2.58616e+07
5  19  2.79303e+07
5  20  7.27065e+06
5  21  2.61859e+07
5  22  3.17955e+07
5  23  1.58158e+07
5  24  1.83445e+07
5  25  1.44134e+07
5  26  2.21543e+07
5  27  2.06217e+07
5  28  1.39738e+07
5  29  1.64853e+07
5  30  2.31907e+07
5  31  2.56574e+07
5  32  7.72972e+06
5  33  2.62948e+07
5  34  3.66939e+07
5  35  2.51906e+07
5  36  9.72556e+06
5  37  2.3704e+07
5  38  2.99648e+07
5  39  2.5659e+07
5  40  1.8991e+07
5  41  1.8603e+07
5  42  2.02921e+07
5  43  4.75286e+07
5  44  2.35576e+07
5  45  9.10101e+06
5  46  2.18629e+07
5  47  2.22601e+07
5  48  4.16694e+07
5  49  3.57458e+07
5  50  2.71337e+07
6  0  1.91759e+07
6  1  1.75479e+07
6  2  1.278e+07
6  3  1.09037e+07
6  4  2.09522e+07
6  5  2.6096e+07
6  6  1.01101e+07
6  7  1.14004e+07
6  8  2.43924e+07
6  9  1.38383e+07
6  10  1.08853e+07
6  11  1.54585e+07
6  12  5.14495e+06
6  13  2.06518e+07
6  14  2.22538e+07
6  15  1.42493e+07
6  16  2.53572e+07
6  17  1.60471e+07
6  18  2.38322e+07
6  19  1.53572e+07
6  20  1.69001e+07
6  21  1.25347e+07
6  22  2.00325e+07
6  23  1.31305e+07
6  24  2.26944e+07
6  25  2.11009e+07
6  26  3.08402e+07
6  27  2.5828e+07
6  28  1.86729e+07
6  29  1.11614e+07
6  30  2.84948e+07
6  31  1.78343e+07
6  32  3.54607e+07
6  33  3.75784e+07
6  34  1.89084e+07
6  35  3.62374e+07
6  36  7.68234e+06
6  37  2.05098e+07
6  38  2.65285e+07
6  39  2.45753e+07
6  40  1.06509e+07
6  41  3.87819e+07
6  42  1.37491e+07
6  43  3.3781e+07
6  44  3.03308e+07
6  45  2.03075e+07
6  46  2.68103e+07
6  47  3.10453e+07
6  48  2.66109e+07
6  49  2.66588e+07
6  50  1.71108e+07
7  0  1.86235e+07
7  1  1.08571e+07
7  2  1.93264e+07
7  3  1.96426e+07
7  4  8.8201e+06
7  5  3.89702e+07
7  6  1.16803e+07
7  7  2.18448e+07
7  8  1.24682e+07
7  9  9.65749e+06
7  10  1.90163e+07
7  11  1.90956e+07
7  12  2.75648e+07
7  13  1.89263e+07
7  14  1.40205e+07
7  15  1.48667e+07
7  16  2.56091e+07
7  17  1.90854e+07
7  18  2.18028e+07
7  19  1.9509e+07
7  20  2.18099e+07
7  21  1.02875e+07
7  22  2.37056e+07
7  23  2.04534e+07
7  24  1.56049e+07
7  25  3.19678e+07
7  26  3.03247e+07
7  27  1.76275e+07
7  28  2.87272e+07
7  29  2.92728e+07
7  30  2.28512e+07
7  31  2.03646e+07
7  32  2.5165e+07
7  33  1.56716e+07
7  34  2.03694e+07
7  35  1.29785e+07
7  36  3.46925e+07
7  37  2.43913e+07
7  38  2.36731e+07
7  39  2.24392e+07
7  40  1.78871e+07
7  41  2.99984e+07
7  42  3.31212e+07
7  43  2.49878e+07
7  44  2.87567e+07
7  45  2.08704e+07
7  46  2.44511e+07
7  47  3.41433e+07
7  48  4.1359e+07
7  49  2.1795e+07
7  50  3.02208e+07
8  0  1.04513e+07
8  1  1.89946e+07
8  2  1.62577e+07
8  3  2.30537e+07
8  4  9.61923e+06
8  5  8.37546e+06
8  6  1.48591e+07
8  7  2.25514e+07
8  8  1.34889e+07
8  9  7.51607e+06
8  10  1.81341e+07
8  11  1.5475e+07
8  12  2.43599e+07
8  13  7.94188e+06
8  14  2.34715e+07
8  15  2.168e+07
8  16  3.03555e+07
8  17  3.13277e+07
8  18  1.90907e+07
8  19  1.81011e+07
8  20  1.06028e+07
8  21  2.46789e+07
8  22  2.55827e+07
8  23  2.21182e+07
8  24  1.595e+07
8  25  6.20463e+06
8  26  2.43265e+07
8  27  3.43727e+07
8  28  2.4579e+07
8  29  1.67266e+07
8  30  2.39462e+07
8  31  4.34161e+07
8  32  1.91349e+07
8  33  2.42049e+07
8  34  1.59562e+07
8  35  3.2e+07
8  36  1.54568e+07
8  37  1.46568e+07
8  38  2.35924e+07
8  39  1.56886e+07
8  40  2.22093e+07
8  41  3.81899e+07
8  42  1.98019e+07
8  43  1.97649e+07
8  44  1.91834e+07
8  45  3.02694e+07
8  46  1.13411e+07
8  47  3.12997e+07
8  48  4.09196e+07
8  49  4.92154e+07
8  50  3.77091e+07
9  0  1.56494e+07
9  1  1.15018e+07
9  2  1.43049e+07
9  3  1.95778e+07
9  4  2.4109e+07
9  5  1.80068e+07
9  6  2.78076e+07
9  7  2.31463e+07
9  8  1.0291e+07
9  9  1.26097e+07
9  10  2.25715e+07
9  11  2.26519e+07
9  12  2.00469e+07
9  13  2.14769e+07
9  14  8.18413e+06
9  15  1.96849e+07
9  16  9.14636e+06
9  17  2.378e+07
9  18  2.31575e+07
9  19  2.00589e+07
9  20  1.6732e+07
9  21  2.21689e+07
9  22  1.83701e+07
9  23  5.74662e+06
9  24  1.00176e+07
9  25  2.7583e+07
9  26  3.73878e+07
9  27  3.06291e+07
9  28  3.84533e+07
9  29  1.25604e+07
9  30  2.15809e+07
9  31  3.35717e+07
9  32  2.9319e+07
9  33  1.7472e+07
9  34  2.42048e+07
9  35  2.71017e+07
9  36  1.99864e+07
9  37  1.76052e+07
9  38  2.5635e+07
9  39  2.51476e+07
9  40  3.3795e+07
9  41  2.86992e+07
9  42  2.05818e+07
9  43  2.61177e+07
9  44  2.57949e+07
9  45  3.8816e+07
9  46  3.29071e+07
9  47  1.72274e+07
9  48  2.79477e+07
9  49  2.63536e+07
9  50  4.37754e+07
10  0  2.21887e+06
10  1  1.27133e+07
10  2  3.53549e+07
10  3  1.49927e+07
10  4  2.20317e+07
10  5  1.97144e+07
10  6  2.21148e+07
10  7  2.03129e+07
10  8  2.26192e+07
10  9  1.26762e+07
10  10  2.76668e+07
10  11  2.58926e+07
10  12  1.3586e+07
10  13  2.07502e+07
10  14  9.62121e+06
10  15  1.66535e+07
10  16  1.8931e+07
10  17  1.3705e+07
10  18  2.89268e+07
10  19  1.41897e+07
10  20  0
10  21  2.02444e+07
10  22  1.85381e+07
10  23  2.45565e+07
10  24  2.77985e+07
10  25  2.37451e+07
10  26  2.3372e+07
10  27  2.50152e+07
10  28  1.78525e+07
10  29  2.8442e+07
10  30  2.3322e+07
10  31  1.69287e+07
10  32  2.31734e+07
10  33  1.92483e+07
10  34  1.42224e+07
10  35  3.17894e+07
10  36  2.36267e+07
10  37  2.77212e+07
10  38  2.60386e+07
10  39  2.46022e+07
10  40  3.72002e+07
10  41  3.07681e+07
10  42  2.95083e+07
10  43  2.28426e+07
10  44  2.07007e+07
10  45  2.65455e+07
10  46  1.95083e+07
10  47  2.05434e+07
10  48  4.87345e+07
10  49  2.29737e+07
10  50  2.50689e+07
11  0  3.53326e+06
11  1  1.87925e+07
11  2  1.12197e+07
11  3  2.07074e+07
11  4  3.19991e+07
11  5  1.81073e+07
11  6  1.47863e+07
11  7  1.347e+07
11  8  1.76114e+07
11  9  1.67896e+07
11  10  1.31762e+07
11  11  1.26271e+07
11  12  1.99934e+07
11  13  2.06952e+07
11  14  1.60511e+07
11  15  8.31211e+06
11  16  2.06146e+07
11  17  1.9935e+07
11  18  3.30463e+07
11  19  1.4976e+07
11  20  2.82896e+07
11  21  1.63627e+07
11  22  1.04219e+07
11  23  3.37891e+06
11  24  1.7163e+07
11  25  1.01e+07
11  26  1.48208e+07
11  27  1.75592e+07
11  28  1.75607e+07
11  29  1.73485e+07
11  30  2.73035e+07
11  31  1.71636e+07
11  32  3.17979e+07
11  33  1.56092e+07
11  34  3.18816e+07
11  35  1.06428e+07
11  36  2.79249e+07
11  37  1.79165e+07
11  38  3.98054e+07
11  39  2.63871e+07
11  40  1.80088e+07
11  41  2.81071e+07
11  42  2.48246e+07
11  43  3.3305e+07
11  44  3.51725e+07
11  45  2.04283e+07
11  46  3.62544e+07
11  47  2.65892e+07
11  48  2.92416e+07
11  49  3.96871e+07
11  50  1.70258e+07
12  0  1.03946e+07
12  1  1.48729e+07
12  2  1.26599e+07
12  3  1.3442e+07
12  4  2.35868e+07
12  5  1.53853e+07
12  6  2.40485e+07
12  7  2.54178e+07
12  8  1.93709e+07
12  9  2.0671e+07
12  10  2.26089e+07
12  11  2.24462e+07
12  12  1.67869e+07
12  13  1.52126e+07
12  14  1.73278e+07
12  15  3.00362e+07
12  16  1.97041e+07
12  17  2.29319e+07
12  18  2.55562e+07
12  19  1.73157e+07
12  20  6.4156e+06
12  21  1.82198e+07
12  22  2.54903e+07
12  23  2.16182e+07
12  24  2.34728e+07
12  25  2.74035e+07
12  26  1.4087e+07
12  27  1.79174e+07
12  28  4.99969e+06
12  29  2.11138e+07
12  30  1.87549e+07
12  31  2.0883e+07
12  32  2.12565e+07
12  33  2.91101e+07
12  34  3.48087e+07
12  35  2.64378e+07
12  36  1.17054e+07
12  37  1.94692e+07
12  38  2.66502e+07
12  39  2.96781e+07
12  40  3.18996e+06
12  41  2.00904e+07
12  42  2.14453e+07
12  43  1.91875e+07
12  44  2.07956e+07
12  45  1.44646e+07
12  46  2.59901e+07
12  47  2.91889e+07
12  48  2.37121e+07
12  49  2.05596e+07
12  50  2.09905e+07
13  0  1.70112e+07
13  1  1.55617e+07
13  2  1.45002e+07
13  3  1.80568e+07
13  4  1.82623e+07
13  5  1.85364e+07
13  6  2.54685e+07
13  7  1.73305e+07
13  8  2.22043e+07
13  9  2.03053e+07
13  10  2.64312e+07
13  11  1.68616e+07
13  12  1.76033e+07
13  13  1.96606e+07
13  14  1.7644e+07
13  15  2.57234e+07
13  16  1.6884e+07
13  17  1.24842e+07
13  18  2.36268e+07
13  19  2.97182e+07
13  20  1.25862e+07
13  21  1.31111e+07
13  22  4.76704e+06
13  23  2.87321e+07
13  24  1.18352e+07
13  25  2.38773e+07
13  26  1.29481e+07
13  27  8.50348e+06
13  28  1.522e+07
13  29  3.32756e+07
13  30  1.92527e+07
13  31  1.09626e+07
13  32  2.25219e+07
13  33  1.87633e+07
13  34  2.78095e+07
13  35  2.37976e+07
13  36  0
13  37  1.76787e+07
13  38  3.08922e+07
13  39  2.82477e+07
13  40  1.74919e+07
13  41  3.26822e+07
13  42  2.07679e+07
13  43  3.14228e+07
13  44  2.08889e+07
13  45  1.447e+07
13  46  2.33858e+07
13  47  2.72422e+07
13  48  2.38183e+07
13  49  2.1619e+07
13  50  2.82065e+07
14  0  2.74788e+07
14  1  1.18496e+07
14  2  1.72635e+07
14  3  2.51603e+07
14  4  1.94008e+07
14  5  2.58616e+07
14  6  3.43637e+06
14  7  5.99738e+06
14  8  9.48243e+06
14  9  2.68921e+07
14  10  1.87974e+07
14  11  7.23877e+06
14  12  1.89713e+07
14  13  1.50446e+07
14  14  2.26349e+07
14  15  2.23466e+07
14  16  1.17875e+07
14  17  2.61726e+07
14  18  2.10457e+07
14  19  2.3643e+07
14  20  3.16654e+07
14  21  2.07216e+07
14  22  1.54602e+07
14  23  2.38401e+07
14  24  2.27684e+07
14  25  1.69261e+07
14  26  1.27738e+07
14  27  1.3676e+07
14  28  2.19226e+07
14  29  2.32058e+07
14  30  2.20823e+07
14  31  2.80183e+07
14  32  3.17022e+07
14  33  3.14816e+07
14  34  3.30668e+07
14  35  3.07559e+07
14  36  7.22646e+06
14  37  8.89045e+06
14  38  8.24474e+06
14  39  2.47763e+07
14  40  3.05866e+07
14  41  2.25937e+07
14  42  2.08963e+07
14  43  1.87511e+07
14  44  1.96681e+07
14  45  2.5017e+07
14  46  2.35011e+07
14  47  2.17036e+07
14  48  4.03856e+07
14  49  2.63473e+07
14  50  2.66465e+07
15  0  1.09384e+07
15  1  2.98757e+07
15  2  1.69785e+07
15  3  1.32998e+07
15  4  3.89404e+07
15  5  2.29904e+07
15  6  2.28498e+07
15  7  1.94459e+07
15  8  2.59824e+07
15  9  2.3665e+07
15  10  8.78312e+06
15  11  2.09361e+07
15  12  2.45144e+07
15  13  2.4728e+07
15  14  1.70196e+07
15  15  1.57253e+07
15  16  2.4637e+07
15  17  1.50242e+07
15  18  1.37699e+07
15  19  2.5685e+07
15  20  2.0258e+07
15  21  2.66127e+07
15  22  2.83018e+07
15  23  2.55144e+07
15  24  1.18971e+07
15  25  2.11254e+07
15  26  1.66879e+07
15  27  2.73088e+07
15  28  3.35799e+07
15  29  2.77701e+07
15  30  3.11508e+07
15  31  1.6778e+07
15  32  1.50593e+07
15  33  1.69487e+07
15  34  2.08915e+07
15  35  1.52242e+07
15  36  4.9667e+06
15  37  2.12021e+07
15  38  2.92766e+07
15  39  2.48856e+07
15  40  1.51058e+07
15  41  1.22907e+07
15  42  1.74734e+07
15  43  1.28243e+07
15  44  2.04353e+07
15  45  1.22672e+07
15  46  1.67186e+07
15  47  1.53218e+07
15  48  2.38919e+07
15  49  4.5616e+07
15  50  2.14064e+07
16  0  1.35659e+07
16  1  1.30541e+07
16  2  1.37935e+07
16  3  1.37575e+07
16  4  2.00451e+07
16  5  1.97127e+07
16  6  2.6562e+07
16  7  3.61513e+07
16  8  2.43713e+07
16  9  2.16132e+07
16  10  3.34294e+07
16  11  2.09612e+07
16  12  2.83782e+07
16  13  2.04227e+07
16  14  2.74846e+07
16  15  1.7837e+07
16  16  1.80593e+07
16  17  1.21482e+07
16  18  2.36961e+07
16  19  3.54235e+07
16  20  1.09638e+07
16  21  2.3491e+07
16  22  3.97655e+07
16  23  1.61056e+07
16  24  3.85291e+07
16  25  2.30422e+07
16  26  1.01305e+07
16  27  1.9859e+07
16  28  3.13408e+07
16  29  2.59711e+07
16  30  1.94625e+07
16  31  2.40322e+07
16  32  1.43784e+07
16  33  1.81671e+07
16  34  2.50855e+07
16  35  2.87904e+07
16  36  2.67933e+07
16  37  1.19023e+07
16  38  2.02824e+07
16  39  1.78142e+07
16  40  1.89207e+07
16  41  1.69126e+07
16  42  2.32524e+07
16  43  1.49221e+07
16  44  1.72773e+07
16  45  1.58294e+07
16  46  2.50605e+07
16  47  2.29282e+07
16  48  2.52966e+07
16  49  2.50216e+07
16  50  1.89387e+07
17  0  1.98895e+07
17  1  1.12757e+07
17  2  2.41137e+07
17  3  1.5385e+07
17  4  1.70833e+07
17  5  2.77818e+07
17  6  1.44982e+07
17  7  2.97735e+07
17  8  2.10938e+07
17  9  2.86534e+07
17  10  2.28913e+07
17  11  1.71051e+07
17  12  1.42153e+07
17  13  1.18065e+07
17  14  3.76553e+07
17  15  1.53992e+07
17  16  2.39759e+07
17  17  1.95323e+07
17  18  3.0721e+07
17  19  3.37382e+07
17  20  2.51156e+07
17  21  1.61259e+07
17  22  8.99276e+06
17  23  3.24479e+06
17  24  2.83092e+07
17  25  1.82529e+07
17  26  2.64985e+07
17  27  1.6292e+07
17  28  2.67218e+07
17  29  1.2429e+07
17  30  2.48652e+07
17  31  8.76558e+06
17  32  1.37939e+07
17  33  1.9528e+07
17  34  1.85934e+07
17  35  1.91352e+07
17  36  1.70067e+07
17  37  1.14861e+07
17  38  1.48763e+07
17  39  2.38618e+07
17  40  2.08953e+07
17  41  2.46289e+07
17  42  8.29736e+06
17  43  9.6456e+06
17  44  1.61691e+07
17  45  2.86759e+07
17  46  2.72105e+07
17  47  3.90371e+07
17  48  2.0721e+07
17  49  5.18864e+07
17  50  3.28971e+07
18  0  1.32554e+07
18  1  1.7515e+07
18  2  1.92001e+07
18  3  2.9819e+07
18  4  2.70515e+07
18  5  3.04152e+07
18  6  3.45704e+07
18  7  2.82247e+07
18  8  2.01689e+07
18  9  1.28775e+07
18  10  1.772e+07
18  11  2.34743e+07
18  12  1.27034e+07
18  13  1.51548e+07
18  14  2.42463e+07
18  15  2.30276e+07
18  16  2.0869e+07
18  17  3.40693e+07
18  18  2.5388e+07
18  19  1.02536e+07
18  20  3.21886e+07
18  21  2.18446e+07
18  22  1.33825e+07
18  23  1.61812e+07
18  24  2.61325e+07
18  25  8.99358e+06
18  26  1.17428e+07
18  27  1.6152e+07
18  28  1.97618e+07
18  29  2.71522e+07
18  30  3.08498e+07
18  31  7.80688e+06
18  32  1.0289e+07
18  33  1.92777e+07
18  34  3.48994e+07
18  35  2.07023e+07
18  36  2.4183e+07
18  37  1.04666e+07
18  38  3.675e+07
18  39  2.37819e+07
18  40  2.77689e+07
18  41  1.84193e+07
18  42  2.43488e+07
18  43  1.93005e+07
18  44  9.3516e+06
18  45  2.71832e+07
18  46  3.82539e+07
18  47  2.00177e+07
18  48  3.52446e+07
18  49  3.17074e+07
18  50  3.04713e+07
19  0  1.88542e+07
19  1  1.60506e+07
19  2  2.26719e+07
19  3  2.23311e+07
19  4  1.77191e+07
19  5  1.212e+07
19  6  1.37097e+07
19  7  1.61897e+07
19  8  1.06037e+07
19  9  1.66213e+07
19  10  1.52067e+07
19  11  1.8065e+07
19  12  2.5677e+07
19  13  3.30166e+07
19  14  2.24058e+07
19  15  1.59267e+07
19  16  1.45538e+07
19  17  2.4472e+07
19  18  1.76525e+07
19  19  1.91414e+07
19  20  1.79422e+07
19  21  2.1966e+07
19  22  1.91646e+07
19  23  9.09259e+06
19  24  2.39071e+07
19  25  1.81599e+07
19  26  2.42077e+07
19  27  2.25704e+07
19  28  1.95868e+07
19  29  1.04446e+07
19  30  3.03272e+07
19  31  2.27903e+07
19  32  1.73296e+07
19  33  2.2131e+07
19  34  1.95952e+07
19  35  1.2111e+07
19  36  3.12267e+07
19  37  2.89503e+07
19  38  1.63403e+07
19  39  2.11391e+07
19  40  1.80832e+07
19  41  1.35844e+07
19  42  1.76662e+07
19  43  2.34337e+07
19  44  2.6056e+07
19  45  1.90658e+07
19  46  3.3494e+07
19  47  3.46697e+07
19  48  2.78027e+07
19  49  2.20135e+07
19  50  2.53011e+07
20  0  1.83856e+07
20  1  2.00131e+07
20  2  3.32988e+07
20  3  2.43222e+07
20  4  1.58819e+07
20  5  2.38572e+07
20  6  3.04908e+07
20  7  2.39499e+07
20  8  1.71553e+07
20  9  2.048e+07
20  10  2.12204e+07
20  11  2.89105e+07
20  12  2.11087e+07
20  13  1.47072e+07
20  14  2.34361e+07
20  15  2.08914e+07
20  16  2.15175e+07
20  17  3.00226e+07
20  18  2.91046e+07
20  19  2.93395e+07
20  20  3.4011e+07
20  21  2.8747e+07
20  22  1.7646e+07
20  23  1.79717e+07
20  24  2.80899e+06
20  25  8.61476e+06
20  26  1.68785e+07
20  27  1.52653e+07
20  28  1.51516e+07
20  29  3.40086e+07
20  30  2.57512e+07
20  31  1.97511e+07
20  32  1.92559e+07
20  33  1.65497e+07
20  34  2.37021e+07
20  35  2.02708e+07
20  36  2.99985e+07
20  37  1.67582e+07
20  38  3.04828e+07
20  39  2.16504e+07
20  40  2.02901e+07
20  41  2.14457e+07
20  42  1.6437e+07
20  43  2.62148e+07
20  44  3.7994e+07
20  45  2.24418e+07
20  46  2.43112e+07
20  47  3.49198e+07
20  48  3.43415e+07
20  49  2.45079e+07
20  50  4.57308e+07
21  0  2.22215e+07
21  1  2.85055e+07
21  2  3.51426e+07
21  3  1.70875e+07
21  4  1.38826e+07
21  5  3.86669e+07
21  6  3.52706e+07
21  7  1.30383e+07
21  8  2.62527e+07
21  9  2.22431e+07
21  10  7.52424e+06
21  11  2.77181e+07
21  12  2.39102e+07
21  13  7.28446e+06
21  14  3.56458e+07
21  15  1.41577e+07
21  16  3.11738e+07
21  17  2.42885e+07
21  18  1.4894e+07
21  19  5.72995e+06
21  20  2.58801e+07
21  21  2.49762e+07
21  22  1.36067e+07
21  23  4.90901e+07
21  24  1.80218e+07
21  25  2.74088e+07
21  26  1.49374e+07
21  27  7.12662e+06
21  28  1.44227e+07
21  29  2.29574e+07
21  30  3.08783e+07
21  31  1.33131e+07
21  32  3.02977e+07
21  33  2.94544e+07
21  34  7.39502e+06
21  35  1.25269e+07
21  36  6.18058e+06
21  37  2.45576e+07
21  38  3.44229e+07
21  39  1.68717e+07
21  40  2.06938e+07
21  41  3.18852e+07
21  42  2.8297e+07
21  43  2.76131e+07
21  44  1.28953e+07
21  45  2.96472e+07
21  46  3.05559e+07
21  47  1.61945e+07
21  48  3.00808e+07
21  49  3.70709e+07
21  50  3.33437e+07
22  0  1.32531e+07
22  1  1.42041e+07
22  2  2.84096e+07
22  3  2.60978e+07
22  4  2.83417e+07
22  5  2.03072e+07
22  6  1.86319e+07
22  7  3.16739e+07
22  8  1.90397e+07
22  9  2.46711e+07
22  10  3.22208e+07
22  11  1.99887e+07
22  12  2.62719e+07
22  13  1.4016e+07
22  14  2.75306e+07
22  15  2.25596e+07
22  16  2.29643e+07
22  17  1.67399e+07
22  18  2.62583e+07
22  19  1.9566e+07
22  20  2.62887e+07
22  21  4.558e+07
22  22  2.80034e+07
22  23  3.01333e+07
22  24  2.70662e+07
22  25  2.59092e+07
22  26  2.26244e+07
22  27  3.14393e+07
22  28  3.19658e+07
22  29  3.208e+07
22  30  1.24482e+07
22  31  1.74583e+07
22  32  1.76719e+07
22  33  2.48952e+07
22  34  2.18267e+07
22  35  2.1832e+07
22  36  1.68677e+07
22  37  2.75286e+07
22  38  1.80717e+07
22  39  2.26885e+07
22  40  1.42414e+07
22  41  3.84883e+07
22  42  2.63971e+07
22  43  1.61065e+07
22  44  9.32846e+06
22  45  1.47106e+07
22  46  1.87338e+07
22  47  1.89427e+07
22  48  2.4992e+07
22  49  2.05828e+07
22  50  1.63038e+07
23  0  2.21209e+07
23  1  2.71324e+07
23  2  2.27008e+07
23  3  2.97397e+07
23  4  2.40446e+07
23  5  2.66749e+07
23  6  2.50684e+07
23  7  3.06549e+07
23  8  1.89157e+07
23  9  1.65007e+07
23  10  1.79157e+07
23  11  1.86049e+07
23  12  1.9089e+07
23  13  2.04292e+07
23  14  3.06914e+07
23  15  5.75288e+06
23  16  1.6384e+07
23  17  1.54414e+07
23  18  1.73864e+07
23  19  2.23889e+07
23  20  2.84883e+07
23  21  2.32363e+07
23  22  2.75783e+07
23  23  1.85936e+07
23  24  1.4773e+07
23  25  1.79354e+07
23  26  2.57673e+07
23  27  2.68482e+07
23  28  2.15058e+07
23  29  1.02379e+07
23  30  3.17431e+06
23  31  2.20896e+07
23  32  8.22694e+06
23  33  2.10812e+07
23  34  3.0761e+07
23  35  2.27583e+07
23  36  2.26022e+07
23  37  2.73939e+07
23  38  6.02786e+06
23  39  2.62614e+07
23  40  1.80667e+07
23  41  1.58556e+07
23  42  9.83593e+06
23  43  2.06171e+07
23  44  9.94742e+06
23  45  1.62984e+07
23  46  3.24955e+07
23  47  2.17806e+07
23  48  1.76436e+07
23  49  2.8178e+07
23  50  2.27368e+07
24  0  1.58673e+07
24  1  9.50381e+06
24  2  2.75348e+07
24  3  2.59049e+07
24  4  1.86871e+07
24  5  2.07344e+07
24  6  4.09389e+07
24  7  1.33178e+07
24  8  1.70924e+07
24  9  2.62145e+07
24  10  1.23474e+07
24  11  1.84602e+07
24  12  3.11413e+07
24  13  2.31169e+07
24  14  2.77366e+07
24  15  2.23947e+07
24  16  1.14729e+07
24  17  1.56944e+07
24  18  2.7078e+07
24  19  2.08175e+07
24  20  3.79377e+07
24  21  2.4078e+07
24  22  1.85377e+07
24  23  2.19898e+07
24  24  2.00626e+07
24  25  1.34329e+07
24  26  3.86654e+07
24  27  3.43396e+07
24  28  2.21899e+07
24  29  2.68602e+07
24  30  6.69064e+06
24  31  9.11602e+06
24  32  2.30135e+07
24  33  2.37635e+07
24  34  2.50795e+07
24  35  1.99838e+07
24  36  1.70524e+07
24  37  2.90311e+07
24  38  3.65888e+07
24  39  1.12216e+07
24  40  1.05229e+07
24  41  5.86587e+06
24  42  2.00237e+07
24  43  1.58458e+07
24  44  2.3224e+07
24  45  2.94579e+07
24  46  2.41132e+07
24  47  3.16692e+07
24  48  3.55506e+07
24  49  2.52485e+07
24  50  2.58128e+07
25  0  1.2286e+07
25  1  1.77754e+07
25  2  3.8267e+07
25  3  2.23048e+07
25  4  1.02492e+07
25  5  1.55263e+07
25  6  2.57461e+07
25  7  1.71026e+07
25  8  2.97818e+07
25  9  2.59114e+07
25  10  2.25152e+07
25  11  2.91802e+07
25  12  1.46698e+07
25  13  2.32334e+07
25  14  1.52851e+07
25  15  1.5877e+07
25  16  2.86332e+07
25  17  1.41497e+07
25  18  1.5403e+07
25  19  2.32993e+07
25  20  9.80449e+06
25  21  2.18489e+07
25  22  3.01173e+07
25  23  1.55152e+07
25  24  1.68644e+07
25  25  7.94866e+06
25  26  1.56182e+07
25  27  1.98718e+07
25  28  2.56918e+07
25  29  1.97146e+07
25  30  1.1646e+07
25  31  1.90086e+07
25  32  2.52746e+07
25  33  3.77109e+07
25  34  3.24495e+07
25  35  1.30042e+07
25  36  2.99246e+07
25  37  2.4717e+07
25  38  2.62345e+07
25  39  2.61638e+07
25  40  2.16245e+07
25  41  4.13648e+06
25  42  1.762e+07
25  43  1.65462e+07
25  44  1.72753e+07
25  45  2.03732e+07
25  46  1.46472e+07
25  47  2.07499e+07
25  48  3.52978e+07
25  49  2.46593e+07
25  50  1.37387e+07
26  0  1.6618e+07
26  1  2.2055e+07
26  2  1.85351e+07
26  3  2.15277e+07
26  4  2.38299e+07
26  5  1.77806e+07
26  6  1.17608e+07
26  7  2.15061e+07
26  8  2.15434e+07
26  9  3.41639e+07
26  10  2.87411e+07
26  11  3.05005e+07
26  12  1.59264e+07
26  13  3.37932e+07
26  14  1.71066e+07
26  15  2.21266e+07
26  16  2.24279e+07
26  17  2.13041e+07
26  18  2.65772e+07
26  19  2.74564e+07
26  20  3.32479e+07
26  21  2.00054e+07
26  22  1.2487e+07
26  23  2.9089e+07
26  24  1.80094e+07
26  25  9.60174e+06
26  26  0
26  27  1.85934e+07
26  28  2.03632e+07
26  29  1.76096e+07
26  30  2.82354e+07
26  31  2.06291e+07
26  32  2.05635e+07
26  33  2.35656e+07
26  34  1.79536e+07
26  35  2.62498e+07
26  36  1.88656e+07
26  37  3.02912e+07
26  38  1.43896e+07
26  39  1.60611e+07
26  40  2.19139e+07
26  41  1.92212e+07
26  42  2.04151e+07
26  43  1.04664e+07
26  44  1.60723e+07
26  45  1.96168e+07
26  46  2.30601e+07
26  47  2.37038e+07
26  48  2.51007e+07
26  49  3.40396e+07
26  50  1.78827e+07
27  0  2.90863e+07
27  1  1.59197e+07
27  2  2.7037e+07
27  3  1.44171e+07
27  4  1.90155e+07
27  5  1.07828e+07
27  6  2.88923e+07
27  7  1.68628e+07
27  8  1.996e+07
27  9  3.00318e+07
27  10  2.78251e+07
27  11  1.71884e+07
27  12  1.50979e+07
27  13  1.72692e+07
27  14  1.63428e+07
27  15  1.65417e+07
27  16  1.78524e+07
27  17  2.80252e+07
27  18  2.12361e+07
27  19  1.42921e+07
27  20  1.5666e+07
27  21  2.85583e+07
27  22  1.17001e+07
27  23  1.92599e+07
27  24  2.13543e+07
27  25  1.66305e+07
27  26  1.56815e+07
27  27  1.66667e+07
27  28  2.8708e+07
27  29  2.34586e+07
27  30  9.65336e+06
27  31  2.496e+07
27  32  1.8259e+07
27  33  3.07117e+07
27  34  1.94782e+07
27  35  2.21749e+07
27  36  1.69042e+07
27  37  2.36596e+07
27  38  2.78102e+07
27  39  1.77807e+07
27  40  1.57383e+07
27  41  1.84751e+07
27  42  2.57734e+07
27  43  9.98203e+06
27  44  2.04833e+07
27  45  2.58826e+07
27  46  3.36707e+07
27  47  2.32834e+07
27  48  2.27694e+07
27  49  1.22821e+07
27  50  2.1447e+07
28  0  8.40936e+06
28  1  4.17984e+07
28  2  1.74311e+07
28  3  3.05842e+07
28  4  2.4145e+07
28  5  2.7352e+07
28  6  2.1628e+07
28  7  2.01032e+07
28  8  1.84735e+07
28  9  3.06044e+07
28  10  3.92629e+07
28  11  1.56747e+07
28  12  2.57671e+07
28  13  2.365e+07
28  14  1.29542e+07
28  15  2.68536e+07
28  16  2.14446e+07
28  17  2.39902e+07
28  18  2.41375e+07
28  19  2.69571e+07
28  20  2.33407e+07
28  21  2.95268e+07
28  22  2.55577e+07
28  23  2.27488e+07
28  24  1.88594e+07
28  25  1.20035e+07
28  26  3.62744e+07
28  27  3.1443e+07
28  28  4.08732e+07
28  29  2.69301e+07
28  30  2.67488e+07
28  31  1.89824e+07
28  32  2.72937e+07
28  33  1.6301e+07
28  34  2.18213e+07
28  35  2.49449e+07
28  36  1.47794e+07
28  37  1.92954e+07
28  38  3.27156e+07
28  39  9.26294e+06
28  40  2.07568e+07
28  41  4.32898e+06
28  42  2.37683e+07
28  43  1.56178e+07
28  44  1.5035e+07
28  45  2.681e+07
28  46  2.3199e+07
28  47  2.14928e+07
28  48  2.61543e+07
28  49  1.80322e+07
28  50  3.38718e+07
29  0  2.05039e+07
29  1  1.99021e+07
29  2  1.24463e+07
29  3  2.19787e+07
29  4  2.19508e+07
29  5  1.74013e+07
29  6  2.34952e+07
29  7  2.43902e+07
29  8  2.52523e+07
29  9  2.10282e+07
29  10  2.8951e+07
29  11  2.41706e+07
29  12  2.42792e+07
29  13  1.58241e+07
29  14  2.83452e+07
29  15  2.77293e+07
29  16  2.933e+07
29  17  3.95635e+07
29  18  1.8207e+07
29  19  2.38007e+07
29  20  3.04341e+07
29  21  1.96712e+07
29  22  6.96645e+06
29  23  1.55094e+07
29  24  2.70471e+07
29  25  2.0929e+07
29  26  1.7438e+07
29  27  2.90366e+07
29  28  1.43197e+07
29  29  3.41643e+07
29  30  1.91493e+07
29  31  1.79563e+07
29  32  1.73096e+07
29  33  3.83562e+07
29  34  1.74717e+07
29  35  3.87464e+07
29  36  2.6883e+07
29  37  2.44225e+07
29  38  2.83471e+07
29  39  1.97511e+07
29  40  3.06927e+07
29  41  1.98106e+07
29  42  1.83121e+07
29  43  1.41492e+07
29  44  2.469e+07
29  45  2.60335e+07
29  46  3.55609e+07
29  47  2.31345e+07
29  48  1.69366e+07
29  49  2.80846e+07
29  50  2.35299e+07
30  0  2.71924e+07
30  1  2.9345e+07
30  2  1.7426e+07
30  3  1.26456e+07
30  4  1.61777e+07
30  5  1.92789e+07
30  6  2.19427e+07
30  7  2.3674e+07
30  8  2.06654e+07
30  9  1.94564e+07
30  10  2.23324e+07
30  11  2.45503e+07
30  12  1.97163e+07
30  13  1.67581e+07
30  14  1.16379e+07
30  15  2.27977e+07
30  16  1.95201e+07
30  17  1.997e+07
30  18  1.72341e+07
30  19  2.87637e+07
30  20  1.16285e+07
30  21  2.08298e+07
30  22  1.94608e+07
30  23  2.866e+07
30  24  2.26816e+07
30  25  3.72187e+07
30  26  2.35411e+07
30  27  2.58858e+07
30  28  1.70038e+07
30  29  3.98888e+07
30  30  2.15634e+07
30  31  2.57134e+07
30  32  1.85855e+07
30  33  1.89671e+07
30  34  3.53908e+07
30  35  3.1394e+07
30  36  3.07836e+07
30  37  1.02121e+07
30  38  9.8945e+06
30  39  2.42209e+07
30  40  3.18037e+07
30  41  1.96224e+07
30  42  2.64511e+07
30  43  2.39934e+06
30  44  1.15036e+07
30  45  2.95486e+07
30  46  1.71498e+07
30  47  9.99724e+06
30  48  1.75646e+07
30  49  2.30292e+07
30  50  2.69782e+07
31  0  1.66593e+07
31  1  1.93334e+07
31  2  1.6625e+07
31  3  3.14622e+07
31  4  1.71672e+07
31  5  2.85576e+07
31  6  1.38122e+07
31  7  2.19983e+07
31  8  3.33931e+07
31  9  1.8267e+07
31  10  1.88725e+07
31  11  1.75823e+07
31  12  1.03772e+07
31  13  2.2165e+07
31  14  2.21221e+07
31  15  1.75646e+07
31  16  9.2912e+06
31  17  3.73446e+07
31  18  2.63413e+07
31  19  4.15469e+07
31  20  2.29657e+07
31  21  1.81572e+07
31  22  2.72547e+07
31  23  1.61983e+07
31  24  1.63586e+07
31  25  1.99513e+07
31  26  6.37719e+06
31  27  3.95609e+07
31  28  2.89272e+07
31  29  2.99303e+07
31  30  1.9361e+07
31  31  2.33824e+07
31  32  2.63817e+07
31  33  1.37599e+07
31  34  3.3336e+07
31  35  2.3628e+07
31  36  2.01697e+07
31  37  2.05239e+07
31  38  1.93767e+07
31  39  1.63681e+07
31  40  2.42723e+07
31  41  3.61004e+07
31  42  2.60166e+07
31  43  1.15247e+07
31  44  1.71289e+07
31  45  2.00369e+07
31  46  3.425e+07
31  47  3.36924e+07
31  48  1.88167e+07
31  49  8.0796e+06
31  50  2.877e+07
32  0  2.75781e+07
32  1  2.37087e+07
32  2  1.78628e+07
32  3  1.95013e+07
32  4  1.95454e+07
32  5  1.14807e+07
32  6  1.31768e+07
32  7  2.33501e+07
32  8  2.30416e+07
32  9  2.01753e+07
32  10  1.72752e+07
32  11  1.70603e+07
32  12  2.13602e+07
32  13  2.64959e+07
32  14  2.52194e+07
32  15  1.47802e+07
32  16  2.68886e+07
32  17  2.1196e+07
32  18  1.9927e+07
32  19  2.51363e+07
32  20  8.71997e+06
32  21  3.12579e+07
32  22  1.77506e+07
32  23  1.97267e+07
32  24  2.38872e+07
32  25  2.09345e+07
32  26  2.47629e+07
32  27  1.06243e+07
32  28  2.0902e+07
32  29  2.22024e+07
32  30  1.5187e+07
32  31  2.77965e+07
32  32  2.4708e+07
32  33  2.81859e+07
32  34  2.75399e+07
32  35  2.96379e+07
32  36  1.48276e+07
32  37  1.36637e+07
32  38  3.83723e+07
32  39  2.00626e+07
32  40  2.20423e+07
32  41  2.10297e+07
32  42  1.59181e+07
32  43  1.6824e+07
32  44  3.15621e+07
32  45  1.35896e+07
32  46  2.65831e+07
32  47  3.23549e+07
32  48  2.37761e+07
32  49  2.16431e+07
32  50  1.61978e+07
33  0  5.2052e+06
33  1  2.84325e+07
33  2  1.47281e+07
33  3  2.42179e+07
33  4  2.45504e+07
33  5  2.6887e+07
33  6  2.6769e+07
33  7  1.92351e+07
33  8  1.88645e+07
33  9  2.8523e+07
33  10  2.62681e+07
33  11  2.57608e+07
33  12  2.3515e+07
33  13  1.75409e+07
33  14  2.9984e+07
33  15  2.96837e+07
33  16  1.6478e+07
33  17  1.8978e+07
33  18  2.5825e+07
33  19  2.28735e+07
33  20  1.55196e+07
33  21  3.19564e+07
33  22  2.62279e+07
33  23  1.30385e+07
33  24  2.80829e+07
33  25  2.29113e+07
33  26  2.94738e+07
33  27  3.06056e+07
33  28  2.04204e+07
33  29  3.54531e+07
33  30  3.09705e+07
33  31  1.75151e+07
33  32  2.5746e+07
33  33  2.49515e+07
33  34  1.42709e+07
33  35  1.70979e+07
33  36  1.68857e+07
33  37  2.04804e+07
33  38  2.06595e+07
33  39  2.27461e+07
33  40  2.80121e+07
33  41  2.47274e+07
33  42  1.54732e+07
33  43  1.3557e+07
33  44  2.8405e+07
33  45  3.20717e+07
33  46  3.45343e+07
33  47  2.05846e+07
33  48  2.02707e+07
33  49  2.75234e+07
33  50  1.7857e+07
34  0  1.11038e+07
34  1  7.30163e+06
34  2  9.9131e+06
34  3  2.13115e+07
34  4  2.90187e+07
34  5  2.03186e+07
34  6  2.16731e+07
34  7  2.29471e+07
34  8  3.0914e+07
34  9  1.38004e+07
34  10  2.74612e+07
34  11  3.29664e+07
34  12  2.83779e+07
34  13  1.66297e+07
34  14  2.44436e+07
34  15  2.48867e+07
34  16  1.72131e+07
34  17  3.05844e+07
34  18  2.76715e+07
34  19  2.35874e+07
34  20  1.48893e+07
34  21  3.29474e+07
34  22  2.38061e+07
34  23  1.73612e+07
34  24  1.86125e+07
34  25  2.92856e+07
34  26  2.26213e+07
34  27  2.76963e+07
34  28  4.01987e+07
34  29  3.65081e+07
34  30  2.36464e+07
34  31  2.66673e+07
34  32  2.64196e+07
34  33  1.47906e+07
34  34  3.22812e+07
34  35  3.06021e+07
34  36  2.35994e+07
34  37  3.11273e+07
34  38  2.28577e+07
34  39  2.2064e+07
34  40  1.73811e+07
34  41  2.44646e+07
34  42  2.47993e+07
34  43  2.42928e+07
34  44  3.79517e+07
34  45  1.17916e+07
34  46  2.11919e+07
34  47  2.76839e+07
34  48  1.46366e+07
34  49  1.75123e+07
34  50  2.6724e+07
35  0  2.50229e+07
35  1  1.58454e+07
35  2  1.65333e+07
35  3  1.50107e+07
35  4  9.80423e+06
35  5  2.25168e+07
35  6  1.99302e+07
35  7  2.07062e+07
35  8  2.28633e+07
35  9  2.41158e+07
35  10  1.07678e+07
35  11  3.05752e+07
35  12  1.54512e+07
35  13  1.92535e+07
35  14  1.12858e+07
35  15  1.56966e+07
35  16  3.54243e+07
35  17  1.78991e+07
35  18  2.99002e+07
35  19  8.91878e+06
35  20  2.70794e+07
35  21  1.94888e+07
35  22  2.10324e+07
35  23  1.41507e+07
35  24  1.89196e+07
35  25  1.92246e+07
35  26  1.76442e+07
35  27  3.03335e+07
35  28  2.33221e+07
35  29  1.75326e+07
35  30  2.58954e+07
35  31  3.41527e+07
35  32  1.84821e+07
35  33  2.55311e+07
35  34  2.20244e+07
35  35  2.26116e+07
35  36  1.6329e+07
35  37  2.86407e+07
35  38  3.14343e+07
35  39  2.41478e+07
35  40  3.72564e+07
35  41  1.99195e+07
35  42  2.01329e+07
35  43  2.75834e+07
35  44  2.06692e+07
35  45  3.40744e+07
35  46  2.2089e+07
35  47  2.10954e+07
35  48  1.5746e+07
35  49  2.56524e+07
35  50  2.48243e+07
36  0  2.69877e+07
36  1  2.60926e+07
36  2  2.23599e+07
36  3  2.80924e+07
36  4  1.49636e+07
36  5  1.9755e+07
36  6  1.66042e+07
36  7  2.85012e+07
36  8  2.42332e+07
36  9  2.42015e+07
36  10  1.81056e+07
36  11  3.1399e+07
36  12  2.05938e+07
36  13  1.61096e+07
36  14  2.53206e+07
36  15  1.31657e+07
36  16  1.74321e+07
36  17  2.37929e+07
36  18  1.41494e+07
36  19  1.28412e+07
36  20  1.32451e+07
36  21  2.93099e+07
36  22  1.66317e+07
36  23  3.23225e+07
36  24  1.58937e+07
36  25  3.62495e+07
36  26  2.94986e+07
36  27  1.76348e+07
36  28  1.51368e+07
36  29  1.45254e+07
36  30  2.17434e+07
36  31  4.18083e+07
36  32  3.99142e+07
36  33  3.08165e+07
36  34  9.53385e+06
36  35  3.47363e+07
36  36  4.81583e+07
36  37  1.17824e+07
36  38  3.36107e+07
36  39  2.69319e+07
36  40  1.9672e+07
36  41  8.7147e+06
36  42  1.81316e+07
36  43  9.28713e+06
36  44  1.76034e+07
36  45  1.45054e+07
36  46  3.44557e+07
36  47  2.15706e+07
36  48  1.17037e+07
36  49  3.25712e+07
36  50  1.91437e+07
37  0  3.33379e+07
37  1  2.09028e+07
37  2  9.51626e+06
37  3  1.88912e+07
37  4  1.5762e+07
37  5  3.32886e+07
37  6  2.01292e+07
37  7  1.42175e+07
37  8  1.94535e+07
37  9  2.52147e+07
37  10  1.84645e+07
37  11  1.65368e+07
37  12  2.10884e+07
37  13  2.45071e+07
37  14  2.84178e+07
37  15  1.43461e+07
37  16  1.40742e+07
37  17  1.95954e+07
37  18  2.42375e+07
37  19  2.4058e+07
37  20  9.82457e+06
37  21  9.39292e+06
37  22  2.19737e+07
37  23  2.79975e+07
37  24  3.20538e+07
37  25  2.29874e+07
37  26  2.8652e+07
37  27  3.49667e+07
37  28  2.68779e+07
37  29  3.16174e+07
37  30  2.70296e+07
37  31  1.72194e+07
37  32  2.52525e+07
37  33  1.8602e+07
37  34  2.64094e+07
37  35  1.04703e+07
37  36  1.52374e+07
37  37  1.22246e+07
37  38  5.96102e+06
37  39  3.39758e+07
37  40  2.03983e+07
37  41  6.0986e+06
37  42  3.66393e+07
37  43  1.68383e+07
37  44  1.73713e+07
37  45  2.25201e+07
37  46  2.41472e+07
37  47  3.82781e+07
37  48  2.70227e+07
37  49  2.82873e+07
37  50  3.43478e+07
38  0  1.15835e+07
38  1  2.01603e+07
38  2  2.35512e+07
38  3  3.98553e+06
38  4  2.34281e+07
38  5  1.64266e+07
38  6  2.30012e+07
38  7  1.04527e+07
38  8  1.7559e+07
38  9  2.12819e+07
38  10  3.22077e+07
38  11  2.75703e+07
38  12  3.50715e+07
38  13  1.62632e+07
38  14  1.99732e+07
38  15  2.93848e+07
38  16  2.55711e+07
38  17  1.67666e+07
38  18  2.6042e+07
38  19  3.24044e+07
38  20  9.52694e+06
38  21  2.43277e+07
38  22  2.52168e+07
38  23  3.14095e+07
38  24  2.94421e+07
38  25  1.90215e+07
38  26  2.72646e+07
38  27  2.81576e+07
38  28  2.38304e+07
38  29  1.26633e+07
38  30  1.71916e+07
38  31  3.42915e+07
38  32  2.02784e+07
38  33  4.2039e+07
38  34  3.46451e+07
38  35  1.65225e+07
38  36  2.28957e+07
38  37  3.09541e+07
38  38  4.11422e+07
38  39  2.85395e+07
38  40  2.68981e+07
38  41  2.89097e+07
38  42  3.1972e+07
38  43  2.58056e+07
38  44  3.80424e+07
38  45  2.50758e+07
38  46  2.96671e+07
38  47  1.83181e+07
38  48  1.48191e+07
38  49  2.61454e+07
38  50  3.43241e+07
39  0  1.41889e+07
39  1  3.09564e+07
39  2  2.43392e+07
39  3  2.01469e+07
39  4  1.02643e+07
39  5  2.5896e+07
39  6  3.50689e+07
39  7  2.03052e+07
39  8  1.7782e+07
39  9  9.59614e+06
39  10  2.69814e+07
39  11  1.50756e+07
39  12  2.06687e+07
39  13  1.49501e+07
39  14  2.01514e+07
39  15  1.25283e+07
39  16  1.82253e+07
39  17  1.70186e+07
39  18  1.44092e+07
39  19  2.73185e+07
39  20  1.84545e+07
39  21  1.39938e+07
39  22  2.99384e+07
39  23  4.815e+07
39  24  4.05746e+06
39  25  2.81235e+07
39  26  3.26414e+07
39  27  9.67215e+06
39  28  1.8319e+07
39  29  1.46464e+07
39  30  3.31146e+07
39  31  2.83412e+07
39  32  2.77063e+07
39  33  2.64929e+07
39  34  1.01884e+07
39  35  2.20063e+07
39  36  1.9677e+07
39  37  3.01245e+07
39  38  1.85126e+07
39  39  1.7223e+07
39  40  2.53731e+07
39  41  8.00676e+06
39  42  2.62761e+07
39  43  1.69413e+07
39  44  3.51151e+07
39  45  1.03792e+07
39  46  2.81935e+07
39  47  2.47545e+07
39  48  2.81012e+07
39  49  1.30775e+07
39  50  3.37197e+07
40  0  1.25613e+07
40  1  2.73087e+07
40  2  1.83831e+07
40  3  1.41719e+07
40  4  2.11773e+07
40  5  1.81182e+07
40  6  1.58951e+07
40  7  2.36986e+07
40  8  2.43082e+07
40  9  3.20215e+07
40  10  2.15339e+07
40  11  1.97991e+07
40  12  1.45254e+07
40  13  2.61827e+07
40  14  3.53879e+07
40  15  2.28414e+07
40  16  2.83897e+07
40  17  1.36967e+07
40  18  2.64185e+07
40  19  1.88128e+07
40  20  2.11871e+07
40  21  2.20624e+07
40  22  2.289e+07
40  23  2.84196e+07
40  24  1.69594e+07
40  25  3.12452e+07
40  26  3.40159e+07
40  27  2.93619e+07
40  28  2.3346e+07
40  29  1.76832e+07
40  30  2.46351e+07
40  31  1.80835e+07
40  32  4.31468e+07
40  33  2.23318e+07
40  34  2.80865e+07
40  35  3.33254e+07
40  36  1.08013e+07
40  37  2.79212e+07
40  38  1.69695e+07
40  39  5.62842e+06
40  40  1.69594e+07
40  41  2.53567e+07
40  42  2.27731e+07
40  43  2.78978e+07
40  44  1.69041e+07
40  45  2.41621e+07
40  46  2.44939e+07
40  47  2.35214e+07
40  48  3.32255e+07
40  49  3.36479e+07
40  50  1.94379e+07
41  0  2.11949e+07
41  1  2.58029e+07
41  2  4.9567e+06
41  3  2.22314e+07
41  4  2.9186e+07
41  5  1.32254e+07
41  6  2.77758e+07
41  7  2.23608e+07
41  8  2.88971e+07
41  9  2.10137e+07
41  10  1.69309e+07
41  11  2.20834e+07
41  12  3.1744e+07
41  13  8.98899e+06
41  14  1.50725e+07
41  15  1.77414e+07
41  16  3.70107e+07
41  17  2.54356e+07
41  18  1.39091e+07
41  19  7.6159e+06
41  20  2.0858e+07
41  21  2.40675e+07
41  22  4.73137e+07
41  23  2.04937e+07
41  24  7.10041e+06
41  25  2.88768e+07
41  26  1.25959e+07
41  27  2.58814e+07
41  28  3.67781e+07
41  29  1.83452e+07
41  30  2.96363e+07
41  31  1.17545e+07
41  32  2.30354e+07
41  33  3.34165e+07
41  34  2.6944e+07
41  35  2.36537e+07
41  36  3.50613e+07
41  37  3.44866e+07
41  38  2.22935e+07
41  39  2.69434e+07
41  40  2.83374e+07
41  41  1.89893e+07
41  42  2.97967e+07
41  43  2.54192e+07
41  44  3.71112e+07
41  45  2.18262e+07
41  46  1.2583e+07
41  47  2.04132e+07
41  48  2.3299e+07
41  49  1.81466e+07
41  50  1.00215e+07
42  0  1.89106e+07
42  1  3.20041e+07
42  2  2.23047e+07
42  3  9.03203e+06
42  4  2.55015e+07
42  5  2.88382e+07
42  6  1.74903e+07
42  7  2.95617e+07
42  8  1.82673e+07
42  9  2.27513e+07
42  10  2.77283e+07
42  11  2.50624e+07
42  12  2.52135e+07
42  13  3.15453e+07
42  14  1.04336e+07
42  15  2.20127e+07
42  16  1.7087e+07
42  17  2.94804e+07
42  18  2.85427e+07
42  19  1.35847e+07
42  20  2.72589e+07
42  21  1.88563e+07
42  22  2.37614e+07
42  23  2.41135e+07
42  24  1.38231e+07
42  25  2.35692e+07
42  26  2.37988e+07
42  27  2.07054e+07
42  28  3.18079e+07
42  29  1.89887e+07
42  30  1.82271e+07
42  31  2.04585e+07
42  32  2.76903e+07
42  33  3.11546e+07
42  34  1.98936e+07
42  35  1.56138e+07
42  36  2.60059e+07
42  37  2.90448e+07
42  38  2.10284e+07
42  39  3.21748e+07
42  40  2.90346e+07
42  41  1.69223e+07
42  42  2.12676e+07
42  43  2.89546e+07
42  44  2.45243e+07
42  45  2.31403e+07
42  46  1.7941e+07
42  47  2.15122e+07
42  48  2.26947e+07
42  49  1.45001e+07
42  50  1.81205e+07
43  0  1.5709e+07
43  1  2.31413e+07
43  2  2.57258e+07
43  3  2.68439e+07
43  4  2.37298e+07
43  5  1.30174e+07
43  6  1.63457e+07
43  7  2.44848e+07
43  8  2.18326e+07
43  9  2.14783e+07
43  10  2.4705e+07
43  11  1.59241e+07
43  12  1.5372e+07
43  13  2.82993e+07
43  14  3.24009e+07
43  15  1.81549e+07
43  16  2.06236e+07
43  17  9.44046e+06
43  18  3.12774e+07
43  19  1.90723e+07
43  20  2.12298e+07
43  21  1.38166e+07
43  22  3.14065e+07
43  23  2.20095e+07
43  24  2.99202e+07
43  25  2.69466e+07
43  26  1.20731e+07
43  27  2.07922e+07
43  28  2.99448e+07
43  29  2.39493e+07
43  30  2.96915e+07
43  31  1.83833e+07
43  32  3.3593e+07
43  33  3.10932e+07
43  34  3.50465e+07
43  35  2.80281e+07
43  36  1.36016e+07
43  37  3.44417e+07
43  38  2.72614e+07
43  39  1.39161e+07
43  40  2.86976e+07
43  41  2.35105e+07
43  42  2.59578e+07
43  43  2.43631e+07
43  44  2.2598e+07
43  45  3.42849e+07
43  46  2.72731e+07
43  47  2.09221e+07
43  48  3.40351e+07
43  49  3.98792e+07
43  50  1.84639e+07
44  0  1.50567e+07
44  1  1.81442e+07
44  2  2.40428e+07
44  3  1.50025e+07
44  4  2.60648e+07
44  5  1.06486e+07
44  6  1.01691e+07
44  7  2.63862e+07
44  8  1.62718e+07
44  9  4.06922e+07
44  10  1.70395e+07
44  11  2.48495e+07
44  12  1.92449e+07
44  13  2.8652e+07
44  14  2.79557e+07
44  15  2.02873e+07
44  16  3.17163e+07
44  17  2.82512e+07
44  18  2.13798e+07
44  19  1.43585e+07
44  20  1.87803e+07
44  21  2.76157e+07
44  22  2.74036e+07
44  23  3.16157e+07
44  24  2.6091e+07
44  25  2.19195e+07
44  26  1.61721e+07
44  27  3.12441e+07
44  28  2.3981e+07
44  29  2.60772e+07
44  30  4.1713e+07
44  31  3.88027e+07
44  32  1.84283e+07
44  33  1.95312e+07
44  34  3.22925e+07
44  35  1.20243e+07
44  36  1.22782e+07
44  37  3.12066e+07
44  38  1.7817e+07
44  39  1.91902e+07
44  40  1.95453e+07
44  41  2.84348e+07
44  42  2.98135e+07
44  43  1.46389e+07
44  44  1.90413e+07
44  45  2.31828e+07
44  46  1.51388e+07
44  47  2.13426e+07
44  48  1.71789e+07
44  49  2.35311e+07
44  50  2.88986e+07
45  0  2.01491e+07
45  1  2.35655e+07
45  2  1.50539e+07
45  3  2.06803e+07
45  4  2.15828e+07
45  5  1.41166e+07
45  6  1.7907e+07
45  7  2.24516e+07
45  8  2.12822e+07
45  9  1.34912e+07
45  10  3.02164e+07
45  11  5.69794e+06
45  12  2.42143e+07
45  13  2.69166e+07
45  14  2.63971e+07
45  15  3.1699e+07
45  16  3.25284e+07
45  17  2.91961e+07
45  18  2.40466e+07
45  19  1.27713e+07
45  20  1.19146e+07
45  21  3.75081e+07
45  22  2.38541e+07
45  23  1.4767e+07
45  24  2.06587e+07
45  25  2.92085e+07
45  26  3.30755e+07
45  27  2.9435e+07
45  28  3.18859e+07
45  29  1.80626e+07
45  30  4.93785e+07
45  31  2.14694e+07
45  32  2.05651e+07
45  33  2.29721e+07
45  34  1.92799e+07
45  35  1.55089e+07
45  36  2.80017e+07
45  37  3.22856e+07
45  38  2.20239e+07
45  39  3.44086e+07
45  40  3.22153e+07
45  41  3.43129e+07
45  42  2.73285e+07
45  43  2.38164e+07
45  44  1.40932e+07
45  45  1.88573e+07
45  46  2.98075e+07
45  47  2.02455e+07
45  48  1.87543e+07
45  49  1.39663e+07
45  50  1.91292e+07

