row  column  (images_31.edf Cu-K*images_31.edf Ar-K**2.3)
0  0  5.84112e+07
0  1  0
0  2  217309
0  3  0
0  4  7.55476e+06
0  5  2.03638e+07
0  6  1.96845e+07
0  7  2.862e+06
0  8  213024
0  9  2.61823e+07
0  10  1.77519e+07
0  11  2.63803e+06
0  12  7.08095e+06
0  13  1.31416e+07
0  14  2.09339e+07
0  15  8.1853e+06
0  16  2.43794e+07
0  17  2.2417e+07
0  18  1.20118e+07
0  19  2.49181e+07
0  20  1.26644e+07
0  21  2.31154e+07
0  22  1.20415e+07
0  23  2.87678e+06
0  24  1.13388e+06
0  25  1.77398e+07
0  26  8.19758e+06
0  27  5.55282e+06
0  28  7.6586e+06
0  29  3.38703e+07
0  30  4.71344e+06
0  31  7.76504e+06
0  32  8.35297e+06
0  33  1.19938e+07
0  34  8.57006e+06
0  35  801522
0  36  2.80734e+06
0  37  1.26351e+07
0  38  2.89607e+06
0  39  3.7848e+07
0  40  2.17989e+07
0  41  1.04429e+07
0  42  1.45027e+07
0  43  1.61011e+07
0  44  1.21851e+07
0  45  3.30143e+07
0  46  4.0878e+06
0  47  1.09425e+07
0  48  0
0  49  1.27993e+07
0  50  1.14023e+07
1  0  5.56291e+07
1  1  0
1  2  9.6705e+06
1  3  1.25778e+07
1  4  1.21349e+07
1  5  2.80922e+07
1  6  4.79593e+06
1  7  1.38074e+07
1  8  9.82052e+06
1  9  2.61504e+07
1  10  2.20822e+07
1  11  2.43681e+07
1  12  1.70289e+07
1  13  5.68032e+06
1  14  2.56968e+07
1  15  1.99123e+07
1  16  2.29097e+07
1  17  1.64678e+07
1  18  2.2931e+07
1  19  1.73853e+07
1  20  2.98037e+07
1  21  1.34633e+07
1  22  2.9653e+07
1  23  1.98465e+07
1  24  2.03315e+07
1  25  1.11636e+07
1  26  1.85374e+07
1  27  9.79987e+06
1  28  1.4808e+07
1  29  1.80276e+07
1  30  2.15707e+06
1  31  2.23988e+07
1  32  1.62408e+07
1  33  0
1  34  2.98643e+07
1  35  4.95711e+06
1  36  2.34032e+07
1  37  9.29382e+06
1  38  7.49588e+06
1  39  3.83405e+07
1  40  1.45382e+07
1  41  3.85992e+07
1  42  2.02274e+06
1  43  2.72404e+07
1  44  5.98976e+06
1  45  1.58983e+07
1  46  1.47275e+07
1  47  9.68399e+06
1  48  8.98752e+06
1  49  5.8457e+06
1  50  1.02963e+07
2  0  6.06434e+07
2  1  0
2  2  1.04909e+07
2  3  9.7735e+06
2  4  2.52948e+07
2  5  2.0458e+07
2  6  0
2  7  1.50702e+07
2  8  2.88877e+07
2  9  5.62332e+06
2  10  9.31212e+06
2  11  4.85803e+06
2  12  9.21579e+06
2  13  2.17527e+07
2  14  1.78119e+07
2  15  1.42229e+07
2  16  1.45294e+07
2  17  2.86503e+07
2  18  1.96922e+07
2  19  1.92789e+07
2  20  2.46723e+07
2  21  3.22756e+07
2  22  6.64756e+06
2  23  1.96565e+07
2  24  2.09003e+07
2  25  1.69677e+07
2  26  1.7288e+07
2  27  1.38609e+07
2  28  1.20389e+07
2  29  7.7436e+06
2  30  2.45578e+07
2  31  2.15132e+07
2  32  1.29379e+07
2  33  7.79516e+06
2  34  3.42222e+07
2  35  2.63357e+07
2  36  9.89261e+06
2  37  3.85537e+06
2  38  1.27603e+07
2  39  1.5384e+07
2  40  3.21968e+07
2  41  3.88999e+07
2  42  1.59776e+07
2  43  1.59608e+07
2  44  2.88323e+07
2  45  1.26048e+07
2  46  1.95601e+07
2  47  2.34699e+07
2  48  5.7244e+06
2  49  2.78429e+06
2  50  2.09193e+07
3  0  3.27084e+07
3  1  0
3  2  1.31202e+07
3  3  0
3  4  1.517e+07
3  5  2.37575e+07
3  6  1.91785e+07
3  7  1.18879e+07
3  8  3.09718e+07
3  9  1.04765e+07
3  10  1.70739e+07
3  11  2.06709e+07
3  12  4.89226e+06
3  13  2.13363e+07
3  14  1.95599e+07
3  15  3.36808e+07
3  16  2.25109e+07
3  17  3.33442e+07
3  18  1.89303e+07
3  19  1.59497e+07
3  20  1.54642e+07
3  21  3.38331e+07
3  22  2.73534e+07
3  23  1.34123e+07
3  24  2.70786e+07
3  25  1.59201e+07
3  26  1.03459e+07
3  27  1.73793e+07
3  28  5.67924e+06
3  29  7.08017e+06
3  30  1.05277e+07
3  31  1.72171e+07
3  32  1.28249e+07
3  33  6.96381e+06
3  34  8.74592e+06
3  35  2.21051e+07
3  36  1.18127e+07
3  37  5.19598e+06
3  38  1.65003e+07
3  39  2.71258e+07
3  40  2.05125e+07
3  41  3.65098e+07
3  42  8.78889e+06
3  43  1.64161e+07
3  44  3.04037e+07
3  45  3.9836e+06
3  46  6.92959e+06
3  47  1.12171e+07
3  48  1.69242e+07
3  49  9.27634e+06
3  50  0
4  0  3.36014e+07
4  1  8.45629e+06
4  2  3.36572e+06
4  3  1.80865e+07
4  4  1.57765e+07
4  5  1.59073e+07
4  6  2.0862e+07
4  7  1.63048e+07
4  8  1.5675e+07
4  9  3.7582e+07
4  10  9.83277e+06
4  11  1.50816e+07
4  12  2.11065e+07
4  13  1.17878e+07
4  14  1.19357e+07
4  15  1.5309e+07
4  16  1.74328e+07
4  17  1.26299e+07
4  18  3.00215e+07
4  19  3.60236e+07
4  20  1.18785e+07
4  21  2.98284e+07
4  22  1.48397e+06
4  23  1.98669e+07
4  24  1.99214e+07
4  25  2.05729e+07
4  26  1.53852e+07
4  27  5.74307e+06
4  28  2.29621e+07
4  29  3.44244e+07
4  30  2.74141e+07
4  31  0
4  32  1.80078e+07
4  33  1.27409e+07
4  34  1.30935e+07
4  35  2.45082e+07
4  36  1.30899e+06
4  37  2.20014e+07
4  38  2.67487e+07
4  39  2.33574e+07
4  40  2.03923e+07
4  41  1.17447e+07
4  42  1.28257e+07
4  43  1.13922e+07
4  44  1.85496e+07
4  45  1.92617e+07
4  46  1.44866e+07
4  47  105803
4  48  7.55596e+06
4  49  1.35106e+07
4  50  1.03558e+07
5  0  3.28739e+07
5  1  9.67995e+06
5  2  1.34506e+07
5  3  0
5  4  6.71598e+06
5  5  2.5104e+07
5  6  1.66832e+07
5  7  2.85276e+07
5  8  8.51809e+06
5  9  8.71164e+06
5  10  7.08714e+06
5  11  2.15125e+07
5  12  1.65516e+07
5  13  2.79094e+07
5  14  1.38761e+07
5  15  2.10189e+07
5  16  1.07079e+07
5  17  1.46108e+07
5  18  4.12067e+07
5  19  1.94141e+07
5  20  2.20068e+07
5  21  2.00445e+07
5  22  2.16079e+07
5  23  2.50487e+07
5  24  8.4187e+06
5  25  2.25347e+07
5  26  0
5  27  8.4608e+06
5  28  1.13604e+07
5  29  0
5  30  9.48444e+06
5  31  2.05585e+07
5  32  4.33351e+06
5  33  1.76662e+07
5  34  3.13007e+06
5  35  7.47459e+06
5  36  1.07679e+06
5  37  0
5  38  2.78283e+07
5  39  2.78685e+07
5  40  1.48801e+07
5  41  3.49566e+07
5  42  3.51137e+07
5  43  9.96369e+06
5  44  1.04485e+07
5  45  2.55785e+06
5  46  1.2127e+06
5  47  1.71523e+07
5  48  1.68725e+07
5  49  1.27493e+07
5  50  3.0954e+06
6  0  7.54995e+06
6  1  2.11609e+07
6  2  2.11624e+07
6  3  2.05783e+07
6  4  7.54355e+06
6  5  4.57008e+06
6  6  1.04689e+07
6  7  1.49136e+07
6  8  1.81969e+07
6  9  1.14082e+07
6  10  1.20275e+07
6  11  1.98071e+07
6  12  7.2955e+06
6  13  3.1714e+07
6  14  1.67982e+07
6  15  2.51009e+07
6  16  8.19005e+06
6  17  2.31234e+07
6  18  3.08882e+07
6  19  1.76433e+07
6  20  2.46586e+07
6  21  1.14362e+07
6  22  1.51297e+07
6  23  2.97061e+07
6  24  1.76954e+07
6  25  1.39426e+07
6  26  1.60581e+07
6  27  1.11518e+07
6  28  9.93633e+06
6  29  2.48624e+06
6  30  1.80273e+07
6  31  3.71974e+06
6  32  2.70423e+07
6  33  2.55875e+07
6  34  1.53853e+07
6  35  0
6  36  1.46226e+07
6  37  2.42417e+07
6  38  4.13705e+06
6  39  1.36392e+07
6  40  1.22203e+07
6  41  2.66122e+07
6  42  2.64015e+07
6  43  1.34611e+07
6  44  7.21742e+06
6  45  1.88883e+07
6  46  6.39419e+06
6  47  2.10103e+06
6  48  1.31854e+07
6  49  1.30724e+07
6  50  1.02739e+07
7  0  1.85395e+07
7  1  2.93139e+07
7  2  1.20336e+07
7  3  6.11759e+06
7  4  1.74076e+06
7  5  1.96175e+07
7  6  2.11034e+07
7  7  1.64716e+07
7  8  2.27555e+07
7  9  1.39183e+07
7  10  1.25127e+07
7  11  2.22107e+06
7  12  3.2121e+07
7  13  1.22992e+07
7  14  2.06709e+07
7  15  1.67618e+07
7  16  1.30053e+07
7  17  8.06763e+06
7  18  2.1419e+07
7  19  2.53703e+07
7  20  1.12445e+07
7  21  1.80169e+07
7  22  2.73381e+07
7  23  1.40463e+07
7  24  1.5154e+07
7  25  1.89373e+07
7  26  1.16436e+07
7  27  1.57779e+07
7  28  6.97779e+06
7  29  9.88238e+06
7  30  2.26304e+07
7  31  0
7  32  8.14567e+06
7  33  1.41079e+07
7  34  1.23111e+07
7  35  4.6049e+06
7  36  8.13012e+06
7  37  0
7  38  1.48085e+07
7  39  9.23003e+06
7  40  5.82815e+06
7  41  2.63813e+06
7  42  1.98611e+07
7  43  1.5369e+07
7  44  3.20585e+07
7  45  8.76911e+06
7  46  0
7  47  2.48469e+07
7  48  1.20675e+07
7  49  1.17485e+07
7  50  1.51464e+07
8  0  1.41805e+07
8  1  2.95576e+07
8  2  3.13664e+07
8  3  8.11013e+06
8  4  1.81145e+07
8  5  1.34072e+07
8  6  1.21122e+07
8  7  1.70152e+07
8  8  2.36628e+07
8  9  2.03669e+07
8  10  3.58232e+07
8  11  2.26251e+07
8  12  1.03724e+07
8  13  1.17376e+07
8  14  1.05438e+07
8  15  1.36967e+07
8  16  2.27639e+07
8  17  1.63961e+07
8  18  1.99487e+07
8  19  5.67106e+06
8  20  1.9015e+07
8  21  1.58897e+07
8  22  6.70399e+06
8  23  1.73872e+07
8  24  1.96188e+07
8  25  1.46272e+07
8  26  2.61419e+07
8  27  1.35009e+07
8  28  2.40265e+07
8  29  1.66522e+07
8  30  3.19055e+07
8  31  1.23951e+07
8  32  1.68125e+07
8  33  6.46111e+06
8  34  2.07429e+07
8  35  1.59679e+07
8  36  3.29364e+06
8  37  0
8  38  2.20797e+07
8  39  3.32166e+07
8  40  2.96792e+07
8  41  1.87173e+07
8  42  2.56923e+07
8  43  1.60648e+07
8  44  0
8  45  3.85675e+06
8  46  3.69227e+06
8  47  1.97603e+07
8  48  1.33766e+07
8  49  1.15355e+07
8  50  2.88109e+06
9  0  3.44549e+07
9  1  1.60611e+07
9  2  1.55135e+07
9  3  0
9  4  1.96253e+07
9  5  1.19772e+07
9  6  3.6509e+07
9  7  1.59584e+07
9  8  2.44586e+07
9  9  7.09318e+06
9  10  1.68541e+07
9  11  2.30898e+07
9  12  2.49514e+07
9  13  5.93728e+06
9  14  1.37848e+07
9  15  1.21103e+07
9  16  2.52331e+06
9  17  1.65696e+06
9  18  1.77029e+07
9  19  6.97379e+06
9  20  1.41166e+07
9  21  2.01384e+07
9  22  2.50064e+07
9  23  1.68565e+07
9  24  1.04228e+07
9  25  6.13209e+06
9  26  9.89075e+06
9  27  2.70526e+07
9  28  5.8145e+06
9  29  1.3008e+07
9  30  2.12432e+07
9  31  1.61217e+07
9  32  1.80713e+07
9  33  1.39162e+07
9  34  9.23505e+06
9  35  3.02081e+07
9  36  1.55272e+07
9  37  2.25279e+07
9  38  0
9  39  1.1917e+07
9  40  1.33477e+07
9  41  2.43457e+06
9  42  2.94215e+06
9  43  2.40983e+07
9  44  7.90661e+06
9  45  1.5369e+06
9  46  2.00045e+07
9  47  0
9  48  1.06904e+07
9  49  0
9  50  6.17726e+06
10  0  1.75391e+07
10  1  2.159e+07
10  2  1.7707e+07
10  3  1.30308e+07
10  4  1.51884e+07
10  5  2.70468e+07
10  6  2.80758e+06
10  7  2.34487e+06
10  8  565286
10  9  8.3116e+06
10  10  2.10566e+07
10  11  7.88698e+06
10  12  1.48559e+07
10  13  1.54716e+07
10  14  2.52356e+07
10  15  1.90652e+06
10  16  1.21643e+07
10  17  1.34943e+07
10  18  6.16213e+06
10  19  2.30981e+07
10  20  2.6526e+07
10  21  1.39694e+07
10  22  7.46345e+06
10  23  3.98462e+06
10  24  2.18441e+07
10  25  1.03941e+07
10  26  1.06498e+07
10  27  1.774e+07
10  28  2.48441e+07
10  29  3.52779e+06
10  30  9.71511e+06
10  31  1.25956e+07
10  32  8.6563e+06
10  33  7.75501e+06
10  34  1.83242e+07
10  35  6.09801e+06
10  36  1.99648e+07
10  37  2.12247e+07
10  38  8.32113e+06
10  39  0
10  40  1.51643e+07
10  41  1.95045e+07
10  42  1.86993e+07
10  43  3.48905e+07
10  44  6.18454e+06
10  45  2.13777e+07
10  46  2.05816e+06
10  47  2.45851e+07
10  48  7.91279e+06
10  49  1.80319e+06
10  50  910752
11  0  4.09719e+07
11  1  7.55765e+06
11  2  1.89261e+07
11  3  2.40626e+07
11  4  8.48887e+06
11  5  1.51377e+07
11  6  8.52677e+06
11  7  1.24111e+07
11  8  6.95075e+06
11  9  1.63143e+07
11  10  0
11  11  6.06261e+06
11  12  7.05751e+06
11  13  1.52645e+07
11  14  689607
11  15  0
11  16  1.10684e+07
11  17  277393
11  18  1.32648e+07
11  19  1.65188e+07
11  20  1.80671e+07
11  21  1.82841e+07
11  22  1.18375e+07
11  23  2.13714e+07
11  24  1.48454e+07
11  25  2.19931e+07
11  26  1.37763e+07
11  27  0
11  28  4.82295e+06
11  29  1.18088e+07
11  30  2.66924e+07
11  31  1.84738e+07
11  32  1.24912e+07
11  33  1.78875e+07
11  34  1.54126e+07
11  35  5.98128e+06
11  36  2.86863e+07
11  37  2.46484e+07
11  38  1.2919e+07
11  39  8.51769e+06
11  40  1.60525e+07
11  41  2.07409e+07
11  42  1.97101e+07
11  43  2.84749e+07
11  44  1.05096e+07
11  45  9.80447e+06
11  46  1.814e+07
11  47  1.79393e+07
11  48  2.55582e+07
11  49  1.24676e+07
11  50  1.32978e+07
12  0  1.27557e+07
12  1  563722
12  2  0
12  3  2.46077e+07
12  4  1.99224e+07
12  5  7.08538e+06
12  6  1.31783e+07
12  7  2.00369e+07
12  8  2.26842e+07
12  9  1.35875e+07
12  10  2.51073e+07
12  11  1.21102e+07
12  12  1.84709e+07
12  13  1.69233e+07
12  14  2.10738e+07
12  15  1.00343e+07
12  16  1.74339e+07
12  17  7.68712e+06
12  18  1.12591e+07
12  19  5.49935e+06
12  20  0
12  21  2.05139e+07
12  22  1.43743e+07
12  23  1.57664e+07
12  24  1.64385e+07
12  25  1.47854e+07
12  26  1.26439e+07
12  27  2.5619e+07
12  28  2.25049e+07
12  29  4.38943e+06
12  30  0
12  31  1.93784e+07
12  32  1.04029e+07
12  33  7.59476e+06
12  34  2.57741e+07
12  35  1.34561e+07
12  36  2.07144e+07
12  37  1.1989e+07
12  38  5.5365e+06
12  39  9.7443e+06
12  40  0
12  41  1.01671e+07
12  42  1.69171e+07
12  43  4.71769e+06
12  44  2.02206e+07
12  45  1.63647e+07
12  46  1.07094e+07
12  47  1.32538e+07
12  48  1.69199e+07
12  49  1.76876e+07
12  50  4.28903e+06
13  0  1.76449e+07
13  1  1.55085e+07
13  2  1.93767e+07
13  3  3.09707e+06
13  4  1.09705e+07
13  5  9.16613e+06
13  6  9.03722e+06
13  7  1.63358e+07
13  8  1.09466e+07
13  9  3.48988e+07
13  10  1.2287e+07
13  11  2.0242e+07
13  12  1.57621e+07
13  13  2.23595e+07
13  14  1.63535e+07
13  15  2.88254e+07
13  16  0
13  17  1.62174e+07
13  18  1.57556e+07
13  19  1.63158e+07
13  20  5.54938e+06
13  21  2.41894e+07
13  22  4.80527e+06
13  23  1.45529e+07
13  24  1.36279e+07
13  25  1.25435e+07
13  26  1.78964e+07
13  27  1.7005e+07
13  28  1.07907e+07
13  29  7.39307e+06
13  30  2.198e+07
13  31  1.46391e+07
13  32  4.121e+07
13  33  1.56937e+07
13  34  1.41582e+07
13  35  1.03388e+07
13  36  1.10815e+07
13  37  3.20427e+06
13  38  1.56409e+07
13  39  1.69197e+06
13  40  0
13  41  3.1834e+06
13  42  1.05256e+07
13  43  2.67269e+07
13  44  4.80602e+06
13  45  0
13  46  672098
13  47  7.06593e+06
13  48  1.06046e+07
13  49  1.78072e+07
13  50  8.593e+06
14  0  2.2615e+07
14  1  1.01549e+07
14  2  2.3998e+07
14  3  1.37232e+07
14  4  2.33543e+07
14  5  9.6376e+06
14  6  6.70385e+06
14  7  0
14  8  2.11523e+07
14  9  9.4126e+06
14  10  1.88759e+07
14  11  1.23406e+07
14  12  1.35827e+07
14  13  7.56512e+06
14  14  2.69262e+07
14  15  1.37103e+07
14  16  2.48953e+07
14  17  1.50902e+07
14  18  4.09329e+06
14  19  7.94684e+06
14  20  248783
14  21  4.59721e+06
14  22  2.29013e+07
14  23  1.30446e+07
14  24  1.09009e+07
14  25  6.97074e+06
14  26  2.03224e+07
14  27  9.00668e+06
14  28  965335
14  29  2.09798e+07
14  30  2.59359e+07
14  31  3.58783e+07
14  32  1.42172e+07
14  33  1.67026e+07
14  34  1.31912e+07
14  35  1.33247e+07
14  36  0
14  37  2.91102e+07
14  38  8.54839e+06
14  39  1.27197e+07
14  40  9.67615e+06
14  41  8.13964e+06
14  42  8.95798e+06
14  43  5.08717e+06
14  44  7.55568e+06
14  45  1.34342e+07
14  46  8.27645e+06
14  47  7.64727e+06
14  48  3.97547e+06
14  49  1.45877e+07
14  50  8.93337e+06
15  0  1.29968e+07
15  1  2.29191e+07
15  2  9.34859e+06
15  3  0
15  4  1.674e+07
15  5  2.12613e+07
15  6  1.90282e+07
15  7  1.66014e+07
15  8  1.0848e+07
15  9  1.5027e+07
15  10  1.94884e+07
15  11  2.08693e+07
15  12  1.05735e+07
15  13  8.05756e+06
15  14  4.81124e+06
15  15  8.58484e+06
15  16  1.47602e+07
15  17  7.61037e+06
15  18  2.23844e+07
15  19  1.03667e+07
15  20  1.2369e+07
15  21  2.415e+06
15  22  0
15  23  1.29259e+07
15  24  1.17005e+07
15  25  9.38911e+06
15  26  2.0194e+07
15  27  2.01858e+07
15  28  9.27839e+06
15  29  1.60872e+07
15  30  1.33097e+07
15  31  3.22582e+07
15  32  3.69655e+07
15  33  6.69355e+06
15  34  1.61122e+07
15  35  1.20376e+07
15  36  0
15  37  8.65433e+06
15  38  2.3258e+07
15  39  1.41653e+07
15  40  3.16977e+07
15  41  6.32568e+06
15  42  7.07251e+06
15  43  9.19097e+06
15  44  2.10977e+07
15  45  1.75553e+07
15  46  4.95528e+06
15  47  1.42184e+06
15  48  1.20449e+07
15  49  1.41207e+07
15  50  0
16  0  2.64507e+07
16  1  1.01424e+07
16  2  2.12519e+07
16  3  1.88244e+07
16  4  8.26964e+06
16  5  1.82253e+07
16  6  1.08948e+07
16  7  2.00638e+07
16  8  5.68923e+06
16  9  2.63171e+07
16  10  2.27518e+06
16  11  2.45955e+07
16  12  1.5366e+07
16  13  2.52732e+07
16  14  0
16  15  8.88855e+06
16  16  4.55677e+06
16  17  238461
16  18  2.27582e+07
16  19  1.09912e+07
16  20  6.2335e+06
16  21  1.28942e+07
16  22  9.12036e+06
16  23  1.4315e+07
16  24  9.53089e+06
16  25  1.77303e+07
16  26  2.5819e+07
16  27  6.17407e+06
16  28  1.88993e+07
16  29  7.36066e+06
16  30  7.99968e+06
16  31  3.96991e+07
16  32  3.0392e+07
16  33  2.49831e+07
16  34  1.42315e+07
16  35  2.94351e+07
16  36  5.91694e+06
16  37  1.48917e+07
16  38  1.6861e+07
16  39  8.86301e+06
16  40  1.27105e+07
16  41  2.09719e+07
16  42  2.65364e+07
16  43  2.39546e+07
16  44  1.35435e+07
16  45  154483
16  46  1.22155e+07
16  47  7.73264e+06
16  48  2.65127e+06
16  49  1.31207e+07
16  50  3.17318e+07
17  0  2.00842e+07
17  1  1.89502e+07
17  2  0
17  3  1.7241e+07
17  4  1.57277e+07
17  5  6.00133e+06
17  6  2.7086e+07
17  7  9.78427e+06
17  8  2.19333e+07
17  9  1.68378e+07
17  10  1.49335e+07
17  11  3.21743e+07
17  12  4.76445e+06
17  13  1.8561e+07
17  14  1.25981e+07
17  15  1.62344e+07
17  16  3.61408e+07
17  17  0
17  18  1.39279e+07
17  19  1.99965e+07
17  20  1.18857e+07
17  21  1.64994e+07
17  22  4.64898e+06
17  23  9.71755e+06
17  24  3.15311e+07
17  25  1.00644e+07
17  26  1.74974e+07
17  27  1.99457e+07
17  28  1.59246e+07
17  29  2.03111e+07
17  30  1.0026e+07
17  31  4.86428e+07
17  32  4.86625e+07
17  33  3.24039e+07
17  34  4.69052e+06
17  35  3.57338e+06
17  36  1.90175e+07
17  37  3.56558e+06
17  38  2.83706e+07
17  39  2.7391e+07
17  40  2.05323e+07
17  41  7.01476e+06
17  42  1.49451e+07
17  43  2.72588e+07
17  44  1.20364e+07
17  45  2.35514e+07
17  46  1.0903e+07
17  47  6.02621e+06
17  48  1.77318e+07
17  49  1.26731e+07
17  50  1.10628e+06
18  0  1.37197e+07
18  1  1.97941e+06
18  2  2.28468e+07
18  3  1.44211e+07
18  4  1.02655e+07
18  5  0
18  6  1.45802e+07
18  7  948019
18  8  2.38773e+07
18  9  1.44461e+07
18  10  9.01239e+06
18  11  1.25192e+07
18  12  1.82559e+07
18  13  1.59371e+07
18  14  539829
18  15  2.35387e+06
18  16  6.02115e+06
18  17  2.1542e+07
18  18  2.21244e+07
18  19  723124
18  20  1.34564e+07
18  21  1.36644e+07
18  22  1.57333e+07
18  23  7.7825e+06
18  24  1.17688e+07
18  25  2.02578e+07
18  26  2.90325e+07
18  27  7.98754e+06
18  28  1.69674e+07
18  29  1.90039e+07
18  30  1.95327e+07
18  31  7.98301e+07
18  32  8.58355e+07
18  33  3.07198e+07
18  34  2.51492e+07
18  35  2.71804e+07
18  36  3.80889e+07
18  37  5.29108e+06
18  38  2.55913e+07
18  39  1.41451e+07
18  40  1.64512e+07
18  41  2.42455e+07
18  42  1.41347e+07
18  43  1.24317e+07
18  44  1.46983e+07
18  45  2.05518e+07
18  46  0
18  47  0
18  48  8.48595e+06
18  49  6.54159e+06
18  50  1.27036e+07
19  0  7.72826e+06
19  1  2.18878e+06
19  2  0
19  3  1.59345e+07
19  4  1.45296e+07
19  5  1.71897e+07
19  6  1.29742e+07
19  7  1.38211e+07
19  8  2.64118e+07
19  9  2.82489e+07
19  10  5.19756e+06
19  11  6.13216e+06
19  12  1.71547e+07
19  13  0
19  14  1.07464e+07
19  15  2.99413e+07
19  16  1.12161e+07
19  17  1.07906e+07
19  18  2.09291e+07
19  19  7.89817e+06
19  20  1.5574e+06
19  21  8.6749e+06
19  22  1.30761e+07
19  23  5.98387e+06
19  24  0
19  25  1.19384e+07
19  26  7.0749e+06
19  27  1.40089e+07
19  28  1.18895e+07
19  29  1.8402e+07
19  30  1.46082e+07
19  31  6.10267e+07
19  32  3.8893e+07
19  33  1.66956e+07
19  34  1.93638e+07
19  35  1.2375e+07
19  36  3.24778e+07
19  37  2.23807e+07
19  38  2.07231e+07
19  39  1.89533e+07
19  40  2.1077e+07
19  41  1.12248e+07
19  42  7.28356e+06
19  43  1.37832e+07
19  44  1.58839e+07
19  45  1.32954e+07
19  46  1.90933e+07
19  47  7.93941e+06
19  48  8.21373e+06
19  49  1.39671e+07
19  50  1.4029e+07
20  0  1.05502e+07
20  1  1.23055e+07
20  2  0
20  3  0
20  4  719699
20  5  1.38722e+07
20  6  7.19816e+06
20  7  7.16201e+06
20  8  1.82431e+07
20  9  2.55722e+07
20  10  4.92703e+06
20  11  2.72629e+07
20  12  2.00246e+07
20  13  1.00599e+07
20  14  1.2514e+07
20  15  1.23902e+07
20  16  1.72219e+06
20  17  3.22214e+07
20  18  2.03223e+07
20  19  6.25698e+06
20  20  3.51921e+06
20  21  0
20  22  1.42039e+07
20  23  1.66301e+07
20  24  4.59748e+06
20  25  1.34265e+07
20  26  1.2742e+07
20  27  1.11396e+07
20  28  1.7246e+07
20  29  8.79533e+06
20  30  1.5152e+07
20  31  3.3127e+07
20  32  4.5394e+07
20  33  3.08215e+07
20  34  1.31108e+07
20  35  1.95604e+07
20  36  2.73615e+07
20  37  2.51206e+07
20  38  3.81174e+06
20  39  2.46993e+07
20  40  2.54612e+07
20  41  2.43913e+07
20  42  1.26739e+07
20  43  1.2403e+07
20  44  3.96179e+07
20  45  0
20  46  5.0379e+06
20  47  3.23617e+07
20  48  1.56733e+07
20  49  1.7567e+06
20  50  1.10197e+07
21  0  9.61406e+06
21  1  9.37586e+06
21  2  3.53868e+06
21  3  0
21  4  1.40433e+07
21  5  8.35569e+06
21  6  8.47252e+06
21  7  1.58963e+07
21  8  1.53663e+07
21  9  1.80113e+07
21  10  4.05663e+07
21  11  2.90184e+07
21  12  1.80729e+07
21  13  8.63917e+06
21  14  9.88522e+06
21  15  1.96906e+07
21  16  2.92829e+07
21  17  2.79748e+07
21  18  0
21  19  0
21  20  2.43748e+07
21  21  1.66402e+07
21  22  1.11003e+07
21  23  7.97382e+06
21  24  1.3306e+07
21  25  352752
21  26  3.50653e+07
21  27  1.79611e+07
21  28  1.34046e+07
21  29  3.3879e+07
21  30  1.00253e+07
21  31  2.33613e+07
21  32  2.64827e+07
21  33  2.71517e+07
21  34  2.20967e+07
21  35  2.98739e+07
21  36  1.35228e+07
21  37  0
21  38  2.44535e+07
21  39  1.71629e+07
21  40  1.90661e+07
21  41  1.08712e+07
21  42  1.78398e+07
21  43  4.1166e+06
21  44  1.92231e+07
21  45  2.42951e+07
21  46  3.12489e+06
21  47  8.06779e+06
21  48  953415
21  49  1.03727e+07
21  50  535411
22  0  75135.5
22  1  2.23091e+07
22  2  1.06357e+07
22  3  2.17395e+07
22  4  2.42786e+07
22  5  1.77673e+07
22  6  2.07409e+07
22  7  7.50769e+06
22  8  1.93519e+07
22  9  1.38931e+07
22  10  2.3112e+07
22  11  1.56476e+07
22  12  1.31705e+07
22  13  1.30326e+07
22  14  9.83239e+06
22  15  1.01145e+07
22  16  1.07073e+07
22  17  1.72646e+07
22  18  1.59938e+07
22  19  3.99979e+06
22  20  1.07237e+07
22  21  1.59161e+07
22  22  1.07078e+06
22  23  6.54075e+06
22  24  0
22  25  1.49996e+07
22  26  1.56852e+07
22  27  7.47413e+06
22  28  1.81421e+07
22  29  2.2478e+07
22  30  1.35155e+07
22  31  1.65874e+07
22  32  2.16209e+07
22  33  3.15567e+07
22  34  4.67858e+06
22  35  6.60544e+06
22  36  1.63467e+07
22  37  9.85064e+06
22  38  9.04012e+06
22  39  1.70421e+07
22  40  2.8797e+07
22  41  2.96828e+07
22  42  2.36727e+07
22  43  2.74372e+07
22  44  3.5815e+07
22  45  7.1642e+06
22  46  1.40124e+07
22  47  4.567e+06
22  48  1.90851e+07
22  49  5.23537e+06
22  50  1.5417e+07
23  0  622854
23  1  2.21083e+07
23  2  0
23  3  5.01504e+06
23  4  1.60054e+07
23  5  8.44422e+06
23  6  2.25874e+07
23  7  1.93989e+07
23  8  1.36744e+07
23  9  7.41214e+06
23  10  3.0094e+06
23  11  1.58443e+07
23  12  2.93401e+06
23  13  2.27635e+07
23  14  1.13127e+07
23  15  7.79084e+06
23  16  1.33689e+07
23  17  2.11271e+07
23  18  1.88742e+07
23  19  7.68887e+06
23  20  7.43582e+06
23  21  2.87159e+07
23  22  1.2746e+07
23  23  0
23  24  7.84781e+06
23  25  8.65217e+06
23  26  1.268e+07
23  27  1.35527e+07
23  28  2.02188e+07
23  29  1.39895e+07
23  30  0
23  31  2.65028e+07
23  32  1.12188e+07
23  33  5.85755e+06
23  34  1.47699e+07
23  35  1.92038e+07
23  36  3.58574e+06
23  37  1.30979e+07
23  38  0
23  39  2.46175e+07
23  40  2.31736e+07
23  41  3.49302e+07
23  42  2.99707e+07
23  43  2.68638e+07
23  44  4.79687e+06
23  45  8.19152e+06
23  46  1.65515e+07
23  47  0
23  48  1.02533e+07
23  49  0
23  50  1.00712e+07
24  0  1.72887e+07
24  1  9.29554e+06
24  2  0
24  3  1.69795e+07
24  4  1.4299e+07
24  5  7.19862e+06
24  6  2.23317e+06
24  7  1.48338e+07
24  8  9.47713e+06
24  9  4.9821e+06
24  10  1.26524e+07
24  11  1.11071e+07
24  12  1.31223e+07
24  13  8.10253e+06
24  14  1.52641e+07
24  15  6.19208e+06
24  16  1.80378e+07
24  17  0
24  18  1.72647e+07
24  19  1.38465e+07
24  20  6.75036e+06
24  21  0
24  22  8.51396e+06
24  23  3.96676e+06
24  24  1.68679e+07
24  25  6.42527e+06
24  26  1.85913e+07
24  27  4.64145e+06
24  28  7.49986e+06
24  29  5.66814e+06
24  30  2.10815e+07
24  31  1.35229e+07
24  32  2.15836e+07
24  33  2.1107e+07
24  34  1.7762e+07
24  35  1.35992e+07
24  36  1.8329e+07
24  37  1.21683e+07
24  38  1.12952e+07
24  39  8.62295e+06
24  40  1.52113e+07
24  41  3.27827e+07
24  42  1.8945e+07
24  43  4.21506e+07
24  44  1.12823e+07
24  45  2.10787e+07
24  46  1.60665e+07
24  47  1.55074e+07
24  48  6.08445e+06
24  49  2.0643e+07
24  50  1.58856e+07
25  0  1.6923e+07
25  1  4.57897e+06
25  2  9.57503e+06
25  3  1.04243e+07
25  4  9.43282e+06
25  5  1.3621e+07
25  6  1.06337e+07
25  7  9.65921e+06
25  8  1.15605e+07
25  9  5.89792e+06
25  10  1.55591e+07
25  11  2.53378e+07
25  12  1.92096e+07
25  13  6.90617e+06
25  14  2.21407e+07
25  15  7.97049e+06
25  16  1.0798e+07
25  17  3.35358e+06
25  18  3.2488e+06
25  19  7.49124e+06
25  20  9.72205e+06
25  21  1.38728e+07
25  22  1.69366e+07
25  23  4.18552e+06
25  24  1.72448e+07
25  25  1.38398e+07
25  26  0
25  27  8.08281e+06
25  28  1.04009e+07
25  29  3.35295e+06
25  30  2.0342e+07
25  31  2.56757e+06
25  32  1.80254e+07
25  33  2.0362e+07
25  34  1.70038e+07
25  35  1.69157e+07
25  36  3.63095e+07
25  37  1.08593e+07
25  38  6.78099e+06
25  39  23870.5
25  40  1.42475e+07
25  41  1.87048e+07
25  42  2.36126e+07
25  43  2.26387e+07
25  44  1.30417e+07
25  45  6.30183e+06
25  46  1.64569e+07
25  47  0
25  48  0
25  49  3.79706e+06
25  50  1.67572e+07
26  0  2.84488e+06
26  1  0
26  2  1.82885e+07
26  3  5.22349e+06
26  4  0
26  5  1.6424e+07
26  6  7.42005e+06
26  7  1.96916e+07
26  8  5.41453e+06
26  9  1.50003e+07
26  10  2.04655e+07
26  11  1.88852e+07
26  12  1.03853e+07
26  13  2.03028e+07
26  14  2.09228e+07
26  15  1.23412e+07
26  16  9.18141e+06
26  17  1.95857e+07
26  18  2.69701e+06
26  19  2.25696e+07
26  20  9.36515e+06
26  21  5.72128e+06
26  22  8.96311e+06
26  23  0
26  24  4.3783e+06
26  25  2.19892e+07
26  26  1.05431e+07
26  27  9.11625e+06
26  28  1.44893e+07
26  29  3.79249e+06
26  30  0
26  31  1.05062e+07
26  32  2.10596e+07
26  33  8.67245e+06
26  34  3.48383e+06
26  35  7.04938e+06
26  36  2.79027e+07
26  37  1.53903e+07
26  38  2.10523e+07
26  39  2.03847e+06
26  40  1.78428e+07
26  41  4.75399e+06
26  42  3.06468e+07
26  43  2.63842e+07
26  44  1.9764e+07
26  45  247129
26  46  4.14802e+06
26  47  1.47311e+07
26  48  1.68428e+07
26  49  2.40299e+07
26  50  4.40308e+06
27  0  0
27  1  2.57625e+06
27  2  1.33205e+07
27  3  1.73214e+07
27  4  7810.25
27  5  0
27  6  2.18088e+07
27  7  1.63378e+07
27  8  8.39692e+06
27  9  1.30656e+07
27  10  2.11301e+07
27  11  1.64775e+07
27  12  6.72188e+06
27  13  2.01341e+07
27  14  1.68805e+07
27  15  2.50348e+07
27  16  2.74086e+06
27  17  2.29663e+07
27  18  4.20702e+06
27  19  2.4923e+07
27  20  182153
27  21  1.5694e+07
27  22  3.76083e+06
27  23  2.33716e+07
27  24  8.88237e+06
27  25  9.2854e+06
27  26  2.63979e+07
27  27  0
27  28  6.66308e+06
27  29  2.56723e+07
27  30  4.24774e+06
27  31  1.45101e+07
27  32  9.46289e+06
27  33  2.68337e+07
27  34  9.98927e+06
27  35  9.68501e+06
27  36  2.70907e+06
27  37  1.4451e+07
27  38  1.94277e+07
27  39  1.91147e+07
27  40  2.39919e+07
27  41  2.34759e+07
27  42  1.96991e+07
27  43  2.26137e+07
27  44  1.41812e+07
27  45  6.12848e+06
27  46  1.24739e+07
27  47  0
27  48  1.55565e+07
27  49  1.10858e+07
27  50  1.41977e+07
28  0  1.67384e+06
28  1  1.51967e+07
28  2  1.20959e+07
28  3  1.39485e+07
28  4  1.96514e+07
28  5  2.4479e+07
28  6  2.45597e+06
28  7  8.7832e+06
28  8  1.26348e+07
28  9  4.60259e+06
28  10  2.48229e+07
28  11  7.98529e+06
28  12  3.3181e+07
28  13  2.32568e+07
28  14  6.72381e+06
28  15  2.00218e+07
28  16  1.06924e+07
28  17  6.79136e+06
28  18  1.34252e+07
28  19  2.36642e+07
28  20  7.62744e+06
28  21  0
28  22  0
28  23  1.42702e+07
28  24  1.3784e+07
28  25  0
28  26  1.0985e+07
28  27  1.2274e+07
28  28  8.12657e+06
28  29  1.33544e+07
28  30  1.27606e+07
28  31  1.53408e+07
28  32  3.64872e+07
28  33  2.14804e+07
28  34  9.70765e+06
28  35  1.43695e+07
28  36  1.47027e+07
28  37  1.68792e+07
28  38  1.43427e+07
28  39  1.2922e+07
28  40  4.83484e+06
28  41  1.22518e+07
28  42  1.8553e+07
28  43  9.8476e+06
28  44  2.35928e+07
28  45  1.43923e+07
28  46  6.3911e+06
28  47  1.43875e+07
28  48  5.04571e+06
28  49  8.70612e+06
28  50  1.5939e+07
29  0  3.75231e+06
29  1  1.46505e+07
29  2  1.47564e+07
29  3  1.68035e+07
29  4  2.45011e+07
29  5  9.30633e+06
29  6  9.19378e+06
29  7  3.45955e+06
29  8  1.46555e+07
29  9  1.66162e+07
29  10  3.57342e+06
29  11  5.14154e+06
29  12  1.08252e+07
29  13  2.00557e+07
29  14  1.47732e+07
29  15  1.69259e+07
29  16  2.07725e+07
29  17  0
29  18  1.85091e+07
29  19  2.72536e+07
29  20  1.37929e+07
29  21  1.56456e+07
29  22  9.8668e+06
29  23  2.47721e+07
29  24  2.87969e+07
29  25  2.65144e+07
29  26  2.51696e+07
29  27  9.08364e+06
29  28  3.47957e+06
29  29  7.58222e+06
29  30  1.36212e+07
29  31  1.35494e+07
29  32  1.21221e+07
29  33  1.12993e+07
29  34  9.27947e+06
29  35  1.40862e+06
29  36  1.66727e+07
29  37  5.14695e+06
29  38  6.48845e+06
29  39  1.16149e+07
29  40  1.20157e+07
29  41  0
29  42  1.67847e+07
29  43  9.63646e+06
29  44  2.3123e+07
29  45  1.415e+07
29  46  2.18855e+07
29  47  1.86508e+07
29  48  1.61288e+07
29  49  2.00997e+07
29  50  2.21951e+07
30  0  0
30  1  2.04862e+07
30  2  2.7978e+07
30  3  3.56617e+06
30  4  2.0772e+07
30  5  1.96523e+07
30  6  0
30  7  2.13996e+07
30  8  2.68816e+07
30  9  1.54452e+07
30  10  2.62457e+07
30  11  1.60065e+07
30  12  3.63333e+06
30  13  1.18282e+07
30  14  9.41617e+06
30  15  1.81406e+07
30  16  1.07859e+07
30  17  1.73655e+07
30  18  0
30  19  7.3934e+06
30  20  0
30  21  1.03979e+07
30  22  4.88603e+06
30  23  1.18091e+07
30  24  1.32693e+07
30  25  1.96677e+07
30  26  7.03298e+06
30  27  1.36519e+07
30  28  9.60097e+06
30  29  0
30  30  1.0412e+07
30  31  3.50803e+06
30  32  8.16916e+06
30  33  1.4635e+07
30  34  8.71264e+06
30  35  1.26611e+07
30  36  4.71037e+06
30  37  342390
30  38  2.13909e+07
30  39  5.28689e+06
30  40  2.1743e+07
30  41  8.53406e+06
30  42  3.85124e+07
30  43  1.87482e+07
30  44  1.68464e+07
30  45  1.29999e+07
30  46  9.28031e+06
30  47  8.62865e+06
30  48  1.78349e+07
30  49  1.16502e+07
30  50  2.28882e+07
31  0  1.65715e+07
31  1  0
31  2  1.11509e+07
31  3  2.21286e+07
31  4  8.23325e+06
31  5  1.68469e+07
31  6  0
31  7  1.01976e+07
31  8  2.26975e+07
31  9  1.43908e+07
31  10  1.38264e+07
31  11  4.4039e+06
31  12  1.0422e+07
31  13  5.18923e+06
31  14  2.05947e+06
31  15  1.90955e+07
31  16  2.78318e+07
31  17  7.58715e+06
31  18  5.37476e+06
31  19  1.67957e+07
31  20  1.30357e+07
31  21  5.53508e+06
31  22  1.00361e+07
31  23  1.03812e+07
31  24  4.63342e+06
31  25  1.83258e+07
31  26  1.43049e+07
31  27  9.30513e+06
31  28  2.19783e+07
31  29  0
31  30  7.36353e+06
31  31  0
31  32  8.86635e+06
31  33  1.59055e+07
31  34  1.79669e+07
31  35  0
31  36  5.75231e+06
31  37  3.16642e+07
31  38  1.55249e+07
31  39  2.02331e+07
31  40  1.74787e+07
31  41  1.41844e+06
31  42  2.62753e+07
31  43  1.6496e+07
31  44  1.59724e+07
31  45  0
31  46  6.89446e+06
31  47  0
31  48  9.60047e+06
31  49  8.6984e+06
31  50  1.1814e+07
32  0  7.01461e+06
32  1  9.82963e+06
32  2  6.94648e+06
32  3  0
32  4  1.49994e+07
32  5  9.76085e+06
32  6  0
32  7  3.55371e+07
32  8  1.07802e+07
32  9  2.56252e+07
32  10  1.44398e+07
32  11  2.01698e+07
32  12  1.63722e+07
32  13  1.23484e+06
32  14  1.73307e+07
32  15  8.01278e+06
32  16  4.70236e+06
32  17  2.19887e+07
32  18  8.1676e+06
32  19  628710
32  20  752270
32  21  8.24779e+06
32  22  0
32  23  3.8841e+06
32  24  1.01207e+07
32  25  2.14215e+07
32  26  1.80735e+07
32  27  1.05356e+07
32  28  1.07121e+07
32  29  6.57831e+06
32  30  1.96336e+07
32  31  1.29027e+07
32  32  1.38156e+07
32  33  2.3424e+07
32  34  1.08307e+07
32  35  3.82009e+06
32  36  1.76104e+07
32  37  2.54383e+07
32  38  5.37957e+06
32  39  1.78395e+07
32  40  7.10948e+06
32  41  1.78927e+07
32  42  1.17187e+07
32  43  3.00762e+07
32  44  1.55482e+07
32  45  8.95752e+06
32  46  0
32  47  1.20511e+07
32  48  8.30994e+06
32  49  8.68378e+06
32  50  2.33639e+07
33  0  2.17002e+07
33  1  1.03461e+07
33  2  1.61728e+07
33  3  1.50772e+07
33  4  1.39826e+07
33  5  2.09649e+07
33  6  6.68696e+06
33  7  2.26464e+07
33  8  1.75218e+07
33  9  1.03322e+07
33  10  7.6272e+06
33  11  6.18073e+06
33  12  6.30253e+06
33  13  5.45306e+06
33  14  1.42526e+07
33  15  8.07592e+06
33  16  2.28639e+07
33  17  4.73826e+06
33  18  2.62704e+06
33  19  1.89219e+07
33  20  4.13595e+06
33  21  7.02703e+06
33  22  9.32727e+06
33  23  1.89143e+07
33  24  7.24224e+06
33  25  1.18254e+07
33  26  1.4347e+07
33  27  1.534e+07
33  28  4.94129e+06
33  29  1.87547e+07
33  30  1.22667e+07
33  31  0
33  32  1.92384e+07
33  33  2.56642e+07
33  34  0
33  35  1.34297e+07
33  36  1.91303e+07
33  37  0
33  38  9.6495e+06
33  39  1.40784e+07
33  40  461790
33  41  3.50743e+06
33  42  6.53023e+06
33  43  2.48375e+07
33  44  9.96104e+06
33  45  1.89033e+07
33  46  1.61753e+07
33  47  2.21431e+07
33  48  1.15647e+07
33  49  2.39427e+07
33  50  1.00227e+07
34  0  9.59622e+06
34  1  3.82323e+06
34  2  9.95622e+06
34  3  8.39288e+06
34  4  1.17971e+07
34  5  0
34  6  1.56315e+07
34  7  2.20651e+07
34  8  4.06774e+06
34  9  0
34  10  0
34  11  1.77028e+07
34  12  1.3297e+07
34  13  2.4087e+06
34  14  1.86829e+07
34  15  1.9786e+07
34  16  0
34  17  1.39846e+07
34  18  5.85341e+06
34  19  5.1818e+06
34  20  5.11275e+06
34  21  1.54118e+07
34  22  1.67364e+07
34  23  0
34  24  2.4891e+07
34  25  2.58533e+07
34  26  0
34  27  2.10323e+07
34  28  2.71369e+07
34  29  5.54281e+06
34  30  9.8293e+06
34  31  2.36402e+07
34  32  0
34  33  2.06502e+07
34  34  1.24036e+07
34  35  1.2575e+07
34  36  1.2886e+07
34  37  1.61758e+07
34  38  1.05809e+07
34  39  1.8633e+07
34  40  7.16383e+06
34  41  1.72605e+07
34  42  1.53624e+07
34  43  1.52161e+07
34  44  1.68148e+07
34  45  1.06362e+07
34  46  1.03035e+07
34  47  2.0168e+07
34  48  0
34  49  1.9604e+07
34  50  2.14369e+07
35  0  5.93704e+06
35  1  1.70426e+07
35  2  0
35  3  1.67297e+07
35  4  1.34138e+07
35  5  3.87393e+06
35  6  2.38775e+07
35  7  1.94934e+07
35  8  3.54128e+06
35  9  8.61006e+06
35  10  1.07058e+07
35  11  1.89669e+07
35  12  3.46142e+06
35  13  1.72329e+07
35  14  2.47616e+07
35  15  1.64461e+07
35  16  2.8155e+06
35  17  1.52956e+07
35  18  1.64288e+07
35  19  1.20111e+07
35  20  2.69765e+06
35  21  1.55192e+07
35  22  5.44957e+06
35  23  8.71566e+06
35  24  0
35  25  0
35  26  1.10383e+07
35  27  7.88722e+06
35  28  734536
35  29  487973
35  30  2.61801e+07
35  31  1.71486e+07
35  32  1.31921e+07
35  33  1.51526e+07
35  34  1.1365e+07
35  35  4.0863e+06
35  36  7.33189e+06
35  37  1.88636e+07
35  38  3.13354e+07
35  39  7.68325e+06
35  40  1.0614e+07
35  41  1.50068e+07
35  42  2.77261e+07
35  43  0
35  44  2.55663e+06
35  45  2.79141e+06
35  46  1.37689e+07
35  47  399253
35  48  3.23865e+06
35  49  1.55646e+07
35  50  1.04952e+07
36  0  1.1143e+06
36  1  1.95675e+07
36  2  8.57312e+06
36  3  2.64068e+07
36  4  9.52381e+06
36  5  1.88936e+06
36  6  1.40988e+07
36  7  1.65432e+07
36  8  1.73882e+07
36  9  2.13019e+07
36  10  1.40838e+07
36  11  878040
36  12  3.64508e+06
36  13  1.8088e+07
36  14  0
36  15  564756
36  16  1.18584e+07
36  17  2.56131e+06
36  18  1.01726e+07
36  19  7.93673e+06
36  20  7.76261e+06
36  21  1.59529e+07
36  22  8.29775e+06
36  23  1.95374e+07
36  24  0
36  25  5.35572e+06
36  26  1.89837e+07
36  27  1.55016e+07
36  28  1.79087e+07
36  29  5.59497e+06
36  30  1.78961e+07
36  31  1.88315e+07
36  32  2.30558e+07
36  33  3.39315e+06
36  34  2.63674e+07
36  35  7.85021e+06
36  36  2.26527e+07
36  37  2.0688e+06
36  38  1.51098e+07
36  39  3.63422e+06
36  40  5.37056e+06
36  41  9.19896e+06
36  42  1.67159e+07
36  43  2.18958e+07
36  44  1.79724e+07
36  45  6.01352e+06
36  46  2.09346e+07
36  47  3.35767e+06
36  48  0
36  49  3.00847e+07
36  50  3.9005e+06
37  0  1.88356e+06
37  1  1.60364e+07
37  2  0
37  3  1.46331e+07
37  4  1.58111e+07
37  5  1.99447e+07
37  6  2.19426e+07
37  7  2.04405e+07
37  8  1.80401e+07
37  9  2.59241e+07
37  10  0
37  11  2.04876e+07
37  12  3.00966e+07
37  13  1.00212e+07
37  14  1.58108e+07
37  15  1.20703e+07
37  16  8.03709e+06
37  17  1.35889e+07
37  18  1.32174e+07
37  19  1.15914e+06
37  20  8.08793e+06
37  21  7.99953e+06
37  22  1.59451e+07
37  23  4.77285e+06
37  24  0
37  25  2.86093e+07
37  26  1.14642e+06
37  27  1.59567e+07
37  28  6.39648e+06
37  29  1.0628e+07
37  30  9.53329e+06
37  31  8.6936e+06
37  32  1.45443e+07
37  33  2.42944e+07
37  34  1.93156e+07
37  35  0
37  36  8.38888e+06
37  37  1.4872e+07
37  38  5.85869e+06
37  39  1.06808e+07
37  40  1.00534e+07
37  41  1.63568e+07
37  42  1.32199e+07
37  43  4.453e+06
37  44  2.36908e+07
37  45  1.48072e+07
37  46  1.62064e+07
37  47  9.20383e+06
37  48  1.75443e+07
37  49  2.76922e+07
37  50  2.26565e+07
38  0  151502
38  1  9.73321e+06
38  2  1.27451e+07
38  3  2.0479e+07
38  4  1.17491e+07
38  5  8.91453e+06
38  6  1.11782e+07
38  7  1.20785e+07
38  8  1.29324e+07
38  9  1.43221e+07
38  10  2.79015e+07
38  11  5.74886e+06
38  12  2.068e+07
38  13  1.21469e+07
38  14  1.70857e+07
38  15  8.12045e+06
38  16  1.75467e+07
38  17  2.03862e+07
38  18  1.50756e+07
38  19  0
38  20  2.42335e+07
38  21  0
38  22  1.07349e+07
38  23  7.10457e+06
38  24  9.11894e+06
38  25  3.185e+06
38  26  8.25647e+06
38  27  0
38  28  1.14445e+07
38  29  1.51954e+07
38  30  7.71804e+06
38  31  1.36743e+07
38  32  0
38  33  9.3385e+06
38  34  9.19855e+06
38  35  582933
38  36  1.06349e+07
38  37  3.17816e+06
38  38  2.22863e+07
38  39  1.20967e+07
38  40  2.6253e+07
38  41  1.23488e+07
38  42  9.66383e+06
38  43  7.22877e+06
38  44  1.35373e+07
38  45  6.54412e+06
38  46  6.44623e+06
38  47  1.1063e+07
38  48  1.21614e+07
38  49  9.73943e+06
38  50  1.92742e+07
39  0  0
39  1  2.02907e+07
39  2  3.63806e+07
39  3  4.17888e+06
39  4  1.65806e+07
39  5  7.80755e+06
39  6  0
39  7  0
39  8  2.91676e+07
39  9  6.41218e+06
39  10  1.19291e+07
39  11  1.27664e+07
39  12  1.17419e+07
39  13  1.56017e+07
39  14  1.16849e+07
39  15  2.45969e+07
39  16  2.78206e+07
39  17  1.47741e+07
39  18  1.8503e+07
39  19  0
39  20  824156
39  21  0
39  22  9.37208e+06
39  23  0
39  24  1.59508e+07
39  25  4.28513e+06
39  26  1.30149e+07
39  27  1.90555e+06
39  28  2.75359e+07
39  29  9.16431e+06
39  30  1.4917e+07
39  31  2.4401e+07
39  32  1.94045e+07
39  33  1.34824e+07
39  34  0
39  35  1.71906e+07
39  36  1.35358e+07
39  37  2.87369e+07
39  38  3.23743e+06
39  39  0
39  40  1.15212e+07
39  41  2.13256e+07
39  42  1.48216e+07
39  43  3.01285e+07
39  44  1.05891e+07
39  45  1.26245e+07
39  46  9.75839e+06
39  47  1.92683e+07
39  48  1.07804e+07
39  49  1.17785e+07
39  50  1.94216e+07
40  0  1.91319e+07
40  1  1.72097e+07
40  2  9.79085e+06
40  3  1.99152e+07
40  4  7.13566e+06
40  5  0
40  6  1.08217e+07
40  7  1.37818e+07
40  8  1.91951e+07
40  9  2.19168e+07
40  10  2.73467e+07
40  11  0
40  12  1.29173e+07
40  13  1.38604e+07
40  14  9.4634e+06
40  15  2.31074e+06
40  16  1.9532e+07
40  17  1.98114e+07
40  18  1.73316e+07
40  19  0
40  20  0
40  21  7.8749e+06
40  22  1.25328e+07
40  23  1.33269e+07
40  24  1.08822e+07
40  25  8.21349e+06
40  26  8.44261e+06
40  27  1.94775e+07
40  28  5.26485e+06
40  29  1.7691e+07
40  30  2.12386e+07
40  31  1.27926e+07
40  32  2.80228e+07
40  33  1.71958e+07
40  34  1.54165e+07
40  35  2.48735e+07
40  36  9.51011e+06
40  37  2.84137e+07
40  38  0
40  39  1.56461e+06
40  40  5.21125e+06
40  41  1.5003e+07
40  42  8.76222e+06
40  43  9.90713e+06
40  44  2.21517e+07
40  45  1.65491e+07
40  46  2.08214e+07
40  47  1.34688e+07
40  48  1.57696e+07
40  49  1.25198e+07
40  50  0
41  0  2.41351e+07
41  1  0
41  2  1.32158e+07
41  3  1.6896e+07
41  4  2.6294e+06
41  5  1.19491e+07
41  6  1.32386e+07
41  7  2.12073e+07
41  8  8.84882e+06
41  9  2.63176e+07
41  10  1.12752e+07
41  11  1.83449e+07
41  12  1.47559e+07
41  13  2.00616e+07
41  14  0
41  15  3.16702e+06
41  16  2.15432e+07
41  17  1.85933e+07
41  18  3.91372e+06
41  19  2.17684e+07
41  20  916271
41  21  1.38265e+07
41  22  2.41436e+07
41  23  0
41  24  0
41  25  1.26967e+07
41  26  1.80364e+07
41  27  1.76395e+07
41  28  2.49293e+07
41  29  1.00608e+07
41  30  1.30945e+07
41  31  9.53708e+06
41  32  3.38491e+07
41  33  1.37646e+07
41  34  1.45184e+07
41  35  2.0993e+07
41  36  9.88861e+06
41  37  1.26036e+07
41  38  0
41  39  6.35319e+06
41  40  0
41  41  1.77993e+07
41  42  1.67455e+07
41  43  8.59913e+06
41  44  76074
41  45  1.36945e+07
41  46  0
41  47  1.98542e+07
41  48  4.43589e+06
41  49  1.59372e+07
41  50  1.33455e+07
42  0  9.79043e+06
42  1  3.38919e+06
42  2  5.90057e+06
42  3  1.71694e+07
42  4  1.9377e+07
42  5  926037
42  6  1.83705e+07
42  7  8.89737e+06
42  8  4.67467e+06
42  9  0
42  10  1.51758e+07
42  11  1.20487e+07
42  12  1.37563e+07
42  13  1.17863e+07
42  14  1.73434e+07
42  15  1.54629e+07
42  16  7.34916e+06
42  17  1.73397e+07
42  18  1.81744e+07
42  19  6.75683e+06
42  20  7.0336e+06
42  21  0
42  22  3.78517e+06
42  23  1.60643e+07
42  24  5.62509e+06
42  25  1.06068e+07
42  26  1.7746e+07
42  27  2.2053e+07
42  28  2.45093e+07
42  29  1.90112e+07
42  30  1.88373e+07
42  31  8.2905e+06
42  32  3.83323e+07
42  33  2.41485e+07
42  34  1.37236e+07
42  35  6.01856e+06
42  36  2.10853e+07
42  37  6.47343e+06
42  38  1.11286e+07
42  39  1.2079e+07
42  40  1.88533e+07
42  41  9.6332e+06
42  42  1.29368e+07
42  43  2.50125e+07
42  44  3.99305e+06
42  45  7.71572e+06
42  46  4.97588e+06
42  47  2.23962e+07
42  48  1.60256e+07
42  49  1.15876e+07
42  50  1.83847e+07
43  0  1.46719e+07
43  1  2.10487e+07
43  2  6.26167e+06
43  3  1.80613e+07
43  4  8.38564e+06
43  5  0
43  6  6.07818e+06
43  7  0
43  8  8.56085e+06
43  9  1.18788e+07
43  10  1.73357e+07
43  11  9.3445e+06
43  12  1.53011e+07
43  13  0
43  14  1.68878e+07
43  15  7.9014e+06
43  16  1.02591e+07
43  17  1.20566e+07
43  18  1.78401e+07
43  19  1.9766e+06
43  20  1.13997e+07
43  21  4.87163e+06
43  22  8.69208e+06
43  23  0
43  24  2.51065e+07
43  25  1.72453e+07
43  26  6.27762e+06
43  27  2.24395e+07
43  28  7.3132e+06
43  29  2.27667e+07
43  30  1.80879e+07
43  31  1.5406e+07
43  32  1.37741e+07
43  33  2.67613e+07
43  34  0
43  35  2.35652e+06
43  36  1.11738e+07
43  37  7.20574e+06
43  38  4.77638e+06
43  39  0
43  40  1.22242e+07
43  41  2.15323e+07
43  42  1.27145e+07
43  43  2.73439e+06
43  44  5.51534e+06
43  45  2.27632e+07
43  46  2.60164e+07
43  47  0
43  48  2.44794e+06
43  49  0
43  50  1.36387e+07
44  0  8.13076e+06
44  1  1.55834e+07
44  2  2.09598e+06
44  3  4.62218e+06
44  4  1.99527e+07
44  5  4.99743e+06
44  6  0
44  7  1.42097e+07
44  8  1.40582e+07
44  9  1.14675e+07
44  10  1.53889e+07
44  11  6.47615e+06
44  12  4.33012e+06
44  13  4.3859e+06
44  14  8.76547e+06
44  15  2.0144e+07
44  16  1.55672e+07
44  17  1.19265e+07
44  18  1.74537e+07
44  19  1.73124e+07
44  20  1.21724e+07
44  21  4.75668e+06
44  22  4.32362e+06
44  23  2.64436e+07
44  24  9.88527e+06
44  25  4.45118e+06
44  26  0
44  27  1.89301e+07
44  28  2.05142e+07
44  29  2.12246e+07
44  30  2.17967e+06
44  31  8.5906e+06
44  32  2.35273e+07
44  33  1.14047e+07
44  34  1.94065e+07
44  35  1.47157e+07
44  36  2.46487e+07
44  37  1.2669e+07
44  38  2.33041e+07
44  39  1.7576e+07
44  40  7.3706e+06
44  41  1.49824e+07
44  42  5.92408e+06
44  43  2.92021e+06
44  44  2.07256e+07
44  45  9.3321e+06
44  46  1.20193e+07
44  47  2.15424e+07
44  48  4.33524e+06
44  49  1.28726e+07
44  50  1.91951e+07
45  0  1.39419e+07
45  1  1.01144e+07
45  2  2.74004e+07
45  3  1.112e+07
45  4  1.66401e+07
45  5  1.27828e+07
45  6  1.36991e+07
45  7  8.65347e+06
45  8  1.3778e+06
45  9  1.07378e+07
45  10  1.95889e+07
45  11  5.64194e+06
45  12  2.53981e+06
45  13  2.05031e+07
45  14  1.28432e+07
45  15  9.64416e+06
45  16  1.51359e+07
45  17  2.37744e+07
45  18  6.17226e+06
45  19  1.94853e+07
45  20  1.61454e+07
45  21  1.4951e+07
45  22  0
45  23  1.86791e+06
45  24  1.11737e+07
45  25  4.96742e+06
45  26  2.26555e+07
45  27  1.10721e+07
45  28  8.80712e+06
45  29  1.83363e+07
45  30  2.75786e+07
45  31  5.16786e+06
45  32  2.00021e+07
45  33  1.29038e+07
45  34  2.26432e+06
45  35  5.10417e+06
45  36  2.14483e+07
45  37  7.70054e+06
45  38  5.33381e+06
45  39  3.34324e+06
45  40  1.03109e+07
45  41  1.09844e+07
45  42  7.09229e+06
45  43  324228
45  44  1.04659e+07
45  45  3.69633e+07
45  46  1.2311e+07
45  47  1.23131e+07
45  48  2.85751e+06
45  49  0
45  50  1.94807e+07

