row  column  (images_31.edf Fe-K*images_31.edf Ar-K**2.3)
0  0  1.24686e+09
0  1  5.12422e+09
0  2  6.71875e+08
0  3  4.86634e+08
0  4  3.09713e+08
0  5  1.84673e+08
0  6  1.77904e+08
0  7  1.67072e+08
0  8  1.37913e+08
0  9  1.43545e+08
0  10  1.41962e+08
0  11  1.30733e+08
0  12  1.09598e+08
0  13  1.25929e+08
0  14  1.15281e+08
0  15  9.242e+07
0  16  1.1001e+08
0  17  1.17196e+08
0  18  1.02001e+08
0  19  1.23463e+08
0  20  1.67485e+08
0  21  1.36965e+08
0  22  1.69238e+08
0  23  1.45548e+08
0  24  1.34161e+08
0  25  1.16144e+08
0  26  1.186e+08
0  27  1.25592e+08
0  28  1.04491e+08
0  29  1.25841e+08
0  30  1.21691e+08
0  31  1.2924e+08
0  32  1.53428e+08
0  33  1.76415e+08
0  34  1.74681e+08
0  35  1.75248e+08
0  36  2.00825e+08
0  37  1.79701e+08
0  38  2.30345e+08
0  39  2.21305e+08
0  40  2.24508e+08
0  41  2.21545e+08
0  42  3.69646e+08
0  43  2.31918e+08
0  44  2.16125e+08
0  45  1.32338e+08
0  46  1.74025e+08
0  47  1.8191e+08
0  48  1.28831e+08
0  49  1.45191e+08
0  50  1.29464e+08
1  0  1.2877e+09
1  1  2.71789e+09
1  2  5.51022e+08
1  3  3.94533e+08
1  4  2.63607e+08
1  5  2.21512e+08
1  6  2.16751e+08
1  7  2.01331e+08
1  8  1.42894e+08
1  9  1.22928e+08
1  10  1.32068e+08
1  11  1.12741e+08
1  12  1.2762e+08
1  13  1.01011e+08
1  14  1.01948e+08
1  15  1.02258e+08
1  16  9.49864e+07
1  17  9.6971e+07
1  18  1.34402e+08
1  19  1.13409e+08
1  20  1.43879e+08
1  21  1.59228e+08
1  22  1.67231e+08
1  23  1.51595e+08
1  24  1.62663e+08
1  25  1.22732e+08
1  26  1.10581e+08
1  27  1.16039e+08
1  28  1.03191e+08
1  29  1.21825e+08
1  30  1.33785e+08
1  31  1.44725e+08
1  32  1.36832e+08
1  33  2.00817e+08
1  34  1.83438e+08
1  35  1.76227e+08
1  36  1.61172e+08
1  37  1.84689e+08
1  38  1.7835e+08
1  39  2.2333e+08
1  40  2.11914e+08
1  41  2.17119e+08
1  42  3.19855e+08
1  43  1.94191e+08
1  44  1.8978e+08
1  45  1.28939e+08
1  46  1.356e+08
1  47  1.5662e+08
1  48  1.25541e+08
1  49  1.30764e+08
1  50  1.3035e+08
2  0  8.02121e+08
2  1  2.01565e+09
2  2  4.87859e+08
2  3  3.23418e+08
2  4  2.78517e+08
2  5  2.43924e+08
2  6  1.8529e+08
2  7  1.97841e+08
2  8  1.67039e+08
2  9  1.29741e+08
2  10  1.17033e+08
2  11  1.4158e+08
2  12  9.83555e+07
2  13  1.29993e+08
2  14  1.12694e+08
2  15  9.36918e+07
2  16  8.45508e+07
2  17  1.03213e+08
2  18  1.04871e+08
2  19  1.17106e+08
2  20  1.46099e+08
2  21  1.87643e+08
2  22  1.72283e+08
2  23  1.34361e+08
2  24  1.46631e+08
2  25  1.53512e+08
2  26  9.49691e+07
2  27  1.31129e+08
2  28  1.0056e+08
2  29  1.20616e+08
2  30  1.22329e+08
2  31  1.46308e+08
2  32  1.33848e+08
2  33  1.48586e+08
2  34  1.76191e+08
2  35  1.56033e+08
2  36  1.28464e+08
2  37  1.5561e+08
2  38  1.96032e+08
2  39  2.14331e+08
2  40  1.92107e+08
2  41  2.75595e+08
2  42  2.96396e+08
2  43  1.84893e+08
2  44  1.81232e+08
2  45  1.61374e+08
2  46  1.38888e+08
2  47  1.80549e+08
2  48  1.65118e+08
2  49  1.58559e+08
2  50  1.41238e+08
3  0  6.36252e+08
3  1  1.42387e+09
3  2  3.83691e+08
3  3  2.60532e+08
3  4  2.21047e+08
3  5  1.82212e+08
3  6  1.59758e+08
3  7  1.23171e+08
3  8  1.33501e+08
3  9  1.37745e+08
3  10  1.29746e+08
3  11  9.50994e+07
3  12  1.03271e+08
3  13  1.16195e+08
3  14  1.02951e+08
3  15  9.84347e+07
3  16  7.28266e+07
3  17  9.15282e+07
3  18  1.08951e+08
3  19  1.42907e+08
3  20  1.43406e+08
3  21  1.95877e+08
3  22  1.23991e+08
3  23  1.50455e+08
3  24  1.4867e+08
3  25  1.11927e+08
3  26  1.10869e+08
3  27  1.32217e+08
3  28  9.95106e+07
3  29  1.28625e+08
3  30  1.10065e+08
3  31  1.38538e+08
3  32  1.84332e+08
3  33  1.76908e+08
3  34  1.53896e+08
3  35  1.72111e+08
3  36  1.43247e+08
3  37  1.9366e+08
3  38  1.78118e+08
3  39  2.13879e+08
3  40  2.44463e+08
3  41  2.10165e+08
3  42  2.68805e+08
3  43  1.81593e+08
3  44  1.95519e+08
3  45  1.55068e+08
3  46  1.46586e+08
3  47  1.59994e+08
3  48  1.66908e+08
3  49  1.616e+08
3  50  1.89659e+08
4  0  4.73329e+08
4  1  1.12471e+09
4  2  3.49078e+08
4  3  2.47477e+08
4  4  2.43411e+08
4  5  1.9199e+08
4  6  1.90738e+08
4  7  1.33174e+08
4  8  1.24773e+08
4  9  1.2605e+08
4  10  1.06942e+08
4  11  8.91961e+07
4  12  1.21004e+08
4  13  9.91368e+07
4  14  1.01262e+08
4  15  1.24912e+08
4  16  1.14318e+08
4  17  9.96581e+07
4  18  1.25217e+08
4  19  1.33673e+08
4  20  1.79487e+08
4  21  1.44067e+08
4  22  1.39066e+08
4  23  1.52157e+08
4  24  1.67582e+08
4  25  1.46364e+08
4  26  1.21262e+08
4  27  1.17072e+08
4  28  1.36908e+08
4  29  1.11722e+08
4  30  1.1012e+08
4  31  1.25716e+08
4  32  1.63518e+08
4  33  1.37762e+08
4  34  1.63796e+08
4  35  1.47394e+08
4  36  1.78438e+08
4  37  1.67626e+08
4  38  1.46011e+08
4  39  2.02283e+08
4  40  1.7213e+08
4  41  1.8676e+08
4  42  2.22482e+08
4  43  1.59843e+08
4  44  2.12099e+08
4  45  1.14815e+08
4  46  1.37803e+08
4  47  1.76038e+08
4  48  1.97379e+08
4  49  1.75545e+08
4  50  2.003e+08
5  0  4.01738e+08
5  1  7.95088e+08
5  2  2.86701e+08
5  3  1.93449e+08
5  4  1.88777e+08
5  5  1.59636e+08
5  6  1.69924e+08
5  7  1.32269e+08
5  8  1.14364e+08
5  9  1.44873e+08
5  10  1.12446e+08
5  11  1.05035e+08
5  12  1.14222e+08
5  13  1.07906e+08
5  14  1.01511e+08
5  15  1.09798e+08
5  16  9.96032e+07
5  17  1.0427e+08
5  18  1.22964e+08
5  19  1.2116e+08
5  20  1.53336e+08
5  21  1.71702e+08
5  22  1.5422e+08
5  23  1.50139e+08
5  24  1.6057e+08
5  25  1.25201e+08
5  26  1.07048e+08
5  27  1.26934e+08
5  28  1.3028e+08
5  29  1.32547e+08
5  30  1.21871e+08
5  31  1.42973e+08
5  32  1.57806e+08
5  33  1.69357e+08
5  34  1.4808e+08
5  35  1.76935e+08
5  36  1.71502e+08
5  37  1.73958e+08
5  38  1.52377e+08
5  39  1.4957e+08
5  40  1.74766e+08
5  41  1.78646e+08
5  42  2.08153e+08
5  43  2.01878e+08
5  44  1.74011e+08
5  45  1.16148e+08
5  46  1.67201e+08
5  47  1.87449e+08
5  48  1.90352e+08
5  49  1.78704e+08
5  50  1.9224e+08
6  0  3.67243e+08
6  1  6.54826e+08
6  2  3.00851e+08
6  3  1.96604e+08
6  4  1.48641e+08
6  5  1.75291e+08
6  6  1.2141e+08
6  7  1.15683e+08
6  8  1.37596e+08
6  9  1.38093e+08
6  10  8.37505e+07
6  11  9.94168e+07
6  12  9.04769e+07
6  13  1.20485e+08
6  14  8.11123e+07
6  15  1.1552e+08
6  16  1.00119e+08
6  17  1.0148e+08
6  18  1.01722e+08
6  19  1.08284e+08
6  20  1.46794e+08
6  21  1.53232e+08
6  22  1.24801e+08
6  23  1.74651e+08
6  24  1.65323e+08
6  25  1.30114e+08
6  26  1.17859e+08
6  27  1.14243e+08
6  28  9.75949e+07
6  29  1.09631e+08
6  30  1.07901e+08
6  31  1.31592e+08
6  32  1.6398e+08
6  33  1.3997e+08
6  34  1.35584e+08
6  35  1.64262e+08
6  36  1.65426e+08
6  37  1.70045e+08
6  38  1.48252e+08
6  39  1.60324e+08
6  40  1.69747e+08
6  41  1.80808e+08
6  42  2.21552e+08
6  43  2.16612e+08
6  44  1.85348e+08
6  45  1.79709e+08
6  46  1.50102e+08
6  47  1.45359e+08
6  48  2.27437e+08
6  49  1.68714e+08
6  50  1.79613e+08
7  0  3.25818e+08
7  1  5.23137e+08
7  2  2.4064e+08
7  3  1.66631e+08
7  4  1.58193e+08
7  5  1.55773e+08
7  6  1.36696e+08
7  7  1.01139e+08
7  8  1.27338e+08
7  9  7.56776e+07
7  10  1.2589e+08
7  11  1.18524e+08
7  12  1.1217e+08
7  13  1.04663e+08
7  14  1.06223e+08
7  15  1.07404e+08
7  16  8.37807e+07
7  17  9.32028e+07
7  18  1.02599e+08
7  19  1.18287e+08
7  20  1.31361e+08
7  21  1.28634e+08
7  22  1.4733e+08
7  23  1.54526e+08
7  24  1.8134e+08
7  25  1.84342e+08
7  26  1.21975e+08
7  27  1.24262e+08
7  28  1.23433e+08
7  29  1.15826e+08
7  30  1.43203e+08
7  31  1.45248e+08
7  32  1.55762e+08
7  33  1.31554e+08
7  34  1.36531e+08
7  35  1.64479e+08
7  36  1.90088e+08
7  37  1.66577e+08
7  38  1.45395e+08
7  39  1.80845e+08
7  40  1.61508e+08
7  41  1.82619e+08
7  42  1.96362e+08
7  43  1.94946e+08
7  44  1.95113e+08
7  45  1.21582e+08
7  46  1.47458e+08
7  47  1.42734e+08
7  48  1.94581e+08
7  49  1.3618e+08
7  50  1.98793e+08
8  0  2.66561e+08
8  1  4.61261e+08
8  2  2.27576e+08
8  3  1.48291e+08
8  4  1.37793e+08
8  5  1.3317e+08
8  6  1.34169e+08
8  7  1.23452e+08
8  8  1.33371e+08
8  9  1.16922e+08
8  10  1.12532e+08
8  11  1.30421e+08
8  12  1.11491e+08
8  13  9.95492e+07
8  14  1.02483e+08
8  15  1.11113e+08
8  16  1.0058e+08
8  17  9.62648e+07
8  18  1.13732e+08
8  19  7.35595e+07
8  20  1.18294e+08
8  21  1.44946e+08
8  22  1.19639e+08
8  23  1.81013e+08
8  24  1.42257e+08
8  25  1.33995e+08
8  26  1.10835e+08
8  27  1.23157e+08
8  28  1.26685e+08
8  29  9.55722e+07
8  30  1.29813e+08
8  31  1.54945e+08
8  32  1.62781e+08
8  33  1.19999e+08
8  34  1.50405e+08
8  35  1.56805e+08
8  36  1.55307e+08
8  37  1.34626e+08
8  38  1.48617e+08
8  39  1.52804e+08
8  40  1.52047e+08
8  41  1.67175e+08
8  42  1.54683e+08
8  43  1.68045e+08
8  44  1.53308e+08
8  45  1.24952e+08
8  46  1.43401e+08
8  47  1.66224e+08
8  48  1.75045e+08
8  49  1.73063e+08
8  50  1.66235e+08
9  0  2.63605e+08
9  1  3.77045e+08
9  2  1.86873e+08
9  3  1.31244e+08
9  4  1.16031e+08
9  5  1.25326e+08
9  6  1.23079e+08
9  7  1.08153e+08
9  8  1.45384e+08
9  9  1.04205e+08
9  10  1.00212e+08
9  11  1.22976e+08
9  12  1.37587e+08
9  13  1.11058e+08
9  14  1.26384e+08
9  15  1.02036e+08
9  16  8.28306e+07
9  17  9.40987e+07
9  18  9.31456e+07
9  19  9.9872e+07
9  20  1.25833e+08
9  21  1.55263e+08
9  22  1.38586e+08
9  23  1.56015e+08
9  24  1.43203e+08
9  25  1.41052e+08
9  26  1.08566e+08
9  27  1.14024e+08
9  28  1.1579e+08
9  29  1.18818e+08
9  30  1.21713e+08
9  31  1.36126e+08
9  32  1.16625e+08
9  33  1.32667e+08
9  34  1.28074e+08
9  35  1.62124e+08
9  36  1.6441e+08
9  37  1.50571e+08
9  38  1.75821e+08
9  39  1.33434e+08
9  40  1.34632e+08
9  41  1.85613e+08
9  42  1.90729e+08
9  43  1.65655e+08
9  44  1.63978e+08
9  45  1.17005e+08
9  46  1.18247e+08
9  47  1.2263e+08
9  48  1.16166e+08
9  49  1.33871e+08
9  50  1.58586e+08
10  0  2.37313e+08
10  1  3.25219e+08
10  2  1.87028e+08
10  3  1.27938e+08
10  4  1.38022e+08
10  5  1.23118e+08
10  6  7.7441e+07
10  7  1.00335e+08
10  8  1.23285e+08
10  9  1.00782e+08
10  10  9.63645e+07
10  11  1.12998e+08
10  12  1.03429e+08
10  13  1.15333e+08
10  14  1.00761e+08
10  15  1.05051e+08
10  16  1.05612e+08
10  17  9.23557e+07
10  18  1.03179e+08
10  19  7.38059e+07
10  20  1.07018e+08
10  21  1.32407e+08
10  22  1.29338e+08
10  23  1.47139e+08
10  24  1.59009e+08
10  25  1.52699e+08
10  26  1.15466e+08
10  27  1.12202e+08
10  28  1.24027e+08
10  29  9.97822e+07
10  30  1.02615e+08
10  31  1.30137e+08
10  32  1.36161e+08
10  33  1.12908e+08
10  34  1.00369e+08
10  35  1.64534e+08
10  36  1.48566e+08
10  37  1.48322e+08
10  38  1.31661e+08
10  39  1.19e+08
10  40  1.29746e+08
10  41  2.41991e+08
10  42  1.78752e+08
10  43  2.2647e+08
10  44  1.59724e+08
10  45  1.42561e+08
10  46  1.21426e+08
10  47  1.09085e+08
10  48  1.32843e+08
10  49  1.15958e+08
10  50  1.54249e+08
11  0  1.93554e+08
11  1  2.48456e+08
11  2  1.42669e+08
11  3  1.21424e+08
11  4  1.37485e+08
11  5  1.53664e+08
11  6  1.05324e+08
11  7  9.63805e+07
11  8  1.01811e+08
11  9  9.05945e+07
11  10  9.17933e+07
11  11  9.38837e+07
11  12  9.18055e+07
11  13  1.1016e+08
11  14  1.14593e+08
11  15  1.08628e+08
11  16  1.07075e+08
11  17  1.08345e+08
11  18  9.4079e+07
11  19  1.06975e+08
11  20  1.08201e+08
11  21  1.18478e+08
11  22  1.32529e+08
11  23  1.54681e+08
11  24  1.61861e+08
11  25  1.45149e+08
11  26  1.21162e+08
11  27  1.14594e+08
11  28  1.16745e+08
11  29  1.2457e+08
11  30  1.23982e+08
11  31  1.44342e+08
11  32  1.3387e+08
11  33  1.1686e+08
11  34  1.24129e+08
11  35  1.41385e+08
11  36  1.37256e+08
11  37  1.23119e+08
11  38  1.29308e+08
11  39  1.23591e+08
11  40  1.40863e+08
11  41  1.951e+08
11  42  1.83319e+08
11  43  2.03e+08
11  44  1.89302e+08
11  45  1.25627e+08
11  46  1.61131e+08
11  47  1.43413e+08
11  48  1.26643e+08
11  49  1.62962e+08
11  50  2.09701e+08
12  0  1.94514e+08
12  1  2.02776e+08
12  2  1.40136e+08
12  3  1.17348e+08
12  4  1.24437e+08
12  5  1.11155e+08
12  6  9.46402e+07
12  7  1.12878e+08
12  8  1.25511e+08
12  9  7.93994e+07
12  10  1.17704e+08
12  11  1.05076e+08
12  12  1.25544e+08
12  13  9.46585e+07
12  14  1.0671e+08
12  15  1.0583e+08
12  16  9.15491e+07
12  17  8.69364e+07
12  18  8.33489e+07
12  19  7.51147e+07
12  20  9.45707e+07
12  21  1.06541e+08
12  22  1.16526e+08
12  23  1.42772e+08
12  24  1.70289e+08
12  25  1.30848e+08
12  26  1.24998e+08
12  27  1.16028e+08
12  28  1.08746e+08
12  29  1.11156e+08
12  30  1.12331e+08
12  31  1.40229e+08
12  32  1.16302e+08
12  33  1.40667e+08
12  34  1.26295e+08
12  35  1.35419e+08
12  36  1.42444e+08
12  37  1.40928e+08
12  38  1.05953e+08
12  39  1.23737e+08
12  40  1.31798e+08
12  41  1.43299e+08
12  42  1.52588e+08
12  43  1.80995e+08
12  44  1.33631e+08
12  45  1.29352e+08
12  46  1.59315e+08
12  47  1.33854e+08
12  48  1.41075e+08
12  49  1.36865e+08
12  50  2.24579e+08
13  0  1.68159e+08
13  1  1.87209e+08
13  2  1.27591e+08
13  3  1.04647e+08
13  4  1.35012e+08
13  5  1.20798e+08
13  6  8.49351e+07
13  7  9.15406e+07
13  8  9.96495e+07
13  9  1.17119e+08
13  10  9.63241e+07
13  11  1.10566e+08
13  12  1.02258e+08
13  13  1.17701e+08
13  14  8.9933e+07
13  15  9.40709e+07
13  16  8.85732e+07
13  17  1.21774e+08
13  18  1.01711e+08
13  19  8.2125e+07
13  20  8.58919e+07
13  21  1.0754e+08
13  22  1.07232e+08
13  23  1.61378e+08
13  24  1.82848e+08
13  25  1.34677e+08
13  26  1.21844e+08
13  27  1.62029e+08
13  28  1.13405e+08
13  29  8.53309e+07
13  30  1.13016e+08
13  31  1.48814e+08
13  32  1.38647e+08
13  33  1.10862e+08
13  34  9.76459e+07
13  35  1.35201e+08
13  36  1.10808e+08
13  37  1.26699e+08
13  38  1.01454e+08
13  39  1.13584e+08
13  40  1.32148e+08
13  41  1.33921e+08
13  42  1.43028e+08
13  43  1.91494e+08
13  44  1.37854e+08
13  45  1.4682e+08
13  46  1.83449e+08
13  47  1.33711e+08
13  48  1.28518e+08
13  49  1.55516e+08
13  50  2.19913e+08
14  0  1.69568e+08
14  1  1.53593e+08
14  2  1.35424e+08
14  3  1.07152e+08
14  4  1.40245e+08
14  5  1.18013e+08
14  6  9.60113e+07
14  7  8.72903e+07
14  8  1.07377e+08
14  9  1.03455e+08
14  10  9.70796e+07
14  11  9.33531e+07
14  12  1.14466e+08
14  13  1.01593e+08
14  14  8.68271e+07
14  15  9.66956e+07
14  16  1.04744e+08
14  17  1.1212e+08
14  18  8.84002e+07
14  19  9.14731e+07
14  20  8.66815e+07
14  21  9.81609e+07
14  22  1.31139e+08
14  23  1.52899e+08
14  24  1.8425e+08
14  25  1.26105e+08
14  26  1.11091e+08
14  27  1.43608e+08
14  28  1.37091e+08
14  29  1.27074e+08
14  30  1.25102e+08
14  31  1.84846e+08
14  32  1.58277e+08
14  33  1.47016e+08
14  34  1.13559e+08
14  35  1.32396e+08
14  36  1.12378e+08
14  37  1.33515e+08
14  38  1.14374e+08
14  39  1.12333e+08
14  40  1.14096e+08
14  41  1.33103e+08
14  42  1.33728e+08
14  43  1.52584e+08
14  44  1.48181e+08
14  45  1.39473e+08
14  46  1.95183e+08
14  47  1.18655e+08
14  48  1.19482e+08
14  49  1.27179e+08
14  50  2.04572e+08
15  0  1.37969e+08
15  1  1.69591e+08
15  2  1.02383e+08
15  3  1.2224e+08
15  4  1.01368e+08
15  5  1.15763e+08
15  6  1.0688e+08
15  7  1.18707e+08
15  8  8.8588e+07
15  9  1.03378e+08
15  10  9.13551e+07
15  11  1.08052e+08
15  12  8.63846e+07
15  13  1.16655e+08
15  14  8.93949e+07
15  15  8.58985e+07
15  16  7.53132e+07
15  17  9.99255e+07
15  18  7.47231e+07
15  19  8.12305e+07
15  20  8.81228e+07
15  21  1.02569e+08
15  22  1.27357e+08
15  23  1.18546e+08
15  24  2.1148e+08
15  25  1.34069e+08
15  26  1.4601e+08
15  27  1.4044e+08
15  28  1.15195e+08
15  29  1.04355e+08
15  30  8.84257e+07
15  31  1.96116e+08
15  32  1.84098e+08
15  33  1.2861e+08
15  34  1.21194e+08
15  35  1.35512e+08
15  36  1.17483e+08
15  37  1.38823e+08
15  38  1.16742e+08
15  39  1.5035e+08
15  40  1.56973e+08
15  41  1.50369e+08
15  42  1.19602e+08
15  43  1.6368e+08
15  44  1.41152e+08
15  45  1.45783e+08
15  46  1.8175e+08
15  47  1.08481e+08
15  48  8.175e+07
15  49  1.38156e+08
15  50  2.12929e+08
16  0  1.51849e+08
16  1  1.40852e+08
16  2  1.04518e+08
16  3  8.92374e+07
16  4  9.50771e+07
16  5  1.05548e+08
16  6  1.17883e+08
16  7  1.17042e+08
16  8  1.01387e+08
16  9  1.11402e+08
16  10  1.23749e+08
16  11  1.20824e+08
16  12  8.43156e+07
16  13  1.08569e+08
16  14  9.79004e+07
16  15  7.74508e+07
16  16  8.06134e+07
16  17  8.36198e+07
16  18  9.91813e+07
16  19  9.12247e+07
16  20  9.19157e+07
16  21  9.31263e+07
16  22  9.90604e+07
16  23  1.43916e+08
16  24  1.82748e+08
16  25  1.29789e+08
16  26  1.51088e+08
16  27  1.50261e+08
16  28  1.4529e+08
16  29  9.81145e+07
16  30  1.1923e+08
16  31  2.349e+08
16  32  1.87876e+08
16  33  1.57917e+08
16  34  1.21956e+08
16  35  1.54376e+08
16  36  1.41806e+08
16  37  1.40124e+08
16  38  1.33475e+08
16  39  1.37356e+08
16  40  1.34394e+08
16  41  1.64251e+08
16  42  1.34226e+08
16  43  1.50354e+08
16  44  1.35736e+08
16  45  1.43784e+08
16  46  1.33543e+08
16  47  8.60197e+07
16  48  1.10444e+08
16  49  1.29898e+08
16  50  1.76796e+08
17  0  1.37997e+08
17  1  1.39203e+08
17  2  9.57902e+07
17  3  1.01873e+08
17  4  7.6306e+07
17  5  1.09048e+08
17  6  1.17191e+08
17  7  1.07689e+08
17  8  1.11091e+08
17  9  1.06692e+08
17  10  1.17839e+08
17  11  1.23165e+08
17  12  8.79788e+07
17  13  1.03956e+08
17  14  1.05302e+08
17  15  8.26233e+07
17  16  8.43754e+07
17  17  1.09075e+08
17  18  7.99099e+07
17  19  1.00534e+08
17  20  1.12506e+08
17  21  9.69998e+07
17  22  1.00023e+08
17  23  1.30288e+08
17  24  1.35246e+08
17  25  1.33261e+08
17  26  1.38159e+08
17  27  1.25942e+08
17  28  1.31811e+08
17  29  1.32148e+08
17  30  1.44862e+08
17  31  2.78183e+08
17  32  1.9802e+08
17  33  1.40956e+08
17  34  1.39371e+08
17  35  1.1924e+08
17  36  1.53659e+08
17  37  1.37888e+08
17  38  1.51433e+08
17  39  1.4234e+08
17  40  1.38506e+08
17  41  1.72974e+08
17  42  1.87099e+08
17  43  1.41096e+08
17  44  1.53993e+08
17  45  1.59419e+08
17  46  1.1956e+08
17  47  1.02059e+08
17  48  8.13225e+07
17  49  1.35074e+08
17  50  1.5064e+08
18  0  1.30961e+08
18  1  1.20132e+08
18  2  8.46865e+07
18  3  7.3063e+07
18  4  9.46574e+07
18  5  1.16644e+08
18  6  9.15669e+07
18  7  1.08027e+08
18  8  1.10648e+08
18  9  1.22749e+08
18  10  1.19146e+08
18  11  1.11176e+08
18  12  1.06461e+08
18  13  1.1836e+08
18  14  8.74383e+07
18  15  1.06938e+08
18  16  1.01163e+08
18  17  1.02082e+08
18  18  1.14746e+08
18  19  9.28129e+07
18  20  1.04066e+08
18  21  1.00168e+08
18  22  8.29721e+07
18  23  9.54033e+07
18  24  1.18694e+08
18  25  1.23788e+08
18  26  1.40038e+08
18  27  1.51942e+08
18  28  1.23684e+08
18  29  1.48852e+08
18  30  1.21087e+08
18  31  4.01712e+08
18  32  2.86157e+08
18  33  1.61574e+08
18  34  1.45342e+08
18  35  1.87828e+08
18  36  1.64233e+08
18  37  1.2967e+08
18  38  1.36961e+08
18  39  1.44419e+08
18  40  1.6435e+08
18  41  1.87539e+08
18  42  1.49548e+08
18  43  1.58356e+08
18  44  1.57486e+08
18  45  1.25443e+08
18  46  1.17353e+08
18  47  7.6848e+07
18  48  8.59876e+07
18  49  1.15416e+08
18  50  1.30002e+08
19  0  1.25657e+08
19  1  9.92808e+07
19  2  9.36807e+07
19  3  6.91843e+07
19  4  8.85239e+07
19  5  8.64731e+07
19  6  9.24415e+07
19  7  1.10812e+08
19  8  1.19281e+08
19  9  1.14775e+08
19  10  1.11614e+08
19  11  1.04162e+08
19  12  9.81101e+07
19  13  9.69297e+07
19  14  9.09937e+07
19  15  9.04962e+07
19  16  7.91705e+07
19  17  9.77174e+07
19  18  1.09838e+08
19  19  1.28859e+08
19  20  1.01004e+08
19  21  9.86455e+07
19  22  9.66823e+07
19  23  1.04179e+08
19  24  1.05516e+08
19  25  1.14912e+08
19  26  1.30606e+08
19  27  1.01702e+08
19  28  1.04316e+08
19  29  1.23059e+08
19  30  1.4101e+08
19  31  2.78876e+08
19  32  2.20182e+08
19  33  1.52365e+08
19  34  1.50409e+08
19  35  1.62829e+08
19  36  1.43508e+08
19  37  1.64627e+08
19  38  1.62853e+08
19  39  1.77076e+08
19  40  1.51982e+08
19  41  2.02434e+08
19  42  1.76682e+08
19  43  1.61316e+08
19  44  1.77188e+08
19  45  1.53156e+08
19  46  1.1466e+08
19  47  7.9803e+07
19  48  7.4412e+07
19  49  9.52089e+07
19  50  1.34703e+08
20  0  9.48885e+07
20  1  1.11161e+08
20  2  9.5845e+07
20  3  8.98056e+07
20  4  1.00826e+08
20  5  9.81801e+07
20  6  8.93573e+07
20  7  1.16871e+08
20  8  1.5275e+08
20  9  1.16283e+08
20  10  1.39985e+08
20  11  1.23632e+08
20  12  9.78949e+07
20  13  9.57749e+07
20  14  8.82934e+07
20  15  1.00939e+08
20  16  8.68707e+07
20  17  8.5592e+07
20  18  9.08756e+07
20  19  1.14464e+08
20  20  8.87568e+07
20  21  9.67858e+07
20  22  1.11162e+08
20  23  1.07069e+08
20  24  1.15227e+08
20  25  1.08228e+08
20  26  1.24098e+08
20  27  1.13013e+08
20  28  1.12143e+08
20  29  1.3438e+08
20  30  1.39779e+08
20  31  2.1747e+08
20  32  2.02222e+08
20  33  1.46567e+08
20  34  1.33831e+08
20  35  1.9261e+08
20  36  1.43502e+08
20  37  1.37471e+08
20  38  1.25132e+08
20  39  1.45474e+08
20  40  1.7308e+08
20  41  1.83233e+08
20  42  1.79707e+08
20  43  1.66832e+08
20  44  1.68812e+08
20  45  1.41774e+08
20  46  1.1344e+08
20  47  9.56296e+07
20  48  8.54716e+07
20  49  1.36379e+08
20  50  1.38986e+08
21  0  1.17133e+08
21  1  8.59506e+07
21  2  1.0057e+08
21  3  8.58085e+07
21  4  1.11678e+08
21  5  1.21531e+08
21  6  9.70443e+07
21  7  1.02214e+08
21  8  1.03714e+08
21  9  1.27209e+08
21  10  1.10465e+08
21  11  8.31554e+07
21  12  1.02366e+08
21  13  8.42163e+07
21  14  1.06756e+08
21  15  9.3122e+07
21  16  1.24142e+08
21  17  7.78529e+07
21  18  1.17141e+08
21  19  1.26496e+08
21  20  1.23393e+08
21  21  8.50283e+07
21  22  1.05361e+08
21  23  1.25125e+08
21  24  1.17289e+08
21  25  1.28375e+08
21  26  1.06601e+08
21  27  1.26316e+08
21  28  1.07057e+08
21  29  1.08781e+08
21  30  1.36141e+08
21  31  2.0317e+08
21  32  1.80306e+08
21  33  1.50468e+08
21  34  1.47298e+08
21  35  1.79944e+08
21  36  1.32575e+08
21  37  1.05788e+08
21  38  1.27223e+08
21  39  1.61453e+08
21  40  2.03401e+08
21  41  1.78491e+08
21  42  1.97181e+08
21  43  1.96399e+08
21  44  1.59187e+08
21  45  1.66306e+08
21  46  1.11016e+08
21  47  1.00756e+08
21  48  8.198e+07
21  49  9.92029e+07
21  50  1.52366e+08
22  0  1.12613e+08
22  1  1.14408e+08
22  2  9.36321e+07
22  3  8.0915e+07
22  4  1.13922e+08
22  5  8.0525e+07
22  6  1.0007e+08
22  7  1.03454e+08
22  8  7.69332e+07
22  9  1.05529e+08
22  10  1.17067e+08
22  11  1.10506e+08
22  12  1.08439e+08
22  13  1.09881e+08
22  14  1.10302e+08
22  15  1.17116e+08
22  16  1.28253e+08
22  17  8.78609e+07
22  18  1.16738e+08
22  19  1.42462e+08
22  20  9.98319e+07
22  21  8.37793e+07
22  22  1.22994e+08
22  23  9.93633e+07
22  24  1.18727e+08
22  25  1.15447e+08
22  26  1.1019e+08
22  27  1.04145e+08
22  28  1.24817e+08
22  29  1.04403e+08
22  30  1.15402e+08
22  31  1.44999e+08
22  32  1.84435e+08
22  33  1.41634e+08
22  34  1.85136e+08
22  35  2.45148e+08
22  36  1.5727e+08
22  37  1.44374e+08
22  38  1.29971e+08
22  39  1.35997e+08
22  40  1.66005e+08
22  41  1.83434e+08
22  42  1.96233e+08
22  43  2.12578e+08
22  44  1.88594e+08
22  45  1.80329e+08
22  46  1.22831e+08
22  47  1.16727e+08
22  48  9.12236e+07
22  49  1.02004e+08
22  50  1.43651e+08
23  0  1.16847e+08
23  1  8.9692e+07
23  2  9.23724e+07
23  3  7.76114e+07
23  4  8.79826e+07
23  5  1.17014e+08
23  6  1.09163e+08
23  7  1.01625e+08
23  8  9.80112e+07
23  9  1.09612e+08
23  10  1.1974e+08
23  11  1.15527e+08
23  12  1.15449e+08
23  13  1.38909e+08
23  14  1.07864e+08
23  15  1.09183e+08
23  16  9.39172e+07
23  17  8.50588e+07
23  18  1.39895e+08
23  19  1.34146e+08
23  20  7.23215e+07
23  21  7.97392e+07
23  22  1.11478e+08
23  23  1.09487e+08
23  24  1.175e+08
23  25  1.05126e+08
23  26  1.19005e+08
23  27  1.27291e+08
23  28  1.03462e+08
23  29  1.06397e+08
23  30  9.05019e+07
23  31  1.34777e+08
23  32  1.33014e+08
23  33  1.02141e+08
23  34  1.68482e+08
23  35  2.22624e+08
23  36  1.11757e+08
23  37  1.33451e+08
23  38  1.11123e+08
23  39  1.57126e+08
23  40  1.74919e+08
23  41  2.35842e+08
23  42  2.32196e+08
23  43  2.19285e+08
23  44  1.76719e+08
23  45  1.99714e+08
23  46  1.31972e+08
23  47  1.13114e+08
23  48  1.04297e+08
23  49  1.03449e+08
23  50  1.39343e+08
24  0  9.93424e+07
24  1  8.3665e+07
24  2  8.43309e+07
24  3  1.05447e+08
24  4  1.06116e+08
24  5  9.56241e+07
24  6  1.2374e+08
24  7  7.67022e+07
24  8  8.70473e+07
24  9  1.13483e+08
24  10  7.44721e+07
24  11  1.15774e+08
24  12  1.15141e+08
24  13  1.26689e+08
24  14  1.04102e+08
24  15  1.05868e+08
24  16  1.03947e+08
24  17  9.0806e+07
24  18  1.30901e+08
24  19  1.81889e+08
24  20  1.04505e+08
24  21  7.92982e+07
24  22  1.01907e+08
24  23  1.21772e+08
24  24  1.09935e+08
24  25  1.19685e+08
24  26  1.29868e+08
24  27  1.12092e+08
24  28  1.00481e+08
24  29  9.53705e+07
24  30  7.69438e+07
24  31  1.28868e+08
24  32  1.49616e+08
24  33  1.25594e+08
24  34  1.36203e+08
24  35  1.79096e+08
24  36  1.31921e+08
24  37  1.77513e+08
24  38  1.53832e+08
24  39  1.38641e+08
24  40  1.71368e+08
24  41  2.05457e+08
24  42  2.46083e+08
24  43  1.93138e+08
24  44  1.86855e+08
24  45  2.68324e+08
24  46  1.51414e+08
24  47  1.15451e+08
24  48  1.1582e+08
24  49  1.06897e+08
24  50  1.37044e+08
25  0  1.00813e+08
25  1  9.73077e+07
25  2  9.26282e+07
25  3  1.07625e+08
25  4  1.19473e+08
25  5  1.20181e+08
25  6  1.04406e+08
25  7  8.29832e+07
25  8  1.04876e+08
25  9  1.07339e+08
25  10  7.80777e+07
25  11  9.21375e+07
25  12  9.14693e+07
25  13  1.20177e+08
25  14  1.08898e+08
25  15  1.19961e+08
25  16  1.13693e+08
25  17  9.27387e+07
25  18  1.45504e+08
25  19  1.81027e+08
25  20  9.15483e+07
25  21  1.10017e+08
25  22  1.32292e+08
25  23  1.39738e+08
25  24  1.15326e+08
25  25  1.04526e+08
25  26  1.25589e+08
25  27  1.01876e+08
25  28  6.19354e+07
25  29  1.1325e+08
25  30  9.90876e+07
25  31  1.13177e+08
25  32  1.19291e+08
25  33  9.56637e+07
25  34  1.18433e+08
25  35  1.40781e+08
25  36  1.19285e+08
25  37  1.52071e+08
25  38  1.19214e+08
25  39  1.44666e+08
25  40  1.79978e+08
25  41  2.05445e+08
25  42  2.53182e+08
25  43  1.88934e+08
25  44  2.20851e+08
25  45  2.91341e+08
25  46  1.43798e+08
25  47  1.10114e+08
25  48  1.27529e+08
25  49  1.16809e+08
25  50  1.11863e+08
26  0  8.79348e+07
26  1  1.1768e+08
26  2  1.03646e+08
26  3  9.63945e+07
26  4  1.04191e+08
26  5  1.36114e+08
26  6  1.02396e+08
26  7  8.00148e+07
26  8  1.03219e+08
26  9  1.22353e+08
26  10  1.24582e+08
26  11  8.5688e+07
26  12  1.06575e+08
26  13  1.04787e+08
26  14  9.15856e+07
26  15  1.094e+08
26  16  1.13947e+08
26  17  1.1744e+08
26  18  1.41916e+08
26  19  2.49964e+08
26  20  1.04136e+08
26  21  8.15911e+07
26  22  1.45636e+08
26  23  1.76296e+08
26  24  9.88648e+07
26  25  1.23093e+08
26  26  1.20284e+08
26  27  1.03431e+08
26  28  9.44332e+07
26  29  1.13634e+08
26  30  1.26502e+08
26  31  1.16751e+08
26  32  1.1843e+08
26  33  9.13153e+07
26  34  1.0135e+08
26  35  9.50725e+07
26  36  1.31322e+08
26  37  1.29453e+08
26  38  1.6058e+08
26  39  1.66442e+08
26  40  1.90204e+08
26  41  2.195e+08
26  42  2.35556e+08
26  43  2.19243e+08
26  44  1.98809e+08
26  45  3.80893e+08
26  46  1.34722e+08
26  47  1.37475e+08
26  48  1.30658e+08
26  49  1.43581e+08
26  50  1.36438e+08
27  0  9.72199e+07
27  1  9.7464e+07
27  2  8.1887e+07
27  3  8.71219e+07
27  4  1.3045e+08
27  5  1.19685e+08
27  6  9.0161e+07
27  7  8.9449e+07
27  8  1.11617e+08
27  9  1.12917e+08
27  10  1.04445e+08
27  11  1.05237e+08
27  12  1.19231e+08
27  13  1.08483e+08
27  14  1.40737e+08
27  15  1.29849e+08
27  16  1.06658e+08
27  17  1.2896e+08
27  18  1.59086e+08
27  19  1.54609e+08
27  20  1.02013e+08
27  21  1.1519e+08
27  22  1.95125e+08
27  23  1.43362e+08
27  24  1.1943e+08
27  25  1.326e+08
27  26  1.28837e+08
27  27  1.20342e+08
27  28  8.30403e+07
27  29  1.01322e+08
27  30  9.64517e+07
27  31  1.02623e+08
27  32  1.09008e+08
27  33  1.12477e+08
27  34  1.18688e+08
27  35  1.19594e+08
27  36  1.03492e+08
27  37  1.89264e+08
27  38  1.3285e+08
27  39  1.67762e+08
27  40  1.8132e+08
27  41  2.17994e+08
27  42  2.38996e+08
27  43  2.30427e+08
27  44  1.85113e+08
27  45  2.37977e+08
27  46  1.25999e+08
27  47  1.29289e+08
27  48  1.19688e+08
27  49  1.34679e+08
27  50  1.52651e+08
28  0  9.38778e+07
28  1  9.25035e+07
28  2  1.16555e+08
28  3  9.50832e+07
28  4  1.36436e+08
28  5  1.38068e+08
28  6  9.8866e+07
28  7  1.07781e+08
28  8  1.15977e+08
28  9  1.0974e+08
28  10  1.10328e+08
28  11  9.83747e+07
28  12  9.79776e+07
28  13  1.25542e+08
28  14  1.18286e+08
28  15  1.1101e+08
28  16  9.25537e+07
28  17  9.52854e+07
28  18  1.20911e+08
28  19  1.63256e+08
28  20  8.4487e+07
28  21  1.37453e+08
28  22  2.21572e+08
28  23  2.22717e+08
28  24  1.22166e+08
28  25  1.08341e+08
28  26  1.41982e+08
28  27  1.24841e+08
28  28  1.01281e+08
28  29  1.08179e+08
28  30  1.00678e+08
28  31  1.16816e+08
28  32  1.07658e+08
28  33  9.14084e+07
28  34  1.03194e+08
28  35  1.14523e+08
28  36  1.29095e+08
28  37  1.37175e+08
28  38  1.23321e+08
28  39  1.44041e+08
28  40  1.66743e+08
28  41  1.89201e+08
28  42  1.98467e+08
28  43  1.46123e+08
28  44  1.87987e+08
28  45  2.00483e+08
28  46  1.48901e+08
28  47  1.22542e+08
28  48  1.25601e+08
28  49  1.2617e+08
28  50  1.41498e+08
29  0  1.19316e+08
29  1  9.94322e+07
29  2  9.8881e+07
29  3  9.63722e+07
29  4  1.26648e+08
29  5  1.0691e+08
29  6  1.13543e+08
29  7  9.56786e+07
29  8  1.02778e+08
29  9  1.00366e+08
29  10  1.07442e+08
29  11  9.51776e+07
29  12  8.49255e+07
29  13  9.38462e+07
29  14  9.04154e+07
29  15  1.13078e+08
29  16  1.10788e+08
29  17  1.05448e+08
29  18  1.28883e+08
29  19  1.31147e+08
29  20  7.94136e+07
29  21  9.65781e+07
29  22  2.60728e+08
29  23  2.92477e+08
29  24  1.12964e+08
29  25  1.22019e+08
29  26  1.10302e+08
29  27  9.48251e+07
29  28  1.25809e+08
29  29  1.30759e+08
29  30  1.10317e+08
29  31  1.18256e+08
29  32  1.227e+08
29  33  8.35047e+07
29  34  1.19227e+08
29  35  1.08468e+08
29  36  1.12819e+08
29  37  1.12796e+08
29  38  1.0265e+08
29  39  1.43572e+08
29  40  1.6615e+08
29  41  1.67201e+08
29  42  1.76199e+08
29  43  1.69067e+08
29  44  1.64029e+08
29  45  1.89195e+08
29  46  1.23587e+08
29  47  1.26243e+08
29  48  9.73297e+07
29  49  1.04863e+08
29  50  1.48408e+08
30  0  1.05251e+08
30  1  1.08262e+08
30  2  1.11785e+08
30  3  1.21574e+08
30  4  1.21219e+08
30  5  1.26813e+08
30  6  1.07316e+08
30  7  1.00727e+08
30  8  9.80114e+07
30  9  1.02496e+08
30  10  1.16241e+08
30  11  8.58309e+07
30  12  8.51965e+07
30  13  9.49525e+07
30  14  7.95081e+07
30  15  1.12767e+08
30  16  1.05823e+08
30  17  9.35282e+07
30  18  8.63907e+07
30  19  1.36623e+08
30  20  9.73879e+07
30  21  1.15652e+08
30  22  2.68611e+08
30  23  3.03874e+08
30  24  1.48157e+08
30  25  1.29723e+08
30  26  1.1915e+08
30  27  1.06602e+08
30  28  9.78371e+07
30  29  8.66065e+07
30  30  1.23253e+08
30  31  1.0231e+08
30  32  1.06854e+08
30  33  1.07171e+08
30  34  1.05617e+08
30  35  1.1352e+08
30  36  1.04267e+08
30  37  1.27778e+08
30  38  1.16848e+08
30  39  1.21384e+08
30  40  1.37975e+08
30  41  2.43997e+08
30  42  1.88222e+08
30  43  1.52216e+08
30  44  1.51849e+08
30  45  1.70737e+08
30  46  1.4617e+08
30  47  1.03829e+08
30  48  1.08607e+08
30  49  1.21144e+08
30  50  1.58339e+08
31  0  1.2213e+08
31  1  1.12102e+08
31  2  1.17778e+08
31  3  1.28322e+08
31  4  1.31631e+08
31  5  1.35905e+08
31  6  1.04201e+08
31  7  1.16666e+08
31  8  1.19384e+08
31  9  1.06132e+08
31  10  1.0832e+08
31  11  1.03265e+08
31  12  1.15436e+08
31  13  7.83796e+07
31  14  8.01273e+07
31  15  7.6264e+07
31  16  1.11815e+08
31  17  1.13701e+08
31  18  1.25882e+08
31  19  1.33074e+08
31  20  1.15549e+08
31  21  1.45877e+08
31  22  4.47812e+08
31  23  3.00747e+08
31  24  1.13664e+08
31  25  1.4977e+08
31  26  1.15409e+08
31  27  1.1884e+08
31  28  9.71775e+07
31  29  1.09587e+08
31  30  1.34968e+08
31  31  1.13292e+08
31  32  1.32818e+08
31  33  9.90441e+07
31  34  1.50742e+08
31  35  1.4296e+08
31  36  1.05588e+08
31  37  1.33442e+08
31  38  1.35467e+08
31  39  1.46353e+08
31  40  1.78584e+08
31  41  2.41934e+08
31  42  1.80471e+08
31  43  1.48358e+08
31  44  1.5878e+08
31  45  1.48791e+08
31  46  1.49365e+08
31  47  1.37184e+08
31  48  1.05254e+08
31  49  1.28818e+08
31  50  1.53143e+08
32  0  9.07887e+07
32  1  1.1334e+08
32  2  1.06753e+08
32  3  1.42477e+08
32  4  1.18854e+08
32  5  1.29569e+08
32  6  8.70442e+07
32  7  1.17553e+08
32  8  1.25068e+08
32  9  9.82474e+07
32  10  9.82516e+07
32  11  7.39453e+07
32  12  8.56981e+07
32  13  8.55104e+07
32  14  9.26295e+07
32  15  9.37001e+07
32  16  1.07539e+08
32  17  1.14941e+08
32  18  1.3206e+08
32  19  1.17204e+08
32  20  1.11081e+08
32  21  1.6593e+08
32  22  3.86072e+08
32  23  4.06895e+08
32  24  1.46839e+08
32  25  1.28812e+08
32  26  1.2024e+08
32  27  1.14777e+08
32  28  9.23487e+07
32  29  1.22348e+08
32  30  1.09562e+08
32  31  1.32259e+08
32  32  1.2819e+08
32  33  1.08344e+08
32  34  1.13009e+08
32  35  1.42546e+08
32  36  1.17451e+08
32  37  1.22331e+08
32  38  1.14777e+08
32  39  1.30758e+08
32  40  1.59897e+08
32  41  3.18468e+08
32  42  1.80802e+08
32  43  1.63246e+08
32  44  1.88581e+08
32  45  1.55595e+08
32  46  1.48335e+08
32  47  1.36067e+08
32  48  8.80421e+07
32  49  1.27607e+08
32  50  1.28579e+08
33  0  1.10217e+08
33  1  9.333e+07
33  2  1.00403e+08
33  3  1.14169e+08
33  4  1.39776e+08
33  5  1.12878e+08
33  6  9.1749e+07
33  7  1.27353e+08
33  8  1.14576e+08
33  9  1.37866e+08
33  10  9.45098e+07
33  11  8.13431e+07
33  12  8.60339e+07
33  13  9.73784e+07
33  14  1.04602e+08
33  15  1.10433e+08
33  16  1.34987e+08
33  17  1.11079e+08
33  18  1.03746e+08
33  19  1.07055e+08
33  20  1.07507e+08
33  21  1.27602e+08
33  22  2.85748e+08
33  23  3.10224e+08
33  24  1.43438e+08
33  25  1.34963e+08
33  26  1.17806e+08
33  27  1.30515e+08
33  28  9.53939e+07
33  29  1.09814e+08
33  30  1.21429e+08
33  31  1.22278e+08
33  32  1.37823e+08
33  33  1.32213e+08
33  34  1.37237e+08
33  35  1.4878e+08
33  36  1.58475e+08
33  37  1.13199e+08
33  38  1.35002e+08
33  39  1.71027e+08
33  40  2.45896e+08
33  41  4.56672e+08
33  42  2.13207e+08
33  43  1.61423e+08
33  44  1.37806e+08
33  45  1.74812e+08
33  46  1.41396e+08
33  47  1.31601e+08
33  48  1.05683e+08
33  49  1.01793e+08
33  50  1.12268e+08
34  0  9.13758e+07
34  1  9.88439e+07
34  2  1.17728e+08
34  3  1.20972e+08
34  4  1.25233e+08
34  5  1.08025e+08
34  6  8.0869e+07
34  7  1.19877e+08
34  8  1.51159e+08
34  9  1.42136e+08
34  10  9.13659e+07
34  11  1.09092e+08
34  12  9.1525e+07
34  13  9.00609e+07
34  14  8.61756e+07
34  15  1.07441e+08
34  16  1.29659e+08
34  17  1.10378e+08
34  18  1.16749e+08
34  19  1.12364e+08
34  20  1.23865e+08
34  21  1.36149e+08
34  22  2.38225e+08
34  23  2.96608e+08
34  24  1.80364e+08
34  25  1.21597e+08
34  26  1.1152e+08
34  27  1.11188e+08
34  28  1.27912e+08
34  29  1.00842e+08
34  30  1.18378e+08
34  31  1.26851e+08
34  32  1.98922e+08
34  33  1.16144e+08
34  34  1.23074e+08
34  35  1.18427e+08
34  36  1.26385e+08
34  37  1.32665e+08
34  38  1.1286e+08
34  39  1.64274e+08
34  40  1.56351e+08
34  41  2.78239e+08
34  42  1.70809e+08
34  43  1.24796e+08
34  44  1.4309e+08
34  45  1.33876e+08
34  46  1.28613e+08
34  47  1.70757e+08
34  48  8.85025e+07
34  49  1.06596e+08
34  50  1.04223e+08
35  0  1.07748e+08
35  1  1.01036e+08
35  2  1.19776e+08
35  3  1.10478e+08
35  4  1.02722e+08
35  5  1.01494e+08
35  6  9.20534e+07
35  7  1.31085e+08
35  8  1.46231e+08
35  9  1.38751e+08
35  10  9.13223e+07
35  11  1.03671e+08
35  12  1.06504e+08
35  13  9.08571e+07
35  14  9.14294e+07
35  15  9.88872e+07
35  16  1.7551e+08
35  17  1.3011e+08
35  18  9.47823e+07
35  19  1.02932e+08
35  20  9.22181e+07
35  21  1.06125e+08
35  22  2.38548e+08
35  23  1.96573e+08
35  24  1.34776e+08
35  25  8.3978e+07
35  26  1.28257e+08
35  27  9.67094e+07
35  28  1.16366e+08
35  29  1.40906e+08
35  30  1.46446e+08
35  31  1.21331e+08
35  32  1.78951e+08
35  33  1.34254e+08
35  34  1.50234e+08
35  35  1.66957e+08
35  36  1.40308e+08
35  37  1.06588e+08
35  38  1.15482e+08
35  39  1.41546e+08
35  40  1.58141e+08
35  41  2.35268e+08
35  42  1.50388e+08
35  43  1.48538e+08
35  44  1.2597e+08
35  45  1.52293e+08
35  46  1.03086e+08
35  47  1.75119e+08
35  48  1.28206e+08
35  49  1.02527e+08
35  50  9.51178e+07
36  0  1.11479e+08
36  1  1.34602e+08
36  2  9.99031e+07
36  3  1.19988e+08
36  4  1.11909e+08
36  5  9.68651e+07
36  6  7.99233e+07
36  7  1.15265e+08
36  8  1.22471e+08
36  9  2.0224e+08
36  10  1.10401e+08
36  11  1.08743e+08
36  12  8.85583e+07
36  13  8.43717e+07
36  14  9.68988e+07
36  15  9.91836e+07
36  16  2.14291e+08
36  17  1.70826e+08
36  18  1.26581e+08
36  19  8.2252e+07
36  20  8.97037e+07
36  21  1.18598e+08
36  22  1.63484e+08
36  23  2.12942e+08
36  24  1.18691e+08
36  25  1.1903e+08
36  26  8.97648e+07
36  27  1.02124e+08
36  28  1.04686e+08
36  29  9.88961e+07
36  30  1.80193e+08
36  31  1.71679e+08
36  32  2.3421e+08
36  33  1.52829e+08
36  34  1.61597e+08
36  35  1.86051e+08
36  36  1.56183e+08
36  37  1.29085e+08
36  38  1.16275e+08
36  39  1.49804e+08
36  40  1.18795e+08
36  41  1.83734e+08
36  42  1.67922e+08
36  43  1.43472e+08
36  44  1.49976e+08
36  45  1.29945e+08
36  46  1.39644e+08
36  47  1.85092e+08
36  48  1.17577e+08
36  49  1.42657e+08
36  50  8.74439e+07
37  0  1.29848e+08
37  1  8.44035e+07
37  2  1.07218e+08
37  3  1.09851e+08
37  4  1.13387e+08
37  5  1.14897e+08
37  6  1.1082e+08
37  7  1.40119e+08
37  8  1.25535e+08
37  9  1.3869e+08
37  10  1.17323e+08
37  11  1.09771e+08
37  12  1.03217e+08
37  13  1.0875e+08
37  14  1.12537e+08
37  15  1.43327e+08
37  16  2.33382e+08
37  17  1.4516e+08
37  18  9.81401e+07
37  19  9.03224e+07
37  20  1.00985e+08
37  21  8.31959e+07
37  22  1.67478e+08
37  23  1.6736e+08
37  24  1.12724e+08
37  25  9.97413e+07
37  26  1.01442e+08
37  27  1.14205e+08
37  28  1.23828e+08
37  29  1.22298e+08
37  30  1.61775e+08
37  31  1.75503e+08
37  32  3.05084e+08
37  33  1.49523e+08
37  34  1.51706e+08
37  35  1.9159e+08
37  36  1.35376e+08
37  37  1.28952e+08
37  38  1.08574e+08
37  39  1.11e+08
37  40  1.36426e+08
37  41  1.47527e+08
37  42  1.51235e+08
37  43  2.1088e+08
37  44  1.49961e+08
37  45  1.47112e+08
37  46  1.4648e+08
37  47  1.71076e+08
37  48  1.0144e+08
37  49  8.10297e+07
37  50  1.16079e+08
38  0  1.05182e+08
38  1  1.285e+08
38  2  1.14645e+08
38  3  1.24232e+08
38  4  1.08921e+08
38  5  1.03595e+08
38  6  1.17149e+08
38  7  1.63797e+08
38  8  1.1583e+08
38  9  1.20362e+08
38  10  9.06669e+07
38  11  1.09479e+08
38  12  1.03556e+08
38  13  8.81767e+07
38  14  1.06467e+08
38  15  1.01504e+08
38  16  2.33053e+08
38  17  1.46698e+08
38  18  1.08096e+08
38  19  8.76691e+07
38  20  8.71521e+07
38  21  9.82565e+07
38  22  1.4127e+08
38  23  1.44528e+08
38  24  9.21459e+07
38  25  9.49693e+07
38  26  1.08521e+08
38  27  1.04974e+08
38  28  1.50444e+08
38  29  1.18819e+08
38  30  1.67595e+08
38  31  2.10189e+08
38  32  3.5058e+08
38  33  1.62287e+08
38  34  1.3872e+08
38  35  1.5726e+08
38  36  1.76758e+08
38  37  1.53752e+08
38  38  9.32334e+07
38  39  9.51107e+07
38  40  1.09939e+08
38  41  1.36854e+08
38  42  1.49287e+08
38  43  1.54961e+08
38  44  1.51518e+08
38  45  1.3545e+08
38  46  1.37418e+08
38  47  1.76448e+08
38  48  8.95682e+07
38  49  1.37203e+08
38  50  1.03073e+08
39  0  1.00279e+08
39  1  1.03708e+08
39  2  1.18502e+08
39  3  1.03839e+08
39  4  1.03157e+08
39  5  1.11245e+08
39  6  1.05476e+08
39  7  1.57763e+08
39  8  1.28555e+08
39  9  1.11459e+08
39  10  1.1224e+08
39  11  9.09255e+07
39  12  1.11869e+08
39  13  1.06205e+08
39  14  1.23635e+08
39  15  1.21583e+08
39  16  1.84288e+08
39  17  1.44409e+08
39  18  1.1164e+08
39  19  1.25727e+08
39  20  7.66689e+07
39  21  8.66903e+07
39  22  1.31944e+08
39  23  1.29872e+08
39  24  1.03126e+08
39  25  1.00791e+08
39  26  9.20112e+07
39  27  1.27722e+08
39  28  1.56207e+08
39  29  1.79633e+08
39  30  1.93115e+08
39  31  2.97171e+08
39  32  4.37382e+08
39  33  1.71575e+08
39  34  1.31678e+08
39  35  1.40781e+08
39  36  1.56731e+08
39  37  1.2653e+08
39  38  1.23894e+08
39  39  1.10742e+08
39  40  1.24977e+08
39  41  1.4448e+08
39  42  1.4516e+08
39  43  1.8788e+08
39  44  1.47735e+08
39  45  1.23338e+08
39  46  1.10218e+08
39  47  1.52376e+08
39  48  8.78331e+07
39  49  9.07673e+07
39  50  8.47475e+07
40  0  1.00926e+08
40  1  9.47068e+07
40  2  1.1462e+08
40  3  1.12221e+08
40  4  1.24234e+08
40  5  1.00869e+08
40  6  1.13197e+08
40  7  1.81891e+08
40  8  1.43191e+08
40  9  1.48643e+08
40  10  1.0943e+08
40  11  1.05219e+08
40  12  1.06161e+08
40  13  1.22922e+08
40  14  8.98203e+07
40  15  1.28502e+08
40  16  1.63738e+08
40  17  1.58491e+08
40  18  1.49455e+08
40  19  1.07055e+08
40  20  9.06226e+07
40  21  1.07913e+08
40  22  1.2085e+08
40  23  1.3645e+08
40  24  8.56854e+07
40  25  1.21516e+08
40  26  1.02499e+08
40  27  1.08661e+08
40  28  2.01766e+08
40  29  2.16012e+08
40  30  2.01875e+08
40  31  2.99287e+08
40  32  5.48124e+08
40  33  2.30922e+08
40  34  1.52382e+08
40  35  1.74827e+08
40  36  1.64309e+08
40  37  1.1143e+08
40  38  1.26081e+08
40  39  1.01841e+08
40  40  1.08444e+08
40  41  1.36839e+08
40  42  1.25188e+08
40  43  1.45378e+08
40  44  1.45184e+08
40  45  1.2009e+08
40  46  1.40135e+08
40  47  1.3227e+08
40  48  1.16439e+08
40  49  1.15463e+08
40  50  8.78812e+07
41  0  9.74719e+07
41  1  1.08321e+08
41  2  1.19971e+08
41  3  1.27249e+08
41  4  8.42108e+07
41  5  8.97186e+07
41  6  1.02821e+08
41  7  2.34406e+08
41  8  1.4259e+08
41  9  1.17908e+08
41  10  1.14471e+08
41  11  1.3065e+08
41  12  1.13885e+08
41  13  1.00492e+08
41  14  9.48619e+07
41  15  1.40022e+08
41  16  1.72353e+08
41  17  1.30683e+08
41  18  1.33339e+08
41  19  9.44443e+07
41  20  9.69153e+07
41  21  9.52454e+07
41  22  1.44013e+08
41  23  1.47316e+08
41  24  9.28049e+07
41  25  1.06799e+08
41  26  1.21682e+08
41  27  1.3729e+08
41  28  2.23403e+08
41  29  1.95796e+08
41  30  2.18571e+08
41  31  3.84093e+08
41  32  7.49731e+08
41  33  2.3478e+08
41  34  1.4972e+08
41  35  1.50347e+08
41  36  1.51209e+08
41  37  1.34198e+08
41  38  1.08702e+08
41  39  9.84627e+07
41  40  1.09306e+08
41  41  1.42155e+08
41  42  1.55319e+08
41  43  1.56835e+08
41  44  1.48389e+08
41  45  1.34621e+08
41  46  1.34087e+08
41  47  1.33562e+08
41  48  7.73363e+07
41  49  1.07709e+08
41  50  1.00057e+08
42  0  1.0362e+08
42  1  1.03688e+08
42  2  8.99459e+07
42  3  1.0559e+08
42  4  9.44984e+07
42  5  8.72161e+07
42  6  1.12492e+08
42  7  1.45201e+08
42  8  1.28366e+08
42  9  1.2669e+08
42  10  1.35965e+08
42  11  1.27756e+08
42  12  1.07455e+08
42  13  9.38739e+07
42  14  1.08404e+08
42  15  1.33467e+08
42  16  1.33791e+08
42  17  1.32078e+08
42  18  1.16778e+08
42  19  1.29945e+08
42  20  1.18519e+08
42  21  9.03661e+07
42  22  1.28395e+08
42  23  1.61275e+08
42  24  9.50707e+07
42  25  9.96259e+07
42  26  1.283e+08
42  27  1.6147e+08
42  28  2.90297e+08
42  29  2.56102e+08
42  30  2.62695e+08
42  31  4.35256e+08
42  32  9.47835e+08
42  33  3.28414e+08
42  34  1.59836e+08
42  35  1.42746e+08
42  36  1.35601e+08
42  37  1.14687e+08
42  38  1.04151e+08
42  39  9.5204e+07
42  40  1.03509e+08
42  41  1.26506e+08
42  42  1.34512e+08
42  43  1.74984e+08
42  44  1.48747e+08
42  45  1.15719e+08
42  46  9.13501e+07
42  47  1.08818e+08
42  48  1.04378e+08
42  49  1.16559e+08
42  50  1.01322e+08
43  0  8.62295e+07
43  1  1.15517e+08
43  2  1.12021e+08
43  3  1.3922e+08
43  4  1.08295e+08
43  5  9.40933e+07
43  6  1.03664e+08
43  7  1.1481e+08
43  8  1.18329e+08
43  9  9.84794e+07
43  10  1.17059e+08
43  11  1.39753e+08
43  12  9.43036e+07
43  13  7.98437e+07
43  14  1.04421e+08
43  15  1.0073e+08
43  16  1.35064e+08
43  17  1.1212e+08
43  18  1.27858e+08
43  19  1.31162e+08
43  20  1.1573e+08
43  21  8.13713e+07
43  22  1.39654e+08
43  23  1.21218e+08
43  24  1.15347e+08
43  25  1.16079e+08
43  26  1.27407e+08
43  27  1.60145e+08
43  28  2.64248e+08
43  29  2.55309e+08
43  30  3.75642e+08
43  31  4.45232e+08
43  32  8.90159e+08
43  33  2.8733e+08
43  34  1.73586e+08
43  35  1.54328e+08
43  36  1.35359e+08
43  37  9.63913e+07
43  38  1.09844e+08
43  39  9.25887e+07
43  40  8.01829e+07
43  41  1.35618e+08
43  42  1.52398e+08
43  43  1.78822e+08
43  44  1.36772e+08
43  45  1.22722e+08
43  46  1.07983e+08
43  47  1.12526e+08
43  48  1.03023e+08
43  49  8.91565e+07
43  50  1.18008e+08
44  0  1.49329e+08
44  1  1.20342e+08
44  2  1.04416e+08
44  3  1.38671e+08
44  4  1.147e+08
44  5  8.78768e+07
44  6  1.07299e+08
44  7  1.01058e+08
44  8  1.38278e+08
44  9  1.32611e+08
44  10  9.82342e+07
44  11  1.11966e+08
44  12  7.86533e+07
44  13  8.42668e+07
44  14  9.08013e+07
44  15  1.07703e+08
44  16  1.16992e+08
44  17  1.38624e+08
44  18  1.27165e+08
44  19  1.14177e+08
44  20  8.59214e+07
44  21  1.13923e+08
44  22  1.08824e+08
44  23  1.03266e+08
44  24  1.16981e+08
44  25  9.61088e+07
44  26  1.09292e+08
44  27  1.45618e+08
44  28  2.02593e+08
44  29  2.84038e+08
44  30  2.88917e+08
44  31  5.98134e+08
44  32  5.38321e+08
44  33  2.70298e+08
44  34  1.65814e+08
44  35  1.55566e+08
44  36  1.31219e+08
44  37  1.20497e+08
44  38  9.0766e+07
44  39  9.20549e+07
44  40  1.07607e+08
44  41  1.15555e+08
44  42  1.65265e+08
44  43  1.95545e+08
44  44  1.79179e+08
44  45  1.04425e+08
44  46  1.00882e+08
44  47  1.0798e+08
44  48  9.11993e+07
44  49  9.40121e+07
44  50  9.6698e+07
45  0  1.0798e+08
45  1  1.15259e+08
45  2  1.30576e+08
45  3  1.11032e+08
45  4  8.97333e+07
45  5  8.37037e+07
45  6  1.03039e+08
45  7  1.09636e+08
45  8  1.42296e+08
45  9  1.28563e+08
45  10  1.15531e+08
45  11  1.08093e+08
45  12  9.22139e+07
45  13  7.39014e+07
45  14  9.69697e+07
45  15  1.3968e+08
45  16  1.42768e+08
45  17  1.60648e+08
45  18  1.3017e+08
45  19  1.10452e+08
45  20  9.66185e+07
45  21  1.08904e+08
45  22  9.83503e+07
45  23  1.35232e+08
45  24  1.18671e+08
45  25  9.71448e+07
45  26  1.22661e+08
45  27  1.37307e+08
45  28  2.67816e+08
45  29  2.88431e+08
45  30  3.04597e+08
45  31  4.21273e+08
45  32  4.65822e+08
45  33  2.25556e+08
45  34  1.26473e+08
45  35  1.66038e+08
45  36  1.27907e+08
45  37  1.27003e+08
45  38  1.08636e+08
45  39  1.01659e+08
45  40  1.31155e+08
45  41  1.28765e+08
45  42  2.31119e+08
45  43  1.86684e+08
45  44  1.23252e+08
45  45  1.2451e+08
45  46  1.06177e+08
45  47  1.0614e+08
45  48  1.00896e+08
45  49  9.27483e+07
45  50  1.11421e+08

