row  column  (images_1_region2.edf Fe-K*images_1_region2.edf Ar-K**2.3)
0  0  2.11358e+07
0  1  2.09462e+07
0  2  2.5056e+07
0  3  1.83941e+07
0  4  2.13494e+07
0  5  1.83829e+07
0  6  2.58827e+07
0  7  2.05341e+07
0  8  2.51797e+07
0  9  2.54248e+07
0  10  3.40374e+07
0  11  3.29522e+07
0  12  3.81641e+07
0  13  3.3027e+07
0  14  3.11734e+07
0  15  2.28643e+07
0  16  3.57294e+07
0  17  3.21347e+07
0  18  2.13898e+07
0  19  4.5488e+07
0  20  4.71179e+07
0  21  2.96187e+07
0  22  4.51093e+07
0  23  4.14933e+07
0  24  4.04441e+07
0  25  4.066e+07
0  26  3.62567e+07
0  27  4.62172e+07
0  28  4.47855e+07
0  29  4.01791e+07
0  30  3.60622e+07
0  31  3.71449e+07
0  32  4.8416e+07
0  33  6.2852e+07
0  34  5.39773e+07
0  35  4.94972e+07
0  36  5.11292e+07
0  37  4.53041e+07
0  38  5.4484e+07
0  39  5.49606e+07
0  40  5.19985e+07
0  41  7.87309e+07
0  42  7.73729e+07
0  43  8.94705e+07
0  44  7.57467e+07
0  45  6.98263e+07
0  46  7.65543e+07
0  47  6.24531e+07
0  48  5.94527e+07
0  49  5.70103e+07
0  50  5.2912e+07
0  51  6.7864e+07
0  52  6.72036e+07
0  53  7.53145e+07
0  54  6.84951e+07
0  55  5.65767e+07
0  56  5.10453e+07
0  57  6.7018e+07
0  58  7.8336e+07
0  59  8.6561e+07
0  60  8.63572e+07
0  61  7.56828e+07
0  62  6.9043e+07
0  63  6.60401e+07
0  64  4.24533e+07
0  65  4.12348e+07
0  66  3.89409e+07
0  67  3.05353e+07
1  0  2.40056e+07
1  1  9.92416e+06
1  2  2.91478e+07
1  3  2.59105e+07
1  4  2.15432e+07
1  5  2.586e+07
1  6  2.25603e+07
1  7  2.08544e+07
1  8  3.07228e+07
1  9  3.81107e+07
1  10  3.35183e+07
1  11  4.36036e+07
1  12  9.41909e+06
1  13  3.04028e+07
1  14  3.49009e+07
1  15  3.33173e+07
1  16  2.94486e+07
1  17  4.10606e+07
1  18  4.19396e+07
1  19  3.591e+07
1  20  4.47047e+07
1  21  3.64504e+07
1  22  4.19367e+07
1  23  4.13461e+07
1  24  4.53383e+07
1  25  3.52545e+07
1  26  5.57313e+07
1  27  4.32545e+07
1  28  3.67389e+07
1  29  3.12289e+07
1  30  3.98311e+07
1  31  4.77704e+07
1  32  5.9012e+07
1  33  4.3044e+07
1  34  4.62759e+07
1  35  5.35592e+07
1  36  5.75945e+07
1  37  5.61325e+07
1  38  5.12417e+07
1  39  5.37543e+07
1  40  7.60194e+07
1  41  8.48086e+07
1  42  8.01215e+07
1  43  8.03291e+07
1  44  8.28278e+07
1  45  7.1179e+07
1  46  6.82706e+07
1  47  6.03962e+07
1  48  6.01482e+07
1  49  4.80816e+07
1  50  6.50982e+07
1  51  5.83604e+07
1  52  6.27384e+07
1  53  6.62334e+07
1  54  6.94017e+07
1  55  7.72269e+07
1  56  6.82617e+07
1  57  6.79187e+07
1  58  7.32651e+07
1  59  8.13692e+07
1  60  9.45782e+07
1  61  7.42848e+07
1  62  7.56396e+07
1  63  4.0691e+07
1  64  3.98084e+07
1  65  3.11322e+07
1  66  3.30648e+07
1  67  2.637e+07
2  0  1.41011e+07
2  1  2.32198e+07
2  2  2.31505e+07
2  3  2.12925e+07
2  4  1.80612e+07
2  5  2.31809e+07
2  6  2.49714e+07
2  7  3.12971e+07
2  8  2.86625e+07
2  9  3.39276e+07
2  10  4.08496e+07
2  11  4.07368e+07
2  12  3.71544e+07
2  13  2.85571e+07
2  14  2.61822e+07
2  15  3.42345e+07
2  16  3.88555e+07
2  17  5.48058e+07
2  18  5.55595e+07
2  19  4.16273e+07
2  20  3.72669e+07
2  21  4.92722e+07
2  22  5.32086e+07
2  23  6.01468e+07
2  24  3.54119e+07
2  25  4.93901e+07
2  26  4.92593e+07
2  27  4.00161e+07
2  28  4.23279e+07
2  29  4.12081e+07
2  30  4.53503e+07
2  31  4.42181e+07
2  32  6.1326e+07
2  33  7.27081e+07
2  34  5.29298e+07
2  35  6.09124e+07
2  36  6.0825e+07
2  37  6.48501e+07
2  38  7.46835e+07
2  39  7.80814e+07
2  40  8.73194e+07
2  41  9.94766e+07
2  42  9.14904e+07
2  43  8.37186e+07
2  44  8.22307e+07
2  45  8.91288e+07
2  46  7.58382e+07
2  47  6.3758e+07
2  48  7.32284e+07
2  49  5.33865e+07
2  50  6.88601e+07
2  51  5.74885e+07
2  52  7.09879e+07
2  53  6.8613e+07
2  54  7.78272e+07
2  55  6.905e+07
2  56  7.42849e+07
2  57  8.69237e+07
2  58  7.56205e+07
2  59  8.0971e+07
2  60  7.28117e+07
2  61  6.59441e+07
2  62  4.71962e+07
2  63  5.41005e+07
2  64  4.2078e+07
2  65  2.61262e+07
2  66  3.11865e+07
2  67  3.17236e+07
3  0  1.71946e+07
3  1  2.40873e+07
3  2  1.88743e+07
3  3  5.68427e+06
3  4  2.48858e+07
3  5  1.15797e+07
3  6  6.96409e+06
3  7  3.66843e+07
3  8  3.60516e+07
3  9  4.62545e+07
3  10  4.07776e+07
3  11  3.52191e+07
3  12  3.54056e+07
3  13  2.7924e+07
3  14  3.0197e+07
3  15  2.77522e+07
3  16  4.35298e+07
3  17  5.46732e+07
3  18  4.45649e+07
3  19  3.60595e+07
3  20  4.3768e+07
3  21  4.6003e+07
3  22  5.04723e+07
3  23  5.63558e+07
3  24  5.17491e+07
3  25  4.73627e+07
3  26  4.4983e+07
3  27  4.7247e+07
3  28  5.10889e+07
3  29  5.1048e+07
3  30  5.34508e+07
3  31  5.62858e+07
3  32  4.91098e+07
3  33  5.21507e+07
3  34  5.93691e+07
3  35  5.2621e+07
3  36  6.21903e+07
3  37  6.16453e+07
3  38  6.33958e+07
3  39  7.69297e+07
3  40  7.6864e+07
3  41  8.21439e+07
3  42  9.29031e+07
3  43  9.47977e+07
3  44  8.41497e+07
3  45  7.89919e+07
3  46  8.40271e+07
3  47  5.88714e+07
3  48  6.42789e+07
3  49  6.69054e+07
3  50  5.0243e+07
3  51  8.52151e+07
3  52  6.98983e+07
3  53  6.23818e+07
3  54  7.85191e+07
3  55  5.59784e+07
3  56  7.45514e+07
3  57  8.08587e+07
3  58  8.91618e+07
3  59  7.66604e+07
3  60  6.89902e+07
3  61  7.82616e+07
3  62  4.8224e+07
3  63  3.59951e+07
3  64  4.47519e+07
3  65  3.75067e+07
3  66  2.14637e+07
3  67  4.08963e+07
4  0  1.88752e+07
4  1  2.75682e+07
4  2  2.84144e+07
4  3  0
4  4  2.10514e+07
4  5  1.79289e+07
4  6  1.96517e+07
4  7  2.29069e+07
4  8  1.73227e+06
4  9  3.56083e+07
4  10  4.83462e+07
4  11  4.11092e+07
4  12  3.90513e+07
4  13  1.62314e+07
4  14  2.26257e+07
4  15  3.83313e+07
4  16  6.15927e+07
4  17  5.49109e+07
4  18  4.07605e+07
4  19  4.75915e+07
4  20  4.02707e+07
4  21  4.72656e+07
4  22  4.42733e+07
4  23  5.76369e+07
4  24  5.70109e+07
4  25  6.27212e+07
4  26  4.22374e+07
4  27  4.99007e+07
4  28  4.23528e+07
4  29  5.37213e+07
4  30  5.69227e+07
4  31  4.92636e+07
4  32  6.13527e+07
4  33  7.15056e+07
4  34  7.21096e+07
4  35  6.28398e+07
4  36  6.98302e+07
4  37  6.53321e+07
4  38  6.93248e+07
4  39  8.64362e+07
4  40  9.81612e+07
4  41  9.93886e+07
4  42  8.90408e+07
4  43  8.33212e+07
4  44  8.85583e+07
4  45  5.81696e+07
4  46  8.11216e+07
4  47  7.30322e+07
4  48  6.77415e+07
4  49  6.26133e+07
4  50  7.84222e+07
4  51  7.21775e+07
4  52  6.45149e+07
4  53  7.21455e+07
4  54  6.93738e+07
4  55  7.4655e+07
4  56  7.42427e+07
4  57  7.40019e+07
4  58  5.58395e+07
4  59  8.03055e+07
4  60  7.29514e+07
4  61  6.40849e+07
4  62  5.69412e+07
4  63  4.43228e+07
4  64  4.33465e+07
4  65  2.74502e+07
4  66  2.03581e+07
4  67  2.87456e+07
5  0  1.72698e+07
5  1  2.96577e+07
5  2  1.80076e+07
5  3  1.87823e+07
5  4  2.02057e+07
5  5  2.75763e+07
5  6  2.47261e+07
5  7  3.199e+07
5  8  4.15796e+07
5  9  2.49609e+07
5  10  3.51354e+07
5  11  4.54579e+07
5  12  3.28257e+07
5  13  3.25228e+07
5  14  3.08796e+07
5  15  5.1873e+07
5  16  5.08028e+07
5  17  4.54281e+07
5  18  5.06318e+07
5  19  4.53663e+07
5  20  3.90215e+07
5  21  4.44929e+07
5  22  5.25358e+07
5  23  6.0017e+07
5  24  5.83469e+07
5  25  5.00732e+07
5  26  6.24342e+07
5  27  6.22462e+07
5  28  4.37745e+07
5  29  5.03908e+07
5  30  5.16423e+07
5  31  6.21961e+07
5  32  5.99128e+07
5  33  6.46431e+07
5  34  6.79433e+07
5  35  7.06533e+07
5  36  5.89926e+07
5  37  6.59959e+07
5  38  7.15311e+07
5  39  9.55576e+07
5  40  9.78766e+07
5  41  9.97582e+07
5  42  8.99044e+07
5  43  9.17167e+07
5  44  8.04627e+07
5  45  7.90179e+07
5  46  7.18074e+07
5  47  7.24499e+07
5  48  7.55477e+07
5  49  6.22094e+07
5  50  7.5866e+07
5  51  7.37401e+07
5  52  8.78616e+07
5  53  8.35668e+07
5  54  8.40278e+07
5  55  8.13023e+07
5  56  7.7717e+07
5  57  8.91473e+07
5  58  8.68809e+07
5  59  8.14632e+07
5  60  7.27214e+07
5  61  6.15166e+07
5  62  6.2064e+07
5  63  4.94875e+07
5  64  4.31345e+07
5  65  4.73826e+07
5  66  3.1971e+07
5  67  3.35942e+07
6  0  1.48387e+07
6  1  2.32205e+07
6  2  2.43288e+07
6  3  2.04675e+07
6  4  2.21271e+07
6  5  2.55526e+07
6  6  3.76171e+07
6  7  4.06975e+07
6  8  3.88161e+07
6  9  3.92635e+07
6  10  5.78674e+07
6  11  5.2884e+07
6  12  4.89975e+07
6  13  3.68922e+07
6  14  3.01489e+07
6  15  4.9586e+07
6  16  4.8021e+07
6  17  6.24768e+07
6  18  4.74172e+07
6  19  5.02849e+07
6  20  4.77016e+07
6  21  6.2945e+07
6  22  6.30718e+07
6  23  6.93561e+07
6  24  4.76555e+07
6  25  3.11886e+07
6  26  5.26176e+07
6  27  4.9251e+07
6  28  5.32726e+07
6  29  5.68396e+07
6  30  4.79914e+07
6  31  6.24583e+07
6  32  6.66383e+07
6  33  6.88253e+07
6  34  7.03894e+07
6  35  6.61084e+07
6  36  6.11107e+07
6  37  7.62407e+07
6  38  7.93665e+07
6  39  9.2078e+07
6  40  9.37973e+07
6  41  1.13576e+08
6  42  1.18346e+08
6  43  9.30128e+07
6  44  9.05761e+07
6  45  9.00299e+07
6  46  8.17332e+07
6  47  6.86134e+07
6  48  8.28165e+07
6  49  6.47765e+07
6  50  8.69286e+07
6  51  7.40057e+07
6  52  9.03755e+07
6  53  8.83638e+07
6  54  8.63914e+07
6  55  8.68091e+07
6  56  7.77498e+07
6  57  9.36315e+07
6  58  9.12598e+07
6  59  6.61186e+07
6  60  7.07635e+07
6  61  5.55033e+07
6  62  3.37265e+07
6  63  5.3935e+07
6  64  4.8581e+07
6  65  3.2541e+07
6  66  2.80689e+07
6  67  2.51999e+07
7  0  2.98241e+07
7  1  1.84118e+07
7  2  2.69933e+07
7  3  1.95112e+07
7  4  3.03604e+07
7  5  3.12356e+07
7  6  2.56769e+07
7  7  3.8595e+07
7  8  4.01004e+07
7  9  4.50891e+07
7  10  4.37836e+07
7  11  5.76162e+07
7  12  4.16682e+07
7  13  4.0298e+07
7  14  4.41083e+07
7  15  3.11727e+07
7  16  5.28341e+07
7  17  6.17996e+07
7  18  6.19813e+07
7  19  5.18579e+07
7  20  5.4742e+07
7  21  4.92508e+07
7  22  7.14712e+07
7  23  6.74929e+07
7  24  6.89421e+07
7  25  5.19645e+07
7  26  6.63414e+07
7  27  5.54951e+07
7  28  5.2917e+07
7  29  5.66583e+07
7  30  5.39704e+07
7  31  6.07602e+07
7  32  6.50073e+07
7  33  8.09046e+07
7  34  7.10335e+07
7  35  7.91174e+07
7  36  7.19339e+07
7  37  8.57032e+07
7  38  7.71702e+07
7  39  8.47594e+07
7  40  1.05802e+08
7  41  1.14788e+08
7  42  1.09396e+08
7  43  1.0439e+08
7  44  9.46215e+07
7  45  9.87026e+07
7  46  7.95421e+07
7  47  8.89101e+07
7  48  9.25289e+07
7  49  8.60885e+07
7  50  8.3547e+07
7  51  7.12055e+07
7  52  8.12165e+07
7  53  9.07884e+07
7  54  8.16086e+07
7  55  7.75909e+07
7  56  9.76368e+07
7  57  8.71389e+07
7  58  9.62023e+07
7  59  9.70061e+07
7  60  8.20585e+07
7  61  4.85203e+07
7  62  5.56416e+07
7  63  4.7264e+07
7  64  4.19799e+07
7  65  3.95049e+07
7  66  3.24418e+07
7  67  4.26678e+07
8  0  2.59034e+07
8  1  2.64019e+07
8  2  2.459e+07
8  3  1.69838e+07
8  4  1.93413e+07
8  5  3.15989e+07
8  6  2.62637e+07
8  7  3.91095e+07
8  8  3.69742e+07
8  9  5.03452e+07
8  10  3.5855e+07
8  11  4.98839e+07
8  12  4.43934e+07
8  13  4.03399e+07
8  14  4.72537e+07
8  15  4.75414e+07
8  16  6.02515e+07
8  17  8.46724e+07
8  18  6.67509e+07
8  19  6.08973e+07
8  20  5.28148e+07
8  21  6.53918e+07
8  22  5.2211e+07
8  23  8.10838e+07
8  24  6.31959e+07
8  25  6.01933e+07
8  26  6.06542e+07
8  27  6.18855e+07
8  28  4.79121e+07
8  29  4.98272e+07
8  30  6.99741e+07
8  31  6.55378e+07
8  32  7.71188e+07
8  33  7.80376e+07
8  34  7.92225e+07
8  35  6.17283e+07
8  36  8.27362e+07
8  37  2.51876e+07
8  38  8.41203e+07
8  39  9.95489e+07
8  40  9.81681e+07
8  41  1.12802e+08
8  42  5.49201e+07
8  43  1.03148e+08
8  44  1.08766e+08
8  45  1.05846e+08
8  46  9.00504e+07
8  47  7.91789e+07
8  48  8.85017e+07
8  49  8.74206e+07
8  50  8.49471e+07
8  51  1.12471e+08
8  52  9.57606e+07
8  53  9.84321e+07
8  54  2.30894e+07
8  55  9.43145e+07
8  56  8.44806e+07
8  57  1.00599e+08
8  58  8.5548e+07
8  59  9.13952e+07
8  60  7.27586e+07
8  61  6.2263e+07
8  62  5.5716e+07
8  63  3.54481e+07
8  64  6.25533e+07
8  65  3.12968e+07
8  66  3.45587e+07
8  67  3.94482e+07
9  0  2.02489e+07
9  1  1.01785e+07
9  2  1.79692e+07
9  3  1.80827e+07
9  4  2.88646e+07
9  5  2.93841e+07
9  6  3.97402e+07
9  7  3.48737e+07
9  8  3.86372e+07
9  9  4.42397e+07
9  10  4.66294e+07
9  11  4.34933e+07
9  12  5.77606e+07
9  13  4.74165e+07
9  14  5.67933e+07
9  15  4.59504e+07
9  16  7.89209e+07
9  17  7.87174e+07
9  18  5.36177e+07
9  19  7.09726e+07
9  20  5.60725e+07
9  21  7.02001e+07
9  22  6.08396e+07
9  23  8.76491e+07
9  24  7.74808e+07
9  25  6.83488e+07
9  26  6.77349e+07
9  27  5.31877e+07
9  28  6.58829e+07
9  29  6.31533e+07
9  30  6.51771e+07
9  31  6.57603e+07
9  32  8.05915e+07
9  33  1.03327e+08
9  34  8.87577e+07
9  35  8.18519e+07
9  36  8.83643e+07
9  37  8.13011e+07
9  38  9.10621e+07
9  39  1.12163e+08
9  40  9.37183e+07
9  41  1.20272e+08
9  42  1.30791e+08
9  43  1.22585e+08
9  44  1.08607e+08
9  45  1.05491e+08
9  46  7.68239e+07
9  47  8.08142e+07
9  48  9.69698e+07
9  49  9.56507e+07
9  50  0
9  51  8.64013e+07
9  52  8.04256e+07
9  53  1.00142e+08
9  54  8.55229e+07
9  55  9.71952e+07
9  56  9.69083e+07
9  57  1.04123e+08
9  58  9.76341e+07
9  59  9.08428e+07
9  60  8.50069e+07
9  61  7.96036e+07
9  62  6.59725e+07
9  63  4.36742e+07
9  64  5.34896e+07
9  65  5.1894e+07
9  66  3.37179e+07
9  67  3.35187e+07
10  0  1.71738e+07
10  1  2.76963e+07
10  2  1.98932e+07
10  3  1.63917e+07
10  4  2.21122e+07
10  5  3.04041e+07
10  6  3.91469e+07
10  7  4.10317e+07
10  8  5.18018e+07
10  9  4.78408e+07
10  10  5.76746e+07
10  11  6.35364e+07
10  12  5.27959e+07
10  13  4.36091e+07
10  14  4.74505e+07
10  15  6.7156e+07
10  16  8.79157e+07
10  17  7.54429e+07
10  18  5.58375e+07
10  19  6.07339e+07
10  20  5.54128e+07
10  21  8.57578e+07
10  22  9.1076e+07
10  23  9.63377e+07
10  24  6.55403e+07
10  25  6.53256e+07
10  26  7.04475e+07
10  27  7.82245e+07
10  28  6.20389e+07
10  29  7.3555e+07
10  30  7.5221e+07
10  31  8.21915e+07
10  32  9.43429e+07
10  33  9.00439e+07
10  34  8.33712e+07
10  35  9.33443e+07
10  36  8.39478e+07
10  37  8.05456e+07
10  38  8.8781e+07
10  39  1.17539e+08
10  40  1.24867e+08
10  41  1.42348e+08
10  42  1.31675e+08
10  43  1.30662e+08
10  44  9.93786e+07
10  45  9.49874e+07
10  46  8.75542e+07
10  47  8.16983e+07
10  48  9.27883e+07
10  49  8.02761e+07
10  50  8.0351e+07
10  51  9.22282e+07
10  52  1.05838e+08
10  53  8.67801e+07
10  54  1.05924e+08
10  55  1.15235e+08
10  56  9.47326e+07
10  57  9.44985e+07
10  58  9.08396e+07
10  59  8.24849e+07
10  60  8.03498e+07
10  61  7.23199e+07
10  62  5.04136e+07
10  63  4.81611e+07
10  64  4.04188e+07
10  65  3.85821e+07
10  66  3.65682e+07
10  67  4.62738e+07
11  0  3.34917e+07
11  1  1.69822e+07
11  2  3.3287e+07
11  3  2.0812e+07
11  4  2.33656e+07
11  5  3.11589e+07
11  6  4.48463e+07
11  7  3.44682e+07
11  8  4.17984e+07
11  9  4.16929e+07
11  10  5.35423e+07
11  11  6.98834e+07
11  12  6.30148e+07
11  13  4.72175e+07
11  14  4.95194e+07
11  15  6.43732e+07
11  16  6.29298e+07
11  17  8.9536e+07
11  18  7.7144e+07
11  19  7.62686e+07
11  20  7.94816e+07
11  21  6.11352e+07
11  22  7.40259e+07
11  23  9.43909e+07
11  24  7.26662e+07
11  25  7.81585e+07
11  26  7.75039e+07
11  27  6.31635e+07
11  28  5.84853e+07
11  29  5.88976e+07
11  30  7.90497e+07
11  31  7.76659e+07
11  32  9.40114e+07
11  33  8.82358e+07
11  34  9.82446e+07
11  35  8.08989e+07
11  36  9.36834e+07
11  37  8.9944e+07
11  38  9.32936e+07
11  39  1.04401e+08
11  40  1.28064e+08
11  41  1.42053e+08
11  42  1.35195e+08
11  43  1.17232e+08
11  44  1.15306e+08
11  45  1.11803e+08
11  46  1.07762e+08
11  47  9.01843e+07
11  48  8.60004e+07
11  49  9.49127e+07
11  50  9.42808e+07
11  51  9.01171e+07
11  52  8.32164e+07
11  53  1.19168e+08
11  54  9.17528e+07
11  55  1.04807e+08
11  56  8.78231e+07
11  57  9.36826e+07
11  58  9.34642e+07
11  59  1.01303e+08
11  60  7.93495e+07
11  61  6.19381e+07
11  62  6.36284e+07
11  63  4.70083e+07
11  64  5.54389e+07
11  65  4.283e+07
11  66  4.58172e+07
11  67  3.27907e+07
12  0  2.21792e+07
12  1  2.09681e+07
12  2  2.4304e+07
12  3  2.39935e+07
12  4  3.73007e+07
12  5  3.43272e+07
12  6  3.54838e+07
12  7  3.93006e+07
12  8  3.96348e+07
12  9  4.49065e+07
12  10  6.65447e+07
12  11  6.55971e+07
12  12  6.46196e+07
12  13  5.3226e+07
12  14  5.22175e+07
12  15  6.72511e+07
12  16  7.3278e+07
12  17  9.63883e+07
12  18  7.43788e+07
12  19  8.13669e+07
12  20  7.51151e+07
12  21  7.96132e+07
12  22  3.5688e+07
12  23  1.02752e+08
12  24  7.52613e+07
12  25  8.14089e+07
12  26  8.54388e+07
12  27  7.48824e+07
12  28  8.04982e+07
12  29  7.8248e+07
12  30  7.58305e+07
12  31  8.26531e+07
12  32  8.5758e+07
12  33  9.85198e+07
12  34  9.77472e+07
12  35  8.71321e+07
12  36  9.40278e+07
12  37  9.62815e+07
12  38  8.78162e+07
12  39  9.56562e+07
12  40  1.26713e+08
12  41  1.33876e+08
12  42  1.59213e+08
12  43  1.27185e+08
12  44  1.2807e+08
12  45  1.30579e+08
12  46  1.21011e+08
12  47  9.88325e+07
12  48  1.14449e+08
12  49  9.99359e+07
12  50  1.08393e+08
12  51  8.8878e+07
12  52  1.08813e+08
12  53  1.02416e+08
12  54  9.75213e+07
12  55  1.0068e+08
12  56  9.98512e+07
12  57  6.71445e+07
12  58  7.74726e+07
12  59  9.72843e+07
12  60  7.97864e+07
12  61  7.57015e+07
12  62  5.63093e+07
12  63  4.80553e+07
12  64  5.26189e+07
12  65  4.32151e+07
12  66  5.69373e+07
12  67  5.19029e+07
13  0  2.40457e+07
13  1  2.23755e+07
13  2  3.30406e+07
13  3  2.29123e+07
13  4  3.61034e+07
13  5  3.08789e+07
13  6  4.34395e+07
13  7  4.64484e+07
13  8  5.85714e+07
13  9  6.58536e+07
13  10  6.65383e+07
13  11  7.90536e+07
13  12  6.45351e+07
13  13  5.92533e+07
13  14  6.38185e+07
13  15  6.20844e+07
13  16  8.75738e+07
13  17  1.07316e+08
13  18  7.6297e+07
13  19  7.71915e+07
13  20  9.33704e+07
13  21  8.86573e+07
13  22  9.15449e+07
13  23  8.48019e+07
13  24  8.35528e+07
13  25  1.00422e+08
13  26  8.89672e+07
13  27  8.03968e+07
13  28  8.87912e+07
13  29  8.45338e+07
13  30  7.5301e+07
13  31  9.22638e+07
13  32  1.06812e+08
13  33  9.87248e+07
13  34  1.04641e+08
13  35  9.06005e+07
13  36  9.36182e+07
13  37  1.12278e+08
13  38  1.13295e+08
13  39  1.11393e+08
13  40  1.30287e+08
13  41  1.38824e+08
13  42  1.54602e+08
13  43  1.16393e+08
13  44  1.20883e+08
13  45  1.22515e+08
13  46  8.62509e+07
13  47  1.0598e+08
13  48  9.6906e+07
13  49  9.54704e+07
13  50  1.09952e+08
13  51  8.31668e+07
13  52  1.01172e+08
13  53  1.09093e+08
13  54  1.0229e+08
13  55  1.0031e+08
13  56  9.69356e+07
13  57  9.56797e+07
13  58  8.59246e+07
13  59  8.26864e+07
13  60  7.76604e+07
13  61  6.04668e+07
13  62  6.43613e+07
13  63  5.74997e+07
13  64  6.57898e+07
13  65  4.18467e+07
13  66  3.95833e+07
13  67  4.4971e+07
14  0  3.00127e+07
14  1  2.70511e+07
14  2  3.88144e+07
14  3  3.29239e+07
14  4  3.1298e+07
14  5  4.28932e+07
14  6  4.38652e+07
14  7  5.28795e+07
14  8  5.12945e+07
14  9  5.78088e+07
14  10  6.45402e+07
14  11  9.58178e+07
14  12  7.26089e+07
14  13  6.00371e+07
14  14  5.84488e+07
14  15  5.86818e+07
14  16  8.80194e+07
14  17  1.12351e+08
14  18  8.731e+07
14  19  9.25709e+07
14  20  8.64897e+07
14  21  9.44052e+07
14  22  1.03977e+08
14  23  1.19306e+08
14  24  2.7609e+07
14  25  7.41753e+07
14  26  7.61477e+07
14  27  8.90638e+07
14  28  9.73734e+07
14  29  8.24377e+07
14  30  8.48711e+07
14  31  9.40362e+07
14  32  9.53716e+07
14  33  1.28225e+08
14  34  1.05913e+08
14  35  9.94377e+07
14  36  9.53704e+07
14  37  9.48781e+07
14  38  8.79956e+07
14  39  1.26895e+08
14  40  1.27258e+08
14  41  1.79849e+08
14  42  1.34381e+08
14  43  1.19415e+08
14  44  1.25123e+08
14  45  1.09965e+08
14  46  1.20918e+08
14  47  9.27643e+07
14  48  1.03357e+08
14  49  1.09295e+08
14  50  1.06682e+08
14  51  1.03358e+08
14  52  9.39044e+07
14  53  1.07673e+08
14  54  9.37054e+07
14  55  1.08651e+08
14  56  9.93882e+07
14  57  9.72997e+07
14  58  8.68935e+07
14  59  7.9713e+07
14  60  8.33143e+07
14  61  6.68239e+07
14  62  6.09222e+07
14  63  6.17738e+07
14  64  5.55281e+07
14  65  4.85831e+07
14  66  5.59659e+07
14  67  5.10831e+07
15  0  3.29865e+07
15  1  2.78975e+07
15  2  2.50325e+07
15  3  3.45749e+07
15  4  4.63417e+07
15  5  3.54284e+07
15  6  4.27954e+07
15  7  4.82865e+07
15  8  5.59625e+07
15  9  5.47946e+07
15  10  8.29123e+07
15  11  1.01968e+08
15  12  4.95813e+07
15  13  7.51788e+07
15  14  7.52531e+07
15  15  8.20045e+07
15  16  9.7045e+07
15  17  1.23719e+08
15  18  9.96491e+07
15  19  9.44614e+07
15  20  9.29331e+07
15  21  8.14638e+07
15  22  9.18226e+07
15  23  1.10913e+08
15  24  8.81732e+07
15  25  9.96596e+07
15  26  9.10274e+07
15  27  8.66772e+07
15  28  7.9965e+07
15  29  5.81304e+07
15  30  1.0076e+08
15  31  9.54633e+07
15  32  1.12553e+08
15  33  1.25811e+08
15  34  9.81495e+07
15  35  1.01899e+08
15  36  9.63378e+07
15  37  1.04767e+08
15  38  1.05617e+08
15  39  1.13364e+08
15  40  1.52151e+08
15  41  1.9481e+08
15  42  1.60895e+08
15  43  1.32149e+08
15  44  1.0981e+08
15  45  9.75109e+07
15  46  1.26887e+08
15  47  1.11324e+08
15  48  8.39195e+07
15  49  1.10812e+08
15  50  9.45155e+07
15  51  9.75294e+07
15  52  1.0875e+08
15  53  8.88379e+07
15  54  1.12538e+08
15  55  1.04452e+08
15  56  9.28468e+07
15  57  9.53201e+07
15  58  9.35869e+07
15  59  9.52332e+07
15  60  8.67172e+07
15  61  6.52051e+07
15  62  6.43109e+07
15  63  6.19347e+07
15  64  4.94071e+07
15  65  4.35463e+07
15  66  5.38706e+07
15  67  4.2025e+07
16  0  3.44238e+07
16  1  0
16  2  3.89739e+07
16  3  3.6674e+07
16  4  3.47376e+07
16  5  3.9152e+07
16  6  4.41667e+07
16  7  6.31251e+07
16  8  6.68352e+07
16  9  6.2852e+07
16  10  8.08175e+07
16  11  8.81158e+07
16  12  6.98961e+07
16  13  6.28604e+07
16  14  6.72377e+07
16  15  8.24134e+07
16  16  1.18216e+08
16  17  1.11863e+08
16  18  1.02434e+08
16  19  9.78692e+07
16  20  8.83017e+07
16  21  9.99317e+07
16  22  1.05777e+08
16  23  1.19679e+08
16  24  1.15472e+08
16  25  8.345e+07
16  26  7.58248e+07
16  27  9.88757e+07
16  28  9.13406e+07
16  29  7.79423e+07
16  30  1.00176e+08
16  31  1.14833e+08
16  32  1.21882e+08
16  33  1.25031e+08
16  34  1.24051e+08
16  35  9.95212e+07
16  36  1.05576e+08
16  37  9.51376e+07
16  38  7.78306e+07
16  39  1.02485e+08
16  40  1.24754e+08
16  41  1.52074e+08
16  42  1.54567e+08
16  43  1.30165e+08
16  44  1.25102e+08
16  45  1.03016e+08
16  46  1.07636e+08
16  47  1.05234e+08
16  48  1.09642e+08
16  49  1.06057e+08
16  50  1.05862e+08
16  51  1.0359e+08
16  52  1.02918e+08
16  53  1.07138e+08
16  54  8.86256e+07
16  55  1.08563e+08
16  56  8.85562e+07
16  57  9.53402e+07
16  58  8.66517e+07
16  59  5.32197e+07
16  60  8.4432e+07
16  61  6.6569e+07
16  62  6.72424e+07
16  63  4.90995e+07
16  64  4.38527e+07
16  65  4.1623e+07
16  66  5.58751e+07
16  67  5.32071e+07
17  0  3.16344e+07
17  1  3.21108e+07
17  2  3.86688e+07
17  3  3.86214e+07
17  4  3.90395e+07
17  5  4.55421e+07
17  6  4.77137e+07
17  7  4.98352e+07
17  8  5.70891e+07
17  9  8.14079e+07
17  10  7.83293e+07
17  11  9.85246e+07
17  12  7.14253e+07
17  13  5.98349e+07
17  14  7.07158e+07
17  15  7.59456e+07
17  16  1.11501e+08
17  17  1.35118e+08
17  18  1.05253e+08
17  19  1.21015e+08
17  20  1.10688e+08
17  21  9.95338e+07
17  22  1.05838e+08
17  23  1.29749e+08
17  24  1.28067e+08
17  25  8.57501e+07
17  26  9.44448e+07
17  27  9.20553e+07
17  28  8.00182e+07
17  29  8.05562e+07
17  30  9.14169e+07
17  31  1.00856e+08
17  32  1.11229e+08
17  33  1.32282e+08
17  34  1.10386e+08
17  35  8.92971e+07
17  36  1.14998e+08
17  37  9.28484e+07
17  38  1.07118e+08
17  39  1.28719e+08
17  40  1.40248e+08
17  41  1.71392e+08
17  42  1.42779e+08
17  43  1.33557e+08
17  44  1.24634e+08
17  45  1.16702e+08
17  46  1.19088e+08
17  47  1.04894e+08
17  48  1.04589e+08
17  49  1.00373e+08
17  50  9.32733e+07
17  51  9.04977e+07
17  52  3.64188e+07
17  53  1.10968e+08
17  54  9.69376e+07
17  55  1.18408e+08
17  56  9.97559e+07
17  57  1.08149e+08
17  58  8.18972e+07
17  59  9.94439e+07
17  60  7.79239e+07
17  61  7.44569e+07
17  62  6.22245e+07
17  63  4.84336e+07
17  64  5.46399e+07
17  65  5.59387e+07
17  66  5.55421e+07
17  67  5.22211e+07
18  0  3.90895e+07
18  1  2.97474e+07
18  2  2.7959e+07
18  3  3.0991e+07
18  4  3.75197e+07
18  5  4.49367e+07
18  6  5.52648e+07
18  7  6.79235e+07
18  8  6.59505e+07
18  9  8.20226e+07
18  10  8.96756e+07
18  11  9.18971e+07
18  12  7.03321e+07
18  13  6.1181e+07
18  14  3.77771e+07
18  15  9.18606e+07
18  16  1.19971e+08
18  17  1.25627e+08
18  18  1.21167e+08
18  19  1.10485e+08
18  20  1.0964e+08
18  21  8.79858e+07
18  22  1.22498e+08
18  23  1.64248e+08
18  24  9.9297e+07
18  25  9.72017e+07
18  26  1.20694e+08
18  27  1.10991e+08
18  28  9.96165e+07
18  29  9.95026e+07
18  30  1.13283e+08
18  31  9.52334e+07
18  32  1.20639e+08
18  33  1.4095e+08
18  34  1.13871e+08
18  35  1.0102e+08
18  36  1.13764e+08
18  37  1.19977e+08
18  38  1.16264e+08
18  39  1.26018e+08
18  40  1.38208e+08
18  41  1.5761e+08
18  42  1.5248e+08
18  43  1.24235e+08
18  44  1.21597e+08
18  45  1.16861e+08
18  46  1.08405e+08
18  47  1.06985e+08
18  48  1.05412e+08
18  49  1.00893e+08
18  50  1.03454e+08
18  51  1.25265e+08
18  52  1.29023e+08
18  53  1.25365e+08
18  54  1.09247e+08
18  55  1.01263e+08
18  56  9.12601e+07
18  57  8.74981e+07
18  58  1.02123e+08
18  59  8.63151e+07
18  60  8.42339e+07
18  61  6.93163e+07
18  62  7.64843e+07
18  63  5.44052e+07
18  64  5.19901e+07
18  65  5.99119e+07
18  66  5.51132e+07
18  67  5.44387e+07
19  0  4.05567e+07
19  1  4.22652e+07
19  2  3.68469e+07
19  3  3.79966e+07
19  4  2.37741e+07
19  5  4.37738e+07
19  6  5.28384e+07
19  7  4.90415e+07
19  8  7.74434e+07
19  9  7.67886e+07
19  10  9.07733e+07
19  11  7.80533e+07
19  12  8.23018e+07
19  13  7.59609e+07
19  14  8.89763e+07
19  15  1.04955e+08
19  16  1.22159e+08
19  17  1.00726e+08
19  18  1.05047e+08
19  19  1.26524e+08
19  20  1.12146e+08
19  21  1.11804e+08
19  22  1.39252e+08
19  23  1.38837e+08
19  24  1.04142e+08
19  25  1.01209e+08
19  26  1.18193e+08
19  27  9.25805e+07
19  28  1.01439e+08
19  29  8.16288e+07
19  30  1.04314e+08
19  31  1.12184e+08
19  32  1.14882e+08
19  33  1.55583e+08
19  34  1.05714e+08
19  35  1.01471e+08
19  36  1.16899e+08
19  37  1.06424e+08
19  38  1.15118e+08
19  39  1.24504e+08
19  40  1.19386e+08
19  41  1.21091e+08
19  42  1.42139e+08
19  43  1.20193e+08
19  44  1.28079e+08
19  45  8.20817e+07
19  46  1.02924e+08
19  47  1.05945e+08
19  48  1.12001e+08
19  49  9.41829e+07
19  50  1.31252e+08
19  51  9.72645e+07
19  52  1.31188e+08
19  53  1.33417e+08
19  54  9.29727e+07
19  55  1.2174e+08
19  56  1.03015e+08
19  57  1.09401e+08
19  58  0
19  59  8.4272e+07
19  60  7.91304e+07
19  61  7.96658e+07
19  62  5.7737e+07
19  63  4.91515e+07
19  64  5.75986e+07
19  65  5.33274e+07
19  66  6.64975e+07
19  67  6.11096e+07
20  0  3.00629e+07
20  1  3.63751e+07
20  2  3.00592e+07
20  3  3.89331e+07
20  4  3.06458e+07
20  5  6.00425e+07
20  6  5.29785e+07
20  7  7.11837e+07
20  8  6.41118e+07
20  9  7.23628e+07
20  10  9.54646e+07
20  11  8.68839e+07
20  12  7.42147e+07
20  13  9.73292e+07
20  14  8.8722e+07
20  15  1.08643e+08
20  16  1.24221e+08
20  17  9.32322e+07
20  18  4.44634e+07
20  19  1.44147e+08
20  20  1.23813e+08
20  21  1.23795e+08
20  22  1.45766e+08
20  23  1.67051e+08
20  24  1.31446e+08
20  25  1.25684e+08
20  26  8.78363e+07
20  27  8.12061e+07
20  28  8.63367e+07
20  29  1.08326e+08
20  30  1.08768e+08
20  31  1.04218e+08
20  32  1.31977e+08
20  33  1.5488e+08
20  34  1.27873e+08
20  35  8.84445e+07
20  36  1.04787e+08
20  37  9.79974e+07
20  38  1.19898e+08
20  39  1.15804e+08
20  40  1.20819e+08
20  41  1.2539e+08
20  42  1.37849e+08
20  43  1.08569e+08
20  44  1.32421e+08
20  45  1.1562e+08
20  46  6.53298e+07
20  47  1.2614e+08
20  48  1.0181e+08
20  49  1.21483e+08
20  50  1.15322e+08
20  51  1.04004e+08
20  52  1.18919e+08
20  53  1.32316e+08
20  54  9.49481e+07
20  55  1.00639e+08
20  56  1.16905e+08
20  57  9.23318e+07
20  58  1.09572e+08
20  59  1.0543e+08
20  60  7.78546e+07
20  61  2.61887e+07
20  62  7.39105e+07
20  63  6.24614e+07
20  64  6.05024e+07
20  65  5.14613e+07
20  66  5.09358e+07
20  67  5.71371e+07
21  0  3.71629e+07
21  1  3.20294e+07
21  2  4.30038e+07
21  3  4.80089e+07
21  4  4.07254e+07
21  5  4.4705e+07
21  6  6.82951e+07
21  7  6.61662e+07
21  8  6.95227e+07
21  9  7.98815e+07
21  10  7.25374e+07
21  11  8.1928e+07
21  12  7.47337e+07
21  13  9.22366e+07
21  14  8.7474e+07
21  15  9.07914e+07
21  16  1.09525e+08
21  17  1.29786e+08
21  18  1.28884e+08
21  19  1.19289e+08
21  20  1.24232e+08
21  21  1.22101e+08
21  22  1.34048e+08
21  23  1.83842e+08
21  24  1.39672e+08
21  25  1.19645e+08
21  26  1.01143e+08
21  27  1.01277e+08
21  28  9.79669e+07
21  29  9.67874e+07
21  30  1.01415e+08
21  31  1.04221e+08
21  32  1.19144e+08
21  33  1.50858e+08
21  34  1.44424e+08
21  35  1.11927e+08
21  36  1.03e+08
21  37  1.06345e+08
21  38  1.24175e+08
21  39  1.00754e+08
21  40  1.21903e+08
21  41  1.37332e+08
21  42  1.53395e+08
21  43  1.18075e+08
21  44  1.10497e+08
21  45  1.19308e+08
21  46  1.15097e+08
21  47  1.19314e+08
21  48  1.05193e+08
21  49  9.73657e+07
21  50  1.1841e+08
21  51  1.06992e+08
21  52  1.01673e+08
21  53  9.19806e+07
21  54  1.08194e+08
21  55  1.03412e+08
21  56  9.99102e+07
21  57  1.15035e+08
21  58  9.47038e+07
21  59  9.07777e+07
21  60  8.34986e+07
21  61  8.09868e+07
21  62  7.26676e+07
21  63  5.59805e+07
21  64  4.635e+07
21  65  4.52067e+07
21  66  5.55467e+07
21  67  6.2477e+07
22  0  2.89362e+07
22  1  4.28758e+07
22  2  4.2501e+07
22  3  4.18638e+07
22  4  3.48939e+07
22  5  5.44006e+07
22  6  5.87188e+07
22  7  7.80646e+07
22  8  7.89227e+07
22  9  9.63129e+07
22  10  8.93199e+07
22  11  5.96357e+07
22  12  9.51013e+07
22  13  8.64092e+07
22  14  8.95315e+07
22  15  1.05753e+08
22  16  1.09367e+08
22  17  1.253e+08
22  18  1.07386e+08
22  19  1.27597e+08
22  20  1.07529e+08
22  21  1.21938e+08
22  22  1.33442e+08
22  23  1.95966e+08
22  24  1.25138e+08
22  25  1.21106e+08
22  26  1.19114e+08
22  27  1.18851e+08
22  28  1.01949e+08
22  29  8.33195e+07
22  30  1.04796e+08
22  31  9.34859e+07
22  32  1.06983e+08
22  33  1.61904e+08
22  34  1.38707e+08
22  35  1.34116e+08
22  36  1.04114e+08
22  37  9.84716e+07
22  38  1.16939e+08
22  39  1.15727e+08
22  40  1.23278e+08
22  41  1.3263e+08
22  42  1.43643e+08
22  43  1.33506e+08
22  44  1.27681e+08
22  45  1.1858e+08
22  46  1.24997e+08
22  47  1.05508e+08
22  48  9.67784e+07
22  49  1.09266e+08
22  50  1.18094e+08
22  51  9.43329e+07
22  52  1.09662e+08
22  53  1.1381e+08
22  54  8.66594e+07
22  55  9.30153e+07
22  56  9.87789e+07
22  57  1.00548e+08
22  58  8.91569e+07
22  59  9.99189e+07
22  60  7.77116e+07
22  61  9.31303e+07
22  62  7.11794e+07
22  63  7.36939e+07
22  64  5.23626e+07
22  65  5.21657e+07
22  66  5.32402e+07
22  67  6.10572e+07
23  0  2.84338e+07
23  1  3.55348e+07
23  2  4.51683e+07
23  3  4.67937e+07
23  4  4.93772e+07
23  5  5.17714e+07
23  6  7.08869e+07
23  7  6.63712e+07
23  8  8.46913e+07
23  9  1.05036e+08
23  10  8.7462e+07
23  11  8.89457e+07
23  12  1.09165e+08
23  13  8.71035e+07
23  14  9.13439e+07
23  15  8.93729e+07
23  16  1.08574e+08
23  17  1.31112e+08
23  18  1.10962e+08
23  19  1.3657e+08
23  20  1.39785e+08
23  21  1.42762e+08
23  22  1.43817e+08
23  23  1.80056e+08
23  24  1.72237e+08
23  25  1.23054e+08
23  26  1.19568e+08
23  27  1.25107e+08
23  28  6.77383e+07
23  29  1.11249e+08
23  30  1.11618e+08
23  31  9.16664e+07
23  32  1.05272e+08
23  33  1.55601e+08
23  34  1.33501e+08
23  35  1.10968e+08
23  36  9.73623e+07
23  37  1.09292e+08
23  38  1.27068e+08
23  39  1.02168e+08
23  40  1.1537e+08
23  41  1.34741e+08
23  42  1.45372e+08
23  43  1.39461e+08
23  44  1.25616e+08
23  45  1.3515e+08
23  46  1.06618e+08
23  47  7.88847e+07
23  48  1.19198e+08
23  49  1.21797e+08
23  50  1.15714e+08
23  51  6.3204e+07
23  52  9.86062e+07
23  53  7.60581e+07
23  54  9.5724e+07
23  55  1.0178e+08
23  56  9.44393e+07
23  57  8.56257e+07
23  58  9.15163e+07
23  59  9.8272e+07
23  60  4.8948e+07
23  61  8.67206e+07
23  62  7.34237e+07
23  63  6.60042e+07
23  64  6.13855e+07
23  65  5.79544e+07
23  66  5.77398e+07
23  67  5.37171e+07
24  0  5.07248e+07
24  1  5.38536e+07
24  2  4.72879e+07
24  3  5.15819e+07
24  4  6.84239e+07
24  5  4.96455e+07
24  6  7.41408e+07
24  7  7.46972e+07
24  8  8.85288e+07
24  9  9.64386e+07
24  10  9.99292e+07
24  11  1.04028e+08
24  12  8.60277e+07
24  13  1.02151e+08
24  14  8.67313e+07
24  15  1.02283e+08
24  16  1.16825e+08
24  17  1.39492e+08
24  18  1.41565e+08
24  19  1.402e+08
24  20  1.48522e+08
24  21  9.87882e+07
24  22  1.33102e+08
24  23  2.05539e+08
24  24  1.4489e+08
24  25  1.09153e+08
24  26  1.16797e+08
24  27  1.20006e+08
24  28  8.41765e+07
24  29  1.0848e+08
24  30  1.06836e+08
24  31  1.02945e+08
24  32  1.18361e+08
24  33  1.87327e+08
24  34  1.51061e+08
24  35  1.1974e+08
24  36  8.74858e+07
24  37  1.06369e+08
24  38  1.01583e+08
24  39  9.82514e+07
24  40  1.18639e+08
24  41  1.37373e+08
24  42  1.43508e+08
24  43  1.1804e+08
24  44  1.26575e+08
24  45  1.12197e+08
24  46  1.3214e+08
24  47  1.14291e+08
24  48  1.01016e+08
24  49  1.15792e+08
24  50  1.04923e+08
24  51  9.85405e+07
24  52  1.10925e+08
24  53  1.12433e+08
24  54  1.23566e+08
24  55  9.85511e+07
24  56  1.03408e+08
24  57  9.58698e+07
24  58  9.51469e+07
24  59  1.01664e+08
24  60  9.97537e+07
24  61  9.12899e+07
24  62  8.26355e+07
24  63  7.17884e+07
24  64  7.21299e+07
24  65  6.31904e+07
24  66  2.17888e+07
24  67  6.4051e+07
25  0  5.2735e+07
25  1  4.75676e+07
25  2  4.82241e+07
25  3  4.77262e+07
25  4  4.45313e+07
25  5  5.75241e+07
25  6  6.96397e+07
25  7  4.42673e+07
25  8  7.46894e+07
25  9  1.09279e+08
25  10  1.00887e+08
25  11  9.20127e+07
25  12  9.8086e+07
25  13  8.79903e+07
25  14  9.31403e+07
25  15  1.00377e+08
25  16  1.151e+08
25  17  1.33343e+08
25  18  1.19096e+08
25  19  1.31326e+08
25  20  1.40335e+08
25  21  1.11365e+08
25  22  1.40943e+08
25  23  2.81822e+08
25  24  1.72378e+08
25  25  1.39125e+08
25  26  1.1142e+08
25  27  1.06137e+08
25  28  1.11448e+08
25  29  1.06274e+08
25  30  9.82823e+07
25  31  1.06639e+08
25  32  1.13025e+08
25  33  1.63077e+08
25  34  1.47905e+08
25  35  1.05738e+08
25  36  8.1738e+07
25  37  1.1244e+08
25  38  1.03225e+08
25  39  1.11953e+08
25  40  1.16968e+08
25  41  1.41388e+08
25  42  1.21613e+08
25  43  1.31103e+08
25  44  1.17695e+08
25  45  1.44044e+08
25  46  1.22714e+08
25  47  1.16082e+08
25  48  1.06217e+08
25  49  9.89501e+07
25  50  1.1733e+08
25  51  1.00206e+08
25  52  1.07794e+08
25  53  1.0687e+08
25  54  6.02729e+07
25  55  1.00654e+08
25  56  9.80846e+07
25  57  1.05724e+08
25  58  8.97569e+07
25  59  9.14085e+07
25  60  9.12325e+07
25  61  8.6642e+07
25  62  8.13093e+07
25  63  6.8722e+07
25  64  6.25932e+07
25  65  6.28407e+07
25  66  4.89151e+07
25  67  6.42094e+07
26  0  4.11161e+07
26  1  5.37183e+07
26  2  5.02575e+07
26  3  6.19796e+07
26  4  5.94088e+07
26  5  6.02091e+07
26  6  6.05496e+07
26  7  9.52177e+07
26  8  9.51101e+07
26  9  1.069e+08
26  10  1.07696e+08
26  11  9.51495e+07
26  12  9.92628e+07
26  13  8.86833e+07
26  14  1.02418e+08
26  15  1.02353e+08
26  16  1.26705e+08
26  17  1.31443e+08
26  18  1.12142e+08
26  19  1.30854e+08
26  20  1.17576e+08
26  21  1.0959e+08
26  22  1.45971e+08
26  23  1.97325e+08
26  24  1.32808e+08
26  25  1.14542e+08
26  26  1.06605e+08
26  27  1.1472e+08
26  28  1.08542e+08
26  29  9.05797e+07
26  30  9.74569e+07
26  31  1.12306e+08
26  32  1.17785e+08
26  33  2.0865e+08
26  34  1.61945e+08
26  35  1.0892e+08
26  36  1.10845e+08
26  37  1.07697e+08
26  38  9.83646e+07
26  39  1.01813e+08
26  40  1.24242e+08
26  41  1.42893e+08
26  42  1.2504e+08
26  43  1.23465e+08
26  44  1.1139e+08
26  45  1.33131e+08
26  46  1.26683e+08
26  47  1.06238e+08
26  48  1.27814e+08
26  49  1.21774e+08
26  50  1.08586e+08
26  51  1.31384e+08
26  52  9.34495e+07
26  53  1.11566e+08
26  54  9.71434e+07
26  55  1.08913e+08
26  56  9.19615e+07
26  57  9.68887e+07
26  58  1.1411e+08
26  59  1.12003e+08
26  60  9.20835e+07
26  61  1.00775e+08
26  62  8.12389e+07
26  63  9.01828e+07
26  64  7.65121e+07
26  65  5.80944e+07
26  66  6.8217e+07
26  67  4.60769e+07
27  0  5.08618e+07
27  1  5.37856e+07
27  2  4.55568e+07
27  3  5.53069e+07
27  4  5.73587e+07
27  5  5.40928e+07
27  6  6.73122e+07
27  7  8.59547e+07
27  8  8.05685e+07
27  9  1.1375e+08
27  10  1.21074e+08
27  11  1.0408e+08
27  12  9.85923e+07
27  13  9.82004e+07
27  14  8.13875e+07
27  15  1.24417e+08
27  16  1.15088e+08
27  17  1.34911e+08
27  18  1.18653e+08
27  19  1.04896e+08
27  20  1.11716e+08
27  21  9.65391e+07
27  22  1.32875e+08
27  23  1.73879e+08
27  24  1.36208e+08
27  25  1.22716e+08
27  26  1.16574e+08
27  27  9.39346e+07
27  28  1.13139e+08
27  29  9.62247e+07
27  30  9.97003e+07
27  31  9.47106e+07
27  32  9.27869e+07
27  33  1.43123e+08
27  34  1.67079e+08
27  35  1.2993e+08
27  36  1.02806e+08
27  37  9.74896e+07
27  38  1.07114e+08
27  39  1.14379e+08
27  40  1.28881e+08
27  41  1.24389e+08
27  42  1.17256e+08
27  43  1.30147e+08
27  44  1.23192e+08
27  45  1.08913e+08
27  46  1.12834e+08
27  47  1.1048e+08
27  48  1.1389e+08
27  49  1.06405e+08
27  50  1.00632e+08
27  51  1.18585e+08
27  52  1.15237e+08
27  53  1.07922e+08
27  54  1.06569e+08
27  55  1.05036e+08
27  56  8.61615e+07
27  57  1.04626e+08
27  58  1.08592e+08
27  59  9.29717e+07
27  60  8.80665e+07
27  61  9.40058e+07
27  62  7.99006e+07
27  63  7.97244e+07
27  64  6.75994e+07
27  65  5.89426e+07
27  66  7.61074e+07
27  67  7.37895e+07
28  0  5.38935e+07
28  1  6.13023e+07
28  2  5.92672e+07
28  3  6.197e+07
28  4  5.10665e+07
28  5  7.4516e+07
28  6  7.09166e+07
28  7  9.44129e+07
28  8  1.24898e+08
28  9  1.10883e+08
28  10  1.14137e+08
28  11  1.08024e+08
28  12  1.0335e+08
28  13  9.11515e+07
28  14  9.49827e+07
28  15  1.17736e+08
28  16  1.36262e+08
28  17  1.30218e+08
28  18  1.26751e+08
28  19  1.09928e+08
28  20  1.04085e+08
28  21  1.10375e+08
28  22  1.55035e+08
28  23  1.55595e+08
28  24  1.21907e+08
28  25  9.3244e+07
28  26  1.09148e+08
28  27  1.02153e+08
28  28  1.12137e+08
28  29  9.21701e+07
28  30  8.3721e+07
28  31  9.78065e+07
28  32  1.06657e+08
28  33  1.44673e+08
28  34  1.35311e+08
28  35  1.16396e+08
28  36  1.00338e+08
28  37  1.13992e+08
28  38  9.58306e+07
28  39  1.11463e+08
28  40  1.05587e+08
28  41  1.40433e+08
28  42  1.25942e+08
28  43  1.22116e+08
28  44  1.02182e+08
28  45  1.12315e+08
28  46  1.10444e+08
28  47  1.13105e+08
28  48  1.18087e+08
28  49  1.07012e+08
28  50  1.36192e+08
28  51  9.10606e+07
28  52  1.02813e+08
28  53  1.21039e+08
28  54  9.50722e+07
28  55  8.79967e+07
28  56  1.15341e+08
28  57  9.89186e+07
28  58  1.1358e+08
28  59  1.015e+08
28  60  1.11847e+08
28  61  1.02849e+08
28  62  9.88099e+07
28  63  7.29124e+07
28  64  6.47657e+07
28  65  7.04309e+07
28  66  4.68547e+07
28  67  8.04712e+07
29  0  5.2103e+07
29  1  6.96056e+07
29  2  5.69064e+07
29  3  5.38673e+07
29  4  5.79534e+07
29  5  4.38923e+07
29  6  8.40652e+07
29  7  1.0802e+08
29  8  1.26178e+08
29  9  1.23196e+08
29  10  1.16456e+08
29  11  1.14987e+08
29  12  1.12707e+08
29  13  5.39486e+07
29  14  9.78434e+07
29  15  1.07042e+08
29  16  1.4806e+08
29  17  1.20715e+08
29  18  1.26295e+08
29  19  1.15904e+08
29  20  1.2504e+08
29  21  1.09053e+08
29  22  1.1054e+08
29  23  1.3768e+08
29  24  1.1945e+08
29  25  9.957e+07
29  26  9.44914e+07
29  27  1.04983e+08
29  28  8.53569e+07
29  29  9.12927e+07
29  30  1.03227e+08
29  31  1.0292e+08
29  32  1.02491e+08
29  33  1.25739e+08
29  34  1.39512e+08
29  35  1.10044e+08
29  36  1.09571e+08
29  37  1.14158e+08
29  38  9.70748e+07
29  39  1.09243e+08
29  40  1.10266e+08
29  41  1.03637e+08
29  42  1.51661e+08
29  43  1.16494e+08
29  44  1.23957e+08
29  45  1.11196e+08
29  46  1.02379e+08
29  47  1.02213e+08
29  48  1.16946e+08
29  49  1.02629e+08
29  50  1.17945e+08
29  51  1.12041e+08
29  52  1.06666e+08
29  53  1.12265e+08
29  54  9.98664e+07
29  55  9.24499e+07
29  56  1.19598e+08
29  57  9.95967e+07
29  58  9.1202e+07
29  59  8.64386e+07
29  60  1.03525e+08
29  61  1.02431e+08
29  62  1.01278e+08
29  63  8.24164e+07
29  64  7.32304e+07
29  65  5.93602e+07
29  66  8.25046e+07
29  67  7.11569e+07
30  0  5.60859e+07
30  1  6.66148e+07
30  2  4.98232e+07
30  3  5.73441e+07
30  4  6.79187e+07
30  5  6.64187e+07
30  6  8.17271e+07
30  7  1.17013e+08
30  8  1.20241e+08
30  9  1.38057e+08
30  10  1.10616e+08
30  11  1.1599e+08
30  12  9.6902e+07
30  13  8.58704e+07
30  14  9.41898e+07
30  15  1.29545e+08
30  16  1.42287e+08
30  17  1.28373e+08
30  18  1.17158e+08
30  19  1.21618e+08
30  20  1.34025e+08
30  21  1.15242e+08
30  22  8.04452e+07
30  23  1.4321e+08
30  24  1.15621e+08
30  25  1.06153e+08
30  26  8.10437e+07
30  27  1.03058e+08
30  28  9.6015e+07
30  29  7.88831e+07
30  30  9.35145e+07
30  31  9.84101e+07
30  32  1.03968e+08
30  33  1.12974e+08
30  34  1.29388e+08
30  35  1.20919e+08
30  36  1.07011e+08
30  37  1.1038e+08
30  38  9.95968e+07
30  39  1.0939e+08
30  40  1.12885e+08
30  41  9.94166e+07
30  42  1.1596e+08
30  43  1.20574e+08
30  44  1.19325e+08
30  45  1.11545e+08
30  46  1.24291e+08
30  47  1.19003e+08
30  48  1.13183e+08
30  49  1.04683e+08
30  50  9.7038e+07
30  51  1.05225e+08
30  52  1.02055e+08
30  53  9.70205e+07
30  54  9.19113e+07
30  55  1.07698e+08
30  56  1.17152e+08
30  57  1.02573e+08
30  58  9.47805e+07
30  59  9.59578e+07
30  60  9.13863e+07
30  61  1.00684e+08
30  62  9.5416e+07
30  63  7.7002e+07
30  64  8.16714e+07
30  65  7.28925e+07
30  66  9.13325e+07
30  67  9.20993e+07
31  0  6.44158e+07
31  1  7.55912e+07
31  2  6.39524e+07
31  3  6.69589e+07
31  4  8.46895e+07
31  5  8.58318e+07
31  6  1.05037e+08
31  7  1.07785e+08
31  8  1.36355e+08
31  9  1.51013e+08
31  10  1.26541e+08
31  11  1.15223e+08
31  12  1.22569e+08
31  13  9.99493e+07
31  14  9.78022e+07
31  15  1.27239e+08
31  16  1.66266e+08
31  17  1.5337e+08
31  18  1.18184e+08
31  19  1.15939e+08
31  20  1.29686e+08
31  21  1.11712e+08
31  22  9.13717e+07
31  23  1.17424e+08
31  24  9.71083e+07
31  25  1.04882e+08
31  26  1.11296e+08
31  27  9.47359e+07
31  28  8.5058e+07
31  29  9.5116e+07
31  30  8.71805e+07
31  31  1.01712e+08
31  32  1.08864e+08
31  33  1.10189e+08
31  34  1.40907e+08
31  35  1.09741e+08
31  36  9.43625e+07
31  37  9.82721e+07
31  38  9.11807e+07
31  39  1.00613e+08
31  40  1.12414e+08
31  41  1.28947e+08
31  42  1.24429e+08
31  43  1.3301e+08
31  44  1.05604e+08
31  45  1.04088e+08
31  46  1.08163e+08
31  47  9.49132e+07
31  48  1.03865e+08
31  49  9.62155e+07
31  50  1.14804e+08
31  51  1.37672e+08
31  52  9.38342e+07
31  53  9.9216e+07
31  54  9.55648e+07
31  55  9.8827e+07
31  56  1.10597e+08
31  57  3.43206e+07
31  58  9.22486e+07
31  59  8.95808e+07
31  60  9.37703e+07
31  61  1.03721e+08
31  62  8.48677e+07
31  63  8.73624e+07
31  64  8.35689e+07
31  65  8.93158e+07
31  66  7.28366e+07
31  67  8.73644e+07
32  0  6.60176e+07
32  1  6.29551e+07
32  2  7.72544e+07
32  3  7.08714e+07
32  4  7.03165e+07
32  5  9.12926e+07
32  6  8.50766e+07
32  7  1.2442e+08
32  8  1.31887e+08
32  9  1.58941e+08
32  10  1.38195e+08
32  11  1.13413e+08
32  12  1.01786e+08
32  13  9.03862e+07
32  14  1.18061e+08
32  15  1.22916e+08
32  16  1.59587e+08
32  17  1.52938e+08
32  18  1.20158e+08
32  19  1.15326e+08
32  20  1.34611e+08
32  21  8.9473e+07
32  22  1.12498e+08
32  23  1.44122e+08
32  24  1.22295e+08
32  25  8.22471e+07
32  26  1.02895e+08
32  27  9.11873e+07
32  28  8.76484e+07
32  29  1.03866e+08
32  30  8.88006e+07
32  31  1.13769e+08
32  32  1.0496e+08
32  33  1.25579e+08
32  34  1.23502e+08
32  35  9.56418e+07
32  36  1.02024e+08
32  37  1.11284e+08
32  38  1.11696e+08
32  39  1.05136e+08
32  40  1.18767e+08
32  41  1.19233e+08
32  42  1.35901e+08
32  43  1.19775e+08
32  44  1.03435e+08
32  45  1.10151e+08
32  46  1.07202e+08
32  47  1.00259e+08
32  48  9.46167e+07
32  49  9.97088e+07
32  50  1.04312e+08
32  51  1.0757e+08
32  52  9.23574e+07
32  53  9.84586e+07
32  54  1.0615e+08
32  55  1.2102e+08
32  56  1.16379e+08
32  57  1.02495e+08
32  58  1.01639e+08
32  59  9.60073e+07
32  60  1.17351e+08
32  61  1.09062e+08
32  62  1.00664e+08
32  63  8.13891e+07
32  64  9.08908e+07
32  65  7.93285e+07
32  66  9.50155e+07
32  67  8.58511e+07
33  0  7.26029e+07
33  1  6.81339e+07
33  2  7.41429e+07
33  3  8.32942e+07
33  4  7.9613e+07
33  5  9.35845e+07
33  6  1.07169e+08
33  7  1.062e+08
33  8  1.34869e+08
33  9  1.53208e+08
33  10  1.39053e+08
33  11  1.21679e+08
33  12  1.20303e+08
33  13  1.07076e+08
33  14  1.18026e+08
33  15  1.35531e+08
33  16  1.53947e+08
33  17  1.36042e+08
33  18  1.22533e+08
33  19  1.24277e+08
33  20  1.30398e+08
33  21  9.99546e+07
33  22  9.81443e+07
33  23  1.10848e+08
33  24  8.88857e+07
33  25  1.08611e+08
33  26  9.38768e+07
33  27  1.00069e+08
33  28  8.73552e+07
33  29  7.35699e+07
33  30  7.95297e+07
33  31  1.01046e+08
33  32  1.18819e+08
33  33  1.15905e+08
33  34  1.41506e+08
33  35  1.05416e+08
33  36  9.69267e+07
33  37  1.08095e+08
33  38  1.05441e+08
33  39  1.22995e+08
33  40  1.19588e+08
33  41  1.12163e+08
33  42  1.2413e+08
33  43  1.05441e+08
33  44  1.12603e+08
33  45  9.38182e+07
33  46  1.01822e+08
33  47  1.15747e+08
33  48  9.82656e+07
33  49  1.0501e+08
33  50  8.74757e+07
33  51  1.16891e+08
33  52  9.04652e+07
33  53  9.3388e+07
33  54  1.03559e+08
33  55  1.05124e+08
33  56  1.12162e+08
33  57  1.1488e+08
33  58  8.68954e+07
33  59  1.09493e+08
33  60  1.04227e+08
33  61  1.01807e+08
33  62  5.00435e+07
33  63  1.01666e+08
33  64  7.47343e+07
33  65  9.12817e+07
33  66  9.72243e+07
33  67  8.75124e+07
34  0  7.85791e+07
34  1  6.7048e+07
34  2  6.93977e+07
34  3  7.15701e+07
34  4  7.36362e+07
34  5  9.22846e+07
34  6  1.02913e+08
34  7  9.99769e+07
34  8  1.47565e+08
34  9  1.68352e+08
34  10  1.37326e+08
34  11  1.38943e+08
34  12  1.16183e+08
34  13  1.19806e+08
34  14  1.01752e+08
34  15  1.26111e+08
34  16  1.638e+08
34  17  1.28399e+08
34  18  1.26099e+08
34  19  1.12194e+08
34  20  1.21258e+08
34  21  1.13165e+08
34  22  1.29647e+08
34  23  1.02846e+08
34  24  1.12755e+08
34  25  1.08333e+08
34  26  9.58993e+07
34  27  8.90351e+07
34  28  8.05611e+07
34  29  9.71518e+07
34  30  8.26998e+07
34  31  9.4404e+07
34  32  9.56297e+07
34  33  1.21316e+08
34  34  1.05529e+08
34  35  1.04162e+08
34  36  1.04062e+08
34  37  9.58984e+07
34  38  1.07597e+08
34  39  1.14591e+08
34  40  1.19118e+08
34  41  1.1045e+08
34  42  1.29174e+08
34  43  1.11639e+08
34  44  1.01697e+08
34  45  1.23846e+08
34  46  1.11741e+08
34  47  9.59166e+07
34  48  9.54632e+07
34  49  1.02983e+08
34  50  1.02144e+08
34  51  1.0809e+08
34  52  1.14357e+08
34  53  9.71898e+07
34  54  1.13746e+08
34  55  9.14821e+07
34  56  9.0373e+07
34  57  1.02998e+08
34  58  1.0769e+08
34  59  1.05905e+08
34  60  9.33644e+07
34  61  1.01057e+08
34  62  9.39859e+07
34  63  9.86324e+07
34  64  8.26371e+07
34  65  9.54251e+07
34  66  8.56299e+07
34  67  8.89195e+07
35  0  9.04382e+07
35  1  6.76959e+07
35  2  8.25228e+07
35  3  8.49353e+07
35  4  5.86136e+07
35  5  8.74043e+07
35  6  1.10241e+08
35  7  1.42985e+08
35  8  1.65606e+08
35  9  1.65741e+08
35  10  1.69307e+08
35  11  1.37821e+08
35  12  1.23613e+08
35  13  1.13534e+08
35  14  1.23009e+08
35  15  1.22842e+08
35  16  1.98408e+08
35  17  1.36288e+08
35  18  1.23164e+08
35  19  1.12029e+08
35  20  1.18784e+08
35  21  1.18082e+08
35  22  1.24074e+08
35  23  1.25238e+08
35  24  1.14602e+08
35  25  9.52362e+07
35  26  1.01698e+08
35  27  1.09679e+08
35  28  9.89427e+07
35  29  8.59133e+07
35  30  9.4148e+07
35  31  8.74543e+07
35  32  8.6392e+07
35  33  1.07203e+08
35  34  9.97373e+07
35  35  1.05049e+08
35  36  1.01912e+08
35  37  1.0935e+08
35  38  8.98584e+07
35  39  1.24247e+08
35  40  1.0582e+08
35  41  1.3235e+08
35  42  1.11868e+08
35  43  1.21227e+08
35  44  1.11426e+08
35  45  1.18555e+08
35  46  1.11817e+08
35  47  1.07154e+08
35  48  1.17945e+08
35  49  1.06519e+08
35  50  1.26047e+08
35  51  1.15631e+08
35  52  1.01609e+08
35  53  9.91525e+07
35  54  1.0201e+08
35  55  8.51673e+07
35  56  1.12742e+08
35  57  9.97221e+07
35  58  9.74887e+07
35  59  1.0329e+08
35  60  9.77942e+07
35  61  1.11634e+08
35  62  1.10736e+08
35  63  1.03017e+08
35  64  8.80049e+07
35  65  9.04289e+07
35  66  9.52671e+07
35  67  1.2293e+08
36  0  6.36788e+07
36  1  9.46779e+07
36  2  7.4916e+07
36  3  9.3661e+07
36  4  1.11478e+08
36  5  1.01256e+08
36  6  1.28647e+08
36  7  1.59144e+08
36  8  1.53654e+08
36  9  1.8821e+08
36  10  1.54777e+08
36  11  1.3807e+08
36  12  1.15348e+08
36  13  1.21955e+08
36  14  1.11827e+08
36  15  1.49551e+08
36  16  1.87666e+08
36  17  1.67632e+08
36  18  1.04351e+08
36  19  1.24324e+08
36  20  1.1874e+08
36  21  1.04496e+08
36  22  1.18473e+08
36  23  1.33068e+08
36  24  1.02266e+08
36  25  1.03131e+08
36  26  1.02806e+08
36  27  8.18693e+07
36  28  8.44657e+07
36  29  8.22503e+07
36  30  9.22958e+07
36  31  9.87692e+07
36  32  1.02726e+08
36  33  1.10416e+08
36  34  1.23573e+08
36  35  1.21968e+08
36  36  9.4806e+07
36  37  1.128e+08
36  38  1.32505e+08
36  39  1.21434e+08
36  40  1.19827e+08
36  41  1.08535e+08
36  42  1.23001e+08
36  43  7.84276e+07
36  44  1.18352e+08
36  45  1.17213e+08
36  46  1.0463e+08
36  47  1.06897e+08
36  48  1.1042e+08
36  49  1.07747e+08
36  50  1.04055e+08
36  51  1.23815e+08
36  52  1.17218e+08
36  53  1.10622e+08
36  54  9.0823e+07
36  55  1.06875e+08
36  56  9.83716e+07
36  57  1.28994e+08
36  58  1.1657e+08
36  59  8.30251e+07
36  60  1.18124e+08
36  61  1.25976e+08
36  62  1.12826e+08
36  63  1.00884e+08
36  64  1.03131e+08
36  65  9.35292e+07
36  66  8.57567e+07
36  67  1.15253e+08
37  0  6.09469e+07
37  1  8.89619e+07
37  2  9.90976e+07
37  3  8.8097e+07
37  4  8.96037e+07
37  5  9.68115e+07
37  6  1.10466e+08
37  7  1.21114e+08
37  8  1.48901e+08
37  9  1.82501e+08
37  10  1.75835e+08
37  11  1.38407e+08
37  12  1.23964e+08
37  13  1.29315e+08
37  14  1.21916e+08
37  15  1.27639e+08
37  16  1.74216e+08
37  17  1.55516e+08
37  18  1.38942e+08
37  19  1.18311e+08
37  20  1.2128e+08
37  21  1.12376e+08
37  22  1.13007e+08
37  23  1.25436e+08
37  24  1.11467e+08
37  25  1.04535e+08
37  26  1.15518e+08
37  27  9.5744e+07
37  28  8.35919e+07
37  29  8.35961e+07
37  30  8.4122e+07
37  31  1.02647e+08
37  32  9.77136e+07
37  33  1.29218e+08
37  34  1.22601e+08
37  35  1.01746e+08
37  36  9.55254e+07
37  37  1.11512e+08
37  38  9.84163e+07
37  39  1.1958e+08
37  40  1.23352e+08
37  41  1.29814e+08
37  42  1.28185e+08
37  43  1.19648e+08
37  44  9.71425e+07
37  45  1.09412e+08
37  46  1.16124e+08
37  47  9.75346e+07
37  48  1.25562e+08
37  49  1.15262e+08
37  50  1.16234e+08
37  51  1.09042e+08
37  52  1.09794e+08
37  53  1.14678e+08
37  54  1.08592e+08
37  55  1.44331e+08
37  56  1.08178e+08
37  57  1.2935e+08
37  58  1.11037e+08
37  59  1.24965e+08
37  60  1.31127e+08
37  61  1.09501e+08
37  62  1.0869e+08
37  63  1.04678e+08
37  64  9.83716e+07
37  65  7.93086e+07
37  66  1.08926e+08
37  67  1.40956e+08
38  0  8.29214e+07
38  1  9.03478e+07
38  2  1.05737e+08
38  3  9.28478e+07
38  4  9.60548e+07
38  5  1.09077e+08
38  6  4.79719e+07
38  7  1.32336e+08
38  8  1.79461e+08
38  9  1.81307e+08
38  10  1.76734e+08
38  11  1.58286e+08
38  12  1.30566e+08
38  13  1.30281e+08
38  14  1.21725e+08
38  15  1.20969e+08
38  16  1.32222e+08
38  17  5.37776e+07
38  18  1.25414e+08
38  19  1.29111e+08
38  20  1.31728e+08
38  21  1.23987e+08
38  22  1.2222e+08
38  23  1.2485e+08
38  24  1.18676e+08
38  25  9.68443e+07
38  26  1.02026e+08
38  27  1.2396e+08
38  28  8.28693e+07
38  29  8.84524e+07
38  30  9.76504e+07
38  31  1.10081e+08
38  32  9.26887e+07
38  33  1.14193e+08
38  34  1.06243e+08
38  35  9.79177e+07
38  36  1.14733e+08
38  37  1.05633e+08
38  38  1.15634e+08
38  39  1.18762e+08
38  40  1.17247e+08
38  41  1.40788e+08
38  42  1.31206e+08
38  43  1.25732e+08
38  44  1.0573e+08
38  45  1.0889e+08
38  46  1.10541e+08
38  47  1.14781e+08
38  48  1.18567e+08
38  49  1.00968e+08
38  50  1.10564e+08
38  51  1.23025e+08
38  52  1.16558e+08
38  53  1.24595e+08
38  54  1.2244e+08
38  55  1.07874e+08
38  56  9.82475e+07
38  57  1.15092e+08
38  58  1.08435e+08
38  59  1.10452e+08
38  60  1.40154e+08
38  61  1.09366e+08
38  62  1.16399e+08
38  63  1.09095e+08
38  64  9.6542e+07
38  65  1.05334e+08
38  66  1.18982e+08
38  67  1.29544e+08
39  0  9.41433e+07
39  1  1.03962e+08
39  2  1.04717e+08
39  3  9.10516e+07
39  4  1.02352e+08
39  5  1.11627e+08
39  6  1.2214e+08
39  7  1.53714e+08
39  8  1.80368e+08
39  9  1.7889e+08
39  10  1.55425e+08
39  11  1.40447e+08
39  12  1.38301e+08
39  13  1.39878e+08
39  14  1.29439e+08
39  15  1.55001e+08
39  16  1.40775e+08
39  17  1.51803e+08
39  18  1.10705e+08
39  19  1.09421e+08
39  20  1.07007e+08
39  21  1.32701e+08
39  22  1.32369e+08
39  23  1.13549e+08
39  24  1.0285e+08
39  25  1.0387e+08
39  26  1.01989e+08
39  27  1.14031e+08
39  28  1.01494e+08
39  29  8.40499e+07
39  30  8.38511e+07
39  31  9.54036e+07
39  32  8.90419e+07
39  33  1.10179e+08
39  34  1.08026e+08
39  35  1.16828e+08
39  36  9.36382e+07
39  37  1.16795e+08
39  38  1.12913e+08
39  39  1.06038e+08
39  40  1.18875e+08
39  41  1.25807e+08
39  42  1.43471e+08
39  43  1.14311e+08
39  44  1.01466e+08
39  45  1.00948e+08
39  46  1.04931e+08
39  47  1.06497e+08
39  48  1.14246e+08
39  49  1.06378e+08
39  50  1.26412e+08
39  51  1.13467e+08
39  52  1.17193e+08
39  53  1.35505e+08
39  54  1.14733e+08
39  55  1.09809e+08
39  56  1.26001e+08
39  57  1.30186e+08
39  58  1.19281e+08
39  59  1.21413e+08
39  60  1.30186e+08
39  61  1.16781e+08
39  62  1.21763e+08
39  63  9.06037e+07
39  64  1.00345e+08
39  65  1.41191e+08
39  66  1.23983e+08
39  67  1.19748e+08
40  0  1.02238e+08
40  1  1.0006e+08
40  2  9.46548e+07
40  3  8.06033e+07
40  4  1.07702e+08
40  5  1.16054e+08
40  6  1.45798e+08
40  7  1.63435e+08
40  8  1.83112e+08
40  9  1.91731e+08
40  10  1.63606e+08
40  11  1.62723e+08
40  12  1.50006e+08
40  13  1.33002e+08
40  14  1.23094e+08
40  15  1.39001e+08
40  16  1.52804e+08
40  17  1.47254e+08
40  18  1.19879e+08
40  19  1.18522e+08
40  20  1.23034e+08
40  21  1.20163e+08
40  22  1.16235e+08
40  23  1.21403e+08
40  24  1.05219e+08
40  25  1.21227e+08
40  26  9.19322e+07
40  27  9.7498e+07
40  28  1.04513e+08
40  29  9.20966e+07
40  30  1.00063e+08
40  31  1.08621e+08
40  32  9.77129e+07
40  33  1.15636e+08
40  34  1.09583e+08
40  35  1.19338e+08
40  36  8.22431e+07
40  37  1.0813e+08
40  38  1.08912e+08
40  39  1.20291e+08
40  40  1.16266e+08
40  41  1.38169e+08
40  42  1.15252e+08
40  43  1.18171e+08
40  44  1.22099e+08
40  45  1.33594e+08
40  46  1.15601e+08
40  47  1.12847e+08
40  48  1.23228e+08
40  49  1.14473e+08
40  50  1.25443e+08
40  51  1.06757e+08
40  52  1.19479e+08
40  53  1.16327e+08
40  54  1.12513e+08
40  55  1.39264e+08
40  56  1.06925e+08
40  57  1.24302e+08
40  58  1.25575e+08
40  59  1.37594e+08
40  60  1.34088e+08
40  61  1.01753e+08
40  62  1.2048e+08
40  63  1.02606e+08
40  64  1.22088e+08
40  65  1.18247e+08
40  66  1.3104e+08
40  67  1.43617e+08
41  0  5.24782e+07
41  1  1.22744e+08
41  2  1.11011e+08
41  3  1.17119e+08
41  4  1.19781e+08
41  5  1.52862e+08
41  6  1.25758e+08
41  7  1.40714e+08
41  8  1.97633e+08
41  9  1.98551e+08
41  10  1.71018e+08
41  11  1.84617e+08
41  12  1.40521e+08
41  13  1.28614e+08
41  14  1.32704e+08
41  15  1.37531e+08
41  16  1.39415e+08
41  17  1.52457e+08
41  18  1.21263e+08
41  19  1.34187e+08
41  20  1.25493e+08
41  21  1.26085e+08
41  22  1.1322e+08
41  23  1.15501e+08
41  24  1.05567e+08
41  25  1.0384e+08
41  26  9.98838e+07
41  27  1.09621e+08
41  28  9.65678e+07
41  29  9.01586e+07
41  30  9.51115e+07
41  31  9.17601e+07
41  32  9.65914e+07
41  33  1.08124e+08
41  34  1.14832e+08
41  35  1.33867e+08
41  36  1.17472e+08
41  37  1.35167e+08
41  38  1.19375e+08
41  39  1.32393e+08
41  40  1.23113e+08
41  41  1.20119e+08
41  42  1.41385e+08
41  43  1.33149e+08
41  44  1.29333e+08
41  45  1.18826e+08
41  46  1.2453e+08
41  47  1.0273e+08
41  48  4.00559e+07
41  49  1.065e+08
41  50  1.11215e+08
41  51  1.32505e+08
41  52  1.0895e+08
41  53  9.28708e+07
41  54  1.1258e+08
41  55  1.23136e+08
41  56  1.17715e+08
41  57  1.2572e+08
41  58  1.14698e+08
41  59  1.32276e+08
41  60  1.19251e+08
41  61  1.34531e+08
41  62  1.06508e+08
41  63  1.14539e+08
41  64  1.05879e+08
41  65  1.30268e+08
41  66  1.14136e+08
41  67  1.58937e+08
42  0  1.14928e+08
42  1  1.0959e+08
42  2  1.18791e+08
42  3  1.06136e+08
42  4  1.21036e+08
42  5  1.29636e+08
42  6  1.24592e+08
42  7  1.65487e+08
42  8  1.7212e+08
42  9  1.94338e+08
42  10  1.66847e+08
42  11  1.74828e+08
42  12  1.50914e+08
42  13  1.59823e+08
42  14  1.35706e+08
42  15  1.48864e+08
42  16  1.37875e+08
42  17  1.37907e+08
42  18  1.31512e+08
42  19  1.43865e+08
42  20  1.43099e+08
42  21  1.2886e+08
42  22  1.4771e+08
42  23  1.23339e+08
42  24  1.1372e+08
42  25  9.54945e+07
42  26  1.08826e+08
42  27  1.07068e+08
42  28  8.84252e+07
42  29  1.01701e+07
42  30  9.19128e+07
42  31  1.04874e+08
42  32  1.00218e+08
42  33  1.33717e+08
42  34  1.15869e+08
42  35  1.1766e+08
42  36  1.25104e+08
42  37  1.23973e+08
42  38  1.21243e+08
42  39  1.34024e+08
42  40  1.52563e+08
42  41  1.10726e+08
42  42  1.27777e+08
42  43  1.49654e+08
42  44  1.39112e+08
42  45  1.1604e+08
42  46  1.1914e+08
42  47  1.19243e+08
42  48  1.34642e+08
42  49  1.15657e+08
42  50  1.21085e+08
42  51  1.25018e+08
42  52  1.28404e+08
42  53  1.41649e+08
42  54  1.28637e+08
42  55  1.31151e+08
42  56  1.23861e+08
42  57  1.3062e+08
42  58  1.24483e+08
42  59  1.43931e+08
42  60  1.41432e+08
42  61  1.4054e+08
42  62  1.28612e+08
42  63  1.25241e+08
42  64  1.13101e+08
42  65  1.22791e+08
42  66  1.22246e+08
42  67  1.73848e+08
43  0  1.16851e+08
43  1  9.00965e+07
43  2  1.17386e+08
43  3  1.39618e+08
43  4  1.16612e+08
43  5  1.12011e+08
43  6  1.34781e+08
43  7  1.59432e+08
43  8  1.74756e+08
43  9  2.13575e+08
43  10  2.26741e+08
43  11  1.64648e+08
43  12  1.63789e+08
43  13  1.49955e+08
43  14  1.30987e+08
43  15  1.52948e+08
43  16  1.40979e+08
43  17  1.54286e+08
43  18  1.33912e+08
43  19  1.27518e+08
43  20  1.18033e+08
43  21  1.25616e+08
43  22  1.23162e+08
43  23  1.11294e+08
43  24  1.13558e+08
43  25  1.17702e+08
43  26  1.32574e+08
43  27  1.20373e+08
43  28  1.157e+08
43  29  1.08344e+08
43  30  1.05111e+08
43  31  8.48946e+07
43  32  9.90763e+07
43  33  1.19416e+08
43  34  1.20277e+08
43  35  1.17875e+08
43  36  1.25402e+08
43  37  1.3177e+08
43  38  1.41988e+08
43  39  1.33595e+08
43  40  1.25747e+08
43  41  1.3822e+08
43  42  1.21023e+08
43  43  1.33501e+08
43  44  1.32739e+08
43  45  1.14099e+08
43  46  1.11101e+08
43  47  1.2624e+08
43  48  1.1439e+08
43  49  1.28186e+08
43  50  1.13117e+08
43  51  1.23969e+08
43  52  1.29272e+08
43  53  1.37395e+08
43  54  1.22215e+08
43  55  1.51454e+08
43  56  1.21751e+08
43  57  1.44487e+08
43  58  1.26973e+08
43  59  1.47397e+08
43  60  1.47261e+08
43  61  1.45688e+08
43  62  1.41347e+08
43  63  1.20887e+08
43  64  1.36284e+08
43  65  1.23985e+08
43  66  1.28333e+08
43  67  1.91087e+08
44  0  1.33277e+08
44  1  1.19152e+08
44  2  2.1171e+07
44  3  1.29351e+08
44  4  1.17891e+08
44  5  1.48851e+08
44  6  1.44158e+08
44  7  1.61489e+08
44  8  1.93408e+08
44  9  1.78554e+08
44  10  2.11514e+08
44  11  1.55229e+08
44  12  1.62062e+08
44  13  1.60418e+08
44  14  1.26918e+08
44  15  1.57792e+08
44  16  1.39562e+08
44  17  1.59873e+08
44  18  1.70614e+08
44  19  1.16082e+08
44  20  1.25887e+08
44  21  1.45047e+08
44  22  1.237e+08
44  23  1.45504e+08
44  24  1.14343e+08
44  25  1.10802e+08
44  26  1.34122e+08
44  27  1.15993e+08
44  28  1.12987e+08
44  29  1.06666e+08
44  30  1.04175e+08
44  31  9.70453e+07
44  32  1.13741e+08
44  33  1.26223e+08
44  34  1.15593e+08
44  35  1.40635e+08
44  36  1.16315e+08
44  37  1.14409e+08
44  38  1.23486e+08
44  39  1.42557e+08
44  40  1.2563e+08
44  41  1.18852e+08
44  42  1.35254e+08
44  43  1.45218e+08
44  44  1.20161e+08
44  45  1.35802e+08
44  46  1.23346e+08
44  47  1.1108e+08
44  48  1.25957e+08
44  49  1.19658e+08
44  50  1.18787e+08
44  51  1.18935e+08
44  52  1.30735e+08
44  53  1.16716e+08
44  54  1.13463e+08
44  55  1.16714e+08
44  56  1.4253e+08
44  57  1.13279e+08
44  58  1.24055e+08
44  59  1.30484e+08
44  60  1.34452e+08
44  61  1.38759e+08
44  62  1.34023e+08
44  63  1.32534e+08
44  64  1.42976e+08
44  65  1.46668e+08
44  66  1.2684e+08
44  67  1.95899e+08
45  0  1.21274e+08
45  1  1.21274e+08
45  2  1.28661e+08
45  3  1.37307e+08
45  4  1.37854e+08
45  5  1.27974e+08
45  6  1.37742e+08
45  7  1.44129e+08
45  8  1.78981e+08
45  9  2.19505e+08
45  10  1.75477e+08
45  11  1.72016e+08
45  12  1.56246e+08
45  13  1.60204e+08
45  14  1.56674e+08
45  15  1.65719e+08
45  16  1.66328e+08
45  17  1.60628e+08
45  18  1.54068e+08
45  19  1.29547e+08
45  20  1.30287e+08
45  21  1.47708e+08
45  22  1.39759e+08
45  23  1.16414e+08
45  24  1.29499e+08
45  25  1.2728e+08
45  26  1.07606e+08
45  27  1.22121e+08
45  28  1.14334e+08
45  29  1.06391e+08
45  30  1.37644e+08
45  31  1.0926e+08
45  32  9.86905e+07
45  33  1.34521e+08
45  34  1.25373e+08
45  35  1.24997e+08
45  36  1.36245e+08
45  37  1.19542e+08
45  38  1.51386e+08
45  39  9.32966e+07
45  40  1.42521e+08
45  41  1.39585e+08
45  42  1.41262e+08
45  43  1.29979e+08
45  44  1.21566e+08
45  45  1.3466e+08
45  46  1.26275e+08
45  47  1.31771e+08
45  48  1.30424e+08
45  49  1.20817e+08
45  50  1.22194e+08
45  51  1.24147e+08
45  52  1.33028e+08
45  53  1.26072e+08
45  54  1.28132e+08
45  55  1.25903e+08
45  56  1.34057e+08
45  57  1.42191e+08
45  58  1.18838e+08
45  59  1.40531e+08
45  60  1.41271e+08
45  61  1.27926e+08
45  62  1.21718e+08
45  63  1.40243e+08
45  64  1.47455e+08
45  65  1.40413e+08
45  66  1.51276e+08
45  67  2.19932e+08
46  0  1.26305e+08
46  1  1.23393e+08
46  2  1.47884e+08
46  3  1.34901e+08
46  4  1.67194e+08
46  5  1.63231e+08
46  6  1.54421e+08
46  7  1.71884e+08
46  8  1.99652e+08
46  9  2.14077e+08
46  10  1.79425e+08
46  11  1.84546e+08
46  12  1.65284e+08
46  13  1.51554e+08
46  14  1.66275e+08
46  15  1.43337e+08
46  16  1.88055e+08
46  17  1.80997e+08
46  18  1.55441e+08
46  19  1.2225e+08
46  20  1.46375e+08
46  21  1.30126e+08
46  22  1.49116e+08
46  23  1.45023e+08
46  24  2.97796e+07
46  25  1.13983e+08
46  26  1.16323e+08
46  27  1.33048e+08
46  28  1.20227e+08
46  29  1.199e+08
46  30  1.2883e+08
46  31  1.2765e+08
46  32  1.33596e+08
46  33  1.19052e+08
46  34  1.21573e+08
46  35  1.36896e+08
46  36  1.38586e+08
46  37  1.38403e+08
46  38  1.72657e+08
46  39  1.27178e+08
46  40  1.51868e+08
46  41  1.5002e+08
46  42  1.43806e+08
46  43  1.55421e+08
46  44  1.32374e+08
46  45  1.3943e+08
46  46  1.18551e+08
46  47  1.38153e+08
46  48  1.53006e+08
46  49  1.18323e+08
46  50  1.42764e+08
46  51  1.33481e+08
46  52  1.29881e+08
46  53  1.22352e+08
46  54  1.25213e+08
46  55  1.38385e+08
46  56  1.39543e+08
46  57  1.33126e+08
46  58  1.32526e+08
46  59  1.67927e+08
46  60  1.38507e+08
46  61  1.328e+08
46  62  1.5136e+08
46  63  1.35194e+08
46  64  1.40692e+08
46  65  1.57276e+08
46  66  1.48314e+08
46  67  2.0938e+08
47  0  1.44984e+08
47  1  1.19376e+08
47  2  1.60716e+08
47  3  1.62098e+08
47  4  1.49818e+08
47  5  1.64396e+08
47  6  1.60493e+08
47  7  1.68056e+08
47  8  2.04473e+08
47  9  2.51207e+08
47  10  1.92109e+08
47  11  1.84974e+08
47  12  1.73613e+08
47  13  1.76507e+08
47  14  1.53098e+08
47  15  1.52636e+08
47  16  1.40305e+08
47  17  1.55051e+08
47  18  1.39596e+08
47  19  1.50028e+08
47  20  1.39403e+08
47  21  1.55465e+08
47  22  1.56046e+08
47  23  1.33287e+08
47  24  1.36332e+08
47  25  1.22549e+08
47  26  1.33099e+08
47  27  1.06326e+08
47  28  1.34803e+08
47  29  1.30524e+08
47  30  1.25899e+08
47  31  1.23056e+08
47  32  1.1214e+08
47  33  1.21576e+08
47  34  1.38974e+08
47  35  1.22764e+08
47  36  1.23065e+08
47  37  1.46847e+08
47  38  1.46894e+08
47  39  1.29586e+08
47  40  1.39104e+08
47  41  1.3877e+08
47  42  1.60786e+08
47  43  1.49728e+08
47  44  1.57515e+08
47  45  1.22921e+08
47  46  1.17169e+08
47  47  1.40307e+08
47  48  1.53653e+08
47  49  9.77853e+07
47  50  1.20863e+08
47  51  1.3522e+08
47  52  1.29432e+08
47  53  1.38068e+08
47  54  1.3143e+08
47  55  1.50855e+08
47  56  1.25478e+08
47  57  1.38075e+08
47  58  1.60006e+08
47  59  1.70237e+08
47  60  1.62787e+08
47  61  1.43528e+08
47  62  1.2357e+08
47  63  1.33926e+08
47  64  1.4068e+08
47  65  1.54803e+08
47  66  1.61547e+08
47  67  2.32093e+08

