row  column  (images_1_region2.edf Cu-K*images_1_region2.edf Ar-K**2.3)
0  0  8.58131e+06
0  1  242785
0  2  0
0  3  3.39656e+06
0  4  1.11923e+06
0  5  2.80317e+06
0  6  0
0  7  1.18512e+06
0  8  0
0  9  2796.91
0  10  5.35644e+06
0  11  1.8997e+06
0  12  0
0  13  882003
0  14  6.98823e+06
0  15  188475
0  16  2.74092e+06
0  17  6.71224e+06
0  18  1.22769e+07
0  19  0
0  20  7.174e+06
0  21  8.91039e+06
0  22  9.43677e+06
0  23  3.53157e+06
0  24  8.9657e+06
0  25  0
0  26  5.16168e+06
0  27  1.20169e+07
0  28  4.17188e+06
0  29  1.95582e+06
0  30  6.25883e+06
0  31  0
0  32  5.27602e+06
0  33  0
0  34  6.08817e+06
0  35  5.18962e+06
0  36  0
0  37  1.64427e+07
0  38  2.3561e+06
0  39  0
0  40  4.35515e+06
0  41  1.54501e+06
0  42  1.15356e+07
0  43  1.57166e+07
0  44  5.01556e+06
0  45  8.41431e+06
0  46  3.7998e+06
0  47  0
0  48  1.37553e+07
0  49  0
0  50  1.28741e+07
0  51  2.57457e+06
0  52  0
0  53  1.26121e+07
0  54  8.12359e+06
0  55  1.1233e+07
0  56  8.85128e+06
0  57  3.54409e+06
0  58  3.19346e+06
0  59  1.2322e+07
0  60  0
0  61  0
0  62  3.27907e+06
0  63  1.13038e+07
0  64  1.53162e+06
0  65  2.51499e+06
0  66  4.45383e+06
0  67  0
1  0  0
1  1  2.40129e+06
1  2  766176
1  3  214502
1  4  5.73179e+06
1  5  903272
1  6  6.69551e+06
1  7  8.76813e+06
1  8  1.31719e+07
1  9  6.19052e+06
1  10  0
1  11  548799
1  12  5.66769e+06
1  13  0
1  14  1.79809e+06
1  15  329066
1  16  1.02065e+07
1  17  3.35516e+06
1  18  272126
1  19  0
1  20  1.71425e+07
1  21  98708.9
1  22  6.2311e+06
1  23  0
1  24  0
1  25  1.19451e+07
1  26  299281
1  27  8.83729e+06
1  28  3.47262e+06
1  29  2.3751e+06
1  30  679225
1  31  0
1  32  709475
1  33  1.18098e+07
1  34  9.22034e+06
1  35  0
1  36  4.43051e+06
1  37  4.26547e+06
1  38  0
1  39  5.20333e+06
1  40  0
1  41  8.65381e+06
1  42  330175
1  43  0
1  44  0
1  45  7.02288e+06
1  46  1.46364e+07
1  47  1.30512e+07
1  48  3.82903e+06
1  49  4.36792e+06
1  50  9.16141e+06
1  51  1.4335e+07
1  52  4.45513e+06
1  53  1.22033e+07
1  54  9.74987e+06
1  55  1.64309e+07
1  56  1.53977e+07
1  57  0
1  58  1.42146e+07
1  59  348334
1  60  0
1  61  460465
1  62  158722
1  63  1.25116e+07
1  64  6.8284e+06
1  65  4.84167e+06
1  66  3.9878e+06
1  67  716588
2  0  5.65716e+06
2  1  0
2  2  7.03252e+06
2  3  0
2  4  3.74047e+06
2  5  5.72417e+06
2  6  0
2  7  0
2  8  7.37104e+06
2  9  1.50079e+07
2  10  0
2  11  1.59812e+07
2  12  0
2  13  0
2  14  587103
2  15  0
2  16  0
2  17  0
2  18  3.44637e+06
2  19  6.9208e+06
2  20  6.18133e+06
2  21  0
2  22  2.29062e+07
2  23  0
2  24  0
2  25  1.47014e+07
2  26  2.21808e+06
2  27  29469.2
2  28  0
2  29  0
2  30  692267
2  31  745882
2  32  8.75927e+06
2  33  0
2  34  7.02439e+06
2  35  0
2  36  9.54944e+06
2  37  0
2  38  0
2  39  6.978e+06
2  40  0
2  41  1.07221e+06
2  42  0
2  43  0
2  44  4.56458e+06
2  45  1.20634e+07
2  46  0
2  47  6.72362e+06
2  48  9.4985e+06
2  49  1.24712e+07
2  50  3303.63
2  51  811049
2  52  2.39037e+06
2  53  8.04434e+06
2  54  9.20151e+06
2  55  0
2  56  4.09288e+06
2  57  4.73035e+06
2  58  0
2  59  0
2  60  5.60096e+06
2  61  0
2  62  1.48474e+07
2  63  0
2  64  0
2  65  3.81798e+06
2  66  0
2  67  90478
3  0  3.48944e+06
3  1  0
3  2  0
3  3  1.23253e+07
3  4  0
3  5  1.03366e+07
3  6  1.44602e+07
3  7  1.05924e+06
3  8  9.57613e+06
3  9  3.10019e+06
3  10  8.01835e+06
3  11  4.1869e+06
3  12  0
3  13  0
3  14  0
3  15  8.17224e+06
3  16  0
3  17  2.09606e+06
3  18  0
3  19  0
3  20  4.39172e+06
3  21  0
3  22  4.02989e+06
3  23  0
3  24  1.10952e+07
3  25  0
3  26  0
3  27  1.16666e+07
3  28  0
3  29  0
3  30  7.06725e+06
3  31  0
3  32  0
3  33  1.43707e+07
3  34  0
3  35  2.0025e+06
3  36  3.74954e+06
3  37  2.13162e+06
3  38  1.12115e+07
3  39  1.98814e+06
3  40  1.34036e+07
3  41  2.28259e+06
3  42  0
3  43  1.50158e+07
3  44  9.60568e+06
3  45  2.09871e+06
3  46  1.94106e+07
3  47  1.13899e+07
3  48  1.16284e+06
3  49  306233
3  50  1.52946e+07
3  51  8.97725e+06
3  52  0
3  53  1.74631e+07
3  54  1.8189e+07
3  55  1.79997e+07
3  56  1.21021e+07
3  57  2.50755e+06
3  58  0
3  59  1.5226e+07
3  60  1.2196e+07
3  61  0
3  62  0
3  63  0
3  64  2.84536e+06
3  65  0
3  66  5.77319e+06
3  67  1.32471e+07
4  0  3.19872e+06
4  1  0
4  2  7.84629e+06
4  3  3.21984e+06
4  4  1.72389e+07
4  5  0
4  6  0
4  7  0
4  8  1.5696e+06
4  9  2.75991e+06
4  10  1.35469e+07
4  11  3.32382e+06
4  12  0
4  13  1.2587e+06
4  14  3.83076e+06
4  15  4.43949e+06
4  16  9.36504e+06
4  17  1.35387e+06
4  18  2.21109e+06
4  19  0
4  20  5.49583e+06
4  21  0
4  22  5.79195e+06
4  23  1.08752e+07
4  24  1.47324e+07
4  25  0
4  26  1.07038e+07
4  27  0
4  28  1.24451e+06
4  29  0
4  30  1.22374e+07
4  31  0
4  32  1.12883e+07
4  33  0
4  34  0
4  35  0
4  36  4.03132e+06
4  37  0
4  38  6.13632e+06
4  39  754577
4  40  1.81687e+07
4  41  0
4  42  1.88549e+06
4  43  328192
4  44  0
4  45  6.07021e+06
4  46  1.20355e+06
4  47  0
4  48  679549
4  49  1.67054e+07
4  50  0
4  51  0
4  52  9.80946e+06
4  53  1.4429e+07
4  54  1.3038e+06
4  55  0
4  56  525865
4  57  0
4  58  1.29013e+07
4  59  0
4  60  1.78021e+07
4  61  0
4  62  0
4  63  0
4  64  0
4  65  3.9306e+06
4  66  6.12845e+06
4  67  1.48845e+07
5  0  0
5  1  2.52225e+06
5  2  0
5  3  0
5  4  87635.3
5  5  0
5  6  2.4675e+06
5  7  2.39458e+06
5  8  0
5  9  1.43397e+07
5  10  0
5  11  0
5  12  8.89032e+06
5  13  1.10891e+07
5  14  7153.4
5  15  2.15579e+07
5  16  0
5  17  7.49591e+06
5  18  0
5  19  0
5  20  3.04912e+06
5  21  0
5  22  0
5  23  6.03968e+06
5  24  0
5  25  1.49291e+07
5  26  6.90333e+06
5  27  1.97187e+07
5  28  0
5  29  7.45411e+06
5  30  0
5  31  9.27426e+06
5  32  1.07218e+07
5  33  0
5  34  6.9166e+06
5  35  8.22397e+06
5  36  8.31057e+06
5  37  3.89912e+06
5  38  0
5  39  1.56061e+07
5  40  1.71893e+07
5  41  1.58391e+07
5  42  1.00091e+07
5  43  0
5  44  140847
5  45  0
5  46  7.84169e+06
5  47  0
5  48  0
5  49  9.89977e+06
5  50  0
5  51  2.66728e+06
5  52  1.48905e+06
5  53  9.64944e+06
5  54  7.15403e+06
5  55  54893.3
5  56  0
5  57  3.85223e+06
5  58  4.73765e+06
5  59  5.48979e+06
5  60  0
5  61  407930
5  62  0
5  63  0
5  64  0
5  65  674267
5  66  2.80106e+06
5  67  2.07777e+06
6  0  146587
6  1  5.6987e+06
6  2  0
6  3  5.76946e+06
6  4  3.86612e+06
6  5  2.98555e+06
6  6  8.39117e+06
6  7  0
6  8  2.22064e+06
6  9  0
6  10  0
6  11  858837
6  12  0
6  13  4.41919e+06
6  14  5.29008e+06
6  15  1.23194e+07
6  16  1.11545e+06
6  17  1.65648e+06
6  18  1.70421e+06
6  19  387885
6  20  9.77432e+06
6  21  3.68977e+06
6  22  5.47839e+06
6  23  0
6  24  0
6  25  8.26896e+06
6  26  68989.9
6  27  3.8441e+06
6  28  8.023e+06
6  29  1.03471e+07
6  30  0
6  31  7.61833e+06
6  32  7.21519e+06
6  33  9.71446e+06
6  34  9.66384e+06
6  35  5.84699e+06
6  36  7.36051e+06
6  37  0
6  38  0
6  39  1.11989e+07
6  40  1.35431e+07
6  41  0
6  42  1.37179e+07
6  43  1.08387e+07
6  44  9.19203e+06
6  45  0
6  46  0
6  47  8.37152e+06
6  48  1.86821e+07
6  49  112384
6  50  7.02824e+06
6  51  0
6  52  7.69966e+06
6  53  9.96428e+06
6  54  1.5411e+06
6  55  1.20173e+07
6  56  1.05406e+07
6  57  4.20114e+06
6  58  2.30358e+06
6  59  2.29744e+06
6  60  0
6  61  7.95782e+06
6  62  4.94466e+06
6  63  0
6  64  1.70953e+07
6  65  3.54744e+06
6  66  1.14696e+07
6  67  178821
7  0  8.58788e+06
7  1  1.7848e+07
7  2  0
7  3  1.61366e+06
7  4  309221
7  5  8.671e+06
7  6  6.14224e+06
7  7  1.77968e+07
7  8  7.33267e+06
7  9  0
7  10  6.10744e+06
7  11  1.58553e+07
7  12  1.88137e+07
7  13  409936
7  14  7.40136e+06
7  15  1.39951e+07
7  16  0
7  17  470256
7  18  0
7  19  9.47931e+06
7  20  9.9417e+06
7  21  0
7  22  0
7  23  7.89022e+06
7  24  1.20425e+07
7  25  1.39795e+07
7  26  0
7  27  3.75799e+06
7  28  0
7  29  6.81765e+06
7  30  9.67671e+06
7  31  1.16467e+07
7  32  934638
7  33  4.08445e+06
7  34  0
7  35  1.06724e+07
7  36  2.04587e+07
7  37  1.08341e+07
7  38  1.0329e+06
7  39  0
7  40  3.29119e+06
7  41  8.18215e+06
7  42  7.83021e+06
7  43  156785
7  44  6.69932e+06
7  45  0
7  46  0
7  47  1.06118e+07
7  48  385931
7  49  1.72451e+07
7  50  0
7  51  4.13528e+06
7  52  0
7  53  5.15011e+06
7  54  481763
7  55  1.55803e+07
7  56  2.20669e+06
7  57  0
7  58  0
7  59  1.19087e+07
7  60  0
7  61  1.80862e+07
7  62  0
7  63  1.46091e+07
7  64  30550.5
7  65  9.71094e+06
7  66  1.24183e+07
7  67  68930.7
8  0  0
8  1  0
8  2  2.03259e+06
8  3  2.79296e+06
8  4  7.24993e+06
8  5  6.04367e+06
8  6  1.33018e+07
8  7  0
8  8  24187.9
8  9  0
8  10  1.14895e+07
8  11  1.79423e+06
8  12  0
8  13  2.06269e+06
8  14  392688
8  15  0
8  16  1.01684e+07
8  17  1.76827e+07
8  18  1.48173e+07
8  19  2.57882e+06
8  20  8.77107e+06
8  21  1.20239e+07
8  22  0
8  23  1.62979e+07
8  24  4.89842e+06
8  25  0
8  26  352103
8  27  5.14892e+06
8  28  0
8  29  1.49603e+07
8  30  1.40959e+07
8  31  5.52455e+06
8  32  1.63273e+07
8  33  3.89482e+06
8  34  0
8  35  6.90133e+06
8  36  2.74767e+06
8  37  1.14375e+07
8  38  647893
8  39  4.62858e+06
8  40  3.57203e+06
8  41  9.68507e+06
8  42  1.93219e+07
8  43  1.73958e+07
8  44  1.31653e+07
8  45  2.27113e+07
8  46  0
8  47  1.54306e+07
8  48  0
8  49  0
8  50  8.31201e+06
8  51  2.12555e+07
8  52  0
8  53  0
8  54  2.11176e+07
8  55  2.29272e+07
8  56  6.34712e+06
8  57  0
8  58  1.83348e+07
8  59  7.60635e+06
8  60  5.78127e+06
8  61  0
8  62  8.12201e+06
8  63  8.36346e+06
8  64  0
8  65  0
8  66  0
8  67  0
9  0  1.93993e+06
9  1  8.60132e+06
9  2  0
9  3  6.77297e+06
9  4  3.89921e+06
9  5  3.54568e+06
9  6  2.7801e+06
9  7  0
9  8  1.39202e+07
9  9  0
9  10  2.77999e+06
9  11  2.25868e+06
9  12  1.63176e+07
9  13  0
9  14  2.09996e+07
9  15  6.94106e+06
9  16  1.23482e+07
9  17  5.99008e+06
9  18  0
9  19  1.04145e+07
9  20  4.11065e+06
9  21  1.20675e+07
9  22  1.07855e+07
9  23  1.44948e+07
9  24  1.12623e+07
9  25  0
9  26  0
9  27  3.59129e+06
9  28  1.16853e+07
9  29  9.03243e+06
9  30  0
9  31  0
9  32  1.17751e+07
9  33  414158
9  34  2.29864e+07
9  35  1.34311e+07
9  36  1.14882e+07
9  37  3.79573e+06
9  38  1.98696e+07
9  39  3.4327e+06
9  40  5.80127e+06
9  41  1.05091e+07
9  42  0
9  43  2.8422e+07
9  44  1.25286e+07
9  45  1.58073e+06
9  46  2.70149e+06
9  47  8.03139e+06
9  48  2.29157e+06
9  49  1.05438e+07
9  50  2.27529e+07
9  51  0
9  52  0
9  53  1.50618e+06
9  54  8.51386e+06
9  55  0
9  56  3.50204e+06
9  57  1.14008e+07
9  58  5.98412e+06
9  59  0
9  60  66439
9  61  3.62318e+06
9  62  0
9  63  0
9  64  0
9  65  4.33165e+06
9  66  0
9  67  0
10  0  3.77231e+06
10  1  3.03575e+06
10  2  553228
10  3  5.79333e+06
10  4  4.33241e+06
10  5  347305
10  6  5.49753e+06
10  7  0
10  8  0
10  9  0
10  10  0
10  11  0
10  12  0
10  13  6.1662e+06
10  14  1.69908e+07
10  15  0
10  16  0
10  17  0
10  18  1.48681e+07
10  19  2.87717e+06
10  20  6.01601e+06
10  21  1.14091e+06
10  22  1.60268e+07
10  23  1.13811e+07
10  24  0
10  25  0
10  26  1.50274e+06
10  27  8.48794e+06
10  28  4.40632e+06
10  29  1.32833e+06
10  30  2.98741e+06
10  31  7.62959e+06
10  32  5.04097e+06
10  33  0
10  34  5.35557e+06
10  35  1.12235e+06
10  36  1.6784e+07
10  37  1.68494e+07
10  38  2.28757e+06
10  39  1.80903e+07
10  40  5.09489e+06
10  41  5.42572e+06
10  42  1.08583e+07
10  43  1.54598e+07
10  44  1.17012e+07
10  45  4.87209e+06
10  46  7.28124e+06
10  47  4.81712e+06
10  48  929576
10  49  0
10  50  1.09605e+07
10  51  1.01809e+07
10  52  0
10  53  1.4525e+07
10  54  0
10  55  3.65362e+06
10  56  9.01678e+06
10  57  1.27536e+07
10  58  0
10  59  9.2261e+06
10  60  0
10  61  1.59666e+07
10  62  0
10  63  0
10  64  5.95423e+06
10  65  5.71253e+06
10  66  0
10  67  8.13807e+06
11  0  0
11  1  4.7869e+06
11  2  459532
11  3  1.86048e+07
11  4  2.05874e+06
11  5  5.31908e+06
11  6  0
11  7  1.34859e+06
11  8  5.52621e+06
11  9  3.9261e+06
11  10  5.06231e+06
11  11  442567
11  12  3.64413e+06
11  13  665150
11  14  5.8697e+06
11  15  0
11  16  0
11  17  3.34435e+06
11  18  2.32905e+06
11  19  7.8245e+06
11  20  0
11  21  3.68587e+06
11  22  0
11  23  0
11  24  2.44914e+06
11  25  9.143e+06
11  26  0
11  27  1.0487e+07
11  28  4.42344e+06
11  29  2.60336e+06
11  30  1.41953e+07
11  31  5.2636e+06
11  32  2.45668e+07
11  33  1.13354e+07
11  34  8.18095e+06
11  35  1.97858e+06
11  36  1.4874e+07
11  37  0
11  38  6.19443e+06
11  39  1.15241e+06
11  40  0
11  41  8.22063e+06
11  42  4.41392e+06
11  43  0
11  44  1.07496e+07
11  45  2.03339e+07
11  46  2.07258e+06
11  47  6.52931e+06
11  48  0
11  49  8.71266e+06
11  50  0
11  51  0
11  52  1.38002e+07
11  53  1.39728e+07
11  54  0
11  55  6.17674e+06
11  56  2.26622e+07
11  57  0
11  58  0
11  59  0
11  60  2.2259e+06
11  61  2.30782e+06
11  62  1.00863e+07
11  63  6.77148e+06
11  64  0
11  65  0
11  66  0
11  67  0
12  0  4.39166e+06
12  1  1.91799e+06
12  2  0
12  3  1.92576e+06
12  4  2.93517e+06
12  5  2.06596e+06
12  6  207879
12  7  1.26414e+06
12  8  1.3121e+07
12  9  1.33285e+07
12  10  0
12  11  2.03755e+06
12  12  0
12  13  9.6917e+06
12  14  0
12  15  0
12  16  0
12  17  1.34773e+06
12  18  1.54113e+07
12  19  957213
12  20  1.21732e+07
12  21  2.59658e+06
12  22  1.51464e+07
12  23  0
12  24  3.49833e+06
12  25  1.08103e+07
12  26  3.38064e+06
12  27  0
12  28  8.91365e+06
12  29  1.18237e+07
12  30  218912
12  31  7.39829e+06
12  32  1.19762e+07
12  33  8.9137e+06
12  34  5.48446e+06
12  35  262363
12  36  1.19968e+06
12  37  0
12  38  1.53041e+07
12  39  0
12  40  6.53166e+06
12  41  0
12  42  2.27026e+07
12  43  1.96499e+07
12  44  0
12  45  1.25776e+07
12  46  7.71725e+06
12  47  5.17157e+06
12  48  0
12  49  0
12  50  1.32166e+07
12  51  1.05237e+07
12  52  1.00432e+07
12  53  0
12  54  1.96435e+07
12  55  0
12  56  1.02859e+07
12  57  1.15635e+07
12  58  6.10989e+06
12  59  0
12  60  7.27865e+06
12  61  0
12  62  6.28819e+06
12  63  0
12  64  1.20141e+07
12  65  5.35018e+06
12  66  0
12  67  0
13  0  4.44261e+06
13  1  0
13  2  0
13  3  4.71649e+06
13  4  2.9983e+06
13  5  0
13  6  1.87046e+07
13  7  0
13  8  7.30939e+06
13  9  2.26555e+07
13  10  1.02114e+07
13  11  0
13  12  0
13  13  7.62358e+06
13  14  9.14294e+06
13  15  0
13  16  0
13  17  5.21485e+06
13  18  0
13  19  2.18517e+06
13  20  2.26274e+07
13  21  5.92581e+06
13  22  2.01199e+06
13  23  3.30293e+06
13  24  1.27291e+07
13  25  1.9634e+07
13  26  1.82222e+06
13  27  8.23287e+06
13  28  5.55482e+06
13  29  1.35747e+07
13  30  519043
13  31  8.30477e+06
13  32  3.95725e+06
13  33  6.79557e+06
13  34  872511
13  35  0
13  36  1.73665e+07
13  37  568132
13  38  0
13  39  908388
13  40  1.75977e+07
13  41  82808
13  42  5.68027e+06
13  43  7.11777e+06
13  44  2.71974e+07
13  45  3.80242e+06
13  46  1.16073e+07
13  47  955438
13  48  5.7463e+06
13  49  9.8115e+06
13  50  7.00633e+06
13  51  1.25642e+07
13  52  0
13  53  1.55936e+07
13  54  2.92001e+06
13  55  521353
13  56  3.15427e+06
13  57  0
13  58  1.62689e+07
13  59  0
13  60  7.21926e+06
13  61  0
13  62  1.37866e+06
13  63  9.47779e+06
13  64  1.8515e+07
13  65  0
13  66  0
13  67  5.47411e+06
14  0  4.3203e+06
14  1  4.25483e+06
14  2  7.22773e+06
14  3  0
14  4  0
14  5  0
14  6  1.19667e+07
14  7  1.11097e+06
14  8  5.04185e+06
14  9  6.74771e+06
14  10  8.12769e+06
14  11  0
14  12  1.61148e+07
14  13  9.02383e+06
14  14  1.16249e+07
14  15  531144
14  16  0
14  17  6.4933e+06
14  18  9.99433e+06
14  19  6.70415e+06
14  20  3.92708e+06
14  21  1.51177e+07
14  22  0
14  23  6.04879e+06
14  24  1.96074e+07
14  25  6.84285e+06
14  26  3.8955e+06
14  27  5.2885e+06
14  28  8.87773e+06
14  29  1.02431e+06
14  30  1.37353e+07
14  31  1.44002e+07
14  32  1.13538e+07
14  33  2.57273e+06
14  34  2.37051e+06
14  35  7.20293e+06
14  36  2.3942e+07
14  37  4.66292e+06
14  38  9.06487e+06
14  39  5.67891e+06
14  40  0
14  41  1.62116e+07
14  42  1.29753e+07
14  43  1.03646e+07
14  44  998431
14  45  0
14  46  2.35029e+07
14  47  6.4784e+06
14  48  7.15094e+06
14  49  0
14  50  1.94827e+07
14  51  1.45095e+07
14  52  8.84761e+06
14  53  1.37093e+07
14  54  1.93373e+06
14  55  1.02863e+07
14  56  3.58856e+06
14  57  0
14  58  1.04866e+07
14  59  9.54492e+06
14  60  4.57117e+06
14  61  2.05209e+07
14  62  0
14  63  0
14  64  0
14  65  4.69372e+06
14  66  6.18037e+06
14  67  0
15  0  0
15  1  0
15  2  1.18536e+07
15  3  0
15  4  1.85154e+06
15  5  1.26108e+07
15  6  0
15  7  0
15  8  6.38533e+06
15  9  381386
15  10  0
15  11  6.49285e+06
15  12  1.65761e+07
15  13  0
15  14  0
15  15  1.34701e+07
15  16  1.03805e+07
15  17  0
15  18  1.36567e+07
15  19  1.98339e+07
15  20  1.12386e+07
15  21  1.83261e+07
15  22  1.31167e+07
15  23  494879
15  24  1.33415e+07
15  25  2.16714e+07
15  26  0
15  27  0
15  28  2.42396e+07
15  29  2.64248e+06
15  30  1.70085e+07
15  31  0
15  32  1.46689e+07
15  33  2.59483e+06
15  34  1.5969e+06
15  35  1.0898e+06
15  36  6.10535e+06
15  37  9.59606e+06
15  38  0
15  39  1.59978e+07
15  40  1.52659e+07
15  41  2.91842e+06
15  42  6.4003e+06
15  43  0
15  44  1.25696e+07
15  45  1.47219e+06
15  46  0
15  47  2.31654e+07
15  48  9.30334e+06
15  49  1.65336e+07
15  50  0
15  51  2.26156e+06
15  52  4.89231e+06
15  53  3.82155e+06
15  54  0
15  55  0
15  56  1.07382e+07
15  57  4.873e+06
15  58  2.00101e+07
15  59  0
15  60  1.59577e+06
15  61  427049
15  62  3.05888e+06
15  63  0
15  64  0
15  65  6.06752e+06
15  66  0
15  67  1.73646e+06
16  0  9.76742e+06
16  1  5.87584e+06
16  2  6.05545e+06
16  3  0
16  4  7.56988e+06
16  5  2.47607e+06
16  6  5.09434e+06
16  7  8.7054e+06
16  8  0
16  9  2.49817e+06
16  10  5.92533e+06
16  11  1.43855e+07
16  12  6.94439e+06
16  13  0
16  14  0
16  15  5.83231e+06
16  16  0
16  17  5.31006e+06
16  18  3.99168e+06
16  19  693217
16  20  2.13654e+06
16  21  2.00379e+06
16  22  8.74e+06
16  23  1.29452e+07
16  24  0
16  25  0
16  26  0
16  27  0
16  28  8.38006e+06
16  29  3.3659e+06
16  30  1.09521e+07
16  31  2.30878e+07
16  32  0
16  33  9.25211e+06
16  34  0
16  35  1.91445e+07
16  36  2.16244e+06
16  37  1.03149e+07
16  38  4.66178e+06
16  39  3.97281e+06
16  40  1.15974e+07
16  41  0
16  42  0
16  43  4.68915e+06
16  44  4.92064e+06
16  45  4.15907e+06
16  46  0
16  47  0
16  48  0
16  49  1.74741e+07
16  50  3.73457e+06
16  51  8.14118e+06
16  52  0
16  53  3.3552e+06
16  54  1.59538e+07
16  55  2.67223e+06
16  56  0
16  57  0
16  58  3.80991e+06
16  59  7.06126e+06
16  60  8.71469e+06
16  61  5.48537e+06
16  62  0
16  63  5.64593e+06
16  64  0
16  65  6.14364e+06
16  66  0
16  67  5.52774e+06
17  0  1.21321e+06
17  1  1.92949e+07
17  2  1.2378e+06
17  3  1.1503e+07
17  4  3.69611e+06
17  5  0
17  6  0
17  7  1.01191e+07
17  8  0
17  9  2.44715e+06
17  10  0
17  11  3.92696e+06
17  12  1.94389e+06
17  13  0
17  14  8.9139e+06
17  15  6.14014e+06
17  16  0
17  17  1.48918e+07
17  18  1.86305e+07
17  19  2.3958e+06
17  20  8.38888e+06
17  21  3.48872e+06
17  22  1.98876e+06
17  23  9.56151e+06
17  24  6.08506e+06
17  25  7.89741e+06
17  26  3.4732e+06
17  27  3.88864e+06
17  28  8.79559e+06
17  29  3.25242e+06
17  30  4.56937e+06
17  31  3.66929e+06
17  32  1.38117e+07
17  33  1.33226e+07
17  34  0
17  35  0
17  36  1.21715e+07
17  37  0
17  38  4.20949e+06
17  39  2.9883e+06
17  40  6.56009e+06
17  41  1.12598e+07
17  42  1.30681e+07
17  43  0
17  44  993257
17  45  1.12998e+07
17  46  1.99085e+06
17  47  1.43177e+07
17  48  1.51681e+07
17  49  1.18517e+07
17  50  834424
17  51  66734.1
17  52  7.6224e+06
17  53  3.44452e+06
17  54  3.70466e+06
17  55  0
17  56  2.36896e+06
17  57  0
17  58  7.16509e+06
17  59  0
17  60  7.89799e+06
17  61  0
17  62  0
17  63  9.96714e+06
17  64  2.97951e+06
17  65  5.10313e+06
17  66  6.9192e+06
17  67  6.68681e+06
18  0  4.845e+06
18  1  3.25236e+06
18  2  6.41593e+06
18  3  0
18  4  1.21352e+07
18  5  0
18  6  0
18  7  8.15941e+06
18  8  6.07227e+06
18  9  2.02496e+06
18  10  8.64275e+06
18  11  1.44048e+07
18  12  3.77242e+06
18  13  1.42875e+07
18  14  1.67518e+07
18  15  0
18  16  4.30087e+06
18  17  5.3481e+06
18  18  9.79405e+06
18  19  5.28103e+06
18  20  6.42118e+06
18  21  3.8501e+06
18  22  0
18  23  1.97744e+07
18  24  9.55162e+06
18  25  9.15697e+06
18  26  1.01394e+07
18  27  0
18  28  7.36158e+06
18  29  8.23464e+06
18  30  1.35999e+07
18  31  9.33854e+06
18  32  0
18  33  1.37311e+07
18  34  6.41689e+06
18  35  1.15401e+07
18  36  1.71552e+07
18  37  1.69189e+06
18  38  8.76188e+06
18  39  0
18  40  988279
18  41  1.16996e+06
18  42  2.48148e+06
18  43  4.09173e+06
18  44  0
18  45  1.80054e+06
18  46  4.69996e+06
18  47  7.46672e+06
18  48  0
18  49  1.33988e+07
18  50  0
18  51  0
18  52  3.61323e+06
18  53  7.18336e+06
18  54  1.11056e+07
18  55  7.29928e+06
18  56  1.82942e+06
18  57  0
18  58  0
18  59  4.05355e+06
18  60  982667
18  61  0
18  62  1.58696e+06
18  63  8.89694e+06
18  64  1.59678e+07
18  65  7.25786e+06
18  66  2.06508e+07
18  67  2.06984e+07
19  0  2.24923e+07
19  1  1.71556e+07
19  2  1.38857e+07
19  3  874404
19  4  1.43581e+07
19  5  7.53659e+06
19  6  1.47753e+07
19  7  0
19  8  1.73513e+07
19  9  2.1595e+07
19  10  0
19  11  1.48866e+07
19  12  0
19  13  8.80293e+06
19  14  8.51299e+06
19  15  1.13371e+07
19  16  2.57413e+07
19  17  1.0547e+07
19  18  1.59175e+07
19  19  1.05746e+07
19  20  2.74343e+06
19  21  1.50709e+06
19  22  1.84432e+07
19  23  9.55513e+06
19  24  4.5898e+06
19  25  8.18182e+06
19  26  1.1348e+06
19  27  0
19  28  9.0287e+06
19  29  1.74899e+06
19  30  0
19  31  2.26144e+07
19  32  1.81621e+07
19  33  8.92726e+06
19  34  1.85472e+07
19  35  3.53786e+06
19  36  1.42999e+06
19  37  9.01717e+06
19  38  139636
19  39  1.40309e+06
19  40  0
19  41  1.60553e+07
19  42  0
19  43  597654
19  44  1.0971e+07
19  45  1.56722e+07
19  46  0
19  47  418114
19  48  56733.8
19  49  2.15682e+07
19  50  1.84484e+07
19  51  2.05138e+07
19  52  2.72154e+06
19  53  7.99874e+06
19  54  1.63978e+07
19  55  0
19  56  0
19  57  5.02527e+06
19  58  6.92361e+06
19  59  1.32316e+07
19  60  8.32087e+06
19  61  1.55116e+07
19  62  0
19  63  4.75585e+06
19  64  1.32869e+07
19  65  0
19  66  0
19  67  1.37346e+07
20  0  3.08359e+06
20  1  1.13562e+07
20  2  3.97303e+06
20  3  5.62349e+06
20  4  712519
20  5  2.84651e+06
20  6  7.91752e+06
20  7  2.00604e+06
20  8  1.27083e+07
20  9  531674
20  10  2.31441e+07
20  11  5.91712e+06
20  12  1.53199e+07
20  13  4.57991e+06
20  14  1.55766e+06
20  15  0
20  16  0
20  17  1.41342e+07
20  18  1.3336e+07
20  19  1.34029e+07
20  20  1.77317e+06
20  21  46563.1
20  22  1.13875e+06
20  23  1.27691e+07
20  24  6.97988e+06
20  25  1.92679e+07
20  26  6.40103e+06
20  27  0
20  28  238877
20  29  1.31313e+07
20  30  8.62645e+06
20  31  1.22748e+07
20  32  0
20  33  1.56782e+07
20  34  0
20  35  1.65646e+07
20  36  991473
20  37  1.07531e+07
20  38  1.02057e+07
20  39  1.19065e+07
20  40  1.68657e+07
20  41  3.69596e+06
20  42  1.45409e+06
20  43  8.6245e+06
20  44  0
20  45  633538
20  46  1.39515e+07
20  47  0
20  48  0
20  49  4.80424e+06
20  50  0
20  51  1.08247e+07
20  52  7.0106e+06
20  53  1.36119e+07
20  54  192093
20  55  3.56015e+06
20  56  8.48542e+06
20  57  7.86029e+06
20  58  792303
20  59  1.75074e+07
20  60  7.92284e+06
20  61  6.26171e+06
20  62  2.0534e+06
20  63  0
20  64  0
20  65  1.3546e+07
20  66  8.28002e+06
20  67  1.61499e+07
21  0  7.18043e+06
21  1  6.95581e+06
21  2  0
21  3  0
21  4  2.55362e+06
21  5  0
21  6  5.26093e+06
21  7  9.59786e+06
21  8  3.22657e+06
21  9  1.30602e+07
21  10  0
21  11  2.77503e+06
21  12  1.84974e+07
21  13  8.79649e+06
21  14  234805
21  15  1.28032e+07
21  16  0
21  17  4.75844e+06
21  18  7.23936e+06
21  19  0
21  20  9.84868e+06
21  21  8.20971e+06
21  22  7.08122e+06
21  23  0
21  24  7.96221e+06
21  25  7.80358e+06
21  26  2.0498e+07
21  27  0
21  28  1.15274e+07
21  29  949225
21  30  0
21  31  0
21  32  9.46706e+06
21  33  5.08572e+06
21  34  1.77603e+06
21  35  3.70388e+06
21  36  1.66563e+07
21  37  0
21  38  5.94723e+06
21  39  0
21  40  4.95864e+06
21  41  0
21  42  9.6559e+06
21  43  5.47684e+06
21  44  1.36945e+07
21  45  1.08952e+07
21  46  5.25527e+06
21  47  2.0015e+07
21  48  1.37632e+07
21  49  1.55055e+07
21  50  1.55116e+06
21  51  0
21  52  896501
21  53  5.58849e+06
21  54  1.1955e+07
21  55  1.24553e+07
21  56  0
21  57  1.00323e+07
21  58  1.04969e+07
21  59  1.75527e+07
21  60  0
21  61  4.58272e+06
21  62  0
21  63  6.75032e+06
21  64  2.26338e+06
21  65  0
21  66  0
21  67  0
22  0  1.20587e+07
22  1  3.91796e+06
22  2  9.84554e+06
22  3  0
22  4  7.53921e+06
22  5  0
22  6  1.03425e+07
22  7  4.00915e+06
22  8  1.32428e+07
22  9  0
22  10  1.27478e+07
22  11  1.52646e+07
22  12  1.38796e+07
22  13  1.21032e+07
22  14  3.11651e+07
22  15  1.05454e+07
22  16  6.80717e+06
22  17  2.12282e+07
22  18  1.57932e+07
22  19  2.55225e+06
22  20  5.58968e+06
22  21  5.81044e+06
22  22  8.87373e+06
22  23  6.97363e+06
22  24  1.04408e+07
22  25  1.13121e+07
22  26  1.02519e+07
22  27  1.38706e+07
22  28  1.63013e+07
22  29  861928
22  30  1.5432e+07
22  31  4.01744e+06
22  32  5.80526e+06
22  33  1.75582e+06
22  34  0
22  35  0
22  36  1.55439e+06
22  37  2.26879e+06
22  38  0
22  39  0
22  40  9.35753e+06
22  41  0
22  42  6.21615e+06
22  43  4.44068e+06
22  44  1.03978e+07
22  45  5.50468e+06
22  46  0
22  47  3.47721e+06
22  48  6.79832e+06
22  49  1.90252e+07
22  50  9.17884e+06
22  51  8.82005e+06
22  52  2.22146e+07
22  53  2.75807e+07
22  54  1.2747e+07
22  55  1.46372e+07
22  56  6.18371e+06
22  57  1.57058e+06
22  58  3.2374e+06
22  59  1.14652e+07
22  60  6.82799e+06
22  61  3.51394e+06
22  62  0
22  63  0
22  64  5.05928e+06
22  65  0
22  66  0
22  67  3.45778e+06
23  0  3.40346e+06
23  1  849438
23  2  651088
23  3  2.60813e+06
23  4  0
23  5  0
23  6  7.3087e+06
23  7  1.91545e+07
23  8  3.64935e+06
23  9  1.02788e+07
23  10  0
23  11  0
23  12  2.73026e+06
23  13  0
23  14  1.08684e+07
23  15  7.87601e+06
23  16  1.41553e+07
23  17  0
23  18  1.64028e+07
23  19  6.99681e+06
23  20  9.34312e+06
23  21  1.91048e+07
23  22  903554
23  23  2.17058e+06
23  24  0
23  25  2.20627e+07
23  26  0
23  27  4.52023e+06
23  28  1.32772e+07
23  29  6.84656e+06
23  30  0
23  31  5.74627e+06
23  32  1.8924e+06
23  33  0
23  34  1.95851e+06
23  35  0
23  36  0
23  37  0
23  38  0
23  39  6.13784e+06
23  40  1.01506e+07
23  41  5.51121e+06
23  42  2.90654e+06
23  43  1.22895e+07
23  44  4.28457e+06
23  45  0
23  46  0
23  47  1.16841e+07
23  48  5.33823e+06
23  49  0
23  50  1.17194e+07
23  51  1.4734e+07
23  52  5.32419e+06
23  53  8.27223e+06
23  54  0
23  55  4.11958e+06
23  56  1.58186e+07
23  57  3.63067e+06
23  58  0
23  59  0
23  60  1.6375e+07
23  61  1.15445e+07
23  62  0
23  63  4.69815e+06
23  64  0
23  65  0
23  66  0
23  67  2.01925e+06
24  0  0
24  1  0
24  2  1.0327e+07
24  3  5.1822e+06
24  4  0
24  5  1.68865e+07
24  6  0
24  7  7.1366e+06
24  8  1.19096e+07
24  9  6.34155e+06
24  10  0
24  11  1.66385e+07
24  12  8.19672e+06
24  13  1.13269e+07
24  14  4.12989e+06
24  15  0
24  16  1.09905e+07
24  17  5.79102e+06
24  18  8.63223e+06
24  19  6.02244e+06
24  20  1.03678e+07
24  21  1.06484e+07
24  22  3.79081e+06
24  23  2.58176e+07
24  24  3.22931e+06
24  25  8.37472e+06
24  26  2.49975e+07
24  27  4.06685e+06
24  28  2.56219e+07
24  29  2.91381e+06
24  30  0
24  31  111177
24  32  1.95409e+06
24  33  0
24  34  1.4061e+07
24  35  0
24  36  0
24  37  3.53557e+06
24  38  6.57953e+06
24  39  5.3294e+06
24  40  2.58502e+06
24  41  7.66545e+06
24  42  0
24  43  0
24  44  0
24  45  1.08848e+06
24  46  1.4591e+07
24  47  1.13487e+07
24  48  0
24  49  5.21292e+06
24  50  4.06208e+06
24  51  6.90517e+06
24  52  1.5644e+06
24  53  9.40345e+06
24  54  6.69628e+06
24  55  3.30046e+06
24  56  227783
24  57  957232
24  58  4.53218e+06
24  59  1.54131e+07
24  60  0
24  61  1.90433e+07
24  62  6.01021e+06
24  63  0
24  64  0
24  65  367072
24  66  1.25162e+07
24  67  8.74486e+06
25  0  2.0427e+06
25  1  8.41201e+06
25  2  0
25  3  0
25  4  0
25  5  0
25  6  1.45573e+06
25  7  8.69944e+06
25  8  2.92877e+06
25  9  1.06729e+07
25  10  0
25  11  2.40336e+07
25  12  2.41012e+06
25  13  1.60132e+07
25  14  1.27842e+07
25  15  1.29909e+07
25  16  7.24444e+06
25  17  1.15962e+07
25  18  1.77973e+07
25  19  1.67041e+07
25  20  1.55844e+07
25  21  1.33128e+07
25  22  2.32917e+06
25  23  9.49411e+06
25  24  1.43172e+07
25  25  0
25  26  2.3348e+07
25  27  1.77077e+07
25  28  0
25  29  3.51839e+06
25  30  1.82511e+07
25  31  9.17985e+06
25  32  4.66236e+06
25  33  0
25  34  6.3793e+06
25  35  5.27788e+06
25  36  1.24685e+07
25  37  0
25  38  0
25  39  1.0769e+07
25  40  7.90006e+06
25  41  0
25  42  0
25  43  3.02095e+06
25  44  4.1502e+06
25  45  8.77829e+06
25  46  1.34899e+07
25  47  8.97171e+06
25  48  0
25  49  6.47417e+06
25  50  3.38315e+06
25  51  6.89176e+06
25  52  2.25769e+07
25  53  1.73006e+07
25  54  1.12473e+07
25  55  0
25  56  0
25  57  1.05104e+07
25  58  5.1101e+06
25  59  0
25  60  74941.6
25  61  3.44396e+06
25  62  6.81983e+06
25  63  0
25  64  4.90649e+06
25  65  5.41158e+06
25  66  0
25  67  2.07417e+06
26  0  1.235e+07
26  1  292428
26  2  5.1814e+06
26  3  0
26  4  1.02933e+07
26  5  805449
26  6  1.01267e+07
26  7  1.33763e+06
26  8  1.15175e+07
26  9  1.03789e+07
26  10  0
26  11  1.07358e+07
26  12  3.61596e+06
26  13  0
26  14  7.94026e+06
26  15  0
26  16  1.14837e+07
26  17  7.73378e+06
26  18  0
26  19  0
26  20  0
26  21  0
26  22  0
26  23  2.00929e+06
26  24  3.82017e+06
26  25  6.21762e+06
26  26  8.91042e+06
26  27  1.94123e+07
26  28  3.74585e+06
26  29  8.18633e+06
26  30  5.19492e+06
26  31  0
26  32  0
26  33  0
26  34  0
26  35  1.56401e+07
26  36  2.38697e+06
26  37  0
26  38  4.91588e+06
26  39  2.69191e+06
26  40  0
26  41  3.45374e+06
26  42  4.77886e+06
26  43  1.40945e+06
26  44  1.04118e+07
26  45  4.23562e+06
26  46  8.91616e+06
26  47  3.23007e+06
26  48  0
26  49  0
26  50  2.1213e+06
26  51  1.59268e+07
26  52  93616.4
26  53  0
26  54  0
26  55  0
26  56  1.68334e+07
26  57  1.34187e+07
26  58  3.10379e+07
26  59  0
26  60  28458.9
26  61  2.28158e+07
26  62  0
26  63  0
26  64  0
26  65  0
26  66  0
26  67  1.90333e+07
27  0  0
27  1  0
27  2  2.02308e+06
27  3  0
27  4  1.67509e+06
27  5  3.62585e+06
27  6  0
27  7  1.44276e+07
27  8  8.44763e+06
27  9  1.87072e+07
27  10  3.57624e+06
27  11  3.72333e+06
27  12  1.71754e+07
27  13  8.87572e+06
27  14  7.01791e+06
27  15  0
27  16  0
27  17  1.05863e+07
27  18  1.97993e+07
27  19  1.12254e+07
27  20  1.75382e+07
27  21  6.62018e+06
27  22  0
27  23  1.77314e+06
27  24  1.06227e+07
27  25  1.7438e+06
27  26  458999
27  27  3.12073e+06
27  28  3.78804e+06
27  29  4.23578e+06
27  30  1.09624e+06
27  31  3.03306e+06
27  32  874862
27  33  7.15181e+06
27  34  1.17424e+06
27  35  1.02726e+07
27  36  1.83403e+07
27  37  7.12407e+06
27  38  2.29754e+06
27  39  1.90494e+07
27  40  7.36264e+06
27  41  974209
27  42  1.24747e+07
27  43  2.70209e+06
27  44  0
27  45  1.74784e+06
27  46  719650
27  47  1.74409e+06
27  48  4.95119e+06
27  49  1.30112e+07
27  50  8.14814e+06
27  51  0
27  52  661471
27  53  0
27  54  1.40961e+06
27  55  8.04003e+06
27  56  0
27  57  2.5455e+06
27  58  0
27  59  2.77738e+06
27  60  7.09779e+06
27  61  4.85724e+06
27  62  2.20338e+06
27  63  9.13302e+06
27  64  1.25262e+06
27  65  326089
27  66  8.28619e+06
27  67  1.5719e+07
28  0  1.21868e+07
28  1  1.23192e+07
28  2  715334
28  3  744285
28  4  4.3885e+06
28  5  0
28  6  1.05177e+06
28  7  2.59826e+06
28  8  1.89681e+07
28  9  7.34667e+06
28  10  8.30533e+06
28  11  1.17915e+06
28  12  1.6668e+07
28  13  8.89001e+06
28  14  5.98306e+06
28  15  1.28746e+07
28  16  4.93061e+06
28  17  4.07741e+06
28  18  1.11621e+07
28  19  8.07642e+06
28  20  2.78613e+06
28  21  3.27789e+06
28  22  0
28  23  2.02866e+06
28  24  2.54415e+06
28  25  0
28  26  1.57523e+07
28  27  2.21131e+07
28  28  1.40505e+07
28  29  0
28  30  604311
28  31  5.31927e+06
28  32  0
28  33  2.00996e+07
28  34  3.29747e+06
28  35  0
28  36  3.03043e+06
28  37  5.72906e+06
28  38  1.59263e+07
28  39  2.07608e+07
28  40  0
28  41  278572
28  42  0
28  43  2.83444e+06
28  44  4.64448e+06
28  45  0
28  46  0
28  47  0
28  48  1.4399e+07
28  49  3.44978e+06
28  50  1.25606e+07
28  51  1.0263e+07
28  52  0
28  53  0
28  54  0
28  55  1.09319e+06
28  56  2.23729e+06
28  57  1.09939e+07
28  58  7.04451e+06
28  59  0
28  60  0
28  61  1.08303e+06
28  62  1.7216e+07
28  63  390630
28  64  0
28  65  0
28  66  2.299e+06
28  67  0
29  0  0
29  1  1.59442e+06
29  2  1.51664e+07
29  3  9.6832e+06
29  4  0
29  5  6.66928e+06
29  6  0
29  7  0
29  8  1.97303e+07
29  9  1.56619e+07
29  10  3.60364e+06
29  11  0
29  12  779452
29  13  2.24528e+07
29  14  2.06986e+07
29  15  0
29  16  6.35473e+06
29  17  2.2329e+07
29  18  3.04354e+06
29  19  1.79157e+07
29  20  2.82788e+07
29  21  2.46273e+07
29  22  1.1872e+07
29  23  2.41779e+06
29  24  9.83538e+06
29  25  4.68764e+06
29  26  585406
29  27  1.42479e+07
29  28  1.73711e+07
29  29  538466
29  30  2.79781e+06
29  31  2.06622e+07
29  32  2.14648e+06
29  33  6.35045e+06
29  34  2.15208e+07
29  35  0
29  36  1.11828e+07
29  37  2.80035e+07
29  38  4.52905e+06
29  39  0
29  40  0
29  41  1.38561e+07
29  42  1.92578e+07
29  43  2.9182e+06
29  44  1.24279e+07
29  45  8.44185e+06
29  46  8.87477e+06
29  47  3.92333e+06
29  48  1.73972e+06
29  49  0
29  50  3.65603e+06
29  51  0
29  52  0
29  53  5.59291e+06
29  54  0
29  55  0
29  56  8.84923e+06
29  57  3.11742e+06
29  58  0
29  59  0
29  60  2.26026e+07
29  61  0
29  62  0
29  63  3.49484e+06
29  64  1.05303e+06
29  65  1.17324e+07
29  66  5.96581e+06
29  67  6.58134e+06
30  0  1.07435e+07
30  1  5.45662e+06
30  2  8.84164e+06
30  3  7.27859e+06
30  4  6.00963e+06
30  5  0
30  6  0
30  7  1.65836e+06
30  8  7.97755e+06
30  9  2.12472e+07
30  10  6.65369e+06
30  11  8.50608e+06
30  12  0
30  13  1.71554e+07
30  14  0
30  15  2.18949e+07
30  16  8.48336e+06
30  17  7.99426e+06
30  18  2.31117e+06
30  19  1.05522e+07
30  20  1.69817e+07
30  21  2.46757e+06
30  22  1.08644e+07
30  23  4.29369e+06
30  24  7.57723e+06
30  25  0
30  26  2.3834e+06
30  27  1.72513e+06
30  28  1.06157e+07
30  29  1.49206e+07
30  30  0
30  31  0
30  32  3.35901e+06
30  33  1.15746e+07
30  34  1.5249e+06
30  35  2.56466e+07
30  36  333750
30  37  0
30  38  0
30  39  0
30  40  0
30  41  1.20007e+07
30  42  6.21688e+06
30  43  0
30  44  1.02403e+06
30  45  676968
30  46  7.94288e+06
30  47  7.1301e+06
30  48  1.93321e+07
30  49  9.94838e+06
30  50  9.20609e+06
30  51  4.94653e+06
30  52  0
30  53  2.97703e+06
30  54  0
30  55  0
30  56  2.37347e+07
30  57  0
30  58  5.63241e+06
30  59  1.40725e+07
30  60  0
30  61  2.4711e+06
30  62  0
30  63  0
30  64  0
30  65  0
30  66  392650
30  67  0
31  0  1.10891e+07
31  1  0
31  2  0
31  3  126554
31  4  1.01564e+07
31  5  1.32103e+07
31  6  1.9488e+07
31  7  2.55207e+06
31  8  6.10019e+06
31  9  1.50712e+06
31  10  317888
31  11  1.2387e+07
31  12  2.25843e+07
31  13  5.14584e+06
31  14  0
31  15  767697
31  16  0
31  17  8.39874e+06
31  18  8.15667e+06
31  19  3.83622e+06
31  20  0
31  21  1.72233e+07
31  22  2.03304e+06
31  23  2.36415e+06
31  24  8.56712e+06
31  25  0
31  26  3.47987e+06
31  27  97512.6
31  28  2.66007e+06
31  29  9.04279e+06
31  30  9.95084e+06
31  31  6.36944e+06
31  32  2.69171e+06
31  33  0
31  34  0
31  35  4.35316e+06
31  36  1.30659e+07
31  37  1.28737e+07
31  38  7.89954e+06
31  39  2.12621e+06
31  40  0
31  41  0
31  42  0
31  43  2.94119e+06
31  44  0
31  45  0
31  46  0
31  47  0
31  48  2.1459e+06
31  49  972873
31  50  225657
31  51  1.85377e+07
31  52  8.01637e+06
31  53  1.15262e+07
31  54  1.01822e+07
31  55  1.40893e+07
31  56  0
31  57  1.19153e+07
31  58  9.5417e+06
31  59  2.65981e+06
31  60  1.01268e+06
31  61  0
31  62  1.37373e+07
31  63  0
31  64  1.45959e+07
31  65  7.94125e+06
31  66  3.79157e+06
31  67  9.73778e+06
32  0  0
32  1  1.0255e+06
32  2  0
32  3  5.70815e+06
32  4  2.98374e+06
32  5  0
32  6  291992
32  7  5.60783e+06
32  8  1.58579e+07
32  9  0
32  10  1.04317e+07
32  11  1.6899e+07
32  12  8.12264e+06
32  13  8.35662e+06
32  14  9.17033e+06
32  15  0
32  16  1.13231e+07
32  17  1.12264e+07
32  18  0
32  19  2.01229e+07
32  20  7.11064e+06
32  21  1.09292e+06
32  22  0
32  23  1.48997e+07
32  24  2.53165e+06
32  25  6.14571e+06
32  26  1.36708e+07
32  27  6.58376e+06
32  28  1.50887e+07
32  29  5.05504e+06
32  30  2.66896e+06
32  31  0
32  32  45796.2
32  33  0
32  34  1.32756e+07
32  35  1.28033e+07
32  36  0
32  37  7.89701e+06
32  38  0
32  39  0
32  40  1.13265e+06
32  41  1.87303e+07
32  42  663974
32  43  2.84168e+06
32  44  4.42055e+06
32  45  9.59389e+06
32  46  0
32  47  9.46661e+06
32  48  1.05515e+07
32  49  0
32  50  1.61685e+06
32  51  2.72703e+06
32  52  4.68619e+06
32  53  0
32  54  1.02732e+07
32  55  0
32  56  1.21047e+06
32  57  0
32  58  735591
32  59  3.66744e+06
32  60  1.89213e+06
32  61  0
32  62  2.09736e+06
32  63  6.27966e+06
32  64  0
32  65  2.60814e+06
32  66  3.70005e+06
32  67  0
33  0  0
33  1  2.30362e+06
33  2  1.07142e+07
33  3  0
33  4  1.99162e+06
33  5  0
33  6  5.94743e+06
33  7  2.3595e+07
33  8  1.28959e+07
33  9  0
33  10  0
33  11  1.66928e+07
33  12  1.95031e+07
33  13  0
33  14  2.67618e+06
33  15  1.32292e+07
33  16  4.27337e+06
33  17  6.47139e+06
33  18  1.8802e+07
33  19  0
33  20  2.18549e+07
33  21  2.67927e+06
33  22  0
33  23  2.85669e+06
33  24  1.54962e+07
33  25  839684
33  26  1.13651e+06
33  27  193446
33  28  1.321e+07
33  29  4.112e+06
33  30  0
33  31  0
33  32  848329
33  33  0
33  34  800241
33  35  8.34471e+06
33  36  7.35001e+06
33  37  1.4683e+07
33  38  0
33  39  1.88051e+07
33  40  0
33  41  5.93684e+06
33  42  4.16511e+06
33  43  4.68978e+06
33  44  0
33  45  1.42405e+07
33  46  0
33  47  0
33  48  178063
33  49  0
33  50  6.21103e+06
33  51  0
33  52  385968
33  53  0
33  54  4.99405e+06
33  55  1.01591e+07
33  56  0
33  57  6.07612e+06
33  58  0
33  59  0
33  60  1.46772e+06
33  61  0
33  62  1.15102e+07
33  63  3.35205e+06
33  64  1.60401e+06
33  65  5.86836e+06
33  66  0
33  67  0
34  0  1.38748e+07
34  1  0
34  2  1.17209e+06
34  3  1.2328e+07
34  4  1.31138e+07
34  5  9.84111e+06
34  6  1.13362e+07
34  7  2.23177e+07
34  8  1.27442e+07
34  9  1.85273e+07
34  10  986391
34  11  1.93687e+07
34  12  1.33864e+07
34  13  5.74772e+06
34  14  6.59804e+06
34  15  1.10293e+07
34  16  1.68931e+07
34  17  1.19134e+07
34  18  0
34  19  6.16144e+06
34  20  0
34  21  1.24782e+07
34  22  4.75505e+06
34  23  8.91313e+06
34  24  0
34  25  0
34  26  4.45661e+06
34  27  1.76706e+06
34  28  1.31783e+06
34  29  1.61965e+07
34  30  1.25303e+07
34  31  0
34  32  0
34  33  0
34  34  0
34  35  2.1995e+06
34  36  1.14709e+06
34  37  6.57074e+06
34  38  0
34  39  0
34  40  1.40387e+07
34  41  4.8731e+06
34  42  2.6695e+06
34  43  0
34  44  0
34  45  5.67281e+06
34  46  2.86226e+06
34  47  6.23788e+06
34  48  9.50213e+06
34  49  4.46961e+06
34  50  0
34  51  4.29857e+06
34  52  1.10871e+07
34  53  6.67165e+06
34  54  0
34  55  1.11719e+06
34  56  0
34  57  1.24677e+07
34  58  7.79225e+06
34  59  0
34  60  0
34  61  3.37123e+06
34  62  4.02437e+06
34  63  0
34  64  0
34  65  0
34  66  7.75101e+06
34  67  2.7784e+06
35  0  4.13605e+06
35  1  1.66997e+06
35  2  2.02711e+06
35  3  0
35  4  8.08034e+06
35  5  8.64677e+06
35  6  2.31643e+06
35  7  4.36703e+06
35  8  2.12796e+07
35  9  1.38407e+07
35  10  5.43816e+06
35  11  7.85025e+06
35  12  7.33985e+06
35  13  929094
35  14  5.41759e+06
35  15  5.5084e+06
35  16  1.9143e+07
35  17  1.34632e+07
35  18  3.15161e+06
35  19  1.21097e+07
35  20  2.39971e+06
35  21  3.62289e+06
35  22  1.15027e+07
35  23  6.95871e+06
35  24  2.05227e+07
35  25  400878
35  26  4.62194e+06
35  27  2.90084e+07
35  28  3.95231e+06
35  29  2.15683e+06
35  30  2.24988e+06
35  31  3.5076e+06
35  32  1.42999e+07
35  33  483460
35  34  1.2531e+07
35  35  1.15706e+07
35  36  0
35  37  0
35  38  2.50354e+06
35  39  1.33878e+07
35  40  0
35  41  1.41204e+06
35  42  1.44937e+07
35  43  3.21293e+06
35  44  0
35  45  0
35  46  826362
35  47  0
35  48  0
35  49  415913
35  50  1.73743e+06
35  51  3.9041e+06
35  52  4.49804e+06
35  53  0
35  54  0
35  55  4.94266e+06
35  56  0
35  57  0
35  58  1.81172e+07
35  59  0
35  60  1.76704e+07
35  61  0
35  62  8.9561e+06
35  63  0
35  64  0
35  65  1.19163e+07
35  66  5.974e+06
35  67  0
36  0  5.68014e+06
36  1  0
36  2  6.95874e+06
36  3  2.07851e+07
36  4  3.06533e+06
36  5  2.47408e+06
36  6  7.97338e+06
36  7  1.64383e+07
36  8  6.16045e+06
36  9  1.13101e+06
36  10  1.19965e+07
36  11  3.32914e+06
36  12  7.04784e+06
36  13  4.93625e+06
36  14  1.36488e+07
36  15  1.22381e+07
36  16  1.53095e+07
36  17  1.21362e+07
36  18  6.14629e+06
36  19  1.88776e+07
36  20  9.54043e+06
36  21  1.85169e+07
36  22  2.21293e+06
36  23  1.7136e+07
36  24  1.83249e+07
36  25  1.19995e+07
36  26  3.36126e+06
36  27  6.35393e+06
36  28  9.34219e+06
36  29  1.8359e+06
36  30  1.09669e+07
36  31  2.38283e+07
36  32  1.69644e+07
36  33  3.93623e+06
36  34  891659
36  35  2.23248e+07
36  36  479204
36  37  0
36  38  1.63044e+07
36  39  9.60995e+06
36  40  0
36  41  6.4128e+06
36  42  0
36  43  1.62349e+07
36  44  1.48793e+07
36  45  7.39709e+06
36  46  1.13777e+07
36  47  0
36  48  6.86566e+06
36  49  0
36  50  8.18217e+06
36  51  0
36  52  0
36  53  492819
36  54  1.32523e+07
36  55  0
36  56  8.46935e+06
36  57  1.784e+06
36  58  0
36  59  2.1005e+07
36  60  6.07729e+06
36  61  7.30402e+06
36  62  4.327e+06
36  63  0
36  64  6.18971e+06
36  65  2.45016e+06
36  66  1.72505e+06
36  67  3.91606e+06
37  0  9.70819e+06
37  1  0
37  2  0
37  3  7.07646e+06
37  4  4.58838e+06
37  5  8.89706e+06
37  6  1.09822e+07
37  7  7.398e+06
37  8  0
37  9  1.02586e+07
37  10  1.71065e+07
37  11  3.52463e+06
37  12  2.82997e+06
37  13  1.28401e+07
37  14  7.34617e+06
37  15  0
37  16  2.06929e+07
37  17  2.08248e+06
37  18  9.91468e+06
37  19  2.6206e+06
37  20  0
37  21  0
37  22  1.02821e+07
37  23  1.61049e+07
37  24  8.01545e+06
37  25  989057
37  26  7.05205e+06
37  27  2.26127e+06
37  28  490231
37  29  5.11617e+06
37  30  5.13207e+06
37  31  0
37  32  5.32316e+06
37  33  0
37  34  883466
37  35  5.69783e+06
37  36  1.95395e+06
37  37  2.81508e+06
37  38  1.56165e+07
37  39  3.66581e+06
37  40  0
37  41  6.12443e+06
37  42  7.59933e+06
37  43  1.40455e+07
37  44  1.21955e+07
37  45  1.39368e+06
37  46  507594
37  47  1.34755e+07
37  48  0
37  49  0
37  50  0
37  51  2.77698e+06
37  52  0
37  53  617579
37  54  2.29472e+07
37  55  8.60845e+06
37  56  9.83407e+06
37  57  1.29448e+07
37  58  0
37  59  0
37  60  1.38704e+07
37  61  4.03864e+06
37  62  0
37  63  0
37  64  4.37803e+06
37  65  1.05863e+07
37  66  1.68258e+07
37  67  2.10184e+06
38  0  3.20073e+06
38  1  7.21186e+06
38  2  9.6635e+06
38  3  0
38  4  0
38  5  1.0885e+07
38  6  9.08393e+06
38  7  8.18131e+06
38  8  9.30439e+06
38  9  2.23464e+07
38  10  6.17198e+06
38  11  3.08865e+07
38  12  0
38  13  1.43222e+07
38  14  1.54776e+07
38  15  7.44988e+06
38  16  7.96587e+06
38  17  2.00523e+07
38  18  1.71038e+07
38  19  3.73531e+06
38  20  8.128e+06
38  21  2.47618e+07
38  22  1.04332e+07
38  23  0
38  24  0
38  25  2.81987e+06
38  26  4.40342e+06
38  27  6.2619e+06
38  28  8.83557e+06
38  29  7.98723e+06
38  30  0
38  31  712196
38  32  0
38  33  0
38  34  0
38  35  0
38  36  0
38  37  37074.6
38  38  5.92719e+06
38  39  8.07195e+06
38  40  6.98084e+06
38  41  1.16615e+07
38  42  1.61261e+07
38  43  6.15867e+06
38  44  0
38  45  0
38  46  2.22467e+06
38  47  0
38  48  1.63698e+07
38  49  6.71674e+06
38  50  0
38  51  2.44084e+07
38  52  1.80137e+07
38  53  0
38  54  0
38  55  1.4189e+07
38  56  5.07071e+06
38  57  1.42413e+07
38  58  2.17215e+07
38  59  0
38  60  0
38  61  1.9473e+07
38  62  1.46701e+07
38  63  4.3305e+06
38  64  1.06392e+07
38  65  1.60298e+07
38  66  0
38  67  4.03815e+06
39  0  1.3493e+07
39  1  1.38606e+07
39  2  211379
39  3  6.62321e+06
39  4  8.4212e+06
39  5  0
39  6  0
39  7  1.17516e+07
39  8  1.01303e+07
39  9  2.66674e+07
39  10  1.52221e+07
39  11  1.43702e+07
39  12  1.81747e+07
39  13  1.19909e+06
39  14  9.38106e+06
39  15  1.92996e+07
39  16  9.13344e+06
39  17  2.7107e+07
39  18  1.02276e+07
39  19  3.7897e+06
39  20  2.50736e+07
39  21  1.33555e+06
39  22  0
39  23  1.68378e+07
39  24  8.89549e+06
39  25  0
39  26  6.32349e+06
39  27  4.88759e+06
39  28  2.58918e+07
39  29  4.67991e+06
39  30  6.19184e+06
39  31  5.6068e+06
39  32  896843
39  33  6.73666e+06
39  34  3.9537e+06
39  35  0
39  36  1.29877e+07
39  37  2.03849e+07
39  38  8.0269e+06
39  39  9.00949e+06
39  40  0
39  41  0
39  42  0
39  43  0
39  44  2.32363e+06
39  45  1.03382e+07
39  46  0
39  47  3.76394e+06
39  48  6.28304e+06
39  49  1.87361e+06
39  50  1.67804e+07
39  51  0
39  52  1.17884e+07
39  53  0
39  54  0
39  55  0
39  56  2.88902e+07
39  57  217346
39  58  3.40598e+06
39  59  0
39  60  0
39  61  8.26719e+06
39  62  2.25415e+07
39  63  7.81873e+06
39  64  1.02176e+07
39  65  1.98974e+07
39  66  0
39  67  0
40  0  0
40  1  1.0856e+07
40  2  4.94801e+06
40  3  1.0564e+07
40  4  4.46174e+06
40  5  1.70161e+06
40  6  1.85922e+07
40  7  1.38836e+07
40  8  7.90824e+06
40  9  2.51311e+07
40  10  3.94057e+06
40  11  7.07417e+06
40  12  2.24075e+06
40  13  1.18417e+07
40  14  5.00704e+06
40  15  1.27167e+07
40  16  2.15921e+06
40  17  1.09164e+07
40  18  9.67449e+06
40  19  1.26545e+07
40  20  1.38671e+07
40  21  1.27742e+07
40  22  6.75334e+06
40  23  0
40  24  3.6948e+06
40  25  1.98288e+07
40  26  7.68441e+06
40  27  1.29597e+07
40  28  4.93344e+06
40  29  0
40  30  5.92038e+06
40  31  1.3261e+07
40  32  4.42005e+06
40  33  7.03866e+06
40  34  5.92827e+06
40  35  0
40  36  9.91909e+06
40  37  0
40  38  0
40  39  7.61723e+06
40  40  1.44011e+07
40  41  0
40  42  1.94085e+07
40  43  1.89559e+07
40  44  1.3137e+07
40  45  2.07748e+07
40  46  6.60909e+06
40  47  0
40  48  1.04071e+07
40  49  0
40  50  707297
40  51  0
40  52  0
40  53  0
40  54  0
40  55  0
40  56  447501
40  57  2.12789e+07
40  58  0
40  59  2.00367e+06
40  60  1.02166e+07
40  61  1.02443e+07
40  62  0
40  63  1.87908e+07
40  64  0
40  65  0
40  66  0
40  67  3.98077e+06
41  0  6.597e+06
41  1  2.8066e+07
41  2  0
41  3  1.42661e+07
41  4  3.55403e+06
41  5  721044
41  6  9.3006e+06
41  7  1.44943e+07
41  8  4.50957e+06
41  9  6.66152e+06
41  10  0
41  11  0
41  12  0
41  13  1.65671e+07
41  14  1.30318e+07
41  15  594728
41  16  0
41  17  2.62221e+06
41  18  2.46467e+06
41  19  1.02205e+07
41  20  0
41  21  2.85054e+07
41  22  8.34348e+06
41  23  5.01441e+06
41  24  7.23274e+06
41  25  8.96715e+06
41  26  9.69742e+06
41  27  1.2559e+07
41  28  3.68114e+06
41  29  5.61564e+06
41  30  3.98472e+06
41  31  1.24641e+06
41  32  1.53123e+06
41  33  0
41  34  0
41  35  2.72705e+07
41  36  0
41  37  4.22149e+06
41  38  1.29809e+06
41  39  240688
41  40  1.30555e+07
41  41  787541
41  42  8.78083e+06
41  43  6.37721e+06
41  44  1.68121e+07
41  45  0
41  46  4.64338e+06
41  47  5.09053e+06
41  48  2.17607e+07
41  49  6.37644e+06
41  50  0
41  51  1.38825e+07
41  52  6.37347e+06
41  53  0
41  54  0
41  55  0
41  56  1.87866e+07
41  57  0
41  58  236524
41  59  1.74745e+07
41  60  2.18598e+06
41  61  0
41  62  1.19951e+07
41  63  9.41595e+06
41  64  6.94476e+06
41  65  2.96259e+06
41  66  1.22336e+07
41  67  1.31114e+07
42  0  1.05172e+07
42  1  1.09751e+07
42  2  6.28675e+06
42  3  1.50926e+07
42  4  9.41146e+06
42  5  0
42  6  8.62519e+06
42  7  2.0945e+07
42  8  2.77978e+07
42  9  1.21513e+07
42  10  1.67883e+07
42  11  1.46472e+07
42  12  9.43526e+06
42  13  8.1575e+06
42  14  1.32197e+07
42  15  1.49921e+07
42  16  5.85099e+06
42  17  2.12316e+06
42  18  7.45183e+06
42  19  1.12523e+07
42  20  0
42  21  565401
42  22  1.02058e+07
42  23  0
42  24  0
42  25  9.75027e+06
42  26  464844
42  27  3.59334e+06
42  28  7.00541e+06
42  29  1.61232e+07
42  30  5.04244e+06
42  31  1.01713e+07
42  32  4.98434e+06
42  33  701124
42  34  1.87245e+07
42  35  4.72472e+06
42  36  3.425e+06
42  37  0
42  38  0
42  39  995409
42  40  2.56948e+06
42  41  2.26034e+06
42  42  6.45614e+06
42  43  2.24002e+07
42  44  1.9043e+07
42  45  1.24542e+07
42  46  5.91467e+06
42  47  3.36008e+06
42  48  2.85592e+06
42  49  0
42  50  1.70134e+06
42  51  0
42  52  1.90662e+07
42  53  0
42  54  2.05361e+06
42  55  1.1828e+07
42  56  1.0046e+07
42  57  0
42  58  1.57845e+07
42  59  1.28053e+06
42  60  4.64151e+06
42  61  4.39178e+06
42  62  0
42  63  8.95431e+06
42  64  2.01421e+07
42  65  5.27119e+06
42  66  2.64969e+06
42  67  2.13712e+06
43  0  5.68713e+06
43  1  8.82698e+06
43  2  1.34702e+07
43  3  2.86555e+07
43  4  1.27163e+07
43  5  4.97054e+06
43  6  6.20951e+06
43  7  4.218e+06
43  8  1.45537e+07
43  9  6.15263e+06
43  10  2.17509e+07
43  11  2.77774e+06
43  12  5.23769e+06
43  13  1.16212e+07
43  14  9.16139e+06
43  15  6.83775e+06
43  16  5.78678e+06
43  17  0
43  18  1.89641e+07
43  19  0
43  20  1.27556e+07
43  21  8.0724e+06
43  22  1.37885e+07
43  23  1.26346e+07
43  24  9.92204e+06
43  25  7.47128e+06
43  26  2.80775e+07
43  27  0
43  28  1.82055e+07
43  29  693079
43  30  1.399e+07
43  31  2.01252e+07
43  32  1.02476e+07
43  33  1.68953e+07
43  34  1.21663e+06
43  35  6.77599e+06
43  36  0
43  37  0
43  38  0
43  39  1.22571e+07
43  40  4.54395e+06
43  41  1.17434e+06
43  42  1.21883e+07
43  43  1.6173e+07
43  44  0
43  45  1.10735e+07
43  46  4.43479e+06
43  47  0
43  48  0
43  49  235674
43  50  0
43  51  6.7285e+06
43  52  2.04729e+06
43  53  6.5535e+06
43  54  3.67021e+06
43  55  0
43  56  0
43  57  1.62826e+07
43  58  0
43  59  3.85345e+06
43  60  1.62872e+06
43  61  0
43  62  7.70037e+06
43  63  3.22056e+06
43  64  2.2913e+06
43  65  2.01651e+07
43  66  0
43  67  2.08509e+06
44  0  4.77207e+06
44  1  6.40754e+06
44  2  9.40024e+06
44  3  9.55362e+06
44  4  4.80957e+06
44  5  1.35522e+07
44  6  1.75301e+07
44  7  1.95923e+06
44  8  1.04469e+07
44  9  1.41046e+07
44  10  6.94854e+06
44  11  4.80635e+06
44  12  1.72187e+07
44  13  8.49218e+06
44  14  3.76691e+06
44  15  1.6988e+07
44  16  4.28233e+06
44  17  7.6812e+06
44  18  1.82376e+06
44  19  4.80905e+06
44  20  5.96811e+06
44  21  806555
44  22  3.12457e+06
44  23  0
44  24  0
44  25  1.1292e+07
44  26  1.08414e+07
44  27  4.54395e+06
44  28  0
44  29  0
44  30  1.4809e+07
44  31  1.1323e+07
44  32  1.18529e+07
44  33  0
44  34  9.3857e+06
44  35  1.09171e+07
44  36  422936
44  37  1.51216e+07
44  38  7.68719e+06
44  39  7.30383e+06
44  40  5.94563e+06
44  41  1.7948e+06
44  42  1.12204e+07
44  43  9.97806e+06
44  44  1.33634e+07
44  45  2.07141e+07
44  46  0
44  47  1.09496e+07
44  48  1.16347e+07
44  49  0
44  50  1.83073e+06
44  51  0
44  52  1.45297e+07
44  53  0
44  54  4.72725e+06
44  55  2.79443e+06
44  56  3.19633e+06
44  57  1.57049e+07
44  58  2.42472e+07
44  59  0
44  60  0
44  61  403645
44  62  1.77264e+06
44  63  1.44847e+07
44  64  1.67521e+07
44  65  1.59091e+07
44  66  1.22325e+07
44  67  807937
45  0  0
45  1  1.0666e+07
45  2  535089
45  3  7.69562e+06
45  4  1.49952e+07
45  5  9.99332e+06
45  6  2.8133e+07
45  7  1.38637e+06
45  8  1.17286e+07
45  9  9.89878e+06
45  10  1.56712e+07
45  11  1.50197e+07
45  12  4.76868e+06
45  13  7.54913e+06
45  14  5.59696e+06
45  15  8.10753e+06
45  16  1.14939e+07
45  17  2.21973e+07
45  18  5.40268e+06
45  19  1.18665e+07
45  20  4.05334e+06
45  21  8.04777e+06
45  22  2.86897e+06
45  23  2.69043e+06
45  24  6.07641e+06
45  25  8.28896e+06
45  26  61821.1
45  27  2.26895e+07
45  28  9.34465e+06
45  29  6.81206e+06
45  30  2.88354e+07
45  31  2.14713e+07
45  32  1.59443e+07
45  33  1.9896e+07
45  34  0
45  35  1.20549e+06
45  36  602021
45  37  1.72867e+07
45  38  1.54577e+07
45  39  2.58476e+07
45  40  1.84238e+06
45  41  3.50973e+06
45  42  5.34401e+06
45  43  5.14814e+06
45  44  9.17451e+06
45  45  1.71683e+06
45  46  1.29229e+06
45  47  2.72561e+07
45  48  0
45  49  5.78934e+06
45  50  0
45  51  1.70282e+07
45  52  0
45  53  2.22307e+06
45  54  1.01449e+07
45  55  6.59643e+06
45  56  3.07347e+06
45  57  1.6387e+07
45  58  9.0611e+06
45  59  2.84163e+06
45  60  5.61793e+06
45  61  0
45  62  5.5862e+06
45  63  0
45  64  9.68883e+06
45  65  6.76025e+06
45  66  1.3862e+07
45  67  0
46  0  1.52905e+07
46  1  9.969e+06
46  2  2.24602e+06
46  3  1.71972e+07
46  4  1.1205e+06
46  5  1.49865e+07
46  6  5.15867e+06
46  7  1.02507e+07
46  8  1.22168e+07
46  9  1.10246e+07
46  10  1.67979e+07
46  11  3.941e+06
46  12  3.79689e+06
46  13  3.43257e+06
46  14  7.76989e+06
46  15  1.66398e+07
46  16  2.69824e+06
46  17  1.24583e+07
46  18  1.59252e+07
46  19  1.34084e+07
46  20  1.36492e+07
46  21  5.31696e+06
46  22  0
46  23  0
46  24  1.6084e+07
46  25  7.89951e+06
46  26  8.49215e+06
46  27  1.51198e+07
46  28  2.01836e+07
46  29  7.83711e+06
46  30  0
46  31  3.34754e+06
46  32  0
46  33  9.20404e+06
46  34  1.05363e+06
46  35  2.22584e+07
46  36  4.30719e+06
46  37  7.20681e+06
46  38  2.26238e+07
46  39  0
46  40  1.55175e+07
46  41  1.06498e+07
46  42  1.70838e+07
46  43  1.10938e+07
46  44  1.38444e+07
46  45  3.63837e+06
46  46  6.67893e+06
46  47  6.34434e+06
46  48  1.90743e+07
46  49  3.51748e+06
46  50  2.47759e+06
46  51  1.97114e+06
46  52  2.19662e+06
46  53  1.60631e+06
46  54  0
46  55  1.29109e+07
46  56  1119.13
46  57  1.20189e+06
46  58  0
46  59  1.36679e+06
46  60  8.77096e+06
46  61  0
46  62  1.19692e+07
46  63  0
46  64  0
46  65  2.61113e+06
46  66  0
46  67  1.13535e+07
47  0  6.17059e+06
47  1  0
47  2  7.57614e+06
47  3  3.3499e+06
47  4  1.53963e+06
47  5  3.70474e+06
47  6  6.57256e+06
47  7  1.27253e+07
47  8  1.57748e+07
47  9  3.38167e+07
47  10  4.72883e+06
47  11  7.08576e+06
47  12  1.85963e+07
47  13  6.95257e+06
47  14  0
47  15  6.18818e+06
47  16  1.66899e+07
47  17  1.76371e+07
47  18  6.96034e+06
47  19  1.57004e+07
47  20  1.2497e+07
47  21  4.22993e+06
47  22  6.20517e+06
47  23  6.74575e+06
47  24  1.24678e+07
47  25  2.93174e+06
47  26  1.09291e+07
47  27  1.15023e+07
47  28  6.64448e+06
47  29  1.23414e+07
47  30  0
47  31  2.65123e+06
47  32  8.27368e+06
47  33  9.45193e+06
47  34  1.25141e+07
47  35  0
47  36  3.85685e+06
47  37  4.98861e+06
47  38  1.35096e+07
47  39  1.02632e+07
47  40  6.53113e+06
47  41  1.14847e+07
47  42  7.90701e+06
47  43  1.53229e+07
47  44  1.62495e+07
47  45  2.00464e+07
47  46  1.67186e+07
47  47  1.30035e+07
47  48  2.21085e+07
47  49  7.30501e+06
47  50  0
47  51  6.41685e+06
47  52  921717
47  53  1.89476e+06
47  54  9.78774e+06
47  55  3.0509e+06
47  56  2.54102e+06
47  57  1.6028e+07
47  58  0
47  59  2.06476e+07
47  60  0
47  61  4.58039e+06
47  62  335183
47  63  4.97297e+06
47  64  2.29584e+07
47  65  2.02387e+07
47  66  9.25666e+06
47  67  6.65172e+06

