row  column  (images_1_region2.edf K-K*images_1_region2.edf Ar-K**2.3)
0  0  1.25753e+07
0  1  1.1987e+07
0  2  0
0  3  1.90171e+06
0  4  8.55751e+06
0  5  8.58547e+06
0  6  4.03316e+06
0  7  8.08128e+06
0  8  2.85661e+06
0  9  2.26003e+06
0  10  7.68462e+06
0  11  4.30971e+06
0  12  2.63782e+06
0  13  2.7963e+06
0  14  6.96918e+06
0  15  3.05555e+06
0  16  0
0  17  4.69519e+06
0  18  9.56455e+06
0  19  0
0  20  3.96662e+06
0  21  3.1152e+06
0  22  8.29545e+06
0  23  7.74495e+06
0  24  1.13916e+07
0  25  3.84353e+06
0  26  5.48002e+06
0  27  6.50206e+06
0  28  0
0  29  6.61334e+06
0  30  3.47569e+06
0  31  8.00978e+06
0  32  8.25253e+06
0  33  9.20159e+06
0  34  1.11832e+07
0  35  3.88646e+06
0  36  5.90108e+06
0  37  1.49549e+07
0  38  0
0  39  3.29062e+06
0  40  5.12325e+06
0  41  6.66342e+06
0  42  3.26347e+06
0  43  8.27137e+06
0  44  6.64984e+06
0  45  8.91961e+06
0  46  7.66912e+06
0  47  1.02873e+07
0  48  1.72891e+06
0  49  4.83028e+06
0  50  1.55507e+07
0  51  4.02145e+06
0  52  290515
0  53  6.51583e+06
0  54  1.35165e+07
0  55  1.46657e+07
0  56  0
0  57  3.24803e+06
0  58  6.33911e+06
0  59  4.13389e+06
0  60  1.01587e+07
0  61  0
0  62  6.83298e+06
0  63  1.95999e+07
0  64  6.35787e+06
0  65  3.67983e+06
0  66  5.64684e+06
0  67  5.05392e+06
1  0  1.42586e+06
1  1  1.85222e+06
1  2  7.83659e+06
1  3  3.04632e+06
1  4  5.61874e+06
1  5  6.04468e+06
1  6  5.20271e+06
1  7  6.09183e+06
1  8  6.32922e+06
1  9  6.91417e+06
1  10  3.27403e+06
1  11  4.76945e+06
1  12  2.23747e+06
1  13  7.52614e+06
1  14  6.18224e+06
1  15  8.98363e+06
1  16  1.03059e+07
1  17  3.93124e+06
1  18  5.01525e+06
1  19  5.11246e+06
1  20  1.32153e+06
1  21  6.43428e+06
1  22  0
1  23  5.09868e+06
1  24  5.96824e+06
1  25  6.38048e+06
1  26  0
1  27  1.31915e+07
1  28  0
1  29  4.82282e+06
1  30  0
1  31  9.81316e+06
1  32  3.74e+06
1  33  0
1  34  7.08777e+06
1  35  6.39517e+06
1  36  5.75776e+06
1  37  4.99549e+06
1  38  1.1095e+07
1  39  9.3125e+06
1  40  4.41639e+06
1  41  1.63085e+07
1  42  9.70821e+06
1  43  1.18354e+07
1  44  1.05398e+07
1  45  4.4089e+06
1  46  1.12028e+07
1  47  1.0991e+07
1  48  4.60068e+06
1  49  1.00568e+07
1  50  1.57176e+06
1  51  4.82975e+06
1  52  0
1  53  0
1  54  1.03344e+07
1  55  3.73708e+06
1  56  0
1  57  1.14948e+07
1  58  6.84544e+06
1  59  7.14441e+06
1  60  0
1  61  1.28954e+07
1  62  8.23272e+06
1  63  6.27236e+06
1  64  6.74078e+06
1  65  0
1  66  8.79231e+06
1  67  5.26484e+06
2  0  4.09149e+06
2  1  3.51538e+06
2  2  1.23969e+07
2  3  4.3181e+06
2  4  6.74567e+06
2  5  1.05806e+07
2  6  4.15826e+06
2  7  6.93872e+06
2  8  1.22298e+07
2  9  7.38877e+06
2  10  5.00835e+06
2  11  4.48254e+06
2  12  2.65298e+06
2  13  986575
2  14  8.88068e+06
2  15  1.63381e+06
2  16  0
2  17  3.30237e+06
2  18  6.77988e+06
2  19  5.83191e+06
2  20  4.55633e+06
2  21  5.95088e+06
2  22  1.12778e+07
2  23  1.72575e+06
2  24  3.7379e+06
2  25  1.14681e+07
2  26  1.02626e+06
2  27  5.54411e+06
2  28  1.91537e+06
2  29  2.53319e+06
2  30  9.79839e+06
2  31  5.97271e+06
2  32  1.33773e+07
2  33  4.27595e+06
2  34  8.64292e+06
2  35  7.9897e+06
2  36  7.17927e+06
2  37  0
2  38  0
2  39  7.85617e+06
2  40  8.80872e+06
2  41  6.22564e+06
2  42  9.86088e+06
2  43  8.21074e+06
2  44  0
2  45  0
2  46  2.40355e+06
2  47  1.2527e+07
2  48  1.31383e+07
2  49  2.87111e+06
2  50  9.41486e+06
2  51  9.99259e+06
2  52  2.73537e+06
2  53  5.40197e+06
2  54  3.22283e+06
2  55  7.83369e+06
2  56  6.87571e+06
2  57  0
2  58  0
2  59  6.70415e+06
2  60  0
2  61  5.47914e+06
2  62  1.57798e+07
2  63  2.57677e+06
2  64  7.58712e+06
2  65  5.97966e+06
2  66  4.71825e+06
2  67  8.32903e+06
3  0  6.63849e+06
3  1  1.15157e+06
3  2  4.8324e+06
3  3  1.03217e+07
3  4  7.33767e+06
3  5  4.7604e+06
3  6  8.90681e+06
3  7  3.20159e+06
3  8  1.04618e+07
3  9  4.82724e+06
3  10  2.78032e+06
3  11  8.0648e+06
3  12  1.22664e+06
3  13  9.41613e+06
3  14  776443
3  15  6.74043e+06
3  16  2.61872e+06
3  17  4.82352e+06
3  18  7.66818e+06
3  19  3.03965e+06
3  20  2.10196e+06
3  21  4.68349e+06
3  22  4.66295e+06
3  23  5.49872e+06
3  24  2.64984e+06
3  25  2.22544e+06
3  26  3.44291e+06
3  27  2.44668e+06
3  28  0
3  29  5.19073e+06
3  30  4.97836e+06
3  31  4.34618e+06
3  32  9.19043e+06
3  33  1.90506e+07
3  34  3.78206e+06
3  35  1.24776e+07
3  36  4.26806e+06
3  37  4.7461e+06
3  38  1.12049e+07
3  39  9.95834e+06
3  40  1.10332e+07
3  41  7.04542e+06
3  42  7.93704e+06
3  43  0
3  44  3.58169e+06
3  45  3.17396e+06
3  46  1.75832e+07
3  47  2.79012e+06
3  48  0
3  49  0
3  50  3.621e+06
3  51  3.03466e+06
3  52  9.83962e+06
3  53  1.3931e+07
3  54  1.26908e+07
3  55  0
3  56  7.18335e+06
3  57  5.67632e+06
3  58  7.28873e+06
3  59  902541
3  60  1.10077e+07
3  61  0
3  62  5.55379e+06
3  63  6.69205e+06
3  64  4.17535e+06
3  65  3.81374e+06
3  66  7.19897e+06
3  67  5.98722e+06
4  0  4.41202e+06
4  1  2.51023e+06
4  2  8.41481e+06
4  3  8.34665e+06
4  4  7.45142e+06
4  5  3.87441e+06
4  6  7.58935e+06
4  7  4.62041e+06
4  8  6.39484e+06
4  9  6.10483e+06
4  10  6.89721e+06
4  11  5.88098e+06
4  12  4.03618e+06
4  13  2.84204e+06
4  14  5.14889e+06
4  15  5.79667e+06
4  16  0
4  17  2.34693e+06
4  18  330773
4  19  5.3534e+06
4  20  1.12558e+07
4  21  8.35091e+06
4  22  2.64059e+06
4  23  2.63387e+06
4  24  6.54953e+06
4  25  9.33065e+06
4  26  3.36027e+06
4  27  2.63527e+06
4  28  0
4  29  6.58532e+06
4  30  0
4  31  3.23325e+06
4  32  9.56609e+06
4  33  7.82728e+06
4  34  9.36354e+06
4  35  1.05577e+07
4  36  7.59386e+06
4  37  6.81803e+06
4  38  1.44526e+06
4  39  1.30805e+07
4  40  2.91692e+06
4  41  7.94928e+06
4  42  9.14327e+06
4  43  7.73623e+06
4  44  6.50409e+06
4  45  4.98609e+06
4  46  1.00289e+07
4  47  1.31428e+07
4  48  1.51372e+07
4  49  1.07066e+07
4  50  5.62398e+06
4  51  9.91349e+06
4  52  0
4  53  1.10425e+07
4  54  5.62555e+06
4  55  5.95838e+06
4  56  7.70507e+06
4  57  3.88739e+06
4  58  635564
4  59  4.68368e+06
4  60  1.23494e+07
4  61  1.05005e+07
4  62  1.20961e+07
4  63  0
4  64  0
4  65  9.52789e+06
4  66  5.78579e+06
4  67  4.69076e+06
5  0  2.4733e+06
5  1  2.53877e+06
5  2  4.82292e+06
5  3  2.68882e+06
5  4  6.35635e+06
5  5  6.57463e+06
5  6  1.05696e+07
5  7  8.42312e+06
5  8  3.97309e+06
5  9  4.71508e+06
5  10  0
5  11  236026
5  12  1.08007e+07
5  13  8.96786e+06
5  14  8.69198e+06
5  15  3.20318e+06
5  16  9.54417e+06
5  17  1.98214e+06
5  18  2.93552e+06
5  19  1.7792e+06
5  20  2.37192e+06
5  21  0
5  22  3.96737e+06
5  23  5.71531e+06
5  24  9.9465e+06
5  25  6.19082e+06
5  26  2.82626e+06
5  27  3.88738e+06
5  28  7.20938e+06
5  29  4.22697e+06
5  30  6.25229e+06
5  31  8.80975e+06
5  32  679986
5  33  7.03769e+06
5  34  3.04784e+06
5  35  8.64622e+06
5  36  9.97541e+06
5  37  0
5  38  3.40414e+06
5  39  9.45299e+06
5  40  4.41221e+06
5  41  4.03412e+06
5  42  1.1898e+07
5  43  2.98712e+06
5  44  8.38751e+06
5  45  0
5  46  1.04146e+07
5  47  5.78475e+06
5  48  6.10011e+06
5  49  1.37521e+07
5  50  0
5  51  1.18489e+07
5  52  1.05513e+07
5  53  944303
5  54  1.53295e+07
5  55  8.75188e+06
5  56  7.05198e+06
5  57  2.63865e+06
5  58  9.6847e+06
5  59  6.91447e+06
5  60  4.69883e+06
5  61  479208
5  62  6.2297e+06
5  63  6.88904e+06
5  64  8.91912e+06
5  65  1.92444e+06
5  66  8.85112e+06
5  67  8.95613e+06
6  0  2.01098e+06
6  1  4.48489e+06
6  2  3.61198e+06
6  3  7.06972e+06
6  4  4.36699e+06
6  5  1.68652e+06
6  6  5.45946e+06
6  7  333866
6  8  7.62187e+06
6  9  6.21793e+06
6  10  3.37151e+06
6  11  2.30073e+06
6  12  3.8098e+06
6  13  5.65069e+06
6  14  4.32855e+06
6  15  5.8315e+06
6  16  3.37294e+06
6  17  4.54534e+06
6  18  6.2459e+06
6  19  4.66875e+06
6  20  8.90332e+06
6  21  4.70362e+06
6  22  8.67859e+06
6  23  0
6  24  4.29271e+06
6  25  4.96103e+06
6  26  6.33012e+06
6  27  1.61901e+06
6  28  7.60766e+06
6  29  7.20106e+06
6  30  3.80961e+06
6  31  0
6  32  1.33628e+07
6  33  3.81649e+06
6  34  4.56294e+06
6  35  9.54342e+06
6  36  1.04028e+07
6  37  6.83405e+06
6  38  1.09197e+06
6  39  0
6  40  0
6  41  6.87652e+06
6  42  0
6  43  7.90144e+06
6  44  6.1433e+06
6  45  3.51578e+06
6  46  1.06074e+07
6  47  1.2974e+07
6  48  0
6  49  1.24437e+07
6  50  3.81965e+06
6  51  0
6  52  7.88243e+06
6  53  2.16448e+06
6  54  1.94848e+07
6  55  4.81509e+06
6  56  2.02473e+06
6  57  4.78666e+06
6  58  1.55736e+07
6  59  6.15974e+06
6  60  5.74714e+06
6  61  8.56984e+06
6  62  1.34393e+07
6  63  9.48744e+06
6  64  5.83686e+06
6  65  4.61476e+06
6  66  8.6955e+06
6  67  4.67832e+06
7  0  1.27969e+07
7  1  1.26512e+07
7  2  4.48344e+06
7  3  5.66163e+06
7  4  1.00112e+07
7  5  4.14738e+06
7  6  1.56082e+06
7  7  1.15161e+07
7  8  1.87018e+06
7  9  6.54534e+06
7  10  1.21704e+07
7  11  6.21749e+06
7  12  765381
7  13  4.37367e+06
7  14  7.4134e+06
7  15  1.03534e+07
7  16  7.90577e+06
7  17  9.31761e+06
7  18  4.18876e+06
7  19  1.14702e+07
7  20  9.19778e+06
7  21  2.93715e+06
7  22  6.97908e+06
7  23  504382
7  24  1.12321e+07
7  25  0
7  26  8.49294e+06
7  27  3.34465e+06
7  28  5.06057e+06
7  29  3.33785e+06
7  30  7.69696e+06
7  31  1.08883e+07
7  32  4.43775e+06
7  33  1.39863e+07
7  34  7.03371e+06
7  35  0
7  36  4.64598e+06
7  37  5.01878e+06
7  38  9.45561e+06
7  39  9.85954e+06
7  40  1.24309e+07
7  41  1.03836e+07
7  42  5.93553e+06
7  43  2.80738e+06
7  44  8.54792e+06
7  45  8.74964e+06
7  46  1.16423e+07
7  47  0
7  48  0
7  49  0
7  50  863585
7  51  6.66804e+06
7  52  916116
7  53  1.10488e+07
7  54  1.22191e+07
7  55  9.43879e+06
7  56  4.99548e+06
7  57  0
7  58  1.06007e+07
7  59  1.58292e+07
7  60  5.68757e+06
7  61  2.18782e+06
7  62  2.12227e+06
7  63  1.21747e+07
7  64  6.95076e+06
7  65  3.9302e+06
7  66  5.92683e+06
7  67  4.54897e+06
8  0  6.06996e+06
8  1  6.91426e+06
8  2  4.866e+06
8  3  3.84163e+06
8  4  1.01811e+07
8  5  7.92112e+06
8  6  4.78035e+06
8  7  7.44867e+06
8  8  3.72452e+06
8  9  6.30189e+06
8  10  4.15119e+06
8  11  1.16082e+06
8  12  5.50589e+06
8  13  3.57817e+06
8  14  3.2201e+06
8  15  4.40293e+06
8  16  5.41909e+06
8  17  1.57182e+06
8  18  0
8  19  4.77447e+06
8  20  9.21314e+06
8  21  2.42403e+06
8  22  4.57386e+06
8  23  3.98849e+06
8  24  5.97338e+06
8  25  6.90837e+06
8  26  8.26577e+06
8  27  0
8  28  2.82804e+06
8  29  1.0699e+07
8  30  5.90555e+06
8  31  8.46874e+06
8  32  7.09915e+06
8  33  6.70981e+06
8  34  1.35307e+07
8  35  1.38595e+07
8  36  6.03046e+06
8  37  0
8  38  1.45989e+07
8  39  8.09392e+06
8  40  1.53754e+07
8  41  5.74283e+06
8  42  514783
8  43  1.55208e+07
8  44  2.29546e+07
8  45  8.23801e+06
8  46  5.3099e+06
8  47  3.55278e+06
8  48  0
8  49  1.14878e+07
8  50  4.33656e+06
8  51  7.30456e+06
8  52  7.74755e+06
8  53  6.77252e+06
8  54  4.90528e+06
8  55  1.31861e+07
8  56  1.58244e+07
8  57  0
8  58  7.28695e+06
8  59  7.11696e+06
8  60  5.60868e+06
8  61  0
8  62  1.18945e+07
8  63  5.4691e+06
8  64  6.50287e+06
8  65  0
8  66  1.02467e+07
8  67  8.78954e+06
9  0  5.53514e+06
9  1  1.20293e+07
9  2  3.11168e+06
9  3  5.01325e+06
9  4  3.8623e+06
9  5  5.30641e+06
9  6  36965.6
9  7  2.50644e+06
9  8  4.99508e+06
9  9  2.12509e+06
9  10  3.48172e+06
9  11  6.07245e+06
9  12  7.52909e+06
9  13  3.29932e+06
9  14  5.64143e+06
9  15  8.8176e+06
9  16  0
9  17  1.9554e+06
9  18  0
9  19  223099
9  20  1.10511e+07
9  21  3.95442e+06
9  22  9.71784e+06
9  23  8.55196e+06
9  24  1.08983e+07
9  25  2.0299e+06
9  26  0
9  27  0
9  28  1.12287e+07
9  29  9.06355e+06
9  30  4.86562e+06
9  31  8.32328e+06
9  32  2.57543e+06
9  33  1.74111e+07
9  34  5.37835e+06
9  35  8.07552e+06
9  36  7.46294e+06
9  37  8.88459e+06
9  38  5.31186e+06
9  39  0
9  40  5.62746e+06
9  41  9.81808e+06
9  42  1.59423e+07
9  43  3.83783e+06
9  44  8.7638e+06
9  45  0
9  46  645353
9  47  5.712e+06
9  48  1.25021e+07
9  49  3.49422e+06
9  50  5.74078e+06
9  51  8.26632e+06
9  52  1.38664e+07
9  53  1.08613e+07
9  54  1.60755e+07
9  55  7.94862e+06
9  56  6.22793e+06
9  57  8.07425e+06
9  58  1.36022e+07
9  59  7.24138e+06
9  60  8.83923e+06
9  61  8.20451e+06
9  62  8.62405e+06
9  63  4.86252e+06
9  64  5.42177e+06
9  65  1.15583e+07
9  66  7.20528e+06
9  67  752446
10  0  3.00252e+06
10  1  1.89936e+06
10  2  4.30905e+06
10  3  2.73915e+06
10  4  489527
10  5  6.48573e+06
10  6  2.52144e+06
10  7  226855
10  8  7.06271e+06
10  9  9.33159e+06
10  10  1.49411e+06
10  11  3.18265e+06
10  12  3.89884e+06
10  13  5.15622e+06
10  14  0
10  15  0
10  16  4.43377e+06
10  17  4.42999e+06
10  18  6.75518e+06
10  19  5.06842e+06
10  20  2.98564e+06
10  21  4.37354e+06
10  22  3.46126e+06
10  23  3.39898e+06
10  24  7.38378e+06
10  25  6.37559e+06
10  26  1.078e+07
10  27  7.26765e+06
10  28  4.83822e+06
10  29  7.88648e+06
10  30  6.22129e+06
10  31  1.52609e+07
10  32  1.28769e+07
10  33  1.71905e+07
10  34  6.55111e+06
10  35  9.52834e+06
10  36  6.59906e+06
10  37  0
10  38  1.19931e+07
10  39  0
10  40  0
10  41  9.32595e+06
10  42  1.18501e+07
10  43  1.25859e+07
10  44  2.94963e+06
10  45  4.17134e+06
10  46  3.35628e+06
10  47  1.81312e+06
10  48  0
10  49  2.60331e+06
10  50  1.12313e+07
10  51  7.21343e+06
10  52  8.78758e+06
10  53  1.9639e+06
10  54  1.6975e+07
10  55  7.31473e+06
10  56  4.97792e+06
10  57  2.45169e+06
10  58  1.1371e+07
10  59  1.64638e+07
10  60  5.46105e+06
10  61  8.7145e+06
10  62  5.66487e+06
10  63  6.07004e+06
10  64  3.92747e+06
10  65  1.49149e+07
10  66  2.01703e+06
10  67  1.66586e+06
11  0  4.44125e+06
11  1  7.75864e+06
11  2  1.31571e+06
11  3  7.9704e+06
11  4  5.79464e+06
11  5  1.19028e+07
11  6  6.47308e+06
11  7  4.55336e+06
11  8  3.69736e+06
11  9  4.02283e+06
11  10  1.5253e+06
11  11  4.27734e+06
11  12  4.87284e+06
11  13  1.08602e+07
11  14  7.52242e+06
11  15  2.30316e+06
11  16  486758
11  17  0
11  18  4.1573e+06
11  19  1.0905e+07
11  20  6.35749e+06
11  21  4.4699e+06
11  22  5.78643e+06
11  23  4.43326e+06
11  24  6.56554e+06
11  25  0
11  26  3.68874e+06
11  27  2.70485e+06
11  28  5.38272e+06
11  29  3.08657e+06
11  30  1.20805e+07
11  31  305531
11  32  1.32115e+07
11  33  8.19115e+06
11  34  5.51118e+06
11  35  0
11  36  3.65407e+06
11  37  9.87737e+06
11  38  1.145e+07
11  39  0
11  40  669244
11  41  3.50987e+06
11  42  7.82331e+06
11  43  4.69556e+06
11  44  8.59827e+06
11  45  2.45195e+06
11  46  8.94707e+06
11  47  1.07875e+07
11  48  3.64048e+06
11  49  1.44905e+07
11  50  0
11  51  8.28455e+06
11  52  6.28717e+06
11  53  670131
11  54  1.72083e+07
11  55  1.26105e+07
11  56  5.16414e+06
11  57  1.11399e+07
11  58  8.45448e+06
11  59  1.00761e+07
11  60  1.30924e+06
11  61  4.31595e+06
11  62  9.30339e+06
11  63  6.28402e+06
11  64  4.41604e+06
11  65  3.10033e+06
11  66  4.32688e+06
11  67  4.025e+06
12  0  2.73121e+06
12  1  3.17036e+06
12  2  3.62103e+06
12  3  681312
12  4  6.70683e+06
12  5  4.22564e+06
12  6  6.41782e+06
12  7  3.95529e+06
12  8  1.35262e+07
12  9  7.6238e+06
12  10  6.94743e+06
12  11  0
12  12  5.22077e+06
12  13  9.25451e+06
12  14  0
12  15  5.00238e+06
12  16  6.53875e+06
12  17  4.99736e+06
12  18  5.88694e+06
12  19  0
12  20  0
12  21  5.36045e+06
12  22  0
12  23  0
12  24  0
12  25  0
12  26  97652.1
12  27  9.87807e+06
12  28  1.10787e+07
12  29  1.27742e+07
12  30  8.76947e+06
12  31  4.59492e+06
12  32  1.34577e+07
12  33  6.3341e+06
12  34  2.59244e+06
12  35  5.06235e+06
12  36  1.12477e+07
12  37  0
12  38  2.55311e+06
12  39  0
12  40  1.40174e+07
12  41  1.21854e+07
12  42  2.69899e+06
12  43  1.55122e+07
12  44  1.33876e+07
12  45  1.41571e+07
12  46  5.28175e+06
12  47  1.36822e+06
12  48  4.17863e+06
12  49  6.61592e+06
12  50  1.96664e+06
12  51  0
12  52  6.17782e+06
12  53  1.0167e+07
12  54  3.00304e+06
12  55  1.1606e+07
12  56  8.68121e+06
12  57  1.46554e+06
12  58  1.37869e+07
12  59  1.00629e+07
12  60  6.09171e+06
12  61  7.57174e+06
12  62  9.4994e+06
12  63  1.09399e+07
12  64  1.1581e+07
12  65  6.78327e+06
12  66  3.78499e+06
12  67  6.69693e+06
13  0  4.99704e+06
13  1  2.18246e+06
13  2  5.29153e+06
13  3  4.61365e+06
13  4  8.64889e+06
13  5  2.78536e+06
13  6  3.7777e+06
13  7  3.64806e+06
13  8  1.55878e+06
13  9  1.4388e+06
13  10  6.68989e+06
13  11  4.24416e+06
13  12  1.02103e+07
13  13  2.83613e+06
13  14  1.54617e+07
13  15  0
13  16  3.70283e+06
13  17  6.38689e+06
13  18  3.55514e+06
13  19  3.82242e+06
13  20  9.29e+06
13  21  2.4057e+06
13  22  8.34373e+06
13  23  0
13  24  6.32422e+06
13  25  1.76033e+06
13  26  0
13  27  0
13  28  7.15585e+06
13  29  5.76329e+06
13  30  1.02141e+07
13  31  7.95312e+06
13  32  1.73509e+07
13  33  9.33661e+06
13  34  1.01091e+07
13  35  1.1899e+07
13  36  3.81185e+06
13  37  9.08388e+06
13  38  9.40488e+06
13  39  1.21149e+07
13  40  8.67314e+06
13  41  5.59153e+06
13  42  8.91462e+06
13  43  6.24575e+06
13  44  1.4053e+07
13  45  0
13  46  3.12438e+06
13  47  0
13  48  8.88724e+06
13  49  1.32474e+07
13  50  0
13  51  9.46833e+06
13  52  6.63686e+06
13  53  1.82358e+06
13  54  0
13  55  6.30914e+06
13  56  2.59281e+06
13  57  1.37075e+07
13  58  0
13  59  9.63733e+06
13  60  4.72694e+06
13  61  5.41542e+06
13  62  7.48347e+06
13  63  1.13781e+07
13  64  3.97699e+06
13  65  4.8427e+06
13  66  1.19714e+07
13  67  0
14  0  8.92854e+06
14  1  0
14  2  5.77347e+06
14  3  1.27397e+07
14  4  3.6443e+06
14  5  0
14  6  7.19682e+06
14  7  274884
14  8  4.73338e+06
14  9  1.06117e+07
14  10  2.23032e+06
14  11  0
14  12  8.44767e+06
14  13  3.7088e+06
14  14  7.55902e+06
14  15  4.09445e+06
14  16  5.29196e+06
14  17  4.19137e+06
14  18  4.41395e+06
14  19  6.08499e+06
14  20  7.56379e+06
14  21  1.79205e+06
14  22  6.44487e+06
14  23  1.17083e+07
14  24  409615
14  25  1.38609e+07
14  26  9.94417e+06
14  27  5.90236e+06
14  28  6.09537e+06
14  29  7.85178e+06
14  30  7.85603e+06
14  31  0
14  32  1.90562e+07
14  33  1.3778e+07
14  34  1.35317e+07
14  35  1.23746e+07
14  36  1.34037e+07
14  37  7.31459e+06
14  38  6.70312e+06
14  39  1.07031e+07
14  40  1.69874e+07
14  41  1.16195e+06
14  42  9.69875e+06
14  43  1.53428e+07
14  44  0
14  45  4.2183e+06
14  46  6.72363e+06
14  47  1.14082e+07
14  48  0
14  49  0
14  50  6.73719e+06
14  51  1.10786e+07
14  52  1.01204e+07
14  53  1.35342e+06
14  54  1.7247e+06
14  55  5.91853e+06
14  56  7.87004e+06
14  57  1.24084e+07
14  58  4.76151e+06
14  59  4.05346e+06
14  60  0
14  61  1.42161e+07
14  62  1.13967e+07
14  63  4.84257e+06
14  64  8.83883e+06
14  65  4.9059e+06
14  66  6.47591e+06
14  67  7.73297e+06
15  0  4.32972e+06
15  1  3.62522e+06
15  2  9.37886e+06
15  3  4.39148e+06
15  4  4.8852e+06
15  5  8.87693e+06
15  6  4.12e+06
15  7  6.44701e+06
15  8  0
15  9  0
15  10  5.44323e+06
15  11  6.6442e+06
15  12  1.17495e+07
15  13  1.17581e+07
15  14  3.6918e+06
15  15  1.09509e+07
15  16  1.91831e+07
15  17  0
15  18  6.48509e+06
15  19  1.5803e+07
15  20  0
15  21  3.94561e+06
15  22  1.36875e+07
15  23  9.24984e+06
15  24  2.8844e+06
15  25  4.62197e+06
15  26  7.9474e+06
15  27  3.29705e+06
15  28  1.9802e+07
15  29  0
15  30  6.97235e+06
15  31  4.6647e+06
15  32  0
15  33  1.7029e+07
15  34  1.18174e+07
15  35  1.10702e+07
15  36  6.70055e+06
15  37  8.50456e+06
15  38  1.27542e+07
15  39  1.14001e+07
15  40  1.45315e+06
15  41  9.65004e+06
15  42  4.04991e+06
15  43  1.41637e+07
15  44  3.75409e+06
15  45  6.74906e+06
15  46  0
15  47  1.04223e+07
15  48  8.18112e+06
15  49  8.877e+06
15  50  1.5279e+06
15  51  2.79216e+06
15  52  4.39235e+06
15  53  1.00704e+06
15  54  3.44236e+06
15  55  1.11208e+07
15  56  1.3592e+07
15  57  1.12073e+07
15  58  3.48429e+06
15  59  0
15  60  8.11857e+06
15  61  7.7029e+06
15  62  1.13581e+07
15  63  8.46144e+06
15  64  7.09526e+06
15  65  1.05599e+07
15  66  492502
15  67  0
16  0  0
16  1  2.35234e+06
16  2  4.99499e+06
16  3  4.4779e+06
16  4  5.20283e+06
16  5  8.51099e+06
16  6  3.81593e+06
16  7  0
16  8  7.97624e+06
16  9  6.16715e+06
16  10  1.1365e+07
16  11  2.71995e+06
16  12  2.54316e+06
16  13  1.03929e+07
16  14  4.13688e+06
16  15  3.35407e+06
16  16  9.79037e+06
16  17  2.61139e+06
16  18  9.05026e+06
16  19  2.24093e+06
16  20  1.31992e+06
16  21  6.55032e+06
16  22  1.33619e+07
16  23  7.76848e+06
16  24  1.15579e+07
16  25  1.08699e+07
16  26  0
16  27  3.91585e+06
16  28  9.77236e+06
16  29  0
16  30  6.63955e+06
16  31  0
16  32  8.43816e+06
16  33  1.0553e+07
16  34  1.75524e+07
16  35  9.03861e+06
16  36  8.60921e+06
16  37  7.45873e+06
16  38  0
16  39  3.39553e+06
16  40  1.19251e+07
16  41  7.07794e+06
16  42  1.43153e+07
16  43  0
16  44  1.43092e+07
16  45  9.79692e+06
16  46  0
16  47  7.41961e+06
16  48  9.20194e+06
16  49  2.44393e+06
16  50  9.57313e+06
16  51  1.36576e+07
16  52  1.17132e+07
16  53  6.68533e+06
16  54  1.47643e+07
16  55  1.01151e+07
16  56  1.39528e+07
16  57  1.04054e+07
16  58  7.77081e+06
16  59  867138
16  60  5.62788e+06
16  61  9.23124e+06
16  62  4.26866e+06
16  63  0
16  64  8.10922e+06
16  65  8.10382e+06
16  66  0
16  67  6.17321e+06
17  0  0
17  1  9.75289e+06
17  2  0
17  3  3.76269e+06
17  4  4.50656e+06
17  5  2.53501e+06
17  6  5.43559e+06
17  7  8.68752e+06
17  8  3.54831e+06
17  9  5.70524e+06
17  10  8.12701e+06
17  11  0
17  12  2.59888e+06
17  13  7.31518e+06
17  14  8.41288e+06
17  15  2.55944e+06
17  16  0
17  17  5.91445e+06
17  18  5.59528e+06
17  19  7.97243e+06
17  20  1.20779e+07
17  21  0
17  22  5.1243e+06
17  23  3.62243e+06
17  24  0
17  25  0
17  26  3.74782e+06
17  27  5.37369e+06
17  28  836859
17  29  4.82046e+06
17  30  8.24007e+06
17  31  0
17  32  2.08612e+07
17  33  1.952e+07
17  34  1.385e+07
17  35  0
17  36  1.55378e+07
17  37  8.87262e+06
17  38  1.43948e+07
17  39  7.45273e+06
17  40  3.96434e+06
17  41  9.89693e+06
17  42  0
17  43  0
17  44  0
17  45  1.36546e+06
17  46  7.11315e+06
17  47  4.09635e+06
17  48  2.13324e+06
17  49  4.64112e+06
17  50  7.86368e+06
17  51  6.72529e+06
17  52  0
17  53  7.02249e+06
17  54  1.17388e+07
17  55  9.09964e+06
17  56  7.40772e+06
17  57  8.16853e+06
17  58  689791
17  59  1.04279e+06
17  60  1.18073e+07
17  61  8.21429e+06
17  62  7.32326e+06
17  63  5.05406e+06
17  64  8.89659e+06
17  65  0
17  66  4.87409e+06
17  67  4.26374e+06
18  0  3.94605e+06
18  1  8.34318e+06
18  2  2.68641e+06
18  3  8.01361e+06
18  4  1.22925e+07
18  5  2.83074e+06
18  6  2.456e+06
18  7  3.53597e+06
18  8  6.15761e+06
18  9  7.95692e+06
18  10  6.16787e+06
18  11  1.25194e+07
18  12  8.16339e+06
18  13  4.1103e+06
18  14  424958
18  15  7.42475e+06
18  16  1.41266e+07
18  17  8.24335e+06
18  18  5.86417e+06
18  19  5.31326e+06
18  20  6.7108e+06
18  21  7.92323e+06
18  22  6.00822e+06
18  23  0
18  24  0
18  25  9.58831e+06
18  26  0
18  27  4.58176e+06
18  28  1.0917e+07
18  29  1.25906e+07
18  30  0
18  31  1.45771e+07
18  32  1.29716e+07
18  33  2.57014e+07
18  34  1.5785e+07
18  35  5.01847e+06
18  36  1.57784e+07
18  37  1.13881e+07
18  38  7.08778e+06
18  39  1.49972e+07
18  40  1.34605e+07
18  41  1.20236e+07
18  42  0
18  43  1.31896e+07
18  44  1.34466e+07
18  45  1.73237e+06
18  46  1.43309e+07
18  47  2.56618e+06
18  48  2.0131e+07
18  49  4.86355e+06
18  50  5.49663e+06
18  51  1.30554e+07
18  52  4.49656e+06
18  53  1.03344e+07
18  54  1.16243e+07
18  55  5.22676e+06
18  56  1.26067e+07
18  57  7.40496e+06
18  58  9.82906e+06
18  59  7.80722e+06
18  60  9.11389e+06
18  61  8.4756e+06
18  62  4.53617e+06
18  63  4.83814e+06
18  64  1.4649e+07
18  65  7.11006e+06
18  66  7.03472e+06
18  67  2.49019e+06
19  0  0
19  1  4.77814e+06
19  2  1.33054e+07
19  3  2.52204e+06
19  4  1.12548e+07
19  5  0
19  6  2.77314e+06
19  7  7.80678e+06
19  8  4.72469e+06
19  9  5.76711e+06
19  10  9.27166e+06
19  11  7.51397e+06
19  12  7.09252e+06
19  13  8.81445e+06
19  14  8.54648e+06
19  15  1.16631e+07
19  16  1.09159e+07
19  17  4.73618e+06
19  18  5.67267e+06
19  19  0
19  20  5.27516e+06
19  21  6.94357e+06
19  22  1.28661e+07
19  23  1.64922e+06
19  24  1.4576e+07
19  25  0
19  26  1.15652e+07
19  27  1.07728e+07
19  28  0
19  29  0
19  30  0
19  31  1.05736e+07
19  32  1.99807e+07
19  33  1.35937e+07
19  34  2.05875e+07
19  35  1.23079e+07
19  36  1.40475e+07
19  37  0
19  38  1.48456e+07
19  39  5.51951e+06
19  40  0
19  41  1.0105e+07
19  42  1.82641e+07
19  43  1.37047e+07
19  44  8.64631e+06
19  45  3.72877e+06
19  46  3.47495e+06
19  47  1.24553e+07
19  48  0
19  49  5.42614e+06
19  50  4.18378e+06
19  51  1.3821e+07
19  52  1.56862e+07
19  53  0
19  54  1.71276e+07
19  55  389518
19  56  9.8096e+06
19  57  1.11917e+07
19  58  562645
19  59  1.97786e+07
19  60  7.04925e+06
19  61  1.37319e+07
19  62  6.06114e+06
19  63  6.54339e+06
19  64  6.5607e+06
19  65  9.16005e+06
19  66  4.27873e+06
19  67  1.13573e+07
20  0  2.8405e+06
20  1  0
20  2  9.72842e+06
20  3  6.6734e+06
20  4  814390
20  5  1.00976e+07
20  6  5.72461e+06
20  7  4.61654e+06
20  8  1.54342e+07
20  9  1.73787e+07
20  10  1.38881e+07
20  11  6.91822e+06
20  12  1.22337e+07
20  13  0
20  14  5.39807e+06
20  15  6.81813e+06
20  16  1.24978e+07
20  17  4.07711e+06
20  18  8.81207e+06
20  19  1.56723e+07
20  20  5.79144e+06
20  21  3.07142e+06
20  22  6.23484e+06
20  23  1.1397e+07
20  24  7.81416e+06
20  25  9.03636e+06
20  26  1.49294e+07
20  27  9.56424e+06
20  28  7.73875e+06
20  29  0
20  30  0
20  31  6.71359e+06
20  32  2.0356e+07
20  33  1.60867e+07
20  34  1.96751e+07
20  35  7.23159e+06
20  36  5.48886e+06
20  37  9.21533e+06
20  38  0
20  39  4.15887e+06
20  40  1.3763e+07
20  41  0
20  42  1.15295e+07
20  43  9.1467e+06
20  44  1.34521e+07
20  45  9.46908e+06
20  46  0
20  47  9.41741e+06
20  48  3.87343e+06
20  49  0
20  50  6.25588e+06
20  51  1.00528e+07
20  52  3.169e+06
20  53  0
20  54  0
20  55  1.1033e+07
20  56  4.73617e+06
20  57  7.06528e+06
20  58  4.77022e+06
20  59  2.53773e+06
20  60  1.46252e+07
20  61  0
20  62  8.71409e+06
20  63  0
20  64  9.32469e+06
20  65  4.93702e+06
20  66  618499
20  67  7.68141e+06
21  0  4.66342e+06
21  1  4.41455e+06
21  2  3.73995e+06
21  3  8.31861e+06
21  4  9.73108e+06
21  5  1.40325e+06
21  6  8.80506e+06
21  7  1.28392e+06
21  8  7.26943e+06
21  9  5.46659e+06
21  10  7.13847e+06
21  11  5.73964e+06
21  12  8.31204e+06
21  13  1.61807e+07
21  14  0
21  15  7.44304e+06
21  16  6.41379e+06
21  17  6.36345e+06
21  18  3.45053e+06
21  19  8.40235e+06
21  20  5.38508e+06
21  21  4.22273e+06
21  22  0
21  23  5.13455e+06
21  24  2.28119e+06
21  25  9.04012e+06
21  26  1.02121e+07
21  27  8.7869e+06
21  28  8.32763e+06
21  29  1.07859e+07
21  30  6.61517e+06
21  31  8.70917e+06
21  32  5.59816e+06
21  33  1.54254e+07
21  34  1.0163e+07
21  35  8.85781e+06
21  36  1.45598e+07
21  37  5.07855e+06
21  38  0
21  39  8.7761e+06
21  40  7.59463e+06
21  41  7.71491e+06
21  42  1.23271e+07
21  43  2.82197e+06
21  44  1.18767e+07
21  45  8.79106e+06
21  46  5.34049e+06
21  47  4.70972e+06
21  48  1.70441e+07
21  49  921193
21  50  3.21549e+06
21  51  0
21  52  1.19873e+07
21  53  0
21  54  1.07324e+07
21  55  1.44291e+07
21  56  6.20207e+06
21  57  5.3912e+06
21  58  1.43432e+07
21  59  1.27022e+07
21  60  5.03522e+06
21  61  70940.6
21  62  8.43031e+06
21  63  4.82818e+06
21  64  5.55358e+06
21  65  5.29563e+06
21  66  6.9065e+06
21  67  6.56944e+06
22  0  1.2121e+07
22  1  1.2819e+07
22  2  1.68527e+06
22  3  1.13393e+07
22  4  216995
22  5  8.65316e+06
22  6  0
22  7  6.89811e+06
22  8  1.20108e+07
22  9  2.83318e+06
22  10  1.2402e+07
22  11  0
22  12  1.03164e+07
22  13  5.62604e+06
22  14  0
22  15  4.50344e+06
22  16  1.25828e+07
22  17  1.12698e+07
22  18  403752
22  19  1.40029e+07
22  20  0
22  21  8.82625e+06
22  22  7.31747e+06
22  23  0
22  24  3.91378e+06
22  25  0
22  26  9.58546e+06
22  27  1.09805e+06
22  28  6.73891e+06
22  29  9.53976e+06
22  30  6.95834e+06
22  31  1.03336e+07
22  32  1.12571e+07
22  33  1.09865e+07
22  34  1.79577e+07
22  35  1.46842e+07
22  36  7.62831e+06
22  37  1.18292e+07
22  38  9.43472e+06
22  39  1.1882e+07
22  40  3.99956e+06
22  41  1.23656e+07
22  42  0
22  43  5.00097e+06
22  44  2.88953e+06
22  45  5.78825e+06
22  46  7.31716e+06
22  47  4.51005e+06
22  48  8.52169e+06
22  49  4.42864e+06
22  50  3.65457e+06
22  51  5.42986e+06
22  52  5.32017e+06
22  53  4.07174e+06
22  54  8.48575e+06
22  55  0
22  56  1.17313e+07
22  57  7.86825e+06
22  58  6.4601e+06
22  59  9.05347e+06
22  60  7.30381e+06
22  61  0
22  62  7.17382e+06
22  63  1.107e+07
22  64  1.11989e+07
22  65  6.98402e+06
22  66  3.33706e+06
22  67  1.11253e+07
23  0  3.31494e+06
23  1  4.77712e+06
23  2  5.18417e+06
23  3  3.35541e+06
23  4  2.09234e+06
23  5  8.05151e+06
23  6  0
23  7  5.21009e+06
23  8  0
23  9  0
23  10  2.75838e+06
23  11  5.3211e+06
23  12  3.94436e+06
23  13  4.9621e+06
23  14  7.28643e+06
23  15  7.27801e+06
23  16  7.64563e+06
23  17  4.24659e+06
23  18  8.8429e+06
23  19  2.04364e+06
23  20  1.23881e+07
23  21  0
23  22  1.00635e+07
23  23  3.72476e+06
23  24  1.0446e+07
23  25  8.89698e+06
23  26  6.06916e+06
23  27  8.91409e+06
23  28  0
23  29  0
23  30  1.33129e+07
23  31  0
23  32  2.21374e+07
23  33  3.208e+07
23  34  1.83653e+07
23  35  1.22486e+07
23  36  0
23  37  1.00488e+07
23  38  1.17588e+07
23  39  8.29891e+06
23  40  8.77468e+06
23  41  0
23  42  7.43407e+06
23  43  1.00985e+07
23  44  0
23  45  0
23  46  8.78406e+06
23  47  2.40857e+06
23  48  1.01364e+07
23  49  4.42084e+06
23  50  0
23  51  1.17855e+06
23  52  1.25372e+07
23  53  7.57037e+06
23  54  0
23  55  9.13494e+06
23  56  0
23  57  0
23  58  0
23  59  9.0892e+06
23  60  8.73525e+06
23  61  1.18339e+07
23  62  6.824e+06
23  63  7.98406e+06
23  64  6.6537e+06
23  65  8.99573e+06
23  66  1.02298e+07
23  67  6.31904e+06
24  0  4.27378e+06
24  1  2.18544e+06
24  2  5.49219e+06
24  3  2.12504e+06
24  4  0
24  5  4.03648e+06
24  6  5.33152e+06
24  7  7.34766e+06
24  8  0
24  9  8.36545e+06
24  10  7.27515e+06
24  11  4.82794e+06
24  12  1.0159e+07
24  13  1.36585e+07
24  14  6.43148e+06
24  15  1.18136e+07
24  16  1.01435e+07
24  17  2.92809e+06
24  18  9.593e+06
24  19  1.11113e+07
24  20  2.53406e+06
24  21  2.86e+06
24  22  1.4357e+07
24  23  1.28568e+07
24  24  1.31294e+07
24  25  0
24  26  6.82749e+06
24  27  0
24  28  0
24  29  7.64415e+06
24  30  0
24  31  7.07115e+06
24  32  8.23765e+06
24  33  2.79935e+07
24  34  2.94873e+07
24  35  387127
24  36  1.34252e+07
24  37  0
24  38  0
24  39  1.21024e+07
24  40  9.16765e+06
24  41  1.54133e+07
24  42  5.92228e+06
24  43  1.15218e+07
24  44  5.67063e+06
24  45  9.56417e+06
24  46  0
24  47  1.28515e+07
24  48  3.59271e+06
24  49  405754
24  50  1.17469e+07
24  51  0
24  52  1.06868e+07
24  53  1.50269e+07
24  54  0
24  55  1.96897e+06
24  56  2.43756e+06
24  57  0
24  58  5.64688e+06
24  59  6.41274e+06
24  60  8.91595e+06
24  61  1.53241e+07
24  62  3.8812e+06
24  63  1.04111e+07
24  64  5.86174e+06
24  65  9.49749e+06
24  66  0
24  67  7.94129e+06
25  0  0
25  1  8.51407e+06
25  2  5.25196e+06
25  3  4.72245e+06
25  4  5.0019e+06
25  5  1.25853e+07
25  6  3.32926e+06
25  7  3.46221e+06
25  8  1.10293e+07
25  9  0
25  10  1.97988e+06
25  11  2.30418e+06
25  12  1.29604e+07
25  13  0
25  14  1.51393e+07
25  15  1.25032e+07
25  16  9.39239e+06
25  17  1.09278e+07
25  18  1.28559e+07
25  19  0
25  20  6.33348e+06
25  21  3.80723e+06
25  22  1.55065e+07
25  23  1.67767e+07
25  24  0
25  25  5.32107e+06
25  26  7.43246e+06
25  27  4.19514e+06
25  28  1.18769e+07
25  29  1.43262e+07
25  30  1.24176e+07
25  31  1.60342e+07
25  32  0
25  33  3.04914e+07
25  34  1.42033e+07
25  35  1.6019e+07
25  36  0
25  37  6.04356e+06
25  38  1.40089e+07
25  39  0
25  40  3.2434e+06
25  41  1.64691e+07
25  42  0
25  43  0
25  44  7.38906e+06
25  45  5.8808e+06
25  46  9.04872e+06
25  47  8.64104e+06
25  48  1.27572e+07
25  49  1.7094e+06
25  50  2.53246e+06
25  51  7.24466e+06
25  52  8.8915e+06
25  53  0
25  54  2.29673e+06
25  55  1.35205e+07
25  56  5.64512e+06
25  57  5.76176e+06
25  58  1.25639e+07
25  59  1.38504e+07
25  60  6.72878e+06
25  61  8.76308e+06
25  62  8.0889e+06
25  63  4.00434e+06
25  64  2.79799e+06
25  65  2.27713e+06
25  66  9.32449e+06
25  67  1.01907e+07
26  0  1.31481e+07
26  1  3.83485e+06
26  2  9.57395e+06
26  3  5.52992e+06
26  4  1.41659e+07
26  5  7.76678e+06
26  6  1.17041e+07
26  7  1.24614e+07
26  8  2.83339e+06
26  9  1.41656e+07
26  10  1.52123e+07
26  11  0
26  12  5.6496e+06
26  13  1.12374e+07
26  14  1.21388e+07
26  15  1.03793e+07
26  16  1.39052e+07
26  17  1.13644e+07
26  18  2.10235e+06
26  19  1.02023e+07
26  20  6.14382e+06
26  21  7.22435e+06
26  22  1.62181e+07
26  23  1.20371e+07
26  24  2.91119e+06
26  25  0
26  26  1.30896e+07
26  27  1.03653e+07
26  28  8.61015e+06
26  29  8.59422e+06
26  30  3.74045e+06
26  31  1.91937e+07
26  32  2.08198e+07
26  33  3.40396e+07
26  34  3.20258e+07
26  35  9.69795e+06
26  36  1.37625e+07
26  37  8.94336e+06
26  38  3.91822e+06
26  39  8.53322e+06
26  40  2.11536e+07
26  41  1.1486e+07
26  42  1.20845e+07
26  43  8.84444e+06
26  44  0
26  45  1.24876e+07
26  46  7.95959e+06
26  47  7.77757e+06
26  48  1.68682e+07
26  49  2.77581e+06
26  50  0
26  51  0
26  52  1.10317e+07
26  53  0
26  54  1.05096e+07
26  55  5.35935e+06
26  56  6.08985e+06
26  57  5.43625e+06
26  58  8.69575e+06
26  59  9.21458e+06
26  60  8.04544e+06
26  61  0
26  62  1.19757e+07
26  63  8.87977e+06
26  64  2.96059e+06
26  65  7.46484e+06
26  66  4.98087e+06
26  67  7.8874e+06
27  0  1.58815e+06
27  1  3.75246e+06
27  2  1.61256e+06
27  3  1.0015e+07
27  4  9.32604e+06
27  5  0
27  6  6.87176e+06
27  7  1.62125e+07
27  8  0
27  9  5.1493e+06
27  10  9.86394e+06
27  11  1.95431e+06
27  12  1.9107e+07
27  13  0
27  14  3.78682e+06
27  15  1.60308e+07
27  16  2.18644e+06
27  17  9.97757e+06
27  18  1.03355e+07
27  19  6.9711e+06
27  20  5.8242e+06
27  21  0
27  22  1.10609e+07
27  23  1.47559e+07
27  24  6.9739e+06
27  25  1.84013e+07
27  26  1.16655e+07
27  27  6.75538e+06
27  28  1.2929e+07
27  29  8.212e+06
27  30  9.07855e+06
27  31  1.01372e+07
27  32  0
27  33  2.51258e+07
27  34  3.13324e+07
27  35  1.27311e+07
27  36  1.01425e+07
27  37  9.41154e+06
27  38  1.71323e+07
27  39  1.36401e+07
27  40  0
27  41  9.851e+06
27  42  1.00033e+07
27  43  8.5575e+06
27  44  9.94488e+06
27  45  1.2111e+07
27  46  1.26123e+07
27  47  3.51962e+06
27  48  1.61823e+07
27  49  1.05136e+07
27  50  7.70417e+06
27  51  0
27  52  1.44703e+07
27  53  1.37753e+07
27  54  4.758e+06
27  55  7.5653e+06
27  56  5.42746e+06
27  57  9.29784e+06
27  58  1.05031e+07
27  59  8.8589e+06
27  60  6.01842e+06
27  61  3.3128e+06
27  62  1.20587e+07
27  63  7.86504e+06
27  64  1.2381e+07
27  65  8.86533e+06
27  66  140239
27  67  6.85964e+06
28  0  1.29274e+07
28  1  2.67202e+06
28  2  9.19421e+06
28  3  3.27815e+06
28  4  8.83018e+06
28  5  7.77855e+06
28  6  0
28  7  1.3032e+07
28  8  0
28  9  3.79662e+06
28  10  1.75496e+07
28  11  208871
28  12  4.79053e+06
28  13  4.13103e+06
28  14  6.78567e+06
28  15  1.34118e+07
28  16  8.01095e+06
28  17  1.04901e+07
28  18  1.23506e+07
28  19  1.31775e+07
28  20  1.26608e+07
28  21  1.15718e+07
28  22  1.26811e+07
28  23  1.08806e+07
28  24  7.40843e+06
28  25  1.56743e+07
28  26  1.48226e+07
28  27  1.84937e+07
28  28  1.18066e+06
28  29  5.09376e+06
28  30  0
28  31  0
28  32  1.01045e+07
28  33  1.18876e+07
28  34  1.3528e+07
28  35  1.03742e+07
28  36  1.15442e+07
28  37  7.20058e+06
28  38  8.64288e+06
28  39  9.76669e+06
28  40  1.18728e+07
28  41  1.44157e+07
28  42  8.42719e+06
28  43  1.14432e+07
28  44  5.31417e+06
28  45  1.06768e+07
28  46  5.2718e+06
28  47  1.08231e+07
28  48  6.05268e+06
28  49  1.32199e+07
28  50  3.39853e+06
28  51  0
28  52  8.60742e+06
28  53  1.26706e+07
28  54  9.84178e+06
28  55  5.33435e+06
28  56  1.02459e+07
28  57  7.47434e+06
28  58  479988
28  59  1.27332e+07
28  60  7.84357e+06
28  61  1.62881e+07
28  62  1.45075e+07
28  63  1.19993e+07
28  64  8.87881e+06
28  65  4.90968e+06
28  66  0
28  67  1.25735e+07
29  0  7.87671e+06
29  1  4.00655e+06
29  2  1.35717e+07
29  3  8.61464e+06
29  4  0
29  5  0
29  6  242471
29  7  4.55668e+06
29  8  1.11981e+07
29  9  0
29  10  9.69441e+06
29  11  1.48932e+07
29  12  1.09261e+07
29  13  321296
29  14  1.23585e+07
29  15  9.97761e+06
29  16  6.80812e+06
29  17  6.97461e+06
29  18  1.71264e+07
29  19  7.58078e+06
29  20  900819
29  21  9.4908e+06
29  22  7.06677e+06
29  23  9.59989e+06
29  24  1.53845e+07
29  25  1.47811e+07
29  26  4.85652e+06
29  27  1.0556e+07
29  28  8.55095e+06
29  29  1.47859e+07
29  30  0
29  31  0
29  32  7.04428e+06
29  33  1.90879e+07
29  34  1.83702e+06
29  35  9.01223e+06
29  36  2.27151e+06
29  37  5.97914e+06
29  38  2.5236e+06
29  39  9.34173e+06
29  40  7.60332e+06
29  41  1.34354e+07
29  42  6.73659e+06
29  43  4.98259e+06
29  44  1.13744e+07
29  45  8.75662e+06
29  46  7.89296e+06
29  47  1.20662e+07
29  48  9.97849e+06
29  49  1.0202e+07
29  50  9.23243e+06
29  51  6.5864e+06
29  52  1.23604e+07
29  53  8.31816e+06
29  54  9.84924e+06
29  55  0
29  56  0
29  57  9.73437e+06
29  58  8.67977e+06
29  59  8.39344e+06
29  60  1.52701e+07
29  61  1.04811e+07
29  62  5.3836e+06
29  63  0
29  64  0
29  65  6.54012e+06
29  66  6.31786e+06
29  67  3.71913e+06
30  0  0
30  1  0
30  2  0
30  3  1.22621e+07
30  4  8.05791e+06
30  5  0
30  6  1.16978e+07
30  7  7.53698e+06
30  8  5.03013e+06
30  9  2.92873e+06
30  10  0
30  11  4.56464e+06
30  12  1.93574e+07
30  13  1.0174e+07
30  14  1.30514e+07
30  15  0
30  16  0
30  17  1.85624e+06
30  18  0
30  19  4.94633e+06
30  20  8.62037e+06
30  21  1.0995e+07
30  22  9.99277e+06
30  23  6.93055e+06
30  24  1.35872e+07
30  25  7.07647e+06
30  26  0
30  27  1.76389e+07
30  28  1.36009e+07
30  29  0
30  30  4.08254e+06
30  31  9.19532e+06
30  32  1.84851e+07
30  33  1.99469e+07
30  34  1.74555e+07
30  35  0
30  36  6.2811e+06
30  37  7.09988e+06
30  38  6.40485e+06
30  39  1.6229e+07
30  40  1.25435e+07
30  41  1.04358e+07
30  42  1.41306e+07
30  43  9.56423e+06
30  44  1.30613e+07
30  45  4.50715e+06
30  46  6.22119e+06
30  47  2.16743e+07
30  48  1.16271e+07
30  49  1.17784e+07
30  50  5.39856e+06
30  51  8.25035e+06
30  52  1.04127e+07
30  53  6.30827e+06
30  54  1.12814e+07
30  55  1.07642e+07
30  56  0
30  57  1.25344e+06
30  58  1.00424e+07
30  59  1.65776e+07
30  60  5.08795e+06
30  61  9.25595e+06
30  62  4.50132e+06
30  63  1.6873e+07
30  64  9.69555e+06
30  65  2.41694e+06
30  66  1.1856e+07
30  67  8.55556e+06
31  0  5.33631e+06
31  1  8.75771e+06
31  2  4.21337e+06
31  3  7.18194e+06
31  4  2.63567e+06
31  5  6.26242e+06
31  6  1.9634e+06
31  7  1.2754e+07
31  8  0
31  9  1.71751e+07
31  10  1.36115e+07
31  11  0
31  12  0
31  13  9.52039e+06
31  14  0
31  15  8.91439e+06
31  16  1.507e+06
31  17  5.58704e+06
31  18  2.03297e+07
31  19  0
31  20  1.927e+07
31  21  1.07437e+07
31  22  2.21567e+07
31  23  1.01697e+07
31  24  3.85686e+06
31  25  1.06283e+07
31  26  9.45561e+06
31  27  1.83358e+07
31  28  0
31  29  0
31  30  1.14795e+07
31  31  1.59151e+07
31  32  1.3617e+07
31  33  1.53461e+07
31  34  1.80534e+07
31  35  0
31  36  1.36831e+07
31  37  1.11825e+07
31  38  1.24075e+07
31  39  0
31  40  9.05017e+06
31  41  1.03394e+07
31  42  1.32155e+07
31  43  2.1755e+06
31  44  7.55534e+06
31  45  1.10222e+07
31  46  9.76194e+06
31  47  1.26897e+07
31  48  406675
31  49  9.10321e+06
31  50  613932
31  51  0
31  52  6.70796e+06
31  53  1.41731e+07
31  54  1.31676e+07
31  55  9.6557e+06
31  56  6.05585e+06
31  57  0
31  58  3.58423e+06
31  59  5.11321e+06
31  60  9.20926e+06
31  61  0
31  62  2.26787e+07
31  63  4.03064e+06
31  64  0
31  65  1.23742e+07
31  66  1.06924e+07
31  67  8.09541e+06
32  0  0
32  1  1.10326e+07
32  2  4.62671e+06
32  3  4.69391e+06
32  4  9.68007e+06
32  5  1.44376e+07
32  6  0
32  7  8.87638e+06
32  8  1.40827e+06
32  9  1.64995e+07
32  10  405152
32  11  1.63396e+07
32  12  1.87472e+06
32  13  3.31589e+06
32  14  4.3526e+06
32  15  1.45357e+07
32  16  1.19968e+07
32  17  9.33924e+06
32  18  0
32  19  1.63834e+07
32  20  1.54334e+07
32  21  0
32  22  1.14533e+07
32  23  0
32  24  5.37774e+06
32  25  8.04417e+06
32  26  3.50153e+06
32  27  7.17391e+06
32  28  8.50131e+06
32  29  5.50691e+06
32  30  8.4889e+06
32  31  0
32  32  1.51123e+07
32  33  1.79855e+07
32  34  0
32  35  1.72361e+07
32  36  1.13861e+07
32  37  4.2571e+06
32  38  0
32  39  1.10411e+07
32  40  9.00147e+06
32  41  1.67382e+07
32  42  1.4083e+07
32  43  1.15563e+07
32  44  9.87986e+06
32  45  5.25564e+06
32  46  1.44645e+07
32  47  2.36898e+07
32  48  1.49103e+07
32  49  1.35453e+07
32  50  0
32  51  1.06033e+07
32  52  1.12137e+07
32  53  1.06487e+07
32  54  4.83859e+06
32  55  0
32  56  0
32  57  1.15497e+07
32  58  1.76416e+07
32  59  9.10339e+06
32  60  1.27672e+07
32  61  1.55548e+07
32  62  1.39894e+06
32  63  7.77471e+06
32  64  0
32  65  1.0577e+07
32  66  8.16139e+06
32  67  4.20435e+06
33  0  3.87377e+06
33  1  957118
33  2  7.3881e+06
33  3  7.62724e+06
33  4  5.40934e+06
33  5  292410
33  6  1.14776e+07
33  7  1.60473e+06
33  8  5.06262e+06
33  9  8.33368e+06
33  10  0
33  11  0
33  12  1.64499e+07
33  13  0
33  14  1.31487e+07
33  15  3.53395e+06
33  16  1.31355e+07
33  17  1.19688e+07
33  18  5.71393e+06
33  19  1.17849e+07
33  20  0
33  21  1.48772e+07
33  22  1.09374e+07
33  23  0
33  24  6.67582e+06
33  25  1.46366e+07
33  26  1.64248e+06
33  27  1.46599e+07
33  28  9.13986e+06
33  29  1.15155e+07
33  30  6.5279e+06
33  31  1.45961e+07
33  32  1.67452e+07
33  33  9.55273e+06
33  34  0
33  35  7.83524e+06
33  36  1.45308e+07
33  37  1.0338e+07
33  38  1.24343e+07
33  39  5.31601e+06
33  40  0
33  41  3.36101e+06
33  42  6.76383e+06
33  43  1.6829e+07
33  44  1.10558e+07
33  45  1.24997e+07
33  46  3.04474e+06
33  47  1.9274e+07
33  48  1.18174e+06
33  49  1.11039e+07
33  50  1.04895e+07
33  51  0
33  52  5.39372e+06
33  53  4.79993e+06
33  54  0
33  55  0
33  56  2.24989e+06
33  57  1.32469e+07
33  58  9.46111e+06
33  59  1.05937e+07
33  60  1.28951e+07
33  61  1.24058e+07
33  62  0
33  63  5.9265e+06
33  64  1.47338e+07
33  65  0
33  66  8.13143e+06
33  67  4.95245e+06
34  0  1.94731e+06
34  1  1.35208e+07
34  2  1.26687e+07
34  3  1.16505e+07
34  4  940873
34  5  1.80773e+07
34  6  5.42618e+06
34  7  8.39979e+06
34  8  6.15578e+06
34  9  0
34  10  0
34  11  934379
34  12  8.83427e+06
34  13  0
34  14  1.57207e+07
34  15  1.05852e+07
34  16  4.45607e+06
34  17  0
34  18  7.76136e+06
34  19  9.72143e+06
34  20  1.04722e+07
34  21  1.70383e+07
34  22  1.59513e+07
34  23  1.43957e+07
34  24  1.2209e+07
34  25  1.67583e+07
34  26  8.09822e+06
34  27  9.75597e+06
34  28  1.83955e+06
34  29  0
34  30  1.20733e+07
34  31  6.47798e+06
34  32  1.61248e+07
34  33  1.82344e+07
34  34  1.31179e+07
34  35  1.44525e+07
34  36  1.56487e+06
34  37  6.17069e+06
34  38  2.41161e+07
34  39  1.10386e+07
34  40  0
34  41  7.19058e+06
34  42  1.10824e+07
34  43  1.51331e+07
34  44  1.1475e+07
34  45  5.93055e+06
34  46  1.53388e+07
34  47  1.21622e+07
34  48  2.15719e+06
34  49  1.15258e+07
34  50  0
34  51  1.42436e+07
34  52  0
34  53  0
34  54  0
34  55  0
34  56  8.67038e+06
34  57  0
34  58  0
34  59  9.31533e+06
34  60  1.74549e+07
34  61  1.97836e+07
34  62  1.61038e+07
34  63  8.57638e+06
34  64  4.9252e+06
34  65  8.45254e+06
34  66  0
34  67  0
35  0  4.9527e+06
35  1  3.4687e+06
35  2  1.23008e+07
35  3  1.08592e+07
35  4  8.27273e+06
35  5  5.83998e+06
35  6  9.33507e+06
35  7  6.8155e+06
35  8  0
35  9  1.7818e+07
35  10  9.2455e+06
35  11  2.32932e+07
35  12  1.03999e+07
35  13  5.31165e+06
35  14  1.53121e+07
35  15  0
35  16  1.39159e+07
35  17  8.58871e+06
35  18  2.08021e+07
35  19  215854
35  20  1.74396e+07
35  21  1.4076e+07
35  22  1.29948e+07
35  23  0
35  24  0
35  25  6.66942e+06
35  26  9.25786e+06
35  27  0
35  28  0
35  29  1.55576e+07
35  30  7.19311e+06
35  31  8.16789e+06
35  32  1.51237e+07
35  33  8.71064e+06
35  34  1.56671e+07
35  35  1.31401e+07
35  36  1.62084e+07
35  37  6.40895e+06
35  38  8.81944e+06
35  39  1.06603e+07
35  40  7.17909e+06
35  41  0
35  42  0
35  43  7.21103e+06
35  44  6.65731e+06
35  45  1.04778e+07
35  46  8.5543e+06
35  47  5.62827e+06
35  48  0
35  49  0
35  50  0
35  51  8.1522e+06
35  52  0
35  53  7.27923e+06
35  54  9.91096e+06
35  55  0
35  56  1.78001e+07
35  57  9.7465e+06
35  58  7.77011e+06
35  59  0
35  60  8.9395e+06
35  61  7.78571e+06
35  62  2.07484e+07
35  63  4.46229e+06
35  64  8.23507e+06
35  65  1.53962e+07
35  66  8.83331e+06
35  67  9.78629e+06
36  0  2.83616e+06
36  1  3.29737e+06
36  2  8.4647e+06
36  3  1.30156e+07
36  4  7.62787e+06
36  5  2.45234e+06
36  6  5.57436e+06
36  7  1.00111e+07
36  8  0
36  9  1.39127e+07
36  10  1.99724e+07
36  11  0
36  12  0
36  13  1.25975e+07
36  14  1.05609e+07
36  15  0
36  16  0
36  17  8.44399e+06
36  18  1.6133e+07
36  19  1.89447e+07
36  20  1.54172e+07
36  21  6.98104e+06
36  22  1.92201e+07
36  23  1.06711e+07
36  24  6.27519e+06
36  25  0
36  26  0
36  27  1.26201e+07
36  28  1.0348e+07
36  29  1.03496e+07
36  30  879900
36  31  521308
36  32  8.81817e+06
36  33  5.42297e+06
36  34  1.63092e+07
36  35  0
36  36  4.46365e+06
36  37  1.16892e+07
36  38  1.66868e+07
36  39  0
36  40  9.29389e+06
36  41  0
36  42  1.17023e+07
36  43  5.68253e+06
36  44  4.05164e+06
36  45  9.75766e+06
36  46  9.78458e+06
36  47  1.44247e+07
36  48  1.06254e+07
36  49  1.49935e+07
36  50  0
36  51  1.62122e+07
36  52  6.62568e+06
36  53  9.10249e+06
36  54  0
36  55  8.86491e+06
36  56  1.52346e+07
36  57  2.34442e+06
36  58  8.24569e+06
36  59  6.34691e+06
36  60  9.99682e+06
36  61  4.98258e+06
36  62  1.70049e+07
36  63  1.02104e+07
36  64  0
36  65  1.45591e+07
36  66  1.49306e+07
36  67  7.25394e+06
37  0  3.43547e+06
37  1  2.73683e+06
37  2  9.44976e+06
37  3  0
37  4  1.41856e+07
37  5  1.64598e+07
37  6  1.13689e+07
37  7  9.78559e+06
37  8  1.30159e+07
37  9  1.04465e+07
37  10  1.63781e+07
37  11  1.77872e+07
37  12  1.14567e+07
37  13  4.89201e+06
37  14  1.45181e+07
37  15  1.45179e+07
37  16  0
37  17  3.33065e+06
37  18  1.06692e+07
37  19  1.5259e+07
37  20  1.26147e+07
37  21  1.52588e+07
37  22  4.11977e+06
37  23  6.87693e+06
37  24  0
37  25  1.11762e+07
37  26  6.04194e+06
37  27  1.37727e+07
37  28  1.18736e+07
37  29  4.53982e+06
37  30  6.58172e+06
37  31  0
37  32  1.17537e+07
37  33  2.19301e+07
37  34  1.12561e+07
37  35  2.36348e+07
37  36  0
37  37  1.42935e+07
37  38  9.46533e+06
37  39  1.20448e+07
37  40  2.14635e+07
37  41  1.32422e+07
37  42  6.54684e+06
37  43  0
37  44  9.40489e+06
37  45  1.18461e+07
37  46  1.01424e+07
37  47  6.81026e+06
37  48  4.97177e+06
37  49  1.00802e+07
37  50  8.94978e+06
37  51  1.18814e+07
37  52  1.90122e+07
37  53  3.92698e+06
37  54  8.16583e+06
37  55  1.95369e+06
37  56  6.55663e+06
37  57  9.31122e+06
37  58  1.5521e+07
37  59  1.46786e+07
37  60  1.55117e+07
37  61  0
37  62  6.79271e+06
37  63  9.42385e+06
37  64  1.84142e+07
37  65  7.06011e+06
37  66  6.5386e+06
37  67  1.70284e+07
38  0  5.81684e+06
38  1  2.70028e+06
38  2  1.28223e+07
38  3  7.68787e+06
38  4  1.16013e+07
38  5  1.53337e+07
38  6  6.52833e+06
38  7  9.36949e+06
38  8  1.76368e+07
38  9  1.79994e+07
38  10  1.05699e+07
38  11  1.42387e+07
38  12  6.27897e+06
38  13  1.33416e+07
38  14  1.79781e+07
38  15  9.58213e+06
38  16  1.08418e+07
38  17  0
38  18  3.05312e+06
38  19  0
38  20  1.03065e+07
38  21  2.15395e+07
38  22  0
38  23  1.28847e+07
38  24  1.65488e+07
38  25  0
38  26  8.25824e+06
38  27  1.68552e+07
38  28  1.49809e+07
38  29  1.6671e+07
38  30  1.37647e+07
38  31  1.34872e+07
38  32  8.89016e+06
38  33  0
38  34  2.03504e+07
38  35  1.18116e+07
38  36  1.38933e+07
38  37  1.07253e+07
38  38  3.94987e+06
38  39  1.21072e+07
38  40  1.21206e+07
38  41  0
38  42  1.44235e+07
38  43  1.25172e+07
38  44  4.66671e+06
38  45  5.62438e+06
38  46  1.39433e+07
38  47  1.29064e+07
38  48  1.31278e+07
38  49  1.32779e+07
38  50  8.69712e+06
38  51  1.23607e+07
38  52  6.28152e+06
38  53  1.64542e+07
38  54  8.18826e+06
38  55  6.62424e+06
38  56  3.34026e+06
38  57  5.65891e+06
38  58  1.66527e+07
38  59  2.13971e+06
38  60  1.63748e+07
38  61  2.08772e+07
38  62  1.65194e+07
38  63  1.40937e+07
38  64  0
38  65  1.79796e+07
38  66  5.67939e+06
38  67  1.16523e+07
39  0  0
39  1  1.17735e+07
39  2  1.18808e+07
39  3  3.31836e+06
39  4  3.1631e+06
39  5  7.84728e+06
39  6  1.13341e+07
39  7  1.97236e+07
39  8  9.11926e+06
39  9  1.31726e+07
39  10  1.93759e+07
39  11  1.83594e+07
39  12  1.56365e+07
39  13  1.77364e+07
39  14  1.0256e+07
39  15  2.32212e+07
39  16  1.48436e+07
39  17  0
39  18  0
39  19  0
39  20  1.72571e+07
39  21  2.04207e+07
39  22  1.86423e+07
39  23  9.76776e+06
39  24  1.27441e+07
39  25  9.06481e+06
39  26  1.48994e+07
39  27  0
39  28  7.56144e+06
39  29  1.00127e+07
39  30  1.3951e+07
39  31  1.3231e+07
39  32  1.32479e+07
39  33  8.23653e+06
39  34  7.30438e+06
39  35  1.21465e+07
39  36  1.18143e+07
39  37  1.00937e+07
39  38  7.74811e+06
39  39  5.59497e+06
39  40  1.41864e+07
39  41  1.82278e+07
39  42  0
39  43  9.97029e+06
39  44  1.00007e+07
39  45  7.83792e+06
39  46  1.56896e+07
39  47  1.12942e+07
39  48  0
39  49  4.46069e+06
39  50  1.31414e+07
39  51  1.19258e+07
39  52  0
39  53  5.02985e+06
39  54  9.89458e+06
39  55  1.1878e+07
39  56  1.11573e+07
39  57  1.14811e+07
39  58  0
39  59  1.0613e+07
39  60  2.22706e+07
39  61  1.0231e+07
39  62  0
39  63  0
39  64  4.26303e+06
39  65  1.20211e+07
39  66  1.0027e+07
39  67  0
40  0  9.34899e+06
40  1  0
40  2  0
40  3  7.68264e+06
40  4  0
40  5  7.41943e+06
40  6  4.90866e+06
40  7  7.32441e+06
40  8  1.243e+07
40  9  1.01325e+07
40  10  2.6704e+06
40  11  647891
40  12  624186
40  13  7.46542e+06
40  14  2.10777e+06
40  15  1.27021e+07
40  16  1.91834e+07
40  17  2.18976e+07
40  18  7.28218e+06
40  19  2.17084e+07
40  20  6.60204e+06
40  21  1.40862e+07
40  22  9.91178e+06
40  23  7.31237e+06
40  24  4.29124e+06
40  25  1.55769e+07
40  26  4.64614e+06
40  27  1.09487e+07
40  28  9.42867e+06
40  29  2.08087e+07
40  30  1.20297e+07
40  31  1.18358e+07
40  32  7.51197e+06
40  33  4.9072e+06
40  34  1.51724e+07
40  35  2.80918e+06
40  36  574200
40  37  9.03897e+06
40  38  1.19165e+07
40  39  0
40  40  1.45366e+06
40  41  0
40  42  6.88512e+06
40  43  1.46937e+07
40  44  7.58376e+06
40  45  1.48774e+06
40  46  1.15471e+07
40  47  8.9796e+06
40  48  0
40  49  9.54644e+06
40  50  8.87948e+06
40  51  7.72283e+06
40  52  1.86931e+07
40  53  1.14632e+07
40  54  0
40  55  1.02203e+07
40  56  1.08124e+06
40  57  2.38146e+06
40  58  1.33667e+07
40  59  6.57991e+06
40  60  0
40  61  1.14819e+07
40  62  0
40  63  1.41176e+07
40  64  6.65387e+06
40  65  9.25907e+06
40  66  6.08015e+06
40  67  1.20282e+07
41  0  0
41  1  1.33749e+07
41  2  8.68721e+06
41  3  6.46231e+06
41  4  7.87316e+06
41  5  0
41  6  1.30094e+07
41  7  8.4479e+06
41  8  2.57058e+07
41  9  2.06566e+07
41  10  1.65501e+07
41  11  1.51447e+07
41  12  1.78854e+07
41  13  2.5019e+07
41  14  8.58212e+06
41  15  8.88794e+06
41  16  2.23936e+07
41  17  1.3652e+07
41  18  1.54461e+07
41  19  9.90406e+06
41  20  0
41  21  9.57464e+06
41  22  1.90109e+07
41  23  4.18574e+06
41  24  7.69824e+06
41  25  7.19158e+06
41  26  1.20756e+06
41  27  1.18402e+07
41  28  1.583e+07
41  29  1.22673e+07
41  30  1.68118e+07
41  31  3.85318e+06
41  32  9.22305e+06
41  33  2.12622e+07
41  34  1.94302e+07
41  35  0
41  36  1.55896e+07
41  37  9.10908e+06
41  38  1.04786e+07
41  39  1.70586e+07
41  40  1.30925e+07
41  41  3.74637e+06
41  42  1.58931e+07
41  43  0
41  44  2.09026e+06
41  45  1.54947e+07
41  46  8.59029e+06
41  47  8.56558e+06
41  48  1.62898e+06
41  49  4.61763e+06
41  50  9.02517e+06
41  51  4.07104e+06
41  52  1.13748e+07
41  53  0
41  54  2.55621e+06
41  55  6.50925e+06
41  56  9.68805e+06
41  57  1.13854e+07
41  58  1.02551e+07
41  59  1.76869e+07
41  60  8.45591e+06
41  61  1.26371e+07
41  62  8.46636e+06
41  63  8.45079e+06
41  64  4.44952e+06
41  65  1.05391e+07
41  66  6.57247e+06
41  67  0
42  0  1.08771e+07
42  1  4.71893e+06
42  2  6.40857e+06
42  3  9.43544e+06
42  4  8.29296e+06
42  5  1.18495e+07
42  6  1.83803e+07
42  7  1.34463e+07
42  8  9.47854e+06
42  9  1.28305e+07
42  10  1.07882e+07
42  11  1.50089e+07
42  12  1.39573e+07
42  13  1.43855e+07
42  14  9.66412e+06
42  15  2.49896e+07
42  16  1.45336e+07
42  17  2.07404e+07
42  18  1.39076e+07
42  19  1.00543e+06
42  20  2.08744e+07
42  21  1.34102e+07
42  22  1.36491e+07
42  23  0
42  24  7.03197e+06
42  25  1.00388e+07
42  26  4.87583e+06
42  27  0
42  28  1.50306e+07
42  29  3.93482e+06
42  30  0
42  31  5.53088e+06
42  32  9.41384e+06
42  33  1.24888e+07
42  34  4.15743e+06
42  35  0
42  36  0
42  37  8.34939e+06
42  38  1.58529e+07
42  39  0
42  40  1.55014e+06
42  41  1.16828e+07
42  42  0
42  43  9.8846e+06
42  44  9.64241e+06
42  45  5.42928e+06
42  46  2.54372e+06
42  47  1.0789e+07
42  48  1.44956e+07
42  49  1.09584e+07
42  50  1.25945e+07
42  51  1.69904e+07
42  52  1.82683e+07
42  53  1.25928e+07
42  54  1.70738e+07
42  55  1.57615e+07
42  56  1.22419e+07
42  57  1.63101e+07
42  58  1.64919e+07
42  59  1.62236e+07
42  60  9.31714e+06
42  61  0
42  62  1.24749e+07
42  63  1.63146e+07
42  64  4.84519e+06
42  65  6.56379e+06
42  66  1.14956e+07
42  67  8.0269e+06
43  0  0
43  1  232960
43  2  1.29222e+07
43  3  1.40403e+07
43  4  1.17576e+07
43  5  7.47399e+06
43  6  138845
43  7  2.50599e+07
43  8  4.48831e+06
43  9  1.57374e+07
43  10  1.51877e+07
43  11  1.41068e+07
43  12  2.01831e+07
43  13  7.74058e+06
43  14  9.00652e+06
43  15  1.65307e+07
43  16  9.97789e+06
43  17  1.68248e+07
43  18  1.36402e+07
43  19  1.3932e+07
43  20  0
43  21  9.5948e+06
43  22  1.31948e+07
43  23  1.00452e+07
43  24  1.33287e+07
43  25  1.3749e+07
43  26  7.88969e+06
43  27  1.12406e+07
43  28  1.3303e+07
43  29  1.34922e+07
43  30  252758
43  31  6.9712e+06
43  32  7.85307e+06
43  33  7.75972e+06
43  34  7.70724e+06
43  35  9.66979e+06
43  36  5.06127e+06
43  37  1.20806e+07
43  38  6.8704e+06
43  39  1.57862e+07
43  40  0
43  41  1.82321e+07
43  42  9.78698e+06
43  43  1.07634e+06
43  44  8.93053e+06
43  45  8.31433e+06
43  46  0
43  47  1.34115e+07
43  48  7.45333e+06
43  49  1.123e+07
43  50  9.13417e+06
43  51  1.15987e+07
43  52  0
43  53  9.57721e+06
43  54  0
43  55  0
43  56  4.78499e+06
43  57  2.0509e+07
43  58  2.181e+07
43  59  6.64914e+06
43  60  0
43  61  1.70267e+07
43  62  4.3008e+06
43  63  9.40947e+06
43  64  1.17572e+07
43  65  1.2769e+07
43  66  7.12825e+06
43  67  1.42117e+07
44  0  1.66425e+07
44  1  6.66303e+06
44  2  1.09257e+07
44  3  3.85337e+06
44  4  1.26537e+07
44  5  1.08224e+07
44  6  1.37506e+07
44  7  1.78517e+07
44  8  2.17245e+07
44  9  5.64038e+06
44  10  1.51932e+07
44  11  2.1739e+06
44  12  2.51441e+07
44  13  1.05451e+07
44  14  1.34672e+07
44  15  1.45925e+07
44  16  1.07819e+07
44  17  1.87832e+07
44  18  2.28967e+07
44  19  1.10549e+07
44  20  2.26726e+07
44  21  2.2955e+07
44  22  1.49606e+07
44  23  1.84232e+07
44  24  9.18979e+06
44  25  1.54798e+07
44  26  1.31652e+07
44  27  5.10792e+06
44  28  2.88523e+07
44  29  1.4374e+07
44  30  1.22239e+07
44  31  4.8868e+06
44  32  0
44  33  1.36152e+07
44  34  9.7445e+06
44  35  1.59167e+07
44  36  1.61739e+07
44  37  4.29318e+06
44  38  1.45447e+07
44  39  1.19775e+07
44  40  3.03223e+06
44  41  6.86967e+06
44  42  3.49262e+06
44  43  8.42737e+06
44  44  1.23093e+07
44  45  0
44  46  0
44  47  1.66393e+07
44  48  5.88772e+06
44  49  7.39909e+06
44  50  0
44  51  1.11172e+07
44  52  1.12239e+07
44  53  1.27601e+07
44  54  7.10447e+06
44  55  0
44  56  3.66435e+06
44  57  1.23514e+07
44  58  8.08154e+06
44  59  1.09779e+07
44  60  1.32069e+07
44  61  8.3442e+06
44  62  1.38247e+06
44  63  1.43708e+07
44  64  1.49261e+07
44  65  1.49892e+07
44  66  6.48854e+06
44  67  1.69087e+07
45  0  7.13987e+06
45  1  1.18449e+07
45  2  2.41199e+07
45  3  3.72864e+06
45  4  5.79187e+06
45  5  9.85323e+06
45  6  5.49292e+06
45  7  8.94912e+06
45  8  2.86756e+07
45  9  0
45  10  3.61376e+06
45  11  7.30593e+06
45  12  1.47508e+07
45  13  1.86929e+07
45  14  0
45  15  2.05012e+07
45  16  1.05657e+07
45  17  2.00155e+07
45  18  2.40988e+07
45  19  1.3843e+07
45  20  7.09242e+06
45  21  1.53295e+07
45  22  4.28114e+06
45  23  1.33537e+07
45  24  1.65085e+07
45  25  2.21167e+07
45  26  1.25218e+07
45  27  7.51104e+06
45  28  7.56281e+06
45  29  1.68632e+07
45  30  7.61869e+06
45  31  2.56883e+06
45  32  1.21596e+07
45  33  1.53818e+07
45  34  1.31723e+07
45  35  1.07084e+07
45  36  7.99288e+06
45  37  1.42129e+07
45  38  4.93003e+06
45  39  0
45  40  1.11936e+07
45  41  0
45  42  1.48904e+07
45  43  8.75791e+06
45  44  5.17742e+06
45  45  1.46365e+06
45  46  1.29835e+07
45  47  0
45  48  1.15304e+07
45  49  1.00111e+07
45  50  1.25524e+07
45  51  7.15601e+06
45  52  1.08106e+07
45  53  8.85266e+06
45  54  1.39291e+06
45  55  0
45  56  4.93162e+06
45  57  7.89586e+06
45  58  0
45  59  1.46111e+07
45  60  0
45  61  1.16749e+07
45  62  1.05835e+07
45  63  2.23556e+07
45  64  8.85757e+06
45  65  7.2491e+06
45  66  1.39853e+07
45  67  2.07938e+07
46  0  0
46  1  1.44039e+07
46  2  0
46  3  9.55398e+06
46  4  1.6192e+07
46  5  5.79e+06
46  6  2.11419e+07
46  7  1.62819e+07
46  8  1.6896e+07
46  9  2.9942e+06
46  10  8.95447e+06
46  11  2.80749e+07
46  12  1.17966e+07
46  13  1.53544e+07
46  14  0
46  15  2.52954e+07
46  16  2.08102e+07
46  17  7.82604e+06
46  18  1.75828e+07
46  19  1.84563e+07
46  20  1.46681e+07
46  21  1.25496e+07
46  22  1.54418e+07
46  23  1.44942e+07
46  24  0
46  25  1.64342e+07
46  26  3.31393e+06
46  27  0
46  28  1.03696e+06
46  29  1.14663e+07
46  30  1.3704e+07
46  31  2.59301e+06
46  32  1.47231e+07
46  33  9.1442e+06
46  34  6.24791e+06
46  35  0
46  36  1.77692e+07
46  37  0
46  38  5.82849e+06
46  39  1.11143e+07
46  40  1.46396e+07
46  41  7.52364e+06
46  42  0
46  43  698751
46  44  9.24498e+06
46  45  3.41329e+06
46  46  8.78946e+06
46  47  8.87871e+06
46  48  0
46  49  0
46  50  0
46  51  0
46  52  0
46  53  8.0377e+06
46  54  1.14599e+07
46  55  4.55784e+06
46  56  1.49691e+06
46  57  4.49991e+06
46  58  3.36406e+06
46  59  1.30351e+07
46  60  1.16266e+07
46  61  0
46  62  3.73167e+06
46  63  9.75822e+06
46  64  1.17333e+06
46  65  9.79812e+06
46  66  0
46  67  8.29519e+06
47  0  1.5083e+07
47  1  0
47  2  1.48052e+07
47  3  2.59211e+07
47  4  2.27581e+07
47  5  1.17737e+07
47  6  1.92314e+07
47  7  1.1434e+07
47  8  9.88465e+06
47  9  0
47  10  1.02424e+07
47  11  0
47  12  1.27697e+07
47  13  2.24602e+07
47  14  1.4361e+07
47  15  2.31026e+07
47  16  1.58152e+07
47  17  9.68189e+06
47  18  1.64867e+07
47  19  1.56254e+06
47  20  8.94746e+06
47  21  416473
47  22  7.22386e+06
47  23  9.13867e+06
47  24  1.87555e+07
47  25  1.59478e+07
47  26  6.99705e+06
47  27  8.36846e+06
47  28  2.17624e+07
47  29  2.14321e+06
47  30  6.51102e+06
47  31  1.12692e+07
47  32  1.13474e+07
47  33  2.16182e+07
47  34  7.8383e+06
47  35  1.3235e+06
47  36  1.35383e+07
47  37  1.10239e+06
47  38  742885
47  39  3.22397e+06
47  40  4.29763e+06
47  41  847544
47  42  1.56917e+07
47  43  7.08921e+06
47  44  1.64514e+07
47  45  1.00572e+07
47  46  8.998e+06
47  47  7.9871e+06
47  48  7.69107e+06
47  49  9.33862e+06
47  50  8.50794e+06
47  51  1.21038e+07
47  52  352543
47  53  1.25441e+07
47  54  1.23821e+07
47  55  1.37054e+07
47  56  9.44138e+06
47  57  1.40023e+07
47  58  1.53635e+07
47  59  2.02641e+07
47  60  7.08933e+06
47  61  1.6926e+07
47  62  2.7425e+06
47  63  2.79349e+06
47  64  1.80904e+07
47  65  7.63296e+06
47  66  1.08033e+07
47  67  9.01181e+06

