row  column  (images_1_region2.edf P-K*images_1_region2.edf Ar-K**2.3)
0  0  0
0  1  0
0  2  0
0  3  789336
0  4  0
0  5  0
0  6  0
0  7  0
0  8  0
0  9  0
0  10  0
0  11  665977
0  12  0
0  13  0
0  14  0
0  15  0
0  16  0
0  17  0
0  18  0
0  19  0
0  20  0
0  21  0
0  22  0
0  23  0
0  24  0
0  25  0
0  26  616750
0  27  741030
0  28  0
0  29  0
0  30  0
0  31  994952
0  32  0
0  33  82139
0  34  445376
0  35  0
0  36  0
0  37  1.56921e+06
0  38  4.76507e+06
0  39  0
0  40  71673.3
0  41  0
0  42  1.22462e+06
0  43  1.90618e+06
0  44  0
0  45  4.3559e+06
0  46  405524
0  47  0
0  48  2.51904e+06
0  49  1.62323e+06
0  50  794763
0  51  0
0  52  0
0  53  766208
0  54  0
0  55  0
0  56  906105
0  57  1.07121e+06
0  58  0
0  59  1.15635e+06
0  60  0
0  61  0
0  62  207615
0  63  4.20544e+06
0  64  0
0  65  0
0  66  0
0  67  0
1  0  0
1  1  23536.2
1  2  0
1  3  0
1  4  0
1  5  1.32842e+06
1  6  0
1  7  497744
1  8  684279
1  9  0
1  10  0
1  11  0
1  12  0
1  13  0
1  14  0
1  15  0
1  16  522721
1  17  0
1  18  0
1  19  288589
1  20  67722
1  21  0
1  22  0
1  23  0
1  24  0
1  25  0
1  26  290689
1  27  1.24256e+06
1  28  0
1  29  0
1  30  0
1  31  0
1  32  0
1  33  0
1  34  2.26927e+06
1  35  0
1  36  0
1  37  2.23316e+06
1  38  0
1  39  45960.6
1  40  1.1078e+06
1  41  3.39077e+06
1  42  1.71492e+06
1  43  0
1  44  3.31233e+06
1  45  68242.7
1  46  2.20087e+06
1  47  2.01648e+06
1  48  3.87815e+06
1  49  755753
1  50  1.44461e+06
1  51  4.1297e+06
1  52  0
1  53  782387
1  54  1.49973e+06
1  55  575743
1  56  691185
1  57  0
1  58  714143
1  59  375056
1  60  56013.4
1  61  1.32811e+06
1  62  0
1  63  123225
1  64  0
1  65  405234
1  66  1.17322e+06
1  67  0
2  0  0
2  1  0
2  2  78726
2  3  1.02739e+06
2  4  0
2  5  0
2  6  0
2  7  84846.4
2  8  549329
2  9  853074
2  10  0
2  11  252733
2  12  0
2  13  0
2  14  92196.6
2  15  1.20208e+06
2  16  282903
2  17  0
2  18  0
2  19  0
2  20  314638
2  21  0
2  22  737201
2  23  0
2  24  0
2  25  511284
2  26  1.55772e+06
2  27  1.12028e+06
2  28  0
2  29  0
2  30  0
2  31  0
2  32  1.18817e+06
2  33  0
2  34  0
2  35  0
2  36  0
2  37  0
2  38  0
2  39  1.98758e+06
2  40  0
2  41  0
2  42  0
2  43  138783
2  44  4.60327e+06
2  45  4.08677e+06
2  46  0
2  47  692404
2  48  573445
2  49  5.0791e+06
2  50  0
2  51  3.36273e+06
2  52  0
2  53  0
2  54  4.81159e+06
2  55  0
2  56  997949
2  57  0
2  58  3.95409e+06
2  59  1.13356e+06
2  60  0
2  61  0
2  62  650974
2  63  0
2  64  0
2  65  252506
2  66  0
2  67  110728
3  0  0
3  1  241168
3  2  0
3  3  192509
3  4  0
3  5  115234
3  6  11891.3
3  7  0
3  8  536207
3  9  0
3  10  0
3  11  0
3  12  0
3  13  25316.9
3  14  1.16243e+06
3  15  533169
3  16  0
3  17  0
3  18  383563
3  19  0
3  20  1.00131e+06
3  21  0
3  22  0
3  23  0
3  24  0
3  25  0
3  26  0
3  27  214635
3  28  0
3  29  0
3  30  0
3  31  0
3  32  0
3  33  3.08123e+06
3  34  0
3  35  0
3  36  0
3  37  2.65737e+06
3  38  1.21534e+06
3  39  1.44051e+06
3  40  4.95319e+06
3  41  0
3  42  0
3  43  2.24005e+06
3  44  400993
3  45  2.63191e+06
3  46  2.2564e+06
3  47  2.26888e+06
3  48  1.64644e+06
3  49  0
3  50  4.83973e+06
3  51  2.0311e+06
3  52  5.20425e+06
3  53  427495
3  54  3.52708e+06
3  55  0
3  56  6.13415e+06
3  57  0
3  58  3.42255e+06
3  59  2.50357e+06
3  60  814144
3  61  1.36083e+06
3  62  0
3  63  0
3  64  1.08209e+06
3  65  0
3  66  0
3  67  25483.3
4  0  0
4  1  0
4  2  0
4  3  0
4  4  166901
4  5  0
4  6  1.58377e+06
4  7  0
4  8  43706
4  9  993160
4  10  0
4  11  0
4  12  0
4  13  227220
4  14  70737.5
4  15  428802
4  16  289461
4  17  550227
4  18  0
4  19  0
4  20  797688
4  21  0
4  22  445993
4  23  0
4  24  0
4  25  0
4  26  407365
4  27  0
4  28  0
4  29  0
4  30  3.74324e+06
4  31  1.45655e+06
4  32  1.22315e+06
4  33  0
4  34  0
4  35  982311
4  36  4.43004e+06
4  37  0
4  38  2.5723e+06
4  39  0
4  40  1.86763e+06
4  41  1.29389e+06
4  42  0
4  43  4.45335e+06
4  44  2.99057e+06
4  45  273915
4  46  2.92239e+06
4  47  0
4  48  814295
4  49  3.15917e+06
4  50  411458
4  51  1.28118e+06
4  52  5.76372e+06
4  53  6.98458e+06
4  54  3.58498e+06
4  55  0
4  56  3.17909e+06
4  57  0
4  58  663183
4  59  52033.4
4  60  0
4  61  0
4  62  1.0794e+06
4  63  0
4  64  0
4  65  0
4  66  0
4  67  0
5  0  0
5  1  0
5  2  8921.19
5  3  0
5  4  0
5  5  720722
5  6  0
5  7  0
5  8  0
5  9  0
5  10  0
5  11  0
5  12  868788
5  13  1.15822e+06
5  14  0
5  15  962469
5  16  0
5  17  1.89732e+06
5  18  719948
5  19  0
5  20  156987
5  21  0
5  22  0
5  23  1.945e+06
5  24  0
5  25  565464
5  26  239034
5  27  147351
5  28  0
5  29  1.86524e+06
5  30  0
5  31  359482
5  32  745739
5  33  2.12877e+06
5  34  4.16707e+06
5  35  19287.1
5  36  3.18086e+06
5  37  1.16747e+06
5  38  0
5  39  27041.7
5  40  3.36139e+06
5  41  1.84565e+06
5  42  1.47318e+06
5  43  0
5  44  0
5  45  567746
5  46  0
5  47  4.48306e+06
5  48  0
5  49  5.05455e+06
5  50  0
5  51  2.20982e+06
5  52  2.46058e+06
5  53  2.67718e+06
5  54  3.36957e+06
5  55  1.30759e+06
5  56  2.83885e+06
5  57  0
5  58  1.68418e+06
5  59  0
5  60  0
5  61  440411
5  62  88418.4
5  63  0
5  64  0
5  65  0
5  66  1.16332e+06
5  67  407426
6  0  0
6  1  0
6  2  0
6  3  0
6  4  0
6  5  354667
6  6  0
6  7  0
6  8  0
6  9  1.31097e+06
6  10  0
6  11  0
6  12  0
6  13  0
6  14  0
6  15  2.95461e+06
6  16  63822.4
6  17  1.24791e+06
6  18  1.2327e+06
6  19  1.47303e+06
6  20  617538
6  21  0
6  22  775247
6  23  0
6  24  0
6  25  1.36238e+06
6  26  0
6  27  0
6  28  1.9885e+06
6  29  0
6  30  0
6  31  2.5803e+06
6  32  0
6  33  0
6  34  722565
6  35  0
6  36  0
6  37  0
6  38  708994
6  39  3.92919e+06
6  40  300392
6  41  0
6  42  4.52215e+06
6  43  1.18462e+06
6  44  2.2596e+06
6  45  7.18864e+06
6  46  2.00836e+06
6  47  2.25432e+06
6  48  4.87279e+06
6  49  2.58961e+06
6  50  5.48189e+06
6  51  6.09601e+06
6  52  2.20808e+06
6  53  1.02098e+06
6  54  7.25465e+06
6  55  8.67522e+06
6  56  0
6  57  3.35679e+06
6  58  2.58228e+06
6  59  511559
6  60  0
6  61  736003
6  62  1.44851e+06
6  63  0
6  64  0
6  65  0
6  66  0
6  67  0
7  0  2.34225e+06
7  1  710372
7  2  0
7  3  0
7  4  0
7  5  1.14113e+06
7  6  0
7  7  238499
7  8  892657
7  9  0
7  10  0
7  11  419519
7  12  0
7  13  0
7  14  789122
7  15  2.20027e+06
7  16  175045
7  17  1.35148e+06
7  18  354390
7  19  514604
7  20  767005
7  21  0
7  22  0
7  23  1.00453e+06
7  24  0
7  25  0
7  26  0
7  27  0
7  28  0
7  29  0
7  30  0
7  31  0
7  32  0
7  33  0
7  34  0
7  35  0
7  36  1.33248e+06
7  37  1.91563e+06
7  38  0
7  39  0
7  40  852385
7  41  668336
7  42  3.70768e+06
7  43  4.0093e+06
7  44  0
7  45  2.80343e+06
7  46  807508
7  47  1.42901e+06
7  48  1.11371e+07
7  49  9.46804e+06
7  50  4.53999e+06
7  51  197730
7  52  7.58944e+06
7  53  0
7  54  1.14129e+06
7  55  1.29198e+06
7  56  5.05018e+06
7  57  0
7  58  2.90865e+06
7  59  4.99533e+06
7  60  0
7  61  980890
7  62  0
7  63  1.57455e+06
7  64  0
7  65  0
7  66  778433
7  67  0
8  0  0
8  1  0
8  2  781833
8  3  972297
8  4  0
8  5  0
8  6  532895
8  7  65126.7
8  8  0
8  9  0
8  10  0
8  11  0
8  12  0
8  13  0
8  14  0
8  15  0
8  16  0
8  17  916013
8  18  0
8  19  0
8  20  1.54283e+06
8  21  652350
8  22  0
8  23  2.21201e+06
8  24  0
8  25  0
8  26  0
8  27  0
8  28  0
8  29  1.16886e+06
8  30  0
8  31  0
8  32  0
8  33  0
8  34  1.15831e+06
8  35  0
8  36  2.92781e+06
8  37  1.18527e+06
8  38  0
8  39  0
8  40  3.76075e+06
8  41  5.03735e+06
8  42  2.07732e+06
8  43  1.9903e+06
8  44  3.6763e+06
8  45  3.51928e+06
8  46  2.12077e+06
8  47  4.21632e+06
8  48  0
8  49  1.49797e+06
8  50  2.38111e+06
8  51  3.44232e+06
8  52  456555
8  53  1.26757e+06
8  54  3.73517e+06
8  55  1.42153e+06
8  56  4.19536e+06
8  57  0
8  58  2.36181e+06
8  59  967411
8  60  0
8  61  0
8  62  0
8  63  859577
8  64  0
8  65  0
8  66  541578
8  67  0
9  0  34773.7
9  1  111602
9  2  0
9  3  0
9  4  0
9  5  562250
9  6  361765
9  7  0
9  8  1.46241e+06
9  9  699699
9  10  282102
9  11  0
9  12  251210
9  13  0
9  14  1.82171e+06
9  15  2.77284e+06
9  16  2.85099e+06
9  17  2.09862e+06
9  18  1.94852e+06
9  19  0
9  20  0
9  21  2.10834e+06
9  22  0
9  23  400510
9  24  0
9  25  645362
9  26  0
9  27  0
9  28  0
9  29  0
9  30  0
9  31  0
9  32  2.15707e+06
9  33  0
9  34  213401
9  35  924109
9  36  3.66443e+06
9  37  0
9  38  2.6921e+06
9  39  0
9  40  3.17585e+06
9  41  4.05111e+06
9  42  0
9  43  2.55218e+06
9  44  4.12439e+06
9  45  6.58824e+06
9  46  936764
9  47  2.87609e+06
9  48  5.13074e+06
9  49  775373
9  50  2.94292e+06
9  51  0
9  52  2.82375e+06
9  53  5.54482e+06
9  54  1.92006e+06
9  55  3.32603e+06
9  56  1.22775e+06
9  57  1.23133e+06
9  58  2.59736e+06
9  59  0
9  60  0
9  61  456524
9  62  0
9  63  0
9  64  0
9  65  0
9  66  0
9  67  271386
10  0  0
10  1  428285
10  2  0
10  3  0
10  4  0
10  5  1.44041e+06
10  6  655507
10  7  1.71332e+06
10  8  0
10  9  0
10  10  0
10  11  0
10  12  0
10  13  0
10  14  1.119e+06
10  15  0
10  16  0
10  17  492732
10  18  3.4813e+06
10  19  1.85312e+06
10  20  3.62392e+06
10  21  0
10  22  2.63677e+06
10  23  38476.9
10  24  0
10  25  0
10  26  0
10  27  1.62709e+06
10  28  0
10  29  0
10  30  0
10  31  0
10  32  1.81301e+06
10  33  0
10  34  455240
10  35  0
10  36  0
10  37  1.79186e+06
10  38  0
10  39  6.18904e+06
10  40  5.87486e+06
10  41  5.24069e+06
10  42  6.31644e+06
10  43  5.28921e+06
10  44  0
10  45  6.23719e+06
10  46  4.55098e+06
10  47  6.89173e+06
10  48  0
10  49  3.83368e+06
10  50  6.76227e+06
10  51  2.83422e+06
10  52  3.7399e+06
10  53  1.8649e+06
10  54  4.77669e+06
10  55  3.97113e+06
10  56  5.261e+06
10  57  2.38979e+06
10  58  0
10  59  4.80109e+06
10  60  0
10  61  0
10  62  1.54326e+06
10  63  1.5966e+06
10  64  0
10  65  1.75352e+06
10  66  0
10  67  0
11  0  18069
11  1  1.27501e+06
11  2  0
11  3  692822
11  4  0
11  5  649843
11  6  0
11  7  0
11  8  370653
11  9  1.48031e+06
11  10  0
11  11  1.25616e+06
11  12  0
11  13  0
11  14  0
11  15  2.10762e+06
11  16  0
11  17  0
11  18  1.66004e+06
11  19  684371
11  20  0
11  21  1.89452e+06
11  22  0
11  23  0
11  24  395565
11  25  0
11  26  792114
11  27  450062
11  28  2.50457e+06
11  29  190622
11  30  645871
11  31  792384
11  32  2.80971e+06
11  33  0
11  34  3.22691e+06
11  35  3.21788e+06
11  36  1.05535e+06
11  37  0
11  38  2.7238e+06
11  39  2.95728e+06
11  40  9.74673e+06
11  41  2.30453e+06
11  42  2.47637e+06
11  43  8.20378e+06
11  44  5.0511e+06
11  45  3.60972e+06
11  46  190154
11  47  4.97483e+06
11  48  0
11  49  5.34339e+06
11  50  1.35159e+06
11  51  1.39696e+06
11  52  324830
11  53  694572
11  54  3.53303e+06
11  55  2.77388e+06
11  56  4.72521e+06
11  57  4.28718e+06
11  58  885003
11  59  0
11  60  526660
11  61  2.16986e+06
11  62  0
11  63  112695
11  64  0
11  65  0
11  66  0
11  67  0
12  0  0
12  1  0
12  2  0
12  3  0
12  4  0
12  5  0
12  6  0
12  7  0
12  8  389785
12  9  0
12  10  0
12  11  0
12  12  0
12  13  0
12  14  0
12  15  0
12  16  0
12  17  0
12  18  409961
12  19  0
12  20  1.25839e+06
12  21  0
12  22  1.32593e+06
12  23  1.3646e+06
12  24  4.65e+06
12  25  693774
12  26  1.672e+06
12  27  380914
12  28  0
12  29  2.06631e+06
12  30  0
12  31  3.34044e+06
12  32  0
12  33  285701
12  34  0
12  35  515074
12  36  0
12  37  0
12  38  726773
12  39  5.67356e+06
12  40  4.45355e+06
12  41  1.9447e+06
12  42  1.17762e+06
12  43  4.4083e+06
12  44  5.49419e+06
12  45  6.63955e+06
12  46  3.84116e+06
12  47  2.16696e+06
12  48  7.21596e+06
12  49  329064
12  50  537608
12  51  2.23407e+06
12  52  4.34142e+06
12  53  2.93408e+06
12  54  1.54377e+06
12  55  1.01338e+06
12  56  0
12  57  2.53573e+06
12  58  2.81361e+06
12  59  1.81832e+06
12  60  555135
12  61  0
12  62  0
12  63  1.31223e+06
12  64  0
12  65  0
12  66  0
12  67  0
13  0  0
13  1  60307.7
13  2  971603
13  3  1.90526e+06
13  4  0
13  5  0
13  6  872374
13  7  0
13  8  32298.8
13  9  1.45984e+06
13  10  1.85276e+06
13  11  0
13  12  0
13  13  0
13  14  0
13  15  880702
13  16  0
13  17  3.10064e+06
13  18  0
13  19  0
13  20  1.43624e+06
13  21  0
13  22  0
13  23  3.15328e+06
13  24  124840
13  25  1.15931e+06
13  26  0
13  27  4.5116e+06
13  28  0
13  29  115806
13  30  0
13  31  89753
13  32  1.43602e+06
13  33  1.47326e+06
13  34  0
13  35  482942
13  36  1.31841e+06
13  37  0
13  38  769511
13  39  22724.7
13  40  8.09253e+06
13  41  335196
13  42  2.91125e+06
13  43  6.09218e+06
13  44  2.21226e+06
13  45  1.79202e+06
13  46  5.94404e+06
13  47  5.97396e+06
13  48  5.1917e+06
13  49  2.35517e+06
13  50  0
13  51  2.29031e+06
13  52  0
13  53  1.04128e+06
13  54  264370
13  55  772228
13  56  1.22318e+06
13  57  2.11361e+06
13  58  3.62381e+06
13  59  0
13  60  618078
13  61  0
13  62  0
13  63  515180
13  64  771491
13  65  0
13  66  0
13  67  0
14  0  326070
14  1  0
14  2  0
14  3  0
14  4  0
14  5  0
14  6  0
14  7  0
14  8  0
14  9  0
14  10  0
14  11  0
14  12  0
14  13  101922
14  14  1.35534e+06
14  15  0
14  16  338994
14  17  1.92919e+06
14  18  1.1107e+06
14  19  0
14  20  1.84119e+06
14  21  400231
14  22  0
14  23  0
14  24  979376
14  25  0
14  26  0
14  27  0
14  28  0
14  29  0
14  30  741808
14  31  1.58251e+06
14  32  1.16342e+06
14  33  0
14  34  0
14  35  5.4787e+06
14  36  2.80782e+06
14  37  0
14  38  2.62552e+06
14  39  1.32436e+06
14  40  0
14  41  3.73125e+06
14  42  5.38827e+06
14  43  2.5726e+06
14  44  1.79987e+06
14  45  1.8277e+06
14  46  877207
14  47  207394
14  48  2.99743e+06
14  49  1.08324e+07
14  50  3.80918e+06
14  51  2.83959e+06
14  52  4.5521e+06
14  53  3.54695e+06
14  54  2.69147e+06
14  55  931555
14  56  0
14  57  0
14  58  4.36315e+06
14  59  1.99678e+06
14  60  1.86223e+06
14  61  0
14  62  0
14  63  0
14  64  0
14  65  0
14  66  0
14  67  0
15  0  0
15  1  0
15  2  914179
15  3  327437
15  4  0
15  5  1.25527e+06
15  6  0
15  7  0
15  8  784090
15  9  0
15  10  0
15  11  0
15  12  3.14016e+06
15  13  0
15  14  0
15  15  1.28341e+06
15  16  2.68206e+06
15  17  1.77665e+06
15  18  2.93031e+06
15  19  1.6395e+06
15  20  3.86509e+06
15  21  3.74e+06
15  22  1.17281e+06
15  23  0
15  24  1.67926e+06
15  25  2.15833e+06
15  26  0
15  27  0
15  28  2.02168e+06
15  29  4.29439e+06
15  30  5.35657e+06
15  31  0
15  32  2.80556e+06
15  33  0
15  34  0
15  35  0
15  36  0
15  37  3.00915e+06
15  38  0
15  39  918669
15  40  3.20321e+06
15  41  3.60199e+06
15  42  1.71105e+06
15  43  3.44556e+06
15  44  5.46311e+06
15  45  2.27674e+06
15  46  5.03393e+06
15  47  1.18842e+06
15  48  4.28661e+06
15  49  6.21822e+06
15  50  0
15  51  1.79616e+06
15  52  2.94811e+06
15  53  1.77298e+06
15  54  0
15  55  5.2807e+06
15  56  66819.1
15  57  2.6735e+06
15  58  939479
15  59  3.97097e+06
15  60  0
15  61  0
15  62  0
15  63  0
15  64  0
15  65  0
15  66  0
15  67  0
16  0  443932
16  1  0
16  2  0
16  3  0
16  4  0
16  5  254874
16  6  464769
16  7  3.63468e+06
16  8  0
16  9  1.31045e+06
16  10  1.41284e+06
16  11  0
16  12  0
16  13  1.33066e+06
16  14  0
16  15  802252
16  16  2.00458e+06
16  17  444200
16  18  0
16  19  305477
16  20  1.57329e+06
16  21  0
16  22  3.76392e+06
16  23  1.10248e+06
16  24  1.7916e+06
16  25  2.16582e+06
16  26  2.67619e+06
16  27  2.21199e+06
16  28  0
16  29  0
16  30  2.04863e+06
16  31  374533
16  32  0
16  33  1.25098e+06
16  34  1.76388e+06
16  35  566686
16  36  0
16  37  1.80701e+06
16  38  2.66415e+06
16  39  4.34891e+06
16  40  418573
16  41  425518
16  42  0
16  43  0
16  44  497960
16  45  5.85526e+06
16  46  9.22122e+06
16  47  3.91385e+06
16  48  4.35389e+06
16  49  5.63847e+06
16  50  2.64128e+06
16  51  4.10493e+06
16  52  2.94899e+06
16  53  2.67224e+06
16  54  2.99309e+06
16  55  0
16  56  0
16  57  0
16  58  1.32095e+06
16  59  4.97604e+06
16  60  453783
16  61  0
16  62  0
16  63  1.3479e+06
16  64  0
16  65  0
16  66  0
16  67  620179
17  0  0
17  1  756525
17  2  0
17  3  0
17  4  0
17  5  0
17  6  0
17  7  877390
17  8  1.80501e+06
17  9  2.60571e+06
17  10  0
17  11  3.13282e+06
17  12  149959
17  13  1.65691e+06
17  14  1.50015e+06
17  15  1.53715e+06
17  16  0
17  17  2.24182e+06
17  18  15696.2
17  19  730538
17  20  3.60048e+06
17  21  0
17  22  908731
17  23  332925
17  24  5.31092e+06
17  25  0
17  26  0
17  27  0
17  28  4.43124e+06
17  29  1.55821e+06
17  30  1.52335e+06
17  31  0
17  32  3.89418e+06
17  33  3.4317e+06
17  34  404176
17  35  0
17  36  2.1559e+06
17  37  2.96745e+06
17  38  2.33457e+06
17  39  0
17  40  2.51557e+06
17  41  3.41426e+06
17  42  1.31979e+06
17  43  4.38209e+06
17  44  6.97887e+06
17  45  2.12066e+06
17  46  3.41597e+06
17  47  4.3753e+06
17  48  7.63179e+06
17  49  5.3863e+06
17  50  0
17  51  2.82619e+06
17  52  1.88204e+06
17  53  0
17  54  0
17  55  2.03706e+06
17  56  1.41698e+06
17  57  0
17  58  1.37983e+06
17  59  0
17  60  0
17  61  0
17  62  0
17  63  0
17  64  0
17  65  0
17  66  0
17  67  0
18  0  65902.2
18  1  1.34629e+06
18  2  0
18  3  0
18  4  0
18  5  0
18  6  238090
18  7  303526
18  8  1.43968e+06
18  9  2.17178e+06
18  10  230296
18  11  0
18  12  994599
18  13  2.542e+06
18  14  700841
18  15  0
18  16  131520
18  17  1.49206e+06
18  18  6.38035e+06
18  19  746233
18  20  831507
18  21  2.02407e+06
18  22  627419
18  23  2.42024e+06
18  24  2.13161e+06
18  25  2.74655e+06
18  26  5.10956e+06
18  27  38871.8
18  28  0
18  29  0
18  30  2.27749e+06
18  31  0
18  32  0
18  33  4.80087e+06
18  34  831942
18  35  820578
18  36  851440
18  37  1.61278e+06
18  38  2.24267e+06
18  39  443594
18  40  1.85924e+06
18  41  1.95864e+06
18  42  3.2638e+06
18  43  0
18  44  5.54689e+06
18  45  1.40727e+06
18  46  6.07176e+06
18  47  27017.4
18  48  4.24341e+06
18  49  4.22074e+06
18  50  5.80112e+06
18  51  0
18  52  5.42717e+06
18  53  1.12832e+06
18  54  2.09711e+06
18  55  784777
18  56  0
18  57  0
18  58  0
18  59  0
18  60  0
18  61  403706
18  62  0
18  63  1.63518e+06
18  64  0
18  65  0
18  66  0
18  67  0
19  0  0
19  1  853761
19  2  0
19  3  1.47725e+06
19  4  443132
19  5  310288
19  6  190490
19  7  0
19  8  7.15747e+06
19  9  110031
19  10  1.08643e+06
19  11  56044.2
19  12  30654
19  13  4.67876e+06
19  14  0
19  15  3.25672e+06
19  16  4.23442e+06
19  17  6.93541e+06
19  18  1.11055e+06
19  19  2.13101e+06
19  20  2.78759e+06
19  21  447443
19  22  765030
19  23  185541
19  24  4.66564e+06
19  25  0
19  26  539605
19  27  156453
19  28  6.48512e+06
19  29  974590
19  30  0
19  31  2.42637e+06
19  32  2.39999e+06
19  33  54855.6
19  34  7.45291e+06
19  35  0
19  36  1.8068e+06
19  37  402157
19  38  0
19  39  0
19  40  6.59658e+06
19  41  845867
19  42  6.71726e+06
19  43  1.60659e+06
19  44  5.90401e+06
19  45  7.00818e+06
19  46  4.41905e+06
19  47  6.99295e+06
19  48  0
19  49  4.77758e+06
19  50  2.59344e+06
19  51  2.14376e+06
19  52  793751
19  53  3.70487e+06
19  54  7.37479e+06
19  55  4.54906e+06
19  56  0
19  57  314274
19  58  0
19  59  48935.7
19  60  0
19  61  2.19309e+06
19  62  1.6461e+06
19  63  0
19  64  132789
19  65  0
19  66  0
19  67  0
20  0  0
20  1  0
20  2  0
20  3  231738
20  4  0
20  5  1.98171e+06
20  6  137320
20  7  0
20  8  2.5325e+06
20  9  3.06355e+06
20  10  1.25631e+06
20  11  2.15229e+06
20  12  1.72253e+06
20  13  0
20  14  541394
20  15  0
20  16  3.73922e+06
20  17  990952
20  18  5.52041e+06
20  19  3.17873e+06
20  20  1.87032e+06
20  21  1.86126e+06
20  22  0
20  23  2.07653e+06
20  24  0
20  25  3.61241e+06
20  26  984330
20  27  1.07288e+06
20  28  1.80326e+06
20  29  1.82771e+06
20  30  4.63448e+06
20  31  0
20  32  2.42882e+06
20  33  661038
20  34  0
20  35  3.09261e+06
20  36  0
20  37  0
20  38  8.64155e+06
20  39  1.61732e+06
20  40  404722
20  41  2.4743e+06
20  42  2.02845e+06
20  43  2.92634e+06
20  44  0
20  45  3.25327e+06
20  46  2.13773e+06
20  47  2.24635e+06
20  48  6.5496e+06
20  49  5.84103e+06
20  50  0
20  51  3.88088e+06
20  52  2.27087e+06
20  53  3.8991e+06
20  54  437649
20  55  1.95685e+06
20  56  2.26285e+06
20  57  1.19948e+06
20  58  0
20  59  0
20  60  0
20  61  1.59006e+06
20  62  0
20  63  0
20  64  0
20  65  0
20  66  0
20  67  2.69634e+06
21  0  802435
21  1  173361
21  2  0
21  3  0
21  4  874268
21  5  30194.3
21  6  3.5129e+06
21  7  1.59332e+06
21  8  1.38972e+06
21  9  661185
21  10  0
21  11  330298
21  12  1.25812e+06
21  13  2.03397e+06
21  14  0
21  15  486173
21  16  3.1046e+06
21  17  3.23212e+06
21  18  2.4202e+06
21  19  5.16299e+06
21  20  484805
21  21  737994
21  22  0
21  23  2.16395e+06
21  24  0
21  25  2.98146e+06
21  26  0
21  27  468897
21  28  0
21  29  0
21  30  348681
21  31  824478
21  32  0
21  33  161856
21  34  1.34356e+06
21  35  808239
21  36  0
21  37  0
21  38  0
21  39  715972
21  40  2.92569e+06
21  41  2.91451e+06
21  42  2.03772e+06
21  43  5.00247e+06
21  44  3.26196e+06
21  45  2.06223e+06
21  46  2.55717e+06
21  47  6.36849e+06
21  48  6.41106e+06
21  49  572230
21  50  3.58732e+06
21  51  0
21  52  1.66749e+06
21  53  1.07065e+06
21  54  847900
21  55  0
21  56  0
21  57  106438
21  58  365228
21  59  0
21  60  0
21  61  2.38154e+06
21  62  0
21  63  0
21  64  0
21  65  47187.7
21  66  0
21  67  0
22  0  856830
22  1  2.40744e+06
22  2  377313
22  3  1.99601e+06
22  4  471562
22  5  0
22  6  1.89966e+06
22  7  4.1777e+06
22  8  4.49796e+06
22  9  3.15345e+06
22  10  3.94675e+06
22  11  3.19832e+06
22  12  3.77509e+06
22  13  1.69752e+06
22  14  2.2536e+06
22  15  7.02267e+06
22  16  1.26398e+06
22  17  2.50277e+06
22  18  2.49096e+06
22  19  3.6104e+06
22  20  8.08687e+06
22  21  0
22  22  1.20724e+06
22  23  6.40049e+06
22  24  1.90178e+06
22  25  885266
22  26  0
22  27  1.29175e+06
22  28  4.59533e+06
22  29  0
22  30  0
22  31  2.41878e+06
22  32  132165
22  33  3.48952e+06
22  34  0
22  35  902385
22  36  0
22  37  0
22  38  0
22  39  1.39755e+06
22  40  2.34826e+06
22  41  0
22  42  6.31219e+06
22  43  0
22  44  3.5868e+06
22  45  6.90249e+06
22  46  0
22  47  3.30159e+06
22  48  2.59977e+06
22  49  3.37325e+06
22  50  0
22  51  596710
22  52  2.17416e+06
22  53  4.52069e+06
22  54  3.69248e+06
22  55  0
22  56  0
22  57  0
22  58  1.07536e+06
22  59  37653.9
22  60  256489
22  61  0
22  62  0
22  63  0
22  64  0
22  65  0
22  66  0
22  67  0
23  0  0
23  1  502639
23  2  0
23  3  2.24905e+06
23  4  0
23  5  0
23  6  4.10426e+06
23  7  5.24315e+06
23  8  1.48395e+06
23  9  0
23  10  751645
23  11  883243
23  12  3.96211e+06
23  13  0
23  14  6.1222e+06
23  15  1.99139e+06
23  16  3.07033e+06
23  17  0
23  18  8.22488e+06
23  19  2.18444e+06
23  20  1.01976e+07
23  21  1.96145e+06
23  22  4.23866e+06
23  23  397095
23  24  410556
23  25  7.18546e+06
23  26  2.97592e+06
23  27  0
23  28  1.40928e+06
23  29  1.84147e+06
23  30  1.03432e+06
23  31  0
23  32  0
23  33  0
23  34  0
23  35  0
23  36  0
23  37  1.93339e+06
23  38  0
23  39  5.70714e+06
23  40  5.25787e+06
23  41  4.38716e+06
23  42  1.00301e+06
23  43  2.4093e+06
23  44  2.45804e+06
23  45  3.09565e+06
23  46  1.76317e+06
23  47  0
23  48  6.67858e+06
23  49  0
23  50  4.33296e+06
23  51  99007.1
23  52  0
23  53  463480
23  54  4.56441e+06
23  55  1.98647e+06
23  56  996972
23  57  0
23  58  5.94172e+06
23  59  0
23  60  0
23  61  1.41372e+06
23  62  0
23  63  0
23  64  0
23  65  0
23  66  0
23  67  0
24  0  0
24  1  0
24  2  0
24  3  0
24  4  0
24  5  0
24  6  0
24  7  2.26962e+06
24  8  3.9241e+06
24  9  1.67236e+06
24  10  5.80889e+06
24  11  3.5424e+06
24  12  3.48077e+06
24  13  8.93341e+06
24  14  2.05849e+06
24  15  0
24  16  2.28804e+06
24  17  3.76347e+06
24  18  5.23716e+06
24  19  3.43856e+06
24  20  5.0387e+06
24  21  4.10535e+06
24  22  1.71554e+06
24  23  0
24  24  0
24  25  1.6571e+06
24  26  4.21063e+06
24  27  0
24  28  5.01564e+06
24  29  0
24  30  0
24  31  155249
24  32  1.83015e+06
24  33  0
24  34  4.96999e+06
24  35  4.53795e+06
24  36  0
24  37  2.1906e+06
24  38  883621
24  39  2.83272e+06
24  40  0
24  41  5.16015e+06
24  42  0
24  43  1.69272e+06
24  44  1.53267e+06
24  45  1.3108e+06
24  46  1.36252e+06
24  47  3.95258e+06
24  48  5.95334e+06
24  49  8.73417e+06
24  50  0
24  51  4.00061e+06
24  52  0
24  53  0
24  54  5.41162e+06
24  55  1.07593e+06
24  56  2.12872e+06
24  57  1.33753e+06
24  58  0
24  59  348903
24  60  0
24  61  0
24  62  108491
24  63  0
24  64  1.56614e+06
24  65  0
24  66  0
24  67  0
25  0  0
25  1  151722
25  2  0
25  3  1.69198e+06
25  4  0
25  5  0
25  6  250151
25  7  1.25289e+06
25  8  3.12872e+06
25  9  4.85862e+06
25  10  1.14702e+06
25  11  2.57913e+06
25  12  0
25  13  6.51463e+06
25  14  6.04352e+06
25  15  4.35776e+06
25  16  0
25  17  9.41055e+06
25  18  3.68029e+06
25  19  2.3726e+06
25  20  4.23022e+06
25  21  5.52761e+06
25  22  2.86187e+06
25  23  169292
25  24  1.14893e+06
25  25  2.49059e+06
25  26  1.66527e+06
25  27  2.37455e+06
25  28  0
25  29  0
25  30  1.29794e+06
25  31  2.1723e+06
25  32  0
25  33  2.07476e+06
25  34  2.57311e+06
25  35  3.25028e+06
25  36  0
25  37  0
25  38  1.69061e+06
25  39  889861
25  40  2.64346e+06
25  41  990021
25  42  0
25  43  2.51047e+06
25  44  940634
25  45  1.25081e+06
25  46  5.60305e+06
25  47  6.19216e+06
25  48  1.17062e+06
25  49  3.97598e+06
25  50  4.54088e+06
25  51  3.03213e+06
25  52  2.74343e+06
25  53  2.04512e+06
25  54  3.01203e+06
25  55  0
25  56  780635
25  57  2.51306e+06
25  58  0
25  59  0
25  60  2.44131e+06
25  61  16206.2
25  62  968719
25  63  0
25  64  0
25  65  0
25  66  0
25  67  0
26  0  220221
26  1  624394
26  2  0
26  3  231734
26  4  0
26  5  0
26  6  0
26  7  5.43287e+06
26  8  7.63589e+06
26  9  5.29971e+06
26  10  523804
26  11  3.05147e+06
26  12  4.17902e+06
26  13  3.86173e+06
26  14  7.5155e+06
26  15  3.76089e+06
26  16  4.5776e+06
26  17  5.27933e+06
26  18  2.79702e+06
26  19  2.27777e+06
26  20  2.42661e+06
26  21  957281
26  22  0
26  23  2.14081e+06
26  24  6.20899e+06
26  25  5.86902e+06
26  26  0
26  27  1.64337e+06
26  28  1.79241e+06
26  29  2.67633e+06
26  30  2.96033e+06
26  31  0
26  32  825476
26  33  435503
26  34  0
26  35  1.70203e+06
26  36  0
26  37  21550.8
26  38  776082
26  39  1.70211e+06
26  40  2.84456e+06
26  41  1.00324e+06
26  42  592437
26  43  1.24476e+06
26  44  5.81254e+06
26  45  1.35188e+06
26  46  1.8865e+06
26  47  2.64937e+06
26  48  4.15192e+06
26  49  0
26  50  716470
26  51  7.16211e+06
26  52  0
26  53  4.06135e+06
26  54  0
26  55  0
26  56  0
26  57  2.36776e+06
26  58  0
26  59  0
26  60  0
26  61  1.31863e+06
26  62  0
26  63  0
26  64  289783
26  65  0
26  66  0
26  67  0
27  0  53978.3
27  1  0
27  2  382856
27  3  765207
27  4  0
27  5  0
27  6  947628
27  7  1.60688e+06
27  8  8.49198e+06
27  9  5.40265e+06
27  10  1.61393e+06
27  11  8.698e+06
27  12  1.89156e+06
27  13  0
27  14  1.19511e+06
27  15  60325.6
27  16  5.04965e+06
27  17  2.99796e+06
27  18  3.29481e+06
27  19  1.00616e+06
27  20  5.37321e+06
27  21  6.68683e+06
27  22  1.56337e+06
27  23  3.98319e+06
27  24  2.14467e+06
27  25  5.03716e+06
27  26  1.72415e+06
27  27  1.04656e+06
27  28  0
27  29  0
27  30  0
27  31  482928
27  32  337979
27  33  0
27  34  0
27  35  0
27  36  667914
27  37  2.59889e+06
27  38  1.47765e+06
27  39  409063
27  40  6.41855e+06
27  41  1.27983e+06
27  42  3.79319e+06
27  43  3.79371e+06
27  44  836812
27  45  2.61663e+06
27  46  1.70702e+06
27  47  5.57284e+06
27  48  1.9595e+06
27  49  2.75924e+06
27  50  2.19321e+06
27  51  0
27  52  0
27  53  347686
27  54  0
27  55  820718
27  56  1.7e+06
27  57  0
27  58  0
27  59  0
27  60  0
27  61  572971
27  62  0
27  63  1320.95
27  64  0
27  65  0
27  66  1.39966e+06
27  67  0
28  0  1.08528e+06
28  1  2.067e+06
28  2  3.45379e+06
28  3  372666
28  4  1.13308e+06
28  5  92070.5
28  6  4.33361e+06
28  7  6.30993e+06
28  8  6.53056e+06
28  9  7.35143e+06
28  10  6.21061e+06
28  11  1.72556e+06
28  12  3.85277e+06
28  13  6.51077e+06
28  14  3.52751e+06
28  15  3.09901e+06
28  16  334681
28  17  5.53321e+06
28  18  7.10471e+06
28  19  8.4939e+06
28  20  0
28  21  0
28  22  0
28  23  0
28  24  3.24173e+06
28  25  0
28  26  672036
28  27  4.94975e+06
28  28  2.55509e+06
28  29  0
28  30  0
28  31  1.44848e+06
28  32  4.41863e+06
28  33  4.61528e+06
28  34  0
28  35  0
28  36  1.16588e+06
28  37  590356
28  38  3.11709e+06
28  39  468117
28  40  2.54868e+06
28  41  0
28  42  674656
28  43  0
28  44  0
28  45  4.15892e+06
28  46  2.67168e+06
28  47  4.71433e+06
28  48  1.46206e+06
28  49  2.13879e+06
28  50  3.89298e+06
28  51  259428
28  52  3.00462e+06
28  53  63033
28  54  0
28  55  4.40062e+06
28  56  0
28  57  0
28  58  0
28  59  0
28  60  0
28  61  0
28  62  0
28  63  0
28  64  253626
28  65  0
28  66  0
28  67  0
29  0  0
29  1  0
29  2  4.76101e+06
29  3  2.54932e+06
29  4  0
29  5  785241
29  6  1.71643e+06
29  7  833745
29  8  6.81546e+06
29  9  3.19824e+06
29  10  6.19436e+06
29  11  5.98541e+06
29  12  7.95863e+06
29  13  6.73193e+06
29  14  5.31632e+06
29  15  2.1958e+06
29  16  750463
29  17  1.1273e+06
29  18  0
29  19  2.24556e+06
29  20  4.79961e+06
29  21  0
29  22  5.89669e+06
29  23  1.87864e+06
29  24  2.33523e+06
29  25  3.45714e+06
29  26  3.97019e+06
29  27  0
29  28  3.16007e+06
29  29  3.53029e+06
29  30  0
29  31  5.55856e+06
29  32  539668
29  33  2.08647e+06
29  34  2.80806e+06
29  35  1.01272e+06
29  36  1.99182e+06
29  37  1.40588e+06
29  38  1.62235e+06
29  39  0
29  40  4.84993e+06
29  41  2.86807e+06
29  42  2.06624e+06
29  43  826402
29  44  2.0665e+06
29  45  1.79306e+06
29  46  6.85702e+06
29  47  4.73014e+06
29  48  0
29  49  0
29  50  0
29  51  705897
29  52  889241
29  53  1.79388e+06
29  54  0
29  55  0
29  56  1.80282e+06
29  57  0
29  58  0
29  59  0
29  60  0
29  61  0
29  62  0
29  63  2.46664e+06
29  64  546462
29  65  0
29  66  0
29  67  0
30  0  935216
30  1  3.22151e+06
30  2  1.43699e+06
30  3  2.4993e+06
30  4  0
30  5  0
30  6  224671
30  7  1.12457e+07
30  8  6.0184e+06
30  9  2.80794e+06
30  10  1.0408e+07
30  11  5.75273e+06
30  12  4.52006e+06
30  13  6.54426e+06
30  14  644189
30  15  3.3083e+06
30  16  6.03611e+06
30  17  269547
30  18  0
30  19  7.07681e+06
30  20  3.33501e+06
30  21  1.95669e+06
30  22  1.89182e+06
30  23  411112
30  24  590989
30  25  2.49508e+06
30  26  0
30  27  0
30  28  5.94786e+06
30  29  2.74279e+06
30  30  0
30  31  3.63165e+06
30  32  0
30  33  4.03945e+06
30  34  873984
30  35  1.99885e+06
30  36  1.24926e+06
30  37  0
30  38  1.18831e+06
30  39  3.27701e+06
30  40  1.93539e+06
30  41  1.69227e+06
30  42  1.75312e+06
30  43  2.30953e+06
30  44  5.0746e+06
30  45  2.24458e+06
30  46  5.79216e+06
30  47  0
30  48  725183
30  49  667447
30  50  631481
30  51  0
30  52  2.61482e+06
30  53  1.64628e+06
30  54  0
30  55  0
30  56  2.99056e+06
30  57  0
30  58  0
30  59  0
30  60  1.17218e+06
30  61  0
30  62  0
30  63  0
30  64  0
30  65  0
30  66  0
30  67  0
31  0  1.78357e+06
31  1  0
31  2  0
31  3  2.69622e+06
31  4  189133
31  5  2.87906e+06
31  6  3.15412e+06
31  7  3.74938e+06
31  8  4.91205e+06
31  9  6.42177e+06
31  10  5.8331e+06
31  11  5.29551e+06
31  12  4.18024e+06
31  13  5.4144e+06
31  14  1.0975e+06
31  15  4.55343e+06
31  16  0
31  17  3.50473e+06
31  18  6.18358e+06
31  19  314706
31  20  5.80123e+06
31  21  207833
31  22  2.83166e+06
31  23  1.45959e+06
31  24  3.53022e+06
31  25  0
31  26  0
31  27  0
31  28  0
31  29  992117
31  30  0
31  31  0
31  32  1.33062e+06
31  33  0
31  34  0
31  35  1.84663e+06
31  36  1.57179e+06
31  37  2.37667e+06
31  38  1.53368e+06
31  39  349347
31  40  0
31  41  3.68395e+06
31  42  0
31  43  1.6748e+06
31  44  0
31  45  0
31  46  0
31  47  1.95472e+06
31  48  1.17244e+06
31  49  1.39297e+06
31  50  218599
31  51  1.8619e+06
31  52  817936
31  53  179707
31  54  1.0031e+06
31  55  0
31  56  0
31  57  0
31  58  653188
31  59  0
31  60  0
31  61  3.23954e+06
31  62  0
31  63  0
31  64  0
31  65  0
31  66  0
31  67  1.89014e+06
32  0  3.41206e+06
32  1  1.81577e+06
32  2  0
32  3  4.99995e+06
32  4  730056
32  5  0
32  6  2.73256e+06
32  7  4.13219e+06
32  8  1.55129e+07
32  9  0
32  10  7.77723e+06
32  11  8.23745e+06
32  12  8.26104e+06
32  13  1.22901e+06
32  14  6.28605e+06
32  15  5.55415e+06
32  16  1.26427e+06
32  17  6.22639e+06
32  18  0
32  19  1.88013e+06
32  20  1.08085e+06
32  21  1.66018e+06
32  22  0
32  23  125344
32  24  1.61037e+06
32  25  4.75024e+06
32  26  1.66618e+06
32  27  6.84306e+06
32  28  4.21471e+06
32  29  2.30047e+06
32  30  0
32  31  1.22608e+06
32  32  0
32  33  0
32  34  485999
32  35  2.11001e+06
32  36  0
32  37  1.64662e+06
32  38  6.41427e+06
32  39  799335
32  40  0
32  41  3.52915e+06
32  42  0
32  43  4.62856e+06
32  44  600346
32  45  1.7575e+06
32  46  332194
32  47  2.28458e+06
32  48  0
32  49  2.57423e+06
32  50  0
32  51  0
32  52  1.88208e+06
32  53  174471
32  54  0
32  55  0
32  56  0
32  57  0
32  58  620406
32  59  0
32  60  0
32  61  0
32  62  0
32  63  0
32  64  0
32  65  0
32  66  0
32  67  1.0042e+06
33  0  0
33  1  273229
33  2  1.77911e+06
33  3  1.77338e+06
33  4  838379
33  5  332833
33  6  4.86576e+06
33  7  3.28048e+06
33  8  9.23519e+06
33  9  9.82431e+06
33  10  5.92607e+06
33  11  3.03881e+06
33  12  4.57566e+06
33  13  1.0868e+06
33  14  4.36977e+06
33  15  4.29307e+06
33  16  3.73111e+06
33  17  6.1747e+06
33  18  29139.3
33  19  3.84043e+06
33  20  630007
33  21  931429
33  22  4.27861e+06
33  23  1.43148e+06
33  24  930784
33  25  5.41456e+06
33  26  4.21557e+06
33  27  0
33  28  3.45503e+06
33  29  395023
33  30  0
33  31  0
33  32  0
33  33  0
33  34  6.16632e+06
33  35  232360
33  36  0
33  37  522428
33  38  0
33  39  3.22217e+06
33  40  3.71804e+06
33  41  2.68374e+06
33  42  0
33  43  4.59681e+06
33  44  3.64141e+06
33  45  3.66304e+06
33  46  1.889e+06
33  47  0
33  48  97961.4
33  49  0
33  50  1.6099e+06
33  51  0
33  52  1.21011e+06
33  53  0
33  54  0
33  55  1.90736e+06
33  56  0
33  57  0
33  58  0
33  59  441740
33  60  0
33  61  0
33  62  0
33  63  0
33  64  0
33  65  0
33  66  0
33  67  0
34  0  310641
34  1  0
34  2  2.06088e+06
34  3  1.99054e+06
34  4  8.60756e+06
34  5  6.4382e+06
34  6  4.74595e+06
34  7  6.51506e+06
34  8  9.54777e+06
34  9  1.00054e+07
34  10  1.1087e+07
34  11  9.28631e+06
34  12  2.77512e+06
34  13  153720
34  14  5.57222e+06
34  15  4.37301e+06
34  16  2.40316e+06
34  17  3.17668e+06
34  18  0
34  19  5.33235e+06
34  20  0
34  21  0
34  22  1.1529e+06
34  23  2.16026e+06
34  24  4.72519e+06
34  25  2.25718e+06
34  26  533389
34  27  0
34  28  3.56596e+06
34  29  3.88165e+06
34  30  4.99474e+06
34  31  4.58316e+06
34  32  139236
34  33  0
34  34  0
34  35  0
34  36  2.01382e+06
34  37  1.97725e+06
34  38  775434
34  39  0
34  40  0
34  41  2.32653e+06
34  42  2.5787e+06
34  43  0
34  44  423400
34  45  0
34  46  113747
34  47  0
34  48  1.17292e+06
34  49  3.12898e+06
34  50  0
34  51  0
34  52  2.79047e+06
34  53  0
34  54  1.54122e+06
34  55  0
34  56  0
34  57  118933
34  58  485878
34  59  0
34  60  0
34  61  0
34  62  0
34  63  1.08338e+06
34  64  0
34  65  0
34  66  0
34  67  1.69303e+06
35  0  978467
35  1  260357
35  2  5.2379e+06
35  3  0
35  4  1.86051e+06
35  5  3.63454e+06
35  6  1.00873e+07
35  7  7.37169e+06
35  8  9.51092e+06
35  9  1.03681e+07
35  10  1.88368e+07
35  11  9.10455e+06
35  12  7.35514e+06
35  13  1.95955e+06
35  14  8.87945e+06
35  15  7.32742e+06
35  16  3.56853e+06
35  17  1.73038e+06
35  18  619679
35  19  987244
35  20  5.4566e+06
35  21  3.95805e+06
35  22  274506
35  23  0
35  24  5.70132e+06
35  25  825286
35  26  2.9444e+06
35  27  3.25908e+06
35  28  2.49645e+06
35  29  2.35136e+06
35  30  2.15756e+06
35  31  2.85666e+06
35  32  0
35  33  280633
35  34  219920
35  35  3.17738e+06
35  36  2.89417e+06
35  37  463215
35  38  0
35  39  595123
35  40  2.1703e+06
35  41  0
35  42  3.46169e+06
35  43  3.70183e+06
35  44  340119
35  45  0
35  46  0
35  47  2.82576e+06
35  48  3.33417e+06
35  49  0
35  50  0
35  51  0
35  52  3.17471e+06
35  53  0
35  54  0
35  55  0
35  56  0
35  57  0
35  58  458989
35  59  0
35  60  0
35  61  0
35  62  0
35  63  0
35  64  0
35  65  626344
35  66  0
35  67  0
36  0  3.60215e+06
36  1  0
36  2  4.75582e+06
36  3  2.55014e+06
36  4  4.87796e+06
36  5  2.99664e+06
36  6  5.90452e+06
36  7  7.38494e+06
36  8  5.87435e+06
36  9  1.4109e+07
36  10  1.12101e+07
36  11  7.9245e+06
36  12  7.19472e+06
36  13  1.03072e+07
36  14  5.04858e+06
36  15  3.39928e+06
36  16  8.70778e+06
36  17  3.19618e+06
36  18  3.55021e+06
36  19  5.40809e+06
36  20  5.90365e+06
36  21  1.62594e+06
36  22  0
36  23  4.92675e+06
36  24  3.53752e+06
36  25  3.54763e+06
36  26  1.53524e+06
36  27  0
36  28  4.6874e+06
36  29  932652
36  30  365808
36  31  5.9895e+06
36  32  5.00725e+06
36  33  3.48143e+06
36  34  0
36  35  5.31945e+06
36  36  860941
36  37  0
36  38  3.37621e+06
36  39  0
36  40  4.57978e+06
36  41  0
36  42  0
36  43  2.25275e+06
36  44  5.09417e+06
36  45  0
36  46  2.6237e+06
36  47  888787
36  48  4.56523e+06
36  49  0
36  50  377807
36  51  0
36  52  460307
36  53  0
36  54  1.93802e+06
36  55  0
36  56  0
36  57  0
36  58  0
36  59  0
36  60  0
36  61  0
36  62  1.84579e+06
36  63  0
36  64  0
36  65  1.11201e+06
36  66  0
36  67  0
37  0  58764.7
37  1  0
37  2  3.04746e+06
37  3  1.13904e+06
37  4  4.76209e+06
37  5  4.48557e+06
37  6  1.00047e+07
37  7  6.15997e+06
37  8  1.15811e+07
37  9  459848
37  10  1.16317e+07
37  11  7.95337e+06
37  12  5.54078e+06
37  13  5.16613e+06
37  14  1.2414e+07
37  15  4.49326e+06
37  16  1.03199e+07
37  17  4.06673e+06
37  18  3.49259e+06
37  19  0
37  20  1.29303e+06
37  21  0
37  22  7.40424e+06
37  23  3.61154e+06
37  24  2.78437e+06
37  25  2.71747e+06
37  26  6.61346e+06
37  27  0
37  28  5.92272e+06
37  29  1.5504e+06
37  30  194768
37  31  2.16596e+06
37  32  0
37  33  0
37  34  1.15807e+06
37  35  2.77319e+06
37  36  0
37  37  1.13007e+06
37  38  841677
37  39  0
37  40  0
37  41  1.79157e+06
37  42  572827
37  43  509318
37  44  5.08867e+06
37  45  0
37  46  0
37  47  2.55854e+06
37  48  0
37  49  0
37  50  0
37  51  0
37  52  0
37  53  0
37  54  0
37  55  1.41006e+06
37  56  0
37  57  0
37  58  0
37  59  0
37  60  1.17088e+06
37  61  0
37  62  702020
37  63  0
37  64  0
37  65  1.35557e+06
37  66  2.13337e+06
37  67  0
38  0  3.91744e+06
38  1  497616
38  2  3.9717e+06
38  3  2.29322e+06
38  4  4.39698e+06
38  5  3.18623e+06
38  6  5.65976e+06
38  7  8.65155e+06
38  8  1.41994e+07
38  9  1.53599e+07
38  10  1.10637e+07
38  11  9.46156e+06
38  12  9.19883e+06
38  13  1.011e+07
38  14  6.72813e+06
38  15  4.54261e+06
38  16  7.45605e+06
38  17  1.1958e+07
38  18  4.47886e+06
38  19  8.85106e+06
38  20  5.68354e+06
38  21  4.18482e+06
38  22  5.10536e+06
38  23  1.8404e+06
38  24  6.21281e+06
38  25  5.09133e+06
38  26  1.17552e+06
38  27  2.38757e+06
38  28  1.88227e+06
38  29  0
38  30  3.51533e+06
38  31  0
38  32  1.88634e+06
38  33  286504
38  34  0
38  35  0
38  36  3.69269e+06
38  37  3.23605e+06
38  38  4.82021e+06
38  39  0
38  40  2.11173e+06
38  41  504068
38  42  1.37385e+06
38  43  0
38  44  2.04631e+06
38  45  2.11825e+06
38  46  0
38  47  0
38  48  0
38  49  4.93106e+06
38  50  3.55398e+06
38  51  4.06226e+06
38  52  994728
38  53  0
38  54  0
38  55  1.017e+06
38  56  1.39124e+06
38  57  249101
38  58  894361
38  59  0
38  60  0
38  61  398395
38  62  0
38  63  0
38  64  0
38  65  21340.6
38  66  559992
38  67  0
39  0  4.32059e+06
39  1  363781
39  2  6.0077e+06
39  3  4.49237e+06
39  4  9.27292e+06
39  5  5.68347e+06
39  6  2.91083e+06
39  7  1.41617e+07
39  8  9.98531e+06
39  9  8.45432e+06
39  10  1.27821e+07
39  11  5.5201e+06
39  12  2.95133e+06
39  13  6.89705e+06
39  14  9.64526e+06
39  15  6.40276e+06
39  16  4.67717e+06
39  17  9.71717e+06
39  18  6.19167e+06
39  19  6.47693e+06
39  20  1.33022e+06
39  21  7.6042e+06
39  22  1.43959e+06
39  23  1.54231e+06
39  24  3.60724e+06
39  25  0
39  26  2.96962e+06
39  27  4.73335e+06
39  28  600747
39  29  2.36267e+06
39  30  972119
39  31  885533
39  32  0
39  33  2.09322e+06
39  34  1.76763e+06
39  35  2.8793e+06
39  36  5.63848e+06
39  37  5.11444e+06
39  38  1.39359e+06
39  39  3.35582e+06
39  40  0
39  41  0
39  42  4.07226e+06
39  43  1.38022e+06
39  44  2.95229e+06
39  45  2.5295e+06
39  46  2.40221e+06
39  47  1.66523e+06
39  48  3.58778e+06
39  49  67237.4
39  50  1.32207e+06
39  51  0
39  52  0
39  53  0
39  54  1.99693e+06
39  55  0
39  56  740142
39  57  0
39  58  2.78847e+06
39  59  0
39  60  0
39  61  0
39  62  766054
39  63  0
39  64  53622.8
39  65  3.53657e+06
39  66  0
39  67  0
40  0  3.70739e+06
40  1  1.05804e+07
40  2  6.87831e+06
40  3  6.73537e+06
40  4  3.48239e+06
40  5  6.72342e+06
40  6  7.96334e+06
40  7  8.24438e+06
40  8  6.88675e+06
40  9  9.5418e+06
40  10  8.5298e+06
40  11  3.77065e+06
40  12  5.38007e+06
40  13  4.54015e+06
40  14  1.13353e+07
40  15  8.3518e+06
40  16  3.71536e+06
40  17  8.20143e+06
40  18  5.46178e+06
40  19  6.29396e+06
40  20  5.80585e+06
40  21  2.23569e+06
40  22  5.48396e+06
40  23  0
40  24  2.44307e+06
40  25  4.75661e+06
40  26  3.38083e+06
40  27  7.30423e+06
40  28  4.00754e+06
40  29  5.93146e+06
40  30  4.80395e+06
40  31  15205.2
40  32  3.15838e+06
40  33  5.41516e+06
40  34  197926
40  35  4.36459e+06
40  36  4.76049e+06
40  37  0
40  38  3.55217e+06
40  39  7.46915e+06
40  40  7.25414e+06
40  41  4.72892e+06
40  42  2.5993e+06
40  43  0
40  44  1.60517e+06
40  45  5.96522e+06
40  46  2.65932e+06
40  47  957925
40  48  2.42517e+06
40  49  0
40  50  0
40  51  2.43888e+06
40  52  0
40  53  0
40  54  3.55739e+06
40  55  0
40  56  1.11829e+06
40  57  2.1103e+06
40  58  0
40  59  0
40  60  416210
40  61  0
40  62  0
40  63  0
40  64  0
40  65  0
40  66  0
40  67  0
41  0  4.08392e+06
41  1  4.18572e+06
41  2  3.37131e+06
41  3  7.22338e+06
41  4  5.0868e+06
41  5  9.46624e+06
41  6  1.0787e+07
41  7  8.8684e+06
41  8  1.47806e+07
41  9  1.90718e+07
41  10  1.27222e+07
41  11  8.13764e+06
41  12  6.14891e+06
41  13  1.13975e+07
41  14  9.90849e+06
41  15  7.97817e+06
41  16  9.47503e+06
41  17  4.13942e+06
41  18  2.75154e+06
41  19  7.2958e+06
41  20  6.45332e+06
41  21  4.45659e+06
41  22  1.0646e+06
41  23  161536
41  24  108148
41  25  7.17218e+06
41  26  3.68899e+06
41  27  4.594e+06
41  28  3.39369e+06
41  29  6.43205e+06
41  30  114178
41  31  1.75731e+06
41  32  2.14405e+06
41  33  5.07478e+06
41  34  1.3381e+06
41  35  2.11467e+06
41  36  2.91509e+06
41  37  0
41  38  0
41  39  0
41  40  5.19692e+06
41  41  1.28427e+06
41  42  3.05364e+06
41  43  468725
41  44  1.823e+06
41  45  1.73534e+06
41  46  943478
41  47  0
41  48  3.21318e+06
41  49  2.4294e+06
41  50  0
41  51  1.52157e+06
41  52  1.76078e+06
41  53  1.6771e+06
41  54  0
41  55  0
41  56  0
41  57  0
41  58  0
41  59  810454
41  60  0
41  61  0
41  62  4.36187e+06
41  63  0
41  64  0
41  65  0
41  66  772389
41  67  2.46129e+06
42  0  4.88181e+06
42  1  4.64477e+06
42  2  1.25056e+06
42  3  6.52921e+06
42  4  4.36048e+06
42  5  5.38929e+06
42  6  9.42023e+06
42  7  1.20669e+07
42  8  1.47554e+07
42  9  9.12135e+06
42  10  1.36652e+07
42  11  6.56624e+06
42  12  1.47461e+07
42  13  8.10333e+06
42  14  7.53392e+06
42  15  1.19657e+07
42  16  3.28486e+06
42  17  1.31834e+06
42  18  6.7874e+06
42  19  7.53066e+06
42  20  6.68479e+06
42  21  6.3024e+06
42  22  4.21986e+06
42  23  7.62413e+06
42  24  5.31905e+06
42  25  7.62402e+06
42  26  4.65959e+06
42  27  1.00201e+07
42  28  2.09934e+06
42  29  1.28805e+06
42  30  5.70004e+06
42  31  513168
42  32  5.33033e+06
42  33  2.82257e+06
42  34  1.09164e+06
42  35  6.57444e+06
42  36  4.79344e+06
42  37  3.48912e+06
42  38  0
42  39  0
42  40  3.04411e+06
42  41  6.78894e+06
42  42  3.35017e+06
42  43  2.25711e+06
42  44  5.27317e+06
42  45  3.28028e+06
42  46  3.15274e+06
42  47  0
42  48  0
42  49  0
42  50  0
42  51  0
42  52  1.68639e+06
42  53  3.86135e+06
42  54  2.56247e+06
42  55  0
42  56  1.29594e+06
42  57  0
42  58  0
42  59  0
42  60  254482
42  61  0
42  62  0
42  63  957801
42  64  0
42  65  0
42  66  0
42  67  0
43  0  6.89129e+06
43  1  3.30325e+06
43  2  4.71519e+06
43  3  1.06529e+07
43  4  7.35216e+06
43  5  5.83898e+06
43  6  9.48574e+06
43  7  1.19734e+07
43  8  8.22703e+06
43  9  1.53725e+07
43  10  1.40877e+07
43  11  1.03188e+07
43  12  1.06425e+07
43  13  7.02441e+06
43  14  9.22289e+06
43  15  1.18782e+07
43  16  1.01469e+07
43  17  3.33459e+06
43  18  8.78934e+06
43  19  4.2148e+06
43  20  5.69246e+06
43  21  7.48767e+06
43  22  581069
43  23  1.84323e+06
43  24  2.47821e+06
43  25  5.60318e+06
43  26  1.64385e+06
43  27  704094
43  28  4.5838e+06
43  29  4.64567e+06
43  30  9.70104e+06
43  31  1.29156e+06
43  32  3.8303e+06
43  33  6.10234e+06
43  34  3.10479e+06
43  35  3.6371e+06
43  36  2.03637e+06
43  37  5.77023e+06
43  38  5.16138e+06
43  39  3.37794e+06
43  40  5.26364e+06
43  41  8.36547e+06
43  42  1.00536e+06
43  43  799855
43  44  221472
43  45  2.89499e+06
43  46  0
43  47  1.76564e+06
43  48  4.73384e+06
43  49  1.31136e+06
43  50  0
43  51  0
43  52  0
43  53  0
43  54  0
43  55  0
43  56  0
43  57  3.89992e+06
43  58  0
43  59  72570.7
43  60  0
43  61  0
43  62  0
43  63  1.21628e+06
43  64  0
43  65  529047
43  66  0
43  67  0
44  0  8.5806e+06
44  1  6.75987e+06
44  2  4.02448e+06
44  3  9.45431e+06
44  4  7.5786e+06
44  5  1.43911e+07
44  6  4.11672e+06
44  7  7.93108e+06
44  8  6.3925e+06
44  9  8.35832e+06
44  10  1.48524e+07
44  11  7.70519e+06
44  12  1.58679e+07
44  13  9.31184e+06
44  14  3.95728e+06
44  15  9.34336e+06
44  16  2.45051e+06
44  17  1.53447e+06
44  18  2.78372e+06
44  19  1.63549e+06
44  20  8.47016e+06
44  21  6.75882e+06
44  22  9.10244e+06
44  23  4.22399e+06
44  24  8.69998e+06
44  25  4.1446e+06
44  26  1.57263e+06
44  27  3.61815e+06
44  28  4.15123e+06
44  29  5.97186e+06
44  30  4.45144e+06
44  31  6.34047e+06
44  32  4.98715e+06
44  33  2.15996e+06
44  34  200193
44  35  6.07125e+06
44  36  5.03341e+06
44  37  1.60233e+06
44  38  7.44509e+06
44  39  6.95822e+06
44  40  7.87033e+06
44  41  5.28016e+06
44  42  2.99915e+06
44  43  5.81712e+06
44  44  2.30066e+06
44  45  0
44  46  2.57457e+06
44  47  0
44  48  1.48217e+06
44  49  0
44  50  1.29056e+06
44  51  0
44  52  1.79962e+06
44  53  0
44  54  0
44  55  4.13503e+06
44  56  4.76156e+06
44  57  1.08343e+06
44  58  2.81437e+06
44  59  0
44  60  0
44  61  0
44  62  2.31031e+06
44  63  0
44  64  0
44  65  743699
44  66  187013
44  67  0
45  0  8.0365e+06
45  1  4.11585e+06
45  2  5.045e+06
45  3  6.36489e+06
45  4  3.04725e+06
45  5  7.18708e+06
45  6  1.37614e+07
45  7  1.12548e+07
45  8  1.20044e+07
45  9  1.37308e+07
45  10  1.34517e+07
45  11  1.29175e+07
45  12  8.87264e+06
45  13  5.01885e+06
45  14  1.9356e+07
45  15  2.98879e+06
45  16  8.83275e+06
45  17  1.16491e+07
45  18  6.46551e+06
45  19  6.18812e+06
45  20  3.8077e+06
45  21  6.23696e+06
45  22  7.78001e+06
45  23  6.91977e+06
45  24  6.80786e+06
45  25  4.3968e+06
45  26  3.67239e+06
45  27  2.18903e+06
45  28  8.62002e+06
45  29  8.41606e+06
45  30  4.57833e+06
45  31  3.08481e+06
45  32  600415
45  33  7.90357e+06
45  34  4.9031e+06
45  35  4.65399e+06
45  36  6.25439e+06
45  37  1.25749e+06
45  38  3.26975e+06
45  39  2.72042e+06
45  40  5.23243e+06
45  41  451836
45  42  1.63512e+06
45  43  2.70191e+06
45  44  460803
45  45  2.94434e+06
45  46  0
45  47  4.2076e+06
45  48  1.02282e+06
45  49  0
45  50  0
45  51  0
45  52  863306
45  53  0
45  54  1.21155e+06
45  55  1.94021e+06
45  56  0
45  57  3.50889e+06
45  58  0
45  59  0
45  60  3.03577e+06
45  61  1.95734e+06
45  62  939965
45  63  0
45  64  2.35168e+06
45  65  1.30343e+06
45  66  1.26028e+06
45  67  0
46  0  9.78295e+06
46  1  2.62386e+06
46  2  8.25883e+06
46  3  1.1968e+07
46  4  4.70984e+06
46  5  8.25436e+06
46  6  6.45568e+06
46  7  1.2937e+07
46  8  1.71127e+07
46  9  1.04627e+07
46  10  1.1719e+07
46  11  1.44262e+07
46  12  9.96837e+06
46  13  1.29927e+07
46  14  1.25222e+07
46  15  1.1448e+07
46  16  1.04041e+07
46  17  6.45948e+06
46  18  3.88091e+06
46  19  6.81275e+06
46  20  5.74577e+06
46  21  6.99344e+06
46  22  1.65961e+06
46  23  5.0562e+06
46  24  5.36584e+06
46  25  4.07552e+06
46  26  1.20109e+07
46  27  52364.3
46  28  1.29963e+06
46  29  5.99682e+06
46  30  6.71835e+06
46  31  3.40931e+06
46  32  3.30298e+06
46  33  4.1453e+06
46  34  8.82867e+06
46  35  2.62742e+06
46  36  2.58112e+06
46  37  6.63551e+06
46  38  2.11398e+06
46  39  3.05293e+06
46  40  2.25974e+06
46  41  7.50557e+06
46  42  4.26029e+06
46  43  7.33544e+06
46  44  164502
46  45  563183
46  46  1.92894e+06
46  47  1.40566e+06
46  48  2.27432e+06
46  49  0
46  50  0
46  51  2.67204e+06
46  52  4.78557e+06
46  53  0
46  54  0
46  55  0
46  56  2.27629e+06
46  57  978710
46  58  0
46  59  0
46  60  0
46  61  2.29443e+06
46  62  0
46  63  0
46  64  473110
46  65  0
46  66  632484
46  67  179407
47  0  5.01243e+06
47  1  4.82269e+06
47  2  5.79904e+06
47  3  1.23558e+07
47  4  8.80548e+06
47  5  1.1229e+07
47  6  9.01772e+06
47  7  7.17619e+06
47  8  1.78236e+07
47  9  1.33759e+07
47  10  1.30781e+07
47  11  1.26191e+07
47  12  3.71452e+06
47  13  7.61868e+06
47  14  1.26669e+07
47  15  8.39292e+06
47  16  1.50922e+07
47  17  7.80956e+06
47  18  1.0364e+07
47  19  6.2165e+06
47  20  6.48026e+06
47  21  3.1363e+06
47  22  5.38891e+06
47  23  5.89195e+06
47  24  1.01823e+06
47  25  8.21734e+06
47  26  3.43962e+06
47  27  9.91321e+06
47  28  7.74905e+06
47  29  6.34998e+06
47  30  1.34094e+07
47  31  4.93276e+06
47  32  4.51719e+06
47  33  9.62999e+06
47  34  1.0805e+07
47  35  9.45818e+06
47  36  7.49666e+06
47  37  6.0223e+06
47  38  4.28299e+06
47  39  2.84516e+06
47  40  3.71415e+06
47  41  4.08088e+06
47  42  6.7572e+06
47  43  1.5962e+06
47  44  4.40118e+06
47  45  3.14141e+06
47  46  2.18962e+06
47  47  4.0363e+06
47  48  546451
47  49  4.18058e+06
47  50  2.10534e+06
47  51  0
47  52  3.56846e+06
47  53  0
47  54  2.32422e+06
47  55  0
47  56  0
47  57  2.6449e+06
47  58  0
47  59  0
47  60  1.9065e+06
47  61  0
47  62  0
47  63  844689
47  64  1.36477e+06
47  65  0
47  66  2.86452e+06
47  67  3.23747e+06

