row  column  (images_1_region2.edf Ca-K*images_1_region2.edf Ar-K**2.3)
0  0  7.83739e+07
0  1  7.6962e+07
0  2  7.49987e+07
0  3  8.64877e+07
0  4  8.97308e+07
0  5  8.64493e+07
0  6  1.07181e+08
0  7  1.12227e+08
0  8  1.16571e+08
0  9  1.1768e+08
0  10  1.34457e+08
0  11  1.48181e+08
0  12  1.46252e+08
0  13  1.59138e+08
0  14  1.7842e+08
0  15  2.01643e+08
0  16  2.15372e+08
0  17  2.2699e+08
0  18  2.57162e+08
0  19  2.57739e+08
0  20  2.98362e+08
0  21  3.15562e+08
0  22  2.88842e+08
0  23  2.80684e+08
0  24  2.98586e+08
0  25  2.93125e+08
0  26  3.11282e+08
0  27  2.98966e+08
0  28  3.25414e+08
0  29  3.37302e+08
0  30  3.26831e+08
0  31  3.36686e+08
0  32  3.65213e+08
0  33  4.16322e+08
0  34  4.17541e+08
0  35  3.77454e+08
0  36  4.122e+08
0  37  4.72956e+08
0  38  5.17907e+08
0  39  4.62236e+08
0  40  4.91485e+08
0  41  5.28194e+08
0  42  5.88233e+08
0  43  6.02789e+08
0  44  6.23e+08
0  45  5.8816e+08
0  46  5.73066e+08
0  47  5.68059e+08
0  48  6.02595e+08
0  49  5.24578e+08
0  50  6.11538e+08
0  51  5.93356e+08
0  52  5.71715e+08
0  53  6.21625e+08
0  54  6.63664e+08
0  55  6.17775e+08
0  56  6.05817e+08
0  57  5.38891e+08
0  58  6.14024e+08
0  59  5.98771e+08
0  60  5.0407e+08
0  61  4.2171e+08
0  62  3.50008e+08
0  63  2.84429e+08
0  64  2.33442e+08
0  65  2.06725e+08
0  66  1.71352e+08
0  67  1.49961e+08
1  0  7.47516e+07
1  1  7.86649e+07
1  2  8.69514e+07
1  3  8.88167e+07
1  4  9.42688e+07
1  5  1.01806e+08
1  6  1.11776e+08
1  7  1.24182e+08
1  8  1.32014e+08
1  9  1.43299e+08
1  10  1.82589e+08
1  11  1.61113e+08
1  12  1.84145e+08
1  13  1.9696e+08
1  14  2.06427e+08
1  15  2.14538e+08
1  16  2.75606e+08
1  17  2.79215e+08
1  18  3.00662e+08
1  19  2.92845e+08
1  20  3.11843e+08
1  21  3.5138e+08
1  22  3.05581e+08
1  23  3.08312e+08
1  24  3.17227e+08
1  25  3.11993e+08
1  26  3.19738e+08
1  27  3.40541e+08
1  28  3.27458e+08
1  29  3.41088e+08
1  30  3.61969e+08
1  31  4.25395e+08
1  32  3.99868e+08
1  33  4.21937e+08
1  34  4.48356e+08
1  35  4.13807e+08
1  36  4.76801e+08
1  37  4.86374e+08
1  38  5.2112e+08
1  39  5.74889e+08
1  40  5.44877e+08
1  41  6.12158e+08
1  42  6.46702e+08
1  43  6.60776e+08
1  44  6.69967e+08
1  45  6.06375e+08
1  46  6.33818e+08
1  47  5.86156e+08
1  48  5.88863e+08
1  49  5.83793e+08
1  50  6.27797e+08
1  51  6.37654e+08
1  52  6.32133e+08
1  53  6.22176e+08
1  54  5.95129e+08
1  55  6.43823e+08
1  56  5.39118e+08
1  57  5.9191e+08
1  58  5.97281e+08
1  59  5.36927e+08
1  60  5.17405e+08
1  61  4.17426e+08
1  62  3.03615e+08
1  63  2.583e+08
1  64  1.9287e+08
1  65  1.891e+08
1  66  1.62832e+08
1  67  1.54941e+08
2  0  8.2424e+07
2  1  9.86292e+07
2  2  8.89021e+07
2  3  8.5966e+07
2  4  9.6773e+07
2  5  1.1814e+08
2  6  1.2392e+08
2  7  1.36508e+08
2  8  1.69644e+08
2  9  1.64174e+08
2  10  1.72882e+08
2  11  1.79216e+08
2  12  2.00964e+08
2  13  2.11602e+08
2  14  2.09236e+08
2  15  2.35497e+08
2  16  2.5799e+08
2  17  2.74442e+08
2  18  3.37788e+08
2  19  3.52523e+08
2  20  3.34933e+08
2  21  3.44954e+08
2  22  3.24432e+08
2  23  3.18437e+08
2  24  3.10935e+08
2  25  3.66473e+08
2  26  3.41837e+08
2  27  3.92553e+08
2  28  3.65848e+08
2  29  3.85671e+08
2  30  4.05641e+08
2  31  3.82204e+08
2  32  4.82502e+08
2  33  4.43733e+08
2  34  4.57932e+08
2  35  4.48166e+08
2  36  5.33111e+08
2  37  5.68393e+08
2  38  5.9489e+08
2  39  6.33056e+08
2  40  6.27625e+08
2  41  6.95488e+08
2  42  7.10874e+08
2  43  6.97691e+08
2  44  7.33931e+08
2  45  6.35917e+08
2  46  6.52147e+08
2  47  6.4786e+08
2  48  6.36055e+08
2  49  6.8278e+08
2  50  6.41327e+08
2  51  6.00316e+08
2  52  6.79564e+08
2  53  6.73669e+08
2  54  6.40924e+08
2  55  6.25429e+08
2  56  6.42696e+08
2  57  6.23665e+08
2  58  5.90662e+08
2  59  5.30926e+08
2  60  4.52477e+08
2  61  3.66493e+08
2  62  2.89653e+08
2  63  2.51413e+08
2  64  2.13288e+08
2  65  1.97143e+08
2  66  1.51229e+08
2  67  1.51732e+08
3  0  8.64722e+07
3  1  9.12291e+07
3  2  8.6512e+07
3  3  1.00844e+08
3  4  1.07472e+08
3  5  1.20766e+08
3  6  1.27752e+08
3  7  1.68393e+08
3  8  1.60723e+08
3  9  1.94281e+08
3  10  1.69063e+08
3  11  1.96317e+08
3  12  2.19079e+08
3  13  2.16106e+08
3  14  2.52285e+08
3  15  2.67258e+08
3  16  2.95364e+08
3  17  3.21992e+08
3  18  3.52417e+08
3  19  3.39883e+08
3  20  3.30315e+08
3  21  3.25833e+08
3  22  3.67607e+08
3  23  3.55075e+08
3  24  4.17885e+08
3  25  3.63026e+08
3  26  3.66238e+08
3  27  4.01268e+08
3  28  4.17222e+08
3  29  4.23061e+08
3  30  4.47126e+08
3  31  4.53648e+08
3  32  4.53484e+08
3  33  4.96021e+08
3  34  4.70166e+08
3  35  5.59326e+08
3  36  5.4012e+08
3  37  5.92569e+08
3  38  6.40233e+08
3  39  6.24826e+08
3  40  6.36715e+08
3  41  6.92622e+08
3  42  7.43494e+08
3  43  7.66488e+08
3  44  6.92152e+08
3  45  6.7341e+08
3  46  6.93688e+08
3  47  5.92281e+08
3  48  7.17612e+08
3  49  6.97516e+08
3  50  7.03171e+08
3  51  7.27135e+08
3  52  7.00112e+08
3  53  6.87807e+08
3  54  7.3936e+08
3  55  6.73493e+08
3  56  7.38679e+08
3  57  6.66472e+08
3  58  6.61762e+08
3  59  5.85166e+08
3  60  4.77223e+08
3  61  3.91188e+08
3  62  3.31297e+08
3  63  2.55329e+08
3  64  2.23672e+08
3  65  2.086e+08
3  66  1.6829e+08
3  67  1.55949e+08
4  0  9.73591e+07
4  1  9.68106e+07
4  2  1.11826e+08
4  3  9.84936e+07
4  4  1.24714e+08
4  5  1.31201e+08
4  6  1.52086e+08
4  7  1.46968e+08
4  8  1.70723e+08
4  9  1.82617e+08
4  10  2.32596e+08
4  11  2.10562e+08
4  12  2.33881e+08
4  13  2.46534e+08
4  14  2.456e+08
4  15  2.71595e+08
4  16  3.18085e+08
4  17  3.19243e+08
4  18  3.67025e+08
4  19  4.11047e+08
4  20  4.02396e+08
4  21  3.535e+08
4  22  3.53314e+08
4  23  3.76111e+08
4  24  4.11438e+08
4  25  4.11079e+08
4  26  4.18882e+08
4  27  4.66764e+08
4  28  4.54126e+08
4  29  5.05005e+08
4  30  5.04943e+08
4  31  4.82341e+08
4  32  5.44898e+08
4  33  5.53693e+08
4  34  5.67079e+08
4  35  5.56846e+08
4  36  6.58244e+08
4  37  6.19123e+08
4  38  6.66133e+08
4  39  7.11614e+08
4  40  6.40324e+08
4  41  7.35319e+08
4  42  7.7577e+08
4  43  7.7546e+08
4  44  7.41776e+08
4  45  5.94415e+08
4  46  6.62381e+08
4  47  7.2408e+08
4  48  6.5051e+08
4  49  7.62913e+08
4  50  6.85605e+08
4  51  7.27525e+08
4  52  7.76612e+08
4  53  6.7701e+08
4  54  7.16026e+08
4  55  7.62783e+08
4  56  7.04387e+08
4  57  5.54126e+08
4  58  6.03379e+08
4  59  5.9952e+08
4  60  5.00801e+08
4  61  3.81977e+08
4  62  3.12106e+08
4  63  2.42529e+08
4  64  2.2986e+08
4  65  2.16377e+08
4  66  1.51086e+08
4  67  1.49617e+08
5  0  9.30709e+07
5  1  9.96828e+07
5  2  9.9056e+07
5  3  1.24756e+08
5  4  1.29846e+08
5  5  1.28337e+08
5  6  1.51844e+08
5  7  1.84209e+08
5  8  1.77955e+08
5  9  1.95951e+08
5  10  2.1685e+08
5  11  2.35845e+08
5  12  2.30357e+08
5  13  2.61711e+08
5  14  2.65414e+08
5  15  3.26832e+08
5  16  3.12975e+08
5  17  3.29787e+08
5  18  3.87525e+08
5  19  4.14909e+08
5  20  4.02009e+08
5  21  3.59118e+08
5  22  3.84693e+08
5  23  4.6203e+08
5  24  4.91788e+08
5  25  4.21091e+08
5  26  4.49177e+08
5  27  4.151e+08
5  28  4.65395e+08
5  29  5.12426e+08
5  30  5.53733e+08
5  31  5.74909e+08
5  32  5.74825e+08
5  33  5.36738e+08
5  34  6.27306e+08
5  35  5.83159e+08
5  36  6.11211e+08
5  37  6.56835e+08
5  38  6.93478e+08
5  39  7.70593e+08
5  40  7.32069e+08
5  41  7.60089e+08
5  42  7.60584e+08
5  43  7.97283e+08
5  44  7.45146e+08
5  45  7.90927e+08
5  46  7.28273e+08
5  47  7.65332e+08
5  48  8.28068e+08
5  49  7.28021e+08
5  50  8.06522e+08
5  51  8.14131e+08
5  52  8.0522e+08
5  53  7.51531e+08
5  54  7.52566e+08
5  55  8.29611e+08
5  56  7.57826e+08
5  57  7.76323e+08
5  58  7.15828e+08
5  59  6.3755e+08
5  60  4.72144e+08
5  61  4.08787e+08
5  62  3.56754e+08
5  63  3.128e+08
5  64  2.25251e+08
5  65  1.86765e+08
5  66  1.91035e+08
5  67  1.65452e+08
6  0  8.38279e+07
6  1  1.05156e+08
6  2  1.17134e+08
6  3  1.3272e+08
6  4  1.22136e+08
6  5  1.45903e+08
6  6  1.87628e+08
6  7  1.90107e+08
6  8  2.07553e+08
6  9  2.14995e+08
6  10  2.59624e+08
6  11  2.54163e+08
6  12  2.73015e+08
6  13  2.84458e+08
6  14  3.01209e+08
6  15  3.37024e+08
6  16  3.47264e+08
6  17  3.95704e+08
6  18  4.30455e+08
6  19  4.56229e+08
6  20  4.56244e+08
6  21  4.1801e+08
6  22  4.24149e+08
6  23  4.21925e+08
6  24  4.65065e+08
6  25  4.4223e+08
6  26  4.71237e+08
6  27  4.74091e+08
6  28  5.24034e+08
6  29  5.30811e+08
6  30  5.17534e+08
6  31  5.66601e+08
6  32  5.97503e+08
6  33  5.71174e+08
6  34  6.00722e+08
6  35  6.53204e+08
6  36  6.66263e+08
6  37  7.18306e+08
6  38  7.12948e+08
6  39  8.28214e+08
6  40  7.40882e+08
6  41  8.19076e+08
6  42  8.73976e+08
6  43  8.43954e+08
6  44  7.85324e+08
6  45  8.59778e+08
6  46  7.48832e+08
6  47  7.64112e+08
6  48  8.11214e+08
6  49  7.6711e+08
6  50  8.26042e+08
6  51  8.68331e+08
6  52  8.56788e+08
6  53  7.65944e+08
6  54  9.32345e+08
6  55  8.85793e+08
6  56  8.15972e+08
6  57  8.00054e+08
6  58  7.591e+08
6  59  6.44567e+08
6  60  5.06161e+08
6  61  4.13397e+08
6  62  3.19888e+08
6  63  2.99224e+08
6  64  2.40191e+08
6  65  2.12072e+08
6  66  1.93919e+08
6  67  1.84007e+08
7  0  1.215e+08
7  1  1.00178e+08
7  2  1.0808e+08
7  3  1.18762e+08
7  4  1.50253e+08
7  5  1.3975e+08
7  6  1.83521e+08
7  7  2.11296e+08
7  8  2.16925e+08
7  9  2.56584e+08
7  10  2.64637e+08
7  11  2.66596e+08
7  12  2.61784e+08
7  13  2.86178e+08
7  14  3.2322e+08
7  15  3.68979e+08
7  16  3.63537e+08
7  17  3.99537e+08
7  18  4.95211e+08
7  19  4.85015e+08
7  20  5.16272e+08
7  21  4.26716e+08
7  22  4.86664e+08
7  23  4.61273e+08
7  24  5.07279e+08
7  25  5.17146e+08
7  26  5.16811e+08
7  27  5.46535e+08
7  28  5.95504e+08
7  29  5.96704e+08
7  30  6.12475e+08
7  31  6.00721e+08
7  32  5.69365e+08
7  33  6.53007e+08
7  34  6.4004e+08
7  35  6.2084e+08
7  36  7.26209e+08
7  37  7.74254e+08
7  38  8.16212e+08
7  39  8.27352e+08
7  40  8.49054e+08
7  41  8.21615e+08
7  42  9.05578e+08
7  43  9.6891e+08
7  44  8.44903e+08
7  45  8.99462e+08
7  46  9.07368e+08
7  47  8.97514e+08
7  48  8.81275e+08
7  49  9.26449e+08
7  50  9.31514e+08
7  51  8.63741e+08
7  52  9.24823e+08
7  53  8.24028e+08
7  54  8.42312e+08
7  55  9.13193e+08
7  56  8.67014e+08
7  57  7.66682e+08
7  58  7.91499e+08
7  59  8.20159e+08
7  60  6.09802e+08
7  61  5.05647e+08
7  62  3.85075e+08
7  63  3.29253e+08
7  64  2.71532e+08
7  65  2.16229e+08
7  66  2.12795e+08
7  67  2.04947e+08
8  0  1.05759e+08
8  1  9.32965e+07
8  2  1.24501e+08
8  3  1.40833e+08
8  4  1.60549e+08
8  5  1.5092e+08
8  6  1.74028e+08
8  7  2.14443e+08
8  8  2.66847e+08
8  9  2.96661e+08
8  10  2.74273e+08
8  11  3.02099e+08
8  12  3.12896e+08
8  13  3.1268e+08
8  14  3.11372e+08
8  15  3.9152e+08
8  16  4.12994e+08
8  17  4.63341e+08
8  18  5.93232e+08
8  19  5.12306e+08
8  20  5.41959e+08
8  21  4.9687e+08
8  22  4.74258e+08
8  23  5.28767e+08
8  24  5.41082e+08
8  25  5.92194e+08
8  26  5.92889e+08
8  27  5.70018e+08
8  28  5.75811e+08
8  29  5.68635e+08
8  30  6.39155e+08
8  31  6.71141e+08
8  32  7.03979e+08
8  33  6.46257e+08
8  34  7.11706e+08
8  35  7.09883e+08
8  36  7.55205e+08
8  37  7.66701e+08
8  38  8.08871e+08
8  39  8.96519e+08
8  40  8.74631e+08
8  41  9.26923e+08
8  42  1.12647e+09
8  43  1.04856e+09
8  44  1.04093e+09
8  45  8.70121e+08
8  46  9.17092e+08
8  47  8.56539e+08
8  48  9.31867e+08
8  49  8.74477e+08
8  50  8.31972e+08
8  51  9.30951e+08
8  52  9.39789e+08
8  53  9.42619e+08
8  54  8.78719e+08
8  55  9.59253e+08
8  56  8.98702e+08
8  57  8.29756e+08
8  58  8.1971e+08
8  59  7.6383e+08
8  60  6.14321e+08
8  61  4.59493e+08
8  62  4.1597e+08
8  63  2.98791e+08
8  64  2.97493e+08
8  65  2.45606e+08
8  66  2.55061e+08
8  67  2.05985e+08
9  0  1.02569e+08
9  1  1.2681e+08
9  2  1.22088e+08
9  3  1.33845e+08
9  4  1.41606e+08
9  5  1.79854e+08
9  6  1.99274e+08
9  7  2.23525e+08
9  8  2.49834e+08
9  9  2.81291e+08
9  10  2.9972e+08
9  11  2.82052e+08
9  12  3.29445e+08
9  13  3.72498e+08
9  14  4.20637e+08
9  15  4.38147e+08
9  16  4.56802e+08
9  17  4.92453e+08
9  18  5.38405e+08
9  19  5.48543e+08
9  20  5.8722e+08
9  21  5.22836e+08
9  22  5.56178e+08
9  23  5.54896e+08
9  24  5.60478e+08
9  25  5.79968e+08
9  26  6.24662e+08
9  27  5.88986e+08
9  28  6.74583e+08
9  29  6.77737e+08
9  30  6.77056e+08
9  31  6.02872e+08
9  32  6.65793e+08
9  33  7.74827e+08
9  34  6.82666e+08
9  35  7.63983e+08
9  36  8.16491e+08
9  37  8.06496e+08
9  38  8.86069e+08
9  39  9.73562e+08
9  40  8.7691e+08
9  41  9.46833e+08
9  42  9.75393e+08
9  43  1.05498e+09
9  44  9.93944e+08
9  45  9.54343e+08
9  46  8.41978e+08
9  47  9.29286e+08
9  48  9.51488e+08
9  49  9.08295e+08
9  50  9.08521e+08
9  51  8.60058e+08
9  52  8.65829e+08
9  53  9.74604e+08
9  54  8.95452e+08
9  55  9.23957e+08
9  56  8.46222e+08
9  57  8.89612e+08
9  58  8.86971e+08
9  59  7.98026e+08
9  60  6.63308e+08
9  61  5.95233e+08
9  62  4.87123e+08
9  63  3.56209e+08
9  64  3.175e+08
9  65  2.82054e+08
9  66  2.50045e+08
9  67  2.09945e+08
10  0  1.20331e+08
10  1  1.23146e+08
10  2  1.34747e+08
10  3  1.50391e+08
10  4  1.64966e+08
10  5  2.10302e+08
10  6  2.07819e+08
10  7  2.877e+08
10  8  3.15874e+08
10  9  3.02223e+08
10  10  3.37195e+08
10  11  3.37609e+08
10  12  3.98838e+08
10  13  3.59946e+08
10  14  4.09538e+08
10  15  4.52753e+08
10  16  5.61216e+08
10  17  5.11156e+08
10  18  5.91141e+08
10  19  6.00769e+08
10  20  6.22872e+08
10  21  5.93786e+08
10  22  5.80706e+08
10  23  6.0841e+08
10  24  5.93182e+08
10  25  6.5462e+08
10  26  6.79024e+08
10  27  7.20156e+08
10  28  6.9503e+08
10  29  6.44699e+08
10  30  6.955e+08
10  31  7.57459e+08
10  32  7.73529e+08
10  33  7.77263e+08
10  34  7.55569e+08
10  35  8.26327e+08
10  36  8.34122e+08
10  37  8.45731e+08
10  38  8.9871e+08
10  39  1.08777e+09
10  40  1.05576e+09
10  41  1.0471e+09
10  42  1.13e+09
10  43  1.18106e+09
10  44  1.12363e+09
10  45  9.44625e+08
10  46  9.3966e+08
10  47  9.55076e+08
10  48  9.2398e+08
10  49  9.05619e+08
10  50  9.16686e+08
10  51  9.27805e+08
10  52  9.95459e+08
10  53  9.05925e+08
10  54  1.03739e+09
10  55  1.01538e+09
10  56  8.53076e+08
10  57  8.88853e+08
10  58  8.16372e+08
10  59  7.48403e+08
10  60  6.13064e+08
10  61  5.07487e+08
10  62  4.0949e+08
10  63  3.45927e+08
10  64  3.12424e+08
10  65  2.89739e+08
10  66  2.59669e+08
10  67  2.11307e+08
11  0  1.19146e+08
11  1  1.45633e+08
11  2  1.42991e+08
11  3  1.69993e+08
11  4  1.76571e+08
11  5  1.89048e+08
11  6  2.43059e+08
11  7  2.82106e+08
11  8  3.04314e+08
11  9  3.3179e+08
11  10  3.44449e+08
11  11  3.77309e+08
11  12  4.08701e+08
11  13  3.72728e+08
11  14  4.51619e+08
11  15  4.45598e+08
11  16  4.97102e+08
11  17  5.76132e+08
11  18  6.43059e+08
11  19  7.04355e+08
11  20  6.79405e+08
11  21  5.87018e+08
11  22  6.64062e+08
11  23  6.50893e+08
11  24  6.38094e+08
11  25  6.56296e+08
11  26  6.433e+08
11  27  7.10804e+08
11  28  6.58402e+08
11  29  7.26274e+08
11  30  7.57897e+08
11  31  7.01088e+08
11  32  8.63093e+08
11  33  7.84518e+08
11  34  7.56721e+08
11  35  7.34485e+08
11  36  8.28907e+08
11  37  9.7597e+08
11  38  9.22595e+08
11  39  9.23391e+08
11  40  1.05637e+09
11  41  1.05492e+09
11  42  1.03887e+09
11  43  1.06905e+09
11  44  1.10094e+09
11  45  1.04086e+09
11  46  9.77282e+08
11  47  9.92992e+08
11  48  9.67996e+08
11  49  1.05311e+09
11  50  8.95596e+08
11  51  9.79072e+08
11  52  9.76384e+08
11  53  1.01161e+09
11  54  1.02431e+09
11  55  9.46855e+08
11  56  9.46051e+08
11  57  8.98837e+08
11  58  8.42923e+08
11  59  7.4697e+08
11  60  6.28033e+08
11  61  5.73624e+08
11  62  4.29716e+08
11  63  3.80968e+08
11  64  3.17218e+08
11  65  3.20333e+08
11  66  2.76406e+08
11  67  2.30081e+08
12  0  1.3682e+08
12  1  1.28805e+08
12  2  1.57662e+08
12  3  1.8196e+08
12  4  2.11092e+08
12  5  2.1826e+08
12  6  2.62722e+08
12  7  3.19472e+08
12  8  3.35395e+08
12  9  3.74914e+08
12  10  4.17161e+08
12  11  3.84446e+08
12  12  4.28826e+08
12  13  4.47562e+08
12  14  5.03083e+08
12  15  5.38912e+08
12  16  5.71127e+08
12  17  5.95838e+08
12  18  6.64308e+08
12  19  7.20877e+08
12  20  7.42977e+08
12  21  6.89944e+08
12  22  6.01673e+08
12  23  6.51361e+08
12  24  6.41361e+08
12  25  6.84141e+08
12  26  7.75287e+08
12  27  7.2249e+08
12  28  8.01685e+08
12  29  6.62162e+08
12  30  7.39535e+08
12  31  8.74875e+08
12  32  9.03071e+08
12  33  8.05223e+08
12  34  8.35051e+08
12  35  8.7181e+08
12  36  8.48988e+08
12  37  9.37505e+08
12  38  8.64711e+08
12  39  1.0216e+09
12  40  1.01637e+09
12  41  1.01546e+09
12  42  1.06623e+09
12  43  1.22791e+09
12  44  1.21259e+09
12  45  1.11079e+09
12  46  1.03766e+09
12  47  9.83795e+08
12  48  1.03872e+09
12  49  1.00667e+09
12  50  9.85292e+08
12  51  1.01942e+09
12  52  9.3692e+08
12  53  9.6656e+08
12  54  9.33799e+08
12  55  9.87967e+08
12  56  9.62804e+08
12  57  1.03424e+09
12  58  8.55602e+08
12  59  8.00324e+08
12  60  7.33232e+08
12  61  5.72571e+08
12  62  5.02953e+08
12  63  3.90379e+08
12  64  3.40646e+08
12  65  3.3564e+08
12  66  2.96285e+08
12  67  2.81325e+08
13  0  1.35898e+08
13  1  1.40454e+08
13  2  1.68828e+08
13  3  1.97376e+08
13  4  2.14644e+08
13  5  2.26688e+08
13  6  3.14609e+08
13  7  2.95453e+08
13  8  3.63932e+08
13  9  3.62161e+08
13  10  4.06304e+08
13  11  4.66472e+08
13  12  5.01068e+08
13  13  4.92128e+08
13  14  5.54336e+08
13  15  5.71455e+08
13  16  5.79045e+08
13  17  6.99103e+08
13  18  7.15853e+08
13  19  7.71792e+08
13  20  7.43149e+08
13  21  7.08949e+08
13  22  6.50611e+08
13  23  6.61699e+08
13  24  8.33673e+08
13  25  7.39925e+08
13  26  8.11652e+08
13  27  7.9591e+08
13  28  8.55915e+08
13  29  7.4437e+08
13  30  7.66756e+08
13  31  8.08406e+08
13  32  8.91183e+08
13  33  8.80435e+08
13  34  9.37053e+08
13  35  8.46372e+08
13  36  8.5419e+08
13  37  9.69075e+08
13  38  1.01492e+09
13  39  1.075e+09
13  40  1.09967e+09
13  41  1.01813e+09
13  42  1.15886e+09
13  43  1.07351e+09
13  44  1.11561e+09
13  45  1.05715e+09
13  46  1.0442e+09
13  47  1.07048e+09
13  48  1.03811e+09
13  49  1.03721e+09
13  50  9.78591e+08
13  51  9.03541e+08
13  52  1.00724e+09
13  53  9.53352e+08
13  54  9.41481e+08
13  55  8.84261e+08
13  56  9.33465e+08
13  57  8.95183e+08
13  58  9.59031e+08
13  59  7.94602e+08
13  60  6.06257e+08
13  61  5.03444e+08
13  62  4.93607e+08
13  63  4.14418e+08
13  64  3.40318e+08
13  65  2.85471e+08
13  66  3.09948e+08
13  67  2.70328e+08
14  0  1.75969e+08
14  1  1.76637e+08
14  2  1.99178e+08
14  3  1.88381e+08
14  4  2.26528e+08
14  5  2.38582e+08
14  6  2.99487e+08
14  7  3.59336e+08
14  8  3.90109e+08
14  9  4.15429e+08
14  10  4.71344e+08
14  11  4.80614e+08
14  12  5.29758e+08
14  13  5.12254e+08
14  14  5.74303e+08
14  15  5.20452e+08
14  16  6.0381e+08
14  17  7.5896e+08
14  18  7.27287e+08
14  19  8.07034e+08
14  20  8.19643e+08
14  21  7.40523e+08
14  22  7.555e+08
14  23  7.53553e+08
14  24  7.60926e+08
14  25  7.95027e+08
14  26  7.84909e+08
14  27  7.89789e+08
14  28  8.39528e+08
14  29  8.19911e+08
14  30  8.22862e+08
14  31  8.4386e+08
14  32  8.48974e+08
14  33  9.21518e+08
14  34  9.47587e+08
14  35  9.24785e+08
14  36  9.12618e+08
14  37  9.35973e+08
14  38  1.03863e+09
14  39  1.19288e+09
14  40  1.11326e+09
14  41  1.1291e+09
14  42  1.18603e+09
14  43  1.08255e+09
14  44  1.2236e+09
14  45  1.0623e+09
14  46  1.04175e+09
14  47  9.57094e+08
14  48  1.0338e+09
14  49  1.14204e+09
14  50  1.00412e+09
14  51  1.00477e+09
14  52  9.90939e+08
14  53  9.40938e+08
14  54  1.00907e+09
14  55  9.50138e+08
14  56  9.45173e+08
14  57  9.84478e+08
14  58  8.3972e+08
14  59  7.81682e+08
14  60  7.29257e+08
14  61  5.546e+08
14  62  4.74005e+08
14  63  4.045e+08
14  64  3.44237e+08
14  65  3.32737e+08
14  66  3.08883e+08
14  67  2.99679e+08
15  0  1.71533e+08
15  1  1.6861e+08
15  2  1.89223e+08
15  3  1.96039e+08
15  4  2.4477e+08
15  5  2.81415e+08
15  6  3.06639e+08
15  7  3.6388e+08
15  8  4.38901e+08
15  9  5.10081e+08
15  10  4.50616e+08
15  11  4.71382e+08
15  12  5.24346e+08
15  13  5.90863e+08
15  14  6.33584e+08
15  15  6.3254e+08
15  16  7.52027e+08
15  17  7.73002e+08
15  18  8.3925e+08
15  19  1.01062e+09
15  20  8.85402e+08
15  21  7.10491e+08
15  22  7.94999e+08
15  23  8.28279e+08
15  24  8.07032e+08
15  25  8.68221e+08
15  26  9.13239e+08
15  27  8.65548e+08
15  28  8.48039e+08
15  29  9.12404e+08
15  30  8.39908e+08
15  31  8.79863e+08
15  32  9.2134e+08
15  33  9.31916e+08
15  34  9.8257e+08
15  35  9.31747e+08
15  36  9.40327e+08
15  37  1.04654e+09
15  38  1.04978e+09
15  39  1.0607e+09
15  40  1.01956e+09
15  41  1.16808e+09
15  42  1.09911e+09
15  43  1.17659e+09
15  44  1.09885e+09
15  45  1.10075e+09
15  46  1.21463e+09
15  47  1.084e+09
15  48  9.99534e+08
15  49  1.056e+09
15  50  8.90096e+08
15  51  8.99519e+08
15  52  1.05087e+09
15  53  9.7513e+08
15  54  9.72541e+08
15  55  9.71446e+08
15  56  1.04179e+09
15  57  9.0913e+08
15  58  8.60881e+08
15  59  8.00747e+08
15  60  7.359e+08
15  61  5.27595e+08
15  62  4.72531e+08
15  63  3.9456e+08
15  64  3.843e+08
15  65  3.27585e+08
15  66  2.63133e+08
15  67  2.83138e+08
16  0  1.78716e+08
16  1  1.81058e+08
16  2  2.25905e+08
16  3  2.41551e+08
16  4  2.61845e+08
16  5  2.88683e+08
16  6  3.48245e+08
16  7  4.6526e+08
16  8  4.84591e+08
16  9  5.14826e+08
16  10  5.03917e+08
16  11  5.38088e+08
16  12  6.17494e+08
16  13  5.78834e+08
16  14  6.26033e+08
16  15  6.47363e+08
16  16  7.57561e+08
16  17  7.82368e+08
16  18  8.86751e+08
16  19  9.0199e+08
16  20  8.39599e+08
16  21  8.39674e+08
16  22  7.86383e+08
16  23  8.40502e+08
16  24  9.00579e+08
16  25  8.36137e+08
16  26  9.11854e+08
16  27  9.65657e+08
16  28  8.74656e+08
16  29  8.78398e+08
16  30  9.00991e+08
16  31  8.62656e+08
16  32  9.81801e+08
16  33  9.34295e+08
16  34  1.01814e+09
16  35  9.28035e+08
16  36  9.11723e+08
16  37  8.87511e+08
16  38  9.64659e+08
16  39  1.005e+09
16  40  1.0353e+09
16  41  1.0318e+09
16  42  1.10762e+09
16  43  1.14295e+09
16  44  1.15648e+09
16  45  1.0111e+09
16  46  1.19967e+09
16  47  1.12304e+09
16  48  1.13467e+09
16  49  9.78165e+08
16  50  1.07467e+09
16  51  9.89166e+08
16  52  1.01574e+09
16  53  9.77576e+08
16  54  9.86184e+08
16  55  1.05379e+09
16  56  9.10479e+08
16  57  9.23332e+08
16  58  8.51598e+08
16  59  8.67527e+08
16  60  7.32585e+08
16  61  6.29582e+08
16  62  5.34548e+08
16  63  4.91587e+08
16  64  3.36744e+08
16  65  3.52256e+08
16  66  3.41281e+08
16  67  3.11617e+08
17  0  1.80915e+08
17  1  2.21703e+08
17  2  2.00189e+08
17  3  2.4934e+08
17  4  2.90675e+08
17  5  3.12887e+08
17  6  3.77527e+08
17  7  4.70002e+08
17  8  4.6623e+08
17  9  5.45187e+08
17  10  5.53786e+08
17  11  5.89468e+08
17  12  5.88504e+08
17  13  6.14832e+08
17  14  7.26622e+08
17  15  6.75341e+08
17  16  8.47189e+08
17  17  6.76105e+08
17  18  9.12546e+08
17  19  9.76317e+08
17  20  1.05562e+09
17  21  8.54795e+08
17  22  8.49665e+08
17  23  8.34113e+08
17  24  9.73195e+08
17  25  9.19461e+08
17  26  1.01689e+09
17  27  8.97015e+08
17  28  9.0633e+08
17  29  8.99527e+08
17  30  8.64529e+08
17  31  8.91011e+08
17  32  1.00814e+09
17  33  9.0694e+08
17  34  9.29284e+08
17  35  8.78659e+08
17  36  1.00049e+09
17  37  9.95608e+08
17  38  1.09624e+09
17  39  1.12067e+09
17  40  1.21962e+09
17  41  1.17004e+09
17  42  1.14736e+09
17  43  1.22041e+09
17  44  1.21854e+09
17  45  1.04602e+09
17  46  1.14999e+09
17  47  1.04535e+09
17  48  1.06877e+09
17  49  9.93981e+08
17  50  9.33846e+08
17  51  1.00435e+09
17  52  9.44839e+08
17  53  1.03637e+09
17  54  1.02021e+09
17  55  1.07036e+09
17  56  1.01075e+09
17  57  1.01631e+09
17  58  8.51011e+08
17  59  7.96286e+08
17  60  7.45842e+08
17  61  6.30258e+08
17  62  5.17366e+08
17  63  4.46149e+08
17  64  3.84682e+08
17  65  3.32132e+08
17  66  3.78998e+08
17  67  3.17268e+08
18  0  2.14779e+08
18  1  2.62943e+08
18  2  2.54331e+08
18  3  2.83645e+08
18  4  2.87946e+08
18  5  3.3861e+08
18  6  4.0125e+08
18  7  5.22479e+08
18  8  6.08994e+08
18  9  5.62982e+08
18  10  6.59973e+08
18  11  6.90161e+08
18  12  6.72962e+08
18  13  6.51491e+08
18  14  7.24188e+08
18  15  7.43795e+08
18  16  8.12587e+08
18  17  8.41469e+08
18  18  1.04252e+09
18  19  9.67493e+08
18  20  9.86814e+08
18  21  8.68194e+08
18  22  8.74201e+08
18  23  9.45153e+08
18  24  9.15494e+08
18  25  9.23164e+08
18  26  1.058e+09
18  27  9.98777e+08
18  28  9.39379e+08
18  29  9.51783e+08
18  30  1.01724e+09
18  31  8.86998e+08
18  32  9.73673e+08
18  33  1.02196e+09
18  34  1.06969e+09
18  35  9.80493e+08
18  36  1.0614e+09
18  37  1.12848e+09
18  38  1.15502e+09
18  39  1.18441e+09
18  40  1.22727e+09
18  41  1.17936e+09
18  42  1.30132e+09
18  43  1.27748e+09
18  44  1.20036e+09
18  45  1.13227e+09
18  46  1.1447e+09
18  47  1.12541e+09
18  48  1.14159e+09
18  49  1.046e+09
18  50  1.073e+09
18  51  1.10787e+09
18  52  1.03329e+09
18  53  1.10027e+09
18  54  1.05274e+09
18  55  1.05507e+09
18  56  9.22884e+08
18  57  9.14005e+08
18  58  9.21603e+08
18  59  8.16816e+08
18  60  7.26219e+08
18  61  6.60218e+08
18  62  5.83664e+08
18  63  5.19443e+08
18  64  4.17441e+08
18  65  3.73744e+08
18  66  3.96121e+08
18  67  4.03117e+08
19  0  2.26321e+08
19  1  2.44472e+08
19  2  2.68271e+08
19  3  2.93497e+08
19  4  3.67115e+08
19  5  3.75983e+08
19  6  4.54742e+08
19  7  5.1315e+08
19  8  5.66225e+08
19  9  6.51768e+08
19  10  6.7657e+08
19  11  6.77934e+08
19  12  7.22989e+08
19  13  7.66389e+08
19  14  7.78224e+08
19  15  8.21378e+08
19  16  8.52196e+08
19  17  9.95832e+08
19  18  9.48488e+08
19  19  9.7444e+08
19  20  1.01334e+09
19  21  8.93726e+08
19  22  9.17964e+08
19  23  9.2442e+08
19  24  1.03481e+09
19  25  9.86507e+08
19  26  1.04654e+09
19  27  9.01473e+08
19  28  1.01592e+09
19  29  8.60358e+08
19  30  9.63692e+08
19  31  9.17807e+08
19  32  9.17869e+08
19  33  1.04004e+09
19  34  1.06229e+09
19  35  9.40018e+08
19  36  1.0379e+09
19  37  1.13411e+09
19  38  1.14807e+09
19  39  1.08374e+09
19  40  1.21311e+09
19  41  1.26771e+09
19  42  1.30173e+09
19  43  1.23687e+09
19  44  1.31878e+09
19  45  1.20033e+09
19  46  1.05895e+09
19  47  1.10346e+09
19  48  1.08422e+09
19  49  1.08767e+09
19  50  1.17519e+09
19  51  1.13799e+09
19  52  1.01861e+09
19  53  1.15862e+09
19  54  9.84367e+08
19  55  1.11161e+09
19  56  9.42471e+08
19  57  9.6773e+08
19  58  8.30176e+08
19  59  9.28669e+08
19  60  6.97928e+08
19  61  7.17861e+08
19  62  5.44928e+08
19  63  5.03007e+08
19  64  4.17859e+08
19  65  3.95843e+08
19  66  3.83808e+08
19  67  4.07756e+08
20  0  2.74706e+08
20  1  2.70419e+08
20  2  2.86681e+08
20  3  3.14079e+08
20  4  3.33221e+08
20  5  4.7562e+08
20  6  4.94601e+08
20  7  5.89696e+08
20  8  6.08478e+08
20  9  6.80049e+08
20  10  7.35562e+08
20  11  6.8971e+08
20  12  7.87045e+08
20  13  7.94422e+08
20  14  7.9848e+08
20  15  9.38891e+08
20  16  8.91385e+08
20  17  9.79371e+08
20  18  1.11976e+09
20  19  1.16437e+09
20  20  9.95641e+08
20  21  9.6477e+08
20  22  9.55494e+08
20  23  9.80835e+08
20  24  1.07982e+09
20  25  1.11739e+09
20  26  1.03621e+09
20  27  8.83242e+08
20  28  9.19063e+08
20  29  9.27283e+08
20  30  1.00903e+09
20  31  9.14854e+08
20  32  9.67941e+08
20  33  1.03386e+09
20  34  1.00395e+09
20  35  9.67298e+08
20  36  9.82937e+08
20  37  1.04334e+09
20  38  1.20074e+09
20  39  1.0816e+09
20  40  1.0845e+09
20  41  1.20237e+09
20  42  1.21193e+09
20  43  1.13493e+09
20  44  1.23663e+09
20  45  1.14193e+09
20  46  1.02017e+09
20  47  1.19648e+09
20  48  1.08408e+09
20  49  1.08509e+09
20  50  1.12286e+09
20  51  1.05048e+09
20  52  1.02777e+09
20  53  1.15734e+09
20  54  9.5473e+08
20  55  1.01432e+09
20  56  1.10604e+09
20  57  8.97835e+08
20  58  8.93566e+08
20  59  8.57388e+08
20  60  7.58747e+08
20  61  6.76709e+08
20  62  6.32784e+08
20  63  5.21007e+08
20  64  4.65944e+08
20  65  3.90237e+08
20  66  3.79771e+08
20  67  4.16173e+08
21  0  2.51234e+08
21  1  2.8321e+08
21  2  3.16238e+08
21  3  3.22626e+08
21  4  3.52035e+08
21  5  4.35256e+08
21  6  4.82015e+08
21  7  6.0303e+08
21  8  6.02197e+08
21  9  6.85568e+08
21  10  7.52843e+08
21  11  7.36831e+08
21  12  8.2012e+08
21  13  8.33098e+08
21  14  8.39204e+08
21  15  8.4925e+08
21  16  9.167e+08
21  17  9.87762e+08
21  18  1.05251e+09
21  19  1.07184e+09
21  20  1.07102e+09
21  21  1.07423e+09
21  22  1.06647e+09
21  23  1.01889e+09
21  24  9.74156e+08
21  25  1.11525e+09
21  26  1.02598e+09
21  27  9.4546e+08
21  28  9.50382e+08
21  29  9.54683e+08
21  30  9.93729e+08
21  31  9.12886e+08
21  32  9.65287e+08
21  33  1.04701e+09
21  34  1.02158e+09
21  35  1.05664e+09
21  36  1.03257e+09
21  37  1.03968e+09
21  38  1.18157e+09
21  39  1.14942e+09
21  40  1.12643e+09
21  41  1.21974e+09
21  42  1.35447e+09
21  43  1.39588e+09
21  44  1.10808e+09
21  45  1.21832e+09
21  46  1.01456e+09
21  47  1.04363e+09
21  48  1.07645e+09
21  49  1.0897e+09
21  50  1.09491e+09
21  51  1.13695e+09
21  52  9.43744e+08
21  53  8.89052e+08
21  54  1.05456e+09
21  55  1.00841e+09
21  56  9.63195e+08
21  57  9.28131e+08
21  58  9.73249e+08
21  59  8.44299e+08
21  60  7.4346e+08
21  61  7.48527e+08
21  62  6.30466e+08
21  63  5.79608e+08
21  64  4.87092e+08
21  65  4.13389e+08
21  66  3.92976e+08
21  67  4.54674e+08
22  0  2.90228e+08
22  1  3.19513e+08
22  2  3.31152e+08
22  3  3.21807e+08
22  4  3.82923e+08
22  5  4.14248e+08
22  6  4.97045e+08
22  7  6.25774e+08
22  8  7.44797e+08
22  9  8.03584e+08
22  10  8.89549e+08
22  11  8.32869e+08
22  12  8.32286e+08
22  13  8.27135e+08
22  14  9.38582e+08
22  15  9.23947e+08
22  16  1.00531e+09
22  17  1.00011e+09
22  18  1.05179e+09
22  19  1.15131e+09
22  20  1.32308e+09
22  21  1.144e+09
22  22  1.02055e+09
22  23  1.14012e+09
22  24  1.03575e+09
22  25  1.0925e+09
22  26  1.15221e+09
22  27  9.73677e+08
22  28  9.99501e+08
22  29  9.44697e+08
22  30  9.29979e+08
22  31  9.39934e+08
22  32  1.00294e+09
22  33  1.05514e+09
22  34  1.05812e+09
22  35  1.14265e+09
22  36  1.00736e+09
22  37  1.02015e+09
22  38  1.18091e+09
22  39  1.09094e+09
22  40  1.10372e+09
22  41  1.20287e+09
22  42  1.26752e+09
22  43  1.24889e+09
22  44  1.23551e+09
22  45  1.2032e+09
22  46  1.1801e+09
22  47  1.03321e+09
22  48  1.02612e+09
22  49  1.07901e+09
22  50  1.07638e+09
22  51  9.63144e+08
22  52  9.97557e+08
22  53  1.04188e+09
22  54  9.07676e+08
22  55  9.02297e+08
22  56  9.40777e+08
22  57  1.01628e+09
22  58  8.15992e+08
22  59  8.29389e+08
22  60  7.53846e+08
22  61  7.52099e+08
22  62  6.56468e+08
22  63  5.87309e+08
22  64  5.52188e+08
22  65  4.4445e+08
22  66  4.12491e+08
22  67  4.4553e+08
23  0  2.8294e+08
23  1  3.06587e+08
23  2  3.57908e+08
23  3  3.22073e+08
23  4  3.99919e+08
23  5  4.6001e+08
23  6  5.49037e+08
23  7  6.52689e+08
23  8  7.85107e+08
23  9  8.36557e+08
23  10  7.92359e+08
23  11  8.35867e+08
23  12  9.30241e+08
23  13  8.74425e+08
23  14  9.685e+08
23  15  8.32092e+08
23  16  8.76853e+08
23  17  1.00085e+09
23  18  1.05268e+09
23  19  1.13174e+09
23  20  1.19146e+09
23  21  1.17643e+09
23  22  1.11247e+09
23  23  9.64405e+08
23  24  1.20269e+09
23  25  1.13168e+09
23  26  1.07788e+09
23  27  1.08754e+09
23  28  1.101e+09
23  29  1.04249e+09
23  30  1.07466e+09
23  31  1.00671e+09
23  32  1.01863e+09
23  33  1.10411e+09
23  34  9.71105e+08
23  35  1.06396e+09
23  36  1.02403e+09
23  37  1.07465e+09
23  38  1.22869e+09
23  39  1.18709e+09
23  40  1.14712e+09
23  41  1.25965e+09
23  42  1.21845e+09
23  43  1.14561e+09
23  44  1.24388e+09
23  45  1.16777e+09
23  46  1.07097e+09
23  47  1.01674e+09
23  48  1.16003e+09
23  49  1.17297e+09
23  50  1.12715e+09
23  51  9.82004e+08
23  52  9.18328e+08
23  53  9.30195e+08
23  54  1.01001e+09
23  55  1.05065e+09
23  56  9.3972e+08
23  57  8.51118e+08
23  58  9.14915e+08
23  59  8.67914e+08
23  60  7.76575e+08
23  61  7.26902e+08
23  62  6.58133e+08
23  63  5.89376e+08
23  64  5.58679e+08
23  65  5.30742e+08
23  66  4.24641e+08
23  67  4.54893e+08
24  0  3.53591e+08
24  1  3.67096e+08
24  2  3.62333e+08
24  3  4.1429e+08
24  4  4.81668e+08
24  5  5.59397e+08
24  6  5.93668e+08
24  7  6.8892e+08
24  8  8.82737e+08
24  9  8.37976e+08
24  10  9.15053e+08
24  11  8.69689e+08
24  12  8.97269e+08
24  13  9.86794e+08
24  14  9.60665e+08
24  15  9.53051e+08
24  16  9.88841e+08
24  17  1.05121e+09
24  18  1.14185e+09
24  19  1.23073e+09
24  20  1.18479e+09
24  21  1.11595e+09
24  22  1.02919e+09
24  23  1.13701e+09
24  24  1.09358e+09
24  25  1.19254e+09
24  26  1.16077e+09
24  27  1.13995e+09
24  28  1.06744e+09
24  29  1.05939e+09
24  30  1.03421e+09
24  31  1.03128e+09
24  32  1.09619e+09
24  33  1.10579e+09
24  34  1.18818e+09
24  35  1.23533e+09
24  36  9.71064e+08
24  37  1.05935e+09
24  38  1.12052e+09
24  39  1.25525e+09
24  40  1.24194e+09
24  41  1.27097e+09
24  42  1.24335e+09
24  43  1.27352e+09
24  44  1.28416e+09
24  45  1.08e+09
24  46  1.10513e+09
24  47  1.10432e+09
24  48  1.12726e+09
24  49  1.25772e+09
24  50  1.15917e+09
24  51  1.08706e+09
24  52  1.00729e+09
24  53  1.03787e+09
24  54  9.71001e+08
24  55  9.87237e+08
24  56  9.60273e+08
24  57  1.01479e+09
24  58  9.16343e+08
24  59  9.12354e+08
24  60  9.05253e+08
24  61  7.8028e+08
24  62  6.85487e+08
24  63  6.13655e+08
24  64  5.18157e+08
24  65  5.3061e+08
24  66  4.7056e+08
24  67  4.13162e+08
25  0  3.59479e+08
25  1  3.73405e+08
25  2  4.13919e+08
25  3  4.24893e+08
25  4  5.22371e+08
25  5  5.05548e+08
25  6  6.71595e+08
25  7  7.12054e+08
25  8  8.21812e+08
25  9  9.50065e+08
25  10  1.01539e+09
25  11  9.26991e+08
25  12  1.07996e+09
25  13  9.59881e+08
25  14  1.09995e+09
25  15  1.04207e+09
25  16  9.62164e+08
25  17  1.01888e+09
25  18  1.12681e+09
25  19  1.27399e+09
25  20  1.14628e+09
25  21  1.0773e+09
25  22  1.01606e+09
25  23  1.09382e+09
25  24  1.22853e+09
25  25  1.2615e+09
25  26  1.19802e+09
25  27  1.08592e+09
25  28  1.17267e+09
25  29  1.01529e+09
25  30  9.52383e+08
25  31  1.02428e+09
25  32  1.01973e+09
25  33  1.14878e+09
25  34  1.06594e+09
25  35  1.00068e+09
25  36  1.02609e+09
25  37  1.09114e+09
25  38  1.20562e+09
25  39  1.05021e+09
25  40  1.1773e+09
25  41  1.33014e+09
25  42  1.19802e+09
25  43  1.20318e+09
25  44  1.27409e+09
25  45  1.24552e+09
25  46  1.06274e+09
25  47  1.17528e+09
25  48  1.03227e+09
25  49  1.15572e+09
25  50  1.10252e+09
25  51  1.03956e+09
25  52  9.52119e+08
25  53  1.06885e+09
25  54  1.04699e+09
25  55  9.11509e+08
25  56  1.01845e+09
25  57  1.00847e+09
25  58  8.93084e+08
25  59  1.01097e+09
25  60  9.28739e+08
25  61  7.94738e+08
25  62  7.25359e+08
25  63  6.85892e+08
25  64  5.55006e+08
25  65  5.26701e+08
25  66  5.19779e+08
25  67  5.21841e+08
26  0  3.86496e+08
26  1  4.15774e+08
26  2  4.36194e+08
26  3  4.71779e+08
26  4  5.2438e+08
26  5  6.24454e+08
26  6  6.16172e+08
26  7  8.2298e+08
26  8  1.0251e+09
26  9  9.49245e+08
26  10  9.79267e+08
26  11  1.10526e+09
26  12  9.99112e+08
26  13  9.73315e+08
26  14  1.05695e+09
26  15  1.0266e+09
26  16  1.11216e+09
26  17  1.10171e+09
26  18  1.05741e+09
26  19  1.24876e+09
26  20  1.11634e+09
26  21  1.06437e+09
26  22  1.10683e+09
26  23  1.09922e+09
26  24  1.19052e+09
26  25  1.1572e+09
26  26  1.08939e+09
26  27  1.11448e+09
26  28  1.01223e+09
26  29  1.00949e+09
26  30  1.05263e+09
26  31  1.07312e+09
26  32  1.08565e+09
26  33  1.18038e+09
26  34  1.08298e+09
26  35  1.12285e+09
26  36  1.07673e+09
26  37  1.05391e+09
26  38  1.13631e+09
26  39  1.06281e+09
26  40  1.21196e+09
26  41  1.27712e+09
26  42  1.18529e+09
26  43  1.25856e+09
26  44  1.24219e+09
26  45  1.24223e+09
26  46  1.14503e+09
26  47  1.06564e+09
26  48  1.18589e+09
26  49  1.10591e+09
26  50  1.04645e+09
26  51  1.1746e+09
26  52  9.64514e+08
26  53  1.06317e+09
26  54  9.09032e+08
26  55  1.1351e+09
26  56  9.86574e+08
26  57  9.77589e+08
26  58  9.67346e+08
26  59  9.99381e+08
26  60  9.20718e+08
26  61  8.80384e+08
26  62  7.46726e+08
26  63  7.10492e+08
26  64  6.19429e+08
26  65  5.61553e+08
26  66  5.31594e+08
26  67  5.31425e+08
27  0  3.8417e+08
27  1  4.12686e+08
27  2  4.3398e+08
27  3  4.81842e+08
27  4  5.78314e+08
27  5  5.85474e+08
27  6  6.98419e+08
27  7  8.79017e+08
27  8  9.12537e+08
27  9  1.07146e+09
27  10  1.11829e+09
27  11  1.03683e+09
27  12  1.16655e+09
27  13  1.11658e+09
27  14  9.91247e+08
27  15  1.12284e+09
27  16  1.05393e+09
27  17  1.15195e+09
27  18  1.18344e+09
27  19  1.11089e+09
27  20  1.13636e+09
27  21  1.06046e+09
27  22  1.13163e+09
27  23  1.11537e+09
27  24  1.04889e+09
27  25  1.12676e+09
27  26  1.21161e+09
27  27  1.14029e+09
27  28  1.15262e+09
27  29  1.0563e+09
27  30  1.02857e+09
27  31  1.04097e+09
27  32  1.1942e+09
27  33  1.13942e+09
27  34  1.1831e+09
27  35  1.15252e+09
27  36  1.13833e+09
27  37  1.03961e+09
27  38  1.06248e+09
27  39  1.20029e+09
27  40  1.33867e+09
27  41  1.20888e+09
27  42  1.15278e+09
27  43  1.16402e+09
27  44  1.2029e+09
27  45  1.04602e+09
27  46  9.9695e+08
27  47  1.10784e+09
27  48  1.13644e+09
27  49  1.03145e+09
27  50  1.0722e+09
27  51  1.01003e+09
27  52  9.87514e+08
27  53  1.0082e+09
27  54  1.01324e+09
27  55  9.87004e+08
27  56  9.37809e+08
27  57  1.02156e+09
27  58  9.53372e+08
27  59  8.65533e+08
27  60  9.10023e+08
27  61  8.61669e+08
27  62  7.49997e+08
27  63  7.15881e+08
27  64  6.11149e+08
27  65  5.64138e+08
27  66  6.03257e+08
27  67  5.30004e+08
28  0  4.65909e+08
28  1  4.96415e+08
28  2  4.74165e+08
28  3  5.19196e+08
28  4  6.21891e+08
28  5  6.51017e+08
28  6  7.30558e+08
28  7  9.20928e+08
28  8  1.11144e+09
28  9  1.03734e+09
28  10  1.18298e+09
28  11  1.20916e+09
28  12  1.14309e+09
28  13  9.82186e+08
28  14  1.03946e+09
28  15  1.1593e+09
28  16  1.10091e+09
28  17  1.0875e+09
28  18  1.15724e+09
28  19  1.12674e+09
28  20  1.15655e+09
28  21  1.15922e+09
28  22  1.07447e+09
28  23  1.04837e+09
28  24  1.1256e+09
28  25  1.09498e+09
28  26  1.28471e+09
28  27  1.18184e+09
28  28  1.06818e+09
28  29  9.94171e+08
28  30  8.96537e+08
28  31  1.05081e+09
28  32  1.00737e+09
28  33  1.07811e+09
28  34  1.11768e+09
28  35  1.14418e+09
28  36  1.0681e+09
28  37  1.2755e+09
28  38  1.14083e+09
28  39  1.03549e+09
28  40  1.13794e+09
28  41  1.28636e+09
28  42  1.12182e+09
28  43  1.24105e+09
28  44  1.17074e+09
28  45  1.11829e+09
28  46  1.04666e+09
28  47  1.04385e+09
28  48  1.1659e+09
28  49  1.0205e+09
28  50  1.15304e+09
28  51  1.0059e+09
28  52  1.04602e+09
28  53  1.11768e+09
28  54  9.66167e+08
28  55  1.00508e+09
28  56  1.00898e+09
28  57  9.71215e+08
28  58  1.06723e+09
28  59  9.17308e+08
28  60  9.28501e+08
28  61  8.84103e+08
28  62  8.59201e+08
28  63  6.85397e+08
28  64  6.27771e+08
28  65  5.68999e+08
28  66  5.56659e+08
28  67  5.59635e+08
29  0  4.50677e+08
29  1  4.99294e+08
29  2  5.20248e+08
29  3  5.28653e+08
29  4  6.01558e+08
29  5  6.38379e+08
29  6  7.2016e+08
29  7  1.03624e+09
29  8  1.17592e+09
29  9  1.1726e+09
29  10  1.17554e+09
29  11  1.16813e+09
29  12  1.26622e+09
29  13  1.20227e+09
29  14  1.07359e+09
29  15  1.09072e+09
29  16  1.20266e+09
29  17  1.09184e+09
29  18  1.22358e+09
29  19  1.12104e+09
29  20  1.2404e+09
29  21  1.23137e+09
29  22  1.05708e+09
29  23  1.07039e+09
29  24  1.0996e+09
29  25  1.07709e+09
29  26  1.12428e+09
29  27  1.07871e+09
29  28  1.09434e+09
29  29  1.07639e+09
29  30  1.06593e+09
29  31  1.19131e+09
29  32  1.05627e+09
29  33  1.15644e+09
29  34  1.09177e+09
29  35  1.09763e+09
29  36  1.12402e+09
29  37  1.10583e+09
29  38  1.07463e+09
29  39  1.115e+09
29  40  1.17821e+09
29  41  1.24949e+09
29  42  1.25214e+09
29  43  1.18423e+09
29  44  1.20649e+09
29  45  1.17665e+09
29  46  1.10254e+09
29  47  1.03654e+09
29  48  1.11063e+09
29  49  1.08125e+09
29  50  1.1787e+09
29  51  1.04475e+09
29  52  1.09326e+09
29  53  1.0395e+09
29  54  1.07173e+09
29  55  1.00265e+09
29  56  1.09642e+09
29  57  9.81142e+08
29  58  8.76082e+08
29  59  8.77974e+08
29  60  8.75571e+08
29  61  9.18192e+08
29  62  8.15127e+08
29  63  8.42754e+08
29  64  7.38499e+08
29  65  6.34544e+08
29  66  6.09659e+08
29  67  6.4523e+08
30  0  5.37754e+08
30  1  5.47842e+08
30  2  5.85431e+08
30  3  5.99466e+08
30  4  6.42091e+08
30  5  7.16414e+08
30  6  8.13396e+08
30  7  1.1819e+09
30  8  1.13514e+09
30  9  1.23268e+09
30  10  1.30695e+09
30  11  1.29137e+09
30  12  1.20813e+09
30  13  1.06827e+09
30  14  1.11326e+09
30  15  1.25877e+09
30  16  1.11081e+09
30  17  1.13975e+09
30  18  1.14556e+09
30  19  1.24246e+09
30  20  1.23334e+09
30  21  1.21787e+09
30  22  1.09207e+09
30  23  1.15629e+09
30  24  1.12361e+09
30  25  1.14458e+09
30  26  1.11773e+09
30  27  1.10755e+09
30  28  1.03715e+09
30  29  1.06868e+09
30  30  1.06527e+09
30  31  1.07461e+09
30  32  1.09767e+09
30  33  1.08768e+09
30  34  1.18958e+09
30  35  1.15553e+09
30  36  1.09722e+09
30  37  1.17949e+09
30  38  1.10478e+09
30  39  1.14952e+09
30  40  1.16249e+09
30  41  1.12125e+09
30  42  1.18888e+09
30  43  1.15481e+09
30  44  1.15668e+09
30  45  1.06719e+09
30  46  1.08197e+09
30  47  1.10941e+09
30  48  1.09549e+09
30  49  9.8485e+08
30  50  1.05354e+09
30  51  1.06066e+09
30  52  1.03086e+09
30  53  9.60653e+08
30  54  9.53217e+08
30  55  9.60655e+08
30  56  1.11025e+09
30  57  1.02796e+09
30  58  9.95026e+08
30  59  9.79246e+08
30  60  1.01324e+09
30  61  8.79218e+08
30  62  8.80493e+08
30  63  7.79027e+08
30  64  7.01221e+08
30  65  6.55073e+08
30  66  6.57139e+08
30  67  6.15496e+08
31  0  5.63603e+08
31  1  5.99e+08
31  2  6.06066e+08
31  3  6.10281e+08
31  4  6.54789e+08
31  5  7.62042e+08
31  6  8.78557e+08
31  7  1.08247e+09
31  8  1.25358e+09
31  9  1.32143e+09
31  10  1.16056e+09
31  11  1.29107e+09
31  12  1.27457e+09
31  13  1.17443e+09
31  14  1.18432e+09
31  15  1.32882e+09
31  16  1.17616e+09
31  17  1.21008e+09
31  18  1.27013e+09
31  19  1.24395e+09
31  20  1.26055e+09
31  21  1.20207e+09
31  22  1.14958e+09
31  23  1.01566e+09
31  24  1.10042e+09
31  25  1.20154e+09
31  26  1.23398e+09
31  27  1.12918e+09
31  28  1.05577e+09
31  29  1.13497e+09
31  30  1.19349e+09
31  31  1.0946e+09
31  32  1.09599e+09
31  33  1.11558e+09
31  34  1.15785e+09
31  35  1.16673e+09
31  36  1.14198e+09
31  37  1.14796e+09
31  38  1.05875e+09
31  39  1.11461e+09
31  40  1.16139e+09
31  41  1.33537e+09
31  42  1.2538e+09
31  43  1.25891e+09
31  44  1.06622e+09
31  45  1.11837e+09
31  46  1.11052e+09
31  47  1.05437e+09
31  48  9.34356e+08
31  49  1.00567e+09
31  50  9.68393e+08
31  51  1.13179e+09
31  52  9.24476e+08
31  53  9.71868e+08
31  54  8.95156e+08
31  55  1.02886e+09
31  56  1.04101e+09
31  57  9.36831e+08
31  58  8.91667e+08
31  59  9.3847e+08
31  60  8.98564e+08
31  61  9.47693e+08
31  62  8.83161e+08
31  63  7.67885e+08
31  64  7.56997e+08
31  65  6.60135e+08
31  66  6.79448e+08
31  67  7.39913e+08
32  0  5.94749e+08
32  1  6.09622e+08
32  2  6.44483e+08
32  3  6.57428e+08
32  4  6.88762e+08
32  5  8.42823e+08
32  6  9.29802e+08
32  7  1.10636e+09
32  8  1.42843e+09
32  9  1.41021e+09
32  10  1.30324e+09
32  11  1.34741e+09
32  12  1.44208e+09
32  13  1.13709e+09
32  14  1.25841e+09
32  15  1.30496e+09
32  16  1.25034e+09
32  17  1.26519e+09
32  18  1.27356e+09
32  19  1.2666e+09
32  20  1.24638e+09
32  21  1.26701e+09
32  22  1.20475e+09
32  23  1.25365e+09
32  24  1.23419e+09
32  25  1.19684e+09
32  26  1.03164e+09
32  27  1.15251e+09
32  28  1.07891e+09
32  29  1.13831e+09
32  30  1.06525e+09
32  31  1.15376e+09
32  32  1.1799e+09
32  33  1.22773e+09
32  34  1.33155e+09
32  35  1.19248e+09
32  36  1.20277e+09
32  37  1.27004e+09
32  38  1.25919e+09
32  39  1.24426e+09
32  40  1.19706e+09
32  41  1.24011e+09
32  42  1.16403e+09
32  43  1.24969e+09
32  44  1.20863e+09
32  45  1.20636e+09
32  46  1.07786e+09
32  47  1.10971e+09
32  48  1.06427e+09
32  49  1.13395e+09
32  50  1.09428e+09
32  51  1.01653e+09
32  52  1.00821e+09
32  53  1.00495e+09
32  54  9.85098e+08
32  55  1.06846e+09
32  56  1.03127e+09
32  57  9.3497e+08
32  58  1.03274e+09
32  59  9.22639e+08
32  60  9.62947e+08
32  61  8.73895e+08
32  62  8.92062e+08
32  63  7.74533e+08
32  64  7.12344e+08
32  65  6.7824e+08
32  66  6.93372e+08
32  67  7.28397e+08
33  0  6.34148e+08
33  1  5.96626e+08
33  2  6.97353e+08
33  3  7.69987e+08
33  4  8.26921e+08
33  5  8.82399e+08
33  6  1.03332e+09
33  7  1.21827e+09
33  8  1.32112e+09
33  9  1.44495e+09
33  10  1.30144e+09
33  11  1.29456e+09
33  12  1.28314e+09
33  13  1.31052e+09
33  14  1.2835e+09
33  15  1.34561e+09
33  16  1.21285e+09
33  17  1.32291e+09
33  18  1.13296e+09
33  19  1.29269e+09
33  20  1.21811e+09
33  21  1.26644e+09
33  22  1.09149e+09
33  23  1.20229e+09
33  24  1.12085e+09
33  25  1.31411e+09
33  26  1.1517e+09
33  27  1.25057e+09
33  28  1.08901e+09
33  29  1.14693e+09
33  30  1.05933e+09
33  31  1.19717e+09
33  32  1.17753e+09
33  33  1.05757e+09
33  34  1.2211e+09
33  35  1.21311e+09
33  36  1.20764e+09
33  37  1.2812e+09
33  38  1.21089e+09
33  39  1.29241e+09
33  40  1.31601e+09
33  41  1.22437e+09
33  42  1.24589e+09
33  43  1.14566e+09
33  44  1.19602e+09
33  45  1.10154e+09
33  46  1.13784e+09
33  47  1.24435e+09
33  48  8.90612e+08
33  49  9.99357e+08
33  50  1.03542e+09
33  51  1.05813e+09
33  52  9.61444e+08
33  53  9.47045e+08
33  54  9.87939e+08
33  55  1.11232e+09
33  56  1.03489e+09
33  57  1.0467e+09
33  58  9.71459e+08
33  59  9.63669e+08
33  60  8.89047e+08
33  61  8.95885e+08
33  62  7.66089e+08
33  63  7.68811e+08
33  64  7.56041e+08
33  65  7.07779e+08
33  66  7.27978e+08
33  67  6.80308e+08
34  0  6.92226e+08
34  1  7.29989e+08
34  2  8.04277e+08
34  3  7.26737e+08
34  4  8.51587e+08
34  5  9.75715e+08
34  6  1.06843e+09
34  7  1.12755e+09
34  8  1.40812e+09
34  9  1.47273e+09
34  10  1.45765e+09
34  11  1.51378e+09
34  12  1.25508e+09
34  13  1.39516e+09
34  14  1.27033e+09
34  15  1.3319e+09
34  16  1.24289e+09
34  17  1.28541e+09
34  18  1.33336e+09
34  19  1.20496e+09
34  20  1.30572e+09
34  21  1.25154e+09
34  22  1.26956e+09
34  23  1.16846e+09
34  24  1.35062e+09
34  25  1.23609e+09
34  26  1.26039e+09
34  27  1.20173e+09
34  28  1.17148e+09
34  29  1.16077e+09
34  30  1.1738e+09
34  31  1.08695e+09
34  32  1.20751e+09
34  33  1.18246e+09
34  34  1.18315e+09
34  35  1.19273e+09
34  36  1.22154e+09
34  37  1.17437e+09
34  38  1.29673e+09
34  39  1.32197e+09
34  40  1.17881e+09
34  41  1.20568e+09
34  42  1.30927e+09
34  43  1.16321e+09
34  44  1.18695e+09
34  45  1.26232e+09
34  46  1.12184e+09
34  47  9.8895e+08
34  48  1.0747e+09
34  49  1.09842e+09
34  50  1.08722e+09
34  51  1.0066e+09
34  52  1.01009e+09
34  53  1.02877e+09
34  54  1.09772e+09
34  55  9.87459e+08
34  56  9.00902e+08
34  57  1.02017e+09
34  58  1.10772e+09
34  59  1.01765e+09
34  60  8.51921e+08
34  61  8.96573e+08
34  62  7.53537e+08
34  63  8.3169e+08
34  64  7.58329e+08
34  65  7.76544e+08
34  66  7.55727e+08
34  67  8.76572e+08
35  0  7.42628e+08
35  1  7.42055e+08
35  2  7.89474e+08
35  3  8.299e+08
35  4  7.99261e+08
35  5  9.36043e+08
35  6  1.16847e+09
35  7  1.34365e+09
35  8  1.60491e+09
35  9  1.59052e+09
35  10  1.69991e+09
35  11  1.49775e+09
35  12  1.38344e+09
35  13  1.38502e+09
35  14  1.44792e+09
35  15  1.3142e+09
35  16  1.43303e+09
35  17  1.30759e+09
35  18  1.4064e+09
35  19  1.20744e+09
35  20  1.3661e+09
35  21  1.25455e+09
35  22  1.32551e+09
35  23  1.167e+09
35  24  1.33218e+09
35  25  1.29016e+09
35  26  1.20906e+09
35  27  1.22916e+09
35  28  1.20695e+09
35  29  1.13921e+09
35  30  1.16805e+09
35  31  1.14805e+09
35  32  1.19968e+09
35  33  1.13224e+09
35  34  1.27232e+09
35  35  1.29517e+09
35  36  1.2857e+09
35  37  1.31319e+09
35  38  1.21692e+09
35  39  1.26103e+09
35  40  1.30296e+09
35  41  1.39045e+09
35  42  1.18646e+09
35  43  1.30599e+09
35  44  1.13975e+09
35  45  1.16714e+09
35  46  1.13679e+09
35  47  1.08906e+09
35  48  1.09557e+09
35  49  1.15572e+09
35  50  1.15936e+09
35  51  1.03423e+09
35  52  1.07009e+09
35  53  1.03569e+09
35  54  1.03956e+09
35  55  9.76962e+08
35  56  1.01756e+09
35  57  1.04149e+09
35  58  9.95252e+08
35  59  9.55653e+08
35  60  1.03206e+09
35  61  8.83805e+08
35  62  9.57921e+08
35  63  8.4332e+08
35  64  7.19985e+08
35  65  8.24431e+08
35  66  7.53626e+08
35  67  8.19319e+08
36  0  7.98062e+08
36  1  8.18006e+08
36  2  8.82893e+08
36  3  9.59575e+08
36  4  9.58378e+08
36  5  9.71015e+08
36  6  1.16147e+09
36  7  1.44079e+09
36  8  1.47632e+09
36  9  1.65285e+09
36  10  1.56669e+09
36  11  1.64468e+09
36  12  1.40753e+09
36  13  1.48024e+09
36  14  1.38198e+09
36  15  1.583e+09
36  16  1.51626e+09
36  17  1.49185e+09
36  18  1.42727e+09
36  19  1.58067e+09
36  20  1.35423e+09
36  21  1.35936e+09
36  22  1.30029e+09
36  23  1.28157e+09
36  24  1.14625e+09
36  25  1.28549e+09
36  26  1.27034e+09
36  27  1.27488e+09
36  28  1.18435e+09
36  29  1.22219e+09
36  30  1.09296e+09
36  31  1.42786e+09
36  32  1.19137e+09
36  33  1.25039e+09
36  34  1.26372e+09
36  35  1.41481e+09
36  36  1.24651e+09
36  37  1.31996e+09
36  38  1.25761e+09
36  39  1.33366e+09
36  40  1.38124e+09
36  41  1.24522e+09
36  42  1.31323e+09
36  43  1.26734e+09
36  44  1.33344e+09
36  45  1.27752e+09
36  46  1.28346e+09
36  47  1.143e+09
36  48  1.14551e+09
36  49  1.13354e+09
36  50  1.27896e+09
36  51  1.15748e+09
36  52  1.07448e+09
36  53  1.1165e+09
36  54  1.01856e+09
36  55  1.12826e+09
36  56  1.04084e+09
36  57  1.0827e+09
36  58  1.06373e+09
36  59  9.03834e+08
36  60  9.91413e+08
36  61  9.73007e+08
36  62  9.6938e+08
36  63  8.84329e+08
36  64  8.20342e+08
36  65  8.80707e+08
36  66  8.26286e+08
36  67  8.32954e+08
37  0  7.75274e+08
37  1  8.53969e+08
37  2  9.2305e+08
37  3  9.96147e+08
37  4  9.35867e+08
37  5  1.10826e+09
37  6  1.15294e+09
37  7  1.37657e+09
37  8  1.43768e+09
37  9  1.63929e+09
37  10  1.74865e+09
37  11  1.6016e+09
37  12  1.58954e+09
37  13  1.42811e+09
37  14  1.5046e+09
37  15  1.46413e+09
37  16  1.51941e+09
37  17  1.56326e+09
37  18  1.53268e+09
37  19  1.39165e+09
37  20  1.44475e+09
37  21  1.43697e+09
37  22  1.47294e+09
37  23  1.31478e+09
37  24  1.25204e+09
37  25  1.38757e+09
37  26  1.38814e+09
37  27  1.32245e+09
37  28  1.25396e+09
37  29  1.22688e+09
37  30  1.25839e+09
37  31  1.38255e+09
37  32  1.21984e+09
37  33  1.4228e+09
37  34  1.3467e+09
37  35  1.23231e+09
37  36  1.32588e+09
37  37  1.34034e+09
37  38  1.31473e+09
37  39  1.34514e+09
37  40  1.35338e+09
37  41  1.48744e+09
37  42  1.36699e+09
37  43  1.21376e+09
37  44  1.26726e+09
37  45  1.1908e+09
37  46  1.19506e+09
37  47  1.04649e+09
37  48  1.18985e+09
37  49  1.10388e+09
37  50  1.22899e+09
37  51  1.17601e+09
37  52  1.08013e+09
37  53  1.11436e+09
37  54  1.07217e+09
37  55  1.33045e+09
37  56  1.05981e+09
37  57  1.09758e+09
37  58  1.0356e+09
37  59  9.91457e+08
37  60  1.04472e+09
37  61  9.50526e+08
37  62  9.96043e+08
37  63  9.11228e+08
37  64  9.28814e+08
37  65  7.4118e+08
37  66  8.37933e+08
37  67  9.15963e+08
38  0  8.05016e+08
38  1  7.96875e+08
38  2  1.01542e+09
38  3  9.84556e+08
38  4  1.05135e+09
38  5  1.15404e+09
38  6  1.19273e+09
38  7  1.33275e+09
38  8  1.74924e+09
38  9  1.69608e+09
38  10  1.66959e+09
38  11  1.57266e+09
38  12  1.5895e+09
38  13  1.57311e+09
38  14  1.53145e+09
38  15  1.60096e+09
38  16  1.39448e+09
38  17  1.57069e+09
38  18  1.37396e+09
38  19  1.5855e+09
38  20  1.53756e+09
38  21  1.44303e+09
38  22  1.3962e+09
38  23  1.38854e+09
38  24  1.43725e+09
38  25  1.38435e+09
38  26  1.37454e+09
38  27  1.41599e+09
38  28  1.18806e+09
38  29  1.33766e+09
38  30  1.26137e+09
38  31  1.36107e+09
38  32  1.2626e+09
38  33  1.32511e+09
38  34  1.31106e+09
38  35  1.33938e+09
38  36  1.33937e+09
38  37  1.33647e+09
38  38  1.36111e+09
38  39  1.36238e+09
38  40  1.33241e+09
38  41  1.45756e+09
38  42  1.35656e+09
38  43  1.36618e+09
38  44  1.18332e+09
38  45  1.22828e+09
38  46  1.17513e+09
38  47  1.23819e+09
38  48  1.22882e+09
38  49  1.19853e+09
38  50  1.04795e+09
38  51  1.21177e+09
38  52  1.07646e+09
38  53  1.20457e+09
38  54  1.0747e+09
38  55  1.14643e+09
38  56  1.10862e+09
38  57  1.01573e+09
38  58  1.10173e+09
38  59  1.22572e+09
38  60  1.07621e+09
38  61  1.12899e+09
38  62  1.04202e+09
38  63  9.26608e+08
38  64  8.65758e+08
38  65  9.55823e+08
38  66  9.27291e+08
38  67  9.91402e+08
39  0  8.84236e+08
39  1  1.00991e+09
39  2  1.10794e+09
39  3  9.58355e+08
39  4  1.21503e+09
39  5  1.27204e+09
39  6  1.27017e+09
39  7  1.51789e+09
39  8  1.62623e+09
39  9  1.77372e+09
39  10  1.70757e+09
39  11  1.6565e+09
39  12  1.63764e+09
39  13  1.61003e+09
39  14  1.61504e+09
39  15  1.67961e+09
39  16  1.42243e+09
39  17  1.54384e+09
39  18  1.47961e+09
39  19  1.48672e+09
39  20  1.45047e+09
39  21  1.48033e+09
39  22  1.45755e+09
39  23  1.24277e+09
39  24  1.29674e+09
39  25  1.31014e+09
39  26  1.35827e+09
39  27  1.44609e+09
39  28  1.31929e+09
39  29  1.17833e+09
39  30  1.27343e+09
39  31  1.20657e+09
39  32  1.27571e+09
39  33  1.26223e+09
39  34  1.32338e+09
39  35  1.37296e+09
39  36  1.30228e+09
39  37  1.35529e+09
39  38  1.36892e+09
39  39  1.41127e+09
39  40  1.38041e+09
39  41  1.34371e+09
39  42  1.46856e+09
39  43  1.30151e+09
39  44  1.23726e+09
39  45  1.22158e+09
39  46  1.19762e+09
39  47  1.12217e+09
39  48  1.09319e+09
39  49  1.05009e+09
39  50  1.14325e+09
39  51  1.13476e+09
39  52  1.05597e+09
39  53  1.14077e+09
39  54  1.18659e+09
39  55  1.14121e+09
39  56  1.18892e+09
39  57  1.11918e+09
39  58  1.1775e+09
39  59  1.04254e+09
39  60  1.13944e+09
39  61  1.03655e+09
39  62  9.67174e+08
39  63  9.66432e+08
39  64  9.07023e+08
39  65  1.08924e+09
39  66  1.0291e+09
39  67  9.01226e+08
40  0  1.02022e+09
40  1  1.13647e+09
40  2  1.09987e+09
40  3  1.13714e+09
40  4  1.14884e+09
40  5  1.19364e+09
40  6  1.48971e+09
40  7  1.58802e+09
40  8  1.65956e+09
40  9  1.68008e+09
40  10  1.83658e+09
40  11  1.76783e+09
40  12  1.74877e+09
40  13  1.62666e+09
40  14  1.6198e+09
40  15  1.65007e+09
40  16  1.66683e+09
40  17  1.66919e+09
40  18  1.50671e+09
40  19  1.62601e+09
40  20  1.47959e+09
40  21  1.42422e+09
40  22  1.36986e+09
40  23  1.34306e+09
40  24  1.29363e+09
40  25  1.42436e+09
40  26  1.30382e+09
40  27  1.30096e+09
40  28  1.33344e+09
40  29  1.40699e+09
40  30  1.27906e+09
40  31  1.29951e+09
40  32  1.33936e+09
40  33  1.4086e+09
40  34  1.28992e+09
40  35  1.2801e+09
40  36  1.39572e+09
40  37  1.39981e+09
40  38  1.33735e+09
40  39  1.37995e+09
40  40  1.19243e+09
40  41  1.53932e+09
40  42  1.56224e+09
40  43  1.34199e+09
40  44  1.34888e+09
40  45  1.31077e+09
40  46  1.19335e+09
40  47  1.13734e+09
40  48  1.26695e+09
40  49  1.20752e+09
40  50  1.20303e+09
40  51  1.17916e+09
40  52  1.18257e+09
40  53  1.2149e+09
40  54  1.1633e+09
40  55  1.23641e+09
40  56  1.13185e+09
40  57  1.19577e+09
40  58  1.13248e+09
40  59  1.12148e+09
40  60  1.15023e+09
40  61  1.02201e+09
40  62  1.02704e+09
40  63  9.66218e+08
40  64  1.00965e+09
40  65  1.03924e+09
40  66  1.02009e+09
40  67  1.07451e+09
41  0  1.07568e+09
41  1  1.07268e+09
41  2  1.10257e+09
41  3  1.12319e+09
41  4  1.2228e+09
41  5  1.40475e+09
41  6  1.29587e+09
41  7  1.56032e+09
41  8  1.86842e+09
41  9  1.86647e+09
41  10  1.79215e+09
41  11  1.98476e+09
41  12  1.78021e+09
41  13  1.68455e+09
41  14  1.54243e+09
41  15  1.72903e+09
41  16  1.63991e+09
41  17  1.68453e+09
41  18  1.56662e+09
41  19  1.63827e+09
41  20  1.50814e+09
41  21  1.61197e+09
41  22  1.35441e+09
41  23  1.3209e+09
41  24  1.37902e+09
41  25  1.28249e+09
41  26  1.49104e+09
41  27  1.48385e+09
41  28  1.39131e+09
41  29  1.32561e+09
41  30  1.27763e+09
41  31  1.29726e+09
41  32  1.31181e+09
41  33  1.39725e+09
41  34  1.30817e+09
41  35  1.3966e+09
41  36  1.34178e+09
41  37  1.54899e+09
41  38  1.43593e+09
41  39  1.5236e+09
41  40  1.50576e+09
41  41  1.40724e+09
41  42  1.55828e+09
41  43  1.33526e+09
41  44  1.36516e+09
41  45  1.29883e+09
41  46  1.32374e+09
41  47  1.17089e+09
41  48  1.1654e+09
41  49  1.18089e+09
41  50  1.25105e+09
41  51  1.22342e+09
41  52  1.06254e+09
41  53  1.14205e+09
41  54  1.18931e+09
41  55  1.16688e+09
41  56  1.19518e+09
41  57  1.258e+09
41  58  1.06889e+09
41  59  1.15084e+09
41  60  1.06604e+09
41  61  1.17503e+09
41  62  9.96897e+08
41  63  1.0127e+09
41  64  9.3222e+08
41  65  1.06285e+09
41  66  1.07319e+09
41  67  1.12185e+09
42  0  1.143e+09
42  1  1.19776e+09
42  2  1.13811e+09
42  3  1.21727e+09
42  4  1.19003e+09
42  5  1.45689e+09
42  6  1.41453e+09
42  7  1.71364e+09
42  8  1.77805e+09
42  9  1.77136e+09
42  10  1.7377e+09
42  11  1.97212e+09
42  12  1.79194e+09
42  13  1.87653e+09
42  14  1.69348e+09
42  15  1.88669e+09
42  16  1.71052e+09
42  17  1.60331e+09
42  18  1.70734e+09
42  19  1.72555e+09
42  20  1.66881e+09
42  21  1.42797e+09
42  22  1.55836e+09
42  23  1.64441e+09
42  24  1.46285e+09
42  25  1.38486e+09
42  26  1.52371e+09
42  27  1.53383e+09
42  28  1.36113e+09
42  29  1.3101e+09
42  30  1.43387e+09
42  31  1.31758e+09
42  32  1.29895e+09
42  33  1.53795e+09
42  34  1.35831e+09
42  35  1.54853e+09
42  36  1.50139e+09
42  37  1.43962e+09
42  38  1.49179e+09
42  39  1.46002e+09
42  40  1.51508e+09
42  41  1.38513e+09
42  42  1.4137e+09
42  43  1.49125e+09
42  44  1.5267e+09
42  45  1.25842e+09
42  46  1.33965e+09
42  47  1.28414e+09
42  48  1.33572e+09
42  49  1.24613e+09
42  50  1.20238e+09
42  51  1.20018e+09
42  52  1.31754e+09
42  53  1.30755e+09
42  54  1.15626e+09
42  55  1.28199e+09
42  56  1.1797e+09
42  57  1.19939e+09
42  58  1.25015e+09
42  59  1.09168e+09
42  60  1.15216e+09
42  61  1.16076e+09
42  62  1.08871e+09
42  63  1.14593e+09
42  64  1.01262e+09
42  65  1.00097e+09
42  66  9.52992e+08
42  67  1.13371e+09
43  0  1.15836e+09
43  1  1.12275e+09
43  2  1.25075e+09
43  3  1.38053e+09
43  4  1.22716e+09
43  5  1.31336e+09
43  6  1.50084e+09
43  7  1.62069e+09
43  8  1.64596e+09
43  9  1.95887e+09
43  10  1.92404e+09
43  11  1.86828e+09
43  12  1.8197e+09
43  13  1.89637e+09
43  14  1.73941e+09
43  15  1.90101e+09
43  16  1.73236e+09
43  17  1.60276e+09
43  18  1.66764e+09
43  19  1.64627e+09
43  20  1.65017e+09
43  21  1.51784e+09
43  22  1.53119e+09
43  23  1.34754e+09
43  24  1.45689e+09
43  25  1.42221e+09
43  26  1.47527e+09
43  27  1.51354e+09
43  28  1.53309e+09
43  29  1.48895e+09
43  30  1.54527e+09
43  31  1.33741e+09
43  32  1.43311e+09
43  33  1.50837e+09
43  34  1.58689e+09
43  35  1.49623e+09
43  36  1.47821e+09
43  37  1.56917e+09
43  38  1.60742e+09
43  39  1.54631e+09
43  40  1.49175e+09
43  41  1.74046e+09
43  42  1.47005e+09
43  43  1.49174e+09
43  44  1.38215e+09
43  45  1.34542e+09
43  46  1.27339e+09
43  47  1.34445e+09
43  48  1.27806e+09
43  49  1.21826e+09
43  50  1.1625e+09
43  51  1.16313e+09
43  52  1.11909e+09
43  53  1.31903e+09
43  54  1.27096e+09
43  55  1.3855e+09
43  56  1.27932e+09
43  57  1.28487e+09
43  58  1.25218e+09
43  59  1.21895e+09
43  60  1.17516e+09
43  61  1.15296e+09
43  62  1.14847e+09
43  63  1.03578e+09
43  64  1.08804e+09
43  65  1.13966e+09
43  66  1.02336e+09
43  67  1.23848e+09
44  0  1.27861e+09
44  1  1.26142e+09
44  2  1.32463e+09
44  3  1.38441e+09
44  4  1.34486e+09
44  5  1.51761e+09
44  6  1.62441e+09
44  7  1.54568e+09
44  8  1.73276e+09
44  9  1.55792e+09
44  10  1.97752e+09
44  11  1.67529e+09
44  12  1.92095e+09
44  13  1.87871e+09
44  14  1.70842e+09
44  15  1.80116e+09
44  16  1.66931e+09
44  17  1.77602e+09
44  18  1.99732e+09
44  19  1.63625e+09
44  20  1.73659e+09
44  21  1.77449e+09
44  22  1.57727e+09
44  23  1.67331e+09
44  24  1.50845e+09
44  25  1.52411e+09
44  26  1.53304e+09
44  27  1.46028e+09
44  28  1.54732e+09
44  29  1.4701e+09
44  30  1.50293e+09
44  31  1.40479e+09
44  32  1.44565e+09
44  33  1.46596e+09
44  34  1.5512e+09
44  35  1.65499e+09
44  36  1.45649e+09
44  37  1.39934e+09
44  38  1.48274e+09
44  39  1.6555e+09
44  40  1.53832e+09
44  41  1.27454e+09
44  42  1.4301e+09
44  43  1.5515e+09
44  44  1.30953e+09
44  45  1.34026e+09
44  46  1.42428e+09
44  47  1.33035e+09
44  48  1.27182e+09
44  49  1.30316e+09
44  50  1.27031e+09
44  51  1.20228e+09
44  52  1.30254e+09
44  53  1.1222e+09
44  54  1.12719e+09
44  55  1.24145e+09
44  56  1.35013e+09
44  57  1.2042e+09
44  58  1.24764e+09
44  59  1.17548e+09
44  60  1.10654e+09
44  61  1.26503e+09
44  62  1.15778e+09
44  63  1.07697e+09
44  64  1.09569e+09
44  65  1.16885e+09
44  66  1.08068e+09
44  67  1.24811e+09
45  0  1.32072e+09
45  1  1.28787e+09
45  2  1.30015e+09
45  3  1.34689e+09
45  4  1.41042e+09
45  5  1.49378e+09
45  6  1.44923e+09
45  7  1.50018e+09
45  8  1.81849e+09
45  9  1.89536e+09
45  10  1.86707e+09
45  11  1.90268e+09
45  12  1.88657e+09
45  13  1.76566e+09
45  14  1.87034e+09
45  15  1.85445e+09
45  16  1.8689e+09
45  17  1.74538e+09
45  18  1.90771e+09
45  19  1.94189e+09
45  20  1.70635e+09
45  21  1.66843e+09
45  22  1.56116e+09
45  23  1.50053e+09
45  24  1.57196e+09
45  25  1.64611e+09
45  26  1.47944e+09
45  27  1.63572e+09
45  28  1.61153e+09
45  29  1.58502e+09
45  30  1.57006e+09
45  31  1.28963e+09
45  32  1.436e+09
45  33  1.57198e+09
45  34  1.57985e+09
45  35  1.46379e+09
45  36  1.63254e+09
45  37  1.48723e+09
45  38  1.58649e+09
45  39  1.48015e+09
45  40  1.63524e+09
45  41  1.48142e+09
45  42  1.60785e+09
45  43  1.51388e+09
45  44  1.38425e+09
45  45  1.47111e+09
45  46  1.36845e+09
45  47  1.36967e+09
45  48  1.31506e+09
45  49  1.32262e+09
45  50  1.25936e+09
45  51  1.22098e+09
45  52  1.24006e+09
45  53  1.26091e+09
45  54  1.25071e+09
45  55  1.23321e+09
45  56  1.22952e+09
45  57  1.25426e+09
45  58  1.29277e+09
45  59  1.20624e+09
45  60  1.16864e+09
45  61  1.21569e+09
45  62  1.11895e+09
45  63  1.13759e+09
45  64  1.2701e+09
45  65  1.19064e+09
45  66  1.18033e+09
45  67  1.35453e+09
46  0  1.26816e+09
46  1  1.26132e+09
46  2  1.49631e+09
46  3  1.54767e+09
46  4  1.60496e+09
46  5  1.65028e+09
46  6  1.69382e+09
46  7  1.86372e+09
46  8  1.85741e+09
46  9  2.06549e+09
46  10  1.77052e+09
46  11  2.03016e+09
46  12  1.87456e+09
46  13  1.84652e+09
46  14  1.90542e+09
46  15  1.98336e+09
46  16  2.01946e+09
46  17  1.87793e+09
46  18  1.77818e+09
46  19  1.70576e+09
46  20  1.65964e+09
46  21  1.56877e+09
46  22  1.59384e+09
46  23  1.6524e+09
46  24  1.50483e+09
46  25  1.56993e+09
46  26  1.64256e+09
46  27  1.75685e+09
46  28  1.57129e+09
46  29  1.56354e+09
46  30  1.72555e+09
46  31  1.53249e+09
46  32  1.6413e+09
46  33  1.50351e+09
46  34  1.57628e+09
46  35  1.60424e+09
46  36  1.64637e+09
46  37  1.68466e+09
46  38  1.60526e+09
46  39  1.50532e+09
46  40  1.58843e+09
46  41  1.61899e+09
46  42  1.62085e+09
46  43  1.84284e+09
46  44  1.36863e+09
46  45  1.45772e+09
46  46  1.47616e+09
46  47  1.43065e+09
46  48  1.33112e+09
46  49  1.31274e+09
46  50  1.38504e+09
46  51  1.24902e+09
46  52  1.26808e+09
46  53  1.25121e+09
46  54  1.41391e+09
46  55  1.30727e+09
46  56  1.31611e+09
46  57  1.26201e+09
46  58  1.28164e+09
46  59  1.43462e+09
46  60  1.31247e+09
46  61  1.19357e+09
46  62  1.2355e+09
46  63  1.10162e+09
46  64  1.09603e+09
46  65  1.28975e+09
46  66  1.13445e+09
46  67  1.29311e+09
47  0  1.40805e+09
47  1  1.27527e+09
47  2  1.64092e+09
47  3  1.63955e+09
47  4  1.55403e+09
47  5  1.58929e+09
47  6  1.65414e+09
47  7  1.71796e+09
47  8  2.06668e+09
47  9  2.21668e+09
47  10  1.90184e+09
47  11  1.94958e+09
47  12  1.87596e+09
47  13  1.9951e+09
47  14  1.86892e+09
47  15  1.80888e+09
47  16  1.86842e+09
47  17  1.92749e+09
47  18  1.69945e+09
47  19  1.82265e+09
47  20  1.61841e+09
47  21  1.56011e+09
47  22  1.69297e+09
47  23  1.60988e+09
47  24  1.67411e+09
47  25  1.585e+09
47  26  1.69302e+09
47  27  1.57325e+09
47  28  1.77003e+09
47  29  1.58242e+09
47  30  1.7592e+09
47  31  1.52414e+09
47  32  1.45472e+09
47  33  1.53981e+09
47  34  1.71124e+09
47  35  1.6945e+09
47  36  1.66336e+09
47  37  1.5209e+09
47  38  1.70095e+09
47  39  1.44192e+09
47  40  1.52709e+09
47  41  1.53852e+09
47  42  1.80804e+09
47  43  1.58675e+09
47  44  1.45973e+09
47  45  1.34587e+09
47  46  1.34518e+09
47  47  1.5144e+09
47  48  1.4313e+09
47  49  1.28885e+09
47  50  1.25564e+09
47  51  1.31511e+09
47  52  1.24335e+09
47  53  1.30292e+09
47  54  1.37935e+09
47  55  1.30592e+09
47  56  1.19828e+09
47  57  1.29599e+09
47  58  1.32524e+09
47  59  1.30276e+09
47  60  1.25206e+09
47  61  1.26118e+09
47  62  1.1497e+09
47  63  1.13747e+09
47  64  1.1893e+09
47  65  1.1956e+09
47  66  1.21948e+09
47  67  1.34595e+09

