row  column  (images_18_844.edf Mn-K*images_18_844.edf Ar-K**2.3)
0  0  1.45102e+07
0  1  1.55489e+07
0  2  8.7056e+06
0  3  1.473e+07
0  4  1.47704e+07
0  5  1.04815e+07
0  6  1.33788e+07
0  7  8.97846e+06
0  8  6.98268e+06
0  9  7.77214e+06
0  10  1.13878e+07
0  11  9.83451e+06
0  12  1.42307e+07
0  13  2.48896e+06
0  14  1.31836e+07
0  15  1.05508e+07
0  16  1.27125e+07
0  17  1.30777e+07
0  18  1.37212e+07
0  19  1.24e+07
0  20  1.17528e+07
0  21  8.13775e+06
0  22  1.12618e+07
0  23  8.78188e+06
0  24  1.12267e+07
0  25  1.13468e+07
0  26  1.82254e+07
0  27  1.99167e+07
0  28  1.24356e+07
0  29  7.67765e+06
0  30  1.611e+07
0  31  1.39222e+07
0  32  9.31104e+06
0  33  1.19072e+07
0  34  1.2035e+07
0  35  1.51839e+07
0  36  1.17809e+07
0  37  6.16563e+06
0  38  1.01188e+07
0  39  1.08048e+07
0  40  1.86447e+07
0  41  1.8597e+07
0  42  9.8598e+06
0  43  9.13042e+06
0  44  9.89503e+06
0  45  6.48671e+06
0  46  8.08855e+06
0  47  1.55917e+07
0  48  1.38167e+07
0  49  9.87788e+06
0  50  6.31846e+06
0  51  6.73675e+06
0  52  8.5226e+06
0  53  9.06337e+06
0  54  9.017e+06
0  55  1.17303e+07
0  56  6.90396e+06
0  57  1.06783e+07
0  58  1.35268e+07
0  59  6.6713e+06
0  60  1.08406e+07
1  0  8.56228e+06
1  1  6.99137e+06
1  2  1.23911e+07
1  3  1.14409e+07
1  4  1.05119e+07
1  5  7.04489e+06
1  6  1.09737e+07
1  7  1.27701e+07
1  8  9.30783e+06
1  9  1.25673e+07
1  10  1.1689e+07
1  11  1.55774e+07
1  12  1.39046e+07
1  13  8.66634e+06
1  14  1.70042e+07
1  15  1.2577e+07
1  16  1.10321e+07
1  17  1.42055e+07
1  18  8.07369e+06
1  19  9.59039e+06
1  20  1.18191e+07
1  21  9.80086e+06
1  22  8.5277e+06
1  23  1.12966e+07
1  24  1.41396e+07
1  25  1.79262e+07
1  26  1.24175e+07
1  27  1.11295e+07
1  28  8.65464e+06
1  29  1.50819e+07
1  30  1.68106e+07
1  31  1.10418e+07
1  32  1.07908e+07
1  33  1.45765e+07
1  34  1.34586e+07
1  35  1.27847e+07
1  36  1.91545e+07
1  37  1.7758e+07
1  38  1.47256e+07
1  39  1.48175e+07
1  40  8.36104e+06
1  41  8.1184e+06
1  42  9.3447e+06
1  43  7.23618e+06
1  44  8.08046e+06
1  45  8.72728e+06
1  46  1.49927e+07
1  47  8.09872e+06
1  48  1.17681e+07
1  49  1.58821e+07
1  50  1.20886e+07
1  51  1.35269e+07
1  52  1.08442e+07
1  53  5.5049e+06
1  54  5.21614e+06
1  55  1.35477e+07
1  56  5.02661e+06
1  57  5.41282e+06
1  58  6.56771e+06
1  59  8.47204e+06
1  60  7.67532e+06
2  0  1.7871e+07
2  1  1.52339e+07
2  2  5.6072e+06
2  3  7.6894e+06
2  4  7.28676e+06
2  5  7.94739e+06
2  6  1.38252e+07
2  7  8.51893e+06
2  8  1.15803e+07
2  9  8.12811e+06
2  10  7.78191e+06
2  11  6.91037e+06
2  12  7.41332e+06
2  13  1.20793e+07
2  14  8.56822e+06
2  15  7.43152e+06
2  16  1.42634e+07
2  17  1.31683e+07
2  18  1.11494e+07
2  19  1.38459e+07
2  20  1.10159e+07
2  21  1.21601e+07
2  22  8.4531e+06
2  23  1.15995e+07
2  24  5.83231e+06
2  25  9.95343e+06
2  26  4.48509e+06
2  27  1.30056e+07
2  28  1.48842e+07
2  29  1.29782e+07
2  30  1.3556e+07
2  31  1.12445e+07
2  32  1.34487e+07
2  33  1.33781e+07
2  34  1.50154e+07
2  35  1.27996e+07
2  36  1.83103e+07
2  37  7.58207e+06
2  38  2.01334e+07
2  39  1.30999e+07
2  40  1.06465e+07
2  41  1.47697e+07
2  42  6.79083e+06
2  43  6.86269e+06
2  44  1.49193e+07
2  45  7.22297e+06
2  46  1.08362e+07
2  47  1.40601e+07
2  48  8.59402e+06
2  49  1.08217e+07
2  50  1.15117e+07
2  51  5.8578e+06
2  52  9.0213e+06
2  53  8.87439e+06
2  54  1.59717e+07
2  55  8.01014e+06
2  56  6.6224e+06
2  57  7.97945e+06
2  58  1.37133e+07
2  59  1.08721e+07
2  60  9.50017e+06
3  0  1.04598e+07
3  1  9.82931e+06
3  2  1.26067e+07
3  3  9.62772e+06
3  4  1.17885e+07
3  5  1.47584e+07
3  6  9.66624e+06
3  7  1.14744e+07
3  8  7.91742e+06
3  9  9.47307e+06
3  10  7.78148e+06
3  11  8.0263e+06
3  12  1.12408e+07
3  13  1.77034e+07
3  14  1.63513e+07
3  15  1.60783e+07
3  16  1.36384e+07
3  17  1.28681e+07
3  18  1.16456e+07
3  19  1.63664e+07
3  20  1.48426e+07
3  21  1.12387e+07
3  22  1.61304e+07
3  23  1.33427e+07
3  24  9.43111e+06
3  25  9.41394e+06
3  26  1.21762e+07
3  27  1.3899e+07
3  28  1.11319e+07
3  29  9.05442e+06
3  30  1.45805e+07
3  31  1.63218e+07
3  32  1.36095e+07
3  33  1.17657e+07
3  34  1.3209e+07
3  35  9.62865e+06
3  36  9.30586e+06
3  37  6.05961e+06
3  38  1.41498e+07
3  39  8.23962e+06
3  40  1.44296e+07
3  41  7.72952e+06
3  42  1.12372e+07
3  43  8.10158e+06
3  44  1.22244e+07
3  45  9.12266e+06
3  46  1.51594e+07
3  47  7.38097e+06
3  48  9.71361e+06
3  49  9.97394e+06
3  50  1.47131e+07
3  51  1.22915e+07
3  52  9.10092e+06
3  53  1.05786e+07
3  54  1.31102e+07
3  55  1.68332e+07
3  56  1.00546e+07
3  57  1.46614e+07
3  58  1.64165e+07
3  59  1.06798e+07
3  60  1.55994e+07
4  0  8.61102e+06
4  1  7.98303e+06
4  2  1.22974e+07
4  3  1.05572e+07
4  4  7.63899e+06
4  5  1.19545e+07
4  6  1.02075e+07
4  7  1.09686e+07
4  8  1.09617e+07
4  9  1.18455e+07
4  10  7.83224e+06
4  11  7.53415e+06
4  12  9.54484e+06
4  13  1.3552e+07
4  14  7.25748e+06
4  15  6.65856e+06
4  16  1.01616e+07
4  17  9.11279e+06
4  18  8.87089e+06
4  19  1.19977e+07
4  20  1.47846e+07
4  21  7.31016e+06
4  22  1.5712e+07
4  23  1.60135e+07
4  24  5.96418e+06
4  25  9.437e+06
4  26  1.49269e+07
4  27  9.85351e+06
4  28  1.13138e+07
4  29  1.22451e+07
4  30  1.2062e+07
4  31  1.51249e+07
4  32  6.77557e+06
4  33  1.10803e+07
4  34  1.40332e+07
4  35  1.72805e+07
4  36  1.65744e+07
4  37  1.61391e+07
4  38  1.44615e+07
4  39  1.17834e+07
4  40  1.4534e+07
4  41  1.31526e+07
4  42  1.19883e+07
4  43  1.74046e+07
4  44  5.82129e+06
4  45  8.70317e+06
4  46  6.46126e+06
4  47  1.09379e+07
4  48  1.13704e+07
4  49  4.29219e+06
4  50  1.18318e+07
4  51  7.70348e+06
4  52  6.39908e+06
4  53  1.62819e+07
4  54  7.00734e+06
4  55  9.9223e+06
4  56  4.75196e+06
4  57  8.2399e+06
4  58  4.43277e+06
4  59  1.40548e+07
4  60  9.15729e+06
5  0  6.85214e+06
5  1  1.48227e+07
5  2  1.09277e+07
5  3  6.68218e+06
5  4  6.29556e+06
5  5  1.319e+07
5  6  6.5468e+06
5  7  7.4821e+06
5  8  1.31761e+07
5  9  1.72004e+07
5  10  1.05067e+07
5  11  4.46079e+06
5  12  1.15466e+07
5  13  7.19145e+06
5  14  3.43164e+06
5  15  1.97803e+07
5  16  1.24936e+07
5  17  9.49634e+06
5  18  1.42612e+07
5  19  8.21396e+06
5  20  9.27692e+06
5  21  7.2936e+06
5  22  1.43015e+07
5  23  1.01008e+07
5  24  1.34476e+07
5  25  2.83124e+06
5  26  1.33457e+07
5  27  8.85298e+06
5  28  7.29075e+06
5  29  1.31493e+07
5  30  4.90434e+06
5  31  1.22482e+07
5  32  1.38029e+07
5  33  1.81129e+07
5  34  1.23571e+07
5  35  1.73516e+07
5  36  9.83625e+06
5  37  1.34457e+07
5  38  1.11525e+07
5  39  1.20604e+07
5  40  1.16636e+07
5  41  9.61582e+06
5  42  1.07898e+07
5  43  8.53389e+06
5  44  9.31681e+06
5  45  1.31955e+07
5  46  1.08155e+07
5  47  7.47036e+06
5  48  1.07399e+07
5  49  7.08446e+06
5  50  4.84342e+06
5  51  1.611e+07
5  52  5.61024e+06
5  53  9.27708e+06
5  54  9.27755e+06
5  55  7.70557e+06
5  56  1.12105e+07
5  57  1.13035e+07
5  58  7.4121e+06
5  59  5.30171e+06
5  60  1.10953e+07
6  0  1.07421e+07
6  1  8.95702e+06
6  2  1.32375e+07
6  3  8.3876e+06
6  4  1.28137e+07
6  5  1.02024e+07
6  6  1.02557e+07
6  7  1.07037e+07
6  8  1.54101e+07
6  9  1.62357e+07
6  10  6.30556e+06
6  11  9.02349e+06
6  12  5.80142e+06
6  13  7.94729e+06
6  14  1.74785e+07
6  15  7.81406e+06
6  16  7.09137e+06
6  17  9.90687e+06
6  18  1.29927e+07
6  19  1.18742e+07
6  20  1.37354e+07
6  21  1.11465e+07
6  22  8.78439e+06
6  23  1.01147e+07
6  24  9.20898e+06
6  25  6.68387e+06
6  26  1.40378e+07
6  27  2.05863e+07
6  28  6.6036e+06
6  29  5.63523e+06
6  30  1.33488e+07
6  31  1.22984e+07
6  32  1.86024e+07
6  33  1.74131e+07
6  34  1.96619e+07
6  35  1.42767e+07
6  36  2.06096e+07
6  37  9.7518e+06
6  38  1.29529e+07
6  39  1.33507e+07
6  40  1.28163e+07
6  41  1.22401e+07
6  42  9.1319e+06
6  43  6.14204e+06
6  44  9.10301e+06
6  45  7.80638e+06
6  46  8.81881e+06
6  47  1.35261e+07
6  48  1.25149e+07
6  49  6.87462e+06
6  50  6.6385e+06
6  51  900443
6  52  1.10927e+07
6  53  1.01178e+07
6  54  5.26243e+06
6  55  1.22264e+07
6  56  1.15366e+07
6  57  8.63516e+06
6  58  1.09986e+07
6  59  1.75449e+07
6  60  8.0183e+06
7  0  1.39996e+07
7  1  1.41353e+07
7  2  9.89714e+06
7  3  9.09083e+06
7  4  5.70558e+06
7  5  1.35345e+07
7  6  8.86024e+06
7  7  1.0103e+07
7  8  1.31855e+07
7  9  1.11546e+07
7  10  1.23393e+07
7  11  4.81083e+06
7  12  1.35973e+07
7  13  7.26136e+06
7  14  1.53153e+07
7  15  8.94869e+06
7  16  1.15231e+07
7  17  1.05443e+07
7  18  4.69639e+06
7  19  8.288e+06
7  20  1.35877e+07
7  21  7.3447e+06
7  22  8.04902e+06
7  23  1.33932e+07
7  24  1.19014e+07
7  25  1.61641e+07
7  26  8.87427e+06
7  27  1.04519e+07
7  28  1.09597e+07
7  29  1.24608e+07
7  30  6.08281e+06
7  31  1.35938e+07
7  32  1.48169e+07
7  33  1.26869e+07
7  34  1.2738e+07
7  35  1.44426e+07
7  36  1.97375e+07
7  37  1.04565e+07
7  38  1.65193e+07
7  39  1.70995e+07
7  40  1.18074e+07
7  41  1.51892e+07
7  42  7.13329e+06
7  43  6.68877e+06
7  44  7.18719e+06
7  45  1.47056e+07
7  46  1.03998e+07
7  47  7.35371e+06
7  48  5.72665e+06
7  49  1.10915e+07
7  50  9.03058e+06
7  51  4.24726e+06
7  52  1.08793e+07
7  53  6.97899e+06
7  54  1.27795e+07
7  55  1.11913e+07
7  56  7.55758e+06
7  57  9.55979e+06
7  58  1.16882e+07
7  59  9.14907e+06
7  60  1.46766e+07
8  0  9.54776e+06
8  1  1.26017e+07
8  2  1.20628e+07
8  3  6.32678e+06
8  4  1.40865e+07
8  5  5.52101e+06
8  6  9.29267e+06
8  7  6.17192e+06
8  8  1.19807e+07
8  9  1.16495e+07
8  10  1.10476e+07
8  11  1.10226e+07
8  12  1.14757e+07
8  13  9.44295e+06
8  14  1.03313e+07
8  15  2.33384e+06
8  16  1.26665e+07
8  17  7.80684e+06
8  18  8.0158e+06
8  19  2.03758e+07
8  20  8.66266e+06
8  21  9.17279e+06
8  22  8.05506e+06
8  23  1.39838e+07
8  24  1.12368e+07
8  25  1.2516e+07
8  26  1.40654e+07
8  27  1.05375e+07
8  28  1.24677e+07
8  29  1.03888e+07
8  30  1.36155e+07
8  31  1.14016e+07
8  32  1.84437e+07
8  33  8.63406e+06
8  34  1.15349e+07
8  35  1.66121e+07
8  36  1.06486e+07
8  37  1.40449e+07
8  38  1.53281e+07
8  39  1.53233e+07
8  40  8.59573e+06
8  41  1.77105e+07
8  42  1.66262e+07
8  43  7.66204e+06
8  44  1.33537e+07
8  45  5.03661e+06
8  46  6.15863e+06
8  47  1.42936e+07
8  48  1.53962e+07
8  49  1.59034e+07
8  50  1.13505e+07
8  51  9.58896e+06
8  52  1.04307e+07
8  53  9.07124e+06
8  54  1.09941e+07
8  55  6.59756e+06
8  56  8.82172e+06
8  57  1.26982e+07
8  58  1.48434e+07
8  59  8.08312e+06
8  60  8.46049e+06
9  0  1.02906e+07
9  1  1.46505e+07
9  2  1.17659e+07
9  3  8.31613e+06
9  4  7.80772e+06
9  5  1.079e+07
9  6  5.59406e+06
9  7  9.72139e+06
9  8  0
9  9  6.32713e+06
9  10  9.29294e+06
9  11  1.2382e+07
9  12  4.90602e+06
9  13  6.76534e+06
9  14  1.51715e+07
9  15  1.49368e+07
9  16  7.50436e+06
9  17  1.31107e+07
9  18  1.20933e+07
9  19  1.54494e+07
9  20  7.13227e+06
9  21  2.96961e+06
9  22  7.93542e+06
9  23  1.23061e+07
9  24  1.0084e+07
9  25  1.09582e+07
9  26  1.66411e+07
9  27  7.09866e+06
9  28  1.49101e+07
9  29  8.22492e+06
9  30  1.19274e+07
9  31  1.15267e+07
9  32  1.42575e+07
9  33  1.0662e+07
9  34  1.84603e+07
9  35  9.2635e+06
9  36  1.71023e+07
9  37  1.15306e+07
9  38  8.08732e+06
9  39  1.43533e+07
9  40  1.8208e+07
9  41  5.8562e+06
9  42  1.12988e+07
9  43  1.01783e+07
9  44  1.40039e+07
9  45  1.51221e+07
9  46  9.25488e+06
9  47  1.28654e+07
9  48  1.05002e+07
9  49  4.85308e+06
9  50  9.82928e+06
9  51  1.44934e+07
9  52  3.98762e+06
9  53  7.69358e+06
9  54  1.12935e+07
9  55  1.1013e+07
9  56  7.37362e+06
9  57  1.29415e+07
9  58  6.85376e+06
9  59  8.594e+06
9  60  1.03287e+07
10  0  1.34213e+07
10  1  1.09299e+07
10  2  5.46052e+06
10  3  1.02435e+07
10  4  9.74326e+06
10  5  6.7842e+06
10  6  1.20321e+07
10  7  1.08536e+07
10  8  1.48994e+07
10  9  1.2134e+07
10  10  3.84192e+06
10  11  9.84797e+06
10  12  1.53027e+07
10  13  7.55586e+06
10  14  1.10883e+07
10  15  4.30762e+06
10  16  1.86288e+07
10  17  1.06968e+07
10  18  1.08307e+07
10  19  5.43436e+06
10  20  1.45194e+07
10  21  1.02724e+07
10  22  1.15053e+07
10  23  1.53704e+07
10  24  1.3084e+07
10  25  9.11274e+06
10  26  9.02703e+06
10  27  7.27091e+06
10  28  1.54828e+07
10  29  1.32371e+07
10  30  1.21637e+07
10  31  1.1213e+07
10  32  8.91549e+06
10  33  1.04489e+07
10  34  1.21077e+07
10  35  1.01903e+07
10  36  1.14709e+07
10  37  2.09293e+07
10  38  9.40085e+06
10  39  8.32956e+06
10  40  1.38204e+07
10  41  6.35905e+06
10  42  9.39799e+06
10  43  1.73571e+07
10  44  9.33948e+06
10  45  7.68956e+06
10  46  1.05705e+07
10  47  1.05052e+07
10  48  9.18925e+06
10  49  1.44259e+07
10  50  8.8358e+06
10  51  6.12793e+06
10  52  6.49828e+06
10  53  1.18067e+07
10  54  1.16855e+07
10  55  1.28295e+07
10  56  9.16476e+06
10  57  1.62198e+07
10  58  1.39214e+07
10  59  8.34438e+06
10  60  8.60486e+06
11  0  1.20878e+07
11  1  1.08406e+07
11  2  8.74642e+06
11  3  1.04347e+07
11  4  7.94996e+06
11  5  7.42589e+06
11  6  1.37669e+07
11  7  1.06338e+07
11  8  8.80431e+06
11  9  1.40552e+07
11  10  1.55484e+07
11  11  4.84895e+06
11  12  7.3102e+06
11  13  1.17366e+07
11  14  1.29452e+07
11  15  6.64467e+06
11  16  1.15266e+07
11  17  6.90666e+06
11  18  9.29276e+06
11  19  7.45003e+06
11  20  6.32563e+06
11  21  1.037e+07
11  22  1.02058e+07
11  23  1.45835e+07
11  24  1.01034e+07
11  25  1.02473e+07
11  26  1.07955e+07
11  27  7.35239e+06
11  28  1.11887e+07
11  29  1.03711e+07
11  30  8.46886e+06
11  31  9.15848e+06
11  32  1.12216e+07
11  33  1.25799e+07
11  34  9.01455e+06
11  35  8.18446e+06
11  36  2.37852e+07
11  37  1.05037e+07
11  38  1.42152e+07
11  39  1.47013e+07
11  40  9.09342e+06
11  41  1.23491e+07
11  42  1.38177e+07
11  43  1.0516e+07
11  44  1.16205e+07
11  45  1.32856e+07
11  46  7.10967e+06
11  47  6.95226e+06
11  48  8.6635e+06
11  49  1.26899e+07
11  50  8.34064e+06
11  51  2.14146e+07
11  52  6.32366e+06
11  53  1.41762e+07
11  54  1.06993e+07
11  55  1.08164e+07
11  56  4.9108e+06
11  57  1.35491e+07
11  58  7.97309e+06
11  59  1.23995e+07
11  60  1.66674e+07
12  0  7.87333e+06
12  1  5.93862e+06
12  2  1.20925e+07
12  3  9.59547e+06
12  4  7.58658e+06
12  5  4.86508e+06
12  6  1.16416e+07
12  7  4.84121e+06
12  8  1.19805e+07
12  9  9.13641e+06
12  10  1.1621e+07
12  11  1.31598e+07
12  12  7.42739e+06
12  13  1.2686e+07
12  14  1.17612e+07
12  15  1.14683e+07
12  16  1.67423e+07
12  17  9.44545e+06
12  18  8.9885e+06
12  19  9.92899e+06
12  20  7.14741e+06
12  21  1.42578e+07
12  22  4.27492e+06
12  23  1.41802e+07
12  24  9.47456e+06
12  25  7.05094e+06
12  26  7.70985e+06
12  27  7.90137e+06
12  28  1.02637e+07
12  29  1.43776e+07
12  30  1.60851e+07
12  31  1.89026e+07
12  32  1.5673e+07
12  33  1.15038e+07
12  34  9.73735e+06
12  35  1.55466e+07
12  36  1.42955e+07
12  37  7.47162e+06
12  38  1.36033e+07
12  39  1.10289e+07
12  40  1.62502e+07
12  41  1.51639e+07
12  42  9.44838e+06
12  43  7.266e+06
12  44  1.07017e+07
12  45  8.66586e+06
12  46  1.63984e+06
12  47  4.18365e+06
12  48  1.24682e+07
12  49  1.12226e+07
12  50  7.99193e+06
12  51  9.43933e+06
12  52  993487
12  53  1.31999e+07
12  54  1.13359e+07
12  55  1.10628e+07
12  56  1.11267e+07
12  57  8.24899e+06
12  58  8.14355e+06
12  59  1.3052e+07
12  60  4.64749e+06
13  0  9.43267e+06
13  1  9.77056e+06
13  2  1.43395e+07
13  3  8.01596e+06
13  4  8.53029e+06
13  5  1.3796e+07
13  6  8.76359e+06
13  7  1.2231e+07
13  8  1.26273e+07
13  9  5.71524e+06
13  10  1.04594e+07
13  11  9.92141e+06
13  12  1.53353e+07
13  13  7.65676e+06
13  14  1.16362e+07
13  15  9.22535e+06
13  16  1.07498e+07
13  17  6.35124e+06
13  18  9.82202e+06
13  19  8.75166e+06
13  20  1.3721e+07
13  21  1.49889e+07
13  22  8.93561e+06
13  23  6.70302e+06
13  24  6.79888e+06
13  25  1.09447e+07
13  26  8.4966e+06
13  27  8.60938e+06
13  28  9.53532e+06
13  29  1.25267e+07
13  30  8.79162e+06
13  31  1.57667e+07
13  32  6.62299e+06
13  33  1.12759e+07
13  34  1.05899e+07
13  35  1.15017e+07
13  36  9.39807e+06
13  37  1.35173e+07
13  38  1.83707e+07
13  39  1.07892e+07
13  40  8.54566e+06
13  41  1.0054e+07
13  42  1.05867e+07
13  43  1.03672e+07
13  44  1.50187e+07
13  45  1.54098e+07
13  46  1.00694e+07
13  47  1.08141e+07
13  48  8.95861e+06
13  49  1.01537e+07
13  50  9.25106e+06
13  51  8.60855e+06
13  52  1.06928e+07
13  53  6.7899e+06
13  54  8.01474e+06
13  55  1.09285e+07
13  56  9.99269e+06
13  57  1.09828e+07
13  58  6.41915e+06
13  59  9.60399e+06
13  60  1.00824e+07
14  0  8.71377e+06
14  1  1.18522e+07
14  2  8.1132e+06
14  3  9.78897e+06
14  4  8.78616e+06
14  5  8.61499e+06
14  6  9.54492e+06
14  7  1.60629e+07
14  8  1.8736e+07
14  9  8.55083e+06
14  10  1.11322e+07
14  11  1.24496e+07
14  12  7.25665e+06
14  13  1.55214e+07
14  14  7.40792e+06
14  15  1.22373e+07
14  16  1.02609e+07
14  17  1.56315e+07
14  18  1.42206e+07
14  19  8.24166e+06
14  20  1.1251e+07
14  21  1.6424e+07
14  22  2.8109e+06
14  23  1.5471e+07
14  24  2.12782e+07
14  25  1.38029e+07
14  26  9.45317e+06
14  27  4.61031e+06
14  28  1.07622e+07
14  29  1.45741e+07
14  30  4.75963e+06
14  31  1.08246e+07
14  32  2.48955e+06
14  33  9.54096e+06
14  34  1.20518e+07
14  35  1.54844e+07
14  36  1.12829e+07
14  37  1.10261e+07
14  38  1.239e+07
14  39  5.31286e+06
14  40  1.17054e+07
14  41  1.51099e+07
14  42  7.95667e+06
14  43  1.75513e+07
14  44  1.25964e+07
14  45  1.6538e+07
14  46  1.12116e+07
14  47  1.26234e+07
14  48  1.2813e+07
14  49  1.16754e+07
14  50  1.01747e+07
14  51  1.19541e+07
14  52  5.28279e+06
14  53  1.03239e+07
14  54  1.38019e+07
14  55  8.69898e+06
14  56  1.29672e+07
14  57  7.20609e+06
14  58  5.24289e+06
14  59  5.53678e+06
14  60  7.44495e+06
15  0  5.26809e+06
15  1  4.76082e+06
15  2  9.2868e+06
15  3  1.339e+07
15  4  8.13959e+06
15  5  1.04511e+07
15  6  1.15035e+07
15  7  1.17491e+07
15  8  7.04696e+06
15  9  8.30534e+06
15  10  8.21747e+06
15  11  8.30402e+06
15  12  1.59741e+07
15  13  9.10474e+06
15  14  1.4653e+07
15  15  1.19981e+07
15  16  7.5628e+06
15  17  5.13825e+06
15  18  1.49879e+07
15  19  3.87628e+06
15  20  1.24747e+07
15  21  8.11066e+06
15  22  1.5362e+07
15  23  1.05454e+07
15  24  7.84028e+06
15  25  1.10567e+07
15  26  9.73559e+06
15  27  9.81917e+06
15  28  8.87323e+06
15  29  1.58724e+07
15  30  6.05527e+06
15  31  1.035e+07
15  32  1.15093e+07
15  33  8.23239e+06
15  34  1.34315e+07
15  35  1.42607e+07
15  36  1.8835e+07
15  37  1.69467e+07
15  38  1.05808e+07
15  39  1.22034e+07
15  40  1.47248e+07
15  41  1.66903e+07
15  42  1.54605e+07
15  43  1.79247e+07
15  44  1.44706e+07
15  45  1.74404e+07
15  46  7.95134e+06
15  47  1.31692e+07
15  48  8.37798e+06
15  49  1.05883e+07
15  50  1.34196e+07
15  51  5.14979e+06
15  52  1.19016e+07
15  53  1.13049e+07
15  54  9.73848e+06
15  55  1.13325e+07
15  56  6.96074e+06
15  57  1.08519e+07
15  58  8.87431e+06
15  59  9.20156e+06
15  60  7.68459e+06
16  0  1.18868e+07
16  1  4.74661e+06
16  2  9.53913e+06
16  3  1.41098e+07
16  4  7.78662e+06
16  5  6.98224e+06
16  6  7.28563e+06
16  7  6.70253e+06
16  8  7.04391e+06
16  9  6.10071e+06
16  10  5.95248e+06
16  11  8.18052e+06
16  12  1.28239e+07
16  13  6.94859e+06
16  14  7.12954e+06
16  15  8.08128e+06
16  16  8.93825e+06
16  17  7.99114e+06
16  18  6.45207e+06
16  19  8.11839e+06
16  20  1.41853e+07
16  21  8.20174e+06
16  22  1.06132e+07
16  23  8.91976e+06
16  24  5.21455e+06
16  25  1.51484e+07
16  26  4.18461e+06
16  27  5.95094e+06
16  28  1.19345e+07
16  29  8.06881e+06
16  30  8.36486e+06
16  31  4.68519e+06
16  32  1.29728e+07
16  33  6.35268e+06
16  34  9.09199e+06
16  35  4.4811e+06
16  36  9.86421e+06
16  37  1.30382e+07
16  38  1.67431e+07
16  39  1.33995e+07
16  40  1.49286e+07
16  41  1.09224e+07
16  42  1.10544e+07
16  43  1.85225e+07
16  44  1.48241e+07
16  45  1.5435e+07
16  46  7.1834e+06
16  47  8.08537e+06
16  48  8.14773e+06
16  49  1.24368e+07
16  50  4.94467e+06
16  51  7.59283e+06
16  52  8.61022e+06
16  53  1.14869e+07
16  54  9.86841e+06
16  55  9.29706e+06
16  56  8.07418e+06
16  57  7.27722e+06
16  58  8.7547e+06
16  59  1.41911e+07
16  60  1.25242e+07
17  0  1.57525e+07
17  1  1.20245e+07
17  2  1.17337e+07
17  3  8.19575e+06
17  4  1.19145e+07
17  5  4.13064e+06
17  6  8.89147e+06
17  7  9.80609e+06
17  8  1.11695e+07
17  9  1.30596e+07
17  10  1.24026e+07
17  11  1.15438e+07
17  12  7.22155e+06
17  13  1.13188e+07
17  14  7.97326e+06
17  15  1.13889e+07
17  16  6.21917e+06
17  17  1.35971e+07
17  18  4.84283e+06
17  19  6.31338e+06
17  20  2.389e+06
17  21  7.53926e+06
17  22  3.97307e+06
17  23  1.36377e+07
17  24  7.10786e+06
17  25  9.88689e+06
17  26  8.61038e+06
17  27  7.15237e+06
17  28  1.0776e+07
17  29  1.48262e+07
17  30  1.8366e+07
17  31  1.10479e+07
17  32  8.20903e+06
17  33  1.55802e+07
17  34  1.15873e+07
17  35  9.51718e+06
17  36  1.49589e+07
17  37  1.05448e+07
17  38  1.23478e+07
17  39  1.18634e+07
17  40  1.59317e+07
17  41  1.56759e+07
17  42  1.56302e+07
17  43  1.07312e+07
17  44  1.16079e+07
17  45  1.93918e+07
17  46  1.07891e+07
17  47  1.30767e+07
17  48  1.08661e+07
17  49  1.02974e+07
17  50  1.06485e+07
17  51  1.16596e+07
17  52  1.36458e+07
17  53  8.86806e+06
17  54  1.50514e+07
17  55  7.64135e+06
17  56  1.45711e+07
17  57  1.24076e+07
17  58  1.15103e+07
17  59  1.24846e+07
17  60  7.99241e+06
18  0  7.76497e+06
18  1  8.31625e+06
18  2  7.55313e+06
18  3  4.57027e+06
18  4  6.63886e+06
18  5  1.15093e+07
18  6  7.53139e+06
18  7  8.69575e+06
18  8  8.08808e+06
18  9  4.5811e+06
18  10  1.12092e+07
18  11  6.21922e+06
18  12  1.02855e+07
18  13  5.6313e+06
18  14  1.2947e+07
18  15  9.13737e+06
18  16  6.12931e+06
18  17  8.16906e+06
18  18  1.02495e+07
18  19  1.45048e+07
18  20  7.26935e+06
18  21  5.7428e+06
18  22  1.13417e+07
18  23  8.45202e+06
18  24  7.90245e+06
18  25  1.0851e+07
18  26  7.84725e+06
18  27  1.40362e+07
18  28  1.03823e+07
18  29  1.11501e+07
18  30  1.53091e+07
18  31  9.42283e+06
18  32  9.55925e+06
18  33  1.35497e+07
18  34  1.26902e+07
18  35  5.67418e+06
18  36  1.35766e+07
18  37  9.83048e+06
18  38  1.48411e+07
18  39  7.56653e+06
18  40  8.7948e+06
18  41  1.8889e+07
18  42  1.83214e+07
18  43  1.82758e+07
18  44  1.59888e+07
18  45  1.40201e+07
18  46  6.25637e+06
18  47  1.0987e+07
18  48  4.82867e+06
18  49  4.11898e+06
18  50  9.71409e+06
18  51  1.23791e+07
18  52  1.47486e+07
18  53  8.69311e+06
18  54  1.55974e+07
18  55  1.04414e+07
18  56  1.23625e+07
18  57  9.248e+06
18  58  1.52866e+07
18  59  1.38836e+07
18  60  1.00457e+07
19  0  2.61699e+06
19  1  1.04218e+07
19  2  1.01437e+07
19  3  6.85148e+06
19  4  6.56294e+06
19  5  8.8682e+06
19  6  8.05294e+06
19  7  4.69048e+06
19  8  7.81921e+06
19  9  8.78906e+06
19  10  6.95319e+06
19  11  1.04719e+07
19  12  9.01566e+06
19  13  8.69634e+06
19  14  7.53262e+06
19  15  3.71046e+06
19  16  1.03288e+07
19  17  1.29043e+07
19  18  1.27047e+07
19  19  9.21676e+06
19  20  6.7145e+06
19  21  9.95642e+06
19  22  7.21614e+06
19  23  7.55972e+06
19  24  9.52415e+06
19  25  1.15891e+07
19  26  1.34533e+07
19  27  1.09473e+07
19  28  8.72556e+06
19  29  9.28412e+06
19  30  1.02404e+07
19  31  1.35518e+07
19  32  8.24175e+06
19  33  1.0445e+07
19  34  5.37001e+06
19  35  1.38913e+07
19  36  1.14327e+07
19  37  1.13684e+07
19  38  1.01547e+07
19  39  1.51523e+07
19  40  1.24214e+07
19  41  7.88463e+06
19  42  9.79001e+06
19  43  1.1404e+07
19  44  1.82944e+07
19  45  7.58687e+06
19  46  9.03539e+06
19  47  1.69956e+07
19  48  7.27378e+06
19  49  9.89264e+06
19  50  9.57076e+06
19  51  1.68112e+07
19  52  1.31379e+07
19  53  1.14703e+07
19  54  1.31544e+07
19  55  9.63798e+06
19  56  1.0816e+07
19  57  1.03046e+07
19  58  1.17753e+07
19  59  1.18871e+07
19  60  1.71109e+07
20  0  1.04261e+07
20  1  1.04343e+07
20  2  6.52779e+06
20  3  7.09721e+06
20  4  7.54666e+06
20  5  7.51302e+06
20  6  4.14319e+06
20  7  8.71694e+06
20  8  1.33966e+07
20  9  9.06681e+06
20  10  1.27331e+07
20  11  1.11518e+07
20  12  3.90579e+06
20  13  4.72352e+06
20  14  1.11556e+07
20  15  7.56054e+06
20  16  9.20102e+06
20  17  3.67396e+06
20  18  6.44177e+06
20  19  2.29152e+06
20  20  9.5982e+06
20  21  8.69759e+06
20  22  1.21833e+07
20  23  9.44453e+06
20  24  1.12511e+07
20  25  1.23544e+07
20  26  1.33212e+07
20  27  4.14046e+06
20  28  1.05806e+07
20  29  7.21217e+06
20  30  5.83422e+06
20  31  1.10528e+07
20  32  8.40009e+06
20  33  1.07264e+07
20  34  1.74566e+07
20  35  1.45597e+07
20  36  7.77444e+06
20  37  1.34543e+07
20  38  1.23986e+07
20  39  1.59528e+07
20  40  1.46465e+07
20  41  1.49243e+07
20  42  9.50329e+06
20  43  2.01108e+07
20  44  1.19439e+07
20  45  8.7783e+06
20  46  1.41126e+07
20  47  8.22446e+06
20  48  9.86165e+06
20  49  9.98189e+06
20  50  8.63393e+06
20  51  8.12496e+06
20  52  7.62916e+06
20  53  1.73824e+07
20  54  1.85905e+07
20  55  1.00495e+07
20  56  8.84789e+06
20  57  1.17008e+07
20  58  1.21357e+07
20  59  1.12237e+07
20  60  1.37282e+07
21  0  5.94657e+06
21  1  1.33815e+07
21  2  8.76945e+06
21  3  9.18797e+06
21  4  1.00225e+07
21  5  3.07799e+06
21  6  7.46869e+06
21  7  7.89053e+06
21  8  8.4808e+06
21  9  8.65358e+06
21  10  6.14997e+06
21  11  5.65748e+06
21  12  9.40111e+06
21  13  8.81995e+06
21  14  4.73678e+06
21  15  9.24717e+06
21  16  8.82372e+06
21  17  2.65298e+06
21  18  7.96957e+06
21  19  8.09226e+06
21  20  1.01371e+07
21  21  8.09369e+06
21  22  1.27115e+07
21  23  9.77254e+06
21  24  8.54015e+06
21  25  1.18597e+07
21  26  9.99045e+06
21  27  8.09671e+06
21  28  9.98798e+06
21  29  1.09603e+07
21  30  1.29077e+07
21  31  7.86549e+06
21  32  1.16251e+07
21  33  1.07843e+07
21  34  1.32062e+07
21  35  7.75083e+06
21  36  6.92893e+06
21  37  1.26776e+07
21  38  1.35587e+07
21  39  1.83131e+07
21  40  1.36255e+07
21  41  1.29859e+07
21  42  1.55152e+07
21  43  1.07622e+07
21  44  1.69893e+07
21  45  1.1705e+07
21  46  1.31643e+07
21  47  9.27054e+06
21  48  8.51862e+06
21  49  5.48765e+06
21  50  1.65732e+07
21  51  1.14971e+07
21  52  7.89655e+06
21  53  1.63866e+07
21  54  1.29351e+07
21  55  1.08978e+07
21  56  1.14263e+07
21  57  8.16904e+06
21  58  6.90275e+06
21  59  8.92098e+06
21  60  1.1659e+07
22  0  6.39218e+06
22  1  1.19061e+07
22  2  7.35954e+06
22  3  5.89659e+06
22  4  1.03444e+07
22  5  8.40452e+06
22  6  1.01651e+07
22  7  6.30882e+06
22  8  9.46187e+06
22  9  7.72163e+06
22  10  5.41366e+06
22  11  4.43706e+06
22  12  8.16118e+06
22  13  5.72956e+06
22  14  1.39438e+07
22  15  6.31734e+06
22  16  1.37756e+07
22  17  1.37076e+07
22  18  5.72542e+06
22  19  5.05805e+06
22  20  8.45775e+06
22  21  7.9695e+06
22  22  1.31086e+07
22  23  1.25616e+07
22  24  9.53209e+06
22  25  4.65403e+06
22  26  8.25501e+06
22  27  9.25242e+06
22  28  7.39778e+06
22  29  9.72449e+06
22  30  1.21042e+07
22  31  9.76864e+06
22  32  9.87768e+06
22  33  1.19514e+07
22  34  1.10633e+07
22  35  8.91566e+06
22  36  1.47964e+07
22  37  1.6562e+07
22  38  1.39793e+07
22  39  1.64041e+07
22  40  1.22395e+07
22  41  1.24871e+07
22  42  8.54709e+06
22  43  7.03996e+06
22  44  7.86193e+06
22  45  1.07701e+07
22  46  6.46333e+06
22  47  1.2705e+07
22  48  6.86054e+06
22  49  1.43888e+07
22  50  9.78951e+06
22  51  6.92558e+06
22  52  1.61643e+07
22  53  1.20849e+07
22  54  1.02678e+07
22  55  1.13786e+07
22  56  8.90065e+06
22  57  9.56922e+06
22  58  1.46629e+07
22  59  7.86774e+06
22  60  1.16786e+07
23  0  1.21737e+07
23  1  9.33177e+06
23  2  9.34266e+06
23  3  6.75903e+06
23  4  1.03648e+07
23  5  9.727e+06
23  6  4.79763e+06
23  7  4.62511e+06
23  8  7.86515e+06
23  9  8.51375e+06
23  10  9.32211e+06
23  11  9.13745e+06
23  12  6.966e+06
23  13  1.13541e+07
23  14  1.01613e+07
23  15  9.74772e+06
23  16  1.24747e+07
23  17  8.69432e+06
23  18  6.9102e+06
23  19  1.01503e+07
23  20  1.10944e+07
23  21  1.65992e+07
23  22  8.26098e+06
23  23  1.01705e+07
23  24  8.64523e+06
23  25  8.70274e+06
23  26  1.03343e+07
23  27  9.55955e+06
23  28  5.52346e+06
23  29  1.55745e+07
23  30  1.16882e+07
23  31  1.4066e+07
23  32  1.29776e+07
23  33  7.01419e+06
23  34  1.67988e+07
23  35  1.79804e+07
23  36  1.14954e+07
23  37  1.56769e+07
23  38  1.01404e+07
23  39  1.02035e+07
23  40  4.74369e+06
23  41  1.35818e+07
23  42  9.42968e+06
23  43  1.09807e+07
23  44  1.23421e+07
23  45  1.1742e+07
23  46  9.31815e+06
23  47  7.78631e+06
23  48  9.80627e+06
23  49  1.26672e+07
23  50  9.26384e+06
23  51  9.44908e+06
23  52  1.64519e+07
23  53  1.39825e+07
23  54  9.0786e+06
23  55  4.59177e+06
23  56  1.05119e+07
23  57  8.98074e+06
23  58  9.45217e+06
23  59  6.35698e+06
23  60  1.23328e+07
24  0  1.0669e+07
24  1  8.80887e+06
24  2  8.9189e+06
24  3  7.79309e+06
24  4  1.11737e+07
24  5  5.27897e+06
24  6  9.40125e+06
24  7  1.16724e+07
24  8  8.02844e+06
24  9  1.27861e+07
24  10  8.2253e+06
24  11  1.17897e+07
24  12  6.24555e+06
24  13  7.66067e+06
24  14  4.80613e+06
24  15  9.04646e+06
24  16  6.86016e+06
24  17  8.22255e+06
24  18  8.07422e+06
24  19  1.37302e+07
24  20  1.05952e+07
24  21  8.73821e+06
24  22  9.11539e+06
24  23  6.64273e+06
24  24  7.15824e+06
24  25  5.60952e+06
24  26  1.20447e+07
24  27  8.57977e+06
24  28  1.08313e+07
24  29  5.37884e+06
24  30  6.19794e+06
24  31  8.89446e+06
24  32  1.27671e+07
24  33  6.71149e+06
24  34  1.77449e+07
24  35  1.28684e+07
24  36  1.3012e+07
24  37  1.65279e+07
24  38  1.37852e+07
24  39  1.29662e+07
24  40  1.92581e+07
24  41  1.54099e+07
24  42  1.23701e+07
24  43  1.35244e+07
24  44  1.40519e+07
24  45  1.2022e+07
24  46  5.20208e+06
24  47  5.23448e+06
24  48  5.03037e+06
24  49  6.22862e+06
24  50  8.27095e+06
24  51  6.21749e+06
24  52  9.30802e+06
24  53  1.26345e+07
24  54  1.56021e+07
24  55  8.21055e+06
24  56  1.08945e+07
24  57  5.78122e+06
24  58  1.02476e+07
24  59  8.92153e+06
24  60  1.26615e+07
25  0  1.09809e+07
25  1  7.40235e+06
25  2  8.90753e+06
25  3  4.90947e+06
25  4  1.03355e+07
25  5  7.53766e+06
25  6  1.27124e+07
25  7  5.45355e+06
25  8  1.16075e+07
25  9  1.13057e+07
25  10  1.51707e+07
25  11  1.09023e+07
25  12  1.0767e+07
25  13  9.87818e+06
25  14  1.21945e+07
25  15  1.12695e+07
25  16  7.85493e+06
25  17  1.18618e+07
25  18  1.30593e+07
25  19  1.27411e+07
25  20  7.15575e+06
25  21  7.40036e+06
25  22  1.25467e+07
25  23  1.29514e+07
25  24  5.03732e+06
25  25  8.3742e+06
25  26  1.24267e+07
25  27  1.20787e+07
25  28  1.04577e+07
25  29  6.87038e+06
25  30  1.5371e+07
25  31  1.5285e+07
25  32  8.49521e+06
25  33  1.10258e+07
25  34  1.6719e+07
25  35  6.1513e+06
25  36  9.20248e+06
25  37  1.50933e+07
25  38  1.53143e+07
25  39  8.04846e+06
25  40  1.17799e+07
25  41  1.63971e+07
25  42  1.36327e+07
25  43  1.24963e+07
25  44  6.97633e+06
25  45  1.13264e+07
25  46  1.53067e+07
25  47  6.61446e+06
25  48  4.48494e+06
25  49  9.639e+06
25  50  1.04444e+07
25  51  1.31346e+07
25  52  1.2332e+07
25  53  1.60232e+07
25  54  1.38004e+07
25  55  1.22694e+07
25  56  3.49397e+06
25  57  9.27353e+06
25  58  1.00814e+07
25  59  9.87751e+06
25  60  1.11989e+07
26  0  8.40598e+06
26  1  1.0711e+07
26  2  8.56804e+06
26  3  1.54773e+07
26  4  7.4009e+06
26  5  3.0806e+06
26  6  9.42129e+06
26  7  3.47309e+06
26  8  1.31532e+07
26  9  1.16474e+07
26  10  7.53748e+06
26  11  6.13261e+06
26  12  8.16271e+06
26  13  1.33467e+07
26  14  8.48007e+06
26  15  5.9798e+06
26  16  8.09636e+06
26  17  5.02154e+06
26  18  9.72722e+06
26  19  7.54883e+06
26  20  1.43494e+07
26  21  9.75316e+06
26  22  1.09516e+07
26  23  1.34418e+07
26  24  9.78135e+06
26  25  9.0416e+06
26  26  1.42516e+07
26  27  6.45094e+06
26  28  1.05247e+07
26  29  1.40742e+07
26  30  6.62254e+06
26  31  1.08681e+07
26  32  1.29267e+07
26  33  6.43727e+06
26  34  8.56015e+06
26  35  1.147e+07
26  36  1.43406e+07
26  37  7.1182e+06
26  38  1.70975e+07
26  39  1.49533e+07
26  40  3.88431e+06
26  41  9.97625e+06
26  42  1.23805e+07
26  43  2.07692e+07
26  44  1.07094e+07
26  45  9.10437e+06
26  46  2.25694e+06
26  47  9.1739e+06
26  48  7.82991e+06
26  49  3.7396e+06
26  50  7.97555e+06
26  51  7.95727e+06
26  52  8.8589e+06
26  53  8.98214e+06
26  54  1.91163e+07
26  55  5.40029e+06
26  56  1.26958e+07
26  57  1.01253e+07
26  58  1.17763e+07
26  59  1.32694e+07
26  60  6.23824e+06
27  0  8.81962e+06
27  1  9.66745e+06
27  2  3.57071e+06
27  3  1.11145e+07
27  4  1.10827e+07
27  5  4.21565e+06
27  6  4.69253e+06
27  7  8.63663e+06
27  8  4.56714e+06
27  9  9.20685e+06
27  10  1.23834e+07
27  11  8.03487e+06
27  12  9.22249e+06
27  13  4.13378e+06
27  14  1.50281e+07
27  15  1.24363e+07
27  16  6.61178e+06
27  17  7.77634e+06
27  18  6.43702e+06
27  19  7.03781e+06
27  20  3.98193e+06
27  21  1.27886e+07
27  22  9.96696e+06
27  23  8.35298e+06
27  24  1.51086e+07
27  25  1.13771e+07
27  26  7.7743e+06
27  27  1.11852e+07
27  28  4.59244e+06
27  29  1.39197e+07
27  30  1.21498e+07
27  31  8.5121e+06
27  32  6.95308e+06
27  33  1.14879e+07
27  34  7.23728e+06
27  35  1.14876e+07
27  36  7.40651e+06
27  37  1.05343e+07
27  38  1.65779e+07
27  39  1.36949e+07
27  40  2.1144e+07
27  41  1.17861e+07
27  42  9.98636e+06
27  43  1.10037e+07
27  44  9.76444e+06
27  45  5.84178e+06
27  46  8.52286e+06
27  47  9.52563e+06
27  48  9.97405e+06
27  49  7.10142e+06
27  50  7.58547e+06
27  51  0
27  52  1.98282e+07
27  53  9.55677e+06
27  54  1.1122e+07
27  55  1.43668e+07
27  56  1.24852e+07
27  57  6.10709e+06
27  58  1.07495e+07
27  59  1.11476e+07
27  60  1.38457e+07
28  0  1.29351e+07
28  1  8.34133e+06
28  2  6.9087e+06
28  3  5.6285e+06
28  4  1.12798e+07
28  5  7.80954e+06
28  6  8.19342e+06
28  7  8.63913e+06
28  8  8.41722e+06
28  9  1.00637e+07
28  10  7.28129e+06
28  11  7.10304e+06
28  12  7.06286e+06
28  13  9.59178e+06
28  14  7.31579e+06
28  15  1.17695e+07
28  16  7.75312e+06
28  17  7.56787e+06
28  18  1.39079e+07
28  19  6.59314e+06
28  20  1.14493e+07
28  21  7.88576e+06
28  22  4.63035e+06
28  23  5.67143e+06
28  24  1.2429e+07
28  25  1.71558e+06
28  26  7.59088e+06
28  27  1.22412e+07
28  28  1.61829e+07
28  29  1.5886e+07
28  30  1.08302e+07
28  31  1.4405e+07
28  32  1.42327e+07
28  33  7.46082e+06
28  34  7.66127e+06
28  35  1.39774e+07
28  36  1.39022e+07
28  37  1.5181e+07
28  38  1.37828e+07
28  39  1.07997e+07
28  40  1.19956e+07
28  41  8.8198e+06
28  42  1.20379e+07
28  43  1.85452e+07
28  44  1.09404e+07
28  45  1.26746e+07
28  46  5.34402e+06
28  47  6.44476e+06
28  48  1.19271e+07
28  49  1.38915e+07
28  50  5.71108e+06
28  51  9.43735e+06
28  52  1.55519e+07
28  53  1.17854e+07
28  54  7.91694e+06
28  55  8.83829e+06
28  56  1.65669e+07
28  57  1.40361e+07
28  58  1.30466e+07
28  59  7.15068e+06
28  60  5.68799e+06
29  0  1.3779e+07
29  1  1.39089e+07
29  2  1.62139e+07
29  3  1.44278e+07
29  4  9.02975e+06
29  5  1.12073e+07
29  6  4.89222e+06
29  7  1.09431e+07
29  8  1.28288e+07
29  9  7.86659e+06
29  10  8.70213e+06
29  11  9.73445e+06
29  12  7.33655e+06
29  13  9.28731e+06
29  14  1.05157e+07
29  15  1.03203e+07
29  16  8.50568e+06
29  17  1.32878e+07
29  18  1.03408e+07
29  19  1.00222e+07
29  20  1.14545e+07
29  21  7.81352e+06
29  22  5.47111e+06
29  23  1.03905e+07
29  24  1.55315e+07
29  25  9.67293e+06
29  26  6.4055e+06
29  27  1.52914e+07
29  28  1.34958e+07
29  29  7.10033e+06
29  30  1.00012e+07
29  31  1.13675e+07
29  32  1.49489e+07
29  33  1.60011e+07
29  34  8.23691e+06
29  35  1.15873e+07
29  36  8.71291e+06
29  37  1.34521e+07
29  38  1.51939e+07
29  39  1.29097e+07
29  40  1.57981e+07
29  41  1.35458e+07
29  42  1.46579e+07
29  43  1.57066e+07
29  44  9.36608e+06
29  45  1.13109e+07
29  46  5.98022e+06
29  47  6.11727e+06
29  48  9.24833e+06
29  49  6.28449e+06
29  50  7.17755e+06
29  51  1.04546e+07
29  52  9.92689e+06
29  53  4.56271e+06
29  54  1.35251e+07
29  55  9.44808e+06
29  56  9.91286e+06
29  57  6.67109e+06
29  58  1.19788e+07
29  59  9.32281e+06
29  60  1.09437e+07
30  0  1.08395e+07
30  1  8.96756e+06
30  2  9.76739e+06
30  3  7.43812e+06
30  4  8.88393e+06
30  5  7.80543e+06
30  6  1.29243e+07
30  7  1.02785e+07
30  8  1.42339e+07
30  9  1.28621e+07
30  10  1.20452e+07
30  11  1.30953e+07
30  12  6.51325e+06
30  13  9.03615e+06
30  14  1.05321e+07
30  15  1.0809e+07
30  16  3.1109e+06
30  17  7.22439e+06
30  18  7.69989e+06
30  19  7.7231e+06
30  20  6.70924e+06
30  21  4.79725e+06
30  22  1.02173e+07
30  23  1.24238e+07
30  24  9.74738e+06
30  25  8.16511e+06
30  26  1.00199e+07
30  27  1.06215e+07
30  28  1.57544e+07
30  29  1.0186e+07
30  30  1.15651e+07
30  31  8.28842e+06
30  32  1.58308e+07
30  33  1.15844e+07
30  34  1.11273e+07
30  35  1.8485e+07
30  36  1.07215e+07
30  37  9.34583e+06
30  38  8.5243e+06
30  39  1.58833e+07
30  40  1.50692e+07
30  41  1.978e+07
30  42  1.42221e+07
30  43  1.91106e+07
30  44  1.19702e+07
30  45  1.43107e+07
30  46  1.12216e+07
30  47  6.20938e+06
30  48  1.09735e+07
30  49  9.15289e+06
30  50  1.27977e+07
30  51  1.81785e+07
30  52  8.72205e+06
30  53  2.11174e+07
30  54  1.31884e+07
30  55  6.7296e+06
30  56  1.40614e+07
30  57  1.06247e+07
30  58  8.84353e+06
30  59  8.47829e+06
30  60  7.92577e+06
31  0  9.06269e+06
31  1  7.69113e+06
31  2  2.45121e+06
31  3  6.2346e+06
31  4  1.43331e+07
31  5  1.14183e+07
31  6  9.85285e+06
31  7  6.44538e+06
31  8  5.56028e+06
31  9  9.29491e+06
31  10  7.57379e+06
31  11  8.51183e+06
31  12  9.56625e+06
31  13  3.18128e+06
31  14  6.58406e+06
31  15  9.89344e+06
31  16  1.33294e+07
31  17  5.67118e+06
31  18  9.86747e+06
31  19  1.09533e+07
31  20  1.47539e+07
31  21  3.58335e+06
31  22  6.71415e+06
31  23  1.50841e+07
31  24  9.8988e+06
31  25  6.66085e+06
31  26  9.03356e+06
31  27  7.45386e+06
31  28  9.33296e+06
31  29  1.14141e+07
31  30  7.60996e+06
31  31  7.53415e+06
31  32  1.34654e+07
31  33  1.14721e+07
31  34  1.14595e+07
31  35  7.69586e+06
31  36  9.3967e+06
31  37  1.06947e+07
31  38  1.03508e+07
31  39  1.19308e+07
31  40  4.18111e+06
31  41  1.86193e+07
31  42  1.87663e+07
31  43  8.43887e+06
31  44  1.06493e+07
31  45  4.58151e+06
31  46  1.09838e+07
31  47  7.49624e+06
31  48  8.81124e+06
31  49  3.92407e+06
31  50  3.38375e+06
31  51  1.57713e+07
31  52  1.99824e+07
31  53  1.50064e+07
31  54  1.33689e+07
31  55  1.48205e+07
31  56  5.63317e+06
31  57  1.5672e+07
31  58  7.53558e+06
31  59  1.08699e+07
31  60  4.68438e+06
32  0  2.20389e+07
32  1  1.71603e+07
32  2  1.02008e+07
32  3  9.41411e+06
32  4  6.96865e+06
32  5  7.52149e+06
32  6  7.46224e+06
32  7  1.04999e+07
32  8  1.1291e+07
32  9  8.50948e+06
32  10  1.02435e+07
32  11  7.36947e+06
32  12  4.13633e+06
32  13  1.05848e+07
32  14  5.50755e+06
32  15  2.45403e+06
32  16  8.2862e+06
32  17  1.16107e+07
32  18  1.10586e+07
32  19  1.16113e+07
32  20  4.7105e+06
32  21  9.45761e+06
32  22  1.00102e+07
32  23  1.85803e+07
32  24  7.11978e+06
32  25  1.30354e+07
32  26  8.52544e+06
32  27  6.01205e+06
32  28  1.42825e+07
32  29  3.46845e+06
32  30  1.02607e+07
32  31  1.29656e+07
32  32  1.64639e+07
32  33  7.50916e+06
32  34  5.04375e+06
32  35  7.65626e+06
32  36  1.19218e+07
32  37  1.20596e+07
32  38  1.23667e+07
32  39  3.62983e+06
32  40  1.67868e+07
32  41  1.59511e+07
32  42  1.25259e+07
32  43  1.47907e+07
32  44  1.20095e+07
32  45  1.02974e+07
32  46  1.17828e+07
32  47  5.15718e+06
32  48  7.49031e+06
32  49  8.71344e+06
32  50  7.19656e+06
32  51  1.27829e+07
32  52  7.56585e+06
32  53  1.12143e+07
32  54  1.02757e+07
32  55  1.3165e+07
32  56  9.92045e+06
32  57  8.33803e+06
32  58  7.4791e+06
32  59  7.81899e+06
32  60  7.84721e+06
33  0  6.39916e+06
33  1  1.02373e+07
33  2  3.88848e+06
33  3  1.03796e+07
33  4  1.26596e+07
33  5  9.85812e+06
33  6  6.43119e+06
33  7  1.069e+07
33  8  1.0568e+07
33  9  9.849e+06
33  10  5.57652e+06
33  11  6.54291e+06
33  12  3.08412e+06
33  13  7.00766e+06
33  14  5.23562e+06
33  15  8.01361e+06
33  16  8.86693e+06
33  17  1.12749e+07
33  18  7.29931e+06
33  19  8.93366e+06
33  20  6.45594e+06
33  21  7.61112e+06
33  22  5.01955e+06
33  23  1.67632e+07
33  24  7.7315e+06
33  25  1.06289e+07
33  26  1.46019e+07
33  27  1.55902e+07
33  28  1.47238e+07
33  29  8.07284e+06
33  30  1.39467e+07
33  31  1.04834e+07
33  32  1.22676e+07
33  33  1.36401e+07
33  34  2.25405e+07
33  35  1.24306e+07
33  36  8.89849e+06
33  37  1.90347e+07
33  38  1.5204e+07
33  39  1.32247e+07
33  40  9.6217e+06
33  41  1.58782e+07
33  42  2.1507e+07
33  43  8.11986e+06
33  44  1.35959e+07
33  45  8.57214e+06
33  46  9.80302e+06
33  47  9.01494e+06
33  48  6.85435e+06
33  49  1.00509e+07
33  50  8.55078e+06
33  51  1.80629e+07
33  52  1.27265e+07
33  53  1.99597e+07
33  54  1.0311e+07
33  55  1.32452e+07
33  56  1.44913e+07
33  57  8.94785e+06
33  58  1.25518e+07
33  59  1.13011e+07
33  60  9.84722e+06
34  0  9.08982e+06
34  1  1.24206e+07
34  2  1.57859e+07
34  3  6.64997e+06
34  4  8.47063e+06
34  5  8.34468e+06
34  6  9.48178e+06
34  7  1.1328e+07
34  8  6.29466e+06
34  9  8.14269e+06
34  10  6.43091e+06
34  11  8.74321e+06
34  12  7.13354e+06
34  13  6.77394e+06
34  14  9.56712e+06
34  15  6.73171e+06
34  16  9.58231e+06
34  17  4.16436e+06
34  18  1.01971e+07
34  19  1.68536e+07
34  20  6.18503e+06
34  21  9.4537e+06
34  22  7.85779e+06
34  23  1.05681e+07
34  24  1.76265e+07
34  25  6.57806e+06
34  26  8.15802e+06
34  27  1.197e+07
34  28  9.1934e+06
34  29  1.23824e+07
34  30  1.0238e+07
34  31  1.41604e+07
34  32  1.16064e+07
34  33  1.02521e+07
34  34  1.11466e+07
34  35  1.38952e+07
34  36  1.20121e+07
34  37  1.09779e+07
34  38  1.37676e+07
34  39  1.29199e+07
34  40  8.95701e+06
34  41  1.66767e+07
34  42  1.33868e+07
34  43  7.65481e+06
34  44  2.12051e+07
34  45  1.1748e+07
34  46  1.45616e+07
34  47  1.06744e+07
34  48  2.03007e+07
34  49  1.22799e+07
34  50  6.8915e+06
34  51  1.88508e+07
34  52  7.15469e+06
34  53  1.78993e+07
34  54  1.55711e+07
34  55  1.08319e+07
34  56  1.51336e+07
34  57  1.17289e+07
34  58  6.20952e+06
34  59  1.4484e+07
34  60  1.53907e+07
35  0  1.59806e+07
35  1  8.11887e+06
35  2  8.20827e+06
35  3  7.46054e+06
35  4  1.41832e+07
35  5  1.11825e+07
35  6  7.84782e+06
35  7  7.23127e+06
35  8  6.1365e+06
35  9  7.36286e+06
35  10  4.01189e+06
35  11  6.52603e+06
35  12  337961
35  13  5.19829e+06
35  14  4.1215e+06
35  15  7.40353e+06
35  16  4.26931e+06
35  17  9.02585e+06
35  18  6.82735e+06
35  19  8.21345e+06
35  20  7.8127e+06
35  21  1.16489e+07
35  22  9.56076e+06
35  23  1.72997e+07
35  24  1.09339e+07
35  25  1.25738e+07
35  26  1.5104e+07
35  27  1.1707e+07
35  28  7.54424e+06
35  29  6.74168e+06
35  30  1.18589e+07
35  31  1.29936e+07
35  32  1.29054e+07
35  33  1.68585e+07
35  34  8.10735e+06
35  35  1.20137e+07
35  36  8.56054e+06
35  37  1.27708e+07
35  38  1.41236e+07
35  39  9.02423e+06
35  40  8.95952e+06
35  41  9.36608e+06
35  42  1.92519e+07
35  43  1.4387e+07
35  44  1.40736e+07
35  45  1.62606e+07
35  46  7.97419e+06
35  47  9.23518e+06
35  48  1.24858e+07
35  49  8.84787e+06
35  50  7.22418e+06
35  51  1.40921e+07
35  52  1.42665e+07
35  53  7.68666e+06
35  54  1.61874e+07
35  55  8.97464e+06
35  56  1.45929e+07
35  57  1.02805e+07
35  58  1.24017e+07
35  59  1.54258e+07
35  60  9.33463e+06
36  0  1.25095e+07
36  1  9.17795e+06
36  2  1.17468e+07
36  3  7.85108e+06
36  4  8.59842e+06
36  5  4.52609e+06
36  6  6.40728e+06
36  7  8.09478e+06
36  8  5.80574e+06
36  9  1.19047e+07
36  10  4.6486e+06
36  11  5.48071e+06
36  12  1.08487e+06
36  13  4.42374e+06
36  14  3.64125e+06
36  15  2.266e+06
36  16  6.77364e+06
36  17  7.62786e+06
36  18  8.2359e+06
36  19  5.21852e+06
36  20  1.28015e+07
36  21  9.73613e+06
36  22  1.15828e+07
36  23  1.10284e+07
36  24  1.07186e+07
36  25  1.15093e+07
36  26  1.05893e+07
36  27  1.41769e+07
36  28  8.89079e+06
36  29  7.32852e+06
36  30  1.09674e+07
36  31  8.14932e+06
36  32  1.17917e+07
36  33  1.46332e+07
36  34  6.54673e+06
36  35  1.55712e+07
36  36  1.27284e+07
36  37  1.42131e+07
36  38  9.55741e+06
36  39  1.22213e+07
36  40  1.67178e+07
36  41  1.63177e+07
36  42  1.00073e+07
36  43  1.58427e+07
36  44  1.67164e+07
36  45  1.90982e+07
36  46  8.84536e+06
36  47  8.592e+06
36  48  7.71914e+06
36  49  6.12905e+06
36  50  1.81563e+07
36  51  1.07539e+07
36  52  1.04276e+07
36  53  1.20342e+07
36  54  1.4095e+07
36  55  1.24153e+07
36  56  9.4958e+06
36  57  5.59375e+06
36  58  9.37662e+06
36  59  8.46223e+06
36  60  1.0308e+07
37  0  1.0136e+07
37  1  1.36802e+07
37  2  5.44019e+06
37  3  8.38105e+06
37  4  9.1115e+06
37  5  8.83878e+06
37  6  2.01332e+06
37  7  8.41008e+06
37  8  9.00316e+06
37  9  6.26968e+06
37  10  1.26889e+07
37  11  3.02857e+06
37  12  164520
37  13  5.0931e+06
37  14  2.89053e+06
37  15  6.59162e+06
37  16  5.36319e+06
37  17  7.78222e+06
37  18  6.46469e+06
37  19  1.2219e+07
37  20  5.6905e+06
37  21  1.76579e+07
37  22  9.27357e+06
37  23  1.02883e+07
37  24  7.19121e+06
37  25  1.14995e+07
37  26  7.53234e+06
37  27  1.36189e+07
37  28  1.0609e+07
37  29  5.81012e+06
37  30  8.2665e+06
37  31  1.04264e+07
37  32  2.06066e+07
37  33  1.05761e+07
37  34  5.43542e+06
37  35  1.22466e+07
37  36  1.76095e+07
37  37  1.1396e+07
37  38  8.83603e+06
37  39  1.71741e+07
37  40  1.05445e+07
37  41  1.03631e+07
37  42  1.29881e+07
37  43  1.55881e+07
37  44  9.92291e+06
37  45  1.38577e+07
37  46  1.38803e+07
37  47  6.69878e+06
37  48  9.40152e+06
37  49  1.13204e+07
37  50  1.24341e+07
37  51  1.05558e+07
37  52  8.3843e+06
37  53  2.04157e+07
37  54  1.78595e+07
37  55  1.13919e+07
37  56  1.90201e+07
37  57  1.23448e+07
37  58  9.141e+06
37  59  1.61363e+07
37  60  7.25561e+06
38  0  1.28654e+07
38  1  9.48202e+06
38  2  9.56548e+06
38  3  9.29281e+06
38  4  7.73079e+06
38  5  7.12802e+06
38  6  9.94326e+06
38  7  1.25498e+07
38  8  1.32069e+07
38  9  3.91763e+06
38  10  7.55105e+06
38  11  8.65861e+06
38  12  2.49336e+06
38  13  5.8558e+06
38  14  1.08941e+07
38  15  2.27654e+06
38  16  2.11535e+06
38  17  5.8014e+06
38  18  1.26558e+07
38  19  8.94481e+06
38  20  2.87167e+06
38  21  6.70509e+06
38  22  8.44636e+06
38  23  7.35075e+06
38  24  1.18828e+07
38  25  7.16026e+06
38  26  1.09112e+07
38  27  1.03445e+07
38  28  1.06041e+07
38  29  1.11775e+07
38  30  8.27188e+06
38  31  1.43418e+07
38  32  1.62861e+07
38  33  8.88013e+06
38  34  1.55074e+07
38  35  1.24235e+07
38  36  9.91119e+06
38  37  8.96335e+06
38  38  8.46251e+06
38  39  9.62639e+06
38  40  1.24014e+07
38  41  1.35836e+07
38  42  1.93878e+07
38  43  2.14126e+07
38  44  1.31448e+07
38  45  1.05719e+07
38  46  1.10912e+07
38  47  1.37076e+07
38  48  9.82656e+06
38  49  1.76524e+07
38  50  2.09968e+07
38  51  8.76929e+06
38  52  1.18653e+07
38  53  1.43336e+07
38  54  1.36496e+07
38  55  8.94084e+06
38  56  1.61812e+07
38  57  1.02014e+07
38  58  4.75791e+06
38  59  9.20699e+06
38  60  1.08007e+07
39  0  1.33704e+07
39  1  1.43921e+07
39  2  1.34558e+07
39  3  5.53565e+06
39  4  7.57649e+06
39  5  8.41667e+06
39  6  6.66528e+06
39  7  9.39074e+06
39  8  5.53164e+06
39  9  3.14438e+06
39  10  8.35888e+06
39  11  7.52743e+06
39  12  8.49611e+06
39  13  3.77422e+06
39  14  5.64811e+06
39  15  8.70973e+06
39  16  4.20065e+06
39  17  3.32391e+06
39  18  1.48464e+07
39  19  9.20765e+06
39  20  1.1809e+07
39  21  7.42324e+06
39  22  4.10194e+06
39  23  7.23479e+06
39  24  1.32822e+07
39  25  6.3286e+06
39  26  1.13224e+07
39  27  1.31591e+07
39  28  5.63524e+06
39  29  1.47018e+07
39  30  1.1259e+07
39  31  8.44648e+06
39  32  1.12593e+07
39  33  1.07492e+07
39  34  5.52241e+06
39  35  1.38873e+07
39  36  1.13564e+07
39  37  1.30222e+07
39  38  1.47478e+07
39  39  1.29309e+07
39  40  3.68249e+06
39  41  1.09885e+07
39  42  1.34292e+07
39  43  1.50419e+07
39  44  1.30664e+07
39  45  1.42018e+07
39  46  1.10035e+07
39  47  1.67628e+07
39  48  1.35283e+07
39  49  1.50412e+07
39  50  1.43841e+07
39  51  1.16031e+07
39  52  1.183e+07
39  53  1.57336e+07
39  54  1.67425e+07
39  55  1.8913e+07
39  56  1.4401e+07
39  57  1.43891e+07
39  58  9.33764e+06
39  59  1.0876e+07
39  60  1.00194e+07
40  0  1.63268e+07
40  1  6.00336e+06
40  2  1.78602e+07
40  3  1.17459e+07
40  4  5.35316e+06
40  5  1.11426e+07
40  6  1.33119e+07
40  7  1.44881e+07
40  8  1.12097e+07
40  9  6.02001e+06
40  10  5.21776e+06
40  11  7.70964e+06
40  12  2.16282e+06
40  13  7.92215e+06
40  14  4.90318e+06
40  15  7.63296e+06
40  16  7.81486e+06
40  17  7.39344e+06
40  18  6.77112e+06
40  19  6.45045e+06
40  20  1.07857e+07
40  21  1.15831e+07
40  22  7.40795e+06
40  23  1.10984e+07
40  24  8.26878e+06
40  25  5.66316e+06
40  26  7.70827e+06
40  27  1.03734e+07
40  28  9.26531e+06
40  29  1.12043e+07
40  30  2.05472e+07
40  31  1.15765e+07
40  32  1.73002e+07
40  33  1.18988e+07
40  34  1.74729e+07
40  35  1.22314e+07
40  36  8.8097e+06
40  37  9.53209e+06
40  38  9.96072e+06
40  39  1.10629e+07
40  40  8.82845e+06
40  41  1.05275e+07
40  42  1.32448e+07
40  43  1.21279e+07
40  44  1.35668e+07
40  45  1.6838e+07
40  46  1.6344e+07
40  47  1.05371e+07
40  48  1.22557e+07
40  49  1.80665e+07
40  50  1.20672e+07
40  51  1.24039e+07
40  52  1.41972e+07
40  53  1.33584e+07
40  54  1.87064e+07
40  55  1.21191e+07
40  56  9.37608e+06
40  57  5.13054e+06
40  58  1.11917e+07
40  59  1.68177e+07
40  60  7.25716e+06
41  0  1.2186e+07
41  1  1.4577e+07
41  2  1.41982e+07
41  3  6.3032e+06
41  4  9.53005e+06
41  5  8.8084e+06
41  6  9.29127e+06
41  7  7.77241e+06
41  8  1.45464e+07
41  9  1.01199e+07
41  10  8.35615e+06
41  11  7.52912e+06
41  12  7.46125e+06
41  13  1.16185e+07
41  14  6.02215e+06
41  15  7.20739e+06
41  16  6.4124e+06
41  17  6.29184e+06
41  18  8.7181e+06
41  19  5.56074e+06
41  20  5.59354e+06
41  21  5.74696e+06
41  22  1.06468e+07
41  23  7.24859e+06
41  24  1.17884e+07
41  25  7.15601e+06
41  26  1.33973e+07
41  27  4.11303e+06
41  28  9.47345e+06
41  29  1.11059e+07
41  30  5.70679e+06
41  31  7.84876e+06
41  32  1.24837e+07
41  33  1.09195e+07
41  34  1.36128e+07
41  35  9.19996e+06
41  36  1.95096e+07
41  37  9.43407e+06
41  38  1.34243e+07
41  39  1.05022e+07
41  40  1.00987e+07
41  41  8.53357e+06
41  42  1.14361e+07
41  43  1.13709e+07
41  44  1.27674e+07
41  45  1.33944e+07
41  46  9.7211e+06
41  47  1.30848e+07
41  48  1.18196e+07
41  49  1.91414e+07
41  50  1.91464e+07
41  51  1.01972e+07
41  52  1.40515e+07
41  53  1.47001e+07
41  54  7.7819e+06
41  55  5.29188e+06
41  56  1.13343e+07
41  57  1.20624e+07
41  58  8.21832e+06
41  59  7.11454e+06
41  60  1.27337e+07
42  0  1.30053e+07
42  1  2.48858e+06
42  2  1.27236e+07
42  3  8.05682e+06
42  4  8.06032e+06
42  5  7.79168e+06
42  6  8.05855e+06
42  7  1.11324e+07
42  8  1.10462e+07
42  9  6.25228e+06
42  10  5.81734e+06
42  11  5.36281e+06
42  12  4.57838e+06
42  13  1.06408e+07
42  14  2.60165e+06
42  15  8.85948e+06
42  16  1.11426e+07
42  17  6.98449e+06
42  18  2.69059e+06
42  19  1.30698e+07
42  20  7.53198e+06
42  21  1.19661e+07
42  22  9.80597e+06
42  23  7.98249e+06
42  24  1.80756e+07
42  25  1.37207e+07
42  26  9.14832e+06
42  27  9.61322e+06
42  28  1.15955e+07
42  29  1.01082e+07
42  30  3.81805e+06
42  31  1.20135e+07
42  32  8.74866e+06
42  33  8.91804e+06
42  34  1.16207e+07
42  35  1.07344e+07
42  36  1.64376e+07
42  37  1.43087e+07
42  38  1.35922e+07
42  39  1.18987e+07
42  40  1.53661e+07
42  41  9.24093e+06
42  42  1.28791e+07
42  43  1.09181e+07
42  44  1.07206e+07
42  45  1.72176e+07
42  46  1.47302e+07
42  47  1.63742e+07
42  48  1.47441e+07
42  49  1.08707e+07
42  50  1.01799e+07
42  51  1.17715e+07
42  52  1.7279e+07
42  53  1.05084e+07
42  54  1.37535e+07
42  55  1.47447e+07
42  56  1.37314e+07
42  57  2.04304e+07
42  58  6.84409e+06
42  59  1.2193e+07
42  60  9.2423e+06
43  0  7.13054e+06
43  1  8.13894e+06
43  2  5.8415e+06
43  3  1.16364e+07
43  4  1.24451e+07
43  5  7.4266e+06
43  6  9.92959e+06
43  7  7.41658e+06
43  8  1.06264e+07
43  9  1.1232e+07
43  10  4.39142e+06
43  11  4.68888e+06
43  12  9.7219e+06
43  13  6.8911e+06
43  14  7.80447e+06
43  15  8.04644e+06
43  16  1.14951e+07
43  17  1.17583e+07
43  18  1.31402e+07
43  19  7.00455e+06
43  20  1.03069e+07
43  21  6.16634e+06
43  22  7.58795e+06
43  23  9.14232e+06
43  24  8.65813e+06
43  25  8.50134e+06
43  26  1.31864e+07
43  27  8.40776e+06
43  28  1.26189e+07
43  29  1.05996e+07
43  30  6.06537e+06
43  31  9.82461e+06
43  32  8.78442e+06
43  33  1.97206e+07
43  34  1.92326e+07
43  35  1.80013e+07
43  36  1.86183e+07
43  37  1.30663e+07
43  38  1.58281e+07
43  39  2.06374e+07
43  40  5.71612e+06
43  41  1.78314e+07
43  42  1.32057e+07
43  43  1.17213e+07
43  44  1.66557e+07
43  45  1.69522e+07
43  46  1.81261e+07
43  47  1.00153e+07
43  48  1.21437e+07
43  49  1.18158e+07
43  50  2.22214e+07
43  51  1.15362e+07
43  52  7.20965e+06
43  53  1.78723e+07
43  54  1.6463e+07
43  55  1.81498e+07
43  56  1.8868e+07
43  57  1.5566e+07
43  58  1.03962e+07
43  59  1.76358e+07
43  60  1.43308e+07
44  0  1.69695e+07
44  1  1.5749e+07
44  2  1.20573e+07
44  3  1.89952e+07
44  4  1.53694e+07
44  5  1.20447e+07
44  6  4.44209e+06
44  7  8.2517e+06
44  8  1.00059e+07
44  9  1.19877e+07
44  10  5.29832e+06
44  11  9.085e+06
44  12  1.06474e+07
44  13  3.41284e+06
44  14  8.33374e+06
44  15  8.53293e+06
44  16  5.5091e+06
44  17  9.42421e+06
44  18  1.0821e+07
44  19  1.04034e+07
44  20  8.82348e+06
44  21  1.01593e+07
44  22  1.61299e+07
44  23  8.41461e+06
44  24  1.38369e+07
44  25  6.35835e+06
44  26  1.23841e+07
44  27  1.2279e+07
44  28  1.29155e+07
44  29  1.17791e+07
44  30  1.27599e+07
44  31  1.14697e+07
44  32  1.63443e+07
44  33  1.16526e+07
44  34  1.02677e+07
44  35  5.3037e+06
44  36  9.76591e+06
44  37  1.28496e+07
44  38  4.58463e+06
44  39  1.78996e+07
44  40  7.617e+06
44  41  1.55038e+07
44  42  1.38779e+07
44  43  1.17857e+07
44  44  1.99136e+07
44  45  1.56221e+07
44  46  1.14834e+07
44  47  1.33675e+07
44  48  1.47875e+07
44  49  8.46188e+06
44  50  1.64448e+07
44  51  1.87032e+07
44  52  1.79116e+07
44  53  1.62573e+07
44  54  1.3262e+07
44  55  1.26823e+07
44  56  7.56893e+06
44  57  1.47604e+07
44  58  1.43134e+07
44  59  1.17535e+07
44  60  1.10121e+07
45  0  4.28616e+06
45  1  8.71929e+06
45  2  1.14141e+07
45  3  8.48584e+06
45  4  1.21722e+07
45  5  1.17361e+07
45  6  1.05061e+07
45  7  1.25621e+07
45  8  1.49456e+07
45  9  1.35721e+07
45  10  1.03572e+07
45  11  6.62302e+06
45  12  6.79508e+06
45  13  5.08899e+06
45  14  1.06188e+07
45  15  1.32549e+07
45  16  1.18758e+07
45  17  1.26673e+07
45  18  6.81025e+06
45  19  9.1319e+06
45  20  1.0601e+07
45  21  1.24032e+07
45  22  6.40254e+06
45  23  4.91146e+06
45  24  8.73079e+06
45  25  8.00551e+06
45  26  7.62109e+06
45  27  9.58328e+06
45  28  1.06852e+07
45  29  6.47868e+06
45  30  8.58781e+06
45  31  1.31058e+07
45  32  8.58076e+06
45  33  1.02907e+07
45  34  1.18206e+07
45  35  1.35032e+07
45  36  1.0933e+07
45  37  9.97193e+06
45  38  1.18888e+07
45  39  1.66651e+07
45  40  1.05111e+07
45  41  1.76595e+07
45  42  1.0499e+07
45  43  9.72936e+06
45  44  1.16309e+07
45  45  1.30581e+07
45  46  1.05235e+07
45  47  1.10546e+07
45  48  9.25794e+06
45  49  2.21346e+07
45  50  7.61491e+06
45  51  8.18932e+06
45  52  2.13576e+07
45  53  1.12646e+07
45  54  1.69085e+07
45  55  1.44951e+07
45  56  1.49315e+07
45  57  1.59689e+07
45  58  1.1666e+07
45  59  1.32218e+07
45  60  6.59645e+06
46  0  1.81392e+07
46  1  1.76377e+07
46  2  1.25387e+07
46  3  9.58412e+06
46  4  1.09648e+07
46  5  6.36009e+06
46  6  1.17267e+07
46  7  1.81659e+07
46  8  1.1338e+07
46  9  1.4014e+07
46  10  1.15042e+07
46  11  8.35801e+06
46  12  6.72502e+06
46  13  5.17964e+06
46  14  4.62351e+06
46  15  9.44359e+06
46  16  1.01727e+07
46  17  6.67877e+06
46  18  1.05978e+07
46  19  1.01852e+07
46  20  1.34285e+07
46  21  1.15904e+07
46  22  1.07941e+07
46  23  7.32364e+06
46  24  1.02397e+07
46  25  2.03132e+07
46  26  8.53168e+06
46  27  1.08474e+07
46  28  1.18895e+07
46  29  1.14476e+07
46  30  6.20909e+06
46  31  1.44397e+07
46  32  1.11769e+07
46  33  1.47863e+07
46  34  1.18323e+07
46  35  9.88047e+06
46  36  1.06489e+07
46  37  1.1692e+07
46  38  1.70305e+07
46  39  1.13923e+07
46  40  9.64427e+06
46  41  1.48105e+07
46  42  1.09078e+07
46  43  1.28284e+07
46  44  1.67675e+07
46  45  1.92843e+07
46  46  1.66353e+07
46  47  1.13212e+07
46  48  1.26269e+07
46  49  1.08804e+07
46  50  1.25699e+07
46  51  2.13179e+07
46  52  8.85794e+06
46  53  9.74641e+06
46  54  6.38347e+06
46  55  1.17605e+07
46  56  1.46314e+07
46  57  1.42149e+07
46  58  1.39354e+07
46  59  7.19879e+06
46  60  1.43059e+07
47  0  7.18919e+06
47  1  1.266e+07
47  2  1.19939e+07
47  3  6.5067e+06
47  4  1.65214e+07
47  5  1.57478e+07
47  6  1.36831e+07
47  7  4.71563e+06
47  8  4.99938e+06
47  9  1.03195e+07
47  10  9.84148e+06
47  11  1.04961e+07
47  12  1.05572e+07
47  13  1.03026e+07
47  14  5.49907e+06
47  15  9.10903e+06
47  16  6.90344e+06
47  17  7.24255e+06
47  18  9.99328e+06
47  19  1.18381e+07
47  20  9.45481e+06
47  21  5.80633e+06
47  22  1.07216e+07
47  23  7.13724e+06
47  24  7.27658e+06
47  25  4.38774e+06
47  26  1.52575e+07
47  27  1.20604e+07
47  28  1.05152e+07
47  29  1.11665e+07
47  30  7.45119e+06
47  31  7.19375e+06
47  32  1.94956e+07
47  33  1.01685e+07
47  34  1.00254e+07
47  35  1.17331e+07
47  36  1.29046e+07
47  37  1.25251e+07
47  38  2.09743e+07
47  39  1.71192e+07
47  40  1.7407e+07
47  41  1.02922e+07
47  42  1.28215e+07
47  43  1.14308e+07
47  44  1.57415e+07
47  45  1.26547e+07
47  46  1.2579e+07
47  47  1.54721e+07
47  48  1.34457e+07
47  49  6.3615e+06
47  50  1.8149e+07
47  51  1.7016e+07
47  52  7.38593e+06
47  53  1.27577e+07
47  54  8.23903e+06
47  55  1.16321e+07
47  56  8.02219e+06
47  57  1.5658e+07
47  58  1.12704e+07
47  59  6.93359e+06
47  60  1.42135e+07
48  0  1.20233e+07
48  1  1.50739e+07
48  2  1.46476e+07
48  3  1.01687e+07
48  4  1.65913e+07
48  5  9.43706e+06
48  6  1.45941e+07
48  7  1.22003e+07
48  8  9.13247e+06
48  9  1.27213e+07
48  10  9.08721e+06
48  11  1.01261e+07
48  12  4.0542e+06
48  13  6.28123e+06
48  14  1.27049e+07
48  15  4.85634e+06
48  16  8.56547e+06
48  17  1.03723e+07
48  18  1.0757e+07
48  19  8.89814e+06
48  20  7.68667e+06
48  21  7.79122e+06
48  22  1.30298e+07
48  23  4.88127e+06
48  24  5.74836e+06
48  25  5.74295e+06
48  26  1.24913e+07
48  27  1.03191e+07
48  28  1.6565e+07
48  29  1.72301e+07
48  30  8.70697e+06
48  31  1.47598e+07
48  32  6.84054e+06
48  33  1.51291e+07
48  34  1.66647e+07
48  35  1.6272e+07
48  36  1.23538e+07
48  37  1.19897e+07
48  38  1.3039e+07
48  39  1.09268e+07
48  40  1.45492e+07
48  41  1.41157e+07
48  42  1.58296e+07
48  43  9.76065e+06
48  44  1.1439e+07
48  45  1.20427e+07
48  46  1.42599e+07
48  47  1.8653e+07
48  48  9.95082e+06
48  49  1.47021e+07
48  50  7.05336e+06
48  51  1.41833e+07
48  52  1.15533e+07
48  53  8.72787e+06
48  54  1.55106e+07
48  55  1.15724e+07
48  56  1.95213e+07
48  57  1.50618e+07
48  58  1.93836e+07
48  59  1.4803e+07
48  60  1.17698e+07
49  0  1.45981e+07
49  1  6.48942e+06
49  2  1.26416e+07
49  3  1.03302e+07
49  4  1.30431e+07
49  5  1.18082e+07
49  6  1.06393e+07
49  7  9.0747e+06
49  8  5.30369e+06
49  9  1.4515e+07
49  10  1.12434e+07
49  11  1.03674e+07
49  12  1.16127e+07
49  13  1.33973e+07
49  14  7.73626e+06
49  15  1.05545e+07
49  16  7.85333e+06
49  17  1.05173e+07
49  18  1.30841e+07
49  19  1.30597e+07
49  20  5.90743e+06
49  21  2.73525e+06
49  22  1.64001e+07
49  23  1.50107e+06
49  24  1.46792e+07
49  25  1.65704e+07
49  26  6.66274e+06
49  27  9.20154e+06
49  28  7.64999e+06
49  29  8.13075e+06
49  30  1.48583e+07
49  31  8.13188e+06
49  32  1.76513e+07
49  33  1.14068e+07
49  34  1.04429e+07
49  35  8.74205e+06
49  36  2.12932e+07
49  37  1.53645e+07
49  38  8.07366e+06
49  39  1.17248e+07
49  40  1.48607e+07
49  41  1.15525e+07
49  42  1.3499e+07
49  43  1.05466e+07
49  44  1.73022e+07
49  45  1.84194e+07
49  46  1.32141e+07
49  47  1.59039e+07
49  48  1.63553e+07
49  49  7.19708e+06
49  50  1.12596e+07
49  51  7.97115e+06
49  52  1.33688e+07
49  53  1.36072e+07
49  54  1.48683e+07
49  55  1.80156e+07
49  56  1.48059e+07
49  57  1.59175e+07
49  58  1.22034e+07
49  59  1.19738e+07
49  60  1.28364e+07
50  0  8.15412e+06
50  1  1.85209e+07
50  2  1.42993e+07
50  3  1.58459e+07
50  4  8.96565e+06
50  5  1.4332e+07
50  6  7.54955e+06
50  7  6.37593e+06
50  8  1.14935e+07
50  9  1.35302e+07
50  10  4.19219e+06
50  11  1.1242e+07
50  12  7.42892e+06
50  13  1.37428e+07
50  14  1.14092e+07
50  15  5.14762e+06
50  16  9.11807e+06
50  17  3.53274e+06
50  18  4.99165e+06
50  19  1.00188e+07
50  20  1.00678e+07
50  21  5.34553e+06
50  22  1.09793e+07
50  23  1.00052e+07
50  24  6.98958e+06
50  25  1.19133e+07
50  26  1.5804e+07
50  27  5.18924e+06
50  28  1.07793e+07
50  29  8.19882e+06
50  30  9.38805e+06
50  31  9.60452e+06
50  32  8.03932e+06
50  33  5.82018e+06
50  34  9.78602e+06
50  35  1.45721e+07
50  36  9.64547e+06
50  37  1.75756e+07
50  38  1.57519e+07
50  39  1.31134e+07
50  40  1.87803e+07
50  41  1.61146e+07
50  42  1.15801e+07
50  43  9.0863e+06
50  44  8.80629e+06
50  45  1.83559e+07
50  46  1.11154e+07
50  47  7.60161e+06
50  48  1.30933e+07
50  49  1.15507e+07
50  50  1.43754e+07
50  51  1.6056e+07
50  52  1.86449e+07
50  53  1.47832e+07
50  54  1.34917e+07
50  55  7.59494e+06
50  56  1.10983e+07
50  57  1.38836e+07
50  58  1.33869e+07
50  59  1.39914e+07
50  60  8.5046e+06
51  0  1.14924e+07
51  1  1.63246e+07
51  2  1.74167e+07
51  3  7.38981e+06
51  4  1.38993e+07
51  5  5.84697e+06
51  6  9.21495e+06
51  7  1.36649e+07
51  8  9.40004e+06
51  9  1.3386e+07
51  10  1.21696e+07
51  11  1.00277e+07
51  12  6.86363e+06
51  13  1.19638e+07
51  14  1.35261e+07
51  15  8.73436e+06
51  16  1.14843e+07
51  17  5.84007e+06
51  18  1.31243e+07
51  19  9.62319e+06
51  20  9.71924e+06
51  21  7.23618e+06
51  22  1.0033e+07
51  23  8.85484e+06
51  24  1.11958e+07
51  25  1.62124e+07
51  26  1.35253e+07
51  27  1.34699e+07
51  28  1.0292e+07
51  29  5.65824e+06
51  30  9.62444e+06
51  31  1.33168e+07
51  32  9.79195e+06
51  33  1.41189e+07
51  34  6.84734e+06
51  35  8.46624e+06
51  36  1.13079e+07
51  37  1.20147e+07
51  38  1.33626e+07
51  39  5.66436e+06
51  40  9.37471e+06
51  41  1.0058e+07
51  42  2.10954e+07
51  43  6.13437e+06
51  44  1.53442e+07
51  45  1.58741e+07
51  46  1.12593e+07
51  47  2.5565e+07
51  48  1.15134e+07
51  49  1.69697e+07
51  50  1.50334e+07
51  51  1.38097e+07
51  52  1.36912e+07
51  53  1.81285e+07
51  54  1.42867e+07
51  55  1.69982e+07
51  56  9.90553e+06
51  57  8.74521e+06
51  58  1.22832e+07
51  59  1.19409e+07
51  60  1.40996e+07
52  0  9.25925e+06
52  1  9.78545e+06
52  2  1.69968e+07
52  3  1.67231e+07
52  4  1.28019e+07
52  5  1.00591e+07
52  6  7.90306e+06
52  7  1.0063e+07
52  8  1.08937e+07
52  9  1.14656e+07
52  10  3.66005e+06
52  11  8.26983e+06
52  12  6.83488e+06
52  13  7.65937e+06
52  14  1.37623e+07
52  15  1.06715e+07
52  16  1.43002e+07
52  17  9.36864e+06
52  18  8.97845e+06
52  19  8.16328e+06
52  20  4.91117e+06
52  21  1.24475e+07
52  22  1.34762e+07
52  23  6.59969e+06
52  24  4.71342e+06
52  25  7.31917e+06
52  26  1.57871e+07
52  27  6.05729e+06
52  28  8.5483e+06
52  29  9.3088e+06
52  30  6.76052e+06
52  31  1.05336e+07
52  32  1.20292e+07
52  33  1.77439e+07
52  34  1.06023e+07
52  35  1.69104e+07
52  36  1.07395e+07
52  37  1.68787e+07
52  38  8.96686e+06
52  39  1.66334e+07
52  40  1.23243e+07
52  41  1.11997e+07
52  42  1.38854e+07
52  43  1.10425e+07
52  44  9.63414e+06
52  45  1.38492e+07
52  46  1.4755e+07
52  47  1.56009e+07
52  48  1.28697e+07
52  49  2.19371e+07
52  50  1.70142e+07
52  51  1.58941e+07
52  52  2.03694e+07
52  53  1.58598e+07
52  54  1.51229e+07
52  55  1.11453e+07
52  56  1.47391e+07
52  57  1.28782e+07
52  58  1.76876e+07
52  59  1.24072e+07
52  60  8.98279e+06
53  0  1.29441e+07
53  1  1.32015e+07
53  2  1.34431e+07
53  3  1.32605e+07
53  4  9.93672e+06
53  5  1.26326e+07
53  6  1.40479e+07
53  7  1.11507e+07
53  8  9.69919e+06
53  9  7.47242e+06
53  10  1.73463e+07
53  11  8.98903e+06
53  12  9.47351e+06
53  13  9.616e+06
53  14  7.41465e+06
53  15  1.53973e+07
53  16  1.30971e+07
53  17  1.01636e+07
53  18  8.59902e+06
53  19  7.88137e+06
53  20  9.51472e+06
53  21  1.06864e+07
53  22  1.45577e+07
53  23  1.24239e+07
53  24  1.10927e+07
53  25  1.03783e+07
53  26  1.1624e+07
53  27  1.06663e+07
53  28  8.58685e+06
53  29  1.78265e+07
53  30  8.33895e+06
53  31  6.9298e+06
53  32  7.76073e+06
53  33  6.21779e+06
53  34  1.29628e+07
53  35  1.86155e+07
53  36  8.53643e+06
53  37  8.87504e+06
53  38  1.40216e+07
53  39  1.22945e+07
53  40  1.06048e+07
53  41  1.25456e+07
53  42  1.21024e+07
53  43  1.35573e+07
53  44  1.3011e+07
53  45  1.30945e+07
53  46  1.98503e+07
53  47  1.62994e+07
53  48  1.14541e+07
53  49  1.08754e+07
53  50  1.30662e+07
53  51  1.16675e+07
53  52  9.23653e+06
53  53  1.34008e+07
53  54  1.28781e+07
53  55  1.47679e+07
53  56  1.09841e+07
53  57  2.11804e+07
53  58  1.15047e+07
53  59  1.97423e+07
53  60  1.5904e+07
54  0  1.68473e+07
54  1  1.34618e+07
54  2  1.18389e+07
54  3  1.27538e+07
54  4  1.56087e+07
54  5  9.03489e+06
54  6  1.05426e+07
54  7  1.15595e+07
54  8  1.18119e+07
54  9  5.85137e+06
54  10  9.15255e+06
54  11  1.51328e+07
54  12  1.58946e+07
54  13  9.5483e+06
54  14  1.56998e+07
54  15  1.3179e+07
54  16  5.05934e+06
54  17  6.27316e+06
54  18  7.84309e+06
54  19  8.54035e+06
54  20  2.09069e+07
54  21  6.58979e+06
54  22  1.06899e+07
54  23  1.29121e+07
54  24  8.53172e+06
54  25  1.14998e+07
54  26  8.17463e+06
54  27  1.35518e+07
54  28  9.56727e+06
54  29  1.08832e+07
54  30  9.1184e+06
54  31  1.73264e+07
54  32  9.15613e+06
54  33  1.17233e+07
54  34  1.38429e+07
54  35  8.22152e+06
54  36  1.02777e+07
54  37  8.07955e+06
54  38  1.04637e+07
54  39  5.81458e+06
54  40  1.30281e+07
54  41  1.48411e+07
54  42  1.17437e+07
54  43  1.00926e+07
54  44  8.67249e+06
54  45  1.67137e+07
54  46  1.32019e+07
54  47  1.66448e+07
54  48  9.78105e+06
54  49  1.88821e+07
54  50  1.81974e+07
54  51  1.46416e+07
54  52  1.35041e+07
54  53  1.60258e+07
54  54  1.34768e+07
54  55  8.07588e+06
54  56  1.20741e+07
54  57  1.425e+07
54  58  1.40421e+07
54  59  1.16178e+07
54  60  1.8191e+07
55  0  1.43644e+07
55  1  1.9175e+07
55  2  1.2537e+07
55  3  1.68622e+07
55  4  9.93558e+06
55  5  1.29598e+07
55  6  1.93505e+07
55  7  1.14484e+07
55  8  1.08293e+07
55  9  9.09878e+06
55  10  8.10054e+06
55  11  1.52139e+07
55  12  7.99169e+06
55  13  1.18389e+07
55  14  8.87997e+06
55  15  5.977e+06
55  16  1.44667e+07
55  17  1.4163e+07
55  18  1.36836e+07
55  19  6.63969e+06
55  20  1.19122e+07
55  21  1.28551e+07
55  22  5.11823e+06
55  23  6.91415e+06
55  24  1.22719e+07
55  25  7.33458e+06
55  26  1.12875e+07
55  27  5.74103e+06
55  28  1.0786e+07
55  29  1.14905e+07
55  30  6.99715e+06
55  31  1.38489e+07
55  32  1.14174e+07
55  33  1.46131e+07
55  34  1.07505e+07
55  35  1.09909e+07
55  36  8.05706e+06
55  37  1.39536e+07
55  38  7.7068e+06
55  39  1.332e+07
55  40  1.26009e+07
55  41  1.24048e+07
55  42  1.07507e+07
55  43  1.06287e+07
55  44  7.0854e+06
55  45  1.27552e+07
55  46  1.32854e+07
55  47  1.10579e+07
55  48  1.37902e+07
55  49  1.33862e+07
55  50  1.86979e+07
55  51  1.65211e+07
55  52  1.69312e+07
55  53  1.21419e+07
55  54  1.54279e+07
55  55  9.28437e+06
55  56  1.58427e+07
55  57  1.74307e+07
55  58  1.36155e+07
55  59  1.31813e+07
55  60  1.04223e+07
56  0  1.42216e+07
56  1  8.31253e+06
56  2  1.02986e+07
56  3  1.3469e+07
56  4  9.87464e+06
56  5  1.28779e+07
56  6  1.68636e+07
56  7  1.31103e+07
56  8  1.12139e+07
56  9  1.63114e+07
56  10  1.22168e+07
56  11  1.30159e+07
56  12  1.63423e+07
56  13  5.00196e+06
56  14  1.02136e+07
56  15  1.24269e+07
56  16  1.18065e+07
56  17  9.60313e+06
56  18  1.11512e+07
56  19  1.83171e+07
56  20  1.55646e+07
56  21  6.60513e+06
56  22  7.14502e+06
56  23  1.32663e+07
56  24  9.44978e+06
56  25  7.87961e+06
56  26  7.19633e+06
56  27  6.69737e+06
56  28  7.36736e+06
56  29  9.82094e+06
56  30  6.98128e+06
56  31  9.15374e+06
56  32  4.24962e+06
56  33  9.95987e+06
56  34  7.42202e+06
56  35  9.65265e+06
56  36  1.52001e+07
56  37  8.64231e+06
56  38  1.18239e+07
56  39  6.95068e+06
56  40  1.02251e+07
56  41  1.10133e+07
56  42  8.2204e+06
56  43  1.27198e+07
56  44  1.84921e+07
56  45  1.85052e+07
56  46  1.626e+07
56  47  1.36686e+07
56  48  1.26075e+07
56  49  1.13323e+07
56  50  1.87481e+07
56  51  1.13718e+07
56  52  1.38879e+07
56  53  1.23618e+07
56  54  1.27286e+07
56  55  1.08022e+07
56  56  1.24211e+07
56  57  1.06825e+07
56  58  8.79796e+06
56  59  5.03498e+06
56  60  1.02837e+07
57  0  1.68752e+07
57  1  1.58879e+07
57  2  1.67668e+07
57  3  1.31301e+07
57  4  1.63186e+07
57  5  1.00137e+07
57  6  1.06709e+07
57  7  1.25305e+07
57  8  1.1791e+07
57  9  1.0994e+07
57  10  9.09299e+06
57  11  1.20221e+07
57  12  9.48556e+06
57  13  1.42381e+07
57  14  7.30906e+06
57  15  1.49021e+07
57  16  6.15778e+06
57  17  7.25016e+06
57  18  1.1633e+07
57  19  8.49376e+06
57  20  1.57249e+07
57  21  8.82963e+06
57  22  5.83126e+06
57  23  5.43231e+06
57  24  1.50884e+07
57  25  1.67008e+07
57  26  1.51234e+07
57  27  1.34124e+07
57  28  1.80306e+07
57  29  1.27043e+07
57  30  8.51052e+06
57  31  7.38488e+06
57  32  4.73683e+06
57  33  1.44288e+07
57  34  6.6445e+06
57  35  1.13626e+07
57  36  6.14942e+06
57  37  1.06656e+07
57  38  1.74138e+07
57  39  6.16814e+06
57  40  1.24722e+07
57  41  1.90166e+07
57  42  1.34953e+07
57  43  1.44859e+07
57  44  1.39222e+07
57  45  1.32503e+07
57  46  1.34389e+07
57  47  1.25942e+07
57  48  1.59914e+07
57  49  1.18772e+07
57  50  1.72072e+07
57  51  1.46766e+07
57  52  1.18576e+07
57  53  1.80861e+07
57  54  1.34364e+07
57  55  1.53727e+07
57  56  1.88283e+07
57  57  1.78683e+07
57  58  1.01511e+07
57  59  1.40827e+07
57  60  1.13623e+07
58  0  1.59727e+07
58  1  1.57837e+07
58  2  1.19015e+07
58  3  4.65336e+06
58  4  8.97544e+06
58  5  1.51906e+07
58  6  1.11478e+07
58  7  2.25909e+07
58  8  1.48477e+07
58  9  1.02469e+07
58  10  1.05542e+07
58  11  1.13686e+07
58  12  8.6719e+06
58  13  6.22713e+06
58  14  1.151e+07
58  15  1.13844e+07
58  16  1.79475e+07
58  17  1.52753e+07
58  18  8.73951e+06
58  19  1.13038e+07
58  20  1.06954e+07
58  21  1.09918e+07
58  22  1.27982e+07
58  23  1.08008e+07
58  24  4.42745e+06
58  25  1.37664e+07
58  26  9.81148e+06
58  27  5.93264e+06
58  28  1.40534e+07
58  29  4.39797e+06
58  30  8.10458e+06
58  31  8.6274e+06
58  32  1.08307e+07
58  33  9.3215e+06
58  34  7.41392e+06
58  35  7.3124e+06
58  36  1.25065e+07
58  37  1.23551e+07
58  38  1.05758e+07
58  39  1.503e+07
58  40  8.24652e+06
58  41  1.2573e+07
58  42  6.94677e+06
58  43  1.69475e+07
58  44  1.41726e+07
58  45  1.32789e+07
58  46  1.25893e+07
58  47  1.29369e+07
58  48  1.43482e+07
58  49  1.73307e+07
58  50  1.77745e+07
58  51  1.18385e+07
58  52  1.19214e+07
58  53  1.31432e+07
58  54  2.10982e+07
58  55  1.6796e+07
58  56  1.47425e+07
58  57  1.1941e+07
58  58  1.91852e+07
58  59  8.90112e+06
58  60  7.95494e+06
59  0  1.79286e+07
59  1  8.14083e+06
59  2  1.14712e+07
59  3  1.07068e+07
59  4  1.85405e+07
59  5  1.22589e+07
59  6  1.49605e+07
59  7  1.68342e+07
59  8  1.22486e+07
59  9  1.10376e+07
59  10  8.27082e+06
59  11  5.94884e+06
59  12  9.9961e+06
59  13  1.20346e+07
59  14  7.13048e+06
59  15  9.16493e+06
59  16  9.37085e+06
59  17  1.43031e+07
59  18  7.63459e+06
59  19  6.99479e+06
59  20  5.77161e+06
59  21  7.46244e+06
59  22  1.0564e+07
59  23  1.57425e+07
59  24  9.55862e+06
59  25  1.38718e+07
59  26  1.56061e+07
59  27  9.75586e+06
59  28  8.76455e+06
59  29  1.15865e+07
59  30  1.05186e+07
59  31  1.09281e+07
59  32  1.08746e+07
59  33  1.28243e+07
59  34  1.24606e+07
59  35  1.2085e+07
59  36  1.57738e+07
59  37  8.21877e+06
59  38  1.09862e+07
59  39  1.44139e+07
59  40  1.51778e+07
59  41  3.22569e+06
59  42  1.1036e+07
59  43  9.97102e+06
59  44  1.14874e+07
59  45  1.7637e+07
59  46  1.95452e+07
59  47  1.28139e+07
59  48  1.99267e+07
59  49  1.79029e+07
59  50  6.13816e+06
59  51  1.60348e+07
59  52  1.13217e+07
59  53  1.44005e+07
59  54  1.6101e+07
59  55  2.02112e+07
59  56  7.11533e+06
59  57  1.66515e+07
59  58  1.6258e+07
59  59  1.23325e+07
59  60  1.45758e+07
60  0  1.6181e+07
60  1  1.32636e+07
60  2  1.55721e+07
60  3  2.01597e+07
60  4  1.14184e+07
60  5  1.12158e+07
60  6  7.07718e+06
60  7  1.26943e+07
60  8  1.03345e+07
60  9  1.1109e+07
60  10  7.94035e+06
60  11  1.12992e+07
60  12  8.30866e+06
60  13  6.18913e+06
60  14  1.03939e+07
60  15  1.15667e+07
60  16  3.90674e+06
60  17  7.42962e+06
60  18  7.60001e+06
60  19  1.63378e+07
60  20  1.618e+07
60  21  4.06388e+06
60  22  1.02189e+07
60  23  9.364e+06
60  24  1.24187e+07
60  25  8.22126e+06
60  26  8.9186e+06
60  27  9.02068e+06
60  28  8.46624e+06
60  29  8.21492e+06
60  30  6.11701e+06
60  31  1.46751e+07
60  32  1.16947e+07
60  33  9.67699e+06
60  34  1.30024e+07
60  35  1.70539e+07
60  36  1.09072e+07
60  37  8.11071e+06
60  38  1.13167e+07
60  39  1.10856e+07
60  40  1.34074e+07
60  41  8.84624e+06
60  42  8.37558e+06
60  43  1.96992e+07
60  44  1.33548e+07
60  45  8.06464e+06
60  46  1.47174e+07
60  47  1.97518e+07
60  48  1.28381e+07
60  49  5.99546e+06
60  50  2.22294e+07
60  51  1.45094e+07
60  52  1.55173e+07
60  53  1.35842e+07
60  54  1.70974e+07
60  55  9.44325e+06
60  56  1.79671e+07
60  57  1.60778e+07
60  58  1.29496e+07
60  59  1.5548e+07
60  60  8.761e+06

