row  column  (images_18_844.edf Zn-K*images_18_844.edf Ar-K**2.3)
0  0  1.61065e+06
0  1  0
0  2  0
0  3  5.83454e+06
0  4  2.65223e+07
0  5  5.0344e+07
0  6  5.40546e+07
0  7  3.75914e+07
0  8  4.01014e+07
0  9  1.94807e+07
0  10  3.80159e+07
0  11  4.86648e+07
0  12  5.51198e+07
0  13  7.41359e+07
0  14  4.35588e+07
0  15  2.66921e+07
0  16  1.60747e+07
0  17  6.4461e+06
0  18  682749
0  19  1.04932e+07
0  20  0
0  21  2.6815e+06
0  22  3.49669e+06
0  23  1.8199e+06
0  24  1.14822e+07
0  25  5.68715e+06
0  26  1.30137e+07
0  27  9.29136e+06
0  28  1.04728e+07
0  29  791060
0  30  951567
0  31  0
0  32  493742
0  33  500109
0  34  0
0  35  0
0  36  2.00142e+06
0  37  394044
0  38  1.88658e+06
0  39  9.52641e+06
0  40  7.69492e+06
0  41  9.99184e+06
0  42  4.53334e+07
0  43  7.66018e+07
0  44  7.60897e+07
0  45  6.417e+07
0  46  3.64112e+07
0  47  3.68776e+07
0  48  3.80791e+07
0  49  4.02725e+07
0  50  6.66499e+07
0  51  6.63276e+07
0  52  6.60243e+07
0  53  5.59811e+07
0  54  5.51403e+07
0  55  4.96667e+07
0  56  3.17882e+07
0  57  3.08648e+07
0  58  3.43769e+07
0  59  3.60864e+07
0  60  3.22582e+07
1  0  2.98008e+06
1  1  4.67309e+06
1  2  1.67043e+07
1  3  2.68944e+07
1  4  5.0222e+07
1  5  4.64029e+07
1  6  4.2966e+07
1  7  4.01603e+07
1  8  2.40043e+07
1  9  3.64301e+07
1  10  4.93215e+07
1  11  5.001e+07
1  12  5.13255e+07
1  13  6.66177e+07
1  14  2.06079e+07
1  15  7.27802e+06
1  16  524259
1  17  3.83049e+06
1  18  7.96189e+06
1  19  0
1  20  0
1  21  0
1  22  6.4051e+06
1  23  1.19347e+07
1  24  1.13278e+07
1  25  3.41035e+07
1  26  2.96001e+07
1  27  8.0597e+06
1  28  6.69707e+06
1  29  1.05357e+07
1  30  0
1  31  0
1  32  0
1  33  0
1  34  2.50321e+06
1  35  0
1  36  0
1  37  4.44459e+06
1  38  0
1  39  528569
1  40  1.42982e+07
1  41  1.13009e+07
1  42  7.33121e+07
1  43  7.77224e+07
1  44  9.87346e+07
1  45  8.40719e+07
1  46  4.28475e+07
1  47  4.31611e+07
1  48  4.31131e+07
1  49  4.83292e+07
1  50  5.23287e+07
1  51  7.6464e+07
1  52  7.08289e+07
1  53  4.00984e+07
1  54  4.35144e+07
1  55  4.74634e+07
1  56  3.11692e+07
1  57  3.70253e+07
1  58  4.39103e+07
1  59  3.42971e+07
1  60  4.12612e+07
2  0  4.3111e+06
2  1  1.15771e+07
2  2  1.19747e+07
2  3  3.20375e+07
2  4  4.26113e+07
2  5  4.2744e+07
2  6  5.68809e+07
2  7  3.36211e+07
2  8  3.03535e+07
2  9  2.37371e+07
2  10  4.28151e+07
2  11  5.30184e+07
2  12  4.75367e+07
2  13  6.67668e+07
2  14  2.25356e+07
2  15  1.09316e+07
2  16  3.16241e+06
2  17  6.10656e+06
2  18  6.66059e+06
2  19  2.4189e+06
2  20  0
2  21  2.78853e+06
2  22  1.68414e+06
2  23  3.33015e+06
2  24  2.96054e+07
2  25  3.77218e+07
2  26  3.32556e+07
2  27  1.29679e+07
2  28  1.82823e+07
2  29  8.72214e+06
2  30  5.48552e+06
2  31  2.52203e+06
2  32  2.65724e+06
2  33  1.54997e+06
2  34  46665.6
2  35  0
2  36  2.76469e+06
2  37  3.74961e+06
2  38  0
2  39  4.50429e+06
2  40  1.52239e+07
2  41  9.06703e+06
2  42  7.60616e+07
2  43  8.24569e+07
2  44  8.04897e+07
2  45  7.48505e+07
2  46  4.69595e+07
2  47  2.79201e+07
2  48  4.58421e+07
2  49  5.10277e+07
2  50  6.23142e+07
2  51  8.28486e+07
2  52  6.66674e+07
2  53  4.74572e+07
2  54  3.4244e+07
2  55  2.04533e+07
2  56  3.24116e+07
2  57  3.92777e+07
2  58  4.34047e+07
2  59  4.65609e+07
2  60  4.47496e+07
3  0  0
3  1  1.22227e+07
3  2  3.51509e+07
3  3  3.25173e+07
3  4  4.67508e+07
3  5  3.76727e+07
3  6  5.58699e+07
3  7  3.47343e+07
3  8  1.43232e+07
3  9  2.69578e+07
3  10  5.14783e+07
3  11  4.07596e+07
3  12  5.70311e+07
3  13  4.60471e+07
3  14  2.5852e+07
3  15  3.75188e+06
3  16  8.19882e+06
3  17  6.98864e+06
3  18  6.05852e+06
3  19  3.125e+06
3  20  0
3  21  6.18353e+06
3  22  6.37996e+06
3  23  2.17707e+07
3  24  4.15307e+07
3  25  5.66609e+07
3  26  4.98767e+07
3  27  2.58932e+07
3  28  7.98154e+06
3  29  1.34414e+07
3  30  0
3  31  2.96725e+06
3  32  1.89661e+06
3  33  0
3  34  7.14607e+06
3  35  0
3  36  0
3  37  5.12873e+06
3  38  0
3  39  8.12386e+06
3  40  2.58998e+07
3  41  1.74613e+07
3  42  8.52444e+07
3  43  8.74156e+07
3  44  8.44989e+07
3  45  6.29004e+07
3  46  5.18775e+07
3  47  4.24775e+07
3  48  5.88326e+07
3  49  6.334e+07
3  50  6.61251e+07
3  51  8.24563e+07
3  52  7.7459e+07
3  53  4.99311e+07
3  54  4.31603e+07
3  55  3.22338e+07
3  56  2.99932e+07
3  57  4.7866e+07
3  58  4.89516e+07
3  59  4.5487e+07
3  60  3.51668e+07
4  0  4.44875e+06
4  1  1.74346e+07
4  2  3.64343e+07
4  3  5.05591e+07
4  4  4.98926e+07
4  5  4.41977e+07
4  6  4.81287e+07
4  7  4.19462e+07
4  8  1.48397e+07
4  9  1.76263e+07
4  10  4.40357e+07
4  11  5.0352e+07
4  12  5.54828e+07
4  13  4.98067e+07
4  14  3.06402e+07
4  15  7.09093e+06
4  16  4.17701e+06
4  17  5.11806e+06
4  18  1.64721e+06
4  19  170695
4  20  0
4  21  6.67327e+06
4  22  1.28976e+07
4  23  2.56178e+07
4  24  6.51311e+07
4  25  7.96353e+07
4  26  7.32162e+07
4  27  5.12137e+07
4  28  2.0889e+07
4  29  1.66672e+07
4  30  9.23693e+06
4  31  4.9157e+06
4  32  0
4  33  0
4  34  4.26761e+06
4  35  0
4  36  1.23082e+06
4  37  0
4  38  4.62375e+06
4  39  2.08486e+06
4  40  1.68311e+07
4  41  1.94879e+07
4  42  6.18827e+07
4  43  9.03917e+07
4  44  8.83019e+07
4  45  8.52916e+07
4  46  6.34795e+07
4  47  6.75736e+07
4  48  5.68439e+07
4  49  5.31818e+07
4  50  8.22892e+07
4  51  7.60583e+07
4  52  8.64749e+07
4  53  6.9481e+07
4  54  5.92415e+07
4  55  3.9895e+07
4  56  4.09839e+07
4  57  3.83639e+07
4  58  5.79097e+07
4  59  6.20815e+07
4  60  4.78698e+07
5  0  5.83913e+06
5  1  4.13068e+07
5  2  4.80431e+07
5  3  5.66556e+07
5  4  5.38483e+07
5  5  3.59461e+07
5  6  3.19467e+07
5  7  3.82423e+07
5  8  1.72458e+07
5  9  2.48696e+07
5  10  4.06278e+07
5  11  4.73064e+07
5  12  6.4278e+07
5  13  5.665e+07
5  14  4.09929e+07
5  15  1.07099e+07
5  16  8.02981e+06
5  17  1.14481e+07
5  18  1.05392e+07
5  19  7.35275e+06
5  20  1.46189e+06
5  21  5.0913e+06
5  22  2.70132e+07
5  23  4.65073e+07
5  24  9.05853e+07
5  25  1.07321e+08
5  26  1.18361e+08
5  27  7.61152e+07
5  28  3.58038e+07
5  29  1.18132e+07
5  30  1.07471e+07
5  31  4.78046e+06
5  32  9.51574e+06
5  33  5.03211e+06
5  34  0
5  35  0
5  36  898426
5  37  0
5  38  0
5  39  3.15952e+06
5  40  2.37586e+07
5  41  2.95788e+07
5  42  7.88046e+07
5  43  8.99717e+07
5  44  9.67762e+07
5  45  7.82796e+07
5  46  6.50253e+07
5  47  5.45746e+07
5  48  5.52175e+07
5  49  6.65654e+07
5  50  7.51608e+07
5  51  8.73013e+07
5  52  8.51578e+07
5  53  7.23798e+07
5  54  6.32228e+07
5  55  3.70168e+07
5  56  4.56656e+07
5  57  5.88819e+07
5  58  5.0461e+07
5  59  6.511e+07
5  60  5.37065e+07
6  0  5.15388e+06
6  1  3.71287e+07
6  2  5.01568e+07
6  3  4.85716e+07
6  4  4.9747e+07
6  5  5.7809e+07
6  6  2.69622e+07
6  7  4.83455e+07
6  8  2.14445e+07
6  9  2.53757e+07
6  10  3.72069e+07
6  11  4.41116e+07
6  12  5.94507e+07
6  13  5.1138e+07
6  14  5.21545e+07
6  15  1.75231e+07
6  16  9.68108e+06
6  17  1.56816e+07
6  18  1.19473e+07
6  19  8.22486e+06
6  20  0
6  21  2.35001e+07
6  22  3.28091e+07
6  23  4.78352e+07
6  24  1.06635e+08
6  25  1.43967e+08
6  26  1.39221e+08
6  27  1.13012e+08
6  28  5.68398e+07
6  29  3.38284e+07
6  30  8.00743e+06
6  31  1.0118e+07
6  32  1.47599e+06
6  33  7.03225e+06
6  34  0
6  35  4.34095e+06
6  36  441643
6  37  4.29969e+06
6  38  0
6  39  2.341e+06
6  40  1.71263e+07
6  41  2.31131e+07
6  42  5.60086e+07
6  43  9.01031e+07
6  44  7.94555e+07
6  45  7.41335e+07
6  46  5.286e+07
6  47  6.29545e+07
6  48  6.18542e+07
6  49  7.15214e+07
6  50  7.78741e+07
6  51  1.12014e+08
6  52  8.45479e+07
6  53  7.95463e+07
6  54  7.2768e+07
6  55  5.44082e+07
6  56  5.86995e+07
6  57  6.81839e+07
6  58  5.92521e+07
6  59  7.78917e+07
6  60  6.46743e+07
7  0  5.16541e+06
7  1  7.0905e+07
7  2  5.16763e+07
7  3  5.70495e+07
7  4  5.69983e+07
7  5  4.88064e+07
7  6  4.1436e+07
7  7  5.74788e+07
7  8  3.50984e+07
7  9  2.69982e+07
7  10  4.08158e+07
7  11  5.3535e+07
7  12  5.76648e+07
7  13  5.69133e+07
7  14  4.78004e+07
7  15  2.37233e+07
7  16  1.52935e+07
7  17  1.89315e+07
7  18  1.94941e+07
7  19  1.42348e+07
7  20  7.25316e+06
7  21  3.51446e+07
7  22  4.27474e+07
7  23  6.09345e+07
7  24  9.94847e+07
7  25  1.01766e+08
7  26  1.08781e+08
7  27  8.27038e+07
7  28  7.25693e+07
7  29  3.43048e+07
7  30  1.01306e+07
7  31  2.7321e+06
7  32  8.09261e+06
7  33  0
7  34  0
7  35  0
7  36  0
7  37  4.76213e+06
7  38  3.7953e+06
7  39  4.9385e+06
7  40  2.48708e+07
7  41  3.12818e+07
7  42  5.69922e+07
7  43  6.57529e+07
7  44  6.48313e+07
7  45  6.85948e+07
7  46  6.9808e+07
7  47  6.96197e+07
7  48  7.63965e+07
7  49  8.16599e+07
7  50  1.02741e+08
7  51  1.08042e+08
7  52  1.09105e+08
7  53  8.79946e+07
7  54  7.42258e+07
7  55  6.40436e+07
7  56  6.96777e+07
7  57  6.83428e+07
7  58  6.37262e+07
7  59  7.36994e+07
7  60  5.92111e+07
8  0  2.0344e+07
8  1  6.01656e+07
8  2  6.58746e+07
8  3  5.64517e+07
8  4  5.91252e+07
8  5  5.55068e+07
8  6  4.28286e+07
8  7  4.50024e+07
8  8  2.93835e+07
8  9  3.72119e+07
8  10  3.74146e+07
8  11  4.47829e+07
8  12  5.592e+07
8  13  5.55948e+07
8  14  4.71216e+07
8  15  3.63415e+07
8  16  2.33185e+07
8  17  1.74329e+07
8  18  5.16126e+06
8  19  2.03272e+07
8  20  1.42768e+07
8  21  2.81389e+07
8  22  3.90557e+07
8  23  5.0961e+07
8  24  6.36593e+07
8  25  1.11449e+08
8  26  9.36637e+07
8  27  7.28131e+07
8  28  7.7518e+07
8  29  4.80049e+07
8  30  2.66748e+07
8  31  1.54495e+07
8  32  9.51066e+06
8  33  8.37761e+06
8  34  0
8  35  3.07343e+06
8  36  0
8  37  0
8  38  0
8  39  0
8  40  1.37492e+07
8  41  1.85854e+07
8  42  3.90823e+07
8  43  7.80963e+07
8  44  6.13412e+07
8  45  6.46253e+07
8  46  6.36955e+07
8  47  6.5249e+07
8  48  6.73983e+07
8  49  1.03495e+08
8  50  1.34095e+08
8  51  1.52974e+08
8  52  1.13226e+08
8  53  1.13484e+08
8  54  1.03892e+08
8  55  8.32136e+07
8  56  7.36191e+07
8  57  8.08162e+07
8  58  6.48582e+07
8  59  7.13863e+07
8  60  5.1563e+07
9  0  2.3668e+07
9  1  6.54937e+07
9  2  5.09178e+07
9  3  4.75534e+07
9  4  7.05913e+07
9  5  5.95465e+07
9  6  5.98077e+07
9  7  6.47815e+07
9  8  3.4096e+07
9  9  4.59069e+07
9  10  3.08424e+07
9  11  4.95409e+07
9  12  4.83754e+07
9  13  4.54054e+07
9  14  3.15183e+07
9  15  2.95013e+07
9  16  4.44104e+07
9  17  2.30586e+07
9  18  2.52696e+07
9  19  2.56931e+07
9  20  1.37436e+07
9  21  4.68555e+07
9  22  3.28414e+07
9  23  4.33964e+07
9  24  5.76182e+07
9  25  8.64433e+07
9  26  7.93007e+07
9  27  6.37197e+07
9  28  5.73864e+07
9  29  5.04559e+07
9  30  3.20602e+07
9  31  2.19106e+07
9  32  8.95401e+06
9  33  4.02639e+06
9  34  379720
9  35  0
9  36  0
9  37  0
9  38  3.0545e+06
9  39  1.11337e+07
9  40  7.7907e+06
9  41  1.26025e+07
9  42  4.29765e+07
9  43  5.30343e+07
9  44  7.18689e+07
9  45  6.33932e+07
9  46  8.19825e+07
9  47  7.68372e+07
9  48  1.11669e+08
9  49  1.18896e+08
9  50  1.69541e+08
9  51  1.86977e+08
9  52  1.38016e+08
9  53  1.24306e+08
9  54  8.3713e+07
9  55  8.50304e+07
9  56  8.35611e+07
9  57  7.65708e+07
9  58  5.69127e+07
9  59  7.39459e+07
9  60  5.10304e+07
10  0  1.58105e+07
10  1  5.88203e+07
10  2  5.61741e+07
10  3  6.87214e+07
10  4  5.9204e+07
10  5  7.0562e+07
10  6  5.06002e+07
10  7  6.56214e+07
10  8  3.24894e+07
10  9  5.34221e+07
10  10  2.1027e+07
10  11  4.24247e+07
10  12  4.09171e+07
10  13  4.10117e+07
10  14  2.34857e+07
10  15  2.66805e+07
10  16  3.2253e+07
10  17  3.67376e+07
10  18  2.25926e+07
10  19  3.62217e+07
10  20  1.30394e+07
10  21  3.22591e+07
10  22  3.15234e+07
10  23  4.32486e+07
10  24  4.04875e+07
10  25  6.10177e+07
10  26  6.29667e+07
10  27  7.56507e+07
10  28  6.10181e+07
10  29  4.02081e+07
10  30  5.0433e+07
10  31  2.57075e+07
10  32  3.24389e+07
10  33  8.21821e+06
10  34  0
10  35  1.60146e+06
10  36  4.95189e+06
10  37  6.1186e+06
10  38  9.3922e+06
10  39  2.48054e+06
10  40  6.8497e+06
10  41  7.74377e+06
10  42  1.79423e+07
10  43  3.95125e+07
10  44  5.38502e+07
10  45  7.77911e+07
10  46  6.7243e+07
10  47  8.04763e+07
10  48  8.84346e+07
10  49  1.56151e+08
10  50  1.71364e+08
10  51  2.65675e+08
10  52  2.28099e+08
10  53  1.67209e+08
10  54  1.36276e+08
10  55  1.02871e+08
10  56  7.76351e+07
10  57  7.52284e+07
10  58  5.8068e+07
10  59  7.02653e+07
10  60  6.28898e+07
11  0  3.23391e+07
11  1  5.97238e+07
11  2  6.10679e+07
11  3  5.81353e+07
11  4  6.79941e+07
11  5  6.0902e+07
11  6  6.27013e+07
11  7  5.74127e+07
11  8  4.11689e+07
11  9  4.67807e+07
11  10  2.86029e+07
11  11  3.93469e+07
11  12  4.76113e+07
11  13  3.67269e+07
11  14  2.31734e+07
11  15  2.64532e+07
11  16  2.26093e+07
11  17  1.72549e+07
11  18  2.99694e+07
11  19  2.33503e+07
11  20  2.28005e+07
11  21  3.84214e+07
11  22  1.78659e+07
11  23  3.92861e+07
11  24  3.63999e+07
11  25  5.91841e+07
11  26  6.11503e+07
11  27  6.96328e+07
11  28  6.45266e+07
11  29  4.83543e+07
11  30  5.87185e+07
11  31  4.2824e+07
11  32  2.51044e+07
11  33  3.52585e+06
11  34  315329
11  35  1.05781e+07
11  36  4.27146e+06
11  37  537166
11  38  7.19678e+06
11  39  5.30434e+06
11  40  4.93005e+06
11  41  7.6054e+06
11  42  1.72974e+07
11  43  2.17758e+07
11  44  4.45395e+07
11  45  6.15253e+07
11  46  7.70498e+07
11  47  7.8354e+07
11  48  1.24135e+08
11  49  1.90319e+08
11  50  2.84755e+08
11  51  3.05052e+08
11  52  2.23429e+08
11  53  1.75361e+08
11  54  1.22191e+08
11  55  9.50518e+07
11  56  8.78713e+07
11  57  7.22397e+07
11  58  5.67294e+07
11  59  7.6333e+07
11  60  5.52708e+07
12  0  2.45067e+07
12  1  5.38704e+07
12  2  3.86677e+07
12  3  4.60882e+07
12  4  6.17054e+07
12  5  5.7008e+07
12  6  6.0177e+07
12  7  6.05818e+07
12  8  5.0006e+07
12  9  3.95525e+07
12  10  2.67639e+07
12  11  4.11689e+07
12  12  4.76046e+07
12  13  3.39929e+07
12  14  3.21087e+07
12  15  3.19294e+07
12  16  3.1624e+07
12  17  1.72295e+07
12  18  3.03399e+07
12  19  3.19361e+07
12  20  3.19115e+07
12  21  3.14757e+07
12  22  2.91213e+07
12  23  2.73164e+07
12  24  3.65702e+07
12  25  6.86974e+07
12  26  5.30133e+07
12  27  6.0354e+07
12  28  6.66708e+07
12  29  4.13e+07
12  30  4.56019e+07
12  31  6.36662e+07
12  32  2.97135e+07
12  33  2.00118e+07
12  34  857405
12  35  5.40507e+06
12  36  0
12  37  1.10784e+06
12  38  0
12  39  1.60018e+06
12  40  4.56991e+06
12  41  9.73556e+06
12  42  1.75794e+07
12  43  2.79342e+07
12  44  2.80505e+07
12  45  3.15308e+07
12  46  7.55701e+07
12  47  8.19718e+07
12  48  1.23605e+08
12  49  2.04e+08
12  50  2.83433e+08
12  51  3.15678e+08
12  52  2.77982e+08
12  53  1.75216e+08
12  54  1.20044e+08
12  55  1.21934e+08
12  56  9.25851e+07
12  57  6.82749e+07
12  58  6.48999e+07
12  59  6.94495e+07
12  60  6.40228e+07
13  0  2.88263e+07
13  1  5.24658e+07
13  2  5.43951e+07
13  3  4.76899e+07
13  4  5.80053e+07
13  5  7.69451e+07
13  6  6.46576e+07
13  7  6.36091e+07
13  8  5.41244e+07
13  9  3.52146e+07
13  10  2.89431e+07
13  11  3.27029e+07
13  12  5.05428e+07
13  13  5.17179e+07
13  14  4.84318e+07
13  15  4.12491e+07
13  16  3.97109e+07
13  17  3.57562e+07
13  18  4.45796e+07
13  19  3.04767e+07
13  20  4.40257e+07
13  21  3.15409e+07
13  22  2.65813e+07
13  23  3.08076e+07
13  24  4.92086e+07
13  25  8.13336e+07
13  26  5.40218e+07
13  27  4.88194e+07
13  28  5.3327e+07
13  29  5.15355e+07
13  30  5.47013e+07
13  31  6.78175e+07
13  32  3.53219e+07
13  33  4.72449e+06
13  34  6.13047e+06
13  35  1.48781e+07
13  36  0
13  37  0
13  38  1.6552e+06
13  39  0
13  40  3.72226e+06
13  41  6.63436e+06
13  42  4.82748e+06
13  43  1.11419e+07
13  44  2.65469e+07
13  45  2.58712e+07
13  46  4.41019e+07
13  47  6.25571e+07
13  48  9.88968e+07
13  49  1.89689e+08
13  50  3.14627e+08
13  51  3.04543e+08
13  52  2.46653e+08
13  53  1.62464e+08
13  54  1.27801e+08
13  55  1.18764e+08
13  56  8.79336e+07
13  57  7.45529e+07
13  58  6.65579e+07
13  59  6.93876e+07
13  60  6.29998e+07
14  0  3.94161e+07
14  1  5.55348e+07
14  2  4.8524e+07
14  3  4.09738e+07
14  4  4.63175e+07
14  5  5.22331e+07
14  6  5.44412e+07
14  7  7.63481e+07
14  8  6.06871e+07
14  9  5.81504e+07
14  10  3.19833e+07
14  11  3.21643e+07
14  12  4.02245e+07
14  13  4.0682e+07
14  14  5.6513e+07
14  15  4.22081e+07
14  16  5.3334e+07
14  17  4.8654e+07
14  18  4.26489e+07
14  19  4.96734e+07
14  20  3.84639e+07
14  21  4.94426e+07
14  22  3.68024e+07
14  23  2.57264e+07
14  24  3.13625e+07
14  25  6.73842e+07
14  26  6.89235e+07
14  27  5.33182e+07
14  28  5.14748e+07
14  29  4.8244e+07
14  30  4.09305e+07
14  31  7.4872e+07
14  32  8.23452e+07
14  33  3.05226e+07
14  34  5.28828e+06
14  35  3.19985e+06
14  36  0
14  37  708843
14  38  0
14  39  1.38713e+06
14  40  8.46141e+06
14  41  9.86482e+06
14  42  1.77791e+06
14  43  1.44215e+06
14  44  1.49613e+07
14  45  2.48086e+07
14  46  3.05671e+07
14  47  4.6847e+07
14  48  6.64704e+07
14  49  1.12476e+08
14  50  1.8694e+08
14  51  2.48897e+08
14  52  2.02161e+08
14  53  1.51334e+08
14  54  1.04619e+08
14  55  9.77934e+07
14  56  8.52394e+07
14  57  6.58625e+07
14  58  6.73887e+07
14  59  6.12042e+07
14  60  4.62076e+07
15  0  4.63813e+07
15  1  4.15202e+07
15  2  4.56087e+07
15  3  5.41083e+07
15  4  5.26894e+07
15  5  8.40403e+07
15  6  6.55829e+07
15  7  6.59419e+07
15  8  6.94222e+07
15  9  6.15537e+07
15  10  4.70197e+07
15  11  3.65837e+07
15  12  4.15535e+07
15  13  4.32784e+07
15  14  5.05751e+07
15  15  4.73146e+07
15  16  5.77613e+07
15  17  4.32064e+07
15  18  4.90599e+07
15  19  5.0046e+07
15  20  5.83055e+07
15  21  4.19727e+07
15  22  3.38657e+07
15  23  2.32461e+07
15  24  3.58904e+07
15  25  5.78596e+07
15  26  7.18166e+07
15  27  5.39325e+07
15  28  6.08672e+07
15  29  4.43328e+07
15  30  4.2e+07
15  31  5.73256e+07
15  32  8.73796e+07
15  33  2.75031e+07
15  34  6.56938e+06
15  35  0
15  36  0
15  37  0
15  38  0
15  39  0
15  40  0
15  41  5.01077e+06
15  42  8.28029e+06
15  43  8.45711e+06
15  44  1.17586e+07
15  45  3.59682e+06
15  46  3.31498e+07
15  47  2.09749e+07
15  48  3.40586e+07
15  49  5.80782e+07
15  50  1.29679e+08
15  51  1.6961e+08
15  52  1.51677e+08
15  53  9.52924e+07
15  54  8.07727e+07
15  55  9.71076e+07
15  56  7.40045e+07
15  57  5.66394e+07
15  58  7.09445e+07
15  59  5.3296e+07
15  60  4.67254e+07
16  0  5.47814e+07
16  1  5.12364e+07
16  2  4.73266e+07
16  3  5.46571e+07
16  4  5.40352e+07
16  5  6.855e+07
16  6  7.79133e+07
16  7  5.89659e+07
16  8  6.63285e+07
16  9  7.06749e+07
16  10  5.21289e+07
16  11  3.57623e+07
16  12  5.21361e+07
16  13  4.12044e+07
16  14  4.60947e+07
16  15  4.96629e+07
16  16  5.30978e+07
16  17  5.33624e+07
16  18  5.18358e+07
16  19  5.3123e+07
16  20  4.78631e+07
16  21  5.02439e+07
16  22  2.96676e+07
16  23  3.05377e+07
16  24  3.8964e+07
16  25  5.79056e+07
16  26  6.21408e+07
16  27  4.58715e+07
16  28  5.16937e+07
16  29  3.78654e+07
16  30  4.41431e+07
16  31  5.91254e+07
16  32  7.43479e+07
16  33  5.48382e+07
16  34  8.11888e+06
16  35  5.54726e+06
16  36  164672
16  37  1.72746e+06
16  38  1.6957e+06
16  39  0
16  40  2.25261e+06
16  41  0
16  42  1.11282e+06
16  43  0
16  44  1.24134e+07
16  45  2.04724e+06
16  46  1.95028e+07
16  47  1.69569e+07
16  48  1.6399e+07
16  49  4.89371e+07
16  50  9.17702e+07
16  51  1.03903e+08
16  52  8.67782e+07
16  53  5.53652e+07
16  54  5.76332e+07
16  55  5.99205e+07
16  56  5.93653e+07
16  57  7.02291e+07
16  58  6.49307e+07
16  59  4.99977e+07
16  60  5.26341e+07
17  0  5.37805e+07
17  1  5.55669e+07
17  2  4.34269e+07
17  3  5.36805e+07
17  4  4.89706e+07
17  5  5.73586e+07
17  6  6.99002e+07
17  7  6.49622e+07
17  8  5.83557e+07
17  9  5.18761e+07
17  10  4.28992e+07
17  11  2.53064e+07
17  12  3.79362e+07
17  13  4.37114e+07
17  14  4.82582e+07
17  15  4.40576e+07
17  16  5.33208e+07
17  17  5.74762e+07
17  18  6.07886e+07
17  19  6.42555e+07
17  20  6.05531e+07
17  21  6.74539e+07
17  22  3.89521e+07
17  23  3.60659e+07
17  24  3.9667e+07
17  25  4.86845e+07
17  26  4.47528e+07
17  27  4.94754e+07
17  28  3.31549e+07
17  29  2.83705e+07
17  30  4.03715e+07
17  31  3.21927e+07
17  32  7.24066e+07
17  33  1.59172e+07
17  34  6.75647e+06
17  35  7.7453e+06
17  36  2.63689e+06
17  37  0
17  38  0
17  39  2.20273e+06
17  40  0
17  41  1.00633e+06
17  42  0
17  43  1.21136e+06
17  44  4.18638e+06
17  45  2.87407e+06
17  46  1.72727e+07
17  47  1.26239e+07
17  48  2.11119e+07
17  49  2.81671e+07
17  50  6.05636e+07
17  51  5.82478e+07
17  52  4.70244e+07
17  53  4.12419e+07
17  54  3.3553e+07
17  55  5.32104e+07
17  56  4.41022e+07
17  57  6.72444e+07
17  58  5.24717e+07
17  59  4.4424e+07
17  60  4.29089e+07
18  0  5.83403e+07
18  1  3.1923e+07
18  2  4.4281e+07
18  3  4.55652e+07
18  4  5.57527e+07
18  5  6.94259e+07
18  6  6.72404e+07
18  7  6.32946e+07
18  8  6.52565e+07
18  9  6.86459e+07
18  10  4.84982e+07
18  11  2.76497e+07
18  12  3.76281e+07
18  13  4.06397e+07
18  14  3.65003e+07
18  15  3.92129e+07
18  16  6.18158e+07
18  17  5.3621e+07
18  18  6.32066e+07
18  19  5.884e+07
18  20  7.13102e+07
18  21  7.72668e+07
18  22  6.36174e+07
18  23  4.9827e+07
18  24  4.08519e+07
18  25  4.83951e+07
18  26  4.96842e+07
18  27  4.92042e+07
18  28  3.51231e+07
18  29  2.93281e+07
18  30  3.38424e+07
18  31  4.41382e+07
18  32  5.61493e+07
18  33  2.64891e+07
18  34  1.71882e+07
18  35  1.30217e+07
18  36  0
18  37  0
18  38  0
18  39  0
18  40  0
18  41  4.21126e+06
18  42  0
18  43  0
18  44  2.36613e+06
18  45  8.05735e+06
18  46  5.2332e+06
18  47  3.52153e+06
18  48  1.65952e+07
18  49  1.74408e+07
18  50  4.20138e+07
18  51  4.46078e+07
18  52  3.15535e+07
18  53  1.83106e+07
18  54  3.68034e+07
18  55  4.5497e+07
18  56  3.53645e+07
18  57  3.51237e+07
18  58  4.32837e+07
18  59  3.39293e+07
18  60  3.26774e+07
19  0  4.20215e+07
19  1  4.97494e+07
19  2  3.93355e+07
19  3  4.48178e+07
19  4  4.84254e+07
19  5  5.74026e+07
19  6  6.56361e+07
19  7  6.02849e+07
19  8  6.87322e+07
19  9  6.43546e+07
19  10  4.2954e+07
19  11  3.57604e+07
19  12  4.64471e+07
19  13  5.25752e+07
19  14  5.04878e+07
19  15  4.83477e+07
19  16  4.92233e+07
19  17  6.08235e+07
19  18  6.09694e+07
19  19  7.10529e+07
19  20  7.77614e+07
19  21  7.34772e+07
19  22  5.342e+07
19  23  4.19927e+07
19  24  4.47761e+07
19  25  3.44821e+07
19  26  5.16822e+07
19  27  4.68197e+07
19  28  2.12838e+07
19  29  1.78017e+07
19  30  3.20005e+07
19  31  3.79187e+07
19  32  3.45852e+07
19  33  2.26833e+07
19  34  1.94916e+07
19  35  1.58729e+07
19  36  1.5323e+07
19  37  0
19  38  2.5584e+06
19  39  0
19  40  1.64378e+06
19  41  0
19  42  0
19  43  0
19  44  1.91486e+06
19  45  6.02969e+06
19  46  3.92779e+06
19  47  1.09148e+07
19  48  1.92308e+07
19  49  2.40416e+07
19  50  2.87137e+07
19  51  2.67764e+07
19  52  1.91826e+07
19  53  1.13892e+07
19  54  2.58806e+07
19  55  3.72626e+07
19  56  4.3102e+07
19  57  3.16821e+07
19  58  3.92519e+07
19  59  2.39354e+07
19  60  3.11971e+07
20  0  5.21626e+07
20  1  3.65054e+07
20  2  3.5371e+07
20  3  4.6951e+07
20  4  4.92835e+07
20  5  6.38627e+07
20  6  6.03724e+07
20  7  7.6359e+07
20  8  6.60402e+07
20  9  6.61969e+07
20  10  5.11056e+07
20  11  5.72535e+07
20  12  5.77462e+07
20  13  6.11219e+07
20  14  4.43502e+07
20  15  4.26088e+07
20  16  4.71644e+07
20  17  5.07476e+07
20  18  6.69525e+07
20  19  7.14209e+07
20  20  8.00748e+07
20  21  8.36391e+07
20  22  6.04437e+07
20  23  4.90257e+07
20  24  4.34049e+07
20  25  4.47113e+07
20  26  5.15289e+07
20  27  4.29377e+07
20  28  4.04054e+07
20  29  2.48892e+07
20  30  3.25387e+07
20  31  2.77264e+07
20  32  3.15918e+07
20  33  3.43433e+07
20  34  3.8227e+07
20  35  2.99817e+07
20  36  2.12473e+07
20  37  4.18562e+06
20  38  0
20  39  1.05531e+06
20  40  0
20  41  0
20  42  3.88256e+06
20  43  3.54477e+06
20  44  2.5629e+06
20  45  9.1642e+06
20  46  1.53259e+07
20  47  1.83041e+07
20  48  7.87867e+06
20  49  6.61985e+06
20  50  1.93509e+07
20  51  1.75858e+07
20  52  4.36597e+06
20  53  6.59313e+06
20  54  2.65582e+07
20  55  3.93743e+07
20  56  5.34984e+07
20  57  4.69393e+07
20  58  4.78114e+07
20  59  2.37208e+07
20  60  3.04361e+07
21  0  4.35819e+07
21  1  4.7269e+07
21  2  3.74419e+07
21  3  4.12147e+07
21  4  4.82156e+07
21  5  6.18703e+07
21  6  7.47365e+07
21  7  6.60887e+07
21  8  6.60394e+07
21  9  5.5383e+07
21  10  4.34187e+07
21  11  4.98733e+07
21  12  5.59716e+07
21  13  5.07715e+07
21  14  5.06768e+07
21  15  4.80441e+07
21  16  4.76534e+07
21  17  3.55102e+07
21  18  5.43738e+07
21  19  7.0762e+07
21  20  5.68674e+07
21  21  7.01349e+07
21  22  6.85227e+07
21  23  4.01784e+07
21  24  4.38959e+07
21  25  4.16838e+07
21  26  7.15889e+07
21  27  5.09349e+07
21  28  2.17063e+07
21  29  2.75729e+07
21  30  3.03475e+07
21  31  3.38694e+07
21  32  4.39344e+07
21  33  3.35832e+07
21  34  3.66641e+07
21  35  3.65294e+07
21  36  2.19103e+07
21  37  4.50228e+06
21  38  3.43653e+06
21  39  0
21  40  2.36286e+06
21  41  3.11623e+06
21  42  0
21  43  4.6404e+06
21  44  3.15517e+06
21  45  1.11405e+07
21  46  1.30857e+07
21  47  2.15835e+07
21  48  1.97637e+07
21  49  1.4132e+07
21  50  1.23148e+07
21  51  1.81569e+07
21  52  1.60515e+07
21  53  1.13872e+07
21  54  1.63185e+07
21  55  6.82898e+07
21  56  3.8203e+07
21  57  5.16159e+07
21  58  5.42466e+07
21  59  3.03602e+07
21  60  2.51345e+07
22  0  3.824e+07
22  1  4.30215e+07
22  2  4.78765e+07
22  3  5.30761e+07
22  4  6.65412e+07
22  5  6.58302e+07
22  6  5.58336e+07
22  7  6.07988e+07
22  8  7.12589e+07
22  9  6.61425e+07
22  10  4.54169e+07
22  11  4.74675e+07
22  12  5.24371e+07
22  13  4.1427e+07
22  14  4.93855e+07
22  15  4.69831e+07
22  16  4.78947e+07
22  17  5.16765e+07
22  18  6.19657e+07
22  19  7.23194e+07
22  20  6.37712e+07
22  21  7.05466e+07
22  22  6.50232e+07
22  23  4.70415e+07
22  24  4.96238e+07
22  25  5.93498e+07
22  26  7.97688e+07
22  27  7.65746e+07
22  28  1.78926e+07
22  29  1.81335e+07
22  30  2.4057e+07
22  31  4.25476e+07
22  32  3.78168e+07
22  33  3.48509e+07
22  34  3.45795e+07
22  35  3.96177e+07
22  36  2.10999e+07
22  37  5.75777e+06
22  38  0
22  39  1.01877e+07
22  40  3.35895e+06
22  41  0
22  42  0
22  43  5.78641e+06
22  44  2.9262e+06
22  45  1.35584e+07
22  46  4.05993e+07
22  47  2.95268e+07
22  48  2.06912e+07
22  49  1.25889e+07
22  50  1.29823e+07
22  51  1.60401e+07
22  52  8.58324e+06
22  53  1.35414e+07
22  54  1.97997e+07
22  55  5.54185e+07
22  56  5.21477e+07
22  57  6.2993e+07
22  58  6.19664e+07
22  59  5.6245e+07
22  60  4.00403e+07
23  0  5.63537e+07
23  1  5.08583e+07
23  2  6.17043e+07
23  3  4.88611e+07
23  4  7.58237e+07
23  5  7.1018e+07
23  6  5.7275e+07
23  7  6.066e+07
23  8  7.1327e+07
23  9  6.08778e+07
23  10  4.03502e+07
23  11  3.77684e+07
23  12  4.56448e+07
23  13  3.60401e+07
23  14  4.41975e+07
23  15  3.91491e+07
23  16  5.39103e+07
23  17  6.32917e+07
23  18  5.17773e+07
23  19  7.1e+07
23  20  5.53378e+07
23  21  7.62121e+07
23  22  5.93875e+07
23  23  4.90784e+07
23  24  7.15246e+07
23  25  9.32443e+07
23  26  1.12466e+08
23  27  8.49538e+07
23  28  3.00214e+07
23  29  1.97219e+07
23  30  2.85351e+07
23  31  3.6676e+07
23  32  4.9945e+07
23  33  3.1006e+07
23  34  3.05273e+07
23  35  2.88037e+07
23  36  2.76267e+07
23  37  1.08184e+07
23  38  9.04046e+06
23  39  2.0164e+06
23  40  2.01053e+06
23  41  0
23  42  0
23  43  0
23  44  0
23  45  2.24006e+07
23  46  4.01196e+07
23  47  4.32046e+07
23  48  3.7602e+07
23  49  1.87873e+07
23  50  2.41708e+07
23  51  1.59938e+07
23  52  7.73329e+06
23  53  6.59403e+06
23  54  1.79265e+07
23  55  5.01302e+07
23  56  6.18354e+07
23  57  6.57131e+07
23  58  6.00943e+07
23  59  6.42562e+07
23  60  4.45411e+07
24  0  3.15661e+07
24  1  4.09108e+07
24  2  4.86591e+07
24  3  5.44182e+07
24  4  6.4047e+07
24  5  4.83843e+07
24  6  5.30002e+07
24  7  5.37583e+07
24  8  5.78647e+07
24  9  6.21207e+07
24  10  4.8217e+07
24  11  2.79672e+07
24  12  5.67222e+07
24  13  4.42546e+07
24  14  4.14398e+07
24  15  5.15039e+07
24  16  5.19311e+07
24  17  6.14769e+07
24  18  6.03725e+07
24  19  7.54342e+07
24  20  6.17226e+07
24  21  7.33116e+07
24  22  5.93018e+07
24  23  6.84494e+07
24  24  8.09904e+07
24  25  1.09362e+08
24  26  1.43408e+08
24  27  9.05893e+07
24  28  4.64655e+07
24  29  3.15187e+07
24  30  4.50105e+07
24  31  3.73909e+07
24  32  3.25255e+07
24  33  7.23794e+06
24  34  2.8122e+07
24  35  4.27639e+07
24  36  3.86822e+07
24  37  2.47159e+07
24  38  1.63033e+07
24  39  6.3045e+06
24  40  0
24  41  3.34595e+06
24  42  0
24  43  3.54131e+06
24  44  4.34077e+06
24  45  7.91078e+06
24  46  5.45434e+07
24  47  4.76711e+07
24  48  4.58138e+07
24  49  3.32233e+07
24  50  2.20456e+07
24  51  2.15138e+07
24  52  1.26084e+07
24  53  0
24  54  1.26582e+07
24  55  4.18038e+07
24  56  6.12957e+07
24  57  7.5394e+07
24  58  7.68459e+07
24  59  6.72231e+07
24  60  5.6818e+07
25  0  3.73234e+07
25  1  4.98545e+07
25  2  4.04135e+07
25  3  5.06428e+07
25  4  5.00966e+07
25  5  6.22519e+07
25  6  3.85769e+07
25  7  5.41553e+07
25  8  6.74943e+07
25  9  4.94285e+07
25  10  4.45025e+07
25  11  4.53108e+07
25  12  5.09907e+07
25  13  4.31739e+07
25  14  4.00192e+07
25  15  4.99355e+07
25  16  5.31634e+07
25  17  4.58006e+07
25  18  6.36667e+07
25  19  5.54912e+07
25  20  6.6869e+07
25  21  7.22713e+07
25  22  6.33039e+07
25  23  6.43034e+07
25  24  7.78986e+07
25  25  1.53098e+08
25  26  1.27282e+08
25  27  9.28209e+07
25  28  4.43314e+07
25  29  3.41484e+07
25  30  3.48465e+07
25  31  2.69112e+07
25  32  2.26266e+07
25  33  2.45049e+07
25  34  2.62447e+07
25  35  2.79555e+07
25  36  2.81316e+07
25  37  3.5495e+07
25  38  1.67854e+07
25  39  0
25  40  1.93255e+06
25  41  277458
25  42  1.72352e+06
25  43  77105.4
25  44  8.89302e+06
25  45  2.16556e+07
25  46  5.86349e+07
25  47  5.44498e+07
25  48  6.4226e+07
25  49  4.74985e+07
25  50  3.36493e+07
25  51  4.24136e+07
25  52  1.31475e+07
25  53  8.25399e+06
25  54  1.63414e+07
25  55  4.46676e+07
25  56  7.02098e+07
25  57  7.07513e+07
25  58  9.52326e+07
25  59  8.0255e+07
25  60  5.54658e+07
26  0  1.59462e+07
26  1  6.32418e+07
26  2  5.93135e+07
26  3  6.87537e+07
26  4  6.45089e+07
26  5  4.50607e+07
26  6  5.31879e+07
26  7  3.5591e+07
26  8  7.22938e+07
26  9  5.84457e+07
26  10  5.45545e+07
26  11  4.5833e+07
26  12  5.50574e+07
26  13  3.82772e+07
26  14  4.35866e+07
26  15  5.0046e+07
26  16  4.26043e+07
26  17  6.08376e+07
26  18  5.71834e+07
26  19  6.29795e+07
26  20  6.94342e+07
26  21  5.46807e+07
26  22  6.28791e+07
26  23  5.42918e+07
26  24  1.06386e+08
26  25  1.24965e+08
26  26  1.40185e+08
26  27  9.11013e+07
26  28  5.06019e+07
26  29  4.15554e+07
26  30  4.43888e+07
26  31  1.74536e+07
26  32  2.01713e+07
26  33  1.65003e+07
26  34  1.95084e+07
26  35  3.10756e+07
26  36  3.13019e+07
26  37  3.45804e+07
26  38  1.04827e+07
26  39  7.34981e+06
26  40  6.34971e+06
26  41  2.35838e+06
26  42  0
26  43  6.87186e+06
26  44  8.94453e+06
26  45  1.60909e+07
26  46  7.4607e+07
26  47  6.16352e+07
26  48  6.5744e+07
26  49  6.39777e+07
26  50  4.80851e+07
26  51  3.59942e+07
26  52  1.21936e+07
26  53  9.17805e+06
26  54  1.22383e+07
26  55  2.89781e+07
26  56  6.21176e+07
26  57  8.11291e+07
26  58  7.44813e+07
26  59  8.2921e+07
26  60  6.95587e+07
27  0  1.86401e+07
27  1  5.72649e+07
27  2  4.591e+07
27  3  5.08708e+07
27  4  5.22813e+07
27  5  5.64343e+07
27  6  4.94842e+07
27  7  3.96114e+07
27  8  6.37821e+07
27  9  5.15151e+07
27  10  4.46077e+07
27  11  4.95283e+07
27  12  5.6158e+07
27  13  4.74204e+07
27  14  4.40521e+07
27  15  5.80883e+07
27  16  5.11515e+07
27  17  5.65375e+07
27  18  5.7258e+07
27  19  6.15625e+07
27  20  7.36469e+07
27  21  6.55083e+07
27  22  5.63849e+07
27  23  5.97878e+07
27  24  1.07413e+08
27  25  1.20955e+08
27  26  1.12522e+08
27  27  6.68981e+07
27  28  3.57665e+07
27  29  4.61448e+07
27  30  3.5939e+07
27  31  1.67227e+07
27  32  1.9614e+07
27  33  1.91297e+07
27  34  3.00426e+07
27  35  3.40934e+07
27  36  4.03534e+07
27  37  2.94193e+07
27  38  8.35818e+06
27  39  2.22981e+06
27  40  1.32453e+06
27  41  2.23662e+06
27  42  0
27  43  967873
27  44  7.93611e+06
27  45  3.55598e+07
27  46  5.82864e+07
27  47  6.45707e+07
27  48  7.80793e+07
27  49  6.97237e+07
27  50  4.67552e+07
27  51  2.9461e+07
27  52  1.2352e+07
27  53  3.76032e+06
27  54  1.01152e+07
27  55  3.40981e+07
27  56  5.53632e+07
27  57  8.63839e+07
27  58  1.08647e+08
27  59  8.84349e+07
27  60  6.94072e+07
28  0  1.66974e+07
28  1  6.04096e+07
28  2  4.1544e+07
28  3  5.41164e+07
28  4  6.45601e+07
28  5  4.82118e+07
28  6  4.32583e+07
28  7  4.35797e+07
28  8  7.10884e+07
28  9  4.75106e+07
28  10  5.50095e+07
28  11  4.10907e+07
28  12  6.48121e+07
28  13  5.23246e+07
28  14  3.20011e+07
28  15  3.53864e+07
28  16  5.01741e+07
28  17  5.026e+07
28  18  4.17468e+07
28  19  6.68353e+07
28  20  4.44572e+07
28  21  5.89457e+07
28  22  6.80417e+07
28  23  5.26896e+07
28  24  7.72146e+07
28  25  7.04865e+07
28  26  8.87562e+07
28  27  6.00502e+07
28  28  3.66213e+07
28  29  5.40932e+07
28  30  2.24987e+07
28  31  1.55512e+07
28  32  1.69196e+07
28  33  6.09707e+06
28  34  3.04422e+07
28  35  3.9403e+07
28  36  2.88447e+07
28  37  1.91301e+07
28  38  1.52486e+07
28  39  383966
28  40  7.17413e+06
28  41  0
28  42  0
28  43  5.40691e+06
28  44  1.01813e+07
28  45  1.92859e+07
28  46  6.25568e+07
28  47  6.99398e+07
28  48  6.77186e+07
28  49  8.23354e+07
28  50  5.37914e+07
28  51  3.97604e+07
28  52  1.23915e+07
28  53  1.8494e+06
28  54  5.45204e+06
28  55  1.92365e+07
28  56  4.96172e+07
28  57  9.79637e+07
28  58  9.49793e+07
28  59  9.73369e+07
28  60  8.72163e+07
29  0  1.68293e+07
29  1  5.63803e+07
29  2  5.2145e+07
29  3  4.50383e+07
29  4  5.07906e+07
29  5  4.10086e+07
29  6  4.34568e+07
29  7  3.20504e+07
29  8  6.46778e+07
29  9  4.53754e+07
29  10  6.15805e+07
29  11  4.77466e+07
29  12  5.67694e+07
29  13  2.44076e+07
29  14  2.42488e+07
29  15  3.95751e+07
29  16  4.32709e+07
29  17  4.48704e+07
29  18  4.26235e+07
29  19  6.42079e+07
29  20  6.79356e+07
29  21  5.32702e+07
29  22  5.06281e+07
29  23  4.42e+07
29  24  5.61897e+07
29  25  7.02146e+07
29  26  5.46003e+07
29  27  3.96111e+07
29  28  4.26159e+07
29  29  5.27086e+07
29  30  1.63656e+07
29  31  1.66766e+07
29  32  1.087e+07
29  33  1.9026e+07
29  34  4.13442e+07
29  35  4.24767e+07
29  36  3.34463e+07
29  37  2.69151e+07
29  38  6.30616e+06
29  39  0
29  40  688466
29  41  0
29  42  1.33093e+06
29  43  4.06641e+06
29  44  8.55116e+06
29  45  3.053e+07
29  46  7.3955e+07
29  47  6.45277e+07
29  48  6.76551e+07
29  49  5.86605e+07
29  50  4.65692e+07
29  51  1.63367e+07
29  52  1.85775e+07
29  53  8.82459e+06
29  54  1.04228e+07
29  55  2.15253e+07
29  56  7.9281e+07
29  57  1.06369e+08
29  58  1.0214e+08
29  59  8.59318e+07
29  60  7.85454e+07
30  0  1.16765e+07
30  1  5.43718e+07
30  2  4.84721e+07
30  3  3.88868e+07
30  4  5.42291e+07
30  5  5.18519e+07
30  6  4.31205e+07
30  7  4.96047e+07
30  8  6.71211e+07
30  9  5.15279e+07
30  10  6.15695e+07
30  11  5.22124e+07
30  12  6.14313e+07
30  13  3.92191e+07
30  14  2.76362e+07
30  15  3.61039e+07
30  16  4.92977e+07
30  17  5.65197e+07
30  18  3.74184e+07
30  19  6.53022e+07
30  20  5.59351e+07
30  21  5.75239e+07
30  22  5.41043e+07
30  23  4.42958e+07
30  24  3.89057e+07
30  25  4.25775e+07
30  26  4.23545e+07
30  27  2.64286e+07
30  28  2.22128e+07
30  29  4.88509e+07
30  30  2.3398e+07
30  31  1.08873e+07
30  32  3.35125e+06
30  33  1.06868e+07
30  34  2.56012e+07
30  35  3.76081e+07
30  36  4.73741e+07
30  37  3.39326e+07
30  38  1.54451e+07
30  39  1.0779e+07
30  40  4.71548e+06
30  41  4.63605e+06
30  42  0
30  43  4.49609e+06
30  44  7.99594e+06
30  45  6.76785e+06
30  46  6.40698e+07
30  47  7.63061e+07
30  48  6.87695e+07
30  49  6.88194e+07
30  50  5.12763e+07
30  51  3.90288e+07
30  52  1.20093e+07
30  53  9.28985e+06
30  54  1.67706e+07
30  55  1.37628e+07
30  56  5.81786e+07
30  57  1.06334e+08
30  58  1.40241e+08
30  59  9.5843e+07
30  60  9.79761e+07
31  0  5.00195e+06
31  1  5.38137e+07
31  2  4.1523e+07
31  3  4.84617e+07
31  4  5.33777e+07
31  5  4.84325e+07
31  6  5.18944e+07
31  7  4.92904e+07
31  8  6.44041e+07
31  9  5.69756e+07
31  10  7.05728e+07
31  11  5.25939e+07
31  12  5.15823e+07
31  13  5.13002e+07
31  14  3.74301e+07
31  15  4.01946e+07
31  16  5.2629e+07
31  17  4.89272e+07
31  18  4.08421e+07
31  19  5.65904e+07
31  20  5.63704e+07
31  21  5.37036e+07
31  22  4.10435e+07
31  23  3.20772e+07
31  24  3.11039e+07
31  25  2.88971e+07
31  26  2.40021e+07
31  27  2.21818e+07
31  28  2.74511e+07
31  29  3.9194e+07
31  30  2.11221e+07
31  31  1.56036e+07
31  32  0
31  33  1.00275e+07
31  34  3.39456e+07
31  35  3.36361e+07
31  36  2.88947e+07
31  37  1.46904e+07
31  38  1.292e+07
31  39  9.00008e+06
31  40  9.10335e+06
31  41  3.29306e+06
31  42  8.77504e+06
31  43  1.60991e+07
31  44  9.25856e+06
31  45  1.99306e+07
31  46  7.01673e+07
31  47  7.02755e+07
31  48  8.13595e+07
31  49  6.35246e+07
31  50  5.41304e+07
31  51  1.60929e+07
31  52  1.86153e+06
31  53  6.94776e+06
31  54  1.15076e+07
31  55  7.15371e+06
31  56  6.35296e+07
31  57  1.27229e+08
31  58  9.8719e+07
31  59  9.56446e+07
31  60  7.44403e+07
32  0  8.28357e+06
32  1  5.46802e+07
32  2  4.56008e+07
32  3  4.67038e+07
32  4  4.98267e+07
32  5  3.83988e+07
32  6  4.8459e+07
32  7  4.5637e+07
32  8  5.21267e+07
32  9  6.04561e+07
32  10  6.90211e+07
32  11  5.32299e+07
32  12  5.62867e+07
32  13  5.28903e+07
32  14  4.4713e+07
32  15  4.4116e+07
32  16  5.84561e+07
32  17  4.52195e+07
32  18  4.14171e+07
32  19  5.54989e+07
32  20  5.52411e+07
32  21  4.90261e+07
32  22  3.60124e+07
32  23  3.16164e+07
32  24  2.67866e+07
32  25  2.11346e+07
32  26  2.71697e+07
32  27  1.21311e+07
32  28  3.12734e+07
32  29  4.12474e+07
32  30  1.19581e+07
32  31  1.62162e+07
32  32  1.25362e+07
32  33  1.0687e+06
32  34  2.4367e+07
32  35  1.94264e+07
32  36  3.27322e+07
32  37  3.47297e+07
32  38  1.43559e+07
32  39  8.14317e+06
32  40  3.44989e+06
32  41  6.5696e+06
32  42  5.06863e+06
32  43  1.37081e+07
32  44  1.97852e+07
32  45  1.42974e+07
32  46  3.40229e+07
32  47  6.24895e+07
32  48  6.67058e+07
32  49  5.94383e+07
32  50  4.38704e+07
32  51  2.61071e+07
32  52  2.98324e+06
32  53  8.62824e+06
32  54  9.25298e+06
32  55  1.39924e+07
32  56  6.78608e+07
32  57  1.14301e+08
32  58  1.11056e+08
32  59  8.63842e+07
32  60  5.38355e+07
33  0  1.40548e+07
33  1  4.40894e+07
33  2  5.42479e+07
33  3  4.52842e+07
33  4  5.18473e+07
33  5  3.83751e+07
33  6  5.49723e+07
33  7  5.58295e+07
33  8  6.20235e+07
33  9  7.70074e+07
33  10  7.58576e+07
33  11  7.37673e+07
33  12  6.72381e+07
33  13  6.14002e+07
33  14  5.20059e+07
33  15  4.36615e+07
33  16  4.46491e+07
33  17  3.12215e+07
33  18  3.23672e+07
33  19  4.73919e+07
33  20  3.43735e+07
33  21  3.27567e+07
33  22  2.31715e+07
33  23  2.71818e+07
33  24  2.73164e+07
33  25  1.55077e+07
33  26  9.79166e+06
33  27  6.10877e+06
33  28  2.2519e+07
33  29  3.7466e+07
33  30  1.85493e+07
33  31  800662
33  32  846490
33  33  3.64229e+06
33  34  6.10233e+06
33  35  1.08574e+07
33  36  2.20015e+07
33  37  2.65654e+07
33  38  1.81927e+07
33  39  1.73866e+07
33  40  9.91542e+06
33  41  0
33  42  5.1564e+06
33  43  2.70308e+07
33  44  1.09624e+07
33  45  1.70915e+07
33  46  3.65363e+07
33  47  4.34879e+07
33  48  6.56617e+07
33  49  4.18232e+07
33  50  3.18103e+07
33  51  1.37118e+07
33  52  7.04496e+06
33  53  9.35908e+06
33  54  3.38935e+06
33  55  2.18113e+07
33  56  5.67736e+07
33  57  1.1455e+08
33  58  9.75883e+07
33  59  8.21325e+07
33  60  6.14141e+07
34  0  6.49979e+06
34  1  3.21557e+07
34  2  5.34285e+07
34  3  5.03642e+07
34  4  4.96989e+07
34  5  4.97778e+07
34  6  5.17569e+07
34  7  5.79989e+07
34  8  5.13063e+07
34  9  8.21123e+07
34  10  1.0472e+08
34  11  8.96746e+07
34  12  8.67767e+07
34  13  7.45152e+07
34  14  5.2344e+07
34  15  4.89376e+07
34  16  4.60835e+07
34  17  4.11375e+07
34  18  2.38249e+07
34  19  5.11205e+07
34  20  3.55687e+07
34  21  2.56581e+07
34  22  1.64645e+07
34  23  2.21449e+07
34  24  1.42383e+07
34  25  1.48176e+07
34  26  1.3604e+07
34  27  1.24275e+07
34  28  1.94597e+07
34  29  3.32473e+07
34  30  2.56482e+07
34  31  1.38809e+07
34  32  3.07557e+06
34  33  8.81676e+06
34  34  5.98343e+06
34  35  1.16904e+07
34  36  1.76673e+07
34  37  1.84801e+07
34  38  2.02615e+07
34  39  2.53797e+07
34  40  1.36967e+07
34  41  3.01935e+06
34  42  1.02752e+07
34  43  2.16749e+07
34  44  5.60371e+06
34  45  2.51151e+07
34  46  1.51156e+07
34  47  3.72381e+07
34  48  5.00921e+07
34  49  5.86492e+07
34  50  2.28013e+07
34  51  9.49719e+06
34  52  5.3412e+06
34  53  81275.5
34  54  3.35607e+06
34  55  9.52514e+06
34  56  7.47908e+07
34  57  8.33767e+07
34  58  9.64275e+07
34  59  7.89256e+07
34  60  6.35257e+07
35  0  3.03193e+06
35  1  5.69795e+07
35  2  5.12533e+07
35  3  4.74034e+07
35  4  5.10195e+07
35  5  3.97417e+07
35  6  5.90574e+07
35  7  6.32325e+07
35  8  6.53158e+07
35  9  9.83523e+07
35  10  1.21086e+08
35  11  1.07954e+08
35  12  1.00999e+08
35  13  6.93198e+07
35  14  5.88222e+07
35  15  6.14107e+07
35  16  3.83967e+07
35  17  3.59385e+07
35  18  3.2961e+07
35  19  3.43738e+07
35  20  2.6073e+07
35  21  3.29119e+07
35  22  2.81406e+07
35  23  2.86113e+07
35  24  2.03183e+07
35  25  1.67974e+07
35  26  1.31154e+07
35  27  2.63059e+06
35  28  3.59835e+06
35  29  2.71487e+07
35  30  2.89041e+07
35  31  7.54191e+06
35  32  9.45424e+06
35  33  0
35  34  5.25451e+06
35  35  6.09682e+06
35  36  1.42553e+07
35  37  1.51076e+07
35  38  2.68522e+07
35  39  4.13768e+07
35  40  1.86178e+07
35  41  0
35  42  2.82541e+06
35  43  7.08997e+06
35  44  0
35  45  3.25163e+06
35  46  2.39821e+07
35  47  4.50881e+07
35  48  5.42691e+07
35  49  3.3564e+07
35  50  1.46179e+07
35  51  4.57071e+06
35  52  727089
35  53  1.42133e+06
35  54  0
35  55  1.19872e+07
35  56  6.16044e+07
35  57  8.40768e+07
35  58  9.74384e+07
35  59  7.83922e+07
35  60  6.14602e+07
36  0  7.83256e+06
36  1  2.78813e+07
36  2  5.48991e+07
36  3  4.65539e+07
36  4  6.84021e+07
36  5  5.39531e+07
36  6  5.20913e+07
36  7  5.28174e+07
36  8  6.26173e+07
36  9  9.22416e+07
36  10  1.07253e+08
36  11  1.27734e+08
36  12  1.06327e+08
36  13  1.09404e+08
36  14  7.52254e+07
36  15  6.88632e+07
36  16  5.29423e+07
36  17  4.60394e+07
36  18  3.35797e+07
36  19  3.32984e+07
36  20  3.73163e+07
36  21  2.61024e+07
36  22  3.34921e+07
36  23  2.79352e+07
36  24  3.76401e+07
36  25  3.5529e+07
36  26  1.94864e+07
36  27  1.5217e+07
36  28  1.72482e+06
36  29  6.82204e+06
36  30  4.40075e+07
36  31  2.22391e+07
36  32  7.66762e+06
36  33  4.85339e+06
36  34  4.07281e+06
36  35  5.64418e+06
36  36  4.65926e+06
36  37  7.80106e+06
36  38  1.73767e+07
36  39  3.91764e+07
36  40  2.75002e+07
36  41  8.36867e+06
36  42  4.18079e+06
36  43  3.01562e+06
36  44  1.03326e+07
36  45  1.42045e+06
36  46  7.48554e+06
36  47  2.24005e+07
36  48  3.59296e+07
36  49  2.84714e+07
36  50  1.13975e+07
36  51  8.95731e+06
36  52  5.93574e+06
36  53  0
36  54  0
36  55  1.08109e+07
36  56  3.70306e+07
36  57  7.94741e+07
36  58  1.23365e+08
36  59  7.12329e+07
36  60  8.02188e+07
37  0  1.57285e+07
37  1  3.34227e+07
37  2  6.00988e+07
37  3  6.53845e+07
37  4  6.79653e+07
37  5  5.95585e+07
37  6  6.37403e+07
37  7  5.45184e+07
37  8  6.38937e+07
37  9  8.70789e+07
37  10  1.24742e+08
37  11  1.27594e+08
37  12  1.19877e+08
37  13  1.04699e+08
37  14  8.96751e+07
37  15  8.75447e+07
37  16  7.05572e+07
37  17  4.92461e+07
37  18  3.96032e+07
37  19  2.43285e+07
37  20  2.91967e+07
37  21  4.61191e+07
37  22  4.35381e+07
37  23  4.47613e+07
37  24  5.35895e+07
37  25  2.90325e+07
37  26  2.19821e+07
37  27  7.90621e+06
37  28  1.06181e+07
37  29  1.37967e+07
37  30  2.63404e+07
37  31  2.51578e+07
37  32  8.24014e+06
37  33  5.64912e+06
37  34  2.96095e+06
37  35  8.61264e+06
37  36  1.11497e+07
37  37  1.05512e+07
37  38  1.40471e+07
37  39  4.1748e+07
37  40  2.45775e+07
37  41  0
37  42  1.18838e+06
37  43  0
37  44  0
37  45  7.10548e+06
37  46  1.21577e+07
37  47  1.42421e+07
37  48  2.31018e+07
37  49  1.641e+07
37  50  655199
37  51  0
37  52  2.62653e+06
37  53  8.23379e+06
37  54  3.26904e+06
37  55  0
37  56  3.31008e+07
37  57  6.15625e+07
37  58  9.08892e+07
37  59  9.40521e+07
37  60  8.78955e+07
38  0  2.90181e+06
38  1  2.04156e+07
38  2  3.79894e+07
38  3  4.92819e+07
38  4  5.13464e+07
38  5  5.9121e+07
38  6  6.1407e+07
38  7  4.89983e+07
38  8  6.36133e+07
38  9  8.09408e+07
38  10  8.82673e+07
38  11  1.09243e+08
38  12  1.24419e+08
38  13  1.0243e+08
38  14  1.06321e+08
38  15  1.01554e+08
38  16  8.19249e+07
38  17  5.29461e+07
38  18  5.16073e+07
38  19  4.04481e+07
38  20  5.67238e+07
38  21  6.4491e+07
38  22  5.11167e+07
38  23  5.01561e+07
38  24  7.03101e+07
38  25  4.65629e+07
38  26  3.88141e+07
38  27  1.61345e+07
38  28  1.16674e+07
38  29  8.90569e+06
38  30  2.96315e+07
38  31  2.54286e+07
38  32  1.76404e+07
38  33  3.69943e+06
38  34  1.33653e+07
38  35  9.09787e+06
38  36  9.51363e+06
38  37  1.02428e+07
38  38  1.07013e+07
38  39  3.61058e+07
38  40  5.6041e+07
38  41  1.56601e+07
38  42  3.43722e+06
38  43  3.70759e+06
38  44  1.31086e+06
38  45  3.99696e+06
38  46  5.27545e+06
38  47  1.0756e+07
38  48  4.72796e+06
38  49  1.83679e+07
38  50  4.52912e+06
38  51  4.06427e+06
38  52  8.66242e+06
38  53  0
38  54  1.315e+06
38  55  8.41289e+06
38  56  1.4906e+07
38  57  2.26871e+07
38  58  9.29259e+07
38  59  9.12478e+07
38  60  8.30371e+07
39  0  4.39528e+06
39  1  2.0851e+07
39  2  3.58732e+07
39  3  5.4992e+07
39  4  6.25847e+07
39  5  6.44042e+07
39  6  5.35609e+07
39  7  3.97408e+07
39  8  6.48355e+07
39  9  6.21272e+07
39  10  6.88854e+07
39  11  8.42845e+07
39  12  1.02821e+08
39  13  9.2364e+07
39  14  1.16082e+08
39  15  9.16137e+07
39  16  6.27557e+07
39  17  6.3446e+07
39  18  5.3591e+07
39  19  4.95919e+07
39  20  5.86929e+07
39  21  6.43061e+07
39  22  5.33326e+07
39  23  6.42766e+07
39  24  5.61803e+07
39  25  5.27447e+07
39  26  4.40983e+07
39  27  2.23002e+07
39  28  1.03095e+07
39  29  2.07862e+07
39  30  2.38452e+07
39  31  1.68213e+07
39  32  2.56845e+07
39  33  2.21361e+07
39  34  1.5984e+07
39  35  1.53701e+07
39  36  3.53958e+06
39  37  6.20981e+06
39  38  1.4431e+07
39  39  3.51422e+07
39  40  4.14525e+07
39  41  0
39  42  0
39  43  2.80156e+06
39  44  434833
39  45  1.8569e+06
39  46  1.11166e+06
39  47  3.9617e+06
39  48  8.67447e+06
39  49  9.82303e+06
39  50  0
39  51  0
39  52  1.32933e+07
39  53  843419
39  54  124653
39  55  2.41368e+06
39  56  1.56015e+07
39  57  3.1358e+07
39  58  9.01893e+07
39  59  8.78369e+07
39  60  7.3993e+07
40  0  0
40  1  4.34614e+06
40  2  1.7349e+07
40  3  5.95535e+07
40  4  6.54422e+07
40  5  5.13163e+07
40  6  7.41618e+07
40  7  4.45063e+07
40  8  5.66525e+07
40  9  5.49117e+07
40  10  6.14215e+07
40  11  6.68491e+07
40  12  7.78027e+07
40  13  7.68784e+07
40  14  1.00095e+08
40  15  1.00078e+08
40  16  5.70243e+07
40  17  5.99801e+07
40  18  5.49566e+07
40  19  5.57427e+07
40  20  5.83658e+07
40  21  6.12567e+07
40  22  7.15017e+07
40  23  6.57369e+07
40  24  6.13949e+07
40  25  6.89911e+07
40  26  5.33241e+07
40  27  4.14356e+07
40  28  2.39033e+07
40  29  1.89396e+07
40  30  1.4919e+07
40  31  1.28095e+07
40  32  1.8319e+07
40  33  2.83402e+07
40  34  1.54551e+07
40  35  1.3996e+07
40  36  2.31541e+07
40  37  1.58906e+07
40  38  1.95273e+07
40  39  3.01802e+07
40  40  5.54891e+07
40  41  6.81599e+06
40  42  4.5934e+06
40  43  6.57613e+06
40  44  0
40  45  0
40  46  2.3903e+06
40  47  4.76815e+06
40  48  3.28069e+06
40  49  9.99933e+06
40  50  4.87966e+06
40  51  0
40  52  0
40  53  490607
40  54  3.89985e+06
40  55  4.04895e+06
40  56  1.09513e+07
40  57  2.35129e+07
40  58  7.74587e+07
40  59  9.66528e+07
40  60  6.83288e+07
41  0  1.25321e+06
41  1  4.60202e+06
41  2  1.88211e+07
41  3  3.87545e+07
41  4  6.58676e+07
41  5  5.9423e+07
41  6  6.34721e+07
41  7  4.33949e+07
41  8  5.09476e+07
41  9  4.04158e+07
41  10  4.99575e+07
41  11  5.60476e+07
41  12  7.24194e+07
41  13  7.14626e+07
41  14  9.49205e+07
41  15  5.6826e+07
41  16  5.0239e+07
41  17  5.83167e+07
41  18  5.67414e+07
41  19  4.19888e+07
41  20  5.95784e+07
41  21  6.17275e+07
41  22  5.95809e+07
41  23  6.97957e+07
41  24  4.6931e+07
41  25  5.85998e+07
41  26  6.38951e+07
41  27  4.64474e+07
41  28  3.75943e+07
41  29  2.18882e+07
41  30  1.55335e+07
41  31  1.75307e+07
41  32  2.0275e+07
41  33  2.17095e+07
41  34  2.87805e+07
41  35  2.29493e+07
41  36  2.53384e+07
41  37  2.06686e+07
41  38  2.49259e+07
41  39  4.64054e+07
41  40  3.85765e+07
41  41  0
41  42  8.06674e+06
41  43  1.863e+06
41  44  2.25706e+06
41  45  0
41  46  1.29544e+06
41  47  4.62494e+06
41  48  4.38551e+06
41  49  859405
41  50  1.25832e+06
41  51  0
41  52  4.24514e+06
41  53  8.82363e+06
41  54  126889
41  55  1.07704e+07
41  56  1.07452e+07
41  57  1.94376e+07
41  58  8.01446e+07
41  59  9.30539e+07
41  60  7.79758e+07
42  0  0
42  1  589014
42  2  1.80479e+06
42  3  2.68769e+07
42  4  5.01622e+07
42  5  6.43166e+07
42  6  4.41717e+07
42  7  3.76578e+07
42  8  5.77591e+07
42  9  4.869e+07
42  10  4.83174e+07
42  11  5.64643e+07
42  12  6.06966e+07
42  13  7.30133e+07
42  14  7.98515e+07
42  15  8.31815e+07
42  16  4.00536e+07
42  17  3.99337e+07
42  18  5.18179e+07
42  19  6.33324e+07
42  20  5.48261e+07
42  21  5.73042e+07
42  22  6.20734e+07
42  23  5.88464e+07
42  24  5.41196e+07
42  25  4.45758e+07
42  26  5.62638e+07
42  27  5.66847e+07
42  28  4.3959e+07
42  29  2.45884e+07
42  30  2.11679e+07
42  31  1.97415e+07
42  32  1.70011e+07
42  33  1.30898e+07
42  34  2.06421e+07
42  35  1.94041e+07
42  36  3.86833e+07
42  37  3.51274e+07
42  38  2.84845e+07
42  39  3.98571e+07
42  40  4.16896e+07
42  41  7.9144e+06
42  42  9.65141e+06
42  43  0
42  44  1.88988e+06
42  45  643677
42  46  0
42  47  196514
42  48  6.30953e+06
42  49  1.72669e+06
42  50  3.63498e+06
42  51  0
42  52  5.74009e+06
42  53  1.66773e+06
42  54  0
42  55  1.28424e+06
42  56  8.90373e+06
42  57  1.58828e+07
42  58  8.32056e+07
42  59  7.11769e+07
42  60  7.51878e+07
43  0  0
43  1  24542.6
43  2  1.00656e+07
43  3  1.36072e+07
43  4  5.53902e+07
43  5  5.32381e+07
43  6  5.42044e+07
43  7  6.15177e+07
43  8  6.04626e+07
43  9  5.73608e+07
43  10  4.90188e+07
43  11  5.08258e+07
43  12  5.98742e+07
43  13  6.1807e+07
43  14  7.30325e+07
43  15  5.80367e+07
43  16  3.14299e+07
43  17  3.73828e+07
43  18  5.04455e+07
43  19  4.42178e+07
43  20  5.75772e+07
43  21  6.1723e+07
43  22  5.49775e+07
43  23  5.78641e+07
43  24  5.65605e+07
43  25  5.93168e+07
43  26  5.41616e+07
43  27  4.85596e+07
43  28  5.20256e+07
43  29  2.72997e+07
43  30  2.30151e+07
43  31  2.04383e+07
43  32  1.72955e+07
43  33  1.58842e+07
43  34  1.15914e+07
43  35  1.42715e+07
43  36  2.76219e+07
43  37  4.26172e+07
43  38  3.70474e+07
43  39  3.02661e+07
43  40  3.16928e+07
43  41  6.8529e+06
43  42  7.30505e+06
43  43  4.07485e+06
43  44  468834
43  45  0
43  46  0
43  47  5.61516e+06
43  48  4.7308e+06
43  49  5.33281e+06
43  50  4.52182e+06
43  51  1.10429e+06
43  52  1.95374e+07
43  53  0
43  54  1.87982e+06
43  55  0
43  56  3.25635e+06
43  57  9.8135e+06
43  58  5.61154e+07
43  59  9.92379e+07
43  60  6.83143e+07
44  0  4.60046e+06
44  1  4.43731e+06
44  2  1.08313e+07
44  3  1.38904e+07
44  4  4.08688e+07
44  5  5.78564e+07
44  6  5.54118e+07
44  7  4.91971e+07
44  8  6.06282e+07
44  9  3.90202e+07
44  10  4.2357e+07
44  11  5.4028e+07
44  12  5.68982e+07
44  13  6.83078e+07
44  14  5.9958e+07
44  15  5.37675e+07
44  16  3.62262e+07
44  17  3.85582e+07
44  18  5.56293e+07
44  19  5.31326e+07
44  20  5.06824e+07
44  21  6.6634e+07
44  22  5.19701e+07
44  23  5.67469e+07
44  24  6.64014e+07
44  25  5.44837e+07
44  26  5.48008e+07
44  27  6.10171e+07
44  28  6.165e+07
44  29  3.42575e+07
44  30  3.69062e+07
44  31  3.77186e+07
44  32  2.8298e+07
44  33  1.55851e+07
44  34  1.15887e+07
44  35  9.94737e+06
44  36  1.29133e+07
44  37  2.81143e+07
44  38  2.76982e+07
44  39  2.43011e+07
44  40  1.45403e+07
44  41  5.87141e+06
44  42  8.35364e+06
44  43  1.03995e+07
44  44  4.35456e+06
44  45  1.98466e+06
44  46  0
44  47  3.60679e+06
44  48  0
44  49  4.14484e+06
44  50  0
44  51  6.14649e+06
44  52  0
44  53  0
44  54  0
44  55  7.62e+06
44  56  8.19727e+06
44  57  8.7975e+06
44  58  3.63032e+07
44  59  8.36702e+07
44  60  7.85991e+07
45  0  1.0822e+06
45  1  961148
45  2  3.74226e+06
45  3  6.56731e+06
45  4  4.47295e+07
45  5  6.50111e+07
45  6  5.41935e+07
45  7  6.49922e+07
45  8  5.7642e+07
45  9  4.87796e+07
45  10  5.27672e+07
45  11  6.5324e+07
45  12  6.22891e+07
45  13  5.85517e+07
45  14  5.03744e+07
45  15  5.75405e+07
45  16  3.47433e+07
45  17  5.0972e+07
45  18  4.1258e+07
45  19  5.8768e+07
45  20  4.69745e+07
45  21  4.92916e+07
45  22  6.75053e+07
45  23  5.37323e+07
45  24  6.5229e+07
45  25  6.75122e+07
45  26  6.2853e+07
45  27  5.57604e+07
45  28  5.01141e+07
45  29  5.50717e+07
45  30  4.3022e+07
45  31  3.27042e+07
45  32  3.13505e+07
45  33  5.36385e+06
45  34  0
45  35  2.4742e+06
45  36  1.18195e+07
45  37  7.81888e+06
45  38  2.24102e+07
45  39  2.25049e+07
45  40  1.20006e+07
45  41  0
45  42  5.08698e+06
45  43  6.6771e+06
45  44  0
45  45  6.8211e+06
45  46  0
45  47  0
45  48  846721
45  49  7.40004e+06
45  50  5.16646e+06
45  51  4.78438e+06
45  52  1.46945e+07
45  53  0
45  54  6.84326e+06
45  55  0
45  56  3.269e+06
45  57  3.10643e+06
45  58  4.17567e+07
45  59  8.91679e+07
45  60  6.78698e+07
46  0  3.50505e+06
46  1  3.50249e+06
46  2  4.96089e+06
46  3  1.55332e+07
46  4  2.17975e+07
46  5  5.35392e+07
46  6  5.25781e+07
46  7  5.6096e+07
46  8  6.35171e+07
46  9  4.45003e+07
46  10  4.38028e+07
46  11  5.21873e+07
46  12  5.90314e+07
46  13  6.15493e+07
46  14  5.74137e+07
46  15  6.30458e+07
46  16  5.23479e+07
46  17  3.86455e+07
46  18  4.3332e+07
46  19  5.63452e+07
46  20  6.92136e+07
46  21  6.15979e+07
46  22  7.08366e+07
46  23  5.91866e+07
46  24  6.25747e+07
46  25  6.24864e+07
46  26  5.43272e+07
46  27  4.92604e+07
46  28  4.47761e+07
46  29  5.59918e+07
46  30  4.74106e+07
46  31  2.52005e+07
46  32  3.37827e+07
46  33  9.53166e+06
46  34  0
46  35  3.39916e+06
46  36  8.90994e+06
46  37  1.00825e+07
46  38  6.35235e+06
46  39  9.457e+06
46  40  1.86073e+07
46  41  2.79902e+06
46  42  0
46  43  1.09648e+06
46  44  0
46  45  2.48061e+06
46  46  451630
46  47  1.21385e+07
46  48  1.6067e+06
46  49  2.92949e+06
46  50  8.08928e+06
46  51  5.53877e+06
46  52  0
46  53  0
46  54  0
46  55  7.9329e+06
46  56  3.97758e+06
46  57  8.58182e+06
46  58  9.9372e+06
46  59  6.78625e+07
46  60  7.69261e+07
47  0  0
47  1  693442
47  2  4.62457e+06
47  3  6.58362e+06
47  4  2.54131e+07
47  5  5.61007e+07
47  6  5.59012e+07
47  7  5.01957e+07
47  8  4.37543e+07
47  9  4.47794e+07
47  10  5.15288e+07
47  11  6.57597e+07
47  12  5.31964e+07
47  13  4.86343e+07
47  14  6.76657e+07
47  15  6.33321e+07
47  16  3.49907e+07
47  17  3.3512e+07
47  18  4.75399e+07
47  19  6.03693e+07
47  20  5.70729e+07
47  21  6.21827e+07
47  22  5.93908e+07
47  23  6.09636e+07
47  24  5.71143e+07
47  25  4.71709e+07
47  26  6.17832e+07
47  27  4.54793e+07
47  28  4.63368e+07
47  29  6.36424e+07
47  30  5.47888e+07
47  31  4.65855e+07
47  32  3.10682e+07
47  33  4.77408e+06
47  34  1.43655e+07
47  35  2.15722e+06
47  36  1.22739e+06
47  37  2.72264e+06
47  38  3.16777e+06
47  39  5.46882e+06
47  40  4.57365e+06
47  41  1.00644e+07
47  42  2.83723e+06
47  43  1.05949e+07
47  44  0
47  45  6.05409e+06
47  46  291746
47  47  1.63564e+07
47  48  1.67654e+07
47  49  4.99396e+06
47  50  1.58795e+06
47  51  3.49418e+06
47  52  7.32645e+06
47  53  0
47  54  0
47  55  0
47  56  0
47  57  0
47  58  1.64319e+07
47  59  5.19337e+07
47  60  8.64114e+07
48  0  2.11239e+06
48  1  0
48  2  1.05741e+06
48  3  2.02206e+06
48  4  1.47398e+07
48  5  4.01316e+07
48  6  5.78991e+07
48  7  5.46618e+07
48  8  4.71813e+07
48  9  4.90682e+07
48  10  5.28712e+07
48  11  5.26668e+07
48  12  5.56711e+07
48  13  6.32061e+07
48  14  5.4205e+07
48  15  5.7445e+07
48  16  4.71109e+07
48  17  4.38092e+07
48  18  4.75028e+07
48  19  5.99524e+07
48  20  5.32647e+07
48  21  5.77796e+07
48  22  6.21665e+07
48  23  5.22676e+07
48  24  5.94194e+07
48  25  5.22771e+07
48  26  4.11664e+07
48  27  4.68151e+07
48  28  5.42862e+07
48  29  6.25263e+07
48  30  5.29308e+07
48  31  4.90002e+07
48  32  3.47308e+07
48  33  2.53232e+07
48  34  7.984e+06
48  35  5.95364e+06
48  36  6.65348e+06
48  37  1.10792e+07
48  38  3.7571e+06
48  39  2.43021e+06
48  40  4.61119e+06
48  41  8.81655e+06
48  42  8.41316e+06
48  43  5.69008e+06
48  44  0
48  45  1.0696e+07
48  46  9.97973e+06
48  47  8.94241e+06
48  48  1.38452e+07
48  49  4.00455e+06
48  50  0
48  51  0
48  52  0
48  53  0
48  54  0
48  55  918964
48  56  0
48  57  239626
48  58  2.30057e+07
48  59  4.22649e+07
48  60  8.24208e+07
49  0  0
49  1  0
49  2  0
49  3  8.25733e+06
49  4  8.16598e+06
49  5  3.66352e+07
49  6  6.3524e+07
49  7  5.25085e+07
49  8  5.35703e+07
49  9  5.76579e+07
49  10  6.40237e+07
49  11  5.01721e+07
49  12  5.36398e+07
49  13  6.38902e+07
49  14  6.70955e+07
49  15  5.48286e+07
49  16  5.67312e+07
49  17  3.28432e+07
49  18  4.14388e+07
49  19  4.17613e+07
49  20  6.08445e+07
49  21  5.76687e+07
49  22  5.44416e+07
49  23  5.06579e+07
49  24  5.80081e+07
49  25  3.6833e+07
49  26  4.08835e+07
49  27  4.66808e+07
49  28  4.60766e+07
49  29  5.01552e+07
49  30  5.84508e+07
49  31  6.63263e+07
49  32  4.48247e+07
49  33  2.67495e+07
49  34  1.14467e+07
49  35  9.7189e+06
49  36  0
49  37  0
49  38  0
49  39  8.42164e+06
49  40  5.4546e+06
49  41  6.44402e+06
49  42  1.03292e+07
49  43  0
49  44  1.89522e+06
49  45  8.70495e+06
49  46  3.36477e+06
49  47  0
49  48  1.14309e+07
49  49  0
49  50  0
49  51  2.0743e+06
49  52  0
49  53  0
49  54  0
49  55  8.69755e+06
49  56  3.27399e+06
49  57  1.79203e+06
49  58  1.03776e+07
49  59  2.03155e+07
49  60  9.55287e+07
50  0  0
50  1  0
50  2  0
50  3  8.73308e+06
50  4  4.86519e+06
50  5  2.18163e+07
50  6  5.69168e+07
50  7  5.51567e+07
50  8  4.19649e+07
50  9  5.84801e+07
50  10  5.75066e+07
50  11  5.31143e+07
50  12  5.71435e+07
50  13  7.10205e+07
50  14  6.16305e+07
50  15  6.1916e+07
50  16  6.00528e+07
50  17  5.08152e+07
50  18  4.98605e+07
50  19  4.43736e+07
50  20  4.28705e+07
50  21  4.3494e+07
50  22  5.12614e+07
50  23  5.27284e+07
50  24  5.708e+07
50  25  4.74657e+07
50  26  4.47355e+07
50  27  4.98421e+07
50  28  5.06443e+07
50  29  5.80264e+07
50  30  5.4554e+07
50  31  6.08117e+07
50  32  4.04838e+07
50  33  3.02682e+07
50  34  1.06396e+07
50  35  7.16074e+06
50  36  1.86876e+06
50  37  0
50  38  7.30068e+06
50  39  6.16227e+06
50  40  1.0015e+07
50  41  0
50  42  1.17687e+07
50  43  3.90792e+06
50  44  3.67556e+06
50  45  0
50  46  1.29751e+06
50  47  1.81355e+06
50  48  8.29221e+06
50  49  3.40878e+06
50  50  0
50  51  0
50  52  3.84198e+06
50  53  230075
50  54  2.40983e+06
50  55  2.63315e+06
50  56  3.7349e+06
50  57  0
50  58  3.38988e+06
50  59  3.30422e+07
50  60  7.84126e+07
51  0  0
51  1  163898
51  2  0
51  3  0
51  4  8.19241e+06
51  5  1.9133e+07
51  6  4.62381e+07
51  7  4.68789e+07
51  8  4.26109e+07
51  9  4.46936e+07
51  10  4.06557e+07
51  11  5.75466e+07
51  12  7.0366e+07
51  13  5.73024e+07
51  14  5.85489e+07
51  15  5.38489e+07
51  16  5.33523e+07
51  17  4.63876e+07
51  18  5.08073e+07
51  19  3.92817e+07
51  20  4.62353e+07
51  21  5.61824e+07
51  22  5.61143e+07
51  23  6.15295e+07
51  24  6.17003e+07
51  25  5.3524e+07
51  26  4.29961e+07
51  27  4.72044e+07
51  28  5.55454e+07
51  29  5.65075e+07
51  30  5.87244e+07
51  31  6.30247e+07
51  32  4.64441e+07
51  33  4.78623e+07
51  34  1.42973e+07
51  35  1.18375e+07
51  36  2.6704e+06
51  37  0
51  38  5.3869e+06
51  39  8.67516e+06
51  40  1.76998e+07
51  41  5.44267e+06
51  42  8.43232e+06
51  43  5.136e+06
51  44  0
51  45  1.25665e+07
51  46  0
51  47  8.26469e+06
51  48  1.95782e+06
51  49  0
51  50  365815
51  51  3.44374e+06
51  52  0
51  53  4.55737e+06
51  54  0
51  55  2.62469e+06
51  56  750045
51  57  234011
51  58  5.65012e+06
51  59  2.77489e+07
51  60  9.03397e+07
52  0  0
52  1  1.91752e+06
52  2  0
52  3  2.95154e+06
52  4  16793.5
52  5  4.83883e+06
52  6  2.76727e+07
52  7  4.29116e+07
52  8  4.32935e+07
52  9  5.87692e+07
52  10  5.28737e+07
52  11  5.32802e+07
52  12  6.63299e+07
52  13  6.86088e+07
52  14  6.42655e+07
52  15  5.67386e+07
52  16  5.44008e+07
52  17  4.25677e+07
52  18  3.75096e+07
52  19  6.0207e+07
52  20  4.38183e+07
52  21  4.54275e+07
52  22  6.43546e+07
52  23  6.30765e+07
52  24  5.67892e+07
52  25  4.86038e+07
52  26  5.47591e+07
52  27  5.18331e+07
52  28  6.12739e+07
52  29  6.53151e+07
52  30  5.40634e+07
52  31  5.94294e+07
52  32  4.87388e+07
52  33  4.40678e+07
52  34  2.54041e+07
52  35  1.26812e+07
52  36  1.31587e+07
52  37  5.03105e+06
52  38  0
52  39  8.12025e+06
52  40  8.60959e+06
52  41  8.29184e+06
52  42  2.19843e+07
52  43  1.30223e+07
52  44  4.62666e+06
52  45  0
52  46  0
52  47  0
52  48  0
52  49  0
52  50  3.43013e+06
52  51  0
52  52  0
52  53  1.51763e+06
52  54  0
52  55  3.82683e+06
52  56  2.59069e+06
52  57  8.19927e+06
52  58  3.67886e+06
52  59  1.56627e+07
52  60  6.7825e+07
53  0  721124
53  1  0
53  2  0
53  3  2.83589e+06
53  4  0
53  5  1.91204e+06
53  6  1.75019e+07
53  7  2.48793e+07
53  8  3.89112e+07
53  9  4.52231e+07
53  10  4.73064e+07
53  11  5.32121e+07
53  12  5.10074e+07
53  13  7.8296e+07
53  14  5.16429e+07
53  15  3.31412e+07
53  16  5.582e+07
53  17  3.49853e+07
53  18  4.34722e+07
53  19  6.63131e+07
53  20  5.37241e+07
53  21  4.31441e+07
53  22  4.43773e+07
53  23  5.51439e+07
53  24  5.08955e+07
53  25  4.86299e+07
53  26  5.02907e+07
53  27  5.16925e+07
53  28  7.21398e+07
53  29  5.26785e+07
53  30  5.95218e+07
53  31  7.18705e+07
53  32  4.17039e+07
53  33  5.28047e+07
53  34  2.71322e+07
53  35  2.2905e+07
53  36  0
53  37  0
53  38  4.56904e+06
53  39  1.40897e+07
53  40  2.48393e+07
53  41  1.15382e+07
53  42  2.58629e+07
53  43  0
53  44  0
53  45  0
53  46  0
53  47  3.48943e+06
53  48  4.05058e+06
53  49  3.40148e+06
53  50  1.65178e+06
53  51  0
53  52  0
53  53  0
53  54  0
53  55  480511
53  56  0
53  57  0
53  58  1.17951e+07
53  59  2.66074e+07
53  60  8.26744e+07
54  0  0
54  1  0
54  2  0
54  3  0
54  4  0
54  5  4.54885e+06
54  6  7.15173e+06
54  7  2.00822e+07
54  8  3.87647e+07
54  9  5.37635e+07
54  10  5.84274e+07
54  11  4.62808e+07
54  12  4.70024e+07
54  13  5.89591e+07
54  14  5.12233e+07
54  15  5.26195e+07
54  16  4.78459e+07
54  17  4.10525e+07
54  18  4.00906e+07
54  19  6.31331e+07
54  20  7.08279e+07
54  21  4.65887e+07
54  22  2.85706e+07
54  23  3.34917e+07
54  24  3.98138e+07
54  25  6.25042e+07
54  26  5.21069e+07
54  27  4.5335e+07
54  28  5.63406e+07
54  29  4.60494e+07
54  30  6.02356e+07
54  31  5.77568e+07
54  32  6.06121e+07
54  33  6.24722e+07
54  34  5.81438e+07
54  35  3.97039e+07
54  36  1.40254e+07
54  37  1.48089e+07
54  38  5.72223e+06
54  39  1.20434e+07
54  40  2.87683e+07
54  41  3.43328e+07
54  42  1.89439e+07
54  43  1.89506e+07
54  44  8.61898e+06
54  45  1.24733e+07
54  46  932956
54  47  2.62266e+06
54  48  0
54  49  566966
54  50  0
54  51  4.70729e+06
54  52  0
54  53  3.55272e+06
54  54  9.39931e+06
54  55  8.04713e+06
54  56  1.12424e+06
54  57  3.65102e+06
54  58  1.45511e+06
54  59  2.67241e+07
54  60  8.75789e+07
55  0  0
55  1  6.56444e+06
55  2  5.05762e+06
55  3  0
55  4  2.88558e+06
55  5  0
55  6  6.92226e+06
55  7  3.12277e+07
55  8  4.06909e+07
55  9  4.34793e+07
55  10  5.35204e+07
55  11  5.86685e+07
55  12  6.1395e+07
55  13  5.84728e+07
55  14  3.95573e+07
55  15  4.61088e+07
55  16  4.80651e+07
55  17  4.03011e+07
55  18  4.74136e+07
55  19  5.72967e+07
55  20  5.99782e+07
55  21  4.67095e+07
55  22  3.42216e+07
55  23  3.38594e+07
55  24  4.4982e+07
55  25  5.19609e+07
55  26  5.83934e+07
55  27  5.37637e+07
55  28  5.05037e+07
55  29  5.65579e+07
55  30  6.03533e+07
55  31  7.02847e+07
55  32  6.25882e+07
55  33  3.9668e+07
55  34  5.49293e+07
55  35  3.66689e+07
55  36  1.61045e+07
55  37  5.10138e+06
55  38  2.73676e+06
55  39  2.38142e+07
55  40  4.03541e+07
55  41  4.69424e+07
55  42  2.38548e+07
55  43  1.56465e+07
55  44  3.16841e+06
55  45  0
55  46  9.99689e+06
55  47  4.41952e+06
55  48  0
55  49  9.32819e+06
55  50  2.72862e+06
55  51  1.50639e+06
55  52  0
55  53  0
55  54  0
55  55  2.60679e+06
55  56  2.17276e+06
55  57  5.55008e+06
55  58  8.61424e+06
55  59  3.62002e+07
55  60  9.3661e+07
56  0  0
56  1  2.23048e+06
56  2  0
56  3  1.12313e+06
56  4  3.08112e+06
56  5  0
56  6  1.00321e+07
56  7  1.05561e+07
56  8  2.1578e+07
56  9  4.75295e+07
56  10  5.36532e+07
56  11  5.29297e+07
56  12  5.94712e+07
56  13  6.02678e+07
56  14  5.03428e+07
56  15  3.84713e+07
56  16  3.98687e+07
56  17  4.80918e+07
56  18  5.63966e+07
56  19  8.02461e+07
56  20  6.45544e+07
56  21  5.77986e+07
56  22  2.9484e+07
56  23  3.55071e+07
56  24  3.29866e+07
56  25  3.13321e+07
56  26  4.83824e+07
56  27  4.36263e+07
56  28  4.2741e+07
56  29  5.2353e+07
56  30  7.40926e+07
56  31  5.73056e+07
56  32  5.71916e+07
56  33  5.25418e+07
56  34  4.66512e+07
56  35  4.66355e+07
56  36  4.47481e+07
56  37  6.46372e+06
56  38  1.06757e+07
56  39  1.97457e+07
56  40  6.96548e+07
56  41  6.76898e+07
56  42  2.94754e+07
56  43  2.13526e+07
56  44  8.68668e+06
56  45  4.1486e+06
56  46  2.41041e+06
56  47  5.96478e+06
56  48  2.66217e+06
56  49  0
56  50  5.04436e+06
56  51  0
56  52  1.26765e+07
56  53  6.19185e+06
56  54  2.27304e+06
56  55  1.43283e+06
56  56  2.46567e+06
56  57  5.17747e+06
56  58  1.51706e+07
56  59  4.90309e+07
56  60  1.22141e+08
57  0  6.53256e+06
57  1  3.70663e+06
57  2  0
57  3  0
57  4  2.72968e+06
57  5  0
57  6  7.07366e+06
57  7  1.44101e+07
57  8  2.67335e+07
57  9  3.06685e+07
57  10  6.02106e+07
57  11  5.81168e+07
57  12  5.59208e+07
57  13  6.0861e+07
57  14  5.46481e+07
57  15  4.45242e+07
57  16  4.33652e+07
57  17  5.14012e+07
57  18  7.39037e+07
57  19  6.81672e+07
57  20  4.4041e+07
57  21  4.88122e+07
57  22  4.26745e+07
57  23  3.47422e+07
57  24  3.64532e+07
57  25  3.42821e+07
57  26  3.96727e+07
57  27  4.48384e+07
57  28  5.09068e+07
57  29  6.88659e+07
57  30  5.78789e+07
57  31  6.87694e+07
57  32  6.13212e+07
57  33  4.26152e+07
57  34  4.27789e+07
57  35  5.21058e+07
57  36  2.9895e+07
57  37  2.07108e+07
57  38  2.5601e+07
57  39  5.8544e+07
57  40  1.10024e+08
57  41  8.7771e+07
57  42  3.0456e+07
57  43  1.63307e+07
57  44  1.56737e+07
57  45  0
57  46  4.06571e+06
57  47  6.27188e+06
57  48  1.18597e+07
57  49  0
57  50  4.48824e+06
57  51  9.5094e+06
57  52  8.60175e+06
57  53  7.43882e+06
57  54  0
57  55  8.88425e+06
57  56  3.8983e+06
57  57  1.20177e+07
57  58  3.1302e+07
57  59  1.04556e+08
57  60  1.56988e+08
58  0  0
58  1  5.04107e+06
58  2  6.51395e+06
58  3  0
58  4  3.28627e+06
58  5  0
58  6  4.77453e+06
58  7  4.6638e+06
58  8  1.01157e+07
58  9  2.71703e+07
58  10  4.41465e+07
58  11  4.99029e+07
58  12  5.63564e+07
58  13  5.73191e+07
58  14  6.44326e+07
58  15  5.34197e+07
58  16  3.9523e+07
58  17  3.41578e+07
58  18  5.49486e+07
58  19  6.81542e+07
58  20  6.12483e+07
58  21  4.7693e+07
58  22  4.51918e+07
58  23  4.70231e+07
58  24  3.12118e+07
58  25  3.13688e+07
58  26  4.02953e+07
58  27  4.4717e+07
58  28  4.06329e+07
58  29  4.64509e+07
58  30  6.67715e+07
58  31  8.24781e+07
58  32  6.01481e+07
58  33  5.36206e+07
58  34  3.85865e+07
58  35  4.76375e+07
58  36  5.78738e+07
58  37  2.19171e+07
58  38  3.2224e+07
58  39  4.58577e+07
58  40  1.26322e+08
58  41  1.3524e+08
58  42  7.73405e+07
58  43  2.40443e+07
58  44  1.81288e+07
58  45  7.22534e+06
58  46  1.00136e+07
58  47  5.80114e+06
58  48  9.11516e+06
58  49  1.42511e+07
58  50  7.12148e+06
58  51  9.24241e+06
58  52  3.31079e+06
58  53  6.3841e+06
58  54  2.96185e+06
58  55  6.93795e+06
58  56  6.89587e+06
58  57  1.71179e+06
58  58  1.47325e+07
58  59  9.24514e+07
58  60  1.49438e+08
59  0  7.35593e+06
59  1  3.02619e+06
59  2  0
59  3  0
59  4  0
59  5  1.84665e+06
59  6  0
59  7  2.89489e+06
59  8  1.04894e+07
59  9  1.80099e+07
59  10  4.36156e+07
59  11  4.27945e+07
59  12  4.70617e+07
59  13  5.90166e+07
59  14  4.94021e+07
59  15  3.65819e+07
59  16  3.51575e+07
59  17  4.27058e+07
59  18  5.98836e+07
59  19  5.74519e+07
59  20  4.57155e+07
59  21  4.29721e+07
59  22  3.48418e+07
59  23  6.19618e+07
59  24  3.27067e+07
59  25  2.54625e+07
59  26  3.30562e+07
59  27  3.81996e+07
59  28  4.21519e+07
59  29  5.98398e+07
59  30  6.7602e+07
59  31  6.28056e+07
59  32  6.21161e+07
59  33  6.16318e+07
59  34  4.40552e+07
59  35  6.24821e+07
59  36  5.41433e+07
59  37  3.58749e+07
59  38  3.58499e+07
59  39  4.80513e+07
59  40  1.66358e+08
59  41  1.90787e+08
59  42  1.14229e+08
59  43  4.84281e+07
59  44  3.06285e+07
59  45  5.44596e+06
59  46  7.32771e+06
59  47  1.9347e+06
59  48  1.47147e+07
59  49  1.25004e+07
59  50  3.7407e+06
59  51  1.93455e+07
59  52  1.42538e+07
59  53  1.61971e+07
59  54  8.32708e+06
59  55  0
59  56  6.4473e+06
59  57  2.37154e+06
59  58  1.66698e+07
59  59  8.39274e+07
59  60  1.50022e+08
60  0  4.93021e+06
60  1  0
60  2  0
60  3  0
60  4  0
60  5  2.49577e+06
60  6  2.17494e+06
60  7  4.1612e+06
60  8  7.69935e+06
60  9  1.89167e+07
60  10  3.04842e+07
60  11  5.38539e+07
60  12  5.4329e+07
60  13  5.02753e+07
60  14  4.90024e+07
60  15  3.9403e+07
60  16  5.19582e+07
60  17  5.89958e+07
60  18  5.25967e+07
60  19  6.59261e+07
60  20  5.2513e+07
60  21  4.9926e+07
60  22  5.07162e+07
60  23  6.70797e+07
60  24  4.05524e+07
60  25  2.32705e+07
60  26  4.10674e+07
60  27  4.27328e+07
60  28  4.0362e+07
60  29  6.94785e+07
60  30  6.93091e+07
60  31  6.75425e+07
60  32  4.81422e+07
60  33  5.38426e+07
60  34  3.90104e+07
60  35  6.4308e+07
60  36  6.25487e+07
60  37  4.75255e+07
60  38  6.45368e+07
60  39  5.9716e+07
60  40  1.27735e+08
60  41  1.82414e+08
60  42  1.1262e+08
60  43  5.78244e+07
60  44  4.08166e+07
60  45  2.23388e+07
60  46  8.00049e+06
60  47  1.13338e+07
60  48  1.85094e+07
60  49  1.12691e+07
60  50  1.44292e+07
60  51  2.69822e+07
60  52  2.34457e+07
60  53  2.90173e+07
60  54  4.50944e+06
60  55  3.16528e+06
60  56  2.81915e+06
60  57  7.6495e+06
60  58  9.09046e+06
60  59  7.83174e+07
60  60  1.17709e+08

