row  column  (image_36_a.edf S-K*image_36_a.edf Ar-K**2.3)
0  0  3.68836e+07
0  1  0
0  2  0
0  3  0
0  4  0
0  5  0
0  6  0
0  7  0
0  8  0
0  9  0
0  10  0
0  11  0
0  12  0
0  13  0
0  14  0
0  15  0
0  16  0
0  17  0
0  18  0
0  19  0
0  20  0
0  21  0
0  22  0
0  23  0
0  24  0
0  25  0
0  26  0
0  27  0
0  28  0
0  29  0
0  30  0
1  0  3.29261e+07
1  1  2.61372e+07
1  2  0
1  3  0
1  4  0
1  5  0
1  6  0
1  7  0
1  8  0
1  9  0
1  10  0
1  11  0
1  12  0
1  13  0
1  14  0
1  15  0
1  16  0
1  17  0
1  18  0
1  19  0
1  20  0
1  21  0
1  22  0
1  23  0
1  24  0
1  25  0
1  26  0
1  27  0
1  28  0
1  29  0
1  30  0
2  0  0
2  1  0
2  2  3.98503e+07
2  3  0
2  4  0
2  5  0
2  6  0
2  7  0
2  8  0
2  9  0
2  10  0
2  11  0
2  12  0
2  13  0
2  14  0
2  15  0
2  16  0
2  17  0
2  18  0
2  19  0
2  20  0
2  21  0
2  22  0
2  23  0
2  24  0
2  25  0
2  26  0
2  27  0
2  28  0
2  29  0
2  30  0
3  0  0
3  1  0
3  2  3.45074e+06
3  3  0
3  4  0
3  5  5.19215e+07
3  6  0
3  7  0
3  8  3.97562e+07
3  9  0
3  10  0
3  11  0
3  12  0
3  13  0
3  14  0
3  15  0
3  16  0
3  17  0
3  18  0
3  19  0
3  20  0
3  21  0
3  22  0
3  23  0
3  24  0
3  25  0
3  26  0
3  27  0
3  28  0
3  29  0
3  30  0
4  0  0
4  1  0
4  2  3.43011e+07
4  3  0
4  4  0
4  5  2.13124e+07
4  6  0
4  7  3.71813e+07
4  8  3.71164e+07
4  9  0
4  10  0
4  11  0
4  12  0
4  13  0
4  14  0
4  15  0
4  16  0
4  17  0
4  18  0
4  19  0
4  20  0
4  21  0
4  22  0
4  23  0
4  24  0
4  25  0
4  26  0
4  27  0
4  28  0
4  29  0
4  30  0
5  0  3.62622e+07
5  1  0
5  2  3.42433e+07
5  3  4.04484e+07
5  4  2.48915e+07
5  5  0
5  6  3.65889e+07
5  7  0
5  8  3.18894e+07
5  9  0
5  10  4.81206e+07
5  11  0
5  12  0
5  13  0
5  14  0
5  15  0
5  16  0
5  17  0
5  18  0
5  19  0
5  20  0
5  21  0
5  22  0
5  23  0
5  24  0
5  25  0
5  26  0
5  27  0
5  28  0
5  29  0
5  30  0
6  0  5.50549e+07
6  1  3.17447e+07
6  2  0
6  3  6.42989e+06
6  4  4.15948e+07
6  5  5.08926e+07
6  6  0
6  7  4.56965e+07
6  8  0
6  9  4.89887e+07
6  10  2.96012e+07
6  11  0
6  12  0
6  13  0
6  14  0
6  15  0
6  16  0
6  17  0
6  18  0
6  19  0
6  20  0
6  21  0
6  22  0
6  23  0
6  24  0
6  25  0
6  26  0
6  27  0
6  28  0
6  29  0
6  30  0
7  0  0
7  1  2.90746e+07
7  2  3.20052e+07
7  3  6.00852e+07
7  4  4.32332e+07
7  5  6.12351e+07
7  6  3.29307e+07
7  7  4.58856e+07
7  8  7.43996e+07
7  9  3.2445e+07
7  10  6.16971e+07
7  11  4.1015e+07
7  12  4.12948e+07
7  13  3.01908e+07
7  14  2.95186e+07
7  15  0
7  16  0
7  17  0
7  18  0
7  19  0
7  20  0
7  21  0
7  22  0
7  23  0
7  24  0
7  25  0
7  26  0
7  27  0
7  28  0
7  29  0
7  30  0
8  0  1.50496e+07
8  1  0
8  2  4.82302e+07
8  3  5.78578e+07
8  4  6.46849e+07
8  5  6.444e+07
8  6  3.65489e+07
8  7  3.71563e+07
8  8  6.61497e+07
8  9  4.71818e+07
8  10  5.93304e+07
8  11  5.06629e+07
8  12  0
8  13  2.87997e+07
8  14  4.33898e+07
8  15  0
8  16  0
8  17  0
8  18  0
8  19  0
8  20  0
8  21  0
8  22  0
8  23  0
8  24  0
8  25  0
8  26  0
8  27  0
8  28  0
8  29  0
8  30  0
9  0  3.73732e+07
9  1  1.78859e+07
9  2  3.61648e+07
9  3  8.13773e+07
9  4  4.82908e+07
9  5  3.38183e+07
9  6  6.09469e+07
9  7  3.78741e+07
9  8  2.5491e+07
9  9  9.68501e+07
9  10  6.96804e+07
9  11  6.02124e+07
9  12  5.44107e+07
9  13  1.13835e+07
9  14  6.07139e+07
9  15  3.28877e+07
9  16  3.50175e+07
9  17  2.7903e+07
9  18  0
9  19  0
9  20  0
9  21  0
9  22  0
9  23  0
9  24  0
9  25  0
9  26  0
9  27  0
9  28  0
9  29  0
9  30  0
10  0  5.99312e+07
10  1  4.015e+07
10  2  5.74831e+07
10  3  1.52464e+07
10  4  4.71397e+07
10  5  3.89443e+07
10  6  3.70683e+07
10  7  4.55467e+07
10  8  6.911e+07
10  9  5.98021e+07
10  10  8.31412e+07
10  11  7.01987e+07
10  12  6.61822e+07
10  13  7.3051e+07
10  14  5.159e+07
10  15  5.19263e+07
10  16  4.99141e+07
10  17  3.76646e+07
10  18  2.57574e+07
10  19  0
10  20  3.36433e+07
10  21  0
10  22  3.60175e+07
10  23  0
10  24  3.28841e+07
10  25  0
10  26  4.61277e+07
10  27  0
10  28  0
10  29  0
10  30  0
11  0  4.15555e+07
11  1  3.21558e+07
11  2  5.43751e+07
11  3  0
11  4  5.4294e+07
11  5  4.39713e+07
11  6  3.80996e+07
11  7  6.25257e+07
11  8  6.67198e+07
11  9  6.75192e+07
11  10  7.5783e+07
11  11  4.17796e+07
11  12  5.35654e+07
11  13  2.62159e+07
11  14  3.19137e+07
11  15  2.67474e+07
11  16  5.85831e+07
11  17  3.06534e+07
11  18  5.48702e+07
11  19  0
11  20  0
11  21  3.91234e+07
11  22  0
11  23  3.63765e+07
11  24  0
11  25  0
11  26  0
11  27  0
11  28  0
11  29  0
11  30  0
12  0  4.74889e+07
12  1  7.52855e+07
12  2  5.12601e+07
12  3  2.88877e+07
12  4  3.52346e+07
12  5  3.1568e+07
12  6  3.00791e+07
12  7  4.93062e+07
12  8  5.36977e+07
12  9  6.23503e+07
12  10  1.12971e+08
12  11  4.71189e+07
12  12  4.99699e+07
12  13  8.21929e+07
12  14  6.014e+07
12  15  6.38322e+07
12  16  1.70514e+07
12  17  6.02536e+07
12  18  4.9811e+07
12  19  0
12  20  5.37292e+07
12  21  3.95806e+07
12  22  5.61618e+07
12  23  0
12  24  0
12  25  0
12  26  0
12  27  0
12  28  3.25641e+07
12  29  0
12  30  0
13  0  0
13  1  4.61413e+07
13  2  4.88091e+07
13  3  2.68715e+07
13  4  4.0653e+07
13  5  2.98841e+07
13  6  4.40405e+07
13  7  7.83977e+07
13  8  6.49457e+07
13  9  3.83366e+07
13  10  9.09616e+07
13  11  9.13278e+07
13  12  6.03541e+07
13  13  7.23808e+07
13  14  5.16078e+07
13  15  5.0492e+07
13  16  8.02984e+06
13  17  3.89631e+07
13  18  4.77649e+07
13  19  5.01863e+07
13  20  4.0537e+07
13  21  4.18546e+07
13  22  0
13  23  0
13  24  0
13  25  0
13  26  0
13  27  0
13  28  0
13  29  2.86854e+07
13  30  2.98024e+07
14  0  4.41737e+07
14  1  3.02461e+07
14  2  7.69018e+07
14  3  2.37129e+07
14  4  4.17986e+07
14  5  2.84284e+07
14  6  4.52661e+07
14  7  6.79395e+07
14  8  8.12075e+07
14  9  5.22098e+07
14  10  1.03544e+08
14  11  8.06403e+07
14  12  8.50298e+07
14  13  8.4352e+07
14  14  2.67531e+07
14  15  6.68719e+07
14  16  4.99427e+07
14  17  6.75146e+07
14  18  0
14  19  5.99963e+07
14  20  5.43861e+07
14  21  3.32979e+07
14  22  4.13104e+07
14  23  0
14  24  0
14  25  0
14  26  0
14  27  0
14  28  0
14  29  0
14  30  0
15  0  3.30157e+07
15  1  6.40974e+07
15  2  2.84362e+07
15  3  4.87469e+07
15  4  3.96517e+07
15  5  3.31902e+07
15  6  5.95762e+07
15  7  3.92929e+07
15  8  4.54178e+07
15  9  8.726e+07
15  10  6.65212e+07
15  11  7.57566e+07
15  12  8.06668e+07
15  13  5.82819e+07
15  14  6.35217e+07
15  15  5.90475e+07
15  16  5.04685e+07
15  17  5.8161e+07
15  18  1.08778e+07
15  19  5.39242e+07
15  20  5.29564e+07
15  21  4.09055e+07
15  22  3.17506e+06
15  23  0
15  24  0
15  25  0
15  26  0
15  27  0
15  28  0
15  29  0
15  30  0
16  0  4.93557e+07
16  1  4.78339e+07
16  2  0
16  3  3.53031e+07
16  4  4.43884e+07
16  5  0
16  6  6.02925e+07
16  7  7.02173e+07
16  8  5.83669e+07
16  9  7.27508e+07
16  10  7.97042e+07
16  11  8.2283e+07
16  12  9.93434e+07
16  13  6.07845e+07
16  14  8.23683e+07
16  15  4.86795e+07
16  16  5.6151e+07
16  17  0
16  18  5.13804e+07
16  19  2.6843e+07
16  20  4.65011e+07
16  21  3.3507e+07
16  22  4.23134e+07
16  23  4.08355e+07
16  24  0
16  25  0
16  26  0
16  27  0
16  28  0
16  29  0
16  30  0
17  0  6.12412e+07
17  1  6.3531e+07
17  2  4.47932e+07
17  3  0
17  4  3.76765e+07
17  5  1.85955e+07
17  6  9.3186e+07
17  7  6.52286e+07
17  8  6.55294e+07
17  9  2.29191e+07
17  10  7.64653e+07
17  11  9.70244e+07
17  12  7.99086e+07
17  13  4.84463e+07
17  14  5.88191e+07
17  15  6.11015e+07
17  16  4.63769e+07
17  17  1.18853e+07
17  18  4.62504e+07
17  19  1.0178e+08
17  20  4.85228e+07
17  21  0
17  22  0
17  23  0
17  24  0
17  25  0
17  26  0
17  27  0
17  28  0
17  29  0
17  30  3.0027e+07
18  0  4.74351e+07
18  1  3.32968e+07
18  2  5.0904e+07
18  3  4.7658e+07
18  4  3.72855e+07
18  5  4.8565e+07
18  6  6.28116e+07
18  7  6.48038e+07
18  8  6.33667e+07
18  9  6.98147e+07
18  10  5.80428e+07
18  11  5.05612e+07
18  12  6.75594e+07
18  13  6.43299e+07
18  14  6.11209e+07
18  15  4.79076e+07
18  16  5.3894e+07
18  17  0
18  18  3.58633e+07
18  19  1.00752e+08
18  20  8.85998e+07
18  21  5.80115e+07
18  22  6.10163e+07
18  23  0
18  24  0
18  25  0
18  26  0
18  27  0
18  28  0
18  29  0
18  30  0
19  0  1.86019e+07
19  1  4.43112e+07
19  2  0
19  3  2.46734e+07
19  4  4.762e+07
19  5  4.4065e+07
19  6  5.04881e+07
19  7  6.03429e+07
19  8  4.38385e+07
19  9  8.06268e+07
19  10  6.31346e+07
19  11  9.51277e+07
19  12  7.76091e+07
19  13  5.48168e+07
19  14  5.93446e+07
19  15  5.24366e+07
19  16  0
19  17  6.21048e+07
19  18  6.36437e+07
19  19  9.01636e+07
19  20  5.42562e+07
19  21  0
19  22  4.63192e+07
19  23  0
19  24  0
19  25  0
19  26  0
19  27  0
19  28  2.16436e+07
19  29  0
19  30  0
20  0  3.89714e+07
20  1  2.95522e+07
20  2  0
20  3  0
20  4  1.94689e+07
20  5  3.88231e+07
20  6  7.63371e+07
20  7  7.07638e+07
20  8  7.2606e+07
20  9  4.75668e+07
20  10  5.56695e+07
20  11  7.42766e+07
20  12  6.72587e+07
20  13  5.58802e+07
20  14  9.70033e+07
20  15  6.56951e+07
20  16  7.08432e+07
20  17  4.34855e+07
20  18  8.38194e+07
20  19  9.24804e+07
20  20  7.47867e+07
20  21  0
20  22  0
20  23  4.22518e+07
20  24  0
20  25  0
20  26  0
20  27  0
20  28  0
20  29  0
20  30  0
21  0  5.23313e+07
21  1  1.48592e+07
21  2  3.78846e+07
21  3  4.05496e+07
21  4  3.53301e+07
21  5  4.30123e+07
21  6  4.97596e+07
21  7  5.91186e+07
21  8  3.50352e+07
21  9  5.08407e+07
21  10  4.73899e+07
21  11  6.31494e+07
21  12  6.50158e+07
21  13  4.85994e+07
21  14  5.81832e+07
21  15  6.4293e+07
21  16  3.54747e+07
21  17  5.56869e+07
21  18  9.7924e+07
21  19  8.5901e+07
21  20  6.71328e+07
21  21  4.90939e+07
21  22  2.92485e+07
21  23  0
21  24  0
21  25  0
21  26  0
21  27  0
21  28  0
21  29  0
21  30  0
22  0  5.51205e+07
22  1  0
22  2  5.27982e+07
22  3  0
22  4  3.07777e+07
22  5  5.29659e+07
22  6  2.35474e+07
22  7  7.83035e+07
22  8  4.46604e+07
22  9  4.06769e+07
22  10  5.22101e+07
22  11  7.87204e+07
22  12  8.53357e+07
22  13  6.58261e+07
22  14  7.09008e+07
22  15  7.24799e+07
22  16  4.89359e+07
22  17  4.48056e+07
22  18  8.29558e+07
22  19  7.14371e+07
22  20  5.40088e+07
22  21  5.68927e+07
22  22  2.92726e+07
22  23  0
22  24  0
22  25  0
22  26  0
22  27  0
22  28  0
22  29  3.60487e+07
22  30  0
23  0  4.9471e+07
23  1  0
23  2  5.49402e+07
23  3  4.52664e+07
23  4  3.0409e+07
23  5  2.75851e+07
23  6  6.14291e+07
23  7  7.42037e+07
23  8  8.40979e+07
23  9  3.31102e+07
23  10  6.638e+07
23  11  8.23832e+07
23  12  5.47227e+07
23  13  7.20028e+07
23  14  4.94534e+07
23  15  6.21583e+07
23  16  6.46287e+07
23  17  4.34791e+07
23  18  7.5394e+07
23  19  1.05533e+08
23  20  4.4354e+07
23  21  4.2545e+07
23  22  5.87625e+07
23  23  0
23  24  3.13944e+07
23  25  3.85794e+07
23  26  0
23  27  0
23  28  189464
23  29  0
23  30  0
24  0  2.58635e+07
24  1  3.62819e+07
24  2  4.29476e+07
24  3  8.03077e+07
24  4  6.53893e+07
24  5  8.92569e+07
24  6  7.38572e+07
24  7  3.9841e+07
24  8  7.51546e+07
24  9  7.73219e+07
24  10  6.04263e+07
24  11  7.21363e+07
24  12  5.98392e+07
24  13  8.4582e+07
24  14  8.15456e+07
24  15  7.96452e+07
24  16  6.51905e+07
24  17  1.44802e+07
24  18  7.80644e+07
24  19  6.36705e+07
24  20  6.93334e+07
24  21  5.80705e+07
24  22  3.49295e+07
24  23  0
24  24  0
24  25  0
24  26  0
24  27  0
24  28  0
24  29  0
24  30  0
25  0  5.60885e+07
25  1  6.27116e+07
25  2  4.4944e+07
25  3  3.78073e+07
25  4  6.41979e+07
25  5  3.93302e+07
25  6  5.89054e+07
25  7  6.23709e+07
25  8  5.20623e+07
25  9  4.07574e+07
25  10  6.68431e+07
25  11  7.36129e+07
25  12  5.77342e+07
25  13  8.52498e+07
25  14  5.40103e+07
25  15  7.04187e+07
25  16  7.69945e+07
25  17  7.22193e+07
25  18  6.83688e+07
25  19  7.20302e+07
25  20  5.1305e+07
25  21  3.79779e+07
25  22  3.94111e+07
25  23  4.30089e+07
25  24  1.18213e+07
25  25  2.99937e+07
25  26  0
25  27  0
25  28  0
25  29  0
25  30  0
26  0  0
26  1  2.69657e+07
26  2  4.06217e+07
26  3  3.03636e+07
26  4  5.3206e+07
26  5  9.81604e+07
26  6  6.62731e+07
26  7  7.07308e+07
26  8  7.23168e+07
26  9  6.27901e+07
26  10  7.92206e+07
26  11  5.56661e+07
26  12  4.54131e+07
26  13  5.22053e+07
26  14  6.05345e+07
26  15  3.52597e+07
26  16  3.62276e+07
26  17  4.44188e+07
26  18  5.92694e+07
26  19  5.83271e+07
26  20  6.86774e+07
26  21  6.7239e+07
26  22  4.82757e+07
26  23  6.72857e+07
26  24  0
26  25  3.51083e+07
26  26  0
26  27  3.61196e+07
26  28  4.64122e+07
26  29  0
26  30  3.44596e+07
27  0  4.51279e+07
27  1  4.85657e+07
27  2  6.22485e+07
27  3  3.43001e+07
27  4  5.18591e+07
27  5  6.93763e+07
27  6  2.5448e+07
27  7  6.92635e+07
27  8  4.6639e+07
27  9  6.32614e+07
27  10  6.55912e+07
27  11  3.61963e+07
27  12  5.72508e+07
27  13  6.07537e+07
27  14  6.51791e+07
27  15  9.1189e+07
27  16  7.9969e+07
27  17  7.22316e+07
27  18  5.95583e+07
27  19  2.30769e+07
27  20  6.1868e+07
27  21  3.77792e+07
27  22  7.26475e+07
27  23  6.99466e+07
27  24  1.89702e+07
27  25  4.57757e+07
27  26  3.79817e+07
27  27  0
27  28  2.92434e+07
27  29  3.05077e+07
27  30  0
28  0  7.86982e+06
28  1  5.51097e+07
28  2  6.21611e+07
28  3  5.94311e+07
28  4  6.29422e+07
28  5  7.54189e+07
28  6  6.10479e+07
28  7  8.35273e+07
28  8  5.60089e+07
28  9  8.24842e+07
28  10  1.74526e+07
28  11  6.63106e+07
28  12  1.04767e+08
28  13  4.79915e+07
28  14  5.07031e+07
28  15  9.42954e+07
28  16  7.65028e+07
28  17  7.38484e+07
28  18  6.92894e+07
28  19  5.45588e+07
28  20  5.90686e+07
28  21  5.86107e+07
28  22  1.00326e+08
28  23  6.28432e+07
28  24  4.76945e+07
28  25  4.4376e+07
28  26  3.93968e+07
28  27  0
28  28  4.26948e+07
28  29  3.95247e+07
28  30  2.96727e+07
29  0  3.67517e+07
29  1  4.82937e+07
29  2  4.29275e+07
29  3  5.15494e+07
29  4  4.97347e+07
29  5  7.30747e+07
29  6  3.74428e+07
29  7  5.78497e+07
29  8  6.10439e+07
29  9  5.09055e+07
29  10  4.90748e+07
29  11  7.70757e+07
29  12  5.97796e+07
29  13  7.01814e+07
29  14  7.38452e+07
29  15  5.41324e+07
29  16  8.24418e+07
29  17  5.16082e+07
29  18  6.88209e+07
29  19  6.12787e+07
29  20  3.28094e+07
29  21  9.28691e+07
29  22  4.97619e+07
29  23  6.53674e+07
29  24  6.87607e+07
29  25  4.92844e+07
29  26  1.08807e+07
29  27  3.96875e+07
29  28  0
29  29  1.80209e+07
29  30  4.00888e+07
30  0  5.10823e+07
30  1  6.25e+07
30  2  5.70095e+07
30  3  5.63738e+07
30  4  6.2e+07
30  5  8.24129e+07
30  6  7.68033e+07
30  7  5.20252e+07
30  8  6.84299e+07
30  9  7.33472e+07
30  10  7.14858e+07
30  11  8.62146e+07
30  12  8.17644e+07
30  13  6.16446e+07
30  14  5.30754e+07
30  15  8.46397e+07
30  16  3.35425e+07
30  17  6.6983e+07
30  18  6.00461e+07
30  19  5.53142e+07
30  20  6.83426e+07
30  21  6.82033e+07
30  22  4.90641e+07
30  23  8.15779e+07
30  24  4.61568e+07
30  25  3.96968e+07
30  26  2.86417e+07
30  27  5.26221e+07
30  28  4.13669e+07
30  29  4.03068e+07
30  30  4.25461e+07
31  0  3.47966e+07
31  1  3.36221e+07
31  2  5.72367e+07
31  3  5.46908e+07
31  4  6.12559e+07
31  5  3.77968e+07
31  6  3.93095e+07
31  7  4.67227e+07
31  8  8.06473e+07
31  9  3.99839e+07
31  10  5.74097e+07
31  11  9.76758e+07
31  12  7.73332e+07
31  13  6.83756e+07
31  14  6.61087e+07
31  15  5.47869e+07
31  16  8.50175e+07
31  17  3.0769e+07
31  18  6.76718e+07
31  19  4.14081e+07
31  20  9.33403e+07
31  21  0
31  22  6.5946e+07
31  23  4.61477e+07
31  24  5.79138e+07
31  25  4.08058e+07
31  26  4.31596e+07
31  27  4.82435e+07
31  28  0
31  29  3.47457e+07
31  30  4.7864e+07
32  0  3.43386e+07
32  1  6.54593e+07
32  2  4.83045e+07
32  3  6.21288e+07
32  4  6.28037e+07
32  5  6.46287e+07
32  6  7.2875e+07
32  7  6.80308e+07
32  8  7.75791e+07
32  9  7.31695e+07
32  10  7.12424e+07
32  11  6.10534e+07
32  12  3.73611e+07
32  13  5.03737e+07
32  14  3.34133e+06
32  15  9.1153e+07
32  16  6.98856e+07
32  17  4.63577e+07
32  18  6.57127e+07
32  19  4.29346e+07
32  20  6.75757e+07
32  21  5.95709e+07
32  22  6.67428e+07
32  23  9.14954e+07
32  24  9.9368e+07
32  25  4.54982e+07
32  26  2.55407e+07
32  27  5.41254e+07
32  28  2.1421e+07
32  29  4.44719e+07
32  30  2.00188e+07
33  0  6.36104e+07
33  1  3.63523e+07
33  2  4.82954e+07
33  3  4.44742e+07
33  4  7.57067e+07
33  5  2.89366e+07
33  6  5.57491e+07
33  7  5.36911e+07
33  8  6.74348e+07
33  9  6.47485e+07
33  10  5.84969e+07
33  11  4.86514e+07
33  12  7.54007e+07
33  13  8.33435e+07
33  14  7.27341e+07
33  15  5.73724e+07
33  16  9.09859e+07
33  17  4.49126e+07
33  18  3.37659e+07
33  19  6.20266e+07
33  20  2.6775e+07
33  21  7.08389e+07
33  22  3.72442e+07
33  23  6.89126e+07
33  24  2.77236e+07
33  25  7.03695e+07
33  26  5.01324e+07
33  27  3.74451e+07
33  28  7.38487e+07
33  29  5.84139e+07
33  30  5.45067e+07
34  0  4.34583e+07
34  1  4.34393e+07
34  2  0
34  3  4.4406e+07
34  4  5.13287e+07
34  5  4.53584e+07
34  6  6.28701e+07
34  7  0
34  8  8.8958e+07
34  9  5.10387e+07
34  10  3.93759e+07
34  11  5.82872e+07
34  12  5.145e+07
34  13  5.49856e+07
34  14  6.11492e+07
34  15  6.6108e+07
34  16  7.11368e+07
34  17  4.90081e+07
34  18  7.15963e+07
34  19  4.42063e+07
34  20  9.17465e+07
34  21  6.88096e+07
34  22  5.07049e+07
34  23  5.70458e+07
34  24  4.16105e+07
34  25  6.20769e+07
34  26  5.72608e+07
34  27  4.67796e+07
34  28  5.35208e+07
34  29  6.6436e+07
34  30  7.14612e+07
35  0  4.72515e+07
35  1  4.9776e+07
35  2  0
35  3  0
35  4  2.62102e+07
35  5  5.33948e+07
35  6  5.23044e+07
35  7  5.8602e+07
35  8  5.5553e+07
35  9  6.81363e+07
35  10  6.56588e+07
35  11  5.38834e+07
35  12  5.5384e+07
35  13  8.08235e+07
35  14  8.05794e+07
35  15  8.28394e+07
35  16  8.9587e+07
35  17  5.26884e+07
35  18  6.80933e+07
35  19  6.37783e+07
35  20  7.54033e+07
35  21  4.05355e+07
35  22  5.63009e+07
35  23  3.80738e+07
35  24  7.86486e+07
35  25  6.74643e+07
35  26  0
35  27  5.04457e+07
35  28  7.16564e+07
35  29  1.37724e+07
35  30  6.12014e+07
36  0  7.25968e+07
36  1  3.31271e+07
36  2  4.30182e+07
36  3  6.83298e+07
36  4  0
36  5  6.18288e+07
36  6  6.37925e+07
36  7  4.78543e+07
36  8  3.85769e+07
36  9  5.08529e+07
36  10  4.63558e+07
36  11  5.98304e+07
36  12  5.8936e+07
36  13  9.2736e+06
36  14  7.57151e+07
36  15  6.53613e+07
36  16  5.72426e+07
36  17  7.77823e+07
36  18  7.64127e+07
36  19  6.90098e+07
36  20  9.49725e+07
36  21  0
36  22  9.66763e+07
36  23  8.91223e+07
36  24  5.6003e+07
36  25  5.96693e+07
36  26  7.1194e+07
36  27  7.4772e+07
36  28  8.90028e+06
36  29  5.85237e+07
36  30  5.59777e+07
37  0  1.22215e+07
37  1  5.11414e+07
37  2  6.76027e+07
37  3  4.39932e+07
37  4  3.74101e+07
37  5  4.51477e+07
37  6  3.35829e+07
37  7  4.70714e+07
37  8  7.33127e+07
37  9  6.62437e+07
37  10  3.87398e+07
37  11  6.26488e+07
37  12  5.24802e+07
37  13  5.51725e+07
37  14  3.06856e+07
37  15  3.72934e+07
37  16  8.64863e+07
37  17  4.81952e+07
37  18  4.64122e+07
37  19  5.45183e+07
37  20  7.37853e+07
37  21  5.36837e+07
37  22  6.76842e+07
37  23  5.50732e+07
37  24  7.81055e+07
37  25  6.06472e+07
37  26  0
37  27  4.39569e+07
37  28  7.65906e+07
37  29  5.87011e+07
37  30  6.9985e+07
38  0  3.25138e+07
38  1  0
38  2  4.42397e+07
38  3  5.07583e+07
38  4  0
38  5  1.6524e+07
38  6  7.25198e+07
38  7  8.39587e+07
38  8  0
38  9  9.39357e+06
38  10  4.67394e+07
38  11  4.22856e+07
38  12  4.33531e+07
38  13  4.89254e+07
38  14  6.04415e+07
38  15  7.93127e+07
38  16  6.43291e+07
38  17  8.15717e+07
38  18  6.95175e+07
38  19  7.34881e+07
38  20  5.87615e+07
38  21  5.87191e+07
38  22  1.03965e+08
38  23  7.70331e+07
38  24  6.81399e+07
38  25  6.6875e+07
38  26  6.38307e+07
38  27  5.74628e+07
38  28  6.8071e+07
38  29  6.52531e+07
38  30  6.7155e+07
39  0  0
39  1  3.57007e+07
39  2  4.94182e+07
39  3  3.90259e+07
39  4  6.48383e+07
39  5  0
39  6  5.32327e+07
39  7  6.86019e+07
39  8  4.90377e+07
39  9  6.93387e+06
39  10  6.57252e+07
39  11  0
39  12  7.12478e+07
39  13  4.53212e+07
39  14  6.90034e+07
39  15  0
39  16  5.62371e+07
39  17  7.55215e+07
39  18  5.74618e+07
39  19  5.23821e+07
39  20  0
39  21  6.66519e+07
39  22  8.38122e+07
39  23  9.14936e+07
39  24  8.40753e+07
39  25  4.53638e+07
39  26  4.12814e+07
39  27  4.70188e+07
39  28  7.72157e+07
39  29  8.09955e+07
39  30  6.56569e+07
40  0  6.22868e+07
40  1  6.81814e+07
40  2  3.364e+07
40  3  0
40  4  4.93958e+07
40  5  5.60391e+07
40  6  5.62162e+07
40  7  5.59284e+07
40  8  3.50722e+07
40  9  4.89157e+07
40  10  4.63658e+07
40  11  3.43673e+07
40  12  0
40  13  6.34056e+07
40  14  5.51601e+07
40  15  3.27387e+07
40  16  6.51438e+07
40  17  2.96379e+07
40  18  5.91925e+07
40  19  3.82803e+07
40  20  0
40  21  5.10701e+07
40  22  4.20079e+07
40  23  8.6215e+07
40  24  5.77849e+07
40  25  4.20772e+07
40  26  6.99282e+07
40  27  5.822e+07
40  28  6.46423e+07
40  29  7.74559e+07
40  30  6.43305e+07
41  0  4.97065e+07
41  1  4.97537e+07
41  2  0
41  3  0
41  4  0
41  5  9.01175e+07
41  6  3.8278e+07
41  7  5.10813e+07
41  8  2.91831e+06
41  9  6.40444e+07
41  10  4.53775e+07
41  11  4.93727e+07
41  12  4.64416e+07
41  13  5.67927e+07
41  14  4.4129e+07
41  15  6.77576e+07
41  16  3.90107e+07
41  17  8.60405e+07
41  18  4.80378e+07
41  19  5.98953e+07
41  20  3.83843e+07
41  21  2.01982e+07
41  22  0
41  23  3.36532e+07
41  24  5.41051e+07
41  25  6.58876e+07
41  26  3.89234e+07
41  27  8.81117e+07
41  28  5.10616e+07
41  29  6.38701e+07
41  30  5.33202e+07
42  0  3.82706e+07
42  1  5.95827e+07
42  2  3.7832e+07
42  3  4.06162e+07
42  4  4.55133e+07
42  5  5.15269e+07
42  6  5.89862e+07
42  7  4.73841e+07
42  8  6.96401e+07
42  9  4.0596e+07
42  10  0
42  11  4.51723e+07
42  12  4.17157e+07
42  13  3.82136e+07
42  14  7.00712e+07
42  15  5.32883e+07
42  16  4.36791e+07
42  17  3.19892e+07
42  18  0
42  19  5.61969e+07
42  20  5.14713e+07
42  21  0
42  22  7.24571e+07
42  23  6.28729e+07
42  24  6.81084e+07
42  25  4.16611e+07
42  26  7.21898e+07
42  27  7.92464e+07
42  28  4.36803e+07
42  29  5.04715e+07
42  30  8.66974e+07
43  0  5.07123e+07
43  1  3.65314e+07
43  2  0
43  3  0
43  4  0
43  5  0
43  6  4.75828e+07
43  7  5.07479e+07
43  8  0
43  9  0
43  10  6.13259e+07
43  11  4.37188e+07
43  12  3.44976e+07
43  13  5.06257e+07
43  14  7.20983e+07
43  15  4.61577e+07
43  16  3.66863e+07
43  17  3.83291e+07
43  18  4.4643e+07
43  19  3.4902e+07
43  20  0
43  21  4.52708e+07
43  22  4.40178e+07
43  23  5.14316e+07
43  24  1.58974e+07
43  25  7.41703e+07
43  26  6.56145e+07
43  27  5.87085e+07
43  28  7.38284e+07
43  29  7.98312e+07
43  30  6.42813e+07
44  0  3.58046e+07
44  1  4.64984e+07
44  2  3.66238e+07
44  3  4.03855e+07
44  4  0
44  5  0
44  6  5.78493e+07
44  7  4.63274e+07
44  8  4.05105e+07
44  9  5.17189e+07
44  10  5.0819e+07
44  11  4.84731e+07
44  12  5.90514e+07
44  13  6.18628e+07
44  14  4.58121e+07
44  15  4.73065e+07
44  16  4.84871e+07
44  17  6.68902e+07
44  18  3.49235e+07
44  19  5.39593e+07
44  20  0
44  21  0
44  22  4.56094e+07
44  23  5.61558e+07
44  24  4.73051e+07
44  25  0
44  26  4.85552e+07
44  27  6.85377e+07
44  28  6.70446e+07
44  29  6.39222e+07
44  30  5.18923e+07
45  0  3.16139e+07
45  1  3.68843e+07
45  2  4.44124e+07
45  3  3.56933e+07
45  4  4.61048e+07
45  5  5.63319e+07
45  6  5.60209e+07
45  7  5.68747e+07
45  8  7.71495e+07
45  9  0
45  10  9.99605e+06
45  11  5.2073e+07
45  12  6.21593e+07
45  13  6.71401e+07
45  14  7.98156e+07
45  15  6.01806e+07
45  16  0
45  17  4.4646e+07
45  18  2.19347e+07
45  19  4.21445e+07
45  20  4.67149e+06
45  21  5.4822e+07
45  22  5.03201e+07
45  23  6.0862e+07
45  24  5.65259e+07
45  25  6.04938e+07
45  26  3.19771e+07
45  27  0
45  28  5.83931e+07
45  29  4.70064e+07
45  30  4.54291e+07
46  0  3.72212e+06
46  1  1.11802e+07
46  2  3.83596e+07
46  3  5.76255e+07
46  4  3.66279e+07
46  5  0
46  6  1.28143e+07
46  7  5.30863e+07
46  8  2.99708e+07
46  9  1.26178e+06
46  10  3.83201e+07
46  11  5.41309e+07
46  12  7.83257e+07
46  13  3.74517e+07
46  14  4.56291e+07
46  15  3.72996e+07
46  16  5.5386e+07
46  17  5.70614e+07
46  18  5.72992e+07
46  19  3.30261e+07
46  20  5.20631e+07
46  21  0
46  22  5.47981e+07
46  23  7.01997e+07
46  24  3.38929e+07
46  25  3.70871e+07
46  26  7.33302e+07
46  27  4.76272e+07
46  28  7.22058e+07
46  29  5.85225e+07
46  30  0
47  0  5.46289e+07
47  1  4.96016e+06
47  2  0
47  3  3.85638e+07
47  4  4.83579e+07
47  5  3.55885e+07
47  6  0
47  7  4.25596e+07
47  8  4.73402e+07
47  9  6.31263e+07
47  10  4.51934e+07
47  11  4.00906e+07
47  12  4.09428e+07
47  13  5.28526e+07
47  14  0
47  15  4.82538e+07
47  16  9.28723e+07
47  17  5.09956e+07
47  18  4.20123e+07
47  19  4.02448e+07
47  20  7.33851e+07
47  21  3.58602e+07
47  22  6.03122e+07
47  23  0
47  24  0
47  25  4.10796e+07
47  26  3.20242e+07
47  27  4.71144e+07
47  28  4.50877e+07
47  29  4.82074e+07
47  30  5.65174e+07
48  0  4.59279e+07
48  1  6.96322e+07
48  2  0
48  3  0
48  4  0
48  5  0
48  6  3.87268e+07
48  7  4.48778e+07
48  8  4.23214e+07
48  9  5.75772e+07
48  10  5.91127e+07
48  11  4.26084e+07
48  12  6.62704e+07
48  13  5.79068e+07
48  14  2.47209e+07
48  15  5.32527e+07
48  16  6.46838e+07
48  17  4.72699e+07
48  18  6.91843e+07
48  19  4.36234e+07
48  20  5.84446e+07
48  21  4.92509e+07
48  22  4.01135e+07
48  23  7.67885e+07
48  24  6.91129e+07
48  25  4.139e+07
48  26  7.37907e+07
48  27  5.44737e+07
48  28  6.26709e+07
48  29  9.51485e+07
48  30  7.29177e+07
49  0  4.24093e+07
49  1  6.43219e+07
49  2  5.37342e+07
49  3  0
49  4  0
49  5  0
49  6  0
49  7  0
49  8  5.61892e+07
49  9  4.26174e+07
49  10  5.98483e+07
49  11  6.41714e+07
49  12  7.26154e+07
49  13  1.59966e+07
49  14  5.12181e+07
49  15  6.0403e+07
49  16  4.59119e+07
49  17  5.11323e+07
49  18  2.12995e+07
49  19  5.26413e+07
49  20  2.78126e+07
49  21  5.50529e+07
49  22  0
49  23  6.82541e+07
49  24  5.20719e+07
49  25  6.52407e+07
49  26  7.26624e+07
49  27  4.73825e+07
49  28  5.47437e+07
49  29  5.49313e+07
49  30  5.32853e+07
50  0  5.7703e+07
50  1  5.93031e+07
50  2  0
50  3  3.88487e+07
50  4  0
50  5  5.72068e+07
50  6  4.46953e+07
50  7  3.50045e+07
50  8  3.06106e+07
50  9  5.77648e+07
50  10  4.99902e+07
50  11  5.89516e+07
50  12  4.76593e+07
50  13  5.57756e+07
50  14  1.06702e+08
50  15  7.12342e+07
50  16  5.45415e+07
50  17  6.8305e+07
50  18  4.21768e+07
50  19  7.15249e+07
50  20  7.30584e+07
50  21  4.34861e+07
50  22  5.08057e+07
50  23  5.91911e+07
50  24  4.45903e+07
50  25  4.79005e+07
50  26  1.68433e+07
50  27  4.16008e+07
50  28  7.3316e+07
50  29  6.13972e+07
50  30  5.89649e+07
51  0  8.32564e+07
51  1  5.18154e+07
51  2  5.18222e+07
51  3  6.20069e+07
51  4  0
51  5  0
51  6  0
51  7  3.57681e+07
51  8  6.89462e+07
51  9  5.38356e+07
51  10  6.31315e+07
51  11  4.87139e+07
51  12  7.30861e+07
51  13  4.47783e+07
51  14  5.07141e+07
51  15  6.8719e+07
51  16  3.88731e+07
51  17  6.41015e+07
51  18  4.3516e+07
51  19  5.41454e+07
51  20  5.45012e+07
51  21  0
51  22  4.38403e+07
51  23  3.42765e+07
51  24  6.6207e+07
51  25  4.83032e+07
51  26  0
51  27  6.57634e+07
51  28  6.80949e+07
51  29  7.57621e+07
51  30  6.08204e+07
52  0  6.44573e+07
52  1  6.47371e+07
52  2  3.725e+07
52  3  0
52  4  0
52  5  0
52  6  0
52  7  5.75593e+07
52  8  5.1607e+07
52  9  7.39254e+07
52  10  6.29014e+07
52  11  5.09001e+07
52  12  6.79626e+07
52  13  8.17189e+07
52  14  4.66887e+07
52  15  6.43586e+07
52  16  4.17151e+07
52  17  4.00089e+07
52  18  4.02068e+07
52  19  5.22028e+07
52  20  5.76864e+07
52  21  4.71086e+07
52  22  0
52  23  5.43634e+07
52  24  0
52  25  5.82172e+07
52  26  3.13132e+07
52  27  0
52  28  7.634e+07
52  29  4.62302e+07
52  30  4.83667e+07
53  0  6.60058e+07
53  1  5.16966e+07
53  2  4.29836e+07
53  3  0
53  4  0
53  5  0
53  6  0
53  7  0
53  8  3.4257e+06
53  9  6.69878e+07
53  10  4.87661e+07
53  11  5.65794e+07
53  12  1.42706e+07
53  13  0
53  14  4.22719e+07
53  15  8.00414e+07
53  16  5.121e+07
53  17  7.07986e+07
53  18  5.21242e+07
53  19  6.48478e+07
53  20  5.51698e+07
53  21  2.96791e+07
53  22  5.6336e+07
53  23  4.31569e+07
53  24  4.97585e+07
53  25  5.15725e+07
53  26  5.64898e+07
53  27  4.60458e+07
53  28  5.7251e+07
53  29  0
53  30  4.00813e+07
54  0  7.2947e+07
54  1  4.84009e+07
54  2  0
54  3  0
54  4  3.88621e+07
54  5  0
54  6  4.03536e+07
54  7  4.70376e+07
54  8  1.59702e+07
54  9  0
54  10  0
54  11  0
54  12  3.91514e+07
54  13  5.48176e+07
54  14  5.34027e+07
54  15  5.5874e+07
54  16  4.12359e+07
54  17  3.44487e+07
54  18  5.80618e+07
54  19  2.79939e+07
54  20  4.97361e+07
54  21  3.73503e+07
54  22  4.66191e+07
54  23  1.62147e+06
54  24  0
54  25  5.31452e+07
54  26  5.10271e+07
54  27  4.60624e+07
54  28  7.24021e+07
54  29  5.25511e+07
54  30  7.32727e+07
55  0  4.96262e+07
55  1  4.3112e+07
55  2  0
55  3  0
55  4  0
55  5  0
55  6  0
55  7  4.45971e+07
55  8  0
55  9  0
55  10  0
55  11  6.15982e+07
55  12  6.65618e+07
55  13  3.63644e+07
55  14  0
55  15  4.12608e+07
55  16  0
55  17  0
55  18  5.59307e+07
55  19  7.09838e+07
55  20  7.10999e+07
55  21  3.64642e+07
55  22  7.21309e+07
55  23  3.72367e+07
55  24  3.97175e+07
55  25  3.78281e+07
55  26  4.63026e+07
55  27  5.32018e+07
55  28  4.04126e+07
55  29  2.94526e+07
55  30  7.34362e+07
56  0  5.48551e+07
56  1  3.43292e+07
56  2  0
56  3  0
56  4  0
56  5  3.68545e+07
56  6  0
56  7  0
56  8  0
56  9  0
56  10  4.75518e+07
56  11  4.13596e+07
56  12  3.22388e+07
56  13  0
56  14  0
56  15  6.01972e+07
56  16  0
56  17  5.96266e+06
56  18  6.03439e+07
56  19  0
56  20  4.29816e+07
56  21  7.00102e+07
56  22  5.71767e+07
56  23  5.84599e+07
56  24  4.76217e+07
56  25  0
56  26  7.04007e+06
56  27  5.71557e+07
56  28  6.67711e+07
56  29  3.86767e+07
56  30  6.75976e+07
57  0  6.0264e+07
57  1  4.01739e+07
57  2  0
57  3  4.18437e+07
57  4  3.2141e+07
57  5  0
57  6  0
57  7  0
57  8  3.9534e+07
57  9  0
57  10  0
57  11  3.15741e+07
57  12  0
57  13  0
57  14  0
57  15  2.04241e+07
57  16  0
57  17  0
57  18  4.30191e+07
57  19  6.44511e+07
57  20  4.10158e+07
57  21  3.5241e+07
57  22  0
57  23  4.69917e+07
57  24  3.14689e+07
57  25  0
57  26  4.47149e+07
57  27  7.90585e+07
57  28  5.14989e+07
57  29  7.96019e+07
57  30  8.49145e+07
58  0  2.87775e+07
58  1  5.05508e+07
58  2  0
58  3  0
58  4  0
58  5  0
58  6  0
58  7  0
58  8  0
58  9  0
58  10  0
58  11  0
58  12  0
58  13  0
58  14  4.83337e+07
58  15  3.96327e+07
58  16  0
58  17  0
58  18  0
58  19  0
58  20  4.22116e+07
58  21  3.18863e+07
58  22  0
58  23  6.31174e+07
58  24  5.67886e+07
58  25  6.2318e+07
58  26  5.4303e+07
58  27  5.37497e+07
58  28  7.21203e+07
58  29  0
58  30  0
59  0  0
59  1  0
59  2  0
59  3  3.03513e+07
59  4  0
59  5  0
59  6  4.30743e+07
59  7  5.02497e+07
59  8  0
59  9  0
59  10  0
59  11  0
59  12  0
59  13  3.82733e+07
59  14  0
59  15  0
59  16  0
59  17  0
59  18  3.76882e+07
59  19  4.86412e+07
59  20  4.20058e+07
59  21  3.64916e+07
59  22  0
59  23  6.34068e+07
59  24  4.54433e+07
59  25  3.89381e+07
59  26  3.93198e+07
59  27  6.36928e+07
59  28  4.38474e+07
59  29  6.29503e+07
59  30  4.97822e+07
60  0  0
60  1  0
60  2  0
60  3  0
60  4  0
60  5  0
60  6  0
60  7  0
60  8  0
60  9  0
60  10  0
60  11  0
60  12  0
60  13  0
60  14  0
60  15  0
60  16  0
60  17  0
60  18  0
60  19  3.55461e+07
60  20  0
60  21  3.69115e+07
60  22  4.31968e+07
60  23  5.06805e+07
60  24  3.92527e+07
60  25  3.5896e+07
60  26  0
60  27  8.02847e+07
60  28  5.31476e+07
60  29  7.60683e+07
60  30  9.24426e+07
61  0  0
61  1  0
61  2  0
61  3  0
61  4  0
61  5  0
61  6  0
61  7  0
61  8  0
61  9  0
61  10  0
61  11  0
61  12  0
61  13  0
61  14  0
61  15  0
61  16  0
61  17  0
61  18  0
61  19  0
61  20  0
61  21  0
61  22  0
61  23  3.77124e+07
61  24  5.22659e+07
61  25  4.1644e+07
61  26  5.0538e+07
61  27  4.44439e+07
61  28  8.07228e+07
61  29  4.8842e+07
61  30  7.40865e+07
62  0  0
62  1  0
62  2  0
62  3  0
62  4  0
62  5  0
62  6  0
62  7  0
62  8  0
62  9  0
62  10  0
62  11  0
62  12  0
62  13  0
62  14  0
62  15  0
62  16  0
62  17  0
62  18  0
62  19  0
62  20  0
62  21  0
62  22  3.9963e+07
62  23  4.42712e+07
62  24  3.08099e+07
62  25  2.49448e+06
62  26  4.0154e+07
62  27  6.4325e+07
62  28  7.8171e+07
62  29  6.43956e+07
62  30  8.2143e+07
63  0  0
63  1  0
63  2  0
63  3  0
63  4  0
63  5  0
63  6  0
63  7  0
63  8  0
63  9  0
63  10  0
63  11  0
63  12  0
63  13  0
63  14  0
63  15  0
63  16  0
63  17  0
63  18  0
63  19  0
63  20  0
63  21  9.77967e+06
63  22  0
63  23  0
63  24  6.47941e+07
63  25  0
63  26  0
63  27  3.58228e+07
63  28  1.48646e+07
63  29  8.10599e+07
63  30  7.8704e+07
64  0  0
64  1  0
64  2  0
64  3  0
64  4  0
64  5  0
64  6  0
64  7  0
64  8  0
64  9  0
64  10  0
64  11  0
64  12  0
64  13  0
64  14  0
64  15  0
64  16  0
64  17  0
64  18  0
64  19  0
64  20  0
64  21  0
64  22  2.87333e+07
64  23  0
64  24  3.74839e+07
64  25  6.58593e+07
64  26  4.3176e+07
64  27  3.59552e+07
64  28  5.04283e+07
64  29  7.51787e+07
64  30  9.98464e+07
65  0  0
65  1  0
65  2  0
65  3  0
65  4  0
65  5  0
65  6  0
65  7  0
65  8  0
65  9  0
65  10  0
65  11  0
65  12  0
65  13  0
65  14  0
65  15  0
65  16  0
65  17  0
65  18  0
65  19  0
65  20  0
65  21  0
65  22  0
65  23  0
65  24  0
65  25  0
65  26  4.16925e+07
65  27  7.72095e+07
65  28  5.54351e+07
65  29  7.39545e+07
65  30  6.85715e+06
66  0  0
66  1  0
66  2  0
66  3  0
66  4  0
66  5  0
66  6  0
66  7  0
66  8  0
66  9  0
66  10  0
66  11  0
66  12  0
66  13  0
66  14  0
66  15  0
66  16  0
66  17  0
66  18  0
66  19  0
66  20  0
66  21  0
66  22  0
66  23  0
66  24  0
66  25  2.98643e+07
66  26  0
66  27  0
66  28  4.69617e+07
66  29  8.2182e+07
66  30  6.53146e+07
67  0  0
67  1  0
67  2  0
67  3  0
67  4  0
67  5  0
67  6  0
67  7  0
67  8  0
67  9  0
67  10  0
67  11  0
67  12  0
67  13  0
67  14  0
67  15  0
67  16  0
67  17  0
67  18  0
67  19  0
67  20  0
67  21  0
67  22  0
67  23  0
67  24  0
67  25  0
67  26  0
67  27  3.93691e+07
67  28  5.53366e+07
67  29  0
67  30  6.27126e+07
68  0  0
68  1  0
68  2  0
68  3  0
68  4  0
68  5  0
68  6  0
68  7  0
68  8  0
68  9  0
68  10  0
68  11  0
68  12  0
68  13  0
68  14  0
68  15  0
68  16  0
68  17  0
68  18  0
68  19  0
68  20  0
68  21  0
68  22  0
68  23  0
68  24  0
68  25  0
68  26  0
68  27  0
68  28  0
68  29  3.16393e+07
68  30  6.38772e+07
69  0  0
69  1  0
69  2  0
69  3  0
69  4  0
69  5  0
69  6  0
69  7  0
69  8  0
69  9  0
69  10  0
69  11  0
69  12  0
69  13  0
69  14  0
69  15  0
69  16  0
69  17  0
69  18  0
69  19  0
69  20  0
69  21  0
69  22  0
69  23  0
69  24  0
69  25  0
69  26  0
69  27  0
69  28  0
69  29  5.08094e+07
69  30  4.08901e+07
70  0  0
70  1  0
70  2  0
70  3  0
70  4  0
70  5  0
70  6  0
70  7  0
70  8  0
70  9  0
70  10  0
70  11  0
70  12  0
70  13  0
70  14  0
70  15  0
70  16  0
70  17  0
70  18  0
70  19  0
70  20  0
70  21  0
70  22  0
70  23  0
70  24  0
70  25  0
70  26  0
70  27  0
70  28  0
70  29  0
70  30  0
71  0  0
71  1  0
71  2  0
71  3  0
71  4  0
71  5  0
71  6  0
71  7  0
71  8  0
71  9  0
71  10  0
71  11  0
71  12  0
71  13  0
71  14  0
71  15  0
71  16  0
71  17  0
71  18  0
71  19  0
71  20  0
71  21  0
71  22  0
71  23  0
71  24  0
71  25  0
71  26  0
71  27  0
71  28  0
71  29  6.37411e+07
71  30  5.47662e+07
72  0  0
72  1  0
72  2  0
72  3  0
72  4  0
72  5  0
72  6  0
72  7  0
72  8  0
72  9  0
72  10  0
72  11  0
72  12  0
72  13  0
72  14  0
72  15  0
72  16  0
72  17  0
72  18  0
72  19  0
72  20  0
72  21  0
72  22  0
72  23  0
72  24  0
72  25  0
72  26  0
72  27  0
72  28  0
72  29  4.32673e+07
72  30  0
73  0  0
73  1  0
73  2  0
73  3  0
73  4  0
73  5  0
73  6  0
73  7  0
73  8  0
73  9  0
73  10  0
73  11  0
73  12  0
73  13  0
73  14  0
73  15  0
73  16  0
73  17  0
73  18  0
73  19  0
73  20  0
73  21  0
73  22  0
73  23  0
73  24  0
73  25  0
73  26  0
73  27  0
73  28  0
73  29  0
73  30  9.36539e+06
74  0  0
74  1  0
74  2  0
74  3  0
74  4  0
74  5  0
74  6  0
74  7  0
74  8  0
74  9  0
74  10  0
74  11  0
74  12  0
74  13  0
74  14  0
74  15  0
74  16  0
74  17  0
74  18  0
74  19  0
74  20  0
74  21  0
74  22  0
74  23  0
74  24  0
74  25  0
74  26  0
74  27  0
74  28  0
74  29  0
74  30  0
75  0  0
75  1  0
75  2  0
75  3  0
75  4  0
75  5  0
75  6  0
75  7  0
75  8  0
75  9  0
75  10  0
75  11  0
75  12  0
75  13  0
75  14  0
75  15  0
75  16  0
75  17  0
75  18  0
75  19  0
75  20  0
75  21  0
75  22  0
75  23  0
75  24  0
75  25  0
75  26  0
75  27  0
75  28  0
75  29  0
75  30  0
76  0  0
76  1  0
76  2  0
76  3  0
76  4  0
76  5  0
76  6  0
76  7  0
76  8  0
76  9  0
76  10  0
76  11  0
76  12  0
76  13  0
76  14  0
76  15  0
76  16  0
76  17  0
76  18  0
76  19  0
76  20  0
76  21  0
76  22  0
76  23  0
76  24  0
76  25  0
76  26  0
76  27  0
76  28  0
76  29  0
76  30  0
77  0  0
77  1  0
77  2  0
77  3  0
77  4  0
77  5  0
77  6  0
77  7  0
77  8  0
77  9  0
77  10  0
77  11  0
77  12  0
77  13  0
77  14  0
77  15  0
77  16  0
77  17  0
77  18  0
77  19  0
77  20  0
77  21  0
77  22  0
77  23  0
77  24  0
77  25  0
77  26  0
77  27  0
77  28  0
77  29  0
77  30  0
78  0  0
78  1  0
78  2  0
78  3  0
78  4  0
78  5  0
78  6  0
78  7  0
78  8  0
78  9  0
78  10  0
78  11  0
78  12  0
78  13  0
78  14  0
78  15  0
78  16  0
78  17  0
78  18  0
78  19  0
78  20  0
78  21  0
78  22  0
78  23  0
78  24  0
78  25  0
78  26  0
78  27  0
78  28  0
78  29  0
78  30  0
79  0  0
79  1  0
79  2  0
79  3  0
79  4  0
79  5  0
79  6  0
79  7  0
79  8  0
79  9  0
79  10  0
79  11  0
79  12  0
79  13  0
79  14  0
79  15  0
79  16  0
79  17  0
79  18  0
79  19  0
79  20  0
79  21  0
79  22  0
79  23  0
79  24  0
79  25  0
79  26  0
79  27  0
79  28  0
79  29  0
79  30  0
80  0  0
80  1  0
80  2  0
80  3  0
80  4  0
80  5  0
80  6  0
80  7  0
80  8  0
80  9  0
80  10  0
80  11  0
80  12  0
80  13  0
80  14  0
80  15  0
80  16  0
80  17  0
80  18  0
80  19  0
80  20  0
80  21  0
80  22  0
80  23  0
80  24  0
80  25  0
80  26  0
80  27  0
80  28  0
80  29  0
80  30  0
81  0  0
81  1  0
81  2  0
81  3  0
81  4  0
81  5  0
81  6  0
81  7  0
81  8  0
81  9  0
81  10  0
81  11  0
81  12  0
81  13  0
81  14  0
81  15  0
81  16  0
81  17  0
81  18  0
81  19  0
81  20  0
81  21  0
81  22  0
81  23  0
81  24  0
81  25  0
81  26  0
81  27  0
81  28  0
81  29  0
81  30  0
82  0  0
82  1  0
82  2  0
82  3  0
82  4  0
82  5  0
82  6  0
82  7  0
82  8  0
82  9  0
82  10  0
82  11  0
82  12  0
82  13  0
82  14  0
82  15  0
82  16  0
82  17  0
82  18  0
82  19  0
82  20  0
82  21  0
82  22  0
82  23  0
82  24  0
82  25  0
82  26  0
82  27  0
82  28  0
82  29  0
82  30  0
83  0  0
83  1  0
83  2  0
83  3  0
83  4  0
83  5  0
83  6  0
83  7  0
83  8  0
83  9  0
83  10  0
83  11  0
83  12  0
83  13  0
83  14  0
83  15  0
83  16  0
83  17  0
83  18  0
83  19  0
83  20  0
83  21  0
83  22  0
83  23  0
83  24  0
83  25  0
83  26  0
83  27  0
83  28  0
83  29  0
83  30  0
84  0  0
84  1  0
84  2  0
84  3  0
84  4  0
84  5  0
84  6  0
84  7  0
84  8  0
84  9  0
84  10  0
84  11  0
84  12  0
84  13  0
84  14  0
84  15  0
84  16  0
84  17  0
84  18  0
84  19  0
84  20  0
84  21  0
84  22  0
84  23  0
84  24  0
84  25  0
84  26  0
84  27  0
84  28  0
84  29  0
84  30  0
85  0  0
85  1  0
85  2  0
85  3  0
85  4  0
85  5  0
85  6  0
85  7  0
85  8  0
85  9  0
85  10  0
85  11  0
85  12  0
85  13  0
85  14  0
85  15  0
85  16  0
85  17  0
85  18  0
85  19  0
85  20  0
85  21  0
85  22  0
85  23  0
85  24  0
85  25  0
85  26  0
85  27  0
85  28  0
85  29  0
85  30  0
86  0  0
86  1  0
86  2  0
86  3  0
86  4  0
86  5  0
86  6  0
86  7  0
86  8  0
86  9  0
86  10  0
86  11  0
86  12  0
86  13  0
86  14  0
86  15  0
86  16  0
86  17  0
86  18  0
86  19  0
86  20  0
86  21  0
86  22  0
86  23  0
86  24  0
86  25  0
86  26  0
86  27  0
86  28  0
86  29  0
86  30  0

