row  column  (image_36_a.edf Zn-K*image_36_a.edf Ar-K**2.3)
0  0  3.17377e+07
0  1  6.4806e+07
0  2  6.97581e+07
0  3  4.08682e+07
0  4  8.42878e+07
0  5  8.27814e+07
0  6  2.84348e+07
0  7  4.66124e+07
0  8  6.92441e+06
0  9  3.0473e+07
0  10  3.08805e+07
0  11  0
0  12  0
0  13  0
0  14  0
0  15  1.34279e+07
0  16  0
0  17  1.45502e+07
0  18  0
0  19  3.34709e+07
0  20  9.45833e+06
0  21  0
0  22  5.05068e+07
0  23  7.02959e+07
0  24  9.5549e+07
0  25  0
0  26  0
0  27  0
0  28  0
0  29  3.70919e+07
0  30  6.40606e+07
1  0  8.43702e+07
1  1  1.06444e+08
1  2  1.18722e+08
1  3  7.61416e+07
1  4  8.94079e+07
1  5  1.40363e+08
1  6  7.74079e+07
1  7  2.56505e+07
1  8  3.26095e+07
1  9  3.90467e+07
1  10  2.26797e+07
1  11  0
1  12  0
1  13  1.69621e+07
1  14  0
1  15  1.20449e+07
1  16  0
1  17  0
1  18  2.4455e+06
1  19  0
1  20  0
1  21  8.77743e+06
1  22  0
1  23  0
1  24  1.72403e+07
1  25  0
1  26  0
1  27  0
1  28  0
1  29  2.48509e+07
1  30  0
2  0  7.94498e+07
2  1  1.20575e+08
2  2  1.3762e+08
2  3  9.97319e+07
2  4  9.75463e+07
2  5  8.79236e+07
2  6  1.16778e+08
2  7  1.01558e+08
2  8  8.726e+07
2  9  4.95841e+07
2  10  4.82028e+07
2  11  1.46382e+07
2  12  0
2  13  5.0253e+07
2  14  0
2  15  4.78286e+07
2  16  1.20936e+07
2  17  5.67599e+07
2  18  1.95055e+07
2  19  0
2  20  5.45901e+07
2  21  6.17557e+06
2  22  0
2  23  0
2  24  0
2  25  5.8765e+07
2  26  3.89381e+07
2  27  3.50299e+07
2  28  0
2  29  0
2  30  2.48417e+07
3  0  9.46355e+07
3  1  9.20493e+07
3  2  9.86352e+07
3  3  1.13035e+08
3  4  1.0116e+08
3  5  1.14582e+08
3  6  1.13952e+08
3  7  9.96316e+07
3  8  1.06722e+08
3  9  6.79363e+07
3  10  1.13174e+08
3  11  3.46719e+07
3  12  6.37702e+07
3  13  1.19424e+07
3  14  2.18368e+07
3  15  0
3  16  0
3  17  0
3  18  0
3  19  3.02302e+07
3  20  0
3  21  1.92525e+07
3  22  3.5606e+07
3  23  0
3  24  1.6587e+07
3  25  1.12032e+06
3  26  0
3  27  0
3  28  4.33912e+06
3  29  7.37178e+06
3  30  3.08533e+07
4  0  1.14724e+08
4  1  1.00899e+08
4  2  1.63895e+08
4  3  1.35371e+08
4  4  1.63831e+08
4  5  1.2959e+08
4  6  1.12224e+08
4  7  1.66182e+08
4  8  9.97858e+07
4  9  1.37994e+08
4  10  1.22921e+08
4  11  1.19819e+08
4  12  7.38801e+07
4  13  4.73799e+07
4  14  0
4  15  0
4  16  0
4  17  3.06818e+07
4  18  3.19508e+06
4  19  6.64319e+06
4  20  2.73119e+07
4  21  5.04902e+07
4  22  9.11293e+06
4  23  4.72558e+07
4  24  1.72186e+07
4  25  1.98509e+07
4  26  0
4  27  0
4  28  1.88046e+07
4  29  2.63573e+07
4  30  0
5  0  1.83772e+08
5  1  1.1373e+08
5  2  1.39421e+08
5  3  1.2878e+08
5  4  1.57481e+08
5  5  1.26656e+08
5  6  1.36844e+08
5  7  1.29228e+08
5  8  1.58388e+08
5  9  1.38146e+08
5  10  2.01962e+08
5  11  1.23496e+08
5  12  6.31996e+07
5  13  9.37989e+07
5  14  4.5607e+07
5  15  8.65667e+07
5  16  4.69191e+07
5  17  2.80611e+07
5  18  3.05937e+07
5  19  2.01439e+07
5  20  2.50673e+07
5  21  1.83802e+07
5  22  5.21035e+07
5  23  3.29808e+07
5  24  3.77949e+07
5  25  0
5  26  0
5  27  4.05391e+07
5  28  4.13798e+07
5  29  0
5  30  1.88109e+07
6  0  1.7946e+08
6  1  1.79572e+08
6  2  1.25389e+08
6  3  1.52738e+08
6  4  1.71164e+08
6  5  1.66925e+08
6  6  1.34985e+08
6  7  2.03869e+08
6  8  1.82384e+08
6  9  1.40347e+08
6  10  1.79367e+08
6  11  1.83908e+08
6  12  1.52542e+08
6  13  1.30452e+08
6  14  6.10048e+07
6  15  1.13394e+08
6  16  7.60966e+07
6  17  7.85944e+07
6  18  4.28634e+07
6  19  7.99892e+07
6  20  4.9725e+07
6  21  6.0055e+07
6  22  7.04493e+07
6  23  1.20256e+08
6  24  7.443e+07
6  25  8.05751e+07
6  26  4.33302e+07
6  27  5.54228e+07
6  28  6.57957e+07
6  29  3.54821e+06
6  30  3.30489e+07
7  0  2.43594e+08
7  1  1.62382e+08
7  2  2.05979e+08
7  3  1.46627e+08
7  4  1.25994e+08
7  5  2.02349e+08
7  6  1.14579e+08
7  7  1.97066e+08
7  8  2.00776e+08
7  9  1.99543e+08
7  10  1.86656e+08
7  11  1.59471e+08
7  12  1.83627e+08
7  13  1.72214e+08
7  14  2.02706e+08
7  15  1.39838e+08
7  16  9.75761e+07
7  17  1.01651e+08
7  18  1.08539e+08
7  19  1.36485e+08
7  20  1.03429e+08
7  21  1.49387e+08
7  22  9.55048e+07
7  23  8.13795e+07
7  24  6.19791e+07
7  25  7.03763e+07
7  26  8.36929e+07
7  27  6.26888e+07
7  28  2.94705e+07
7  29  9.20838e+07
7  30  9.96056e+07
8  0  2.12956e+08
8  1  2.2329e+08
8  2  2.17665e+08
8  3  2.51131e+08
8  4  1.81625e+08
8  5  1.99307e+08
8  6  1.87985e+08
8  7  2.13708e+08
8  8  2.75339e+08
8  9  1.92506e+08
8  10  2.23808e+08
8  11  2.28759e+08
8  12  2.1362e+08
8  13  2.28526e+08
8  14  1.85801e+08
8  15  1.36459e+08
8  16  1.77666e+08
8  17  1.77334e+08
8  18  1.7036e+08
8  19  1.70494e+08
8  20  1.73415e+08
8  21  1.74702e+08
8  22  1.69067e+08
8  23  1.48697e+08
8  24  1.34911e+08
8  25  1.02372e+08
8  26  1.42036e+08
8  27  1.33779e+08
8  28  1.37691e+08
8  29  1.63208e+08
8  30  1.37253e+08
9  0  2.21357e+08
9  1  2.16702e+08
9  2  2.6098e+08
9  3  2.39519e+08
9  4  1.731e+08
9  5  1.76152e+08
9  6  1.54987e+08
9  7  2.2571e+08
9  8  2.39144e+08
9  9  3.03916e+08
9  10  2.37903e+08
9  11  2.30235e+08
9  12  1.84276e+08
9  13  1.84573e+08
9  14  1.88985e+08
9  15  1.63448e+08
9  16  2.71341e+08
9  17  1.77961e+08
9  18  1.93188e+08
9  19  1.87259e+08
9  20  1.77208e+08
9  21  1.51566e+08
9  22  2.27438e+08
9  23  1.84367e+08
9  24  1.94497e+08
9  25  1.87011e+08
9  26  1.53997e+08
9  27  1.19076e+08
9  28  1.56363e+08
9  29  1.48595e+08
9  30  1.56311e+08
10  0  1.93792e+08
10  1  2.09566e+08
10  2  2.42695e+08
10  3  2.43859e+08
10  4  2.32817e+08
10  5  1.75688e+08
10  6  1.59723e+08
10  7  2.31107e+08
10  8  2.65277e+08
10  9  2.58447e+08
10  10  2.64535e+08
10  11  2.00822e+08
10  12  1.78947e+08
10  13  1.95172e+08
10  14  2.48287e+08
10  15  2.44216e+08
10  16  2.48996e+08
10  17  2.20217e+08
10  18  2.0942e+08
10  19  2.05166e+08
10  20  2.00815e+08
10  21  2.39391e+08
10  22  2.32647e+08
10  23  2.06605e+08
10  24  1.89698e+08
10  25  1.85088e+08
10  26  2.78409e+08
10  27  1.45699e+08
10  28  1.54075e+08
10  29  9.34362e+07
10  30  1.63847e+08
11  0  1.70737e+08
11  1  2.03892e+08
11  2  2.79933e+08
11  3  2.00077e+08
11  4  1.66311e+08
11  5  1.93871e+08
11  6  2.21678e+08
11  7  2.34985e+08
11  8  2.52839e+08
11  9  3.04092e+08
11  10  2.6114e+08
11  11  2.10062e+08
11  12  2.82568e+08
11  13  2.34846e+08
11  14  2.36777e+08
11  15  2.5314e+08
11  16  1.95784e+08
11  17  2.05201e+08
11  18  2.30027e+08
11  19  1.65786e+08
11  20  2.68014e+08
11  21  2.17951e+08
11  22  3.29391e+08
11  23  2.5322e+08
11  24  1.86709e+08
11  25  2.12425e+08
11  26  1.37759e+08
11  27  1.74084e+08
11  28  1.57991e+08
11  29  1.22742e+08
11  30  1.42748e+08
12  0  2.21718e+08
12  1  2.48455e+08
12  2  2.18105e+08
12  3  2.05181e+08
12  4  2.09256e+08
12  5  1.69614e+08
12  6  1.70964e+08
12  7  2.67306e+08
12  8  2.65793e+08
12  9  2.61394e+08
12  10  2.84083e+08
12  11  2.26856e+08
12  12  2.77377e+08
12  13  2.88317e+08
12  14  2.31128e+08
12  15  2.95514e+08
12  16  1.78825e+08
12  17  2.28453e+08
12  18  2.30558e+08
12  19  1.92906e+08
12  20  2.44603e+08
12  21  2.74941e+08
12  22  2.86683e+08
12  23  2.29601e+08
12  24  2.61931e+08
12  25  2.43666e+08
12  26  2.1971e+08
12  27  1.94236e+08
12  28  1.36235e+08
12  29  1.38609e+08
12  30  1.99729e+08
13  0  1.96926e+08
13  1  2.15225e+08
13  2  2.19864e+08
13  3  1.96953e+08
13  4  1.7028e+08
13  5  1.6966e+08
13  6  1.45228e+08
13  7  2.57599e+08
13  8  2.50617e+08
13  9  2.75493e+08
13  10  2.15185e+08
13  11  2.52807e+08
13  12  2.97759e+08
13  13  3.51349e+08
13  14  2.30618e+08
13  15  2.42234e+08
13  16  2.10748e+08
13  17  1.91951e+08
13  18  1.90472e+08
13  19  1.7767e+08
13  20  2.82583e+08
13  21  3.81895e+08
13  22  2.71409e+08
13  23  2.37163e+08
13  24  2.61171e+08
13  25  2.72102e+08
13  26  2.27785e+08
13  27  2.12001e+08
13  28  1.139e+08
13  29  1.60317e+08
13  30  1.69402e+08
14  0  1.82511e+08
14  1  2.32197e+08
14  2  2.64745e+08
14  3  1.52537e+08
14  4  1.40127e+08
14  5  1.11447e+08
14  6  1.82994e+08
14  7  2.23384e+08
14  8  2.45611e+08
14  9  1.90376e+08
14  10  2.19198e+08
14  11  2.40717e+08
14  12  2.94323e+08
14  13  2.96327e+08
14  14  2.60321e+08
14  15  2.11426e+08
14  16  2.33071e+08
14  17  1.95789e+08
14  18  1.56455e+08
14  19  2.61573e+08
14  20  2.46136e+08
14  21  3.38764e+08
14  22  2.41505e+08
14  23  2.93892e+08
14  24  2.82288e+08
14  25  2.36047e+08
14  26  2.31109e+08
14  27  1.59752e+08
14  28  1.06638e+08
14  29  1.47181e+08
14  30  1.48744e+08
15  0  2.04091e+08
15  1  2.0096e+08
15  2  1.43415e+08
15  3  1.75784e+08
15  4  1.5799e+08
15  5  2.03705e+08
15  6  2.27698e+08
15  7  2.12357e+08
15  8  1.78107e+08
15  9  1.92341e+08
15  10  2.05078e+08
15  11  2.49599e+08
15  12  2.10215e+08
15  13  2.73393e+08
15  14  2.41676e+08
15  15  2.64484e+08
15  16  2.71339e+08
15  17  1.93453e+08
15  18  1.72642e+08
15  19  2.41067e+08
15  20  2.76919e+08
15  21  3.00625e+08
15  22  2.5734e+08
15  23  2.40533e+08
15  24  2.76475e+08
15  25  2.49794e+08
15  26  2.05053e+08
15  27  1.8789e+08
15  28  1.81888e+08
15  29  2.26453e+08
15  30  2.04972e+08
16  0  2.25508e+08
16  1  2.20574e+08
16  2  2.08992e+08
16  3  1.84193e+08
16  4  1.74197e+08
16  5  1.43273e+08
16  6  2.93528e+08
16  7  2.54034e+08
16  8  1.96488e+08
16  9  2.20044e+08
16  10  2.21267e+08
16  11  2.40206e+08
16  12  2.75369e+08
16  13  2.70451e+08
16  14  2.25425e+08
16  15  2.82392e+08
16  16  2.22779e+08
16  17  1.27642e+08
16  18  2.09978e+08
16  19  3.15989e+08
16  20  2.36897e+08
16  21  2.69353e+08
16  22  2.95508e+08
16  23  3.14854e+08
16  24  2.85558e+08
16  25  3.17038e+08
16  26  2.36043e+08
16  27  9.18327e+07
16  28  2.0189e+08
16  29  1.92261e+08
16  30  2.25859e+08
17  0  1.69816e+08
17  1  1.29957e+08
17  2  2.23e+08
17  3  1.33752e+08
17  4  1.42241e+08
17  5  1.53857e+08
17  6  2.38957e+08
17  7  2.40388e+08
17  8  1.69809e+08
17  9  2.20027e+08
17  10  1.8008e+08
17  11  1.89458e+08
17  12  2.31414e+08
17  13  2.46252e+08
17  14  2.47673e+08
17  15  1.76634e+08
17  16  1.97737e+08
17  17  1.28416e+08
17  18  2.19061e+08
17  19  3.50985e+08
17  20  2.74641e+08
17  21  2.31924e+08
17  22  2.70917e+08
17  23  2.94316e+08
17  24  2.18865e+08
17  25  2.20379e+08
17  26  1.63061e+08
17  27  9.92175e+07
17  28  2.38623e+08
17  29  2.27375e+08
17  30  2.24383e+08
18  0  2.04985e+08
18  1  2.03896e+08
18  2  1.99714e+08
18  3  2.06962e+08
18  4  1.57197e+08
18  5  1.80868e+08
18  6  1.85895e+08
18  7  1.65628e+08
18  8  1.45644e+08
18  9  1.85132e+08
18  10  1.97232e+08
18  11  1.77537e+08
18  12  1.89543e+08
18  13  2.67991e+08
18  14  2.14785e+08
18  15  2.36527e+08
18  16  1.5052e+08
18  17  1.63734e+08
18  18  2.50021e+08
18  19  3.02961e+08
18  20  2.81661e+08
18  21  2.2733e+08
18  22  2.16692e+08
18  23  2.80429e+08
18  24  2.4926e+08
18  25  2.38401e+08
18  26  1.12109e+08
18  27  1.15495e+08
18  28  1.76138e+08
18  29  2.37927e+08
18  30  2.1688e+08
19  0  2.18793e+08
19  1  1.29533e+08
19  2  1.77646e+08
19  3  1.7393e+08
19  4  1.76899e+08
19  5  1.93365e+08
19  6  2.30347e+08
19  7  1.94122e+08
19  8  2.09827e+08
19  9  1.39227e+08
19  10  2.28205e+08
19  11  1.71086e+08
19  12  2.27702e+08
19  13  1.71081e+08
19  14  1.97697e+08
19  15  1.48451e+08
19  16  1.34201e+08
19  17  1.79664e+08
19  18  3.52452e+08
19  19  2.92533e+08
19  20  2.39692e+08
19  21  1.46012e+08
19  22  2.839e+08
19  23  2.66664e+08
19  24  2.71279e+08
19  25  9.88203e+07
19  26  1.10986e+08
19  27  9.4676e+07
19  28  1.75092e+08
19  29  2.23815e+08
19  30  2.3513e+08
20  0  2.19281e+08
20  1  1.54014e+08
20  2  2.10574e+08
20  3  1.87829e+08
20  4  1.69809e+08
20  5  2.56218e+08
20  6  2.0024e+08
20  7  1.96155e+08
20  8  1.64687e+08
20  9  1.54447e+08
20  10  1.81639e+08
20  11  1.76317e+08
20  12  2.04227e+08
20  13  1.75549e+08
20  14  1.4695e+08
20  15  1.13423e+08
20  16  1.54879e+08
20  17  1.11301e+08
20  18  2.05934e+08
20  19  3.30261e+08
20  20  2.19817e+08
20  21  1.55287e+08
20  22  1.96492e+08
20  23  2.84389e+08
20  24  2.5534e+08
20  25  1.87363e+08
20  26  1.08207e+08
20  27  1.34791e+08
20  28  1.85125e+08
20  29  2.07299e+08
20  30  1.83387e+08
21  0  2.70886e+08
21  1  1.70588e+08
21  2  2.53301e+08
21  3  1.95623e+08
21  4  1.48607e+08
21  5  1.76319e+08
21  6  2.19521e+08
21  7  1.74635e+08
21  8  1.87122e+08
21  9  1.81395e+08
21  10  1.66831e+08
21  11  1.68862e+08
21  12  1.19786e+08
21  13  1.65842e+08
21  14  1.51187e+08
21  15  1.41229e+08
21  16  1.81932e+08
21  17  2.00933e+08
21  18  2.41279e+08
21  19  2.97982e+08
21  20  2.15619e+08
21  21  1.2712e+08
21  22  1.35205e+08
21  23  2.64241e+08
21  24  2.42193e+08
21  25  1.18474e+08
21  26  1.18453e+08
21  27  1.29513e+08
21  28  1.84612e+08
21  29  2.00362e+08
21  30  2.20354e+08
22  0  2.36983e+08
22  1  1.723e+08
22  2  2.21094e+08
22  3  1.40929e+08
22  4  1.80144e+08
22  5  2.21363e+08
22  6  2.11411e+08
22  7  2.04745e+08
22  8  1.17207e+08
22  9  1.29892e+08
22  10  1.75347e+08
22  11  1.80212e+08
22  12  1.90197e+08
22  13  1.40356e+08
22  14  1.68761e+08
22  15  1.30939e+08
22  16  2.14313e+08
22  17  2.21125e+08
22  18  1.69527e+08
22  19  2.8072e+08
22  20  1.75435e+08
22  21  1.60795e+08
22  22  2.02498e+08
22  23  2.11597e+08
22  24  1.97677e+08
22  25  1.12704e+08
22  26  8.16881e+07
22  27  1.20025e+08
22  28  1.30525e+08
22  29  2.03071e+08
22  30  1.84823e+08
23  0  1.99363e+08
23  1  1.63292e+08
23  2  2.0871e+08
23  3  1.80668e+08
23  4  1.67407e+08
23  5  1.94331e+08
23  6  1.75675e+08
23  7  1.50798e+08
23  8  1.51535e+08
23  9  1.67952e+08
23  10  1.27977e+08
23  11  1.92352e+08
23  12  1.6869e+08
23  13  8.1942e+07
23  14  1.18463e+08
23  15  1.5216e+08
23  16  2.10641e+08
23  17  1.36431e+08
23  18  2.01706e+08
23  19  2.30598e+08
23  20  1.71459e+08
23  21  1.21105e+08
23  22  2.24673e+08
23  23  2.16755e+08
23  24  2.80215e+08
23  25  1.63062e+08
23  26  8.81105e+07
23  27  9.87615e+07
23  28  1.35897e+08
23  29  2.15232e+08
23  30  2.07303e+08
24  0  2.06914e+08
24  1  2.16386e+08
24  2  2.31047e+08
24  3  2.07376e+08
24  4  2.03316e+08
24  5  1.71372e+08
24  6  2.18627e+08
24  7  1.72431e+08
24  8  1.71554e+08
24  9  1.42525e+08
24  10  1.69633e+08
24  11  1.47959e+08
24  12  2.03403e+08
24  13  1.24587e+08
24  14  1.48709e+08
24  15  1.66428e+08
24  16  1.85685e+08
24  17  1.2728e+08
24  18  1.66897e+08
24  19  1.99093e+08
24  20  1.39226e+08
24  21  1.10398e+08
24  22  1.40252e+08
24  23  1.78168e+08
24  24  1.84079e+08
24  25  1.84537e+08
24  26  7.54631e+07
24  27  1.52851e+08
24  28  1.2519e+08
24  29  1.2435e+08
24  30  1.54269e+08
25  0  2.39265e+08
25  1  1.83935e+08
25  2  1.98639e+08
25  3  1.75959e+08
25  4  2.1991e+08
25  5  1.21705e+08
25  6  2.12605e+08
25  7  1.41571e+08
25  8  1.49682e+08
25  9  1.08455e+08
25  10  1.97399e+08
25  11  1.03405e+08
25  12  1.10401e+08
25  13  1.34909e+08
25  14  1.64552e+08
25  15  1.63822e+08
25  16  1.84478e+08
25  17  1.08643e+08
25  18  1.64211e+08
25  19  1.54766e+08
25  20  1.60596e+08
25  21  1.44509e+08
25  22  1.68059e+08
25  23  1.56327e+08
25  24  2.02887e+08
25  25  1.49765e+08
25  26  1.11066e+08
25  27  1.66222e+08
25  28  1.00514e+08
25  29  1.50769e+08
25  30  1.37482e+08
26  0  1.83648e+08
26  1  2.22664e+08
26  2  1.81948e+08
26  3  1.98771e+08
26  4  1.46441e+08
26  5  9.05307e+07
26  6  1.66547e+08
26  7  2.22939e+08
26  8  1.39365e+08
26  9  1.32728e+08
26  10  1.06495e+08
26  11  9.08237e+07
26  12  1.83026e+08
26  13  1.43577e+08
26  14  1.64589e+08
26  15  1.65095e+08
26  16  1.35197e+08
26  17  1.25662e+08
26  18  1.90177e+08
26  19  1.57751e+08
26  20  1.67966e+08
26  21  1.53513e+08
26  22  9.34706e+07
26  23  2.0551e+08
26  24  1.53874e+08
26  25  1.87026e+08
26  26  1.09363e+08
26  27  1.14017e+08
26  28  7.95448e+07
26  29  1.5527e+08
26  30  1.24699e+08
27  0  2.15248e+08
27  1  1.88733e+08
27  2  1.60705e+08
27  3  1.75389e+08
27  4  1.60347e+08
27  5  9.19696e+07
27  6  1.54968e+08
27  7  1.46574e+08
27  8  1.4723e+08
27  9  1.69705e+08
27  10  1.46682e+08
27  11  1.03219e+08
27  12  9.49879e+07
27  13  1.08527e+08
27  14  1.54446e+08
27  15  1.50993e+08
27  16  1.48697e+08
27  17  1.36077e+08
27  18  1.69206e+08
27  19  1.61333e+08
27  20  1.36981e+08
27  21  8.62795e+07
27  22  1.03482e+08
27  23  1.48457e+08
27  24  1.66718e+08
27  25  1.15454e+08
27  26  1.3797e+08
27  27  1.42069e+08
27  28  1.86229e+08
27  29  1.38516e+08
27  30  1.85161e+08
28  0  1.84551e+08
28  1  1.69195e+08
28  2  2.00232e+08
28  3  2.02703e+08
28  4  1.48884e+08
28  5  1.47345e+08
28  6  1.30736e+08
28  7  1.56592e+08
28  8  1.07201e+08
28  9  1.41756e+08
28  10  1.57816e+08
28  11  1.18028e+08
28  12  1.17653e+08
28  13  1.65757e+08
28  14  1.41749e+08
28  15  1.1162e+08
28  16  1.48291e+08
28  17  1.80316e+08
28  18  1.754e+08
28  19  1.17866e+08
28  20  1.4601e+08
28  21  1.61536e+08
28  22  1.46377e+08
28  23  1.56007e+08
28  24  1.53142e+08
28  25  1.16919e+08
28  26  9.18257e+07
28  27  1.4171e+08
28  28  1.76043e+08
28  29  1.13774e+08
28  30  1.93613e+08
29  0  1.70113e+08
29  1  2.35628e+08
29  2  1.73953e+08
29  3  1.08164e+08
29  4  1.71012e+08
29  5  1.62951e+08
29  6  1.8134e+08
29  7  1.55291e+08
29  8  1.52164e+08
29  9  1.35474e+08
29  10  1.56954e+08
29  11  1.24491e+08
29  12  1.49437e+08
29  13  1.39087e+08
29  14  1.40232e+08
29  15  1.55676e+08
29  16  8.91423e+07
29  17  1.07769e+08
29  18  1.69069e+08
29  19  8.11397e+07
29  20  1.08926e+08
29  21  1.13835e+08
29  22  1.16296e+08
29  23  1.41233e+08
29  24  1.19813e+08
29  25  1.12784e+08
29  26  1.17799e+08
29  27  7.62666e+07
29  28  1.19663e+08
29  29  1.36817e+08
29  30  1.7075e+08
30  0  1.9163e+08
30  1  1.92957e+08
30  2  1.63443e+08
30  3  1.54234e+08
30  4  1.51622e+08
30  5  1.34693e+08
30  6  1.18726e+08
30  7  1.13517e+08
30  8  1.22502e+08
30  9  1.30399e+08
30  10  1.33748e+08
30  11  1.2881e+08
30  12  1.20377e+08
30  13  1.48065e+08
30  14  1.21879e+08
30  15  1.44228e+08
30  16  1.16909e+08
30  17  1.31543e+08
30  18  9.35275e+07
30  19  1.64744e+08
30  20  1.23107e+08
30  21  1.06185e+08
30  22  1.60537e+08
30  23  1.08922e+08
30  24  1.20325e+08
30  25  1.03958e+08
30  26  1.45427e+08
30  27  9.68642e+07
30  28  1.34004e+08
30  29  1.24472e+08
30  30  1.39713e+08
31  0  1.27948e+08
31  1  1.73867e+08
31  2  1.89444e+08
31  3  1.80048e+08
31  4  1.34823e+08
31  5  1.04308e+08
31  6  7.28963e+07
31  7  1.56912e+08
31  8  1.56669e+08
31  9  1.01901e+08
31  10  1.24159e+08
31  11  1.12968e+08
31  12  1.46457e+08
31  13  1.49411e+08
31  14  7.30293e+07
31  15  1.29521e+08
31  16  1.54731e+08
31  17  1.61255e+08
31  18  1.15127e+08
31  19  9.38947e+07
31  20  1.06599e+08
31  21  1.32469e+08
31  22  1.16131e+08
31  23  1.6441e+08
31  24  2.08165e+08
31  25  1.25217e+08
31  26  1.54137e+08
31  27  1.0009e+08
31  28  9.0247e+07
31  29  1.67147e+08
31  30  1.55943e+08
32  0  1.71555e+08
32  1  1.24237e+08
32  2  1.48327e+08
32  3  1.0979e+08
32  4  1.3194e+08
32  5  1.16201e+08
32  6  1.06082e+08
32  7  1.38191e+08
32  8  1.02945e+08
32  9  1.14979e+08
32  10  1.40746e+08
32  11  1.48376e+08
32  12  6.69536e+07
32  13  1.46013e+08
32  14  1.1579e+08
32  15  9.06772e+07
32  16  1.20614e+08
32  17  1.31813e+08
32  18  1.62273e+08
32  19  1.08185e+08
32  20  1.67751e+08
32  21  7.91564e+07
32  22  1.57615e+08
32  23  1.32767e+08
32  24  1.17984e+08
32  25  1.37208e+08
32  26  6.74195e+07
32  27  1.12223e+08
32  28  1.0082e+08
32  29  1.9014e+08
32  30  1.13308e+08
33  0  1.33278e+08
33  1  1.49149e+08
33  2  2.04108e+08
33  3  1.55264e+08
33  4  1.72594e+08
33  5  1.38103e+08
33  6  1.36677e+08
33  7  1.05676e+08
33  8  9.31903e+07
33  9  1.21332e+08
33  10  8.48105e+07
33  11  1.32704e+08
33  12  1.7023e+08
33  13  1.05338e+08
33  14  1.24519e+08
33  15  1.60181e+08
33  16  1.3991e+08
33  17  1.09284e+08
33  18  1.72553e+08
33  19  1.1487e+08
33  20  1.79084e+08
33  21  1.11563e+08
33  22  9.08792e+07
33  23  1.60805e+08
33  24  1.29223e+08
33  25  1.20205e+08
33  26  1.25526e+08
33  27  1.13072e+08
33  28  1.41688e+08
33  29  1.66975e+08
33  30  1.8415e+08
34  0  1.3031e+08
34  1  1.61118e+08
34  2  1.30837e+08
34  3  1.46342e+08
34  4  1.51303e+08
34  5  1.22264e+08
34  6  9.2907e+07
34  7  1.18288e+08
34  8  1.22368e+08
34  9  9.41419e+07
34  10  7.12126e+07
34  11  1.56765e+08
34  12  1.0892e+08
34  13  8.98992e+07
34  14  1.05439e+08
34  15  1.33901e+08
34  16  1.38034e+08
34  17  1.5547e+08
34  18  1.33277e+08
34  19  5.50533e+07
34  20  1.43061e+08
34  21  1.43355e+08
34  22  1.16392e+08
34  23  1.40994e+08
34  24  1.36383e+08
34  25  1.26547e+08
34  26  1.14697e+08
34  27  1.06571e+08
34  28  1.14719e+08
34  29  1.38569e+08
34  30  1.75451e+08
35  0  1.44706e+08
35  1  8.46685e+07
35  2  1.3219e+08
35  3  1.47197e+08
35  4  1.24985e+08
35  5  1.17143e+08
35  6  6.34636e+07
35  7  9.10661e+07
35  8  1.16311e+08
35  9  1.42983e+08
35  10  1.34766e+08
35  11  1.46842e+08
35  12  1.13457e+08
35  13  1.56443e+08
35  14  1.06116e+08
35  15  9.91992e+07
35  16  1.8201e+08
35  17  1.32123e+08
35  18  1.30435e+08
35  19  6.77089e+07
35  20  1.24013e+08
35  21  1.06307e+08
35  22  1.28564e+08
35  23  1.28744e+08
35  24  1.24581e+08
35  25  1.45389e+08
35  26  1.16003e+08
35  27  1.32408e+08
35  28  1.14878e+08
35  29  1.74466e+08
35  30  1.2407e+08
36  0  1.84278e+08
36  1  1.50727e+08
36  2  1.49825e+08
36  3  1.70742e+08
36  4  1.03878e+08
36  5  1.39756e+08
36  6  9.63734e+07
36  7  1.68154e+08
36  8  1.28994e+08
36  9  1.32639e+08
36  10  1.01583e+08
36  11  1.02086e+08
36  12  1.16553e+08
36  13  1.1084e+08
36  14  1.14756e+08
36  15  1.3372e+08
36  16  1.47501e+08
36  17  1.1075e+08
36  18  1.4978e+08
36  19  1.38596e+08
36  20  1.46375e+08
36  21  7.43679e+07
36  22  1.2042e+08
36  23  1.69787e+08
36  24  1.24277e+08
36  25  9.82016e+07
36  26  9.5883e+07
36  27  1.6177e+08
36  28  1.01294e+08
36  29  1.48125e+08
36  30  1.41914e+08
37  0  1.17522e+08
37  1  1.34321e+08
37  2  1.13269e+08
37  3  1.4481e+08
37  4  1.00954e+08
37  5  4.41614e+07
37  6  9.95733e+07
37  7  1.51741e+08
37  8  1.08589e+08
37  9  9.69148e+07
37  10  1.20435e+08
37  11  1.23082e+08
37  12  1.26629e+08
37  13  1.45678e+08
37  14  1.21922e+08
37  15  1.28626e+08
37  16  1.34269e+08
37  17  9.62325e+07
37  18  1.49473e+08
37  19  9.11213e+07
37  20  7.52847e+07
37  21  1.49916e+08
37  22  1.53737e+08
37  23  1.31193e+08
37  24  1.09581e+08
37  25  1.03987e+08
37  26  1.00758e+08
37  27  1.06523e+08
37  28  1.4597e+08
37  29  7.80926e+07
37  30  1.35924e+08
38  0  1.31142e+08
38  1  1.22752e+08
38  2  1.52475e+08
38  3  1.21795e+08
38  4  9.15845e+07
38  5  1.58194e+08
38  6  8.03734e+07
38  7  1.21453e+08
38  8  1.30029e+08
38  9  1.05166e+08
38  10  1.42574e+08
38  11  1.13575e+08
38  12  1.25877e+08
38  13  9.22858e+07
38  14  1.06135e+08
38  15  1.65895e+08
38  16  1.54372e+08
38  17  9.11619e+07
38  18  9.37558e+07
38  19  5.80211e+07
38  20  1.35819e+08
38  21  9.01841e+07
38  22  1.2229e+08
38  23  1.37413e+08
38  24  1.44075e+08
38  25  1.34494e+08
38  26  8.88597e+07
38  27  1.2186e+08
38  28  6.51063e+07
38  29  1.71384e+08
38  30  1.19923e+08
39  0  1.33481e+08
39  1  1.02008e+08
39  2  1.06421e+08
39  3  9.58948e+07
39  4  1.09262e+08
39  5  6.34551e+07
39  6  1.00551e+08
39  7  1.65143e+08
39  8  1.25455e+08
39  9  1.07245e+08
39  10  1.30898e+08
39  11  1.25527e+08
39  12  1.27791e+08
39  13  8.11998e+07
39  14  1.92427e+08
39  15  6.52509e+07
39  16  7.79144e+07
39  17  1.0881e+08
39  18  1.06837e+08
39  19  1.31663e+08
39  20  5.42731e+07
39  21  6.7966e+07
39  22  1.467e+08
39  23  8.52606e+07
39  24  7.7967e+07
39  25  1.69084e+08
39  26  1.00683e+08
39  27  9.39297e+07
39  28  5.46787e+07
39  29  1.4667e+08
39  30  1.06641e+08
40  0  9.02666e+07
40  1  1.16928e+08
40  2  1.2187e+08
40  3  1.34635e+08
40  4  1.0073e+08
40  5  8.88988e+07
40  6  1.00703e+08
40  7  1.09693e+08
40  8  9.24286e+07
40  9  7.51403e+07
40  10  9.52106e+07
40  11  1.25877e+08
40  12  1.40007e+08
40  13  8.86472e+07
40  14  3.95407e+07
40  15  1.52277e+08
40  16  1.41286e+08
40  17  7.55793e+07
40  18  5.56294e+07
40  19  1.06876e+08
40  20  1.03916e+08
40  21  9.22322e+07
40  22  1.29733e+08
40  23  1.23752e+08
40  24  8.39305e+07
40  25  7.42859e+07
40  26  6.48567e+07
40  27  1.20448e+08
40  28  1.16803e+08
40  29  1.14909e+08
40  30  1.45525e+08
41  0  1.02866e+08
41  1  1.43155e+08
41  2  7.54273e+07
41  3  8.57488e+07
41  4  1.06654e+08
41  5  1.53267e+08
41  6  1.2349e+08
41  7  1.03895e+08
41  8  1.05367e+08
41  9  1.28255e+08
41  10  1.25751e+08
41  11  1.01637e+08
41  12  1.34715e+08
41  13  1.20396e+08
41  14  1.35035e+08
41  15  6.8242e+07
41  16  1.15904e+08
41  17  1.07334e+08
41  18  7.92446e+07
41  19  1.17467e+08
41  20  6.3308e+07
41  21  1.25938e+08
41  22  1.22939e+08
41  23  8.43316e+07
41  24  1.01245e+08
41  25  1.22768e+08
41  26  1.39377e+08
41  27  1.86697e+08
41  28  7.12729e+07
41  29  9.09294e+07
41  30  1.30534e+08
42  0  1.63393e+08
42  1  1.43129e+08
42  2  1.05624e+08
42  3  1.04843e+08
42  4  6.76625e+07
42  5  8.23837e+07
42  6  1.07554e+08
42  7  1.20095e+08
42  8  1.55752e+08
42  9  1.63933e+08
42  10  9.3811e+07
42  11  9.13231e+07
42  12  9.25952e+07
42  13  9.53415e+07
42  14  1.2247e+08
42  15  1.13051e+08
42  16  1.03076e+08
42  17  8.87429e+07
42  18  1.12356e+08
42  19  8.66721e+07
42  20  6.52665e+07
42  21  7.92758e+07
42  22  1.33885e+08
42  23  1.29964e+08
42  24  1.38983e+08
42  25  7.64789e+07
42  26  7.70934e+07
42  27  8.0973e+07
42  28  8.89852e+07
42  29  1.05105e+08
42  30  1.02129e+08
43  0  1.32238e+08
43  1  7.51834e+07
43  2  5.06314e+07
43  3  9.057e+07
43  4  9.90833e+07
43  5  7.65981e+07
43  6  8.93103e+07
43  7  5.57784e+07
43  8  6.22084e+07
43  9  7.84029e+07
43  10  9.38394e+07
43  11  1.7916e+08
43  12  7.20184e+07
43  13  6.01518e+07
43  14  8.09578e+07
43  15  8.49084e+07
43  16  1.41592e+08
43  17  5.37547e+07
43  18  5.85593e+07
43  19  1.33365e+08
43  20  1.09988e+08
43  21  8.12346e+07
43  22  1.14437e+08
43  23  6.54078e+07
43  24  4.12841e+07
43  25  9.60849e+07
43  26  1.13777e+08
43  27  1.13479e+08
43  28  1.118e+08
43  29  1.12415e+08
43  30  1.00766e+08
44  0  1.26227e+08
44  1  1.24847e+08
44  2  1.36926e+08
44  3  9.50511e+07
44  4  4.91308e+07
44  5  1.25241e+08
44  6  5.86709e+07
44  7  1.20478e+08
44  8  1.29173e+08
44  9  1.55097e+08
44  10  1.09802e+08
44  11  8.83708e+07
44  12  1.12436e+08
44  13  8.92311e+07
44  14  1.24865e+08
44  15  1.66175e+08
44  16  1.02796e+08
44  17  1.21604e+08
44  18  1.02163e+08
44  19  1.23462e+08
44  20  2.47955e+07
44  21  8.07318e+07
44  22  5.84633e+07
44  23  8.80605e+07
44  24  1.04405e+08
44  25  1.0005e+08
44  26  9.65508e+07
44  27  8.90198e+07
44  28  1.24769e+08
44  29  1.26894e+08
44  30  1.51386e+08
45  0  1.4925e+08
45  1  1.37335e+08
45  2  1.13417e+08
45  3  1.21481e+08
45  4  1.09721e+08
45  5  1.05503e+08
45  6  9.85106e+07
45  7  1.31508e+08
45  8  7.7301e+07
45  9  1.06926e+08
45  10  1.22608e+08
45  11  5.26725e+07
45  12  1.5615e+08
45  13  1.16749e+08
45  14  1.22983e+08
45  15  1.01255e+08
45  16  1.28523e+08
45  17  8.30368e+07
45  18  8.90928e+07
45  19  1.04752e+08
45  20  1.22838e+08
45  21  1.00419e+08
45  22  7.79135e+07
45  23  9.91148e+07
45  24  8.63822e+07
45  25  1.14056e+08
45  26  9.2004e+07
45  27  1.05161e+08
45  28  1.3126e+08
45  29  1.61158e+08
45  30  1.21761e+08
46  0  2.06784e+08
46  1  1.55882e+08
46  2  9.74866e+07
46  3  1.251e+08
46  4  6.28876e+07
46  5  7.77211e+07
46  6  1.15154e+08
46  7  1.33891e+08
46  8  1.06409e+08
46  9  1.18094e+08
46  10  1.62529e+08
46  11  1.08447e+08
46  12  1.49434e+08
46  13  1.34048e+08
46  14  9.14988e+07
46  15  1.4431e+08
46  16  9.59725e+07
46  17  1.62441e+08
46  18  5.77747e+07
46  19  6.58121e+07
46  20  7.24972e+07
46  21  7.80789e+07
46  22  9.98768e+07
46  23  1.03034e+08
46  24  3.63572e+07
46  25  8.84923e+07
46  26  8.26226e+07
46  27  6.28502e+07
46  28  1.42379e+08
46  29  1.11098e+08
46  30  6.00566e+07
47  0  1.88952e+08
47  1  1.08295e+08
47  2  6.63088e+07
47  3  9.29939e+07
47  4  1.3098e+08
47  5  7.09095e+07
47  6  1.51708e+08
47  7  6.42111e+07
47  8  1.23475e+08
47  9  7.30223e+07
47  10  1.09092e+08
47  11  5.28032e+07
47  12  1.28566e+08
47  13  1.18594e+08
47  14  9.63844e+07
47  15  2.19131e+08
47  16  1.07424e+08
47  17  1.12632e+08
47  18  8.38555e+07
47  19  1.21859e+08
47  20  1.28655e+08
47  21  1.23165e+08
47  22  6.03234e+07
47  23  8.65035e+07
47  24  1.28248e+08
47  25  9.74881e+07
47  26  1.631e+08
47  27  1.50332e+08
47  28  7.4884e+07
47  29  8.4321e+07
47  30  5.30097e+07
48  0  1.63553e+08
48  1  1.62512e+08
48  2  1.63277e+08
48  3  4.40083e+07
48  4  1.22406e+08
48  5  9.97056e+07
48  6  1.03106e+08
48  7  1.34003e+08
48  8  1.3697e+08
48  9  1.44816e+08
48  10  1.05635e+08
48  11  1.45271e+08
48  12  1.27587e+08
48  13  1.4018e+08
48  14  1.25917e+08
48  15  1.44623e+08
48  16  1.33778e+08
48  17  9.65217e+07
48  18  1.24875e+08
48  19  4.73347e+07
48  20  1.21875e+08
48  21  1.38285e+08
48  22  1.22269e+08
48  23  1.0239e+08
48  24  1.27287e+08
48  25  8.66526e+07
48  26  1.05169e+08
48  27  8.98589e+07
48  28  1.20255e+08
48  29  9.88104e+07
48  30  1.1075e+08
49  0  8.45718e+07
49  1  1.03767e+08
49  2  8.56542e+07
49  3  1.07177e+08
49  4  5.62274e+07
49  5  9.9633e+07
49  6  1.17957e+08
49  7  1.14517e+08
49  8  1.54153e+08
49  9  1.14607e+08
49  10  1.58127e+08
49  11  9.22554e+07
49  12  9.87279e+07
49  13  1.76954e+08
49  14  9.9948e+07
49  15  1.29502e+08
49  16  6.25556e+07
49  17  1.34111e+08
49  18  1.31618e+08
49  19  1.34851e+08
49  20  1.1399e+08
49  21  1.1631e+08
49  22  1.16562e+08
49  23  6.94514e+07
49  24  7.21574e+07
49  25  1.04281e+08
49  26  1.21753e+08
49  27  1.23656e+08
49  28  1.1093e+08
49  29  6.89699e+07
49  30  1.35083e+08
50  0  1.38033e+08
50  1  1.05145e+08
50  2  1.77458e+08
50  3  1.07543e+08
50  4  1.06806e+08
50  5  1.02812e+08
50  6  9.64531e+07
50  7  1.7487e+08
50  8  1.41599e+08
50  9  1.66332e+08
50  10  1.39698e+08
50  11  1.17119e+08
50  12  1.1668e+08
50  13  1.20747e+08
50  14  1.38902e+08
50  15  9.56793e+07
50  16  1.24529e+08
50  17  1.20464e+08
50  18  1.18528e+08
50  19  9.21231e+07
50  20  7.54644e+07
50  21  1.32661e+08
50  22  9.67402e+07
50  23  1.05675e+08
50  24  1.08313e+08
50  25  1.10166e+08
50  26  1.05457e+08
50  27  1.02765e+08
50  28  4.90672e+07
50  29  1.11058e+08
50  30  1.20751e+08
51  0  1.33233e+08
51  1  1.70743e+08
51  2  1.70814e+08
51  3  9.56329e+07
51  4  8.58114e+07
51  5  1.11019e+08
51  6  8.09199e+07
51  7  1.27909e+08
51  8  1.43104e+08
51  9  1.92874e+08
51  10  1.32964e+08
51  11  1.59483e+08
51  12  1.36754e+08
51  13  1.68672e+08
51  14  1.78237e+08
51  15  1.32519e+08
51  16  9.51831e+07
51  17  9.19969e+07
51  18  7.93265e+07
51  19  1.25602e+08
51  20  1.31788e+08
51  21  4.21126e+07
51  22  1.31671e+08
51  23  1.47069e+08
51  24  7.48448e+07
51  25  1.20927e+08
51  26  1.22029e+08
51  27  1.47352e+08
51  28  1.41917e+08
51  29  1.21878e+08
51  30  9.70806e+07
52  0  1.61099e+08
52  1  2.18376e+08
52  2  1.67502e+08
52  3  9.40058e+07
52  4  1.26913e+08
52  5  1.21215e+08
52  6  1.29608e+08
52  7  1.04669e+08
52  8  1.08955e+08
52  9  1.05433e+08
52  10  1.46901e+08
52  11  1.34309e+08
52  12  1.12101e+08
52  13  1.51756e+08
52  14  1.56376e+08
52  15  1.32478e+08
52  16  1.55753e+08
52  17  1.13199e+08
52  18  1.10809e+08
52  19  1.07926e+08
52  20  1.24649e+08
52  21  1.28652e+08
52  22  9.82895e+07
52  23  1.1034e+08
52  24  1.18293e+08
52  25  9.74596e+07
52  26  8.3741e+07
52  27  9.18227e+07
52  28  1.0229e+08
52  29  1.01468e+08
52  30  1.13786e+08
53  0  2.93291e+08
53  1  2.34464e+08
53  2  1.7525e+08
53  3  1.01024e+08
53  4  8.36963e+07
53  5  1.04399e+08
53  6  1.73385e+08
53  7  1.44397e+08
53  8  1.56343e+08
53  9  1.63388e+08
53  10  1.46833e+08
53  11  1.68251e+08
53  12  1.51483e+08
53  13  1.28538e+08
53  14  1.79252e+08
53  15  1.21942e+08
53  16  1.2644e+08
53  17  9.5301e+07
53  18  9.37198e+07
53  19  1.22542e+08
53  20  1.13831e+08
53  21  4.57604e+07
53  22  1.30945e+08
53  23  1.357e+08
53  24  1.58497e+08
53  25  6.72764e+07
53  26  1.03468e+08
53  27  1.53917e+08
53  28  1.26414e+08
53  29  4.85402e+07
53  30  8.06937e+07
54  0  2.43476e+08
54  1  2.0548e+08
54  2  1.56545e+08
54  3  1.24855e+08
54  4  1.93456e+08
54  5  7.46794e+07
54  6  1.38037e+08
54  7  2.31309e+08
54  8  1.75154e+08
54  9  1.26318e+08
54  10  1.76696e+08
54  11  1.01533e+08
54  12  1.30795e+08
54  13  1.42464e+08
54  14  1.43127e+08
54  15  1.82931e+08
54  16  1.37001e+08
54  17  1.71965e+08
54  18  9.1348e+07
54  19  1.50402e+08
54  20  1.50141e+08
54  21  9.52131e+07
54  22  9.11115e+07
54  23  1.11423e+08
54  24  1.15677e+08
54  25  7.58833e+07
54  26  1.44914e+08
54  27  1.59201e+08
54  28  9.63874e+07
54  29  1.1946e+08
54  30  9.74598e+07
55  0  2.43842e+08
55  1  1.75023e+08
55  2  1.74109e+08
55  3  1.59796e+08
55  4  1.62696e+08
55  5  1.18077e+08
55  6  1.37053e+08
55  7  1.87459e+08
55  8  1.43783e+08
55  9  1.55751e+08
55  10  1.78636e+08
55  11  1.24742e+08
55  12  1.48996e+08
55  13  1.84153e+08
55  14  1.53784e+08
55  15  1.73028e+08
55  16  1.08356e+08
55  17  1.45392e+08
55  18  9.20773e+07
55  19  1.30165e+08
55  20  1.49412e+08
55  21  1.26396e+08
55  22  1.19519e+08
55  23  9.43356e+07
55  24  9.67898e+07
55  25  1.4126e+08
55  26  1.27926e+08
55  27  1.07376e+08
55  28  1.18725e+08
55  29  1.77132e+08
55  30  8.84967e+07
56  0  1.79534e+08
56  1  1.60081e+08
56  2  1.3057e+08
56  3  1.23795e+08
56  4  1.77888e+08
56  5  1.06472e+08
56  6  1.38695e+08
56  7  1.08654e+08
56  8  1.39982e+08
56  9  1.02212e+08
56  10  1.37892e+08
56  11  9.24299e+07
56  12  1.13306e+08
56  13  1.39124e+08
56  14  2.00112e+08
56  15  1.76266e+08
56  16  5.52736e+07
56  17  1.4011e+08
56  18  4.69839e+07
56  19  9.6277e+07
56  20  1.82871e+08
56  21  1.22402e+08
56  22  1.43835e+08
56  23  8.93762e+07
56  24  1.26652e+08
56  25  1.08373e+08
56  26  1.46632e+08
56  27  1.15463e+08
56  28  1.4044e+08
56  29  1.74427e+08
56  30  1.3851e+08
57  0  1.73372e+08
57  1  2.33639e+08
57  2  1.69341e+08
57  3  1.69732e+08
57  4  1.07491e+08
57  5  1.00065e+08
57  6  1.09475e+08
57  7  6.91427e+07
57  8  1.23436e+08
57  9  1.67056e+08
57  10  1.18327e+08
57  11  1.22513e+08
57  12  1.3701e+08
57  13  1.63955e+08
57  14  1.88259e+08
57  15  1.09243e+08
57  16  1.35253e+08
57  17  1.10383e+08
57  18  1.48115e+08
57  19  9.20507e+07
57  20  1.51461e+08
57  21  1.22184e+08
57  22  1.2184e+08
57  23  1.39965e+08
57  24  8.97463e+07
57  25  8.76534e+07
57  26  1.43544e+08
57  27  1.41261e+08
57  28  1.42874e+08
57  29  1.18584e+08
57  30  1.76319e+08
58  0  1.87356e+08
58  1  2.22147e+08
58  2  1.25223e+08
58  3  2.04047e+08
58  4  1.48332e+08
58  5  7.87878e+07
58  6  1.57181e+08
58  7  1.74857e+08
58  8  1.27665e+08
58  9  1.04997e+08
58  10  1.26757e+08
58  11  1.10912e+08
58  12  1.34059e+08
58  13  1.74564e+08
58  14  1.20016e+08
58  15  1.59846e+08
58  16  1.31247e+08
58  17  1.31762e+08
58  18  1.67487e+08
58  19  1.8425e+08
58  20  1.48611e+08
58  21  1.17466e+08
58  22  1.06235e+08
58  23  1.46237e+08
58  24  1.43016e+08
58  25  1.71399e+08
58  26  1.33123e+08
58  27  1.33224e+08
58  28  1.59563e+08
58  29  1.43801e+08
58  30  1.1322e+08
59  0  2.20138e+08
59  1  1.80226e+08
59  2  1.74265e+08
59  3  1.76039e+08
59  4  1.98933e+08
59  5  1.27437e+08
59  6  9.3186e+07
59  7  1.37862e+08
59  8  1.53799e+08
59  9  7.57729e+07
59  10  1.09255e+08
59  11  1.06849e+08
59  12  1.18216e+08
59  13  1.95267e+08
59  14  9.55916e+07
59  15  8.80202e+07
59  16  1.35704e+08
59  17  1.54454e+08
59  18  1.49767e+08
59  19  1.80819e+08
59  20  1.78781e+08
59  21  1.47196e+08
59  22  1.23593e+08
59  23  1.82263e+08
59  24  1.38151e+08
59  25  1.17832e+08
59  26  1.64645e+08
59  27  1.59476e+08
59  28  1.3161e+08
59  29  1.46358e+08
59  30  1.36711e+08
60  0  2.06115e+08
60  1  1.1038e+08
60  2  5.62676e+07
60  3  1.70895e+08
60  4  2.11081e+08
60  5  2.06752e+08
60  6  2.14053e+08
60  7  1.57695e+08
60  8  1.19465e+08
60  9  1.37439e+08
60  10  6.76606e+07
60  11  6.08336e+07
60  12  8.90319e+07
60  13  1.27358e+08
60  14  1.08862e+08
60  15  1.00729e+08
60  16  1.30654e+08
60  17  1.31499e+08
60  18  1.81656e+08
60  19  1.27672e+08
60  20  1.6605e+08
60  21  1.25506e+08
60  22  1.10859e+08
60  23  1.66081e+08
60  24  1.58304e+08
60  25  1.71797e+08
60  26  1.74182e+08
60  27  1.50469e+08
60  28  1.4099e+08
60  29  1.41791e+08
60  30  1.82434e+08
61  0  1.65981e+08
61  1  1.04498e+08
61  2  2.20199e+07
61  3  1.04417e+08
61  4  2.03312e+08
61  5  1.74201e+08
61  6  1.25544e+08
61  7  1.81299e+08
61  8  1.67723e+08
61  9  1.19147e+08
61  10  1.02749e+08
61  11  1.0475e+08
61  12  1.29479e+08
61  13  5.90528e+07
61  14  9.36254e+07
61  15  9.28121e+07
61  16  1.32173e+08
61  17  1.00385e+08
61  18  1.15633e+08
61  19  1.75989e+08
61  20  1.60645e+08
61  21  1.31604e+08
61  22  1.68402e+08
61  23  1.6159e+08
61  24  1.5088e+08
61  25  1.54681e+08
61  26  1.65417e+08
61  27  1.41881e+08
61  28  1.62607e+08
61  29  1.65089e+08
61  30  1.5356e+08
62  0  1.59281e+08
62  1  8.2732e+07
62  2  5.94761e+07
62  3  1.30135e+08
62  4  1.78993e+08
62  5  2.77134e+08
62  6  1.90806e+08
62  7  1.35131e+08
62  8  1.28539e+08
62  9  4.11595e+07
62  10  6.6856e+07
62  11  8.3365e+07
62  12  7.96182e+07
62  13  8.06117e+07
62  14  8.25526e+07
62  15  6.75028e+07
62  16  1.28052e+08
62  17  1.35531e+08
62  18  1.38012e+08
62  19  1.24234e+08
62  20  1.53831e+08
62  21  1.85565e+08
62  22  1.21123e+08
62  23  1.53465e+08
62  24  1.82458e+08
62  25  1.17886e+08
62  26  1.84235e+08
62  27  2.18875e+08
62  28  1.69303e+08
62  29  1.90696e+08
62  30  1.45191e+08
63  0  9.29659e+07
63  1  4.79941e+07
63  2  1.10804e+08
63  3  1.17861e+08
63  4  1.58354e+08
63  5  1.59834e+08
63  6  1.31077e+08
63  7  1.20289e+08
63  8  7.51393e+07
63  9  5.71937e+07
63  10  4.90241e+07
63  11  5.0911e+07
63  12  6.52789e+07
63  13  1.03349e+08
63  14  8.4007e+07
63  15  7.98027e+07
63  16  8.28518e+07
63  17  1.11564e+08
63  18  1.04971e+08
63  19  7.93773e+07
63  20  1.78181e+08
63  21  1.60112e+08
63  22  1.39268e+08
63  23  1.37066e+08
63  24  1.83318e+08
63  25  1.57524e+08
63  26  1.65974e+08
63  27  1.63262e+08
63  28  1.56026e+08
63  29  1.1923e+08
63  30  1.20618e+08
64  0  5.53084e+07
64  1  3.14618e+07
64  2  7.8807e+06
64  3  9.26396e+07
64  4  1.07791e+08
64  5  6.46338e+07
64  6  1.48854e+08
64  7  1.74612e+08
64  8  6.61667e+07
64  9  5.12965e+07
64  10  2.92422e+07
64  11  3.9075e+07
64  12  8.99642e+06
64  13  3.67415e+07
64  14  3.11404e+07
64  15  9.09807e+07
64  16  1.11465e+08
64  17  1.03718e+08
64  18  2.63219e+07
64  19  1.29706e+08
64  20  7.88147e+07
64  21  1.66069e+08
64  22  1.13434e+08
64  23  1.24395e+08
64  24  1.27269e+08
64  25  1.57462e+08
64  26  1.68228e+08
64  27  2.2016e+08
64  28  1.39981e+08
64  29  1.22226e+08
64  30  2.06506e+08
65  0  1.82893e+07
65  1  2.6242e+07
65  2  0
65  3  6.07768e+07
65  4  1.54215e+07
65  5  7.77522e+07
65  6  1.37091e+08
65  7  1.3421e+08
65  8  8.96561e+06
65  9  0
65  10  3.55229e+07
65  11  1.68622e+07
65  12  3.42017e+07
65  13  2.23947e+07
65  14  3.15241e+07
65  15  6.88437e+07
65  16  5.80532e+07
65  17  6.14594e+07
65  18  4.55951e+06
65  19  7.5678e+07
65  20  5.39744e+07
65  21  1.3208e+08
65  22  1.39489e+08
65  23  1.23429e+08
65  24  9.32514e+07
65  25  8.50663e+07
65  26  8.23669e+07
65  27  1.30843e+08
65  28  1.14773e+08
65  29  1.58659e+08
65  30  1.89049e+08
66  0  6.18428e+07
66  1  5.19311e+06
66  2  0
66  3  5.83667e+07
66  4  1.03417e+08
66  5  3.43064e+07
66  6  5.68451e+07
66  7  2.93294e+07
66  8  2.36559e+07
66  9  0
66  10  1.66178e+07
66  11  0
66  12  0
66  13  4.07155e+07
66  14  2.73087e+07
66  15  4.9766e+07
66  16  6.21481e+07
66  17  5.58319e+07
66  18  7.25266e+07
66  19  5.68589e+07
66  20  7.32738e+07
66  21  9.96894e+07
66  22  1.10265e+08
66  23  1.29397e+08
66  24  1.31974e+08
66  25  1.41537e+08
66  26  1.17746e+08
66  27  8.96563e+07
66  28  1.34615e+08
66  29  1.28905e+08
66  30  1.83923e+08
67  0  2.61427e+06
67  1  1.51091e+06
67  2  2.07137e+07
67  3  0
67  4  0
67  5  4.19623e+07
67  6  5.12286e+07
67  7  3.91263e+07
67  8  2.91164e+07
67  9  1.32784e+06
67  10  1.57151e+07
67  11  0
67  12  1.18909e+07
67  13  7.29988e+06
67  14  3.26934e+07
67  15  1.26489e+07
67  16  0
67  17  0
67  18  8.90174e+06
67  19  5.90309e+07
67  20  5.63638e+07
67  21  1.38646e+07
67  22  9.47852e+07
67  23  5.19398e+07
67  24  5.17787e+07
67  25  1.12787e+08
67  26  8.79336e+07
67  27  5.20501e+07
67  28  1.6945e+08
67  29  9.25108e+07
67  30  1.79454e+08
68  0  2.52463e+07
68  1  0
68  2  0
68  3  5.67955e+07
68  4  3.28941e+07
68  5  2.55479e+07
68  6  0
68  7  2.99385e+07
68  8  0
68  9  0
68  10  0
68  11  2.58699e+07
68  12  0
68  13  0
68  14  2.50956e+07
68  15  0
68  16  1.45182e+07
68  17  9.12248e+06
68  18  3.74104e+07
68  19  5.12251e+07
68  20  4.2437e+07
68  21  0
68  22  4.94108e+07
68  23  9.76914e+07
68  24  5.47655e+07
68  25  8.55446e+07
68  26  8.31436e+07
68  27  9.08939e+07
68  28  1.56828e+08
68  29  1.19468e+08
68  30  2.165e+08
69  0  1.39453e+07
69  1  0
69  2  0
69  3  1.49148e+07
69  4  1.8466e+07
69  5  4.00652e+07
69  6  2.61032e+07
69  7  1.42071e+07
69  8  1.59552e+07
69  9  3.12914e+06
69  10  0
69  11  0
69  12  0
69  13  0
69  14  6.47493e+06
69  15  0
69  16  1.04956e+07
69  17  2.33408e+07
69  18  0
69  19  7.92738e+06
69  20  4.06434e+07
69  21  2.82256e+07
69  22  4.96349e+07
69  23  5.70941e+07
69  24  9.56664e+07
69  25  1.11073e+08
69  26  1.1436e+08
69  27  1.66389e+08
69  28  6.63215e+07
69  29  1.1153e+08
69  30  2.99113e+08
70  0  0
70  1  0
70  2  0
70  3  0
70  4  0
70  5  2.93903e+07
70  6  0
70  7  2.97842e+07
70  8  1.23337e+07
70  9  2.27581e+07
70  10  7.69771e+06
70  11  1.96756e+07
70  12  2.34098e+07
70  13  0
70  14  1.47302e+07
70  15  4.54081e+07
70  16  0
70  17  4.38108e+07
70  18  1.08892e+07
70  19  0
70  20  6.129e+06
70  21  3.04945e+07
70  22  2.55455e+07
70  23  8.77595e+07
70  24  7.19315e+07
70  25  1.34332e+08
70  26  7.35519e+07
70  27  7.42513e+07
70  28  1.06726e+08
70  29  1.80513e+08
70  30  2.627e+08
71  0  0
71  1  2.02595e+07
71  2  304546
71  3  0
71  4  0
71  5  0
71  6  5.24011e+07
71  7  1.65872e+07
71  8  0
71  9  5.41512e+07
71  10  0
71  11  0
71  12  0
71  13  0
71  14  1.3402e+07
71  15  6.67724e+06
71  16  8.7209e+07
71  17  3.23611e+07
71  18  3.46147e+07
71  19  3.21212e+07
71  20  1.78296e+07
71  21  1.81837e+07
71  22  2.91122e+07
71  23  4.24969e+07
71  24  5.97002e+07
71  25  1.44275e+07
71  26  1.43747e+08
71  27  1.29251e+08
71  28  8.94343e+07
71  29  1.7792e+08
71  30  2.5005e+08
72  0  0
72  1  3.55422e+07
72  2  2.18252e+07
72  3  0
72  4  2.26513e+07
72  5  2.21507e+07
72  6  4.31933e+07
72  7  3.7568e+07
72  8  6.65045e+07
72  9  0
72  10  2.23137e+07
72  11  5.71898e+07
72  12  0
72  13  0
72  14  0
72  15  3.80998e+07
72  16  0
72  17  0
72  18  0
72  19  0
72  20  0
72  21  1.42865e+07
72  22  2.69204e+07
72  23  0
72  24  2.71132e+07
72  25  0
72  26  1.22812e+07
72  27  1.46448e+08
72  28  8.35186e+07
72  29  1.04079e+08
72  30  2.39558e+08
73  0  0
73  1  8.61583e+06
73  2  0
73  3  0
73  4  4.60327e+07
73  5  1.63986e+07
73  6  1.35921e+07
73  7  0
73  8  0
73  9  0
73  10  0
73  11  0
73  12  0
73  13  0
73  14  2.81446e+07
73  15  0
73  16  3.72521e+07
73  17  0
73  18  1.06977e+08
73  19  0
73  20  0
73  21  2.22874e+07
73  22  3.61633e+07
73  23  2.27297e+07
73  24  7.68299e+07
73  25  7.30658e+07
73  26  9.48131e+06
73  27  8.61146e+07
73  28  1.29041e+08
73  29  1.30289e+08
73  30  1.84947e+08
74  0  4.06552e+07
74  1  0
74  2  0
74  3  2.02314e+07
74  4  1.53807e+07
74  5  2.80126e+07
74  6  0
74  7  6.24087e+06
74  8  4.60047e+07
74  9  0
74  10  1.91302e+07
74  11  0
74  12  0
74  13  0
74  14  0
74  15  8.51423e+06
74  16  0
74  17  0
74  18  0
74  19  1.05594e+07
74  20  0
74  21  5.01005e+07
74  22  0
74  23  0
74  24  3.29946e+07
74  25  5.50862e+07
74  26  8.02036e+07
74  27  5.5455e+07
74  28  1.01117e+08
74  29  1.44245e+08
74  30  1.46865e+08
75  0  7.95686e+06
75  1  2.06662e+07
75  2  0
75  3  0
75  4  0
75  5  0
75  6  6.46065e+06
75  7  3.03196e+07
75  8  0
75  9  8.23964e+06
75  10  0
75  11  0
75  12  0
75  13  0
75  14  0
75  15  1.273e+07
75  16  0
75  17  749421
75  18  0
75  19  2.15548e+07
75  20  0
75  21  2.76363e+07
75  22  0
75  23  1.21045e+08
75  24  0
75  25  4.50185e+07
75  26  1.94455e+07
75  27  6.36371e+07
75  28  7.34737e+07
75  29  1.56775e+08
75  30  1.74947e+08
76  0  0
76  1  6.83283e+06
76  2  2.01509e+07
76  3  3.12842e+07
76  4  0
76  5  0
76  6  1.1918e+07
76  7  0
76  8  4.87296e+07
76  9  1.04959e+07
76  10  0
76  11  0
76  12  0
76  13  0
76  14  0
76  15  0
76  16  0
76  17  0
76  18  0
76  19  2.71924e+07
76  20  0
76  21  1.30811e+07
76  22  3.17171e+06
76  23  0
76  24  3.14913e+07
76  25  1.44113e+08
76  26  1.67177e+07
76  27  6.94269e+07
76  28  4.19628e+07
76  29  5.46947e+07
76  30  1.73137e+08
77  0  0
77  1  0
77  2  0
77  3  4.22207e+07
77  4  0
77  5  0
77  6  0
77  7  3.37273e+07
77  8  0
77  9  8.57584e+06
77  10  0
77  11  1.05178e+07
77  12  0
77  13  3.95934e+06
77  14  0
77  15  0
77  16  0
77  17  0
77  18  0
77  19  0
77  20  0
77  21  1.4457e+07
77  22  0
77  23  3.96949e+07
77  24  5.31343e+07
77  25  8.60983e+07
77  26  0
77  27  6.75998e+07
77  28  4.93665e+07
77  29  1.83517e+07
77  30  9.72478e+07
78  0  0
78  1  4.20155e+07
78  2  7.16089e+06
78  3  0
78  4  0
78  5  4.34175e+07
78  6  0
78  7  3.70104e+07
78  8  5.07356e+06
78  9  0
78  10  1.27108e+07
78  11  6.27377e+06
78  12  1.90528e+07
78  13  6.3242e+06
78  14  1.26153e+07
78  15  0
78  16  6.56961e+06
78  17  2.84924e+07
78  18  0
78  19  2.43571e+07
78  20  0
78  21  0
78  22  0
78  23  0
78  24  2.9488e+07
78  25  6.58514e+07
78  26  3.57543e+07
78  27  0
78  28  3.49566e+07
78  29  0
78  30  2.78968e+07
79  0  1.32005e+07
79  1  0
79  2  0
79  3  0
79  4  0
79  5  0
79  6  4.97332e+06
79  7  1.41615e+07
79  8  0
79  9  0
79  10  1.9581e+07
79  11  0
79  12  0
79  13  4.97971e+06
79  14  0
79  15  0
79  16  0
79  17  0
79  18  0
79  19  0
79  20  3.87701e+06
79  21  4.89732e+07
79  22  0
79  23  3.64362e+07
79  24  0
79  25  7.45505e+06
79  26  3.13335e+07
79  27  9.25429e+06
79  28  0
79  29  8.70164e+06
79  30  2.87811e+07
80  0  0
80  1  0
80  2  3.61545e+07
80  3  0
80  4  0
80  5  0
80  6  0
80  7  0
80  8  1.44357e+07
80  9  0
80  10  1.65899e+07
80  11  2.64653e+07
80  12  0
80  13  0
80  14  2.25053e+07
80  15  2.51138e+07
80  16  0
80  17  8.38369e+06
80  18  0
80  19  1.15504e+07
80  20  0
80  21  5.05854e+07
80  22  2.86204e+07
80  23  0
80  24  0
80  25  7.25668e+07
80  26  2.74634e+07
80  27  0
80  28  0
80  29  3.13409e+07
80  30  2.35836e+07
81  0  2.91946e+07
81  1  0
81  2  1.54224e+07
81  3  0
81  4  0
81  5  0
81  6  0
81  7  0
81  8  0
81  9  0
81  10  0
81  11  0
81  12  5.33081e+07
81  13  0
81  14  7.61158e+07
81  15  0
81  16  0
81  17  1.03451e+07
81  18  0
81  19  0
81  20  4.87622e+06
81  21  4.59789e+07
81  22  0
81  23  3.01112e+07
81  24  3.28178e+07
81  25  1.31315e+07
81  26  0
81  27  2.33983e+07
81  28  4.3703e+07
81  29  0
81  30  0
82  0  7.12545e+06
82  1  0
82  2  0
82  3  0
82  4  5.44004e+07
82  5  3.33299e+07
82  6  0
82  7  5.50627e+07
82  8  6.02114e+06
82  9  0
82  10  2.90622e+07
82  11  0
82  12  4.41551e+07
82  13  3.0001e+07
82  14  0
82  15  3.22826e+07
82  16  0
82  17  6.70109e+07
82  18  0
82  19  0
82  20  4.00464e+07
82  21  1.69575e+07
82  22  2.32258e+07
82  23  0
82  24  1.26221e+07
82  25  1.39239e+07
82  26  0
82  27  0
82  28  2.06868e+07
82  29  0
82  30  0
83  0  2.88257e+06
83  1  5.60413e+07
83  2  0
83  3  0
83  4  0
83  5  3.22481e+07
83  6  2.47196e+07
83  7  0
83  8  2.86186e+07
83  9  7.06104e+06
83  10  0
83  11  0
83  12  1.77403e+07
83  13  5.46402e+07
83  14  0
83  15  3.53835e+07
83  16  0
83  17  0
83  18  2.18656e+07
83  19  3.13416e+07
83  20  4.75345e+07
83  21  0
83  22  0
83  23  0
83  24  8.52364e+06
83  25  7.21955e+06
83  26  0
83  27  0
83  28  1.97341e+07
83  29  0
83  30  0
84  0  0
84  1  2.75895e+07
84  2  0
84  3  0
84  4  0
84  5  0
84  6  0
84  7  0
84  8  0
84  9  3.76813e+06
84  10  2.78009e+07
84  11  5.55822e+07
84  12  1.97146e+07
84  13  0
84  14  2.46792e+07
84  15  0
84  16  0
84  17  0
84  18  0
84  19  4.06484e+07
84  20  0
84  21  0
84  22  0
84  23  4.72004e+06
84  24  7.74759e+06
84  25  0
84  26  0
84  27  0
84  28  0
84  29  3.04633e+07
84  30  3.17922e+07
85  0  2.93108e+07
85  1  0
85  2  0
85  3  0
85  4  0
85  5  3.63073e+07
85  6  0
85  7  0
85  8  8.90249e+06
85  9  2.19051e+06
85  10  1.90902e+07
85  11  0
85  12  6.59376e+07
85  13  5.67868e+07
85  14  0
85  15  1.15384e+07
85  16  7.10921e+07
85  17  2.75138e+07
85  18  0
85  19  0
85  20  0
85  21  3.59764e+07
85  22  0
85  23  0
85  24  0
85  25  0
85  26  0
85  27  3.40963e+07
85  28  3.63697e+07
85  29  0
85  30  0
86  0  0
86  1  0
86  2  0
86  3  3.30881e+07
86  4  846418
86  5  0
86  6  2.87327e+07
86  7  0
86  8  0
86  9  1.92121e+07
86  10  0
86  11  2.56277e+07
86  12  1.04143e+08
86  13  4.18286e+07
86  14  0
86  15  2.06908e+07
86  16  0
86  17  0
86  18  0
86  19  0
86  20  0
86  21  2.85686e+07
86  22  0
86  23  0
86  24  0
86  25  6.33377e+07
86  26  4.32922e+07
86  27  0
86  28  0
86  29  0
86  30  0

