row  column  (images_12_23nov.edf Zn_K*images_12_23nov.edf Ar_K**2.3)
0  0  7.88853e+07
0  1  1.95033e+08
0  2  1.99764e+08
0  3  3.10587e+08
0  4  3.67325e+08
0  5  2.85929e+08
0  6  2.6453e+08
0  7  3.47563e+08
0  8  3.10396e+08
0  9  3.56019e+08
0  10  2.47595e+08
0  11  2.35519e+08
0  12  3.00921e+08
0  13  1.70349e+08
0  14  3.39932e+08
0  15  3.52969e+08
0  16  2.34271e+08
0  17  1.76513e+08
0  18  2.91382e+08
0  19  4.22945e+08
0  20  3.67265e+08
0  21  3.0669e+08
0  22  2.22782e+08
0  23  2.05756e+08
0  24  1.12596e+08
0  25  1.3289e+08
0  26  2.29685e+08
0  27  3.18501e+08
0  28  3.79216e+08
0  29  3.67189e+08
0  30  4.14352e+08
0  31  3.87784e+08
0  32  2.81826e+08
0  33  3.45624e+08
0  34  2.13049e+08
0  35  4.12294e+08
0  36  4.26634e+08
0  37  7.4643e+08
0  38  6.24573e+08
0  39  4.29612e+08
0  40  3.56637e+08
0  41  5.0741e+08
0  42  4.72817e+08
0  43  5.88136e+08
0  44  5.70304e+08
0  45  5.85105e+08
0  46  6.98954e+08
0  47  6.63085e+08
0  48  6.67418e+08
0  49  4.88818e+08
0  50  6.71983e+08
1  0  2.047e+07
1  1  1.03374e+08
1  2  2.23624e+08
1  3  2.70516e+08
1  4  3.00228e+08
1  5  3.04642e+08
1  6  2.77912e+08
1  7  2.95991e+08
1  8  2.66223e+08
1  9  3.0872e+08
1  10  2.56653e+08
1  11  2.89373e+08
1  12  2.34108e+08
1  13  2.25851e+08
1  14  2.40835e+08
1  15  2.83768e+08
1  16  2.77426e+08
1  17  3.0278e+08
1  18  2.81591e+08
1  19  4.60774e+08
1  20  4.20443e+08
1  21  3.31643e+08
1  22  1.29939e+08
1  23  1.55528e+08
1  24  2.91468e+08
1  25  3.94552e+08
1  26  4.45276e+08
1  27  2.52501e+08
1  28  4.99737e+08
1  29  3.78103e+08
1  30  3.63685e+08
1  31  4.95045e+08
1  32  3.00141e+08
1  33  2.67771e+08
1  34  2.51689e+08
1  35  4.6956e+08
1  36  6.00053e+08
1  37  6.5349e+08
1  38  5.87367e+08
1  39  4.77754e+08
1  40  4.23467e+08
1  41  4.71137e+08
1  42  5.67757e+08
1  43  5.69994e+08
1  44  4.65481e+08
1  45  5.93236e+08
1  46  7.27282e+08
1  47  7.17971e+08
1  48  6.22778e+08
1  49  5.32954e+08
1  50  5.62441e+08
2  0  0
2  1  5.79281e+07
2  2  1.68239e+08
2  3  3.0787e+08
2  4  3.1212e+08
2  5  3.38085e+08
2  6  2.14859e+08
2  7  3.63697e+08
2  8  2.31636e+08
2  9  3.31118e+08
2  10  3.02263e+08
2  11  3.57959e+08
2  12  2.3533e+08
2  13  1.9001e+08
2  14  2.78337e+08
2  15  3.68001e+08
2  16  2.55937e+08
2  17  3.05678e+08
2  18  2.7602e+08
2  19  2.41183e+08
2  20  3.72988e+08
2  21  4.5357e+08
2  22  1.47957e+08
2  23  1.61329e+08
2  24  1.95185e+08
2  25  2.03341e+08
2  26  3.40097e+08
2  27  3.49602e+08
2  28  3.42394e+08
2  29  3.47809e+08
2  30  3.45428e+08
2  31  3.92896e+08
2  32  2.33066e+08
2  33  3.81375e+08
2  34  3.3961e+08
2  35  5.30655e+08
2  36  7.21671e+08
2  37  6.67543e+08
2  38  4.90984e+08
2  39  3.46908e+08
2  40  3.41737e+08
2  41  4.75679e+08
2  42  5.96419e+08
2  43  5.23007e+08
2  44  3.74161e+08
2  45  5.74278e+08
2  46  7.26618e+08
2  47  7.34565e+08
2  48  6.68562e+08
2  49  6.53647e+08
2  50  7.00708e+08
3  0  5.00737e+07
3  1  4.32221e+07
3  2  2.47542e+08
3  3  3.55879e+08
3  4  3.64292e+08
3  5  2.37359e+08
3  6  2.80838e+08
3  7  3.19811e+08
3  8  2.19823e+08
3  9  2.91653e+08
3  10  3.13897e+08
3  11  2.05536e+08
3  12  3.14542e+08
3  13  2.43791e+08
3  14  2.6445e+08
3  15  2.8955e+08
3  16  3.3109e+08
3  17  2.28873e+08
3  18  2.2904e+08
3  19  2.36784e+08
3  20  5.12127e+08
3  21  3.23591e+08
3  22  2.07125e+08
3  23  1.51682e+08
3  24  2.11992e+08
3  25  2.93218e+08
3  26  3.29267e+08
3  27  3.50063e+08
3  28  3.84105e+08
3  29  3.13663e+08
3  30  2.87002e+08
3  31  4.00045e+08
3  32  3.54028e+08
3  33  3.52769e+08
3  34  3.41215e+08
3  35  5.85906e+08
3  36  7.05135e+08
3  37  5.77724e+08
3  38  4.68514e+08
3  39  3.67453e+08
3  40  4.28823e+08
3  41  5.47399e+08
3  42  5.85335e+08
3  43  4.98447e+08
3  44  5.14862e+08
3  45  7.61253e+08
3  46  7.14615e+08
3  47  6.90792e+08
3  48  6.65407e+08
3  49  5.815e+08
3  50  7.10875e+08
4  0  1.25394e+07
4  1  3.11802e+07
4  2  2.10078e+08
4  3  3.18001e+08
4  4  4.6495e+08
4  5  2.83925e+08
4  6  2.70884e+08
4  7  3.29359e+08
4  8  2.46368e+08
4  9  2.43949e+08
4  10  2.48812e+08
4  11  3.41531e+08
4  12  2.3258e+08
4  13  2.15627e+08
4  14  2.69171e+08
4  15  2.82874e+08
4  16  2.9635e+08
4  17  2.75035e+08
4  18  2.18422e+08
4  19  2.41554e+08
4  20  4.53337e+08
4  21  4.83361e+08
4  22  3.32777e+08
4  23  2.07583e+08
4  24  3.44264e+08
4  25  2.79619e+08
4  26  3.81939e+08
4  27  3.81833e+08
4  28  3.52069e+08
4  29  3.92911e+08
4  30  3.26262e+08
4  31  4.24055e+08
4  32  3.77146e+08
4  33  2.53264e+08
4  34  2.53593e+08
4  35  5.31323e+08
4  36  6.7531e+08
4  37  5.32825e+08
4  38  4.00153e+08
4  39  3.65315e+08
4  40  4.6509e+08
4  41  3.57541e+08
4  42  4.94919e+08
4  43  5.73018e+08
4  44  5.26073e+08
4  45  7.0185e+08
4  46  6.06155e+08
4  47  7.22169e+08
4  48  7.35068e+08
4  49  8.16967e+08
4  50  6.24382e+08
5  0  2.52496e+07
5  1  0
5  2  3.03642e+08
5  3  3.17702e+08
5  4  4.55367e+08
5  5  3.45254e+08
5  6  2.82622e+08
5  7  3.01493e+08
5  8  3.56085e+08
5  9  3.3142e+08
5  10  2.59126e+08
5  11  2.95618e+08
5  12  2.16749e+08
5  13  2.38116e+08
5  14  1.83723e+08
5  15  3.41958e+08
5  16  2.19434e+08
5  17  2.43567e+08
5  18  2.64361e+08
5  19  3.06905e+08
5  20  3.94695e+08
5  21  5.46012e+08
5  22  3.12104e+08
5  23  2.31806e+08
5  24  2.21613e+08
5  25  4.10233e+08
5  26  3.53993e+08
5  27  2.489e+08
5  28  4.8115e+08
5  29  3.44199e+08
5  30  3.5015e+08
5  31  3.85084e+08
5  32  2.27675e+08
5  33  2.77964e+08
5  34  3.87529e+08
5  35  5.70537e+08
5  36  6.94726e+08
5  37  4.20959e+08
5  38  3.93081e+08
5  39  4.39056e+08
5  40  2.55504e+08
5  41  4.38734e+08
5  42  4.44949e+08
5  43  5.55245e+08
5  44  4.92557e+08
5  45  5.41427e+08
5  46  7.4109e+08
5  47  7.98388e+08
5  48  7.44431e+08
5  49  7.21872e+08
5  50  7.37949e+08
6  0  1.2184e+07
6  1  0
6  2  1.24195e+08
6  3  3.013e+08
6  4  5.47443e+08
6  5  4.5538e+08
6  6  2.47777e+08
6  7  4.87817e+08
6  8  2.4584e+08
6  9  3.33878e+08
6  10  3.44246e+08
6  11  1.64969e+08
6  12  2.98818e+08
6  13  2.35328e+08
6  14  2.64575e+08
6  15  1.52519e+08
6  16  2.33813e+08
6  17  2.53611e+08
6  18  1.67168e+08
6  19  1.76295e+08
6  20  3.10716e+08
6  21  5.14089e+08
6  22  3.19706e+08
6  23  1.8906e+08
6  24  3.27057e+08
6  25  2.52765e+08
6  26  2.78444e+08
6  27  3.41463e+08
6  28  3.30555e+08
6  29  3.53708e+08
6  30  3.46772e+08
6  31  3.0529e+08
6  32  2.94101e+08
6  33  2.39376e+08
6  34  3.03176e+08
6  35  5.89408e+08
6  36  6.82537e+08
6  37  4.29923e+08
6  38  3.64614e+08
6  39  3.70716e+08
6  40  3.8008e+08
6  41  4.15131e+08
6  42  5.97187e+08
6  43  6.53142e+08
6  44  4.7003e+08
6  45  5.23988e+08
6  46  7.41847e+08
6  47  7.64863e+08
6  48  8.35321e+08
6  49  8.29221e+08
6  50  7.75293e+08
7  0  0
7  1  1.05811e+08
7  2  2.00811e+08
7  3  3.71217e+08
7  4  6.12596e+08
7  5  4.93411e+08
7  6  2.06678e+08
7  7  3.95129e+08
7  8  2.93862e+08
7  9  3.8725e+08
7  10  2.66065e+08
7  11  1.93514e+08
7  12  2.15496e+08
7  13  2.76059e+08
7  14  2.77562e+08
7  15  2.6362e+08
7  16  2.84808e+08
7  17  3.24589e+08
7  18  3.04688e+08
7  19  3.56518e+08
7  20  3.91781e+08
7  21  3.60524e+08
7  22  4.05641e+08
7  23  3.38727e+08
7  24  1.95537e+08
7  25  2.7869e+08
7  26  2.5234e+08
7  27  2.6045e+08
7  28  3.56915e+08
7  29  4.48448e+08
7  30  4.20555e+08
7  31  2.91623e+08
7  32  3.29408e+08
7  33  4.02893e+08
7  34  4.65511e+08
7  35  5.79269e+08
7  36  6.35378e+08
7  37  2.73478e+08
7  38  3.63858e+08
7  39  4.64263e+08
7  40  3.57265e+08
7  41  4.03827e+08
7  42  6.09347e+08
7  43  5.43938e+08
7  44  5.50141e+08
7  45  5.32834e+08
7  46  6.72718e+08
7  47  6.77979e+08
7  48  8.10519e+08
7  49  6.9284e+08
7  50  8.21469e+08
8  0  1.07545e+07
8  1  1.0656e+07
8  2  1.00846e+06
8  3  2.75642e+08
8  4  5.60392e+08
8  5  5.82646e+08
8  6  2.86245e+08
8  7  2.65317e+08
8  8  3.14373e+08
8  9  3.54712e+08
8  10  3.43431e+08
8  11  1.31241e+08
8  12  2.49116e+08
8  13  1.89003e+08
8  14  2.6542e+08
8  15  4.23937e+08
8  16  2.46706e+08
8  17  2.5517e+08
8  18  3.89216e+08
8  19  2.42181e+08
8  20  2.77431e+08
8  21  3.48627e+08
8  22  3.40314e+08
8  23  4.15453e+08
8  24  2.80627e+08
8  25  2.34982e+08
8  26  2.98431e+08
8  27  1.21738e+08
8  28  3.4786e+08
8  29  4.00028e+08
8  30  4.12682e+08
8  31  2.57493e+08
8  32  3.27317e+08
8  33  3.70638e+08
8  34  4.63018e+08
8  35  5.14882e+08
8  36  6.34023e+08
8  37  3.91438e+08
8  38  3.24479e+08
8  39  4.70199e+08
8  40  3.7657e+08
8  41  4.40706e+08
8  42  5.52804e+08
8  43  5.52945e+08
8  44  5.50029e+08
8  45  5.29835e+08
8  46  6.40895e+08
8  47  7.42745e+08
8  48  7.52359e+08
8  49  7.22137e+08
8  50  7.0691e+08
9  0  0
9  1  0
9  2  4.40392e+07
9  3  1.65642e+08
9  4  4.85677e+08
9  5  6.52036e+08
9  6  3.33563e+08
9  7  1.62096e+08
9  8  2.33344e+08
9  9  2.30765e+08
9  10  4.20658e+08
9  11  2.69254e+08
9  12  2.57671e+08
9  13  1.205e+08
9  14  1.66801e+08
9  15  1.9417e+08
9  16  1.49001e+08
9  17  3.03448e+08
9  18  3.18383e+08
9  19  2.81595e+08
9  20  2.91533e+08
9  21  3.08622e+08
9  22  3.84271e+08
9  23  4.82357e+08
9  24  2.79058e+08
9  25  2.50647e+08
9  26  2.9064e+08
9  27  1.85241e+08
9  28  2.46809e+08
9  29  4.64045e+08
9  30  4.0743e+08
9  31  4.56242e+08
9  32  3.68271e+08
9  33  1.99868e+08
9  34  3.85504e+08
9  35  5.18371e+08
9  36  5.19634e+08
9  37  3.87802e+08
9  38  3.94597e+08
9  39  4.71369e+08
9  40  3.84863e+08
9  41  4.88351e+08
9  42  6.16075e+08
9  43  6.15115e+08
9  44  6.25728e+08
9  45  5.62007e+08
9  46  6.77476e+08
9  47  6.13498e+08
9  48  7.5008e+08
9  49  7.68106e+08
9  50  7.518e+08
10  0  0
10  1  3.91553e+07
10  2  7.85427e+06
10  3  2.03338e+08
10  4  4.16251e+08
10  5  6.18591e+08
10  6  4.67625e+08
10  7  2.77344e+08
10  8  2.77136e+08
10  9  3.60045e+08
10  10  4.99311e+08
10  11  3.87059e+08
10  12  2.8612e+08
10  13  2.77517e+08
10  14  1.91668e+08
10  15  2.24698e+08
10  16  3.0275e+08
10  17  2.63608e+08
10  18  2.67608e+08
10  19  2.42563e+08
10  20  2.79476e+08
10  21  3.46399e+08
10  22  4.11293e+08
10  23  5.75415e+08
10  24  5.40374e+08
10  25  2.73072e+08
10  26  1.99198e+08
10  27  2.63552e+08
10  28  1.54514e+08
10  29  3.76495e+08
10  30  4.10774e+08
10  31  4.03381e+08
10  32  3.78009e+08
10  33  3.19561e+08
10  34  3.25833e+08
10  35  5.09056e+08
10  36  5.53725e+08
10  37  4.02557e+08
10  38  3.44816e+08
10  39  3.5044e+08
10  40  4.8957e+08
10  41  2.71547e+08
10  42  4.21683e+08
10  43  6.85771e+08
10  44  5.75638e+08
10  45  5.76984e+08
10  46  6.19188e+08
10  47  5.45559e+08
10  48  7.44487e+08
10  49  7.22174e+08
10  50  5.45944e+08
11  0  0
11  1  0
11  2  5.88402e+06
11  3  1.39466e+08
11  4  4.56555e+08
11  5  6.67105e+08
11  6  3.38551e+08
11  7  2.15136e+08
11  8  3.23742e+08
11  9  3.66602e+08
11  10  4.4247e+08
11  11  3.6061e+08
11  12  1.62812e+08
11  13  1.71216e+08
11  14  2.43161e+08
11  15  2.71651e+08
11  16  2.8669e+08
11  17  2.31456e+08
11  18  3.56322e+08
11  19  1.69525e+08
11  20  3.02977e+08
11  21  3.69694e+08
11  22  3.91763e+08
11  23  5.61108e+08
11  24  4.97231e+08
11  25  3.73406e+08
11  26  3.32717e+08
11  27  1.79104e+08
11  28  1.67371e+08
11  29  4.78052e+08
11  30  3.4249e+08
11  31  4.99712e+08
11  32  2.54673e+08
11  33  2.22321e+08
11  34  3.8656e+08
11  35  4.96403e+08
11  36  4.77612e+08
11  37  3.86166e+08
11  38  3.19024e+08
11  39  5.67213e+08
11  40  4.75766e+08
11  41  4.12928e+08
11  42  5.79011e+08
11  43  5.57921e+08
11  44  5.15293e+08
11  45  6.29257e+08
11  46  6.24828e+08
11  47  5.76844e+08
11  48  5.95483e+08
11  49  7.83359e+08
11  50  6.3718e+08
12  0  0
12  1  3.2766e+07
12  2  4.09186e+07
12  3  1.16121e+08
12  4  3.05947e+08
12  5  5.28589e+08
12  6  3.81973e+08
12  7  1.59222e+08
12  8  2.575e+08
12  9  4.91724e+08
12  10  5.04201e+08
12  11  3.93298e+08
12  12  2.81221e+08
12  13  2.33926e+08
12  14  2.70634e+08
12  15  3.66867e+08
12  16  1.87594e+08
12  17  2.71812e+08
12  18  1.55848e+08
12  19  2.43796e+08
12  20  2.33547e+08
12  21  2.6488e+08
12  22  4.20433e+08
12  23  5.48497e+08
12  24  5.97141e+08
12  25  3.73035e+08
12  26  3.27032e+08
12  27  2.1309e+08
12  28  1.8055e+08
12  29  4.31764e+08
12  30  5.15405e+08
12  31  5.0272e+08
12  32  2.97541e+08
12  33  2.83592e+08
12  34  2.85545e+08
12  35  3.98415e+08
12  36  5.15236e+08
12  37  2.91496e+08
12  38  2.27289e+08
12  39  3.99037e+08
12  40  5.1771e+08
12  41  4.94009e+08
12  42  6.00402e+08
12  43  6.60277e+08
12  44  6.18706e+08
12  45  4.39921e+08
12  46  6.24147e+08
12  47  6.197e+08
12  48  5.90231e+08
12  49  6.63648e+08
12  50  5.39204e+08
13  0  0
13  1  0
13  2  4.43681e+07
13  3  1.11417e+08
13  4  4.3049e+08
13  5  5.42889e+08
13  6  4.13165e+08
13  7  2.51096e+08
13  8  3.01733e+08
13  9  6.05239e+08
13  10  6.23645e+08
13  11  3.20191e+08
13  12  2.4245e+08
13  13  2.5448e+08
13  14  3.34891e+08
13  15  2.71918e+08
13  16  2.57424e+08
13  17  3.01165e+08
13  18  3.16326e+08
13  19  2.86212e+08
13  20  2.32976e+08
13  21  2.60773e+08
13  22  3.72065e+08
13  23  5.88739e+08
13  24  6.02412e+08
13  25  4.50068e+08
13  26  2.62304e+08
13  27  2.72272e+08
13  28  2.23231e+08
13  29  3.86569e+08
13  30  5.05504e+08
13  31  5.07121e+08
13  32  4.47925e+08
13  33  3.21134e+08
13  34  3.43634e+08
13  35  4.38324e+08
13  36  5.12974e+08
13  37  2.77329e+08
13  38  4.23785e+08
13  39  6.69068e+08
13  40  6.72089e+08
13  41  4.99195e+08
13  42  5.99296e+08
13  43  6.08673e+08
13  44  5.39861e+08
13  45  6.13389e+08
13  46  5.54439e+08
13  47  4.40848e+08
13  48  4.75798e+08
13  49  7.85875e+08
13  50  7.05132e+08
14  0  8.63404e+07
14  1  0
14  2  3.34812e+07
14  3  1.01979e+08
14  4  2.44214e+08
14  5  5.02147e+08
14  6  4.80567e+08
14  7  2.36671e+08
14  8  2.21961e+08
14  9  3.95349e+08
14  10  4.59322e+08
14  11  4.60346e+08
14  12  3.62418e+08
14  13  2.70126e+08
14  14  3.43313e+08
14  15  2.35415e+08
14  16  2.39884e+08
14  17  2.39118e+08
14  18  2.93869e+08
14  19  2.50331e+08
14  20  1.99586e+08
14  21  3.27416e+08
14  22  3.07205e+08
14  23  6.07104e+08
14  24  6.54716e+08
14  25  5.43458e+08
14  26  3.92362e+08
14  27  2.70735e+08
14  28  3.17508e+08
14  29  2.69075e+08
14  30  5.14474e+08
14  31  4.76595e+08
14  32  3.78484e+08
14  33  3.21434e+08
14  34  3.9115e+08
14  35  3.91537e+08
14  36  6.06664e+08
14  37  2.86753e+08
14  38  4.39095e+08
14  39  5.68375e+08
14  40  6.58342e+08
14  41  5.66871e+08
14  42  5.98409e+08
14  43  5.57335e+08
14  44  6.37694e+08
14  45  7.08906e+08
14  46  6.70804e+08
14  47  5.2615e+08
14  48  4.3449e+08
14  49  5.94543e+08
14  50  6.50716e+08
15  0  0
15  1  3.541e+07
15  2  0
15  3  1.60404e+07
15  4  2.87478e+08
15  5  3.79548e+08
15  6  3.25938e+08
15  7  1.89996e+08
15  8  2.39457e+08
15  9  4.55762e+08
15  10  5.65268e+08
15  11  6.2946e+08
15  12  3.52934e+08
15  13  2.56012e+08
15  14  3.25022e+08
15  15  4.72784e+08
15  16  2.61038e+08
15  17  2.38455e+08
15  18  2.98687e+08
15  19  2.27787e+08
15  20  2.8788e+08
15  21  2.53022e+08
15  22  3.64501e+08
15  23  5.18404e+08
15  24  6.40581e+08
15  25  5.04578e+08
15  26  2.68838e+08
15  27  2.70143e+08
15  28  2.03007e+08
15  29  3.73958e+08
15  30  5.38648e+08
15  31  4.38436e+08
15  32  4.5863e+08
15  33  3.08683e+08
15  34  3.02313e+08
15  35  4.55799e+08
15  36  5.07814e+08
15  37  2.90546e+08
15  38  4.57359e+08
15  39  5.42803e+08
15  40  6.12567e+08
15  41  6.12491e+08
15  42  5.53924e+08
15  43  4.35993e+08
15  44  5.15083e+08
15  45  5.58927e+08
15  46  4.89033e+08
15  47  2.72282e+08
15  48  4.10167e+08
15  49  5.02641e+08
15  50  6.31503e+08
16  0  0
16  1  0
16  2  0
16  3  9.89948e+07
16  4  1.81221e+08
16  5  3.20756e+08
16  6  3.90762e+08
16  7  2.69607e+08
16  8  1.80601e+08
16  9  4.16724e+08
16  10  4.91661e+08
16  11  5.53538e+08
16  12  4.96175e+08
16  13  2.51917e+08
16  14  3.17693e+08
16  15  3.7686e+08
16  16  3.26413e+08
16  17  2.46187e+08
16  18  2.40684e+08
16  19  3.99057e+08
16  20  2.26144e+08
16  21  3.0388e+08
16  22  3.26834e+08
16  23  3.69171e+08
16  24  6.45597e+08
16  25  4.75706e+08
16  26  4.8018e+08
16  27  3.14487e+08
16  28  2.19253e+08
16  29  3.28236e+08
16  30  5.0847e+08
16  31  5.18315e+08
16  32  4.62975e+08
16  33  4.15962e+08
16  34  4.68241e+08
16  35  3.51273e+08
16  36  4.69106e+08
16  37  3.77048e+08
16  38  4.338e+08
16  39  5.97209e+08
16  40  6.59864e+08
16  41  6.89711e+08
16  42  5.6645e+08
16  43  5.76186e+08
16  44  5.35693e+08
16  45  4.8324e+08
16  46  4.73936e+08
16  47  3.58865e+08
16  48  4.10467e+08
16  49  6.00465e+08
16  50  7.13858e+08
17  0  8.44982e+06
17  1  6.46288e+07
17  2  0
17  3  6.14168e+07
17  4  1.37302e+08
17  5  2.75334e+08
17  6  4.08696e+08
17  7  2.85521e+08
17  8  1.70652e+08
17  9  4.61964e+08
17  10  6.41335e+08
17  11  4.51434e+08
17  12  3.96895e+08
17  13  2.29868e+08
17  14  3.39523e+08
17  15  4.05065e+08
17  16  2.47628e+08
17  17  2.8874e+08
17  18  3.675e+08
17  19  2.04875e+08
17  20  3.21767e+08
17  21  2.81775e+08
17  22  2.86277e+08
17  23  4.33584e+08
17  24  5.37726e+08
17  25  4.56619e+08
17  26  6.28492e+08
17  27  3.01997e+08
17  28  3.20153e+08
17  29  3.83084e+08
17  30  4.27884e+08
17  31  4.24428e+08
17  32  4.51524e+08
17  33  3.53059e+08
17  34  3.08391e+08
17  35  4.71028e+08
17  36  4.24805e+08
17  37  2.99014e+08
17  38  4.6782e+08
17  39  7.55381e+08
17  40  7.64568e+08
17  41  6.95914e+08
17  42  4.65604e+08
17  43  5.38595e+08
17  44  5.24927e+08
17  45  6.05061e+08
17  46  3.98726e+08
17  47  3.32629e+08
17  48  4.39635e+08
17  49  4.73599e+08
17  50  6.38583e+08
18  0  0
18  1  8.33647e+07
18  2  4.24981e+06
18  3  2.58803e+07
18  4  2.03995e+08
18  5  1.8228e+08
18  6  3.13025e+08
18  7  2.41653e+08
18  8  3.43904e+08
18  9  3.74688e+08
18  10  5.08531e+08
18  11  4.12133e+08
18  12  3.87703e+08
18  13  2.44854e+08
18  14  2.9195e+08
18  15  5.23024e+08
18  16  2.29799e+08
18  17  2.6438e+08
18  18  1.74487e+08
18  19  1.5202e+08
18  20  2.69879e+08
18  21  2.27807e+08
18  22  3.24016e+08
18  23  3.34138e+08
18  24  4.89543e+08
18  25  4.39705e+08
18  26  4.8702e+08
18  27  3.25496e+08
18  28  2.86923e+08
18  29  3.32053e+08
18  30  4.8557e+08
18  31  3.38742e+08
18  32  4.01354e+08
18  33  5.19476e+08
18  34  4.06123e+08
18  35  4.06822e+08
18  36  5.42441e+08
18  37  4.11446e+08
18  38  4.28983e+08
18  39  6.91864e+08
18  40  6.32629e+08
18  41  6.09524e+08
18  42  6.06117e+08
18  43  5.00921e+08
18  44  5.19172e+08
18  45  5.68299e+08
18  46  3.13759e+08
18  47  3.381e+08
18  48  2.93324e+08
18  49  6.2197e+08
18  50  5.04192e+08
19  0  6.21796e+07
19  1  2.20074e+07
19  2  1.16176e+08
19  3  1.09262e+08
19  4  2.07161e+08
19  5  3.0098e+08
19  6  2.48287e+08
19  7  4.09605e+08
19  8  3.24286e+08
19  9  3.08249e+08
19  10  4.95179e+08
19  11  4.63228e+08
19  12  2.53437e+08
19  13  1.85663e+08
19  14  5.39899e+08
19  15  4.65842e+08
19  16  2.37334e+08
19  17  1.67065e+08
19  18  1.87178e+08
19  19  3.51116e+08
19  20  3.8064e+08
19  21  2.44455e+08
19  22  3.15869e+08
19  23  3.26751e+08
19  24  3.94124e+08
19  25  4.68115e+08
19  26  4.51189e+08
19  27  3.83773e+08
19  28  4.29876e+08
19  29  3.37961e+08
19  30  4.05218e+08
19  31  3.18456e+08
19  32  3.17186e+08
19  33  4.30507e+08
19  34  4.76222e+08
19  35  3.88347e+08
19  36  5.18893e+08
19  37  4.60279e+08
19  38  4.54485e+08
19  39  6.16668e+08
19  40  7.22803e+08
19  41  5.38055e+08
19  42  5.24202e+08
19  43  3.83911e+08
19  44  5.57222e+08
19  45  5.60953e+08
19  46  3.06149e+08
19  47  3.34289e+08
19  48  3.24866e+08
19  49  5.06584e+08
19  50  5.26207e+08
20  0  0
20  1  6.12489e+07
20  2  1.65835e+08
20  3  8.42045e+07
20  4  3.08869e+08
20  5  2.83481e+08
20  6  2.83884e+08
20  7  3.01671e+08
20  8  2.36919e+08
20  9  3.77333e+08
20  10  4.22662e+08
20  11  4.5634e+08
20  12  1.32062e+08
20  13  2.0535e+08
20  14  4.12429e+08
20  15  3.96931e+08
20  16  2.76406e+08
20  17  2.27564e+08
20  18  2.71167e+08
20  19  3.15087e+08
20  20  3.46902e+08
20  21  3.17461e+08
20  22  3.36019e+08
20  23  3.15268e+08
20  24  4.88174e+08
20  25  4.99936e+08
20  26  5.78169e+08
20  27  4.38134e+08
20  28  3.13318e+08
20  29  4.22765e+08
20  30  4.68696e+08
20  31  3.3823e+08
20  32  2.92363e+08
20  33  3.54125e+08
20  34  4.70569e+08
20  35  4.72154e+08
20  36  3.63834e+08
20  37  4.07278e+08
20  38  4.87911e+08
20  39  5.42476e+08
20  40  7.19263e+08
20  41  5.5183e+08
20  42  3.98426e+08
20  43  4.86115e+08
20  44  5.64794e+08
20  45  5.7256e+08
20  46  3.71186e+08
20  47  2.93993e+08
20  48  1.94944e+08
20  49  5.09605e+08
20  50  5.31986e+08
21  0  4.27226e+07
21  1  1.03435e+08
21  2  2.33338e+08
21  3  2.76134e+08
21  4  3.96851e+08
21  5  3.43715e+08
21  6  3.18904e+08
21  7  2.74842e+08
21  8  3.3615e+08
21  9  3.91017e+08
21  10  3.37632e+08
21  11  2.98333e+08
21  12  2.51662e+08
21  13  2.99483e+08
21  14  4.57223e+08
21  15  4.63527e+08
21  16  3.07693e+08
21  17  1.84219e+08
21  18  1.6662e+08
21  19  2.36938e+08
21  20  3.69438e+08
21  21  2.69142e+08
21  22  3.17046e+08
21  23  3.47644e+08
21  24  3.97637e+08
21  25  6.64735e+08
21  26  4.88112e+08
21  27  5.53891e+08
21  28  4.21399e+08
21  29  3.94642e+08
21  30  3.48226e+08
21  31  1.60166e+08
21  32  2.2265e+08
21  33  5.22819e+08
21  34  4.4178e+08
21  35  3.62831e+08
21  36  3.53612e+08
21  37  5.18856e+08
21  38  3.97479e+08
21  39  5.86941e+08
21  40  5.83875e+08
21  41  4.02599e+08
21  42  3.63452e+08
21  43  4.86861e+08
21  44  4.46737e+08
21  45  5.43537e+08
21  46  3.34297e+08
21  47  2.01483e+08
21  48  2.60352e+08
21  49  4.96494e+08
21  50  5.15814e+08
22  0  9.42753e+07
22  1  1.58797e+08
22  2  3.21437e+08
22  3  2.60988e+08
22  4  3.44457e+08
22  5  3.93129e+08
22  6  2.38393e+08
22  7  1.64049e+08
22  8  3.26386e+08
22  9  3.63098e+08
22  10  2.69482e+08
22  11  2.81669e+08
22  12  2.17014e+08
22  13  2.62175e+08
22  14  3.88402e+08
22  15  3.99377e+08
22  16  3.12186e+08
22  17  1.87542e+08
22  18  2.51254e+08
22  19  2.66153e+08
22  20  3.41205e+08
22  21  2.88441e+08
22  22  3.07899e+08
22  23  2.98943e+08
22  24  4.09128e+08
22  25  4.63963e+08
22  26  5.13804e+08
22  27  5.18535e+08
22  28  6.35011e+08
22  29  3.58059e+08
22  30  3.77149e+08
22  31  2.83197e+08
22  32  2.579e+08
22  33  4.12627e+08
22  34  4.58398e+08
22  35  5.40357e+08
22  36  5.22296e+08
22  37  4.88405e+08
22  38  4.4291e+08
22  39  4.79094e+08
22  40  6.14771e+08
22  41  4.05736e+08
22  42  3.74083e+08
22  43  4.16842e+08
22  44  4.4235e+08
22  45  4.95921e+08
22  46  4.13537e+08
22  47  2.12191e+08
22  48  1.37764e+08
22  49  3.74605e+08
22  50  5.10582e+08
23  0  1.0302e+08
23  1  3.18381e+08
23  2  3.92875e+08
23  3  2.68465e+08
23  4  3.35812e+08
23  5  4.43194e+08
23  6  3.60731e+08
23  7  2.72163e+08
23  8  3.45823e+08
23  9  3.63482e+08
23  10  3.42808e+08
23  11  2.10447e+08
23  12  2.86171e+08
23  13  2.92707e+08
23  14  3.34949e+08
23  15  5.83497e+08
23  16  5.41351e+08
23  17  2.64652e+08
23  18  3.11165e+08
23  19  1.63475e+08
23  20  2.97177e+08
23  21  1.94751e+08
23  22  3.92574e+08
23  23  3.07532e+08
23  24  4.20074e+08
23  25  5.43273e+08
23  26  4.62195e+08
23  27  5.39811e+08
23  28  5.39709e+08
23  29  3.54101e+08
23  30  3.98291e+08
23  31  2.56634e+08
23  32  3.0524e+08
23  33  5.16281e+08
23  34  4.959e+08
23  35  4.77409e+08
23  36  5.79809e+08
23  37  5.16963e+08
23  38  3.5916e+08
23  39  5.02645e+08
23  40  5.75562e+08
23  41  3.68443e+08
23  42  3.19968e+08
23  43  3.9472e+08
23  44  4.67598e+08
23  45  4.89854e+08
23  46  3.07389e+08
23  47  1.56637e+08
23  48  2.87071e+08
23  49  4.71764e+08
23  50  4.40315e+08
24  0  1.61358e+08
24  1  2.97198e+08
24  2  3.63497e+08
24  3  2.57357e+08
24  4  4.17933e+08
24  5  4.38429e+08
24  6  4.65154e+08
24  7  2.73705e+08
24  8  2.97861e+08
24  9  2.83001e+08
24  10  2.5461e+08
24  11  1.80072e+08
24  12  2.43925e+08
24  13  3.37821e+08
24  14  4.0852e+08
24  15  5.79987e+08
24  16  3.60596e+08
24  17  2.53418e+08
24  18  3.26594e+08
24  19  1.64034e+08
24  20  2.68749e+08
24  21  2.38168e+08
24  22  3.68715e+08
24  23  2.97777e+08
24  24  4.14463e+08
24  25  5.6309e+08
24  26  4.91092e+08
24  27  5.07351e+08
24  28  5.23388e+08
24  29  3.41449e+08
24  30  2.06704e+08
24  31  1.48138e+08
24  32  1.93277e+08
24  33  4.11904e+08
24  34  4.69338e+08
24  35  4.58293e+08
24  36  5.15076e+08
24  37  5.52857e+08
24  38  3.19858e+08
24  39  5.38603e+08
24  40  5.14281e+08
24  41  4.91661e+08
24  42  3.96793e+08
24  43  3.96776e+08
24  44  4.54076e+08
24  45  4.52111e+08
24  46  3.05478e+08
24  47  4.73917e+07
24  48  3.95078e+08
24  49  6.58196e+08
24  50  3.21913e+08
25  0  1.59048e+08
25  1  4.26259e+08
25  2  2.6027e+08
25  3  2.45024e+08
25  4  5.44533e+08
25  5  4.40695e+08
25  6  4.5248e+08
25  7  2.21527e+08
25  8  3.80032e+08
25  9  3.82005e+08
25  10  2.42689e+08
25  11  1.55394e+08
25  12  4.01775e+08
25  13  3.62481e+08
25  14  4.52206e+08
25  15  6.9102e+08
25  16  2.76209e+08
25  17  2.9205e+08
25  18  2.84368e+08
25  19  3.6947e+08
25  20  2.68607e+08
25  21  2.26635e+08
25  22  3.13358e+08
25  23  3.76841e+08
25  24  4.16243e+08
25  25  5.44998e+08
25  26  3.93943e+08
25  27  4.71974e+08
25  28  4.94913e+08
25  29  2.33403e+08
25  30  2.36946e+08
25  31  1.99045e+08
25  32  2.5985e+08
25  33  3.28851e+08
25  34  4.79553e+08
25  35  4.50923e+08
25  36  4.69309e+08
25  37  5.56553e+08
25  38  4.19719e+08
25  39  4.88803e+08
25  40  3.77731e+08
25  41  4.22097e+08
25  42  3.71101e+08
25  43  2.7339e+08
25  44  4.39664e+08
25  45  3.55853e+08
25  46  3.25089e+08
25  47  1.40283e+08
25  48  4.2062e+08
25  49  4.68551e+08
25  50  3.09009e+08
26  0  2.00951e+08
26  1  2.84171e+08
26  2  2.50161e+08
26  3  2.02156e+08
26  4  4.2405e+08
26  5  4.74391e+08
26  6  4.04239e+08
26  7  2.75717e+08
26  8  3.46321e+08
26  9  3.09264e+08
26  10  2.99314e+08
26  11  1.69558e+08
26  12  2.69743e+08
26  13  3.70478e+08
26  14  3.85945e+08
26  15  5.29397e+08
26  16  1.97752e+08
26  17  3.56288e+08
26  18  3.92195e+08
26  19  3.03255e+08
26  20  3.21298e+08
26  21  2.85374e+08
26  22  3.6326e+08
26  23  3.83996e+08
26  24  3.59837e+08
26  25  5.18201e+08
26  26  3.67925e+08
26  27  4.13982e+08
26  28  5.31912e+08
26  29  3.65035e+08
26  30  2.04255e+08
26  31  1.21442e+08
26  32  2.00903e+08
26  33  2.94981e+08
26  34  5.73109e+08
26  35  4.54864e+08
26  36  4.62453e+08
26  37  6.02826e+08
26  38  3.61651e+08
26  39  4.39605e+08
26  40  4.06125e+08
26  41  4.7921e+08
26  42  3.67875e+08
26  43  3.40369e+08
26  44  3.46064e+08
26  45  2.74012e+08
26  46  3.54599e+08
26  47  2.60819e+08
26  48  4.09995e+08
26  49  5.64899e+08
26  50  3.98773e+08
27  0  3.14062e+08
27  1  3.32249e+08
27  2  2.11288e+08
27  3  2.2267e+08
27  4  4.12062e+08
27  5  5.32576e+08
27  6  4.3798e+08
27  7  1.98928e+08
27  8  4.37975e+08
27  9  4.78434e+08
27  10  3.51629e+08
27  11  6.5188e+07
27  12  3.45895e+08
27  13  4.09017e+08
27  14  3.97923e+08
27  15  4.51725e+08
27  16  2.29226e+08
27  17  2.94758e+08
27  18  2.83325e+08
27  19  3.17299e+08
27  20  3.67571e+08
27  21  2.08049e+08
27  22  2.91213e+08
27  23  5.42119e+08
27  24  4.76609e+08
27  25  5.24837e+08
27  26  3.89865e+08
27  27  4.34061e+08
27  28  3.51495e+08
27  29  2.87859e+08
27  30  1.47179e+08
27  31  1.73e+08
27  32  2.56612e+08
27  33  2.84621e+08
27  34  3.59712e+08
27  35  3.7057e+08
27  36  4.23295e+08
27  37  4.13865e+08
27  38  3.03665e+08
27  39  4.61697e+08
27  40  4.38591e+08
27  41  3.8116e+08
27  42  4.40719e+08
27  43  3.94315e+08
27  44  3.39551e+08
27  45  2.69812e+08
27  46  4.91656e+08
27  47  2.50996e+08
27  48  2.42409e+08
27  49  3.35269e+08
27  50  4.61244e+08
28  0  4.17511e+08
28  1  2.80873e+08
28  2  3.05526e+08
28  3  1.89569e+08
28  4  3.94743e+08
28  5  4.05102e+08
28  6  4.38115e+08
28  7  3.45669e+08
28  8  5.42063e+08
28  9  4.71876e+08
28  10  3.26285e+08
28  11  1.83383e+08
28  12  2.84315e+08
28  13  4.3093e+08
28  14  3.40844e+08
28  15  5.25714e+08
28  16  2.87637e+08
28  17  2.96953e+08
28  18  3.81445e+08
28  19  2.22648e+08
28  20  3.46238e+08
28  21  3.11727e+08
28  22  2.16733e+08
28  23  5.63604e+08
28  24  4.30603e+08
28  25  5.69579e+08
28  26  3.95252e+08
28  27  3.22989e+08
28  28  3.63583e+08
28  29  2.84915e+08
28  30  1.45473e+08
28  31  1.79677e+08
28  32  2.7658e+08
28  33  2.3869e+08
28  34  3.70874e+08
28  35  3.7889e+08
28  36  5.02813e+08
28  37  5.2985e+08
28  38  3.79318e+08
28  39  4.6292e+08
28  40  5.12967e+08
28  41  5.03026e+08
28  42  4.65818e+08
28  43  4.76291e+08
28  44  2.89415e+08
28  45  2.22875e+08
28  46  4.85109e+08
28  47  3.04289e+08
28  48  2.59407e+08
28  49  4.90887e+08
28  50  3.49243e+08
29  0  4.44098e+08
29  1  3.85278e+08
29  2  1.45353e+08
29  3  3.253e+08
29  4  4.09881e+08
29  5  4.56186e+08
29  6  6.56915e+08
29  7  3.85254e+08
29  8  4.99251e+08
29  9  4.82643e+08
29  10  3.1669e+08
29  11  1.04309e+08
29  12  2.44545e+08
29  13  4.10865e+08
29  14  3.3861e+08
29  15  4.85277e+08
29  16  2.46311e+08
29  17  3.37075e+08
29  18  3.82125e+08
29  19  3.11836e+08
29  20  2.59407e+08
29  21  3.54474e+08
29  22  3.49551e+08
29  23  5.29321e+08
29  24  4.92228e+08
29  25  5.15589e+08
29  26  4.04185e+08
29  27  3.74164e+08
29  28  2.77891e+08
29  29  2.76725e+08
29  30  2.06963e+08
29  31  2.16999e+08
29  32  1.99098e+08
29  33  2.7732e+08
29  34  4.74044e+08
29  35  5.01376e+08
29  36  4.35438e+08
29  37  4.75419e+08
29  38  5.47079e+08
29  39  4.53296e+08
29  40  5.85559e+08
29  41  5.96675e+08
29  42  5.80872e+08
29  43  4.47083e+08
29  44  3.6872e+08
29  45  2.27574e+08
29  46  4.1474e+08
29  47  3.29938e+08
29  48  4.68727e+08
29  49  5.12218e+08
29  50  5.72171e+08
30  0  4.48231e+08
30  1  2.73904e+08
30  2  2.24674e+08
30  3  2.97026e+08
30  4  5.00127e+08
30  5  3.35901e+08
30  6  4.2138e+08
30  7  4.8288e+08
30  8  4.86227e+08
30  9  5.25492e+08
30  10  4.03551e+08
30  11  7.9453e+07
30  12  2.92917e+08
30  13  4.8697e+08
30  14  3.12125e+08
30  15  3.44575e+08
30  16  2.21258e+08
30  17  3.28101e+08
30  18  3.87957e+08
30  19  2.45509e+08
30  20  2.24698e+08
30  21  3.23196e+08
30  22  3.74755e+08
30  23  3.63094e+08
30  24  4.91439e+08
30  25  4.16872e+08
30  26  4.70002e+08
30  27  4.9345e+08
30  28  3.34976e+08
30  29  2.5758e+08
30  30  1.79663e+08
30  31  2.23598e+08
30  32  3.33869e+08
30  33  3.01026e+08
30  34  4.30264e+08
30  35  5.08911e+08
30  36  5.58055e+08
30  37  5.82297e+08
30  38  5.85279e+08
30  39  5.30107e+08
30  40  5.62282e+08
30  41  6.33686e+08
30  42  5.62341e+08
30  43  5.51727e+08
30  44  3.15792e+08
30  45  2.86737e+08
30  46  3.99371e+08
30  47  2.86263e+08
30  48  4.25377e+08
30  49  4.97618e+08
30  50  4.62775e+08
31  0  3.08143e+08
31  1  1.90868e+08
31  2  3.33033e+08
31  3  3.48725e+08
31  4  4.26072e+08
31  5  3.70082e+08
31  6  4.42622e+08
31  7  3.33503e+08
31  8  4.63744e+08
31  9  3.8178e+08
31  10  3.51321e+08
31  11  1.33693e+08
31  12  2.92979e+08
31  13  3.8554e+08
31  14  3.47622e+08
31  15  3.40756e+08
31  16  2.82572e+08
31  17  3.6362e+08
31  18  2.99971e+08
31  19  2.94393e+08
31  20  3.02346e+08
31  21  2.53255e+08
31  22  4.01064e+08
31  23  3.59691e+08
31  24  5.16015e+08
31  25  4.94953e+08
31  26  5.35996e+08
31  27  4.01912e+08
31  28  3.38281e+08
31  29  2.55466e+08
31  30  2.83701e+08
31  31  4.35418e+08
31  32  4.96874e+08
31  33  2.69027e+08
31  34  5.06043e+08
31  35  5.5441e+08
31  36  6.79069e+08
31  37  5.30727e+08
31  38  5.08652e+08
31  39  5.82659e+08
31  40  6.48641e+08
31  41  6.47607e+08
31  42  6.44139e+08
31  43  5.59468e+08
31  44  4.08556e+08
31  45  2.53411e+08
31  46  3.88756e+08
31  47  3.28899e+08
31  48  4.86223e+08
31  49  5.47015e+08
31  50  5.10414e+08
32  0  3.63075e+08
32  1  2.6631e+08
32  2  3.21925e+08
32  3  3.57309e+08
32  4  4.06939e+08
32  5  4.4095e+08
32  6  4.74779e+08
32  7  3.04561e+08
32  8  4.2759e+08
32  9  4.2312e+08
32  10  3.23179e+08
32  11  2.03725e+08
32  12  1.00201e+08
32  13  3.1964e+08
32  14  2.65223e+08
32  15  1.76309e+08
32  16  3.51464e+08
32  17  3.4603e+08
32  18  2.61868e+08
32  19  3.21696e+08
32  20  2.71746e+08
32  21  2.41407e+08
32  22  4.10186e+08
32  23  3.88066e+08
32  24  4.65603e+08
32  25  4.83307e+08
32  26  6.57748e+08
32  27  3.95481e+08
32  28  2.86748e+08
32  29  2.79842e+08
32  30  3.95821e+08
32  31  3.53369e+08
32  32  5.51319e+08
32  33  3.84295e+08
32  34  4.12543e+08
32  35  5.28142e+08
32  36  7.32351e+08
32  37  6.37573e+08
32  38  5.47165e+08
32  39  6.05121e+08
32  40  7.72376e+08
32  41  6.60123e+08
32  42  6.58754e+08
32  43  5.84244e+08
32  44  4.30994e+08
32  45  2.9602e+08
32  46  3.3124e+08
32  47  3.86939e+08
32  48  5.73242e+08
32  49  7.41864e+08
32  50  5.72111e+08
33  0  3.4419e+08
33  1  2.49981e+08
33  2  2.63041e+08
33  3  4.99929e+08
33  4  6.0436e+08
33  5  4.29771e+08
33  6  5.38659e+08
33  7  3.11351e+08
33  8  3.57226e+08
33  9  4.22345e+08
33  10  3.23525e+08
33  11  1.1072e+08
33  12  3.27648e+08
33  13  2.94795e+08
33  14  2.46053e+08
33  15  2.76639e+08
33  16  4.45317e+08
33  17  4.04704e+08
33  18  3.20906e+08
33  19  3.15197e+08
33  20  3.00836e+08
33  21  3.30711e+08
33  22  4.25588e+08
33  23  3.79134e+08
33  24  4.01963e+08
33  25  5.25418e+08
33  26  5.35619e+08
33  27  4.47226e+08
33  28  3.97081e+08
33  29  2.82686e+08
33  30  4.37068e+08
33  31  5.18389e+08
33  32  6.93353e+08
33  33  4.51604e+08
33  34  3.85733e+08
33  35  4.96366e+08
33  36  5.88159e+08
33  37  6.05054e+08
33  38  4.84281e+08
33  39  7.45486e+08
33  40  7.18127e+08
33  41  7.46543e+08
33  42  6.49268e+08
33  43  6.22587e+08
33  44  5.23099e+08
33  45  4.37071e+08
33  46  2.44661e+08
33  47  3.14954e+08
33  48  6.31328e+08
33  49  5.97037e+08
33  50  4.71875e+08
34  0  2.5406e+08
34  1  2.34833e+08
34  2  3.8062e+08
34  3  4.46272e+08
34  4  6.0458e+08
34  5  3.97976e+08
34  6  4.53628e+08
34  7  3.71781e+08
34  8  2.68628e+08
34  9  4.24738e+08
34  10  3.25445e+08
34  11  9.04084e+07
34  12  2.17585e+08
34  13  3.2837e+08
34  14  2.19911e+08
34  15  3.75512e+08
34  16  2.84756e+08
34  17  3.74611e+08
34  18  2.81479e+08
34  19  2.15538e+08
34  20  2.64957e+08
34  21  2.80181e+08
34  22  2.97463e+08
34  23  4.58521e+08
34  24  4.52526e+08
34  25  5.11356e+08
34  26  5.55234e+08
34  27  5.63835e+08
34  28  3.94166e+08
34  29  3.15526e+08
34  30  4.59918e+08
34  31  6.1182e+08
34  32  6.60975e+08
34  33  5.41803e+08
34  34  5.0346e+08
34  35  5.71292e+08
34  36  5.12742e+08
34  37  5.93636e+08
34  38  5.01684e+08
34  39  5.76513e+08
34  40  8.82496e+08
34  41  6.46638e+08
34  42  7.00434e+08
34  43  6.63959e+08
34  44  6.20948e+08
34  45  5.93633e+08
34  46  1.62248e+08
34  47  3.14699e+08
34  48  5.88075e+08
34  49  5.63197e+08
34  50  4.68079e+08
35  0  2.60537e+08
35  1  2.63726e+08
35  2  3.11659e+08
35  3  4.21808e+08
35  4  5.59898e+08
35  5  4.05394e+08
35  6  4.48042e+08
35  7  2.33739e+08
35  8  1.93477e+08
35  9  4.20008e+08
35  10  3.17269e+08
35  11  1.98402e+08
35  12  2.37449e+08
35  13  2.87298e+08
35  14  1.99035e+08
35  15  2.1279e+08
35  16  3.24734e+08
35  17  3.60873e+08
35  18  2.22312e+08
35  19  3.01549e+08
35  20  2.80713e+08
35  21  1.96313e+08
35  22  3.31177e+08
35  23  3.84189e+08
35  24  4.62582e+08
35  25  5.07037e+08
35  26  6.12304e+08
35  27  5.7733e+08
35  28  4.63246e+08
35  29  4.15274e+08
35  30  6.12678e+08
35  31  9.12045e+08
35  32  7.06781e+08
35  33  4.36522e+08
35  34  5.36328e+08
35  35  5.98597e+08
35  36  4.20617e+08
35  37  5.15964e+08
35  38  3.73496e+08
35  39  5.66184e+08
35  40  6.55645e+08
35  41  7.09858e+08
35  42  7.6241e+08
35  43  7.39758e+08
35  44  5.61873e+08
35  45  6.15779e+08
35  46  2.15662e+08
35  47  3.82629e+08
35  48  5.87345e+08
35  49  7.09746e+08
35  50  3.75978e+08
36  0  3.94407e+08
36  1  2.57883e+08
36  2  4.22464e+08
36  3  4.247e+08
36  4  4.44572e+08
36  5  4.73193e+08
36  6  3.21315e+08
36  7  3.49213e+08
36  8  1.78042e+08
36  9  3.0766e+08
36  10  3.24982e+08
36  11  1.27022e+08
36  12  1.5178e+08
36  13  2.4368e+08
36  14  2.13716e+08
36  15  2.91672e+08
36  16  3.33332e+08
36  17  3.38021e+08
36  18  2.71021e+08
36  19  2.06859e+08
36  20  2.73873e+08
36  21  1.83701e+08
36  22  3.15668e+08
36  23  3.26271e+08
36  24  3.61497e+08
36  25  6.36702e+08
36  26  6.30442e+08
36  27  6.0943e+08
36  28  5.49035e+08
36  29  4.33723e+08
36  30  5.99423e+08
36  31  9.4505e+08
36  32  1.01613e+09
36  33  5.53028e+08
36  34  4.43075e+08
36  35  5.45786e+08
36  36  4.48708e+08
36  37  4.94889e+08
36  38  3.70616e+08
36  39  5.2801e+08
36  40  6.86359e+08
36  41  7.38421e+08
36  42  8.48641e+08
36  43  6.89204e+08
36  44  6.73259e+08
36  45  6.37243e+08
36  46  3.25301e+08
36  47  3.38413e+08
36  48  6.5062e+08
36  49  4.79993e+08
36  50  3.66251e+08
37  0  3.71906e+08
37  1  4.11172e+08
37  2  3.53819e+08
37  3  5.29488e+08
37  4  4.47053e+08
37  5  4.06004e+08
37  6  5.52569e+08
37  7  4.46391e+08
37  8  1.90788e+08
37  9  3.17907e+08
37  10  2.90141e+08
37  11  1.73911e+08
37  12  2.64381e+08
37  13  3.78398e+08
37  14  3.08235e+08
37  15  2.52193e+08
37  16  3.43763e+08
37  17  3.1563e+08
37  18  3.08869e+08
37  19  1.85739e+08
37  20  2.89621e+08
37  21  3.2472e+08
37  22  2.18823e+08
37  23  4.32756e+08
37  24  4.07046e+08
37  25  6.08152e+08
37  26  6.20866e+08
37  27  6.0789e+08
37  28  4.4413e+08
37  29  4.97947e+08
37  30  6.25462e+08
37  31  1.27042e+09
37  32  9.42482e+08
37  33  3.79935e+08
37  34  6.50657e+08
37  35  6.17562e+08
37  36  4.96816e+08
37  37  4.16954e+08
37  38  4.72058e+08
37  39  5.36708e+08
37  40  7.91278e+08
37  41  7.97229e+08
37  42  7.01607e+08
37  43  7.40374e+08
37  44  6.729e+08
37  45  6.351e+08
37  46  1.66963e+08
37  47  4.09563e+08
37  48  5.08734e+08
37  49  4.87995e+08
37  50  4.64381e+08
38  0  3.84803e+08
38  1  4.33687e+08
38  2  4.61589e+08
38  3  5.02746e+08
38  4  4.55165e+08
38  5  4.51471e+08
38  6  5.1316e+08
38  7  3.60366e+08
38  8  1.39346e+08
38  9  3.50251e+08
38  10  4.33208e+08
38  11  2.3752e+08
38  12  2.91727e+08
38  13  3.82023e+08
38  14  2.78563e+08
38  15  3.40375e+08
38  16  2.65345e+08
38  17  3.1225e+08
38  18  2.24601e+08
38  19  2.25705e+08
38  20  3.87351e+08
38  21  3.03955e+08
38  22  3.07739e+08
38  23  3.86392e+08
38  24  5.05405e+08
38  25  4.80628e+08
38  26  6.4576e+08
38  27  4.93097e+08
38  28  4.99763e+08
38  29  5.24353e+08
38  30  6.25061e+08
38  31  1.19789e+09
38  32  1.15667e+09
38  33  6.22521e+08
38  34  5.09029e+08
38  35  5.82296e+08
38  36  4.87188e+08
38  37  4.16993e+08
38  38  5.37713e+08
38  39  6.69867e+08
38  40  7.78343e+08
38  41  6.9462e+08
38  42  7.58415e+08
38  43  7.72669e+08
38  44  7.68489e+08
38  45  5.77016e+08
38  46  1.50117e+08
38  47  2.73551e+08
38  48  6.10387e+08
38  49  4.58568e+08
38  50  4.60812e+08
39  0  4.14182e+08
39  1  4.81692e+08
39  2  4.43208e+08
39  3  5.29922e+08
39  4  3.45476e+08
39  5  4.4601e+08
39  6  4.73726e+08
39  7  3.19128e+08
39  8  1.90061e+08
39  9  3.18151e+08
39  10  3.36014e+08
39  11  2.27104e+08
39  12  3.21508e+08
39  13  2.70636e+08
39  14  3.06161e+08
39  15  3.653e+08
39  16  2.8149e+08
39  17  3.60691e+08
39  18  3.02568e+08
39  19  3.66348e+08
39  20  4.2485e+08
39  21  2.90559e+08
39  22  3.50191e+08
39  23  4.37082e+08
39  24  5.50038e+08
39  25  5.59241e+08
39  26  5.17175e+08
39  27  6.28882e+08
39  28  4.61851e+08
39  29  6.70737e+08
39  30  9.18803e+08
39  31  1.51327e+09
39  32  9.70479e+08
39  33  5.55492e+08
39  34  5.37957e+08
39  35  5.23877e+08
39  36  5.19034e+08
39  37  4.65148e+08
39  38  4.82084e+08
39  39  6.31066e+08
39  40  6.01894e+08
39  41  7.50102e+08
39  42  9.16344e+08
39  43  7.30729e+08
39  44  6.68721e+08
39  45  5.65139e+08
39  46  1.54113e+08
39  47  4.03882e+08
39  48  5.69347e+08
39  49  4.90309e+08
39  50  4.52472e+08
40  0  3.48944e+08
40  1  3.34189e+08
40  2  4.59859e+08
40  3  3.87078e+08
40  4  3.24486e+08
40  5  4.80398e+08
40  6  4.3439e+08
40  7  3.1273e+08
40  8  3.10997e+08
40  9  3.50012e+08
40  10  3.86039e+08
40  11  3.69092e+08
40  12  4.00832e+08
40  13  4.2094e+08
40  14  3.94988e+08
40  15  3.4697e+08
40  16  3.79256e+08
40  17  3.18435e+08
40  18  1.39398e+08
40  19  2.90256e+08
40  20  4.03854e+08
40  21  4.92867e+08
40  22  5.70174e+08
40  23  4.50652e+08
40  24  5.06581e+08
40  25  6.62845e+08
40  26  5.57758e+08
40  27  6.52825e+08
40  28  5.57422e+08
40  29  5.2823e+08
40  30  7.54714e+08
40  31  1.35777e+09
40  32  1.0548e+09
40  33  5.87604e+08
40  34  6.58499e+08
40  35  6.48223e+08
40  36  5.2292e+08
40  37  4.27649e+08
40  38  4.33579e+08
40  39  5.14482e+08
40  40  6.75102e+08
40  41  6.98488e+08
40  42  7.89603e+08
40  43  8.53236e+08
40  44  6.57469e+08
40  45  6.15042e+08
40  46  1.68495e+08
40  47  3.11759e+08
40  48  5.06532e+08
40  49  5.00923e+08
40  50  6.62371e+08
41  0  2.48701e+08
41  1  3.23772e+08
41  2  4.26504e+08
41  3  3.31904e+08
41  4  2.48936e+08
41  5  4.04017e+08
41  6  4.21172e+08
41  7  2.71749e+08
41  8  3.13393e+08
41  9  3.39831e+08
41  10  3.08158e+08
41  11  3.13302e+08
41  12  3.61109e+08
41  13  3.04411e+08
41  14  3.18028e+08
41  15  5.21262e+08
41  16  3.80169e+08
41  17  2.29974e+08
41  18  1.50782e+08
41  19  3.56773e+08
41  20  4.45372e+08
41  21  5.05043e+08
41  22  4.7163e+08
41  23  4.74601e+08
41  24  4.52191e+08
41  25  5.76401e+08
41  26  4.13525e+08
41  27  7.01071e+08
41  28  6.19289e+08
41  29  5.44754e+08
41  30  9.18192e+08
41  31  1.3392e+09
41  32  1.10593e+09
41  33  6.31545e+08
41  34  5.52205e+08
41  35  6.58775e+08
41  36  4.83104e+08
41  37  4.62443e+08
41  38  3.7134e+08
41  39  6.7947e+08
41  40  5.57122e+08
41  41  7.65942e+08
41  42  7.37088e+08
41  43  8.36568e+08
41  44  8.28642e+08
41  45  4.73346e+08
41  46  2.04102e+08
41  47  2.11114e+08
41  48  3.40031e+08
41  49  6.05317e+08
41  50  4.6647e+08
42  0  2.72445e+08
42  1  2.85685e+08
42  2  4.70659e+08
42  3  4.30924e+08
42  4  2.35141e+08
42  5  4.55265e+08
42  6  2.9893e+08
42  7  3.32729e+08
42  8  3.49758e+08
42  9  4.2233e+08
42  10  4.54829e+08
42  11  3.16081e+08
42  12  3.65445e+08
42  13  3.568e+08
42  14  4.30986e+08
42  15  4.672e+08
42  16  4.7769e+08
42  17  2.03048e+08
42  18  2.03321e+08
42  19  2.68723e+08
42  20  4.64571e+08
42  21  5.78719e+08
42  22  4.3778e+08
42  23  5.04249e+08
42  24  4.09619e+08
42  25  5.64112e+08
42  26  3.25295e+08
42  27  6.83422e+08
42  28  5.8032e+08
42  29  5.65046e+08
42  30  8.35459e+08
42  31  1.27575e+09
42  32  1.2457e+09
42  33  6.10414e+08
42  34  5.70114e+08
42  35  6.07031e+08
42  36  5.65459e+08
42  37  5.79368e+08
42  38  4.0881e+08
42  39  5.43749e+08
42  40  3.86922e+08
42  41  6.71317e+08
42  42  7.89601e+08
42  43  7.6901e+08
42  44  5.95612e+08
42  45  5.02679e+08
42  46  3.40062e+08
42  47  1.87323e+08
42  48  4.74188e+08
42  49  4.50186e+08
42  50  6.30441e+08
43  0  1.51742e+08
43  1  2.62911e+08
43  2  4.82167e+08
43  3  4.37073e+08
43  4  2.87718e+08
43  5  4.33345e+08
43  6  3.68885e+08
43  7  4.03369e+08
43  8  4.68798e+08
43  9  3.68303e+08
43  10  4.72354e+08
43  11  3.47208e+08
43  12  4.55572e+08
43  13  4.43619e+08
43  14  5.10441e+08
43  15  4.14057e+08
43  16  5.40183e+08
43  17  2.27495e+08
43  18  1.34413e+08
43  19  3.99864e+08
43  20  5.01454e+08
43  21  5.03382e+08
43  22  4.65791e+08
43  23  4.43984e+08
43  24  4.22651e+08
43  25  6.44276e+08
43  26  5.43596e+08
43  27  6.37276e+08
43  28  5.78153e+08
43  29  6.15359e+08
43  30  7.59031e+08
43  31  1.26451e+09
43  32  1.19425e+09
43  33  5.30629e+08
43  34  6.07712e+08
43  35  7.53326e+08
43  36  5.508e+08
43  37  5.96715e+08
43  38  4.89292e+08
43  39  6.18144e+08
43  40  4.42169e+08
43  41  6.65629e+08
43  42  7.92724e+08
43  43  7.86155e+08
43  44  6.60193e+08
43  45  6.28527e+08
43  46  2.51047e+08
43  47  2.75887e+08
43  48  3.82264e+08
43  49  3.81015e+08
43  50  5.28267e+08
44  0  1.98778e+08
44  1  2.1397e+08
44  2  5.16508e+08
44  3  5.00992e+08
44  4  3.82871e+08
44  5  4.30322e+08
44  6  4.74506e+08
44  7  4.01694e+08
44  8  4.85497e+08
44  9  4.0884e+08
44  10  6.06595e+08
44  11  5.73194e+08
44  12  4.60405e+08
44  13  4.44374e+08
44  14  5.15267e+08
44  15  5.47742e+08
44  16  5.66357e+08
44  17  3.2621e+08
44  18  1.72214e+08
44  19  3.33324e+08
44  20  5.36947e+08
44  21  5.95359e+08
44  22  5.93315e+08
44  23  4.62303e+08
44  24  5.10717e+08
44  25  5.66071e+08
44  26  5.78267e+08
44  27  6.27861e+08
44  28  5.9264e+08
44  29  5.55195e+08
44  30  9.17285e+08
44  31  1.31171e+09
44  32  1.185e+09
44  33  5.80435e+08
44  34  5.69798e+08
44  35  7.49504e+08
44  36  6.43879e+08
44  37  6.45112e+08
44  38  5.77278e+08
44  39  5.53262e+08
44  40  5.17544e+08
44  41  7.35999e+08
44  42  7.08045e+08
44  43  8.65654e+08
44  44  7.47258e+08
44  45  5.18744e+08
44  46  4.48352e+08
44  47  2.94401e+08
44  48  3.71624e+08
44  49  4.51048e+08
44  50  5.01691e+08
45  0  2.09398e+08
45  1  2.56098e+08
45  2  5.58676e+08
45  3  5.16301e+08
45  4  4.10963e+08
45  5  4.51842e+08
45  6  4.32217e+08
45  7  5.42214e+08
45  8  4.89125e+08
45  9  4.2489e+08
45  10  5.81367e+08
45  11  5.69265e+08
45  12  4.97518e+08
45  13  7.24807e+08
45  14  4.73657e+08
45  15  4.9373e+08
45  16  6.33501e+08
45  17  3.24719e+08
45  18  1.61786e+08
45  19  3.67558e+08
45  20  4.46126e+08
45  21  5.57529e+08
45  22  5.71274e+08
45  23  4.74561e+08
45  24  4.34292e+08
45  25  5.96613e+08
45  26  7.7105e+08
45  27  5.91295e+08
45  28  4.28705e+08
45  29  6.544e+08
45  30  7.86391e+08
45  31  1.26343e+09
45  32  1.1602e+09
45  33  4.6967e+08
45  34  6.52214e+08
45  35  6.63193e+08
45  36  7.86733e+08
45  37  6.71826e+08
45  38  5.87859e+08
45  39  6.82634e+08
45  40  7.25099e+08
45  41  7.3482e+08
45  42  8.21537e+08
45  43  6.77109e+08
45  44  6.21288e+08
45  45  5.40999e+08
45  46  2.44486e+08
45  47  2.99317e+08
45  48  4.69214e+08
45  49  4.92528e+08
45  50  4.62168e+08
46  0  2.45065e+08
46  1  1.73239e+08
46  2  5.69464e+08
46  3  4.82483e+08
46  4  4.48152e+08
46  5  6.02105e+08
46  6  5.21083e+08
46  7  5.80321e+08
46  8  6.65196e+08
46  9  4.86997e+08
46  10  5.69458e+08
46  11  6.75859e+08
46  12  5.41498e+08
46  13  6.32964e+08
46  14  5.78573e+08
46  15  5.77573e+08
46  16  6.32184e+08
46  17  3.19878e+08
46  18  2.32795e+08
46  19  3.34965e+08
46  20  5.79896e+08
46  21  6.30251e+08
46  22  6.0081e+08
46  23  5.19521e+08
46  24  4.98583e+08
46  25  5.56915e+08
46  26  7.06575e+08
46  27  7.47058e+08
46  28  4.66753e+08
46  29  6.40907e+08
46  30  7.11947e+08
46  31  1.27248e+09
46  32  1.35798e+09
46  33  6.572e+08
46  34  7.02281e+08
46  35  8.40125e+08
46  36  6.30021e+08
46  37  7.31596e+08
46  38  6.89693e+08
46  39  7.36905e+08
46  40  6.48033e+08
46  41  6.99746e+08
46  42  7.38139e+08
46  43  7.05349e+08
46  44  5.82112e+08
46  45  5.17587e+08
46  46  3.2776e+08
46  47  1.70196e+08
46  48  4.16896e+08
46  49  4.13426e+08
46  50  5.59738e+08
47  0  2.85781e+08
47  1  1.59836e+08
47  2  6.38437e+08
47  3  5.92145e+08
47  4  4.87121e+08
47  5  6.84502e+08
47  6  6.57866e+08
47  7  6.3555e+08
47  8  6.21705e+08
47  9  4.95435e+08
47  10  5.16496e+08
47  11  7.32838e+08
47  12  4.72923e+08
47  13  5.68399e+08
47  14  5.87705e+08
47  15  7.28621e+08
47  16  6.32833e+08
47  17  4.61347e+08
47  18  9.18817e+07
47  19  3.72594e+08
47  20  6.20925e+08
47  21  5.17946e+08
47  22  6.4956e+08
47  23  4.59836e+08
47  24  6.13511e+08
47  25  6.29364e+08
47  26  8.5923e+08
47  27  7.78742e+08
47  28  5.82578e+08
47  29  6.38386e+08
47  30  8.3486e+08
47  31  1.33265e+09
47  32  1.10762e+09
47  33  6.04149e+08
47  34  6.66094e+08
47  35  8.1097e+08
47  36  6.6819e+08
47  37  8.07413e+08
47  38  6.87381e+08
47  39  6.56307e+08
47  40  7.18892e+08
47  41  7.78542e+08
47  42  8.37489e+08
47  43  6.27344e+08
47  44  5.92847e+08
47  45  5.51033e+08
47  46  3.85486e+08
47  47  2.45247e+08
47  48  3.45806e+08
47  49  3.94638e+08
47  50  4.50417e+08
48  0  3.58049e+08
48  1  1.51484e+08
48  2  6.41982e+08
48  3  5.91707e+08
48  4  4.65207e+08
48  5  5.88942e+08
48  6  5.70106e+08
48  7  5.37152e+08
48  8  4.92405e+08
48  9  5.00156e+08
48  10  5.34325e+08
48  11  7.08636e+08
48  12  5.38847e+08
48  13  5.55381e+08
48  14  6.39917e+08
48  15  7.46888e+08
48  16  6.71294e+08
48  17  4.09333e+08
48  18  1.04409e+08
48  19  3.82816e+08
48  20  5.80772e+08
48  21  5.14995e+08
48  22  4.89827e+08
48  23  5.97766e+08
48  24  6.22355e+08
48  25  7.31216e+08
48  26  8.94236e+08
48  27  7.42323e+08
48  28  7.16898e+08
48  29  6.03473e+08
48  30  8.55217e+08
48  31  1.271e+09
48  32  1.12113e+09
48  33  6.62162e+08
48  34  6.1055e+08
48  35  8.87626e+08
48  36  8.55135e+08
48  37  6.58346e+08
48  38  7.17997e+08
48  39  7.06586e+08
48  40  8.16454e+08
48  41  7.96908e+08
48  42  8.31023e+08
48  43  7.01656e+08
48  44  5.6488e+08
48  45  5.57731e+08
48  46  3.56567e+08
48  47  2.54894e+08
48  48  4.00088e+08
48  49  5.12259e+08
48  50  5.0607e+08
49  0  2.76004e+08
49  1  1.96666e+08
49  2  5.46784e+08
49  3  5.33844e+08
49  4  4.78988e+08
49  5  5.08717e+08
49  6  6.7863e+08
49  7  5.95945e+08
49  8  5.54039e+08
49  9  4.69285e+08
49  10  6.13773e+08
49  11  5.46961e+08
49  12  3.75587e+08
49  13  4.30934e+08
49  14  6.60267e+08
49  15  6.64396e+08
49  16  7.2694e+08
49  17  5.6303e+08
49  18  3.19536e+07
49  19  2.60591e+08
49  20  5.4471e+08
49  21  6.50239e+08
49  22  6.56678e+08
49  23  6.29247e+08
49  24  6.09316e+08
49  25  6.78304e+08
49  26  9.07396e+08
49  27  7.83124e+08
49  28  5.41574e+08
49  29  7.22334e+08
49  30  1.04696e+09
49  31  1.35105e+09
49  32  1.06776e+09
49  33  6.13922e+08
49  34  5.79606e+08
49  35  7.72349e+08
49  36  7.17973e+08
49  37  7.0937e+08
49  38  7.58015e+08
49  39  8.43135e+08
49  40  6.41746e+08
49  41  7.60182e+08
49  42  6.08162e+08
49  43  6.24667e+08
49  44  5.04492e+08
49  45  5.37697e+08
49  46  4.14659e+08
49  47  2.69549e+08
49  48  3.68685e+08
49  49  4.8469e+08
49  50  5.28548e+08
50  0  4.32957e+08
50  1  3.14983e+08
50  2  4.18251e+08
50  3  5.12769e+08
50  4  4.19837e+08
50  5  4.53307e+08
50  6  5.64389e+08
50  7  6.44146e+08
50  8  5.43463e+08
50  9  5.05201e+08
50  10  4.86003e+08
50  11  6.7597e+08
50  12  4.0427e+08
50  13  4.11279e+08
50  14  7.23912e+08
50  15  7.38006e+08
50  16  7.23563e+08
50  17  5.53873e+08
50  18  2.8903e+08
50  19  2.6373e+08
50  20  5.59829e+08
50  21  5.97631e+08
50  22  6.00681e+08
50  23  6.08582e+08
50  24  6.76091e+08
50  25  6.60544e+08
50  26  9.73209e+08
50  27  8.55539e+08
50  28  6.99169e+08
50  29  7.66064e+08
50  30  9.64041e+08
50  31  1.37301e+09
50  32  1.015e+09
50  33  5.81439e+08
50  34  7.00721e+08
50  35  7.10535e+08
50  36  7.49207e+08
50  37  8.25482e+08
50  38  6.5016e+08
50  39  7.72046e+08
50  40  6.36934e+08
50  41  4.97314e+08
50  42  5.72021e+08
50  43  5.71242e+08
50  44  5.96218e+08
50  45  6.31295e+08
50  46  3.11925e+08
50  47  2.50737e+08
50  48  4.04403e+08
50  49  3.10025e+08
50  50  3.97851e+08

