row  column  (images_12_23nov.edf Fe_K*images_12_23nov.edf Ar_K**2.3)
0  0  3.85408e+08
0  1  4.45289e+08
0  2  6.16963e+08
0  3  5.83954e+08
0  4  7.64979e+08
0  5  7.34123e+08
0  6  7.99393e+08
0  7  6.29603e+08
0  8  8.47098e+08
0  9  6.39726e+08
0  10  5.04456e+08
0  11  5.46484e+08
0  12  5.36664e+08
0  13  5.13022e+08
0  14  5.12533e+08
0  15  8.36861e+08
0  16  5.76209e+08
0  17  5.53069e+08
0  18  5.28474e+08
0  19  5.86042e+08
0  20  5.46487e+08
0  21  5.06597e+08
0  22  5.13371e+08
0  23  5.42961e+08
0  24  5.03132e+08
0  25  4.9521e+08
0  26  5.70147e+08
0  27  6.57518e+08
0  28  6.19644e+08
0  29  7.44122e+08
0  30  5.06364e+08
0  31  7.47747e+08
0  32  7.15719e+08
0  33  6.69559e+08
0  34  5.78972e+08
0  35  7.43287e+08
0  36  5.93885e+08
0  37  8.00036e+08
0  38  6.91144e+08
0  39  7.18691e+08
0  40  6.52152e+08
0  41  6.0737e+08
0  42  6.81672e+08
0  43  6.70413e+08
0  44  7.0326e+08
0  45  6.02366e+08
0  46  7.26879e+08
0  47  5.28064e+08
0  48  6.17929e+08
0  49  6.20159e+08
0  50  5.55691e+08
1  0  3.93622e+08
1  1  5.10104e+08
1  2  5.63419e+08
1  3  5.91299e+08
1  4  6.70383e+08
1  5  7.31173e+08
1  6  7.24344e+08
1  7  6.46941e+08
1  8  7.49611e+08
1  9  6.23024e+08
1  10  4.73828e+08
1  11  5.84967e+08
1  12  5.44935e+08
1  13  4.69807e+08
1  14  5.8173e+08
1  15  6.59593e+08
1  16  4.90927e+08
1  17  4.5534e+08
1  18  4.87347e+08
1  19  5.93377e+08
1  20  4.51588e+08
1  21  5.04097e+08
1  22  4.60485e+08
1  23  4.2836e+08
1  24  5.648e+08
1  25  5.25679e+08
1  26  6.77197e+08
1  27  6.23957e+08
1  28  5.55567e+08
1  29  5.66577e+08
1  30  6.33821e+08
1  31  9.25847e+08
1  32  6.83376e+08
1  33  6.03654e+08
1  34  6.0488e+08
1  35  5.99614e+08
1  36  7.10969e+08
1  37  5.93545e+08
1  38  7.45962e+08
1  39  6.20009e+08
1  40  4.81245e+08
1  41  6.11895e+08
1  42  6.06007e+08
1  43  6.19524e+08
1  44  5.56063e+08
1  45  7.57795e+08
1  46  6.73846e+08
1  47  5.35785e+08
1  48  6.71581e+08
1  49  5.22539e+08
1  50  6.52729e+08
2  0  3.81592e+08
2  1  3.59261e+08
2  2  5.25094e+08
2  3  7.47579e+08
2  4  6.26882e+08
2  5  6.02036e+08
2  6  6.26802e+08
2  7  6.78205e+08
2  8  5.63922e+08
2  9  5.79668e+08
2  10  5.19444e+08
2  11  5.02333e+08
2  12  5.93766e+08
2  13  5.45046e+08
2  14  5.0212e+08
2  15  5.33647e+08
2  16  5.67816e+08
2  17  5.05895e+08
2  18  4.07257e+08
2  19  5.84825e+08
2  20  4.42846e+08
2  21  5.74829e+08
2  22  4.57998e+08
2  23  5.29079e+08
2  24  4.85197e+08
2  25  5.5089e+08
2  26  7.32756e+08
2  27  6.066e+08
2  28  4.98125e+08
2  29  5.56096e+08
2  30  7.24004e+08
2  31  7.53548e+08
2  32  5.98323e+08
2  33  7.75823e+08
2  34  5.9737e+08
2  35  5.85673e+08
2  36  8.07425e+08
2  37  6.80271e+08
2  38  7.18277e+08
2  39  6.45517e+08
2  40  6.06285e+08
2  41  5.90648e+08
2  42  6.55792e+08
2  43  5.80584e+08
2  44  5.55727e+08
2  45  6.91027e+08
2  46  6.15072e+08
2  47  5.35449e+08
2  48  6.22633e+08
2  49  6.7729e+08
2  50  6.56352e+08
3  0  3.57827e+08
3  1  4.35579e+08
3  2  7.27717e+08
3  3  7.58508e+08
3  4  6.75994e+08
3  5  6.57523e+08
3  6  6.51049e+08
3  7  5.99911e+08
3  8  4.99032e+08
3  9  6.35142e+08
3  10  5.616e+08
3  11  4.79351e+08
3  12  4.5972e+08
3  13  4.38173e+08
3  14  5.16071e+08
3  15  4.66448e+08
3  16  5.12651e+08
3  17  5.54177e+08
3  18  3.45628e+08
3  19  5.17492e+08
3  20  5.88409e+08
3  21  5.3758e+08
3  22  5.53099e+08
3  23  5.91886e+08
3  24  6.02561e+08
3  25  7.28872e+08
3  26  5.56673e+08
3  27  5.72433e+08
3  28  5.77291e+08
3  29  5.56923e+08
3  30  5.75638e+08
3  31  8.41768e+08
3  32  5.91735e+08
3  33  6.9807e+08
3  34  6.11051e+08
3  35  5.59853e+08
3  36  6.55192e+08
3  37  7.03365e+08
3  38  6.26949e+08
3  39  7.09962e+08
3  40  4.98517e+08
3  41  5.9604e+08
3  42  5.3812e+08
3  43  6.27453e+08
3  44  5.56525e+08
3  45  6.85569e+08
3  46  7.27067e+08
3  47  6.18424e+08
3  48  6.04535e+08
3  49  5.87392e+08
3  50  6.16802e+08
4  0  3.31093e+08
4  1  4.1936e+08
4  2  5.53711e+08
4  3  6.87704e+08
4  4  6.39509e+08
4  5  5.47797e+08
4  6  6.22446e+08
4  7  6.0134e+08
4  8  5.82963e+08
4  9  5.1922e+08
4  10  6.0129e+08
4  11  4.58143e+08
4  12  5.17701e+08
4  13  4.81608e+08
4  14  4.88518e+08
4  15  5.38592e+08
4  16  7.06638e+08
4  17  5.5522e+08
4  18  5.05286e+08
4  19  4.66638e+08
4  20  5.18758e+08
4  21  5.70981e+08
4  22  4.80963e+08
4  23  5.54666e+08
4  24  5.89073e+08
4  25  5.77544e+08
4  26  5.83263e+08
4  27  5.40061e+08
4  28  5.49026e+08
4  29  5.84293e+08
4  30  7.06917e+08
4  31  8.35244e+08
4  32  7.10543e+08
4  33  7.14657e+08
4  34  5.32651e+08
4  35  5.65377e+08
4  36  6.29297e+08
4  37  6.6517e+08
4  38  4.80015e+08
4  39  7.30437e+08
4  40  5.33351e+08
4  41  5.16637e+08
4  42  5.94733e+08
4  43  6.2897e+08
4  44  5.721e+08
4  45  6.87755e+08
4  46  6.27586e+08
4  47  5.50231e+08
4  48  5.66636e+08
4  49  5.7186e+08
4  50  5.76003e+08
5  0  4.04753e+08
5  1  4.35118e+08
5  2  4.717e+08
5  3  7.24728e+08
5  4  6.47784e+08
5  5  6.98406e+08
5  6  5.38799e+08
5  7  5.70184e+08
5  8  5.29594e+08
5  9  6.3851e+08
5  10  5.65457e+08
5  11  5.42205e+08
5  12  5.33536e+08
5  13  5.28461e+08
5  14  5.01685e+08
5  15  5.35821e+08
5  16  5.6189e+08
5  17  4.89873e+08
5  18  4.28573e+08
5  19  5.35593e+08
5  20  4.8865e+08
5  21  5.71892e+08
5  22  5.55732e+08
5  23  5.27779e+08
5  24  6.24164e+08
5  25  5.8822e+08
5  26  6.33573e+08
5  27  4.93062e+08
5  28  6.82959e+08
5  29  6.03926e+08
5  30  6.14068e+08
5  31  6.61883e+08
5  32  6.574e+08
5  33  6.45705e+08
5  34  6.4662e+08
5  35  5.76627e+08
5  36  7.64682e+08
5  37  5.75584e+08
5  38  5.36333e+08
5  39  7.03282e+08
5  40  5.36257e+08
5  41  5.3128e+08
5  42  4.98843e+08
5  43  5.19e+08
5  44  5.45991e+08
5  45  5.79525e+08
5  46  6.8339e+08
5  47  5.51471e+08
5  48  6.09057e+08
5  49  5.9883e+08
5  50  5.7463e+08
6  0  2.91235e+08
6  1  3.48828e+08
6  2  4.31202e+08
6  3  8.50089e+08
6  4  7.28825e+08
6  5  7.70105e+08
6  6  6.16645e+08
6  7  5.40698e+08
6  8  5.33376e+08
6  9  7.25952e+08
6  10  6.63661e+08
6  11  4.15636e+08
6  12  4.88161e+08
6  13  4.36517e+08
6  14  4.47698e+08
6  15  5.03789e+08
6  16  5.47301e+08
6  17  6.00081e+08
6  18  4.71027e+08
6  19  5.01118e+08
6  20  5.60169e+08
6  21  6.40482e+08
6  22  6.09698e+08
6  23  5.93959e+08
6  24  5.94965e+08
6  25  6.64652e+08
6  26  5.37873e+08
6  27  5.43547e+08
6  28  6.05677e+08
6  29  6.62452e+08
6  30  5.96034e+08
6  31  6.96697e+08
6  32  6.25876e+08
6  33  6.43462e+08
6  34  5.96592e+08
6  35  5.89875e+08
6  36  7.19353e+08
6  37  5.78833e+08
6  38  6.55568e+08
6  39  6.55628e+08
6  40  5.66845e+08
6  41  6.02322e+08
6  42  5.7528e+08
6  43  6.34697e+08
6  44  6.44954e+08
6  45  6.17393e+08
6  46  8.22529e+08
6  47  6.59717e+08
6  48  7.30135e+08
6  49  6.22693e+08
6  50  5.53582e+08
7  0  4.7336e+08
7  1  3.7684e+08
7  2  4.43641e+08
7  3  6.52063e+08
7  4  6.01889e+08
7  5  7.68821e+08
7  6  6.43147e+08
7  7  6.66251e+08
7  8  6.15275e+08
7  9  5.88954e+08
7  10  5.72918e+08
7  11  4.72933e+08
7  12  4.34364e+08
7  13  4.8348e+08
7  14  5.26672e+08
7  15  5.58518e+08
7  16  6.58056e+08
7  17  5.14066e+08
7  18  4.96501e+08
7  19  5.46447e+08
7  20  5.76202e+08
7  21  4.99381e+08
7  22  6.73751e+08
7  23  4.80673e+08
7  24  5.56021e+08
7  25  5.25473e+08
7  26  4.68545e+08
7  27  5.6834e+08
7  28  6.36716e+08
7  29  7.39033e+08
7  30  6.67045e+08
7  31  6.72069e+08
7  32  6.47119e+08
7  33  7.49086e+08
7  34  5.76241e+08
7  35  6.12822e+08
7  36  6.31731e+08
7  37  6.40876e+08
7  38  5.81118e+08
7  39  4.37937e+08
7  40  6.12332e+08
7  41  6.29285e+08
7  42  5.75202e+08
7  43  6.49328e+08
7  44  6.69912e+08
7  45  5.8863e+08
7  46  6.94997e+08
7  47  5.36831e+08
7  48  5.99596e+08
7  49  5.92252e+08
7  50  6.42147e+08
8  0  2.46791e+08
8  1  3.53888e+08
8  2  4.81622e+08
8  3  6.32644e+08
8  4  5.18588e+08
8  5  7.68781e+08
8  6  5.73418e+08
8  7  5.35009e+08
8  8  5.96673e+08
8  9  6.98085e+08
8  10  5.43505e+08
8  11  4.67363e+08
8  12  5.54293e+08
8  13  4.30344e+08
8  14  6.44468e+08
8  15  5.82289e+08
8  16  5.45438e+08
8  17  5.33198e+08
8  18  4.74662e+08
8  19  4.71414e+08
8  20  5.98405e+08
8  21  5.99206e+08
8  22  6.63601e+08
8  23  5.95037e+08
8  24  5.93224e+08
8  25  5.49115e+08
8  26  4.95288e+08
8  27  5.33407e+08
8  28  5.39491e+08
8  29  6.70295e+08
8  30  6.05744e+08
8  31  6.96349e+08
8  32  5.84416e+08
8  33  6.09414e+08
8  34  5.95663e+08
8  35  5.72983e+08
8  36  6.72981e+08
8  37  5.43918e+08
8  38  5.35274e+08
8  39  5.31012e+08
8  40  5.64523e+08
8  41  5.69635e+08
8  42  5.22219e+08
8  43  6.51306e+08
8  44  5.08227e+08
8  45  5.84292e+08
8  46  7.62585e+08
8  47  6.16552e+08
8  48  6.1912e+08
8  49  6.27389e+08
8  50  5.33194e+08
9  0  2.97995e+08
9  1  3.3179e+08
9  2  5.70768e+08
9  3  5.80778e+08
9  4  5.88071e+08
9  5  8.70723e+08
9  6  6.07053e+08
9  7  5.40587e+08
9  8  6.75889e+08
9  9  6.16872e+08
9  10  7.43401e+08
9  11  5.16729e+08
9  12  4.87685e+08
9  13  5.19748e+08
9  14  5.17167e+08
9  15  6.08007e+08
9  16  5.20365e+08
9  17  5.36122e+08
9  18  4.8287e+08
9  19  5.08523e+08
9  20  6.29928e+08
9  21  7.02934e+08
9  22  6.49581e+08
9  23  6.54503e+08
9  24  5.64726e+08
9  25  5.29885e+08
9  26  5.15054e+08
9  27  4.74742e+08
9  28  5.62585e+08
9  29  6.60863e+08
9  30  6.41059e+08
9  31  6.00489e+08
9  32  6.59212e+08
9  33  5.95616e+08
9  34  5.9765e+08
9  35  6.0337e+08
9  36  6.55739e+08
9  37  5.09285e+08
9  38  5.93679e+08
9  39  5.54025e+08
9  40  5.31889e+08
9  41  6.31113e+08
9  42  6.23089e+08
9  43  5.97744e+08
9  44  5.65516e+08
9  45  5.98762e+08
9  46  6.59331e+08
9  47  5.98009e+08
9  48  5.88394e+08
9  49  6.20979e+08
9  50  5.03507e+08
10  0  3.90989e+08
10  1  3.58616e+08
10  2  5.31661e+08
10  3  5.28802e+08
10  4  6.57249e+08
10  5  6.9489e+08
10  6  6.39663e+08
10  7  5.51058e+08
10  8  5.98786e+08
10  9  7.83244e+08
10  10  7.87679e+08
10  11  6.11287e+08
10  12  4.86431e+08
10  13  5.64815e+08
10  14  6.16596e+08
10  15  5.86307e+08
10  16  5.43839e+08
10  17  6.17766e+08
10  18  5.499e+08
10  19  4.85129e+08
10  20  5.67458e+08
10  21  6.61558e+08
10  22  6.218e+08
10  23  6.84376e+08
10  24  7.92659e+08
10  25  5.64315e+08
10  26  5.27293e+08
10  27  4.77019e+08
10  28  4.87668e+08
10  29  5.10013e+08
10  30  6.49257e+08
10  31  6.35066e+08
10  32  6.48746e+08
10  33  6.62495e+08
10  34  6.11827e+08
10  35  6.28656e+08
10  36  7.60912e+08
10  37  5.23039e+08
10  38  4.97834e+08
10  39  5.95605e+08
10  40  5.32313e+08
10  41  5.83796e+08
10  42  5.97769e+08
10  43  7.05294e+08
10  44  6.20672e+08
10  45  5.73858e+08
10  46  4.77535e+08
10  47  5.71861e+08
10  48  5.81659e+08
10  49  7.50471e+08
10  50  5.68242e+08
11  0  2.94933e+08
11  1  3.43101e+08
11  2  3.95348e+08
11  3  5.62244e+08
11  4  6.17189e+08
11  5  7.04012e+08
11  6  6.04734e+08
11  7  6.00472e+08
11  8  6.74644e+08
11  9  7.24276e+08
11  10  8.07857e+08
11  11  6.77269e+08
11  12  5.6373e+08
11  13  5.36217e+08
11  14  6.39893e+08
11  15  7.35764e+08
11  16  5.68077e+08
11  17  5.47187e+08
11  18  5.46371e+08
11  19  4.62515e+08
11  20  6.75341e+08
11  21  6.54444e+08
11  22  6.54096e+08
11  23  7.45584e+08
11  24  7.98039e+08
11  25  4.77909e+08
11  26  5.31913e+08
11  27  4.4831e+08
11  28  4.98176e+08
11  29  6.77658e+08
11  30  6.68699e+08
11  31  7.09939e+08
11  32  5.63873e+08
11  33  7.35094e+08
11  34  6.35753e+08
11  35  6.21657e+08
11  36  9.33369e+08
11  37  5.26772e+08
11  38  5.84305e+08
11  39  5.18053e+08
11  40  5.89865e+08
11  41  5.65993e+08
11  42  5.60165e+08
11  43  5.33789e+08
11  44  5.89501e+08
11  45  5.14163e+08
11  46  6.35054e+08
11  47  6.14341e+08
11  48  5.2916e+08
11  49  7.96886e+08
11  50  6.00323e+08
12  0  3.2238e+08
12  1  3.72147e+08
12  2  4.25284e+08
12  3  3.87121e+08
12  4  5.53191e+08
12  5  7.40802e+08
12  6  7.37519e+08
12  7  4.75198e+08
12  8  6.89412e+08
12  9  9.22716e+08
12  10  7.73565e+08
12  11  5.77451e+08
12  12  6.7309e+08
12  13  5.46326e+08
12  14  6.22157e+08
12  15  6.87769e+08
12  16  5.96405e+08
12  17  5.9319e+08
12  18  6.14496e+08
12  19  5.02225e+08
12  20  5.94935e+08
12  21  6.46192e+08
12  22  7.07274e+08
12  23  6.90695e+08
12  24  5.93936e+08
12  25  5.40994e+08
12  26  5.21168e+08
12  27  4.89688e+08
12  28  4.37949e+08
12  29  6.21106e+08
12  30  6.07089e+08
12  31  6.72832e+08
12  32  8.09731e+08
12  33  7.573e+08
12  34  7.87373e+08
12  35  6.9343e+08
12  36  9.90956e+08
12  37  6.09758e+08
12  38  5.74177e+08
12  39  6.10315e+08
12  40  5.23099e+08
12  41  4.59307e+08
12  42  7.30671e+08
12  43  6.30738e+08
12  44  6.45672e+08
12  45  6.33529e+08
12  46  6.5904e+08
12  47  5.33598e+08
12  48  5.26723e+08
12  49  7.0975e+08
12  50  5.66042e+08
13  0  3.47138e+08
13  1  3.8601e+08
13  2  3.74813e+08
13  3  4.75861e+08
13  4  5.46268e+08
13  5  7.43963e+08
13  6  6.7891e+08
13  7  5.96875e+08
13  8  6.56392e+08
13  9  8.75306e+08
13  10  8.40465e+08
13  11  5.57221e+08
13  12  5.30315e+08
13  13  5.41603e+08
13  14  5.89042e+08
13  15  7.31395e+08
13  16  5.26609e+08
13  17  5.37317e+08
13  18  4.31434e+08
13  19  4.79747e+08
13  20  5.84484e+08
13  21  6.8217e+08
13  22  7.77993e+08
13  23  7.27825e+08
13  24  6.4435e+08
13  25  6.33215e+08
13  26  4.89514e+08
13  27  3.8094e+08
13  28  5.77375e+08
13  29  5.75778e+08
13  30  8.13446e+08
13  31  6.97827e+08
13  32  7.29405e+08
13  33  7.64266e+08
13  34  7.43457e+08
13  35  8.00103e+08
13  36  1.48213e+09
13  37  6.43713e+08
13  38  5.58125e+08
13  39  7.38903e+08
13  40  5.49362e+08
13  41  6.25875e+08
13  42  7.39306e+08
13  43  6.74887e+08
13  44  5.97071e+08
13  45  6.49605e+08
13  46  5.85564e+08
13  47  5.81082e+08
13  48  6.26847e+08
13  49  6.72215e+08
13  50  5.59293e+08
14  0  2.44981e+08
14  1  3.14644e+08
14  2  4.25507e+08
14  3  4.66417e+08
14  4  4.77561e+08
14  5  6.38356e+08
14  6  6.40179e+08
14  7  6.58476e+08
14  8  5.99399e+08
14  9  8.13798e+08
14  10  7.40512e+08
14  11  6.28766e+08
14  12  6.90128e+08
14  13  5.52684e+08
14  14  6.18001e+08
14  15  7.80423e+08
14  16  6.15341e+08
14  17  6.39014e+08
14  18  6.16569e+08
14  19  4.48024e+08
14  20  5.92498e+08
14  21  6.00025e+08
14  22  6.261e+08
14  23  7.12929e+08
14  24  7.03736e+08
14  25  5.55397e+08
14  26  5.56833e+08
14  27  4.96009e+08
14  28  4.63788e+08
14  29  6.69358e+08
14  30  8.31259e+08
14  31  6.7602e+08
14  32  6.324e+08
14  33  7.19232e+08
14  34  7.35421e+08
14  35  7.55482e+08
14  36  8.69912e+08
14  37  6.83511e+08
14  38  6.02291e+08
14  39  6.37412e+08
14  40  6.44904e+08
14  41  6.12779e+08
14  42  7.54161e+08
14  43  6.06935e+08
14  44  6.78513e+08
14  45  7.74391e+08
14  46  6.99763e+08
14  47  5.524e+08
14  48  6.56434e+08
14  49  6.68384e+08
14  50  5.4866e+08
15  0  3.97497e+08
15  1  3.56673e+08
15  2  3.7652e+08
15  3  4.33059e+08
15  4  5.0557e+08
15  5  5.80082e+08
15  6  7.10925e+08
15  7  5.04261e+08
15  8  7.33685e+08
15  9  6.99471e+08
15  10  8.28601e+08
15  11  6.85412e+08
15  12  6.83952e+08
15  13  6.77885e+08
15  14  6.43958e+08
15  15  8.2037e+08
15  16  6.6484e+08
15  17  6.45374e+08
15  18  6.22899e+08
15  19  6.47253e+08
15  20  4.88359e+08
15  21  7.56528e+08
15  22  6.61906e+08
15  23  6.99369e+08
15  24  6.37679e+08
15  25  5.55954e+08
15  26  4.90009e+08
15  27  4.60442e+08
15  28  6.533e+08
15  29  6.54604e+08
15  30  6.43041e+08
15  31  7.67454e+08
15  32  6.94642e+08
15  33  9.44126e+08
15  34  7.35924e+08
15  35  7.02179e+08
15  36  8.49185e+08
15  37  7.59626e+08
15  38  6.69384e+08
15  39  7.14467e+08
15  40  7.18081e+08
15  41  6.67758e+08
15  42  6.51378e+08
15  43  6.45589e+08
15  44  6.20293e+08
15  45  7.08909e+08
15  46  6.15203e+08
15  47  4.6865e+08
15  48  5.64916e+08
15  49  6.35203e+08
15  50  6.72333e+08
16  0  3.57787e+08
16  1  2.30099e+08
16  2  5.32416e+08
16  3  4.67767e+08
16  4  4.85634e+08
16  5  5.38887e+08
16  6  5.72294e+08
16  7  5.90825e+08
16  8  5.51199e+08
16  9  6.89904e+08
16  10  9.5252e+08
16  11  7.53647e+08
16  12  5.78889e+08
16  13  6.24464e+08
16  14  7.90587e+08
16  15  7.76807e+08
16  16  7.51176e+08
16  17  7.84524e+08
16  18  5.64806e+08
16  19  6.33721e+08
16  20  4.90309e+08
16  21  6.7506e+08
16  22  6.45769e+08
16  23  7.33579e+08
16  24  8.46038e+08
16  25  6.36442e+08
16  26  5.0751e+08
16  27  5.68357e+08
16  28  5.09044e+08
16  29  6.75855e+08
16  30  6.46495e+08
16  31  7.25323e+08
16  32  7.75955e+08
16  33  7.77719e+08
16  34  8.22158e+08
16  35  7.29758e+08
16  36  7.67196e+08
16  37  6.40511e+08
16  38  6.40828e+08
16  39  7.12108e+08
16  40  6.78829e+08
16  41  7.71251e+08
16  42  7.50835e+08
16  43  7.29958e+08
16  44  7.47029e+08
16  45  8.24498e+08
16  46  8.09753e+08
16  47  5.68205e+08
16  48  5.12945e+08
16  49  6.35016e+08
16  50  7.47613e+08
17  0  3.60716e+08
17  1  4.45609e+08
17  2  5.2924e+08
17  3  4.5602e+08
17  4  5.87882e+08
17  5  5.06146e+08
17  6  6.34327e+08
17  7  5.64944e+08
17  8  6.03889e+08
17  9  8.11513e+08
17  10  9.33236e+08
17  11  6.8537e+08
17  12  7.68517e+08
17  13  6.59432e+08
17  14  7.73025e+08
17  15  8.78329e+08
17  16  8.91927e+08
17  17  8.03035e+08
17  18  7.28115e+08
17  19  7.16704e+08
17  20  4.52074e+08
17  21  5.835e+08
17  22  7.38755e+08
17  23  6.55591e+08
17  24  6.46984e+08
17  25  5.90228e+08
17  26  6.74738e+08
17  27  4.86924e+08
17  28  6.08119e+08
17  29  6.2178e+08
17  30  8.18531e+08
17  31  7.99818e+08
17  32  7.90739e+08
17  33  8.23742e+08
17  34  7.43169e+08
17  35  8.05782e+08
17  36  8.08887e+08
17  37  6.50208e+08
17  38  7.68691e+08
17  39  7.45467e+08
17  40  8.3706e+08
17  41  7.392e+08
17  42  6.84997e+08
17  43  6.95517e+08
17  44  6.7003e+08
17  45  8.1236e+08
17  46  6.93695e+08
17  47  5.52617e+08
17  48  5.79529e+08
17  49  5.55656e+08
17  50  7.06088e+08
18  0  3.68903e+08
18  1  4.24906e+08
18  2  4.72941e+08
18  3  5.83799e+08
18  4  4.47723e+08
18  5  6.05791e+08
18  6  5.94431e+08
18  7  5.40919e+08
18  8  5.85138e+08
18  9  7.49077e+08
18  10  1.07381e+09
18  11  8.57396e+08
18  12  6.98257e+08
18  13  7.72792e+08
18  14  7.99273e+08
18  15  9.94358e+08
18  16  9.31691e+08
18  17  9.12821e+08
18  18  8.31489e+08
18  19  7.09325e+08
18  20  6.18502e+08
18  21  6.17484e+08
18  22  6.79338e+08
18  23  6.08387e+08
18  24  6.50233e+08
18  25  5.65374e+08
18  26  6.19382e+08
18  27  5.9594e+08
18  28  6.43784e+08
18  29  7.68589e+08
18  30  8.83337e+08
18  31  6.76337e+08
18  32  7.19922e+08
18  33  9.21641e+08
18  34  7.73041e+08
18  35  7.90907e+08
18  36  8.11687e+08
18  37  8.2585e+08
18  38  7.07093e+08
18  39  6.98065e+08
18  40  7.56118e+08
18  41  7.57714e+08
18  42  7.02826e+08
18  43  6.52359e+08
18  44  5.91967e+08
18  45  6.79278e+08
18  46  6.53011e+08
18  47  5.39757e+08
18  48  6.19608e+08
18  49  6.32e+08
18  50  5.77324e+08
19  0  3.95916e+08
19  1  4.2055e+08
19  2  5.0666e+08
19  3  5.89146e+08
19  4  6.68522e+08
19  5  5.93124e+08
19  6  4.85263e+08
19  7  4.84883e+08
19  8  5.60467e+08
19  9  7.69978e+08
19  10  1.04626e+09
19  11  7.41483e+08
19  12  6.44806e+08
19  13  6.36225e+08
19  14  8.67677e+08
19  15  9.34832e+08
19  16  1.03623e+09
19  17  1.19431e+09
19  18  7.73797e+08
19  19  7.2545e+08
19  20  5.43798e+08
19  21  6.6856e+08
19  22  7.4724e+08
19  23  6.54917e+08
19  24  7.10979e+08
19  25  6.66717e+08
19  26  6.2175e+08
19  27  6.53523e+08
19  28  7.10355e+08
19  29  7.82062e+08
19  30  9.48059e+08
19  31  7.55072e+08
19  32  7.62399e+08
19  33  9.25286e+08
19  34  7.42649e+08
19  35  8.53846e+08
19  36  8.7957e+08
19  37  7.05976e+08
19  38  7.06375e+08
19  39  6.89321e+08
19  40  8.41571e+08
19  41  8.35905e+08
19  42  8.08914e+08
19  43  8.09305e+08
19  44  5.66014e+08
19  45  7.13545e+08
19  46  5.22711e+08
19  47  5.10115e+08
19  48  5.53588e+08
19  49  6.76751e+08
19  50  7.60843e+08
20  0  3.52241e+08
20  1  4.06072e+08
20  2  5.33915e+08
20  3  5.48907e+08
20  4  6.16156e+08
20  5  5.62959e+08
20  6  5.51238e+08
20  7  5.12522e+08
20  8  6.45025e+08
20  9  7.58898e+08
20  10  9.03051e+08
20  11  7.24732e+08
20  12  6.47342e+08
20  13  7.40809e+08
20  14  7.55223e+08
20  15  9.73096e+08
20  16  1.10145e+09
20  17  1.26873e+09
20  18  1.03064e+09
20  19  8.38808e+08
20  20  6.84773e+08
20  21  6.59835e+08
20  22  6.05013e+08
20  23  5.53292e+08
20  24  6.42699e+08
20  25  7.16333e+08
20  26  7.34549e+08
20  27  5.96187e+08
20  28  6.50638e+08
20  29  7.43883e+08
20  30  9.65668e+08
20  31  8.20133e+08
20  32  7.92663e+08
20  33  8.52329e+08
20  34  7.93593e+08
20  35  1.02093e+09
20  36  7.76721e+08
20  37  7.52076e+08
20  38  7.0303e+08
20  39  6.37764e+08
20  40  8.55619e+08
20  41  8.54853e+08
20  42  8.45174e+08
20  43  6.63932e+08
20  44  6.43474e+08
20  45  6.44725e+08
20  46  6.39815e+08
20  47  5.76946e+08
20  48  5.81004e+08
20  49  6.71478e+08
20  50  6.17266e+08
21  0  4.39117e+08
21  1  6.11716e+08
21  2  6.49796e+08
21  3  6.40603e+08
21  4  5.7801e+08
21  5  6.28357e+08
21  6  4.31319e+08
21  7  5.71265e+08
21  8  6.45755e+08
21  9  6.24864e+08
21  10  9.811e+08
21  11  7.90514e+08
21  12  7.63434e+08
21  13  7.17672e+08
21  14  8.51517e+08
21  15  9.56106e+08
21  16  1.37169e+09
21  17  1.63814e+09
21  18  1.19872e+09
21  19  8.11734e+08
21  20  6.3844e+08
21  21  6.38367e+08
21  22  6.5553e+08
21  23  6.02763e+08
21  24  5.97792e+08
21  25  7.62578e+08
21  26  7.98955e+08
21  27  5.81739e+08
21  28  6.36852e+08
21  29  6.48616e+08
21  30  1.03356e+09
21  31  6.65497e+08
21  32  8.21147e+08
21  33  9.01092e+08
21  34  8.3035e+08
21  35  8.35941e+08
21  36  9.53252e+08
21  37  8.01877e+08
21  38  6.5256e+08
21  39  7.46626e+08
21  40  8.64926e+08
21  41  7.64158e+08
21  42  6.12159e+08
21  43  6.94653e+08
21  44  8.083e+08
21  45  6.14192e+08
21  46  5.90827e+08
21  47  5.34764e+08
21  48  5.25753e+08
21  49  6.01554e+08
21  50  7.05351e+08
22  0  4.81095e+08
22  1  5.46232e+08
22  2  6.24752e+08
22  3  5.70635e+08
22  4  6.38157e+08
22  5  5.42602e+08
22  6  5.36119e+08
22  7  5.11831e+08
22  8  5.8315e+08
22  9  7.09244e+08
22  10  7.48751e+08
22  11  8.35318e+08
22  12  6.47681e+08
22  13  7.35373e+08
22  14  7.95667e+08
22  15  8.48346e+08
22  16  1.35321e+09
22  17  2.05526e+09
22  18  1.34854e+09
22  19  7.8679e+08
22  20  6.00298e+08
22  21  6.18081e+08
22  22  5.54142e+08
22  23  6.45932e+08
22  24  5.53147e+08
22  25  7.18313e+08
22  26  5.76404e+08
22  27  6.36818e+08
22  28  6.95693e+08
22  29  6.95074e+08
22  30  9.21031e+08
22  31  7.99243e+08
22  32  6.48631e+08
22  33  8.12527e+08
22  34  7.97437e+08
22  35  8.47998e+08
22  36  1.01744e+09
22  37  8.00822e+08
22  38  7.1231e+08
22  39  7.91329e+08
22  40  7.04821e+08
22  41  8.18501e+08
22  42  8.66893e+08
22  43  7.22833e+08
22  44  6.9258e+08
22  45  6.09883e+08
22  46  6.37056e+08
22  47  5.28722e+08
22  48  5.4397e+08
22  49  6.43025e+08
22  50  6.68283e+08
23  0  5.79605e+08
23  1  6.63108e+08
23  2  9.75988e+08
23  3  6.55862e+08
23  4  6.45409e+08
23  5  5.70375e+08
23  6  6.60566e+08
23  7  5.45137e+08
23  8  5.17567e+08
23  9  6.27536e+08
23  10  8.046e+08
23  11  6.46473e+08
23  12  7.9894e+08
23  13  7.2594e+08
23  14  7.78403e+08
23  15  9.50282e+08
23  16  1.94221e+09
23  17  2.13951e+09
23  18  9.37758e+08
23  19  8.05146e+08
23  20  6.0102e+08
23  21  6.44158e+08
23  22  5.5275e+08
23  23  5.92118e+08
23  24  6.45532e+08
23  25  7.09868e+08
23  26  6.40544e+08
23  27  6.77037e+08
23  28  6.13742e+08
23  29  8.36955e+08
23  30  8.46901e+08
23  31  7.94043e+08
23  32  6.95232e+08
23  33  7.98944e+08
23  34  9.34778e+08
23  35  8.90575e+08
23  36  1.01525e+09
23  37  8.27886e+08
23  38  7.14619e+08
23  39  7.25513e+08
23  40  8.10964e+08
23  41  8.27773e+08
23  42  9.03035e+08
23  43  6.3826e+08
23  44  7.07836e+08
23  45  7.49645e+08
23  46  6.29102e+08
23  47  5.99698e+08
23  48  4.45381e+08
23  49  5.94552e+08
23  50  6.39364e+08
24  0  5.2745e+08
24  1  7.33295e+08
24  2  5.92413e+08
24  3  5.72096e+08
24  4  5.68816e+08
24  5  6.00808e+08
24  6  6.11738e+08
24  7  4.99172e+08
24  8  6.28892e+08
24  9  5.77106e+08
24  10  7.08801e+08
24  11  6.78577e+08
24  12  7.55607e+08
24  13  7.75887e+08
24  14  7.76553e+08
24  15  1.11247e+09
24  16  1.46342e+09
24  17  2.08381e+09
24  18  1.14541e+09
24  19  7.85909e+08
24  20  5.62543e+08
24  21  6.16571e+08
24  22  5.6881e+08
24  23  7.17376e+08
24  24  6.28426e+08
24  25  7.30332e+08
24  26  7.43508e+08
24  27  5.65753e+08
24  28  6.57085e+08
24  29  6.93022e+08
24  30  7.96983e+08
24  31  7.28101e+08
24  32  7.57416e+08
24  33  8.91792e+08
24  34  8.52775e+08
24  35  8.19399e+08
24  36  9.71721e+08
24  37  8.39531e+08
24  38  7.69502e+08
24  39  6.4303e+08
24  40  7.08494e+08
24  41  8.343e+08
24  42  9.00539e+08
24  43  8.12658e+08
24  44  7.19113e+08
24  45  5.95795e+08
24  46  5.61323e+08
24  47  5.92104e+08
24  48  6.37284e+08
24  49  4.50221e+08
24  50  5.09306e+08
25  0  5.75764e+08
25  1  7.07528e+08
25  2  6.90549e+08
25  3  6.57245e+08
25  4  5.76818e+08
25  5  5.62508e+08
25  6  5.90826e+08
25  7  5.27815e+08
25  8  5.34489e+08
25  9  6.91619e+08
25  10  7.06164e+08
25  11  5.20667e+08
25  12  6.70087e+08
25  13  8.08412e+08
25  14  9.0054e+08
25  15  1.06994e+09
25  16  1.51444e+09
25  17  1.69303e+09
25  18  9.09552e+08
25  19  7.2686e+08
25  20  6.79435e+08
25  21  5.166e+08
25  22  6.2332e+08
25  23  6.42607e+08
25  24  6.15856e+08
25  25  6.9464e+08
25  26  5.95971e+08
25  27  5.79638e+08
25  28  6.74475e+08
25  29  6.51078e+08
25  30  8.34226e+08
25  31  7.99611e+08
25  32  7.17588e+08
25  33  8.19949e+08
25  34  8.37315e+08
25  35  8.04173e+08
25  36  9.50687e+08
25  37  8.43782e+08
25  38  7.4968e+08
25  39  6.86289e+08
25  40  7.18449e+08
25  41  8.42817e+08
25  42  1.05473e+09
25  43  7.92136e+08
25  44  7.95129e+08
25  45  6.50543e+08
25  46  6.22334e+08
25  47  6.38782e+08
25  48  6.36242e+08
25  49  5.25048e+08
25  50  5.82012e+08
26  0  6.88972e+08
26  1  6.70813e+08
26  2  6.07103e+08
26  3  5.08845e+08
26  4  5.93017e+08
26  5  5.70095e+08
26  6  6.67061e+08
26  7  5.24119e+08
26  8  5.66599e+08
26  9  6.18108e+08
26  10  5.41957e+08
26  11  5.52627e+08
26  12  6.35971e+08
26  13  8.00254e+08
26  14  8.63676e+08
26  15  1.09593e+09
26  16  1.03382e+09
26  17  1.53873e+09
26  18  1.02056e+09
26  19  7.51643e+08
26  20  6.165e+08
26  21  5.32785e+08
26  22  5.26154e+08
26  23  6.89144e+08
26  24  5.575e+08
26  25  6.61934e+08
26  26  5.21908e+08
26  27  6.40178e+08
26  28  7.4544e+08
26  29  6.37018e+08
26  30  6.86972e+08
26  31  6.42363e+08
26  32  6.69323e+08
26  33  7.89918e+08
26  34  8.10523e+08
26  35  7.76044e+08
26  36  1.02866e+09
26  37  8.48693e+08
26  38  6.64779e+08
26  39  7.46917e+08
26  40  6.14699e+08
26  41  8.657e+08
26  42  1.21137e+09
26  43  7.60592e+08
26  44  7.39477e+08
26  45  7.3024e+08
26  46  6.04607e+08
26  47  6.63711e+08
26  48  5.03983e+08
26  49  6.22107e+08
26  50  5.50962e+08
27  0  6.50242e+08
27  1  6.77367e+08
27  2  6.69491e+08
27  3  6.15331e+08
27  4  5.54758e+08
27  5  5.96181e+08
27  6  6.87003e+08
27  7  5.70197e+08
27  8  5.11273e+08
27  9  6.12969e+08
27  10  6.68436e+08
27  11  5.57831e+08
27  12  6.76677e+08
27  13  7.94309e+08
27  14  7.61505e+08
27  15  1.18887e+09
27  16  1.00526e+09
27  17  1.11791e+09
27  18  9.07533e+08
27  19  7.64949e+08
27  20  5.98191e+08
27  21  6.67582e+08
27  22  6.30886e+08
27  23  6.02623e+08
27  24  6.89584e+08
27  25  6.2367e+08
27  26  5.97647e+08
27  27  5.10712e+08
27  28  5.04557e+08
27  29  6.25601e+08
27  30  7.32029e+08
27  31  6.72626e+08
27  32  6.71389e+08
27  33  7.98522e+08
27  34  7.72758e+08
27  35  7.56073e+08
27  36  8.9288e+08
27  37  8.52705e+08
27  38  6.44208e+08
27  39  6.8073e+08
27  40  6.58695e+08
27  41  8.14201e+08
27  42  1.3841e+09
27  43  7.6179e+08
27  44  6.96573e+08
27  45  7.10026e+08
27  46  7.09409e+08
27  47  8.22063e+08
27  48  6.602e+08
27  49  6.11184e+08
27  50  5.92835e+08
28  0  7.33093e+08
28  1  5.90235e+08
28  2  7.18279e+08
28  3  6.19612e+08
28  4  6.4305e+08
28  5  5.636e+08
28  6  6.21893e+08
28  7  6.23331e+08
28  8  5.58391e+08
28  9  5.99533e+08
28  10  6.08706e+08
28  11  5.1416e+08
28  12  6.76651e+08
28  13  7.40155e+08
28  14  6.8993e+08
28  15  1.28516e+09
28  16  1.10815e+09
28  17  1.00678e+09
28  18  9.37102e+08
28  19  8.18188e+08
28  20  5.23981e+08
28  21  5.66802e+08
28  22  5.91079e+08
28  23  6.72384e+08
28  24  7.54761e+08
28  25  5.84461e+08
28  26  4.74845e+08
28  27  5.20231e+08
28  28  6.3913e+08
28  29  5.80101e+08
28  30  7.50266e+08
28  31  7.14908e+08
28  32  7.57409e+08
28  33  6.14806e+08
28  34  7.15432e+08
28  35  8.18179e+08
28  36  1.05951e+09
28  37  1.01209e+09
28  38  8.18265e+08
28  39  7.06921e+08
28  40  6.09731e+08
28  41  7.50621e+08
28  42  1.81431e+09
28  43  8.04201e+08
28  44  7.47756e+08
28  45  7.33279e+08
28  46  6.24034e+08
28  47  7.14017e+08
28  48  6.31542e+08
28  49  6.32248e+08
28  50  5.91984e+08
29  0  8.18391e+08
29  1  6.81441e+08
29  2  7.41587e+08
29  3  6.63164e+08
29  4  5.87191e+08
29  5  5.52967e+08
29  6  6.91473e+08
29  7  5.74922e+08
29  8  5.80532e+08
29  9  7.75708e+08
29  10  5.88884e+08
29  11  4.89393e+08
29  12  6.08846e+08
29  13  7.17573e+08
29  14  7.52699e+08
29  15  1.22186e+09
29  16  9.36417e+08
29  17  8.51788e+08
29  18  8.31878e+08
29  19  6.69305e+08
29  20  6.6265e+08
29  21  6.79163e+08
29  22  6.18452e+08
29  23  6.93e+08
29  24  7.07949e+08
29  25  6.95293e+08
29  26  6.73151e+08
29  27  5.83097e+08
29  28  5.73328e+08
29  29  4.93e+08
29  30  6.08044e+08
29  31  7.33318e+08
29  32  7.59963e+08
29  33  7.53346e+08
29  34  7.8505e+08
29  35  8.42386e+08
29  36  1.17901e+09
29  37  1.00376e+09
29  38  7.38021e+08
29  39  7.10933e+08
29  40  8.02428e+08
29  41  7.94699e+08
29  42  1.49074e+09
29  43  7.76909e+08
29  44  8.78728e+08
29  45  7.17706e+08
29  46  5.60638e+08
29  47  6.63703e+08
29  48  5.43525e+08
29  49  6.64186e+08
29  50  6.54435e+08
30  0  8.38239e+08
30  1  7.08646e+08
30  2  6.98473e+08
30  3  7.47202e+08
30  4  5.95076e+08
30  5  5.69069e+08
30  6  7.50457e+08
30  7  6.57721e+08
30  8  6.30594e+08
30  9  7.20354e+08
30  10  5.97808e+08
30  11  5.50282e+08
30  12  5.78374e+08
30  13  7.64678e+08
30  14  7.20453e+08
30  15  9.12109e+08
30  16  1.10921e+09
30  17  7.94807e+08
30  18  9.3552e+08
30  19  8.25367e+08
30  20  5.83472e+08
30  21  6.19172e+08
30  22  6.04989e+08
30  23  7.00058e+08
30  24  6.85643e+08
30  25  6.34396e+08
30  26  5.47761e+08
30  27  5.34056e+08
30  28  5.5372e+08
30  29  5.32271e+08
30  30  6.79081e+08
30  31  6.75957e+08
30  32  6.85588e+08
30  33  6.14346e+08
30  34  7.98024e+08
30  35  8.74812e+08
30  36  1.32671e+09
30  37  1.16449e+09
30  38  7.54428e+08
30  39  6.96613e+08
30  40  7.22345e+08
30  41  8.06624e+08
30  42  1.11794e+09
30  43  8.1667e+08
30  44  8.86989e+08
30  45  8.2287e+08
30  46  6.36673e+08
30  47  7.37328e+08
30  48  6.71378e+08
30  49  6.74639e+08
30  50  6.00502e+08
31  0  7.11129e+08
31  1  6.45037e+08
31  2  6.91264e+08
31  3  6.12688e+08
31  4  5.0654e+08
31  5  6.23453e+08
31  6  7.52352e+08
31  7  6.92552e+08
31  8  6.55679e+08
31  9  6.80825e+08
31  10  6.39536e+08
31  11  5.67171e+08
31  12  6.6527e+08
31  13  7.12448e+08
31  14  6.21293e+08
31  15  7.40926e+08
31  16  1.15064e+09
31  17  8.72658e+08
31  18  7.49855e+08
31  19  7.26975e+08
31  20  5.42607e+08
31  21  5.46157e+08
31  22  6.61394e+08
31  23  6.37416e+08
31  24  8.2729e+08
31  25  6.2675e+08
31  26  5.93943e+08
31  27  5.5199e+08
31  28  6.20376e+08
31  29  5.10406e+08
31  30  5.92717e+08
31  31  6.99353e+08
31  32  7.85292e+08
31  33  5.99515e+08
31  34  8.01423e+08
31  35  9.06585e+08
31  36  1.67949e+09
31  37  1.09185e+09
31  38  6.57204e+08
31  39  7.51539e+08
31  40  6.96763e+08
31  41  7.96819e+08
31  42  9.89578e+08
31  43  8.72876e+08
31  44  1.13085e+09
31  45  7.92598e+08
31  46  6.13683e+08
31  47  7.14111e+08
31  48  6.25599e+08
31  49  7.10679e+08
31  50  6.35319e+08
32  0  7.2816e+08
32  1  5.98177e+08
32  2  6.17087e+08
32  3  5.44112e+08
32  4  6.09772e+08
32  5  5.61616e+08
32  6  6.56702e+08
32  7  6.98521e+08
32  8  6.43598e+08
32  9  6.91998e+08
32  10  6.29414e+08
32  11  5.71513e+08
32  12  5.91622e+08
32  13  7.31646e+08
32  14  6.326e+08
32  15  7.93568e+08
32  16  1.41721e+09
32  17  8.65496e+08
32  18  8.66075e+08
32  19  8.28022e+08
32  20  7.02969e+08
32  21  6.93785e+08
32  22  6.13654e+08
32  23  6.4738e+08
32  24  8.0219e+08
32  25  7.04382e+08
32  26  6.86364e+08
32  27  5.76252e+08
32  28  5.95894e+08
32  29  5.07732e+08
32  30  6.54994e+08
32  31  5.93308e+08
32  32  7.322e+08
32  33  6.4271e+08
32  34  9.21289e+08
32  35  9.35088e+08
32  36  2.0022e+09
32  37  1.17205e+09
32  38  7.32417e+08
32  39  8.45986e+08
32  40  7.52639e+08
32  41  7.40566e+08
32  42  9.57293e+08
32  43  9.26718e+08
32  44  1.28618e+09
32  45  9.46782e+08
32  46  5.44919e+08
32  47  7.70623e+08
32  48  6.57732e+08
32  49  7.87315e+08
32  50  5.61492e+08
33  0  6.09772e+08
33  1  6.37767e+08
33  2  7.24098e+08
33  3  6.24573e+08
33  4  5.62748e+08
33  5  6.45586e+08
33  6  6.8706e+08
33  7  6.99918e+08
33  8  6.87589e+08
33  9  6.27973e+08
33  10  6.22064e+08
33  11  4.39454e+08
33  12  7.1883e+08
33  13  6.5691e+08
33  14  6.82823e+08
33  15  9.04099e+08
33  16  1.36157e+09
33  17  8.01244e+08
33  18  7.09715e+08
33  19  6.59775e+08
33  20  5.95697e+08
33  21  7.94738e+08
33  22  7.27275e+08
33  23  5.41108e+08
33  24  6.45236e+08
33  25  7.31554e+08
33  26  6.0097e+08
33  27  6.33333e+08
33  28  5.08206e+08
33  29  4.94457e+08
33  30  6.98517e+08
33  31  7.13709e+08
33  32  7.87401e+08
33  33  7.07921e+08
33  34  1.00547e+09
33  35  9.61889e+08
33  36  2.5254e+09
33  37  1.22857e+09
33  38  7.8053e+08
33  39  8.08189e+08
33  40  8.78762e+08
33  41  7.96551e+08
33  42  8.79235e+08
33  43  8.88631e+08
33  44  1.63387e+09
33  45  9.94548e+08
33  46  6.82629e+08
33  47  7.31052e+08
33  48  6.99968e+08
33  49  9.53782e+08
33  50  6.32765e+08
34  0  6.16467e+08
34  1  6.08492e+08
34  2  5.98543e+08
34  3  6.18036e+08
34  4  5.71426e+08
34  5  5.29367e+08
34  6  7.06114e+08
34  7  7.70672e+08
34  8  6.48849e+08
34  9  8.2058e+08
34  10  5.73909e+08
34  11  4.73301e+08
34  12  6.19889e+08
34  13  6.6575e+08
34  14  6.48406e+08
34  15  7.79463e+08
34  16  1.49682e+09
34  17  6.96502e+08
34  18  7.10067e+08
34  19  7.12657e+08
34  20  6.63772e+08
34  21  7.5107e+08
34  22  5.79692e+08
34  23  5.89698e+08
34  24  7.90573e+08
34  25  7.26997e+08
34  26  6.74056e+08
34  27  6.13365e+08
34  28  5.08617e+08
34  29  5.6372e+08
34  30  6.27272e+08
34  31  6.60674e+08
34  32  7.14462e+08
34  33  6.42766e+08
34  34  1.06647e+09
34  35  1.06937e+09
34  36  1.9895e+09
34  37  1.21039e+09
34  38  7.24643e+08
34  39  7.12529e+08
34  40  7.48303e+08
34  41  7.4074e+08
34  42  9.9202e+08
34  43  8.80179e+08
34  44  1.86278e+09
34  45  1.33877e+09
34  46  7.27364e+08
34  47  6.58132e+08
34  48  8.11709e+08
34  49  9.03629e+08
34  50  6.46329e+08
35  0  5.78008e+08
35  1  5.66292e+08
35  2  6.66167e+08
35  3  6.71759e+08
35  4  5.55126e+08
35  5  6.30642e+08
35  6  7.81896e+08
35  7  8.09885e+08
35  8  5.84222e+08
35  9  7.63009e+08
35  10  5.43143e+08
35  11  6.29411e+08
35  12  4.45331e+08
35  13  6.52047e+08
35  14  6.41502e+08
35  15  7.99068e+08
35  16  1.17562e+09
35  17  7.13447e+08
35  18  7.02201e+08
35  19  6.91044e+08
35  20  6.49006e+08
35  21  7.78044e+08
35  22  6.77688e+08
35  23  6.4973e+08
35  24  6.49719e+08
35  25  7.78437e+08
35  26  7.20273e+08
35  27  7.69389e+08
35  28  5.68299e+08
35  29  6.21306e+08
35  30  6.74844e+08
35  31  7.46529e+08
35  32  7.28457e+08
35  33  7.04742e+08
35  34  9.58025e+08
35  35  9.07635e+08
35  36  1.59018e+09
35  37  1.02596e+09
35  38  7.17532e+08
35  39  8.14449e+08
35  40  9.07874e+08
35  41  7.82601e+08
35  42  8.3143e+08
35  43  1.06674e+09
35  44  1.95123e+09
35  45  1.36869e+09
35  46  9.23958e+08
35  47  7.2018e+08
35  48  7.19467e+08
35  49  9.38787e+08
35  50  6.88981e+08
36  0  6.86725e+08
36  1  6.19475e+08
36  2  6.35068e+08
36  3  6.52964e+08
36  4  6.14867e+08
36  5  6.45533e+08
36  6  6.35332e+08
36  7  7.91775e+08
36  8  7.24572e+08
36  9  7.95899e+08
36  10  5.99762e+08
36  11  5.26736e+08
36  12  4.43332e+08
36  13  6.65979e+08
36  14  7.50916e+08
36  15  6.50312e+08
36  16  9.37866e+08
36  17  8.53823e+08
36  18  6.37678e+08
36  19  6.47611e+08
36  20  7.55965e+08
36  21  6.49374e+08
36  22  6.33383e+08
36  23  6.58221e+08
36  24  7.36357e+08
36  25  8.1779e+08
36  26  7.46673e+08
36  27  6.68663e+08
36  28  6.33451e+08
36  29  6.07079e+08
36  30  6.56879e+08
36  31  7.65029e+08
36  32  7.92016e+08
36  33  6.35903e+08
36  34  7.71101e+08
36  35  8.51494e+08
36  36  1.1088e+09
36  37  1.03434e+09
36  38  6.70156e+08
36  39  7.1554e+08
36  40  7.27747e+08
36  41  6.86789e+08
36  42  8.46022e+08
36  43  1.03045e+09
36  44  1.63837e+09
36  45  1.724e+09
36  46  8.37255e+08
36  47  7.75514e+08
36  48  8.13333e+08
36  49  8.75019e+08
36  50  5.73859e+08
37  0  6.42334e+08
37  1  6.55701e+08
37  2  8.0908e+08
37  3  8.32446e+08
37  4  7.06989e+08
37  5  5.86975e+08
37  6  8.29553e+08
37  7  8.26376e+08
37  8  6.92644e+08
37  9  6.35775e+08
37  10  5.78723e+08
37  11  5.15693e+08
37  12  4.96779e+08
37  13  6.42195e+08
37  14  6.70679e+08
37  15  7.02154e+08
37  16  9.03387e+08
37  17  7.58161e+08
37  18  6.1973e+08
37  19  6.03486e+08
37  20  6.18492e+08
37  21  7.08979e+08
37  22  6.19072e+08
37  23  6.1386e+08
37  24  6.67008e+08
37  25  7.75663e+08
37  26  6.58038e+08
37  27  5.96055e+08
37  28  5.46665e+08
37  29  5.92598e+08
37  30  6.84475e+08
37  31  7.23388e+08
37  32  7.11473e+08
37  33  6.24043e+08
37  34  7.82878e+08
37  35  9.10589e+08
37  36  1.09047e+09
37  37  8.21482e+08
37  38  6.06493e+08
37  39  7.47752e+08
37  40  7.71847e+08
37  41  6.42929e+08
37  42  8.74968e+08
37  43  1.03754e+09
37  44  1.73811e+09
37  45  2.18593e+09
37  46  8.76823e+08
37  47  7.62426e+08
37  48  7.51438e+08
37  49  8.52542e+08
37  50  6.70479e+08
38  0  7.15968e+08
38  1  6.27051e+08
38  2  7.77719e+08
38  3  7.87867e+08
38  4  5.79902e+08
38  5  7.91482e+08
38  6  8.00891e+08
38  7  9.78043e+08
38  8  6.95938e+08
38  9  7.5376e+08
38  10  7.30336e+08
38  11  5.94473e+08
38  12  5.95068e+08
38  13  6.07093e+08
38  14  6.14467e+08
38  15  6.57245e+08
38  16  8.99033e+08
38  17  6.82572e+08
38  18  5.83214e+08
38  19  5.90168e+08
38  20  7.91742e+08
38  21  7.25412e+08
38  22  6.42854e+08
38  23  6.31739e+08
38  24  6.58142e+08
38  25  6.3985e+08
38  26  6.43998e+08
38  27  6.29247e+08
38  28  5.64334e+08
38  29  5.20863e+08
38  30  6.42015e+08
38  31  6.58863e+08
38  32  7.03258e+08
38  33  6.15989e+08
38  34  7.39529e+08
38  35  7.68243e+08
38  36  9.01902e+08
38  37  7.69494e+08
38  38  5.72892e+08
38  39  6.32606e+08
38  40  7.6795e+08
38  41  7.79237e+08
38  42  9.20691e+08
38  43  1.00833e+09
38  44  1.74532e+09
38  45  2.95409e+09
38  46  1.05409e+09
38  47  7.28191e+08
38  48  8.39149e+08
38  49  9.67378e+08
38  50  8.2145e+08
39  0  6.63897e+08
39  1  7.66077e+08
39  2  6.5923e+08
39  3  7.35519e+08
39  4  6.71289e+08
39  5  7.48916e+08
39  6  7.86721e+08
39  7  1.22245e+09
39  8  7.21912e+08
39  9  6.42468e+08
39  10  5.95097e+08
39  11  5.95942e+08
39  12  6.85548e+08
39  13  6.22364e+08
39  14  5.30633e+08
39  15  6.55677e+08
39  16  7.8297e+08
39  17  7.61682e+08
39  18  6.47904e+08
39  19  6.43089e+08
39  20  7.4157e+08
39  21  7.28174e+08
39  22  6.2174e+08
39  23  5.54871e+08
39  24  6.89951e+08
39  25  7.91334e+08
39  26  6.21755e+08
39  27  6.4508e+08
39  28  5.58484e+08
39  29  6.3285e+08
39  30  7.56458e+08
39  31  7.5318e+08
39  32  6.98007e+08
39  33  6.22023e+08
39  34  7.27678e+08
39  35  7.74614e+08
39  36  1.00511e+09
39  37  7.33729e+08
39  38  5.33806e+08
39  39  6.61443e+08
39  40  7.2458e+08
39  41  8.17233e+08
39  42  7.73544e+08
39  43  9.06176e+08
39  44  2.08756e+09
39  45  3.48167e+09
39  46  1.05184e+09
39  47  7.60317e+08
39  48  7.75574e+08
39  49  9.55684e+08
39  50  8.59962e+08
40  0  6.02748e+08
40  1  6.32624e+08
40  2  6.54193e+08
40  3  7.69528e+08
40  4  6.55399e+08
40  5  7.47189e+08
40  6  8.70226e+08
40  7  8.01384e+08
40  8  7.07854e+08
40  9  6.49647e+08
40  10  6.08791e+08
40  11  5.63141e+08
40  12  6.45331e+08
40  13  5.19647e+08
40  14  8.38129e+08
40  15  7.90329e+08
40  16  8.0671e+08
40  17  6.69669e+08
40  18  6.62037e+08
40  19  7.25905e+08
40  20  6.34018e+08
40  21  7.09097e+08
40  22  7.0657e+08
40  23  5.60002e+08
40  24  6.00184e+08
40  25  7.78699e+08
40  26  6.51496e+08
40  27  6.60119e+08
40  28  5.11828e+08
40  29  6.58036e+08
40  30  6.24683e+08
40  31  7.3334e+08
40  32  6.37834e+08
40  33  6.47314e+08
40  34  5.71852e+08
40  35  8.25649e+08
40  36  8.33303e+08
40  37  7.26889e+08
40  38  5.86062e+08
40  39  5.88822e+08
40  40  7.22662e+08
40  41  6.97319e+08
40  42  7.52836e+08
40  43  9.93927e+08
40  44  2.42962e+09
40  45  4.78283e+09
40  46  1.24481e+09
40  47  7.38697e+08
40  48  7.39739e+08
40  49  1.04872e+09
40  50  7.8349e+08
41  0  5.51532e+08
41  1  5.06489e+08
41  2  7.49051e+08
41  3  7.34148e+08
41  4  5.87948e+08
41  5  7.22455e+08
41  6  7.01538e+08
41  7  8.04575e+08
41  8  6.25791e+08
41  9  5.81025e+08
41  10  6.56487e+08
41  11  5.52138e+08
41  12  5.72516e+08
41  13  6.60074e+08
41  14  5.75142e+08
41  15  7.49117e+08
41  16  8.20936e+08
41  17  6.42851e+08
41  18  6.20349e+08
41  19  8.09387e+08
41  20  6.91919e+08
41  21  4.83145e+08
41  22  5.99442e+08
41  23  6.37449e+08
41  24  6.22241e+08
41  25  8.12165e+08
41  26  5.71765e+08
41  27  6.39893e+08
41  28  6.16398e+08
41  29  6.39161e+08
41  30  6.77713e+08
41  31  7.01433e+08
41  32  7.19373e+08
41  33  5.04573e+08
41  34  5.93153e+08
41  35  7.8157e+08
41  36  7.47848e+08
41  37  6.58982e+08
41  38  6.39044e+08
41  39  6.78805e+08
41  40  6.80191e+08
41  41  9.28943e+08
41  42  8.7627e+08
41  43  1.1224e+09
41  44  2.40426e+09
41  45  5.61507e+09
41  46  1.45567e+09
41  47  8.44975e+08
41  48  8.77399e+08
41  49  1.07183e+09
41  50  8.02805e+08
42  0  6.54326e+08
42  1  6.15952e+08
42  2  6.70123e+08
42  3  6.28766e+08
42  4  5.49184e+08
42  5  6.34264e+08
42  6  7.16885e+08
42  7  6.90958e+08
42  8  7.24908e+08
42  9  7.18373e+08
42  10  5.74878e+08
42  11  6.56866e+08
42  12  6.44392e+08
42  13  5.85486e+08
42  14  6.33985e+08
42  15  5.89301e+08
42  16  7.37854e+08
42  17  5.49315e+08
42  18  5.41705e+08
42  19  6.81512e+08
42  20  5.928e+08
42  21  7.30016e+08
42  22  7.61461e+08
42  23  6.07673e+08
42  24  5.11725e+08
42  25  7.27772e+08
42  26  6.07693e+08
42  27  5.92394e+08
42  28  5.28357e+08
42  29  6.17177e+08
42  30  6.09885e+08
42  31  7.18718e+08
42  32  7.76075e+08
42  33  5.20646e+08
42  34  6.30778e+08
42  35  8.03072e+08
42  36  7.83198e+08
42  37  6.93943e+08
42  38  6.43741e+08
42  39  7.20348e+08
42  40  8.28035e+08
42  41  8.77557e+08
42  42  9.59512e+08
42  43  1.34147e+09
42  44  2.81569e+09
42  45  6.92276e+09
42  46  1.79812e+09
42  47  1.02581e+09
42  48  8.91358e+08
42  49  1.41209e+09
42  50  8.58334e+08
43  0  5.91782e+08
43  1  6.51017e+08
43  2  8.16392e+08
43  3  7.21971e+08
43  4  6.62057e+08
43  5  6.31166e+08
43  6  6.03151e+08
43  7  6.61496e+08
43  8  7.7329e+08
43  9  6.50524e+08
43  10  6.15294e+08
43  11  5.95254e+08
43  12  6.52034e+08
43  13  6.46955e+08
43  14  6.45611e+08
43  15  6.82873e+08
43  16  7.46505e+08
43  17  5.996e+08
43  18  4.64199e+08
43  19  6.42396e+08
43  20  6.09461e+08
43  21  6.30662e+08
43  22  6.19248e+08
43  23  5.88687e+08
43  24  5.59808e+08
43  25  7.27917e+08
43  26  5.88237e+08
43  27  5.99147e+08
43  28  6.39127e+08
43  29  6.31779e+08
43  30  6.66155e+08
43  31  6.92137e+08
43  32  6.52073e+08
43  33  5.33274e+08
43  34  6.75767e+08
43  35  6.7126e+08
43  36  7.31992e+08
43  37  6.80392e+08
43  38  6.8174e+08
43  39  7.47995e+08
43  40  8.00762e+08
43  41  9.37796e+08
43  42  1.04717e+09
43  43  1.27843e+09
43  44  2.77951e+09
43  45  5.16453e+09
43  46  1.91451e+09
43  47  1.02306e+09
43  48  8.43561e+08
43  49  1.12514e+09
43  50  7.97872e+08
44  0  6.07788e+08
44  1  5.7777e+08
44  2  7.55465e+08
44  3  8.0298e+08
44  4  6.7885e+08
44  5  6.70836e+08
44  6  6.42698e+08
44  7  7.12947e+08
44  8  6.5025e+08
44  9  5.87415e+08
44  10  6.16822e+08
44  11  5.72981e+08
44  12  4.88085e+08
44  13  5.53953e+08
44  14  6.51375e+08
44  15  6.54022e+08
44  16  6.63433e+08
44  17  5.67868e+08
44  18  4.70468e+08
44  19  7.73546e+08
44  20  5.90881e+08
44  21  6.05417e+08
44  22  6.35996e+08
44  23  5.50857e+08
44  24  4.90535e+08
44  25  6.41253e+08
44  26  5.16035e+08
44  27  6.35131e+08
44  28  5.5526e+08
44  29  5.94508e+08
44  30  6.64508e+08
44  31  6.43289e+08
44  32  6.84324e+08
44  33  5.53499e+08
44  34  6.19378e+08
44  35  6.50509e+08
44  36  7.66406e+08
44  37  6.27442e+08
44  38  7.31556e+08
44  39  6.24785e+08
44  40  7.65222e+08
44  41  9.84831e+08
44  42  8.42214e+08
44  43  1.15873e+09
44  44  1.82059e+09
44  45  4.24278e+09
44  46  1.69775e+09
44  47  9.64257e+08
44  48  8.91828e+08
44  49  9.70729e+08
44  50  6.80279e+08
45  0  6.19501e+08
45  1  5.79139e+08
45  2  9.3533e+08
45  3  7.94613e+08
45  4  6.11677e+08
45  5  7.07749e+08
45  6  6.61963e+08
45  7  6.34165e+08
45  8  7.26463e+08
45  9  6.88497e+08
45  10  5.77135e+08
45  11  5.57435e+08
45  12  6.0336e+08
45  13  5.64938e+08
45  14  5.96562e+08
45  15  6.4416e+08
45  16  6.57886e+08
45  17  5.58527e+08
45  18  5.61362e+08
45  19  7.33834e+08
45  20  7.02629e+08
45  21  6.6868e+08
45  22  6.19892e+08
45  23  6.72018e+08
45  24  5.34691e+08
45  25  6.05542e+08
45  26  5.52425e+08
45  27  5.66131e+08
45  28  5.82843e+08
45  29  6.29296e+08
45  30  6.34436e+08
45  31  7.25303e+08
45  32  6.80337e+08
45  33  5.75793e+08
45  34  5.72406e+08
45  35  6.235e+08
45  36  6.48763e+08
45  37  6.41255e+08
45  38  6.2636e+08
45  39  6.3676e+08
45  40  8.59387e+08
45  41  7.97012e+08
45  42  8.39727e+08
45  43  1.01833e+09
45  44  2.03995e+09
45  45  2.60431e+09
45  46  1.25926e+09
45  47  7.39749e+08
45  48  7.97213e+08
45  49  1.10617e+09
45  50  7.89444e+08
46  0  7.11284e+08
46  1  6.46555e+08
46  2  1.01189e+09
46  3  7.5052e+08
46  4  7.98045e+08
46  5  7.81212e+08
46  6  7.06547e+08
46  7  6.85161e+08
46  8  9.35757e+08
46  9  6.03054e+08
46  10  6.60587e+08
46  11  5.30265e+08
46  12  6.57058e+08
46  13  5.90999e+08
46  14  5.32561e+08
46  15  7.29193e+08
46  16  5.4733e+08
46  17  6.39859e+08
46  18  5.62183e+08
46  19  6.969e+08
46  20  6.93594e+08
46  21  6.06999e+08
46  22  5.87445e+08
46  23  5.48195e+08
46  24  5.79186e+08
46  25  6.78914e+08
46  26  5.75631e+08
46  27  6.18301e+08
46  28  5.48603e+08
46  29  6.03309e+08
46  30  5.51908e+08
46  31  6.84455e+08
46  32  7.50715e+08
46  33  5.6824e+08
46  34  5.43808e+08
46  35  6.69566e+08
46  36  7.14466e+08
46  37  6.41656e+08
46  38  6.1865e+08
46  39  6.46805e+08
46  40  7.70565e+08
46  41  8.20549e+08
46  42  8.10529e+08
46  43  1.04227e+09
46  44  1.24953e+09
46  45  2.41846e+09
46  46  1.13068e+09
46  47  7.19533e+08
46  48  7.65528e+08
46  49  8.30437e+08
46  50  8.9296e+08
47  0  7.38406e+08
47  1  7.27504e+08
47  2  1.01855e+09
47  3  8.90875e+08
47  4  8.63176e+08
47  5  7.69778e+08
47  6  6.82978e+08
47  7  6.51091e+08
47  8  7.47974e+08
47  9  6.8304e+08
47  10  6.33707e+08
47  11  6.05516e+08
47  12  5.76135e+08
47  13  5.84642e+08
47  14  5.4532e+08
47  15  5.83797e+08
47  16  7.08027e+08
47  17  5.42876e+08
47  18  4.76044e+08
47  19  6.41821e+08
47  20  6.97801e+08
47  21  5.47803e+08
47  22  5.64851e+08
47  23  6.1589e+08
47  24  6.30591e+08
47  25  5.90642e+08
47  26  7.12199e+08
47  27  6.4045e+08
47  28  5.98489e+08
47  29  6.55288e+08
47  30  7.01326e+08
47  31  6.95672e+08
47  32  6.80152e+08
47  33  5.76203e+08
47  34  6.6403e+08
47  35  5.7583e+08
47  36  6.79867e+08
47  37  7.64604e+08
47  38  5.90803e+08
47  39  6.15033e+08
47  40  7.46942e+08
47  41  8.70001e+08
47  42  9.77682e+08
47  43  9.14776e+08
47  44  1.30547e+09
47  45  2.02966e+09
47  46  9.42918e+08
47  47  7.06811e+08
47  48  9.3659e+08
47  49  1.03334e+09
47  50  9.52958e+08
48  0  8.09505e+08
48  1  6.70188e+08
48  2  1.04723e+09
48  3  8.88297e+08
48  4  7.70778e+08
48  5  8.16745e+08
48  6  6.22542e+08
48  7  6.23636e+08
48  8  6.99565e+08
48  9  6.53959e+08
48  10  6.7182e+08
48  11  6.07495e+08
48  12  6.50706e+08
48  13  6.20248e+08
48  14  5.40348e+08
48  15  6.35614e+08
48  16  7.19388e+08
48  17  5.46131e+08
48  18  4.80995e+08
48  19  6.75232e+08
48  20  5.78943e+08
48  21  5.85081e+08
48  22  6.54277e+08
48  23  6.6341e+08
48  24  6.48092e+08
48  25  6.29614e+08
48  26  6.1885e+08
48  27  6.60578e+08
48  28  7.32323e+08
48  29  7.28197e+08
48  30  6.72463e+08
48  31  7.38075e+08
48  32  6.30788e+08
48  33  5.72615e+08
48  34  5.73061e+08
48  35  6.19041e+08
48  36  7.07062e+08
48  37  6.31649e+08
48  38  6.40593e+08
48  39  7.85171e+08
48  40  8.71503e+08
48  41  1.0045e+09
48  42  8.68078e+08
48  43  9.73553e+08
48  44  1.17365e+09
48  45  1.73307e+09
48  46  1.05005e+09
48  47  8.72134e+08
48  48  7.11045e+08
48  49  8.58836e+08
48  50  9.79635e+08
49  0  6.80803e+08
49  1  6.98003e+08
49  2  9.73432e+08
49  3  8.69156e+08
49  4  8.10763e+08
49  5  7.38306e+08
49  6  6.91392e+08
49  7  6.49881e+08
49  8  6.36654e+08
49  9  6.38231e+08
49  10  6.94461e+08
49  11  5.81525e+08
49  12  6.99145e+08
49  13  6.90652e+08
49  14  6.17993e+08
49  15  6.26508e+08
49  16  6.7438e+08
49  17  5.94538e+08
49  18  6.59014e+08
49  19  6.05212e+08
49  20  8.59631e+08
49  21  6.09056e+08
49  22  6.50158e+08
49  23  7.64602e+08
49  24  5.74946e+08
49  25  6.91651e+08
49  26  7.24411e+08
49  27  7.0461e+08
49  28  7.48134e+08
49  29  7.88905e+08
49  30  7.10154e+08
49  31  7.83961e+08
49  32  6.39222e+08
49  33  6.22064e+08
49  34  5.72716e+08
49  35  7.27009e+08
49  36  6.92265e+08
49  37  7.19325e+08
49  38  6.36234e+08
49  39  7.36981e+08
49  40  8.90875e+08
49  41  9.25632e+08
49  42  8.55605e+08
49  43  9.25519e+08
49  44  1.22932e+09
49  45  1.62511e+09
49  46  1.05878e+09
49  47  8.91076e+08
49  48  7.41711e+08
49  49  1.04483e+09
49  50  1.02445e+09
50  0  7.82076e+08
50  1  7.60961e+08
50  2  9.03925e+08
50  3  9.45934e+08
50  4  9.99835e+08
50  5  7.92578e+08
50  6  7.98178e+08
50  7  6.8832e+08
50  8  7.04355e+08
50  9  7.69235e+08
50  10  7.60191e+08
50  11  6.58903e+08
50  12  6.25565e+08
50  13  6.62512e+08
50  14  5.9741e+08
50  15  6.24849e+08
50  16  6.52539e+08
50  17  7.15493e+08
50  18  5.89241e+08
50  19  6.39898e+08
50  20  7.88852e+08
50  21  7.43738e+08
50  22  6.0048e+08
50  23  6.9192e+08
50  24  7.43567e+08
50  25  6.65419e+08
50  26  7.36504e+08
50  27  6.7211e+08
50  28  6.90126e+08
50  29  7.50816e+08
50  30  7.80673e+08
50  31  7.27669e+08
50  32  7.2523e+08
50  33  6.14391e+08
50  34  6.21639e+08
50  35  6.83027e+08
50  36  6.97291e+08
50  37  7.71591e+08
50  38  6.11645e+08
50  39  7.72495e+08
50  40  8.72833e+08
50  41  9.33809e+08
50  42  7.76669e+08
50  43  8.6521e+08
50  44  1.07116e+09
50  45  1.6604e+09
50  46  1.1075e+09
50  47  8.59268e+08
50  48  7.97796e+08
50  49  9.37136e+08
50  50  1.1397e+09

