row  column  (images_25_1_306.edf Fe-K*images_25_1_306.edf Ar-K**2.3)
0  0  1.02471e+08
0  1  9.28799e+07
0  2  9.91117e+07
0  3  1.2624e+08
0  4  1.1326e+08
0  5  1.30148e+08
0  6  1.95698e+08
0  7  1.53172e+08
0  8  1.03154e+08
0  9  8.96879e+07
0  10  7.72617e+07
0  11  9.99653e+07
0  12  5.8883e+07
0  13  5.87455e+07
0  14  6.39408e+07
0  15  6.83509e+07
0  16  6.17988e+07
0  17  4.97999e+07
0  18  3.88187e+07
0  19  3.6177e+07
0  20  5.88366e+07
0  21  4.74717e+07
0  22  4.17842e+07
0  23  5.69453e+07
0  24  6.9778e+07
0  25  6.84465e+07
0  26  6.59306e+07
0  27  5.39489e+07
0  28  6.04375e+07
0  29  1.01633e+08
0  30  1.16124e+08
0  31  1.11165e+08
0  32  1.27022e+08
0  33  1.08978e+08
0  34  1.10926e+08
0  35  1.39019e+08
0  36  1.28777e+08
0  37  9.98551e+07
0  38  9.73382e+07
0  39  1.03619e+08
0  40  1.25094e+08
0  41  8.76225e+07
0  42  7.20582e+07
0  43  8.40359e+07
0  44  9.41221e+07
0  45  8.32908e+07
0  46  1.23207e+08
0  47  1.12515e+08
0  48  1.16675e+08
0  49  1.03772e+08
0  50  1.11792e+08
1  0  1.0533e+08
1  1  1.0226e+08
1  2  1.26189e+08
1  3  1.32426e+08
1  4  1.25943e+08
1  5  1.62088e+08
1  6  2.18601e+08
1  7  1.55889e+08
1  8  1.17614e+08
1  9  8.76678e+07
1  10  1.19589e+08
1  11  9.50193e+07
1  12  9.49564e+07
1  13  6.48126e+07
1  14  5.70467e+07
1  15  6.29866e+07
1  16  5.58611e+07
1  17  5.63744e+07
1  18  4.14378e+07
1  19  5.59502e+07
1  20  4.77918e+07
1  21  5.91581e+07
1  22  3.86343e+07
1  23  4.75901e+07
1  24  6.28513e+07
1  25  9.11305e+07
1  26  8.08268e+07
1  27  7.80751e+07
1  28  7.52088e+07
1  29  9.28127e+07
1  30  1.05965e+08
1  31  1.2002e+08
1  32  1.41663e+08
1  33  1.16891e+08
1  34  1.16547e+08
1  35  1.3942e+08
1  36  1.10648e+08
1  37  1.02303e+08
1  38  8.62928e+07
1  39  9.16627e+07
1  40  8.26115e+07
1  41  7.70517e+07
1  42  7.62804e+07
1  43  9.01777e+07
1  44  9.61606e+07
1  45  8.60249e+07
1  46  1.40744e+08
1  47  7.98931e+07
1  48  1.0917e+08
1  49  9.79189e+07
1  50  1.00999e+08
2  0  8.60371e+07
2  1  8.46493e+07
2  2  8.72518e+07
2  3  1.09291e+08
2  4  9.55195e+07
2  5  1.48908e+08
2  6  1.69328e+08
2  7  1.46837e+08
2  8  1.16208e+08
2  9  9.99653e+07
2  10  1.16609e+08
2  11  1.15463e+08
2  12  9.42249e+07
2  13  5.82709e+07
2  14  7.26047e+07
2  15  9.73827e+07
2  16  9.13989e+07
2  17  4.47419e+07
2  18  3.78359e+07
2  19  4.54469e+07
2  20  5.32636e+07
2  21  4.54687e+07
2  22  4.24446e+07
2  23  5.11629e+07
2  24  6.868e+07
2  25  1.08754e+08
2  26  6.44784e+07
2  27  7.4964e+07
2  28  1.14825e+08
2  29  8.98444e+07
2  30  1.01676e+08
2  31  1.34766e+08
2  32  1.16009e+08
2  33  1.18526e+08
2  34  1.16387e+08
2  35  1.08898e+08
2  36  9.21407e+07
2  37  1.09983e+08
2  38  1.01703e+08
2  39  1.21048e+08
2  40  1.01269e+08
2  41  8.31771e+07
2  42  8.6322e+07
2  43  9.82495e+07
2  44  8.58831e+07
2  45  8.20138e+07
2  46  1.56183e+08
2  47  1.26447e+08
2  48  8.77489e+07
2  49  1.03465e+08
2  50  8.55982e+07
3  0  9.19234e+07
3  1  9.44032e+07
3  2  9.53375e+07
3  3  9.44912e+07
3  4  1.05632e+08
3  5  1.07166e+08
3  6  1.49403e+08
3  7  1.23984e+08
3  8  1.08958e+08
3  9  9.32691e+07
3  10  9.21853e+07
3  11  8.24391e+07
3  12  8.74165e+07
3  13  6.00112e+07
3  14  6.54403e+07
3  15  7.44991e+07
3  16  6.66199e+07
3  17  5.0609e+07
3  18  4.8396e+07
3  19  6.65092e+07
3  20  5.42063e+07
3  21  3.38274e+07
3  22  5.45217e+07
3  23  4.9148e+07
3  24  8.14585e+07
3  25  8.02531e+07
3  26  8.68879e+07
3  27  8.32102e+07
3  28  7.52051e+07
3  29  7.93541e+07
3  30  9.31446e+07
3  31  1.14686e+08
3  32  1.25332e+08
3  33  1.14866e+08
3  34  1.11914e+08
3  35  1.28371e+08
3  36  1.2413e+08
3  37  1.20801e+08
3  38  1.11382e+08
3  39  1.14888e+08
3  40  1.34223e+08
3  41  1.08276e+08
3  42  8.12351e+07
3  43  7.83305e+07
3  44  7.45548e+07
3  45  8.1247e+07
3  46  1.76844e+08
3  47  1.02976e+08
3  48  7.77681e+07
3  49  8.22998e+07
3  50  7.95364e+07
4  0  7.39754e+07
4  1  7.33445e+07
4  2  8.81177e+07
4  3  9.39842e+07
4  4  7.68039e+07
4  5  1.04384e+08
4  6  1.33304e+08
4  7  9.46572e+07
4  8  1.10893e+08
4  9  9.38092e+07
4  10  1.11919e+08
4  11  1.03519e+08
4  12  7.35243e+07
4  13  8.03848e+07
4  14  8.34537e+07
4  15  6.48151e+07
4  16  7.13045e+07
4  17  6.74902e+07
4  18  5.59774e+07
4  19  7.2148e+07
4  20  4.37149e+07
4  21  4.54421e+07
4  22  6.22617e+07
4  23  4.71351e+07
4  24  8.70788e+07
4  25  1.05996e+08
4  26  8.51207e+07
4  27  8.54512e+07
4  28  8.18119e+07
4  29  7.66365e+07
4  30  7.76727e+07
4  31  1.07888e+08
4  32  1.12267e+08
4  33  1.18788e+08
4  34  1.26616e+08
4  35  1.3004e+08
4  36  1.37054e+08
4  37  1.01693e+08
4  38  1.05572e+08
4  39  1.12115e+08
4  40  1.1639e+08
4  41  1.14564e+08
4  42  9.19976e+07
4  43  8.35661e+07
4  44  1.08149e+08
4  45  9.6076e+07
4  46  1.77964e+08
4  47  1.09197e+08
4  48  7.80577e+07
4  49  8.20759e+07
4  50  7.98127e+07
5  0  7.04934e+07
5  1  6.70296e+07
5  2  9.3114e+07
5  3  9.38325e+07
5  4  7.92584e+07
5  5  1.03789e+08
5  6  9.80056e+07
5  7  9.81005e+07
5  8  8.27893e+07
5  9  1.04169e+08
5  10  9.50818e+07
5  11  9.85478e+07
5  12  8.1432e+07
5  13  7.73769e+07
5  14  5.91866e+07
5  15  7.75207e+07
5  16  7.57053e+07
5  17  5.52493e+07
5  18  6.24092e+07
5  19  9.38658e+07
5  20  5.77364e+07
5  21  4.03027e+07
5  22  4.89935e+07
5  23  6.03598e+07
5  24  9.88358e+07
5  25  9.5653e+07
5  26  9.76568e+07
5  27  7.94498e+07
5  28  8.40954e+07
5  29  7.06398e+07
5  30  8.07449e+07
5  31  8.28115e+07
5  32  9.67522e+07
5  33  1.02032e+08
5  34  1.19855e+08
5  35  1.34381e+08
5  36  1.25946e+08
5  37  1.22101e+08
5  38  1.22616e+08
5  39  1.48244e+08
5  40  1.40428e+08
5  41  1.28218e+08
5  42  9.3663e+07
5  43  8.72427e+07
5  44  8.74558e+07
5  45  8.9448e+07
5  46  2.1666e+08
5  47  1.20148e+08
5  48  8.92792e+07
5  49  8.37942e+07
5  50  7.16951e+07
6  0  9.05085e+07
6  1  6.60346e+07
6  2  9.90384e+07
6  3  8.19053e+07
6  4  8.54928e+07
6  5  8.75384e+07
6  6  9.891e+07
6  7  8.06883e+07
6  8  7.44896e+07
6  9  8.76304e+07
6  10  1.19377e+08
6  11  9.30813e+07
6  12  9.53439e+07
6  13  8.835e+07
6  14  7.82822e+07
6  15  9.48544e+07
6  16  9.71119e+07
6  17  5.34557e+07
6  18  6.23112e+07
6  19  1.00731e+08
6  20  6.61e+07
6  21  5.87677e+07
6  22  4.60857e+07
6  23  7.65907e+07
6  24  1.02197e+08
6  25  1.10468e+08
6  26  8.81914e+07
6  27  9.16079e+07
6  28  6.61645e+07
6  29  5.79354e+07
6  30  1.00063e+08
6  31  7.71006e+07
6  32  1.035e+08
6  33  1.17538e+08
6  34  1.13556e+08
6  35  1.26742e+08
6  36  1.30269e+08
6  37  1.18149e+08
6  38  9.69798e+07
6  39  1.25547e+08
6  40  1.17365e+08
6  41  1.0966e+08
6  42  1.1872e+08
6  43  9.63945e+07
6  44  8.7868e+07
6  45  1.11657e+08
6  46  3.35443e+08
6  47  1.34162e+08
6  48  8.68475e+07
6  49  8.07928e+07
6  50  8.36857e+07
7  0  7.9303e+07
7  1  7.88382e+07
7  2  9.21554e+07
7  3  7.52609e+07
7  4  8.51311e+07
7  5  8.68995e+07
7  6  9.83921e+07
7  7  8.63632e+07
7  8  8.86112e+07
7  9  9.81712e+07
7  10  1.19732e+08
7  11  6.92288e+07
7  12  7.31282e+07
7  13  6.78076e+07
7  14  9.16812e+07
7  15  7.90277e+07
7  16  6.72428e+07
7  17  8.52324e+07
7  18  5.92617e+07
7  19  1.19245e+08
7  20  5.85705e+07
7  21  7.12371e+07
7  22  6.21402e+07
7  23  1.07056e+08
7  24  9.73226e+07
7  25  1.0029e+08
7  26  9.90681e+07
7  27  8.4795e+07
7  28  7.08048e+07
7  29  8.06975e+07
7  30  7.9718e+07
7  31  7.42115e+07
7  32  9.41348e+07
7  33  1.05549e+08
7  34  1.19014e+08
7  35  1.27513e+08
7  36  1.21117e+08
7  37  1.24489e+08
7  38  1.11055e+08
7  39  1.21623e+08
7  40  1.20511e+08
7  41  1.03704e+08
7  42  1.09748e+08
7  43  1.00202e+08
7  44  1.00547e+08
7  45  1.27929e+08
7  46  2.72237e+08
7  47  9.94192e+07
7  48  8.62766e+07
7  49  8.2507e+07
7  50  6.89604e+07
8  0  8.18698e+07
8  1  8.64401e+07
8  2  1.0198e+08
8  3  7.46184e+07
8  4  6.84846e+07
8  5  9.67462e+07
8  6  9.30162e+07
8  7  7.61251e+07
8  8  7.45811e+07
8  9  8.8902e+07
8  10  1.16943e+08
8  11  9.06118e+07
8  12  6.44773e+07
8  13  7.64251e+07
8  14  8.02313e+07
8  15  7.12151e+07
8  16  5.95344e+07
8  17  5.78899e+07
8  18  5.41225e+07
8  19  1.23627e+08
8  20  6.51051e+07
8  21  6.46357e+07
8  22  5.36445e+07
8  23  7.61052e+07
8  24  1.2545e+08
8  25  9.99648e+07
8  26  1.022e+08
8  27  1.01754e+08
8  28  7.97478e+07
8  29  9.12173e+07
8  30  9.0686e+07
8  31  7.34037e+07
8  32  7.9131e+07
8  33  8.48781e+07
8  34  1.01582e+08
8  35  1.26961e+08
8  36  1.30908e+08
8  37  1.32061e+08
8  38  1.08696e+08
8  39  1.16467e+08
8  40  1.18688e+08
8  41  9.93977e+07
8  42  1.16751e+08
8  43  9.59106e+07
8  44  9.23654e+07
8  45  1.02318e+08
8  46  2.0439e+08
8  47  1.13197e+08
8  48  8.04507e+07
8  49  7.40911e+07
8  50  6.37423e+07
9  0  6.86508e+07
9  1  8.95363e+07
9  2  8.36326e+07
9  3  7.01052e+07
9  4  8.35472e+07
9  5  8.30995e+07
9  6  9.52793e+07
9  7  7.91325e+07
9  8  7.89805e+07
9  9  8.14656e+07
9  10  1.07826e+08
9  11  8.26373e+07
9  12  7.66341e+07
9  13  8.42812e+07
9  14  9.26558e+07
9  15  9.70747e+07
9  16  8.85282e+07
9  17  7.01996e+07
9  18  7.04217e+07
9  19  1.0793e+08
9  20  7.78364e+07
9  21  7.16515e+07
9  22  8.07798e+07
9  23  1.10973e+08
9  24  1.49396e+08
9  25  1.00357e+08
9  26  8.84086e+07
9  27  8.91882e+07
9  28  8.22046e+07
9  29  8.48891e+07
9  30  7.65162e+07
9  31  9.79895e+07
9  32  8.54342e+07
9  33  1.08246e+08
9  34  1.19238e+08
9  35  1.02993e+08
9  36  9.79063e+07
9  37  1.17525e+08
9  38  1.06246e+08
9  39  1.48186e+08
9  40  1.33807e+08
9  41  1.15017e+08
9  42  1.12771e+08
9  43  8.34445e+07
9  44  8.84829e+07
9  45  1.13161e+08
9  46  1.76414e+08
9  47  8.41299e+07
9  48  7.41655e+07
9  49  7.08229e+07
9  50  7.48926e+07
10  0  8.14289e+07
10  1  8.47239e+07
10  2  8.27814e+07
10  3  6.53787e+07
10  4  6.8178e+07
10  5  9.9066e+07
10  6  8.34886e+07
10  7  8.34766e+07
10  8  7.55437e+07
10  9  7.83446e+07
10  10  7.24068e+07
10  11  8.52603e+07
10  12  7.14875e+07
10  13  6.24276e+07
10  14  1.04909e+08
10  15  7.11468e+07
10  16  6.76743e+07
10  17  6.09293e+07
10  18  7.13809e+07
10  19  7.73306e+07
10  20  6.97067e+07
10  21  7.57708e+07
10  22  8.03293e+07
10  23  1.14562e+08
10  24  1.27747e+08
10  25  9.9045e+07
10  26  9.94119e+07
10  27  1.07692e+08
10  28  9.82825e+07
10  29  9.27026e+07
10  30  9.19892e+07
10  31  7.80367e+07
10  32  7.91033e+07
10  33  8.97357e+07
10  34  1.03932e+08
10  35  1.01587e+08
10  36  1.20234e+08
10  37  9.94066e+07
10  38  9.19967e+07
10  39  9.4739e+07
10  40  1.29475e+08
10  41  9.10308e+07
10  42  1.02535e+08
10  43  8.45452e+07
10  44  9.71316e+07
10  45  9.32575e+07
10  46  1.21688e+08
10  47  1.13149e+08
10  48  9.81733e+07
10  49  7.13622e+07
10  50  6.19185e+07
11  0  9.73457e+07
11  1  8.21335e+07
11  2  8.81751e+07
11  3  7.98294e+07
11  4  7.54412e+07
11  5  7.15936e+07
11  6  7.88463e+07
11  7  8.31453e+07
11  8  6.26284e+07
11  9  7.44345e+07
11  10  9.80738e+07
11  11  8.79257e+07
11  12  8.6225e+07
11  13  8.09194e+07
11  14  9.72241e+07
11  15  7.94945e+07
11  16  7.10944e+07
11  17  8.64007e+07
11  18  5.11854e+07
11  19  7.00504e+07
11  20  8.42299e+07
11  21  8.34446e+07
11  22  8.3185e+07
11  23  1.05784e+08
11  24  1.13785e+08
11  25  9.5027e+07
11  26  1.02376e+08
11  27  1.18906e+08
11  28  7.37422e+07
11  29  8.23578e+07
11  30  9.86294e+07
11  31  7.5073e+07
11  32  8.67127e+07
11  33  8.81404e+07
11  34  1.01354e+08
11  35  1.02751e+08
11  36  1.044e+08
11  37  7.75767e+07
11  38  8.61394e+07
11  39  9.42423e+07
11  40  1.11866e+08
11  41  9.12117e+07
11  42  8.47053e+07
11  43  8.14703e+07
11  44  9.16318e+07
11  45  1.08822e+08
11  46  1.17574e+08
11  47  1.09883e+08
11  48  9.0185e+07
11  49  6.19732e+07
11  50  7.26026e+07
12  0  7.22429e+07
12  1  8.58107e+07
12  2  9.76464e+07
12  3  8.70904e+07
12  4  9.01785e+07
12  5  8.13993e+07
12  6  9.86001e+07
12  7  9.35985e+07
12  8  6.85464e+07
12  9  7.85026e+07
12  10  9.33871e+07
12  11  5.81541e+07
12  12  8.32071e+07
12  13  7.27934e+07
12  14  9.60257e+07
12  15  7.59532e+07
12  16  7.41144e+07
12  17  6.56386e+07
12  18  6.84287e+07
12  19  6.92514e+07
12  20  8.62969e+07
12  21  9.06127e+07
12  22  8.36654e+07
12  23  1.00038e+08
12  24  9.75323e+07
12  25  1.14614e+08
12  26  8.16285e+07
12  27  9.0373e+07
12  28  9.01525e+07
12  29  7.70682e+07
12  30  9.30386e+07
12  31  7.72766e+07
12  32  8.98912e+07
12  33  8.73516e+07
12  34  8.18521e+07
12  35  1.13456e+08
12  36  1.07691e+08
12  37  8.67492e+07
12  38  8.48964e+07
12  39  7.95102e+07
12  40  1.11762e+08
12  41  8.56157e+07
12  42  7.53499e+07
12  43  6.38742e+07
12  44  9.84603e+07
12  45  8.86054e+07
12  46  1.03795e+08
12  47  1.04659e+08
12  48  8.23542e+07
12  49  6.53816e+07
12  50  6.75772e+07
13  0  6.27677e+07
13  1  7.39628e+07
13  2  7.96894e+07
13  3  6.85961e+07
13  4  8.83141e+07
13  5  7.11783e+07
13  6  1.01564e+08
13  7  9.9889e+07
13  8  6.9689e+07
13  9  6.86166e+07
13  10  8.3464e+07
13  11  8.81089e+07
13  12  7.70759e+07
13  13  8.25887e+07
13  14  9.7471e+07
13  15  8.39918e+07
13  16  5.42294e+07
13  17  6.30533e+07
13  18  6.94362e+07
13  19  7.38661e+07
13  20  7.8723e+07
13  21  9.38514e+07
13  22  8.00032e+07
13  23  1.07976e+08
13  24  9.79969e+07
13  25  1.1492e+08
13  26  9.61724e+07
13  27  9.68053e+07
13  28  8.01954e+07
13  29  9.18261e+07
13  30  1.00599e+08
13  31  8.29972e+07
13  32  1.20045e+08
13  33  8.20755e+07
13  34  7.57536e+07
13  35  8.42684e+07
13  36  8.93283e+07
13  37  8.6254e+07
13  38  9.62756e+07
13  39  9.94319e+07
13  40  9.66202e+07
13  41  7.66719e+07
13  42  8.53561e+07
13  43  8.85613e+07
13  44  7.67086e+07
13  45  9.82465e+07
13  46  1.17632e+08
13  47  1.01996e+08
13  48  7.06192e+07
13  49  7.23137e+07
13  50  7.39296e+07
14  0  7.0288e+07
14  1  7.00573e+07
14  2  9.5252e+07
14  3  6.93174e+07
14  4  7.35314e+07
14  5  8.17054e+07
14  6  9.03875e+07
14  7  1.00312e+08
14  8  7.08882e+07
14  9  5.38116e+07
14  10  9.51305e+07
14  11  1.03243e+08
14  12  7.47936e+07
14  13  8.04047e+07
14  14  7.34597e+07
14  15  6.93386e+07
14  16  6.39452e+07
14  17  8.82985e+07
14  18  6.80443e+07
14  19  7.30046e+07
14  20  7.61563e+07
14  21  1.10217e+08
14  22  9.54278e+07
14  23  9.50584e+07
14  24  9.41029e+07
14  25  8.90585e+07
14  26  9.18148e+07
14  27  8.25938e+07
14  28  7.95559e+07
14  29  7.83256e+07
14  30  8.98979e+07
14  31  8.34444e+07
14  32  1.19762e+08
14  33  8.71884e+07
14  34  8.13819e+07
14  35  8.99152e+07
14  36  9.06317e+07
14  37  8.23421e+07
14  38  8.5039e+07
14  39  9.52934e+07
14  40  9.01707e+07
14  41  7.48146e+07
14  42  6.28799e+07
14  43  5.96298e+07
14  44  8.74009e+07
14  45  8.88234e+07
14  46  9.27356e+07
14  47  1.09066e+08
14  48  9.72638e+07
14  49  6.89009e+07
14  50  6.2781e+07
15  0  7.83752e+07
15  1  7.83529e+07
15  2  6.92791e+07
15  3  8.92918e+07
15  4  7.39642e+07
15  5  7.76643e+07
15  6  8.97195e+07
15  7  8.95091e+07
15  8  6.94198e+07
15  9  7.7369e+07
15  10  8.82716e+07
15  11  1.00282e+08
15  12  8.23644e+07
15  13  8.07683e+07
15  14  8.17264e+07
15  15  8.57355e+07
15  16  6.87484e+07
15  17  8.93682e+07
15  18  9.97558e+07
15  19  7.79699e+07
15  20  8.87813e+07
15  21  9.67586e+07
15  22  8.76077e+07
15  23  9.31243e+07
15  24  1.01454e+08
15  25  9.62412e+07
15  26  1.08314e+08
15  27  1.03727e+08
15  28  8.766e+07
15  29  9.85509e+07
15  30  7.86729e+07
15  31  8.74277e+07
15  32  1.21122e+08
15  33  1.01944e+08
15  34  8.44128e+07
15  35  1.05982e+08
15  36  9.32335e+07
15  37  7.61956e+07
15  38  7.08687e+07
15  39  1.29887e+08
15  40  9.04917e+07
15  41  6.16591e+07
15  42  7.12481e+07
15  43  7.23518e+07
15  44  8.83825e+07
15  45  6.85196e+07
15  46  8.83448e+07
15  47  9.56724e+07
15  48  8.36716e+07
15  49  8.11761e+07
15  50  7.40518e+07
16  0  8.99619e+07
16  1  7.5745e+07
16  2  9.12731e+07
16  3  7.14188e+07
16  4  8.18799e+07
16  5  7.65176e+07
16  6  9.17492e+07
16  7  8.46118e+07
16  8  8.88362e+07
16  9  8.06299e+07
16  10  8.08239e+07
16  11  9.33346e+07
16  12  6.98703e+07
16  13  9.41014e+07
16  14  9.5829e+07
16  15  8.38728e+07
16  16  8.88055e+07
16  17  9.5227e+07
16  18  7.62982e+07
16  19  8.54293e+07
16  20  8.24946e+07
16  21  8.89233e+07
16  22  8.60486e+07
16  23  9.13785e+07
16  24  1.26423e+08
16  25  1.30874e+08
16  26  1.14416e+08
16  27  9.18035e+07
16  28  9.97295e+07
16  29  9.06125e+07
16  30  9.86664e+07
16  31  1.06623e+08
16  32  1.29819e+08
16  33  1.29456e+08
16  34  9.3214e+07
16  35  8.33142e+07
16  36  9.06034e+07
16  37  8.50936e+07
16  38  8.55641e+07
16  39  1.27977e+08
16  40  8.24696e+07
16  41  6.64019e+07
16  42  6.70018e+07
16  43  4.29303e+07
16  44  8.20485e+07
16  45  7.84357e+07
16  46  8.24787e+07
16  47  9.83219e+07
16  48  8.92241e+07
16  49  7.96697e+07
16  50  6.96844e+07
17  0  1.02759e+08
17  1  8.98662e+07
17  2  7.09848e+07
17  3  7.93279e+07
17  4  8.03553e+07
17  5  8.22015e+07
17  6  9.64578e+07
17  7  9.13669e+07
17  8  7.26144e+07
17  9  9.05213e+07
17  10  1.10598e+08
17  11  9.66103e+07
17  12  9.20327e+07
17  13  9.19101e+07
17  14  1.04144e+08
17  15  7.95759e+07
17  16  9.14502e+07
17  17  7.62632e+07
17  18  1.09306e+08
17  19  8.4964e+07
17  20  9.39607e+07
17  21  8.76633e+07
17  22  8.44069e+07
17  23  1.03188e+08
17  24  1.18452e+08
17  25  1.07408e+08
17  26  8.39762e+07
17  27  1.0967e+08
17  28  8.17238e+07
17  29  9.68001e+07
17  30  8.74336e+07
17  31  1.23555e+08
17  32  1.26117e+08
17  33  1.30831e+08
17  34  8.07785e+07
17  35  9.21827e+07
17  36  9.17944e+07
17  37  9.24531e+07
17  38  9.09949e+07
17  39  1.22418e+08
17  40  6.29276e+07
17  41  7.31113e+07
17  42  4.99451e+07
17  43  6.74886e+07
17  44  9.20622e+07
17  45  8.38735e+07
17  46  8.02428e+07
17  47  9.19917e+07
17  48  8.54922e+07
17  49  7.77858e+07
17  50  7.2714e+07
18  0  9.75787e+07
18  1  9.93768e+07
18  2  9.16691e+07
18  3  1.04523e+08
18  4  8.73766e+07
18  5  7.17955e+07
18  6  8.8074e+07
18  7  8.84079e+07
18  8  7.12926e+07
18  9  1.07282e+08
18  10  9.04787e+07
18  11  9.63777e+07
18  12  1.05662e+08
18  13  1.04905e+08
18  14  1.21599e+08
18  15  1.13289e+08
18  16  8.20126e+07
18  17  7.74153e+07
18  18  9.28197e+07
18  19  8.77472e+07
18  20  9.21771e+07
18  21  8.68618e+07
18  22  9.68876e+07
18  23  8.09971e+07
18  24  8.57978e+07
18  25  1.04592e+08
18  26  1.0105e+08
18  27  7.81464e+07
18  28  9.24878e+07
18  29  8.76147e+07
18  30  9.43846e+07
18  31  9.9569e+07
18  32  1.55844e+08
18  33  1.69253e+08
18  34  9.3141e+07
18  35  9.41526e+07
18  36  9.1161e+07
18  37  7.56611e+07
18  38  8.05275e+07
18  39  1.23442e+08
18  40  8.13141e+07
18  41  7.84e+07
18  42  7.30615e+07
18  43  7.07331e+07
18  44  8.07775e+07
18  45  7.64552e+07
18  46  6.8711e+07
18  47  9.34775e+07
18  48  8.10371e+07
18  49  7.70134e+07
18  50  6.93737e+07
19  0  9.8441e+07
19  1  1.0555e+08
19  2  8.40329e+07
19  3  9.85915e+07
19  4  1.06571e+08
19  5  8.36624e+07
19  6  1.05735e+08
19  7  8.14149e+07
19  8  9.24626e+07
19  9  1.25412e+08
19  10  9.43285e+07
19  11  8.359e+07
19  12  8.15249e+07
19  13  1.13456e+08
19  14  1.37866e+08
19  15  9.75e+07
19  16  1.03583e+08
19  17  9.7023e+07
19  18  1.00158e+08
19  19  9.56501e+07
19  20  9.89396e+07
19  21  1.0389e+08
19  22  9.69828e+07
19  23  8.47556e+07
19  24  1.0843e+08
19  25  1.18229e+08
19  26  1.08727e+08
19  27  1.12124e+08
19  28  8.82487e+07
19  29  9.21702e+07
19  30  9.31765e+07
19  31  9.84269e+07
19  32  1.70225e+08
19  33  1.92772e+08
19  34  1.05252e+08
19  35  1.15939e+08
19  36  1.01422e+08
19  37  1.06135e+08
19  38  8.76128e+07
19  39  1.28309e+08
19  40  9.10875e+07
19  41  6.74606e+07
19  42  6.05488e+07
19  43  6.73275e+07
19  44  9.21614e+07
19  45  7.40707e+07
19  46  7.7306e+07
19  47  7.49368e+07
19  48  7.97295e+07
19  49  7.24248e+07
19  50  8.87214e+07
20  0  1.31832e+08
20  1  1.01621e+08
20  2  1.35724e+08
20  3  9.58948e+07
20  4  1.12808e+08
20  5  1.2069e+08
20  6  8.84418e+07
20  7  8.78784e+07
20  8  8.6523e+07
20  9  1.42368e+08
20  10  1.16905e+08
20  11  9.22863e+07
20  12  7.94103e+07
20  13  9.6199e+07
20  14  1.42521e+08
20  15  1.18171e+08
20  16  1.03624e+08
20  17  9.1155e+07
20  18  1.22563e+08
20  19  9.85991e+07
20  20  9.93446e+07
20  21  8.66952e+07
20  22  9.13337e+07
20  23  9.49195e+07
20  24  1.01082e+08
20  25  9.56911e+07
20  26  8.5201e+07
20  27  7.89618e+07
20  28  9.33003e+07
20  29  1.02437e+08
20  30  1.11544e+08
20  31  1.10734e+08
20  32  1.48081e+08
20  33  2.14121e+08
20  34  1.08075e+08
20  35  8.44703e+07
20  36  1.06955e+08
20  37  9.67644e+07
20  38  7.98126e+07
20  39  1.1635e+08
20  40  8.78934e+07
20  41  6.71664e+07
20  42  6.34144e+07
20  43  6.11534e+07
20  44  8.13815e+07
20  45  7.82941e+07
20  46  7.41584e+07
20  47  9.45647e+07
20  48  9.33472e+07
20  49  7.76488e+07
20  50  7.85294e+07
21  0  1.41156e+08
21  1  1.0694e+08
21  2  9.99671e+07
21  3  1.04294e+08
21  4  1.26185e+08
21  5  9.43141e+07
21  6  7.7633e+07
21  7  9.39247e+07
21  8  9.20839e+07
21  9  1.46526e+08
21  10  1.30828e+08
21  11  7.73874e+07
21  12  7.99069e+07
21  13  1.16917e+08
21  14  1.59547e+08
21  15  1.50971e+08
21  16  1.07093e+08
21  17  1.24414e+08
21  18  9.81914e+07
21  19  9.4405e+07
21  20  9.37052e+07
21  21  9.28084e+07
21  22  1.02046e+08
21  23  9.9532e+07
21  24  9.72143e+07
21  25  9.99365e+07
21  26  8.34642e+07
21  27  8.12799e+07
21  28  9.56133e+07
21  29  9.98586e+07
21  30  1.16306e+08
21  31  9.77195e+07
21  32  2.68012e+08
21  33  2.49282e+08
21  34  1.11109e+08
21  35  1.03389e+08
21  36  1.05559e+08
21  37  1.02042e+08
21  38  8.06064e+07
21  39  1.18343e+08
21  40  9.17652e+07
21  41  8.0388e+07
21  42  6.31173e+07
21  43  9.05452e+07
21  44  7.97089e+07
21  45  7.90414e+07
21  46  8.12888e+07
21  47  8.30281e+07
21  48  7.80183e+07
21  49  8.88586e+07
21  50  7.39308e+07
22  0  1.24749e+08
22  1  1.24159e+08
22  2  9.7807e+07
22  3  1.08131e+08
22  4  9.91267e+07
22  5  9.35154e+07
22  6  9.76216e+07
22  7  8.60855e+07
22  8  6.85557e+07
22  9  1.68341e+08
22  10  9.52607e+07
22  11  1.06664e+08
22  12  7.97228e+07
22  13  1.26561e+08
22  14  2.04495e+08
22  15  1.54267e+08
22  16  1.31237e+08
22  17  1.51219e+08
22  18  9.9188e+07
22  19  1.0458e+08
22  20  9.10364e+07
22  21  8.77703e+07
22  22  9.3025e+07
22  23  8.81077e+07
22  24  1.08171e+08
22  25  8.71745e+07
22  26  9.25327e+07
22  27  9.95891e+07
22  28  9.34424e+07
22  29  9.59773e+07
22  30  9.64858e+07
22  31  9.52795e+07
22  32  1.61613e+08
22  33  2.20391e+08
22  34  9.78243e+07
22  35  9.31339e+07
22  36  1.00221e+08
22  37  1.22774e+08
22  38  1.02598e+08
22  39  1.04221e+08
22  40  1.04799e+08
22  41  8.08877e+07
22  42  7.05348e+07
22  43  8.88444e+07
22  44  1.02518e+08
22  45  9.01394e+07
22  46  6.1037e+07
22  47  7.3487e+07
22  48  7.85856e+07
22  49  8.3182e+07
22  50  8.25352e+07
23  0  1.2364e+08
23  1  1.08499e+08
23  2  9.20817e+07
23  3  8.21213e+07
23  4  1.00943e+08
23  5  8.13806e+07
23  6  7.5803e+07
23  7  8.95324e+07
23  8  9.3248e+07
23  9  1.54373e+08
23  10  1.15585e+08
23  11  1.00227e+08
23  12  9.63349e+07
23  13  1.35337e+08
23  14  2.31409e+08
23  15  1.70281e+08
23  16  1.21053e+08
23  17  1.74832e+08
23  18  1.12541e+08
23  19  1.17834e+08
23  20  9.50887e+07
23  21  7.70785e+07
23  22  9.99271e+07
23  23  9.50413e+07
23  24  1.01812e+08
23  25  9.08124e+07
23  26  8.07147e+07
23  27  7.90249e+07
23  28  8.53772e+07
23  29  7.82475e+07
23  30  1.01729e+08
23  31  1.06056e+08
23  32  1.49541e+08
23  33  1.76184e+08
23  34  1.17015e+08
23  35  1.03621e+08
23  36  8.91229e+07
23  37  8.72606e+07
23  38  1.01215e+08
23  39  1.34094e+08
23  40  1.03315e+08
23  41  8.93094e+07
23  42  7.67853e+07
23  43  8.35181e+07
23  44  9.62652e+07
23  45  7.71729e+07
23  46  8.51001e+07
23  47  8.28289e+07
23  48  8.38216e+07
23  49  6.18788e+07
23  50  9.93426e+07
24  0  1.30854e+08
24  1  1.08916e+08
24  2  1.10281e+08
24  3  1.03854e+08
24  4  9.52194e+07
24  5  1.00152e+08
24  6  8.94161e+07
24  7  8.43643e+07
24  8  1.02059e+08
24  9  1.30927e+08
24  10  1.19018e+08
24  11  1.19645e+08
24  12  1.1006e+08
24  13  1.27282e+08
24  14  1.53118e+08
24  15  1.52418e+08
24  16  1.34597e+08
24  17  1.71096e+08
24  18  1.13328e+08
24  19  1.08781e+08
24  20  8.94295e+07
24  21  9.81418e+07
24  22  8.54599e+07
24  23  8.94518e+07
24  24  8.43664e+07
24  25  9.30523e+07
24  26  9.38451e+07
24  27  7.95719e+07
24  28  1.01109e+08
24  29  7.578e+07
24  30  8.3555e+07
24  31  1.00753e+08
24  32  1.25311e+08
24  33  1.59088e+08
24  34  9.45497e+07
24  35  9.78578e+07
24  36  1.00215e+08
24  37  8.64145e+07
24  38  9.11001e+07
24  39  8.82857e+07
24  40  1.05782e+08
24  41  9.53044e+07
24  42  9.13034e+07
24  43  6.65151e+07
24  44  8.66763e+07
24  45  7.51967e+07
24  46  6.61817e+07
24  47  7.45714e+07
24  48  7.93989e+07
24  49  6.56682e+07
24  50  7.67855e+07
25  0  1.03089e+08
25  1  1.06664e+08
25  2  1.11353e+08
25  3  9.46479e+07
25  4  9.95928e+07
25  5  8.54439e+07
25  6  7.4988e+07
25  7  9.36394e+07
25  8  9.94906e+07
25  9  1.2469e+08
25  10  1.05462e+08
25  11  9.70304e+07
25  12  8.88723e+07
25  13  1.11359e+08
25  14  1.65815e+08
25  15  1.2949e+08
25  16  1.33715e+08
25  17  1.46272e+08
25  18  9.95356e+07
25  19  9.76112e+07
25  20  1.03352e+08
25  21  1.00121e+08
25  22  9.70827e+07
25  23  9.37112e+07
25  24  9.56949e+07
25  25  9.4391e+07
25  26  7.95776e+07
25  27  9.41974e+07
25  28  9.19726e+07
25  29  8.31938e+07
25  30  1.01101e+08
25  31  9.75634e+07
25  32  1.2359e+08
25  33  1.45557e+08
25  34  9.8153e+07
25  35  8.90839e+07
25  36  1.00659e+08
25  37  1.00186e+08
25  38  8.01531e+07
25  39  1.29635e+08
25  40  1.13574e+08
25  41  1.02566e+08
25  42  9.10633e+07
25  43  9.58188e+07
25  44  8.01135e+07
25  45  9.77477e+07
25  46  7.78996e+07
25  47  8.37167e+07
25  48  7.24156e+07
25  49  6.83622e+07
25  50  8.00445e+07
26  0  1.31379e+08
26  1  1.15364e+08
26  2  1.05374e+08
26  3  1.06443e+08
26  4  9.47135e+07
26  5  1.07884e+08
26  6  9.39075e+07
26  7  8.30947e+07
26  8  9.19969e+07
26  9  9.59308e+07
26  10  1.02745e+08
26  11  1.06438e+08
26  12  8.94512e+07
26  13  1.00801e+08
26  14  1.16561e+08
26  15  1.27534e+08
26  16  1.11772e+08
26  17  1.38177e+08
26  18  1.13504e+08
26  19  9.61647e+07
26  20  8.39208e+07
26  21  8.48251e+07
26  22  6.97863e+07
26  23  8.03129e+07
26  24  9.79079e+07
26  25  8.48313e+07
26  26  7.52075e+07
26  27  9.50682e+07
26  28  7.49908e+07
26  29  9.5597e+07
26  30  9.77623e+07
26  31  8.83077e+07
26  32  1.07373e+08
26  33  1.19949e+08
26  34  9.78314e+07
26  35  8.97623e+07
26  36  7.78081e+07
26  37  9.21324e+07
26  38  9.39345e+07
26  39  8.67937e+07
26  40  9.38135e+07
26  41  8.22556e+07
26  42  6.55171e+07
26  43  9.32469e+07
26  44  7.88789e+07
26  45  9.78584e+07
26  46  7.09327e+07
26  47  8.54048e+07
26  48  7.99646e+07
26  49  6.64082e+07
26  50  7.24344e+07
27  0  1.341e+08
27  1  1.30186e+08
27  2  1.13659e+08
27  3  1.08141e+08
27  4  9.85352e+07
27  5  1.19997e+08
27  6  1.06768e+08
27  7  7.39178e+07
27  8  9.2375e+07
27  9  9.70088e+07
27  10  8.90259e+07
27  11  9.21948e+07
27  12  9.97408e+07
27  13  1.00024e+08
27  14  1.1411e+08
27  15  1.11792e+08
27  16  1.21484e+08
27  17  1.28364e+08
27  18  9.96616e+07
27  19  1.01898e+08
27  20  9.87312e+07
27  21  9.33555e+07
27  22  7.79355e+07
27  23  8.33567e+07
27  24  7.87638e+07
27  25  6.47878e+07
27  26  9.27254e+07
27  27  8.38657e+07
27  28  8.23059e+07
27  29  7.93349e+07
27  30  9.73078e+07
27  31  9.50743e+07
27  32  1.09458e+08
27  33  1.0421e+08
27  34  1.01018e+08
27  35  1.06125e+08
27  36  9.44855e+07
27  37  8.27846e+07
27  38  8.31503e+07
27  39  9.67983e+07
27  40  8.88906e+07
27  41  8.36891e+07
27  42  7.6145e+07
27  43  8.38115e+07
27  44  8.74258e+07
27  45  7.63132e+07
27  46  7.70814e+07
27  47  8.52458e+07
27  48  8.82523e+07
27  49  6.83726e+07
27  50  7.86301e+07
28  0  1.28014e+08
28  1  1.20629e+08
28  2  7.83702e+07
28  3  9.05167e+07
28  4  9.8781e+07
28  5  1.01274e+08
28  6  1.06294e+08
28  7  8.92249e+07
28  8  8.58481e+07
28  9  1.01406e+08
28  10  1.02488e+08
28  11  9.74689e+07
28  12  9.26101e+07
28  13  8.60603e+07
28  14  9.60999e+07
28  15  9.40516e+07
28  16  1.3072e+08
28  17  1.4278e+08
28  18  1.16282e+08
28  19  8.52464e+07
28  20  1.10837e+08
28  21  9.05358e+07
28  22  9.11268e+07
28  23  9.86114e+07
28  24  8.93702e+07
28  25  6.93089e+07
28  26  7.71702e+07
28  27  8.22721e+07
28  28  8.27262e+07
28  29  8.04596e+07
28  30  9.02221e+07
28  31  9.19882e+07
28  32  1.11836e+08
28  33  1.12013e+08
28  34  1.07303e+08
28  35  9.45176e+07
28  36  9.16669e+07
28  37  7.88902e+07
28  38  7.14104e+07
28  39  9.11029e+07
28  40  9.77889e+07
28  41  9.22487e+07
28  42  9.67466e+07
28  43  6.9148e+07
28  44  9.42589e+07
28  45  7.4407e+07
28  46  8.20629e+07
28  47  9.00802e+07
28  48  6.93101e+07
28  49  7.38105e+07
28  50  6.90232e+07
29  0  1.35131e+08
29  1  9.80411e+07
29  2  8.79743e+07
29  3  9.31289e+07
29  4  1.00966e+08
29  5  1.22491e+08
29  6  9.22085e+07
29  7  9.64584e+07
29  8  9.21477e+07
29  9  1.06052e+08
29  10  1.05605e+08
29  11  9.22515e+07
29  12  9.53814e+07
29  13  9.31392e+07
29  14  9.42053e+07
29  15  9.00459e+07
29  16  1.12157e+08
29  17  1.09704e+08
29  18  9.40824e+07
29  19  9.34298e+07
29  20  1.01389e+08
29  21  8.43117e+07
29  22  8.17582e+07
29  23  8.78597e+07
29  24  8.74432e+07
29  25  8.6927e+07
29  26  7.98918e+07
29  27  8.40969e+07
29  28  8.36943e+07
29  29  7.45772e+07
29  30  1.1202e+08
29  31  8.55334e+07
29  32  1.01668e+08
29  33  1.00673e+08
29  34  9.00649e+07
29  35  9.36622e+07
29  36  8.96981e+07
29  37  8.1455e+07
29  38  8.01095e+07
29  39  9.55312e+07
29  40  6.75956e+07
29  41  7.67259e+07
29  42  8.83449e+07
29  43  6.6267e+07
29  44  6.69822e+07
29  45  7.47521e+07
29  46  8.0471e+07
29  47  8.49214e+07
29  48  7.14262e+07
29  49  7.56872e+07
29  50  7.29326e+07
30  0  9.00821e+07
30  1  1.12571e+08
30  2  7.4051e+07
30  3  6.13355e+07
30  4  8.03887e+07
30  5  9.76018e+07
30  6  9.30923e+07
30  7  9.17433e+07
30  8  7.42389e+07
30  9  9.76539e+07
30  10  9.86692e+07
30  11  8.67513e+07
30  12  7.04724e+07
30  13  8.2185e+07
30  14  9.9778e+07
30  15  1.01052e+08
30  16  1.06392e+08
30  17  1.09198e+08
30  18  1.1909e+08
30  19  9.9653e+07
30  20  7.8293e+07
30  21  7.66082e+07
30  22  7.76601e+07
30  23  9.8844e+07
30  24  6.87631e+07
30  25  8.85633e+07
30  26  1.03871e+08
30  27  8.33791e+07
30  28  6.86115e+07
30  29  9.43589e+07
30  30  9.66062e+07
30  31  8.95473e+07
30  32  1.12971e+08
30  33  9.67592e+07
30  34  9.01404e+07
30  35  9.91499e+07
30  36  7.39111e+07
30  37  7.90572e+07
30  38  7.17771e+07
30  39  9.57232e+07
30  40  8.73185e+07
30  41  7.11922e+07
30  42  6.77676e+07
30  43  7.92135e+07
30  44  6.8111e+07
30  45  7.26863e+07
30  46  7.83434e+07
30  47  8.71765e+07
30  48  6.99209e+07
30  49  7.4336e+07
30  50  6.55321e+07
31  0  1.0239e+08
31  1  9.42685e+07
31  2  6.17276e+07
31  3  6.66754e+07
31  4  5.74608e+07
31  5  8.06605e+07
31  6  8.49825e+07
31  7  7.84798e+07
31  8  8.79593e+07
31  9  9.83874e+07
31  10  7.72783e+07
31  11  9.29368e+07
31  12  8.7757e+07
31  13  8.84041e+07
31  14  9.80863e+07
31  15  1.07588e+08
31  16  1.44128e+08
31  17  1.13184e+08
31  18  1.13172e+08
31  19  1.16986e+08
31  20  1.09676e+08
31  21  9.5365e+07
31  22  8.74763e+07
31  23  8.70232e+07
31  24  6.69538e+07
31  25  6.93558e+07
31  26  9.54694e+07
31  27  1.01324e+08
31  28  9.18373e+07
31  29  9.72657e+07
31  30  1.33885e+08
31  31  1.08973e+08
31  32  9.41298e+07
31  33  1.0068e+08
31  34  9.802e+07
31  35  9.16583e+07
31  36  9.19613e+07
31  37  5.99307e+07
31  38  7.52359e+07
31  39  7.1198e+07
31  40  6.81239e+07
31  41  8.60938e+07
31  42  7.98957e+07
31  43  7.33475e+07
31  44  7.47366e+07
31  45  6.87332e+07
31  46  8.53531e+07
31  47  7.53017e+07
31  48  6.67638e+07
31  49  8.09042e+07
31  50  7.481e+07
32  0  1.01539e+08
32  1  9.82704e+07
32  2  6.7918e+07
32  3  6.50949e+07
32  4  7.27197e+07
32  5  7.21342e+07
32  6  8.46561e+07
32  7  9.36917e+07
32  8  9.31654e+07
32  9  1.07007e+08
32  10  1.12614e+08
32  11  9.29658e+07
32  12  1.00959e+08
32  13  9.65746e+07
32  14  9.18762e+07
32  15  1.18043e+08
32  16  1.21851e+08
32  17  1.3205e+08
32  18  9.56072e+07
32  19  1.06135e+08
32  20  1.20797e+08
32  21  9.27579e+07
32  22  8.22569e+07
32  23  8.13707e+07
32  24  8.23207e+07
32  25  8.25274e+07
32  26  7.60193e+07
32  27  8.6534e+07
32  28  8.48592e+07
32  29  9.84488e+07
32  30  9.7132e+07
32  31  1.04867e+08
32  32  1.08294e+08
32  33  1.05561e+08
32  34  8.57936e+07
32  35  9.17898e+07
32  36  7.29952e+07
32  37  7.33341e+07
32  38  5.50608e+07
32  39  7.88871e+07
32  40  7.03279e+07
32  41  8.26563e+07
32  42  8.60798e+07
32  43  7.05755e+07
32  44  6.5975e+07
32  45  7.14013e+07
32  46  9.24581e+07
32  47  7.75523e+07
32  48  7.87586e+07
32  49  6.50579e+07
32  50  7.11976e+07
33  0  1.19941e+08
33  1  9.58417e+07
33  2  7.24328e+07
33  3  4.80887e+07
33  4  8.53501e+07
33  5  8.44478e+07
33  6  5.24658e+07
33  7  8.15812e+07
33  8  9.20789e+07
33  9  9.91005e+07
33  10  9.10909e+07
33  11  9.28088e+07
33  12  9.4586e+07
33  13  1.08944e+08
33  14  1.05881e+08
33  15  1.05107e+08
33  16  1.33142e+08
33  17  1.04836e+08
33  18  9.08787e+07
33  19  9.98054e+07
33  20  1.0772e+08
33  21  7.52964e+07
33  22  7.23503e+07
33  23  7.59494e+07
33  24  9.01171e+07
33  25  8.54337e+07
33  26  8.29751e+07
33  27  9.86251e+07
33  28  9.21992e+07
33  29  9.08223e+07
33  30  8.56286e+07
33  31  7.13901e+07
33  32  8.63e+07
33  33  8.4783e+07
33  34  7.90138e+07
33  35  7.94295e+07
33  36  9.45744e+07
33  37  6.1433e+07
33  38  6.16391e+07
33  39  8.52929e+07
33  40  7.77158e+07
33  41  6.70981e+07
33  42  8.29461e+07
33  43  8.1741e+07
33  44  8.0931e+07
33  45  7.62536e+07
33  46  8.43126e+07
33  47  8.52737e+07
33  48  6.39778e+07
33  49  5.78263e+07
33  50  8.27619e+07
34  0  1.13351e+08
34  1  8.69806e+07
34  2  5.78176e+07
34  3  6.24793e+07
34  4  1.00659e+08
34  5  7.1217e+07
34  6  7.57525e+07
34  7  7.42535e+07
34  8  1.17293e+08
34  9  1.09544e+08
34  10  8.77308e+07
34  11  8.91594e+07
34  12  8.50901e+07
34  13  1.09172e+08
34  14  9.28497e+07
34  15  8.92848e+07
34  16  1.0854e+08
34  17  1.27302e+08
34  18  7.95971e+07
34  19  1.01769e+08
34  20  8.94022e+07
34  21  8.96614e+07
34  22  8.17007e+07
34  23  7.42269e+07
34  24  8.70765e+07
34  25  7.14296e+07
34  26  8.0991e+07
34  27  7.76709e+07
34  28  7.41829e+07
34  29  8.06224e+07
34  30  7.76493e+07
34  31  7.33085e+07
34  32  1.12425e+08
34  33  9.57626e+07
34  34  7.3113e+07
34  35  7.41885e+07
34  36  7.22463e+07
34  37  6.27569e+07
34  38  6.61902e+07
34  39  5.32326e+07
34  40  6.56362e+07
34  41  8.46732e+07
34  42  8.3467e+07
34  43  7.50098e+07
34  44  5.32725e+07
34  45  5.96137e+07
34  46  1.07454e+08
34  47  9.58807e+07
34  48  5.47098e+07
34  49  7.05644e+07
34  50  8.70108e+07
35  0  8.50534e+07
35  1  1.09505e+08
35  2  6.99855e+07
35  3  5.88683e+07
35  4  8.88034e+07
35  5  6.44835e+07
35  6  8.4305e+07
35  7  1.05935e+08
35  8  1.10545e+08
35  9  1.19496e+08
35  10  1.1435e+08
35  11  8.45256e+07
35  12  7.97592e+07
35  13  1.14422e+08
35  14  9.63687e+07
35  15  1.05466e+08
35  16  1.08239e+08
35  17  1.10369e+08
35  18  1.00985e+08
35  19  7.95118e+07
35  20  1.04591e+08
35  21  8.94815e+07
35  22  8.99468e+07
35  23  7.9219e+07
35  24  6.59277e+07
35  25  8.94459e+07
35  26  8.03184e+07
35  27  1.03362e+08
35  28  9.32587e+07
35  29  8.37845e+07
35  30  8.55647e+07
35  31  7.24137e+07
35  32  8.33499e+07
35  33  9.58308e+07
35  34  9.5638e+07
35  35  9.11158e+07
35  36  7.96759e+07
35  37  5.8826e+07
35  38  7.08099e+07
35  39  4.23633e+07
35  40  7.42681e+07
35  41  7.44218e+07
35  42  7.73945e+07
35  43  5.88165e+07
35  44  7.5058e+07
35  45  7.15043e+07
35  46  9.75797e+07
35  47  8.00089e+07
35  48  5.7959e+07
35  49  7.618e+07
35  50  6.32153e+07
36  0  7.35919e+07
36  1  8.03823e+07
36  2  8.23698e+07
36  3  5.93554e+07
36  4  6.50394e+07
36  5  6.09663e+07
36  6  9.01407e+07
36  7  9.98222e+07
36  8  1.17713e+08
36  9  1.26521e+08
36  10  9.35868e+07
36  11  8.31966e+07
36  12  8.603e+07
36  13  9.69084e+07
36  14  1.03165e+08
36  15  1.01234e+08
36  16  1.06664e+08
36  17  9.78605e+07
36  18  9.23782e+07
36  19  7.85373e+07
36  20  9.85249e+07
36  21  9.89251e+07
36  22  7.31022e+07
36  23  7.7336e+07
36  24  9.29912e+07
36  25  7.7927e+07
36  26  8.39979e+07
36  27  7.71509e+07
36  28  8.13443e+07
36  29  9.03193e+07
36  30  8.05923e+07
36  31  7.54716e+07
36  32  8.5582e+07
36  33  8.78501e+07
36  34  8.9491e+07
36  35  8.21157e+07
36  36  6.09445e+07
36  37  7.41217e+07
36  38  6.17221e+07
36  39  4.20532e+07
36  40  7.26884e+07
36  41  7.13318e+07
36  42  8.74309e+07
36  43  7.53617e+07
36  44  6.92569e+07
36  45  5.50458e+07
36  46  8.29183e+07
36  47  6.57697e+07
36  48  7.96151e+07
36  49  6.14131e+07
36  50  7.0518e+07
37  0  7.31755e+07
37  1  7.64686e+07
37  2  8.41336e+07
37  3  7.58054e+07
37  4  1.02719e+08
37  5  6.62697e+07
37  6  1.11437e+08
37  7  1.0027e+08
37  8  1.18477e+08
37  9  1.13181e+08
37  10  9.33352e+07
37  11  7.7023e+07
37  12  8.49458e+07
37  13  9.52503e+07
37  14  7.94481e+07
37  15  8.928e+07
37  16  9.8121e+07
37  17  8.58656e+07
37  18  7.80701e+07
37  19  6.90483e+07
37  20  8.88455e+07
37  21  7.42806e+07
37  22  8.28929e+07
37  23  7.96011e+07
37  24  6.39895e+07
37  25  7.88345e+07
37  26  8.67563e+07
37  27  8.46072e+07
37  28  8.74885e+07
37  29  8.18256e+07
37  30  8.46689e+07
37  31  8.54827e+07
37  32  8.22571e+07
37  33  8.36255e+07
37  34  9.11573e+07
37  35  7.56485e+07
37  36  6.67804e+07
37  37  7.91845e+07
37  38  5.34772e+07
37  39  6.9078e+07
37  40  5.29718e+07
37  41  8.05466e+07
37  42  7.74189e+07
37  43  7.75474e+07
37  44  7.97451e+07
37  45  6.92382e+07
37  46  7.31305e+07
37  47  6.30887e+07
37  48  5.12997e+07
37  49  4.96628e+07
37  50  7.57033e+07
38  0  6.12269e+07
38  1  6.58728e+07
38  2  7.65195e+07
38  3  4.598e+07
38  4  8.17631e+07
38  5  7.5718e+07
38  6  1.00419e+08
38  7  1.14731e+08
38  8  1.31977e+08
38  9  1.06533e+08
38  10  1.01137e+08
38  11  7.96952e+07
38  12  6.73857e+07
38  13  9.49346e+07
38  14  9.7152e+07
38  15  7.697e+07
38  16  8.46147e+07
38  17  1.04441e+08
38  18  9.30966e+07
38  19  6.91899e+07
38  20  9.157e+07
38  21  8.53592e+07
38  22  8.12493e+07
38  23  8.78e+07
38  24  5.66286e+07
38  25  6.87129e+07
38  26  6.70805e+07
38  27  8.40552e+07
38  28  6.95686e+07
38  29  8.14688e+07
38  30  6.97164e+07
38  31  7.70554e+07
38  32  7.25135e+07
38  33  7.76244e+07
38  34  9.43667e+07
38  35  7.49104e+07
38  36  8.79363e+07
38  37  8.84433e+07
38  38  5.91578e+07
38  39  5.26462e+07
38  40  5.07574e+07
38  41  8.17164e+07
38  42  8.33719e+07
38  43  6.50409e+07
38  44  6.88917e+07
38  45  6.73595e+07
38  46  7.4896e+07
38  47  7.3847e+07
38  48  6.7704e+07
38  49  6.88198e+07
38  50  6.93616e+07
39  0  7.10709e+07
39  1  7.03344e+07
39  2  8.68772e+07
39  3  5.6938e+07
39  4  7.49585e+07
39  5  7.48565e+07
39  6  7.14527e+07
39  7  1.15712e+08
39  8  1.1484e+08
39  9  1.09337e+08
39  10  9.54229e+07
39  11  9.28487e+07
39  12  8.4911e+07
39  13  9.61541e+07
39  14  8.35488e+07
39  15  7.24356e+07
39  16  1.10472e+08
39  17  6.43383e+07
39  18  8.65833e+07
39  19  7.97786e+07
39  20  9.61829e+07
39  21  7.7615e+07
39  22  8.93435e+07
39  23  7.89901e+07
39  24  6.78819e+07
39  25  7.08974e+07
39  26  7.11157e+07
39  27  7.86643e+07
39  28  8.28277e+07
39  29  8.05294e+07
39  30  6.84805e+07
39  31  8.18998e+07
39  32  7.53238e+07
39  33  9.66844e+07
39  34  8.88591e+07
39  35  7.004e+07
39  36  7.25513e+07
39  37  6.96219e+07
39  38  3.96457e+07
39  39  5.62238e+07
39  40  6.35234e+07
39  41  8.16246e+07
39  42  7.04462e+07
39  43  8.40607e+07
39  44  8.50887e+07
39  45  7.00045e+07
39  46  5.73725e+07
39  47  6.09013e+07
39  48  5.68566e+07
39  49  5.75877e+07
39  50  5.58624e+07
40  0  4.60966e+07
40  1  5.9308e+07
40  2  6.66159e+07
40  3  5.53415e+07
40  4  7.77846e+07
40  5  7.81984e+07
40  6  8.19934e+07
40  7  7.96599e+07
40  8  9.3368e+07
40  9  9.96641e+07
40  10  9.47179e+07
40  11  9.03528e+07
40  12  9.62965e+07
40  13  9.75064e+07
40  14  6.98352e+07
40  15  8.46455e+07
40  16  9.58808e+07
40  17  8.86434e+07
40  18  8.43779e+07
40  19  8.94492e+07
40  20  9.84209e+07
40  21  8.04782e+07
40  22  9.96887e+07
40  23  8.18229e+07
40  24  7.51761e+07
40  25  6.83362e+07
40  26  6.49043e+07
40  27  8.44998e+07
40  28  8.10138e+07
40  29  9.02382e+07
40  30  6.39161e+07
40  31  7.11341e+07
40  32  7.60752e+07
40  33  8.44237e+07
40  34  8.02153e+07
40  35  8.06944e+07
40  36  7.4998e+07
40  37  5.71718e+07
40  38  7.10447e+07
40  39  5.44899e+07
40  40  6.38569e+07
40  41  8.72818e+07
40  42  9.51413e+07
40  43  8.11946e+07
40  44  8.31383e+07
40  45  7.66354e+07
40  46  6.30377e+07
40  47  6.31966e+07
40  48  7.40655e+07
40  49  7.25335e+07
40  50  7.58047e+07
41  0  3.89652e+07
41  1  4.07366e+07
41  2  7.05235e+07
41  3  5.6953e+07
41  4  7.33489e+07
41  5  6.38271e+07
41  6  7.80582e+07
41  7  7.2837e+07
41  8  1.13518e+08
41  9  1.04687e+08
41  10  9.27526e+07
41  11  8.94814e+07
41  12  1.06982e+08
41  13  1.02069e+08
41  14  9.18923e+07
41  15  8.13229e+07
41  16  1.067e+08
41  17  9.06041e+07
41  18  8.65022e+07
41  19  1.04447e+08
41  20  9.35421e+07
41  21  9.21308e+07
41  22  9.39534e+07
41  23  7.63201e+07
41  24  8.77523e+07
41  25  5.84269e+07
41  26  8.15896e+07
41  27  7.85659e+07
41  28  7.30798e+07
41  29  8.52596e+07
41  30  5.57961e+07
41  31  6.78696e+07
41  32  7.13162e+07
41  33  8.79692e+07
41  34  7.66976e+07
41  35  8.06309e+07
41  36  7.63408e+07
41  37  6.62246e+07
41  38  7.49885e+07
41  39  5.5648e+07
41  40  4.8744e+07
41  41  9.42978e+07
41  42  8.86014e+07
41  43  9.36101e+07
41  44  1.02417e+08
41  45  8.01383e+07
41  46  6.38278e+07
41  47  7.49247e+07
41  48  7.10297e+07
41  49  6.01298e+07
41  50  8.55394e+07
42  0  5.42807e+07
42  1  4.51859e+07
42  2  6.00929e+07
42  3  5.89517e+07
42  4  8.01247e+07
42  5  8.00129e+07
42  6  5.92234e+07
42  7  8.70696e+07
42  8  9.4131e+07
42  9  1.03487e+08
42  10  1.31693e+08
42  11  1.04158e+08
42  12  9.21847e+07
42  13  1.03998e+08
42  14  8.68664e+07
42  15  9.8781e+07
42  16  1.19478e+08
42  17  1.00836e+08
42  18  8.75143e+07
42  19  9.69315e+07
42  20  9.40495e+07
42  21  8.15236e+07
42  22  7.3106e+07
42  23  8.19952e+07
42  24  7.98375e+07
42  25  8.56936e+07
42  26  6.30579e+07
42  27  9.35325e+07
42  28  6.77673e+07
42  29  9.33564e+07
42  30  6.76681e+07
42  31  6.50136e+07
42  32  7.08575e+07
42  33  9.55685e+07
42  34  8.12494e+07
42  35  1.02984e+08
42  36  6.35645e+07
42  37  6.65845e+07
42  38  7.07287e+07
42  39  6.28548e+07
42  40  6.28996e+07
42  41  8.69892e+07
42  42  7.92296e+07
42  43  8.50604e+07
42  44  1.05256e+08
42  45  6.40159e+07
42  46  6.79747e+07
42  47  6.03259e+07
42  48  7.0555e+07
42  49  7.27854e+07
42  50  6.60398e+07
43  0  5.12177e+07
43  1  4.21893e+07
43  2  5.92554e+07
43  3  5.32222e+07
43  4  8.36113e+07
43  5  7.42026e+07
43  6  7.58428e+07
43  7  6.61664e+07
43  8  9.14913e+07
43  9  1.11116e+08
43  10  1.24297e+08
43  11  1.14588e+08
43  12  1.00518e+08
43  13  9.98288e+07
43  14  1.0676e+08
43  15  9.16633e+07
43  16  1.52045e+08
43  17  1.07323e+08
43  18  9.72028e+07
43  19  9.61565e+07
43  20  7.82746e+07
43  21  7.57756e+07
43  22  9.0875e+07
43  23  9.28733e+07
43  24  7.34821e+07
43  25  6.18535e+07
43  26  5.00581e+07
43  27  6.35285e+07
43  28  6.14041e+07
43  29  8.07633e+07
43  30  7.24586e+07
43  31  6.10374e+07
43  32  6.02512e+07
43  33  7.93347e+07
43  34  9.10934e+07
43  35  9.38386e+07
43  36  7.27483e+07
43  37  6.85624e+07
43  38  6.30176e+07
43  39  6.68464e+07
43  40  6.42161e+07
43  41  9.48387e+07
43  42  9.37959e+07
43  43  8.92211e+07
43  44  1.19118e+08
43  45  7.88506e+07
43  46  7.22791e+07
43  47  5.88294e+07
43  48  6.86385e+07
43  49  7.33325e+07
43  50  8.84357e+07
44  0  4.3004e+07
44  1  4.65022e+07
44  2  6.82201e+07
44  3  6.3503e+07
44  4  1.00764e+08
44  5  7.93281e+07
44  6  7.3754e+07
44  7  7.38104e+07
44  8  7.82846e+07
44  9  1.00464e+08
44  10  1.26564e+08
44  11  9.81444e+07
44  12  1.08926e+08
44  13  8.52169e+07
44  14  1.11833e+08
44  15  1.01476e+08
44  16  1.24846e+08
44  17  9.31709e+07
44  18  9.97897e+07
44  19  1.16261e+08
44  20  9.0048e+07
44  21  9.32928e+07
44  22  7.35299e+07
44  23  9.02959e+07
44  24  8.20366e+07
44  25  5.77102e+07
44  26  5.18055e+07
44  27  8.31862e+07
44  28  7.92881e+07
44  29  7.44806e+07
44  30  6.29579e+07
44  31  7.05161e+07
44  32  6.45382e+07
44  33  6.454e+07
44  34  6.91363e+07
44  35  8.18136e+07
44  36  8.25911e+07
44  37  6.54309e+07
44  38  6.01986e+07
44  39  6.18874e+07
44  40  6.52271e+07
44  41  8.99533e+07
44  42  8.80844e+07
44  43  9.71397e+07
44  44  1.17468e+08
44  45  8.369e+07
44  46  7.62227e+07
44  47  7.63178e+07
44  48  7.81717e+07
44  49  7.06022e+07
44  50  8.16184e+07
45  0  4.58555e+07
45  1  3.73126e+07
45  2  6.36494e+07
45  3  6.96165e+07
45  4  7.83295e+07
45  5  6.74448e+07
45  6  5.16783e+07
45  7  6.75294e+07
45  8  7.86237e+07
45  9  7.98002e+07
45  10  1.1904e+08
45  11  1.1696e+08
45  12  1.00156e+08
45  13  1.0101e+08
45  14  1.08575e+08
45  15  9.8876e+07
45  16  1.14478e+08
45  17  1.06225e+08
45  18  9.83132e+07
45  19  1.29555e+08
45  20  1.01877e+08
45  21  9.61108e+07
45  22  8.08962e+07
45  23  7.64298e+07
45  24  8.12882e+07
45  25  7.33803e+07
45  26  7.47295e+07
45  27  8.465e+07
45  28  6.36238e+07
45  29  7.08453e+07
45  30  5.05127e+07
45  31  5.77161e+07
45  32  7.95278e+07
45  33  6.67993e+07
45  34  5.71274e+07
45  35  6.91809e+07
45  36  6.92241e+07
45  37  8.08889e+07
45  38  7.03698e+07
45  39  7.04153e+07
45  40  8.44899e+07
45  41  8.59377e+07
45  42  1.00949e+08
45  43  9.18943e+07
45  44  1.12561e+08
45  45  7.08625e+07
45  46  5.99806e+07
45  47  7.55339e+07
45  48  6.38982e+07
45  49  6.80495e+07
45  50  7.83795e+07
46  0  4.077e+07
46  1  4.39298e+07
46  2  4.77343e+07
46  3  5.43856e+07
46  4  1.15273e+08
46  5  9.2198e+07
46  6  8.72674e+07
46  7  7.3606e+07
46  8  8.56299e+07
46  9  1.03906e+08
46  10  1.22036e+08
46  11  1.14659e+08
46  12  1.10887e+08
46  13  9.51447e+07
46  14  9.10954e+07
46  15  1.20446e+08
46  16  1.19175e+08
46  17  9.7781e+07
46  18  1.06481e+08
46  19  1.37055e+08
46  20  9.25305e+07
46  21  1.0616e+08
46  22  8.05038e+07
46  23  8.45416e+07
46  24  9.3085e+07
46  25  8.38406e+07
46  26  7.92882e+07
46  27  7.48766e+07
46  28  6.49173e+07
46  29  8.86746e+07
46  30  6.54914e+07
46  31  9.11923e+07
46  32  6.41795e+07
46  33  6.83803e+07
46  34  8.64444e+07
46  35  7.34852e+07
46  36  7.29489e+07
46  37  6.91319e+07
46  38  6.52609e+07
46  39  6.15137e+07
46  40  6.59719e+07
46  41  8.69153e+07
46  42  9.34061e+07
46  43  1.04152e+08
46  44  1.23204e+08
46  45  7.71182e+07
46  46  7.63065e+07
46  47  9.06118e+07
46  48  8.34778e+07
46  49  7.20001e+07
46  50  1.30424e+08
47  0  4.53124e+07
47  1  3.95096e+07
47  2  3.4647e+07
47  3  5.7336e+07
47  4  1.07469e+08
47  5  8.53343e+07
47  6  6.79054e+07
47  7  5.86771e+07
47  8  7.57738e+07
47  9  9.60667e+07
47  10  1.14084e+08
47  11  1.23324e+08
47  12  8.2101e+07
47  13  9.342e+07
47  14  1.06702e+08
47  15  1.26621e+08
47  16  1.31918e+08
47  17  8.90448e+07
47  18  9.83314e+07
47  19  9.89016e+07
47  20  9.5455e+07
47  21  7.48366e+07
47  22  1.03978e+08
47  23  9.52122e+07
47  24  1.0011e+08
47  25  7.73084e+07
47  26  5.91384e+07
47  27  6.67682e+07
47  28  7.24846e+07
47  29  7.06982e+07
47  30  7.71207e+07
47  31  7.82597e+07
47  32  6.18351e+07
47  33  7.93131e+07
47  34  7.5323e+07
47  35  7.72513e+07
47  36  5.79745e+07
47  37  8.01114e+07
47  38  6.10595e+07
47  39  9.63927e+07
47  40  6.54516e+07
47  41  7.8359e+07
47  42  9.39523e+07
47  43  9.81344e+07
47  44  1.03905e+08
47  45  7.77897e+07
47  46  8.28784e+07
47  47  8.78403e+07
47  48  7.87805e+07
47  49  7.26551e+07
47  50  8.66305e+07
48  0  2.67143e+07
48  1  4.16185e+07
48  2  6.0604e+07
48  3  5.52854e+07
48  4  9.7839e+07
48  5  1.04364e+08
48  6  6.23432e+07
48  7  6.61886e+07
48  8  7.49191e+07
48  9  1.06169e+08
48  10  1.02212e+08
48  11  9.32339e+07
48  12  1.20125e+08
48  13  1.21212e+08
48  14  9.90485e+07
48  15  1.5245e+08
48  16  9.68066e+07
48  17  1.06171e+08
48  18  1.0201e+08
48  19  1.15276e+08
48  20  1.00239e+08
48  21  9.30701e+07
48  22  1.10495e+08
48  23  1.18872e+08
48  24  1.2145e+08
48  25  8.61699e+07
48  26  6.93941e+07
48  27  8.65553e+07
48  28  7.701e+07
48  29  1.14062e+08
48  30  7.65977e+07
48  31  6.01581e+07
48  32  6.45945e+07
48  33  6.09049e+07
48  34  6.99881e+07
48  35  6.58454e+07
48  36  7.40635e+07
48  37  5.47005e+07
48  38  6.55465e+07
48  39  7.55483e+07
48  40  6.67352e+07
48  41  6.51742e+07
48  42  1.06787e+08
48  43  9.20249e+07
48  44  9.63323e+07
48  45  8.0584e+07
48  46  7.68296e+07
48  47  8.76597e+07
48  48  7.11174e+07
48  49  8.15586e+07
48  50  7.57227e+07
49  0  3.7562e+07
49  1  4.23337e+07
49  2  4.10357e+07
49  3  6.61982e+07
49  4  1.25838e+08
49  5  9.41809e+07
49  6  7.54741e+07
49  7  7.15998e+07
49  8  8.59197e+07
49  9  8.42877e+07
49  10  9.19179e+07
49  11  1.15688e+08
49  12  1.19985e+08
49  13  9.81993e+07
49  14  1.20315e+08
49  15  1.19538e+08
49  16  1.09416e+08
49  17  1.22093e+08
49  18  9.23607e+07
49  19  1.01829e+08
49  20  9.00816e+07
49  21  1.12816e+08
49  22  1.09328e+08
49  23  1.30244e+08
49  24  1.15067e+08
49  25  9.46324e+07
49  26  7.39451e+07
49  27  8.88819e+07
49  28  6.90416e+07
49  29  8.66091e+07
49  30  9.81908e+07
49  31  6.9459e+07
49  32  8.15285e+07
49  33  8.19851e+07
49  34  7.34414e+07
49  35  6.72799e+07
49  36  6.71912e+07
49  37  8.46131e+07
49  38  5.55875e+07
49  39  8.43924e+07
49  40  7.28596e+07
49  41  6.93693e+07
49  42  1.10089e+08
49  43  1.20357e+08
49  44  9.31511e+07
49  45  6.73799e+07
49  46  8.6261e+07
49  47  7.75269e+07
49  48  9.1419e+07
49  49  8.6018e+07
49  50  8.47405e+07
50  0  3.44697e+07
50  1  4.26413e+07
50  2  4.67117e+07
50  3  5.19705e+07
50  4  1.26885e+08
50  5  9.4961e+07
50  6  8.65075e+07
50  7  6.03724e+07
50  8  5.8466e+07
50  9  7.86775e+07
50  10  8.44193e+07
50  11  9.78832e+07
50  12  1.08207e+08
50  13  1.07431e+08
50  14  1.00763e+08
50  15  1.34709e+08
50  16  1.20995e+08
50  17  1.31276e+08
50  18  1.26488e+08
50  19  1.13853e+08
50  20  1.08833e+08
50  21  1.07648e+08
50  22  1.2062e+08
50  23  1.49617e+08
50  24  1.04937e+08
50  25  1.0122e+08
50  26  9.40726e+07
50  27  1.2033e+08
50  28  9.12361e+07
50  29  8.98994e+07
50  30  9.58581e+07
50  31  1.00119e+08
50  32  8.59173e+07
50  33  7.10487e+07
50  34  7.02538e+07
50  35  7.97395e+07
50  36  6.18738e+07
50  37  7.94014e+07
50  38  6.08079e+07
50  39  7.77529e+07
50  40  6.38948e+07
50  41  8.79291e+07
50  42  1.0796e+08
50  43  1.29849e+08
50  44  1.1139e+08
50  45  9.19014e+07
50  46  9.30558e+07
50  47  1.03213e+08
50  48  9.24675e+07
50  49  9.46659e+07
50  50  8.94355e+07

