row  column  (images_25_1_306.edf Mn-K*images_25_1_306.edf Ar-K**2.3)
0  0  1.32189e+07
0  1  8.22378e+06
0  2  1.01783e+07
0  3  1.24301e+07
0  4  8.51116e+06
0  5  1.62276e+07
0  6  1.44296e+07
0  7  1.49888e+07
0  8  9.36868e+06
0  9  1.12174e+07
0  10  1.20664e+07
0  11  1.47436e+07
0  12  2.13126e+07
0  13  1.67003e+07
0  14  2.0343e+07
0  15  8.24562e+06
0  16  2.18927e+07
0  17  1.77831e+06
0  18  1.27695e+07
0  19  2.48043e+07
0  20  1.99802e+07
0  21  1.45594e+07
0  22  1.95603e+07
0  23  2.43906e+07
0  24  2.5626e+07
0  25  1.90888e+07
0  26  2.25696e+07
0  27  1.58793e+07
0  28  1.8617e+07
0  29  1.38834e+07
0  30  1.74992e+07
0  31  1.4801e+07
0  32  1.17499e+07
0  33  1.77335e+07
0  34  1.51757e+07
0  35  1.85107e+07
0  36  1.86543e+07
0  37  1.75057e+07
0  38  6.8015e+06
0  39  1.22787e+07
0  40  1.75417e+07
0  41  2.11177e+07
0  42  1.86788e+07
0  43  1.99976e+07
0  44  2.26053e+07
0  45  1.85126e+07
0  46  1.67533e+07
0  47  1.60306e+07
0  48  2.42285e+07
0  49  1.83297e+07
0  50  2.47843e+07
1  0  1.72599e+07
1  1  1.01505e+07
1  2  1.87147e+07
1  3  3.71722e+06
1  4  1.68911e+07
1  5  1.34029e+07
1  6  1.0448e+07
1  7  0
1  8  1.45239e+07
1  9  1.05699e+07
1  10  1.32182e+07
1  11  1.58156e+07
1  12  2.55307e+07
1  13  1.68779e+07
1  14  1.23894e+07
1  15  1.63574e+07
1  16  1.44163e+07
1  17  1.24678e+07
1  18  1.6603e+07
1  19  2.06619e+07
1  20  2.31652e+07
1  21  2.50142e+07
1  22  1.86953e+07
1  23  2.16272e+07
1  24  1.77411e+07
1  25  1.48755e+07
1  26  1.64597e+07
1  27  3.11106e+07
1  28  2.81114e+07
1  29  1.0253e+07
1  30  1.04308e+07
1  31  9.69215e+06
1  32  1.94647e+07
1  33  8.7326e+06
1  34  1.7179e+07
1  35  3.29099e+07
1  36  8.42153e+06
1  37  2.28507e+07
1  38  1.34987e+07
1  39  1.05989e+07
1  40  9.18625e+06
1  41  1.79079e+07
1  42  1.91384e+07
1  43  2.1234e+07
1  44  2.24525e+07
1  45  1.19352e+07
1  46  9.44763e+06
1  47  7.09882e+06
1  48  1.35277e+07
1  49  2.00803e+07
1  50  2.19586e+07
2  0  1.35515e+07
2  1  8.85685e+06
2  2  1.60801e+07
2  3  1.2984e+07
2  4  1.53155e+07
2  5  1.02827e+07
2  6  1.61146e+07
2  7  1.88809e+07
2  8  1.00998e+07
2  9  2.12089e+07
2  10  1.16534e+07
2  11  1.9105e+07
2  12  1.14016e+07
2  13  1.15637e+07
2  14  1.79345e+07
2  15  1.18656e+07
2  16  7.04547e+06
2  17  1.34003e+07
2  18  1.72867e+07
2  19  1.3218e+07
2  20  2.47811e+07
2  21  2.09376e+07
2  22  1.89393e+07
2  23  2.6323e+07
2  24  1.22831e+07
2  25  1.84181e+07
2  26  1.37466e+07
2  27  9.38727e+06
2  28  9.6789e+06
2  29  2.22954e+07
2  30  1.51531e+07
2  31  2.47781e+07
2  32  1.38286e+07
2  33  0
2  34  5.23312e+06
2  35  1.20696e+07
2  36  5.71092e+06
2  37  5.34456e+06
2  38  1.7417e+07
2  39  1.39806e+07
2  40  1.14873e+07
2  41  1.77373e+07
2  42  9.20613e+06
2  43  1.36966e+07
2  44  7.7237e+06
2  45  1.45929e+07
2  46  2.17845e+07
2  47  1.46061e+07
2  48  1.00639e+07
2  49  1.53335e+07
2  50  1.04353e+07
3  0  1.34748e+07
3  1  5.28524e+06
3  2  2.01866e+07
3  3  7.55031e+06
3  4  1.32739e+07
3  5  6.13788e+06
3  6  1.9629e+07
3  7  1.70325e+07
3  8  1.22788e+07
3  9  2.18184e+07
3  10  1.83347e+07
3  11  9.16917e+06
3  12  1.27585e+07
3  13  1.32255e+07
3  14  1.3899e+07
3  15  1.31004e+07
3  16  1.11278e+07
3  17  1.42328e+07
3  18  1.7932e+07
3  19  1.60681e+07
3  20  2.13501e+07
3  21  2.24645e+07
3  22  2.89007e+07
3  23  1.25331e+07
3  24  2.01484e+07
3  25  1.77047e+07
3  26  1.55738e+07
3  27  1.87318e+07
3  28  1.1063e+07
3  29  1.29316e+07
3  30  9.9014e+06
3  31  1.60286e+07
3  32  5.8536e+06
3  33  1.97611e+07
3  34  1.45651e+07
3  35  1.26002e+07
3  36  1.53923e+07
3  37  1.39381e+07
3  38  1.00279e+07
3  39  8.79729e+06
3  40  1.95803e+07
3  41  2.30728e+07
3  42  2.10766e+07
3  43  2.61601e+07
3  44  1.34705e+07
3  45  1.30789e+07
3  46  8.97756e+06
3  47  1.22977e+07
3  48  1.27581e+07
3  49  1.78766e+07
3  50  9.57798e+06
4  0  5.06126e+06
4  1  1.98436e+07
4  2  1.55448e+07
4  3  1.0201e+07
4  4  1.23795e+07
4  5  1.38618e+07
4  6  2.52532e+07
4  7  1.17952e+07
4  8  1.78913e+07
4  9  1.31738e+07
4  10  6.93918e+06
4  11  1.51262e+07
4  12  2.00431e+07
4  13  1.38971e+07
4  14  2.4446e+07
4  15  1.46174e+07
4  16  9.64122e+06
4  17  1.5158e+07
4  18  2.06735e+07
4  19  2.19698e+07
4  20  2.84551e+07
4  21  1.23251e+07
4  22  2.41805e+07
4  23  1.54989e+07
4  24  1.41821e+07
4  25  1.69035e+07
4  26  1.71464e+07
4  27  1.60634e+07
4  28  8.49704e+06
4  29  1.44564e+07
4  30  2.03094e+07
4  31  1.53073e+07
4  32  5.80419e+06
4  33  1.22579e+07
4  34  0
4  35  1.19398e+07
4  36  8.3912e+06
4  37  1.47947e+07
4  38  1.60185e+07
4  39  9.37069e+06
4  40  1.49697e+07
4  41  1.80096e+07
4  42  1.84462e+07
4  43  9.41939e+06
4  44  1.90021e+07
4  45  2.80251e+07
4  46  1.27069e+07
4  47  1.97344e+07
4  48  1.76247e+07
4  49  2.61013e+06
4  50  1.36202e+07
5  0  1.48465e+07
5  1  8.21482e+06
5  2  1.06875e+07
5  3  9.84826e+06
5  4  6.66783e+06
5  5  1.30004e+07
5  6  2.0012e+07
5  7  1.71752e+07
5  8  9.37164e+06
5  9  1.84304e+07
5  10  1.33042e+07
5  11  1.24194e+07
5  12  2.45483e+07
5  13  2.3491e+07
5  14  2.20322e+07
5  15  1.68511e+07
5  16  1.96848e+07
5  17  1.48469e+07
5  18  1.10629e+07
5  19  1.51731e+07
5  20  2.37206e+07
5  21  9.09046e+06
5  22  1.13356e+07
5  23  1.88268e+07
5  24  2.1669e+07
5  25  1.57386e+07
5  26  1.44058e+07
5  27  1.8752e+07
5  28  2.55043e+07
5  29  1.88687e+07
5  30  5.67486e+06
5  31  2.15756e+07
5  32  1.2129e+07
5  33  1.49042e+07
5  34  7.76555e+06
5  35  9.26984e+06
5  36  1.53599e+07
5  37  1.65402e+07
5  38  2.36791e+07
5  39  3.04607e+07
5  40  1.0115e+07
5  41  2.23579e+07
5  42  1.57925e+07
5  43  1.69008e+07
5  44  1.61505e+07
5  45  1.5511e+07
5  46  1.25904e+07
5  47  1.07815e+07
5  48  1.02442e+07
5  49  1.6247e+07
5  50  8.38239e+06
6  0  1.90223e+07
6  1  1.64135e+07
6  2  1.87252e+07
6  3  2.79835e+06
6  4  7.25802e+06
6  5  1.51432e+07
6  6  1.32028e+07
6  7  4.73022e+06
6  8  1.6419e+07
6  9  2.32388e+07
6  10  2.1184e+07
6  11  6.93684e+06
6  12  9.79662e+06
6  13  1.26345e+07
6  14  9.25363e+06
6  15  1.03104e+07
6  16  2.7298e+07
6  17  1.38395e+07
6  18  1.23567e+07
6  19  2.46718e+07
6  20  1.3953e+07
6  21  1.28156e+07
6  22  1.54448e+07
6  23  1.66876e+07
6  24  2.35824e+07
6  25  1.59262e+07
6  26  1.23414e+07
6  27  1.74211e+07
6  28  7.5677e+06
6  29  9.37651e+06
6  30  1.27405e+07
6  31  1.2941e+07
6  32  1.1787e+07
6  33  1.12023e+07
6  34  1.35248e+07
6  35  9.11352e+06
6  36  1.12233e+07
6  37  1.2679e+07
6  38  4.24885e+06
6  39  1.99137e+07
6  40  1.93834e+07
6  41  1.0604e+07
6  42  1.64418e+07
6  43  9.07116e+06
6  44  1.03149e+07
6  45  1.08607e+07
6  46  1.08528e+07
6  47  5.48774e+06
6  48  9.36966e+06
6  49  1.76493e+07
6  50  2.01083e+07
7  0  1.31494e+07
7  1  8.39176e+06
7  2  7.79374e+06
7  3  5.10695e+06
7  4  1.52578e+07
7  5  1.11507e+07
7  6  2.4623e+07
7  7  6.44718e+06
7  8  1.38975e+07
7  9  1.31579e+07
7  10  1.32589e+07
7  11  2.12016e+07
7  12  1.7055e+07
7  13  9.58985e+06
7  14  1.61041e+07
7  15  2.15088e+07
7  16  2.18578e+07
7  17  1.79011e+07
7  18  1.62649e+07
7  19  2.5808e+07
7  20  1.25929e+07
7  21  2.34862e+07
7  22  1.03674e+07
7  23  1.23236e+07
7  24  1.31146e+07
7  25  1.41552e+07
7  26  1.89379e+07
7  27  1.52263e+07
7  28  8.1646e+06
7  29  3.13333e+07
7  30  2.10049e+07
7  31  1.15838e+07
7  32  1.57695e+07
7  33  8.93873e+06
7  34  1.31904e+07
7  35  3.45478e+06
7  36  0
7  37  1.40324e+07
7  38  1.23929e+07
7  39  3.08319e+06
7  40  9.41368e+06
7  41  8.34242e+06
7  42  1.90895e+07
7  43  1.2654e+07
7  44  1.00258e+07
7  45  1.33695e+07
7  46  1.88971e+07
7  47  1.60593e+07
7  48  2.38639e+07
7  49  1.90021e+07
7  50  8.13922e+06
8  0  1.866e+07
8  1  9.97923e+06
8  2  1.86285e+07
8  3  2.16622e+07
8  4  9.06877e+06
8  5  8.78944e+06
8  6  1.13039e+07
8  7  8.72766e+06
8  8  1.91196e+07
8  9  1.47595e+07
8  10  2.32057e+07
8  11  1.66325e+07
8  12  8.28202e+06
8  13  9.3919e+06
8  14  1.5959e+07
8  15  4.7843e+06
8  16  7.58799e+06
8  17  4.81626e+06
8  18  1.33147e+07
8  19  2.06992e+07
8  20  1.2661e+07
8  21  1.67484e+07
8  22  2.21229e+07
8  23  1.87956e+07
8  24  2.28793e+07
8  25  2.35171e+07
8  26  2.05513e+07
8  27  1.70722e+07
8  28  7.90624e+06
8  29  1.96044e+07
8  30  1.49743e+07
8  31  1.6451e+07
8  32  1.67174e+07
8  33  5.1932e+06
8  34  5.97379e+06
8  35  4.71839e+06
8  36  1.40832e+07
8  37  1.07977e+07
8  38  1.8534e+07
8  39  1.03325e+07
8  40  1.48097e+07
8  41  2.12652e+07
8  42  1.24049e+07
8  43  1.83327e+07
8  44  1.05981e+07
8  45  1.48196e+06
8  46  1.62232e+07
8  47  1.83205e+07
8  48  1.29917e+07
8  49  8.0479e+06
8  50  1.9437e+07
9  0  9.09863e+06
9  1  1.0261e+07
9  2  1.22834e+07
9  3  1.12539e+07
9  4  1.94098e+07
9  5  1.72458e+07
9  6  1.5443e+07
9  7  1.8121e+07
9  8  8.30132e+06
9  9  1.34228e+07
9  10  1.83924e+07
9  11  0
9  12  4.64261e+06
9  13  1.46661e+07
9  14  5.62723e+06
9  15  2.16853e+07
9  16  1.31604e+07
9  17  2.13021e+07
9  18  1.23652e+07
9  19  3.3904e+06
9  20  1.75783e+07
9  21  2.3611e+07
9  22  1.80624e+07
9  23  2.04768e+07
9  24  3.98668e+06
9  25  6.58652e+06
9  26  6.52499e+06
9  27  1.18544e+07
9  28  1.32073e+07
9  29  0
9  30  1.69473e+07
9  31  1.44548e+07
9  32  9.1859e+06
9  33  2.30186e+07
9  34  1.41301e+07
9  35  1.15348e+07
9  36  8.71093e+06
9  37  1.09971e+07
9  38  1.39287e+07
9  39  1.32707e+07
9  40  9.53211e+06
9  41  1.07749e+07
9  42  1.56888e+07
9  43  1.3401e+07
9  44  1.09684e+07
9  45  1.55793e+07
9  46  1.34661e+07
9  47  1.50755e+07
9  48  1.98437e+07
9  49  5.50731e+06
9  50  6.06569e+06
10  0  2.17834e+07
10  1  1.89756e+07
10  2  1.10469e+07
10  3  6.5819e+06
10  4  1.35603e+07
10  5  1.89808e+07
10  6  2.13956e+07
10  7  1.46124e+07
10  8  1.49167e+07
10  9  9.75496e+06
10  10  8.60775e+06
10  11  2.05501e+07
10  12  1.45148e+07
10  13  2.36948e+07
10  14  8.74201e+06
10  15  7.63812e+06
10  16  7.66686e+06
10  17  6.53031e+06
10  18  1.99962e+07
10  19  1.95284e+07
10  20  1.47006e+07
10  21  1.46094e+07
10  22  1.09431e+07
10  23  2.28193e+07
10  24  1.76159e+07
10  25  1.9214e+07
10  26  2.1237e+07
10  27  2.01395e+07
10  28  2.15362e+07
10  29  1.93544e+07
10  30  1.80412e+07
10  31  1.10019e+07
10  32  1.14897e+07
10  33  8.94869e+06
10  34  1.15216e+07
10  35  4.29961e+06
10  36  1.26039e+07
10  37  2.1142e+07
10  38  1.86717e+07
10  39  2.13184e+07
10  40  1.21362e+07
10  41  1.64808e+07
10  42  2.1687e+07
10  43  1.86232e+07
10  44  1.54e+07
10  45  1.29484e+07
10  46  1.64724e+07
10  47  7.74258e+06
10  48  1.43526e+07
10  49  1.97878e+07
10  50  9.60484e+06
11  0  1.25574e+07
11  1  1.59893e+07
11  2  1.60955e+07
11  3  1.14172e+07
11  4  1.22039e+07
11  5  6.04182e+06
11  6  1.70179e+07
11  7  1.65937e+07
11  8  1.29125e+07
11  9  1.04775e+07
11  10  1.37805e+07
11  11  2.54554e+06
11  12  1.4473e+07
11  13  9.77132e+06
11  14  1.32347e+07
11  15  2.01738e+07
11  16  1.15509e+07
11  17  1.48586e+07
11  18  7.68528e+06
11  19  1.85048e+07
11  20  1.6147e+07
11  21  2.56111e+07
11  22  2.34736e+07
11  23  1.2546e+07
11  24  1.22592e+07
11  25  1.70893e+07
11  26  7.26401e+06
11  27  2.26272e+07
11  28  1.92453e+07
11  29  1.2199e+07
11  30  1.23845e+07
11  31  1.31348e+07
11  32  7.10354e+06
11  33  2.13427e+07
11  34  1.81019e+07
11  35  1.99158e+07
11  36  2.03392e+07
11  37  9.16152e+06
11  38  1.37766e+07
11  39  7.27058e+06
11  40  2.10068e+07
11  41  1.55897e+07
11  42  1.70396e+07
11  43  2.32996e+07
11  44  1.04483e+07
11  45  2.80455e+07
11  46  1.3755e+07
11  47  1.47006e+07
11  48  1.38655e+07
11  49  1.69947e+07
11  50  2.09988e+07
12  0  1.99224e+07
12  1  1.90321e+07
12  2  0
12  3  1.82904e+07
12  4  2.56912e+07
12  5  1.31096e+07
12  6  9.88789e+06
12  7  2.19475e+07
12  8  1.15126e+07
12  9  1.00586e+07
12  10  1.20592e+07
12  11  7.59166e+06
12  12  1.65942e+07
12  13  1.54143e+07
12  14  1.40245e+07
12  15  7.69668e+06
12  16  1.6383e+07
12  17  1.32624e+07
12  18  2.24474e+07
12  19  1.9638e+07
12  20  9.80006e+06
12  21  0
12  22  1.60689e+07
12  23  1.11383e+07
12  24  1.55742e+07
12  25  1.16303e+07
12  26  1.85132e+07
12  27  1.51693e+07
12  28  1.7748e+07
12  29  1.50469e+07
12  30  1.16278e+07
12  31  1.36161e+07
12  32  1.74803e+07
12  33  1.82307e+07
12  34  1.57612e+07
12  35  2.49317e+07
12  36  1.08511e+07
12  37  2.1681e+07
12  38  1.68246e+07
12  39  1.51748e+07
12  40  1.59908e+07
12  41  1.61709e+07
12  42  1.28638e+07
12  43  1.17889e+07
12  44  1.34594e+07
12  45  1.79407e+07
12  46  1.18075e+07
12  47  1.69131e+07
12  48  3.96694e+06
12  49  1.58079e+07
12  50  2.15616e+07
13  0  1.74279e+07
13  1  1.0927e+07
13  2  8.57674e+06
13  3  1.32727e+07
13  4  1.51319e+07
13  5  2.19166e+07
13  6  1.78442e+07
13  7  8.58613e+06
13  8  1.67087e+07
13  9  1.00992e+07
13  10  1.00994e+07
13  11  2.30249e+07
13  12  1.06008e+07
13  13  1.6442e+07
13  14  9.90881e+06
13  15  1.08048e+07
13  16  6.45514e+06
13  17  1.23203e+07
13  18  2.09549e+07
13  19  8.22141e+06
13  20  1.1314e+07
13  21  1.27576e+07
13  22  1.26353e+07
13  23  1.48259e+07
13  24  4.66161e+06
13  25  1.01568e+07
13  26  2.39237e+07
13  27  2.15545e+07
13  28  1.13547e+07
13  29  1.84306e+07
13  30  1.445e+07
13  31  1.19144e+07
13  32  1.9967e+07
13  33  1.3316e+07
13  34  1.61938e+07
13  35  9.35642e+06
13  36  8.67129e+06
13  37  1.75494e+07
13  38  1.37979e+07
13  39  1.36722e+07
13  40  3.18012e+07
13  41  1.86115e+07
13  42  1.83399e+07
13  43  2.00507e+07
13  44  1.3256e+07
13  45  1.40245e+07
13  46  1.29846e+07
13  47  1.93272e+07
13  48  1.58076e+07
13  49  1.09937e+07
13  50  9.17203e+06
14  0  6.47255e+06
14  1  5.04767e+06
14  2  2.15897e+07
14  3  1.797e+07
14  4  1.81512e+07
14  5  5.07639e+06
14  6  8.69186e+06
14  7  1.26448e+07
14  8  1.29772e+07
14  9  1.0534e+07
14  10  2.3473e+07
14  11  1.4507e+07
14  12  1.66551e+07
14  13  1.66435e+07
14  14  1.87684e+07
14  15  9.09549e+06
14  16  1.30582e+07
14  17  1.33622e+07
14  18  6.12276e+06
14  19  1.19033e+07
14  20  9.24551e+06
14  21  1.02264e+07
14  22  9.94278e+06
14  23  4.99688e+06
14  24  4.13323e+06
14  25  8.31366e+06
14  26  9.77007e+06
14  27  1.36206e+07
14  28  6.98134e+06
14  29  6.07092e+06
14  30  1.15407e+07
14  31  1.70298e+07
14  32  1.54863e+07
14  33  2.17969e+07
14  34  1.83937e+07
14  35  1.86023e+07
14  36  6.17466e+06
14  37  1.88476e+07
14  38  1.69247e+07
14  39  2.23354e+07
14  40  1.6413e+07
14  41  2.44621e+07
14  42  1.82426e+07
14  43  1.00461e+07
14  44  1.44434e+07
14  45  1.75354e+07
14  46  1.48849e+07
14  47  1.10992e+07
14  48  1.29093e+07
14  49  1.44687e+07
14  50  1.17043e+07
15  0  1.08325e+07
15  1  2.13601e+07
15  2  9.02588e+06
15  3  1.50018e+07
15  4  1.90968e+07
15  5  2.2134e+07
15  6  2.19656e+07
15  7  1.42137e+07
15  8  2.59345e+07
15  9  1.60313e+07
15  10  1.26934e+07
15  11  1.56805e+07
15  12  1.50436e+07
15  13  9.14344e+06
15  14  2.34059e+07
15  15  1.28247e+07
15  16  1.50901e+07
15  17  1.83787e+07
15  18  1.76082e+07
15  19  1.18768e+07
15  20  8.4236e+06
15  21  1.67075e+07
15  22  7.42237e+06
15  23  7.39944e+06
15  24  1.43738e+07
15  25  4.59574e+06
15  26  1.96941e+07
15  27  1.47116e+07
15  28  1.05429e+07
15  29  4.59238e+06
15  30  6.52263e+06
15  31  8.98266e+06
15  32  1.8619e+07
15  33  1.25824e+07
15  34  1.68335e+07
15  35  1.11647e+07
15  36  1.21711e+07
15  37  1.13661e+07
15  38  1.7586e+07
15  39  1.7693e+07
15  40  1.88039e+07
15  41  1.95128e+07
15  42  1.75374e+07
15  43  1.36398e+07
15  44  1.16747e+07
15  45  6.61346e+06
15  46  1.94975e+07
15  47  1.83976e+07
15  48  1.93748e+07
15  49  2.60153e+07
15  50  1.84763e+07
16  0  1.14666e+07
16  1  2.09655e+07
16  2  1.37874e+07
16  3  1.96441e+07
16  4  6.6981e+06
16  5  1.03542e+07
16  6  2.20877e+07
16  7  1.74538e+07
16  8  1.36026e+07
16  9  1.18904e+07
16  10  1.60755e+07
16  11  1.07616e+07
16  12  7.39354e+06
16  13  1.63374e+07
16  14  1.37974e+07
16  15  1.2995e+07
16  16  1.59559e+07
16  17  1.6603e+07
16  18  1.1816e+07
16  19  1.15979e+07
16  20  1.34971e+07
16  21  1.26345e+07
16  22  1.53543e+07
16  23  1.52603e+07
16  24  1.30819e+07
16  25  1.88021e+07
16  26  1.73119e+07
16  27  1.76384e+07
16  28  1.44093e+07
16  29  1.27187e+07
16  30  2.2935e+07
16  31  2.17928e+07
16  32  1.45798e+07
16  33  1.45309e+07
16  34  1.08952e+07
16  35  1.38674e+07
16  36  1.79664e+07
16  37  1.32717e+07
16  38  1.19842e+07
16  39  1.53777e+07
16  40  1.63974e+07
16  41  1.97863e+07
16  42  1.75176e+07
16  43  1.79178e+07
16  44  1.84339e+07
16  45  9.13237e+06
16  46  1.996e+07
16  47  5.77038e+06
16  48  1.14603e+07
16  49  1.29617e+07
16  50  1.2332e+07
17  0  1.25041e+07
17  1  9.51452e+06
17  2  1.30839e+07
17  3  1.60351e+07
17  4  2.10568e+07
17  5  1.17245e+07
17  6  2.33611e+07
17  7  2.76517e+07
17  8  1.59526e+07
17  9  1.22689e+07
17  10  3.35471e+06
17  11  5.66339e+06
17  12  1.91213e+07
17  13  3.66661e+06
17  14  1.44752e+07
17  15  1.40497e+07
17  16  1.36817e+07
17  17  1.36616e+07
17  18  1.47369e+07
17  19  1.34241e+07
17  20  1.57468e+07
17  21  4.22609e+06
17  22  1.27738e+07
17  23  1.38872e+07
17  24  1.46068e+07
17  25  1.49414e+07
17  26  1.44214e+07
17  27  2.47254e+07
17  28  9.15187e+06
17  29  5.54717e+06
17  30  1.20589e+07
17  31  1.90777e+07
17  32  1.0114e+07
17  33  1.33906e+07
17  34  9.74398e+06
17  35  1.70099e+07
17  36  1.29288e+07
17  37  1.5555e+07
17  38  1.18946e+07
17  39  4.93158e+06
17  40  1.32824e+07
17  41  1.63321e+07
17  42  1.29375e+07
17  43  2.0937e+07
17  44  1.43005e+07
17  45  1.9769e+07
17  46  1.53057e+07
17  47  1.65825e+07
17  48  1.37599e+07
17  49  1.29377e+07
17  50  1.30242e+07
18  0  1.93026e+07
18  1  8.30827e+06
18  2  1.42085e+07
18  3  9.74475e+06
18  4  1.25826e+07
18  5  1.31653e+07
18  6  6.97658e+06
18  7  1.31398e+07
18  8  1.91437e+07
18  9  1.74717e+07
18  10  1.27269e+07
18  11  6.52577e+06
18  12  1.3522e+07
18  13  1.87357e+07
18  14  1.78836e+07
18  15  1.06732e+07
18  16  2.11762e+07
18  17  1.31575e+07
18  18  1.15228e+07
18  19  1.29605e+07
18  20  1.20768e+07
18  21  8.3167e+06
18  22  1.67439e+07
18  23  1.57265e+07
18  24  7.04379e+06
18  25  1.49923e+07
18  26  2.04392e+07
18  27  1.02488e+07
18  28  1.27939e+07
18  29  1.52155e+07
18  30  1.79029e+07
18  31  1.10196e+07
18  32  1.45149e+07
18  33  1.322e+07
18  34  1.42036e+07
18  35  1.21426e+07
18  36  4.79509e+06
18  37  1.71437e+07
18  38  1.27945e+07
18  39  2.19518e+07
18  40  1.05116e+07
18  41  1.36485e+07
18  42  1.21195e+07
18  43  1.3465e+07
18  44  1.19943e+07
18  45  1.1329e+07
18  46  1.31413e+07
18  47  1.41503e+07
18  48  1.07035e+07
18  49  1.47783e+07
18  50  5.03819e+06
19  0  1.14877e+07
19  1  4.74446e+06
19  2  5.44013e+06
19  3  1.1998e+07
19  4  1.88462e+07
19  5  5.63876e+06
19  6  2.59362e+07
19  7  2.03399e+07
19  8  1.26816e+07
19  9  2.1846e+07
19  10  1.53875e+07
19  11  9.62693e+06
19  12  0
19  13  1.91848e+07
19  14  2.70393e+07
19  15  7.30144e+06
19  16  1.887e+07
19  17  1.1293e+07
19  18  1.30091e+07
19  19  1.93446e+07
19  20  8.35338e+06
19  21  1.52628e+07
19  22  1.50562e+07
19  23  6.79691e+06
19  24  8.14631e+06
19  25  1.04978e+07
19  26  1.26533e+07
19  27  2.2238e+07
19  28  1.2063e+07
19  29  1.15926e+07
19  30  1.5895e+07
19  31  6.71455e+06
19  32  1.46424e+07
19  33  1.11157e+07
19  34  8.31461e+06
19  35  1.22653e+07
19  36  1.69319e+07
19  37  1.5618e+07
19  38  1.15473e+07
19  39  9.82529e+06
19  40  1.73834e+07
19  41  1.48025e+07
19  42  1.14407e+07
19  43  6.86101e+06
19  44  1.57904e+07
19  45  8.24898e+06
19  46  1.45328e+07
19  47  2.65664e+07
19  48  2.00851e+07
19  49  7.6563e+06
19  50  1.68912e+07
20  0  1.02323e+07
20  1  1.54406e+07
20  2  2.37273e+07
20  3  1.27031e+07
20  4  1.14631e+07
20  5  1.5215e+07
20  6  1.80777e+07
20  7  2.52942e+07
20  8  2.31209e+07
20  9  1.4648e+07
20  10  1.00338e+07
20  11  1.08936e+07
20  12  2.18426e+07
20  13  2.56061e+06
20  14  1.26082e+07
20  15  7.75931e+06
20  16  1.96014e+07
20  17  1.72203e+07
20  18  2.17799e+07
20  19  1.82147e+07
20  20  2.15876e+07
20  21  3.93409e+06
20  22  9.67573e+06
20  23  6.40433e+06
20  24  1.60124e+07
20  25  4.56652e+06
20  26  1.31648e+07
20  27  7.48624e+06
20  28  1.45598e+07
20  29  1.03959e+07
20  30  1.46991e+07
20  31  1.3584e+07
20  32  8.44516e+06
20  33  1.60959e+07
20  34  1.42741e+07
20  35  1.66e+07
20  36  1.04558e+07
20  37  2.76863e+07
20  38  1.21756e+07
20  39  5.32477e+06
20  40  1.77322e+07
20  41  8.61247e+06
20  42  1.66991e+07
20  43  1.02755e+07
20  44  1.22847e+07
20  45  1.96962e+07
20  46  2.10369e+07
20  47  1.69577e+07
20  48  1.37823e+07
20  49  2.00423e+07
20  50  9.79526e+06
21  0  1.04498e+07
21  1  1.44053e+07
21  2  1.14115e+07
21  3  1.53208e+07
21  4  1.00615e+07
21  5  1.87185e+07
21  6  1.4977e+07
21  7  1.65138e+07
21  8  1.47068e+07
21  9  6.54689e+06
21  10  4.62768e+06
21  11  1.58755e+07
21  12  2.06456e+07
21  13  9.42562e+06
21  14  1.6484e+07
21  15  1.34078e+07
21  16  1.28344e+07
21  17  1.78493e+07
21  18  1.26998e+07
21  19  1.51892e+07
21  20  1.89288e+07
21  21  2.5203e+06
21  22  1.93425e+07
21  23  2.0345e+07
21  24  3.32197e+07
21  25  1.60782e+07
21  26  1.15402e+07
21  27  1.37916e+07
21  28  1.99333e+07
21  29  9.09941e+06
21  30  4.85975e+06
21  31  1.61697e+07
21  32  1.60747e+07
21  33  9.40856e+06
21  34  1.78316e+07
21  35  1.06716e+07
21  36  1.65709e+07
21  37  2.17177e+07
21  38  1.05703e+07
21  39  1.08745e+07
21  40  9.01445e+06
21  41  1.89408e+07
21  42  2.87682e+07
21  43  1.6119e+07
21  44  9.34033e+06
21  45  2.13072e+07
21  46  1.77262e+07
21  47  1.2588e+07
21  48  1.33107e+07
21  49  1.29381e+07
21  50  1.39675e+07
22  0  8.14585e+06
22  1  1.38436e+07
22  2  1.09919e+07
22  3  1.91661e+07
22  4  1.03346e+07
22  5  8.1182e+06
22  6  2.12478e+07
22  7  2.17313e+07
22  8  1.47318e+07
22  9  9.94048e+06
22  10  6.72407e+06
22  11  1.97672e+07
22  12  1.79298e+07
22  13  6.26221e+06
22  14  1.12741e+07
22  15  1.52653e+07
22  16  1.36092e+07
22  17  1.42501e+07
22  18  1.05857e+07
22  19  1.02284e+07
22  20  1.38124e+07
22  21  1.57606e+07
22  22  1.307e+07
22  23  1.48433e+07
22  24  1.11633e+07
22  25  7.34376e+06
22  26  2.08084e+07
22  27  1.37858e+07
22  28  1.98965e+07
22  29  1.71079e+07
22  30  1.8167e+07
22  31  1.63237e+07
22  32  1.15133e+07
22  33  1.73128e+07
22  34  0
22  35  1.59534e+07
22  36  1.15347e+07
22  37  1.79727e+07
22  38  1.28741e+07
22  39  1.70056e+07
22  40  2.09018e+06
22  41  1.1421e+07
22  42  9.69165e+06
22  43  5.86259e+06
22  44  2.32596e+07
22  45  1.85886e+07
22  46  1.97769e+07
22  47  9.84971e+06
22  48  1.1947e+07
22  49  7.98299e+06
22  50  1.02274e+07
23  0  5.74054e+06
23  1  1.86143e+07
23  2  1.28586e+07
23  3  1.69995e+07
23  4  1.23799e+07
23  5  1.42183e+07
23  6  1.67137e+07
23  7  1.54015e+07
23  8  1.306e+07
23  9  1.19359e+07
23  10  1.8491e+07
23  11  1.95087e+07
23  12  1.37298e+07
23  13  1.37301e+07
23  14  1.8799e+07
23  15  1.00391e+07
23  16  1.43356e+07
23  17  1.08865e+07
23  18  1.30432e+07
23  19  4.8574e+06
23  20  7.70568e+06
23  21  2.01791e+07
23  22  1.44687e+07
23  23  1.29308e+07
23  24  1.15864e+07
23  25  1.48419e+07
23  26  1.24487e+07
23  27  6.75833e+06
23  28  9.89003e+06
23  29  1.24016e+07
23  30  1.91506e+07
23  31  2.1538e+07
23  32  1.83188e+07
23  33  8.24912e+06
23  34  1.53557e+07
23  35  1.54776e+07
23  36  2.52347e+07
23  37  7.78394e+06
23  38  1.3451e+07
23  39  1.77647e+07
23  40  1.6909e+07
23  41  1.41581e+07
23  42  1.30681e+07
23  43  2.13637e+07
23  44  1.58755e+07
23  45  1.7936e+07
23  46  1.28208e+07
23  47  1.55334e+07
23  48  2.07548e+07
23  49  1.51419e+07
23  50  1.34786e+07
24  0  1.69739e+07
24  1  1.38038e+07
24  2  1.83175e+07
24  3  1.93796e+07
24  4  1.7507e+07
24  5  1.18451e+07
24  6  1.31598e+07
24  7  4.87359e+06
24  8  1.96704e+07
24  9  9.8575e+06
24  10  1.93438e+07
24  11  1.73244e+07
24  12  1.2979e+07
24  13  7.25621e+06
24  14  5.32113e+06
24  15  1.11887e+07
24  16  5.06152e+06
24  17  9.71409e+06
24  18  2.21593e+07
24  19  1.61467e+07
24  20  1.50122e+07
24  21  2.3954e+07
24  22  1.26026e+07
24  23  7.15971e+06
24  24  2.14889e+07
24  25  1.38292e+07
24  26  9.6116e+06
24  27  1.69764e+07
24  28  1.56087e+07
24  29  6.27409e+06
24  30  1.26788e+07
24  31  9.74398e+06
24  32  9.9499e+06
24  33  1.31795e+07
24  34  1.00544e+07
24  35  9.55758e+06
24  36  1.91599e+07
24  37  0
24  38  1.20928e+07
24  39  4.18221e+06
24  40  3.17529e+06
24  41  2.54938e+07
24  42  2.07985e+07
24  43  1.95039e+07
24  44  1.45064e+07
24  45  7.2021e+06
24  46  1.86489e+07
24  47  9.83937e+06
24  48  5.00191e+06
24  49  1.2404e+07
24  50  1.73288e+07
25  0  1.33633e+07
25  1  6.66483e+06
25  2  6.97182e+06
25  3  1.51175e+07
25  4  1.76365e+07
25  5  1.37753e+07
25  6  1.09164e+07
25  7  1.58034e+07
25  8  2.32961e+07
25  9  1.49294e+07
25  10  2.15587e+06
25  11  1.55046e+07
25  12  2.09583e+07
25  13  1.56748e+07
25  14  2.03307e+07
25  15  1.76931e+07
25  16  9.84538e+06
25  17  1.26075e+07
25  18  1.48029e+07
25  19  1.86194e+07
25  20  1.34844e+07
25  21  1.17231e+07
25  22  1.21716e+07
25  23  1.83344e+07
25  24  1.16128e+07
25  25  1.23904e+07
25  26  1.89505e+07
25  27  2.64208e+07
25  28  1.95342e+07
25  29  1.86553e+07
25  30  1.20497e+07
25  31  5.16044e+06
25  32  0
25  33  1.17788e+07
25  34  1.13357e+07
25  35  7.5859e+06
25  36  1.08816e+07
25  37  1.05679e+07
25  38  1.2625e+07
25  39  1.24496e+07
25  40  2.03098e+07
25  41  1.28017e+07
25  42  1.517e+07
25  43  1.57347e+07
25  44  2.6375e+07
25  45  1.64029e+07
25  46  1.38847e+07
25  47  1.10228e+07
25  48  1.24195e+07
25  49  1.33266e+07
25  50  2.26081e+07
26  0  1.61914e+07
26  1  1.13544e+07
26  2  7.0102e+06
26  3  1.81985e+07
26  4  1.19825e+07
26  5  4.76649e+06
26  6  1.59327e+07
26  7  1.23318e+07
26  8  1.6365e+07
26  9  2.34323e+07
26  10  1.33239e+07
26  11  1.97898e+07
26  12  1.33701e+07
26  13  1.2765e+07
26  14  1.80931e+07
26  15  2.18214e+07
26  16  5.57623e+06
26  17  8.03683e+06
26  18  1.57851e+07
26  19  1.15948e+07
26  20  1.51373e+07
26  21  1.67858e+07
26  22  6.44691e+06
26  23  1.59709e+07
26  24  1.86838e+07
26  25  1.49758e+07
26  26  5.60311e+06
26  27  1.84595e+07
26  28  1.3507e+07
26  29  1.70643e+07
26  30  1.29317e+07
26  31  1.5893e+07
26  32  5.48408e+06
26  33  1.66632e+07
26  34  1.66784e+07
26  35  1.66484e+07
26  36  1.10277e+07
26  37  1.5545e+07
26  38  2.00377e+07
26  39  1.27576e+07
26  40  4.79444e+06
26  41  4.73953e+06
26  42  1.65403e+07
26  43  1.56433e+07
26  44  2.40758e+07
26  45  1.65732e+07
26  46  1.44293e+07
26  47  1.32096e+07
26  48  1.1072e+07
26  49  8.64285e+06
26  50  1.58423e+07
27  0  1.3743e+07
27  1  1.46948e+07
27  2  1.68021e+07
27  3  1.28502e+07
27  4  1.33518e+07
27  5  7.99043e+06
27  6  1.76818e+07
27  7  7.8459e+06
27  8  1.38484e+07
27  9  1.22835e+07
27  10  1.79725e+07
27  11  1.95303e+07
27  12  1.59678e+07
27  13  1.36317e+07
27  14  1.77313e+07
27  15  1.59121e+07
27  16  0
27  17  6.27481e+06
27  18  1.61467e+07
27  19  2.12976e+07
27  20  1.6546e+07
27  21  1.89691e+07
27  22  1.50585e+07
27  23  1.21885e+07
27  24  1.56846e+07
27  25  1.02489e+07
27  26  1.98946e+07
27  27  1.82097e+07
27  28  1.34832e+07
27  29  8.2533e+06
27  30  1.3665e+07
27  31  1.13841e+07
27  32  1.25749e+07
27  33  1.64167e+07
27  34  0
27  35  1.32316e+07
27  36  1.77754e+07
27  37  1.27142e+07
27  38  8.47462e+06
27  39  1.36291e+07
27  40  1.0458e+07
27  41  8.73552e+06
27  42  1.70266e+07
27  43  1.21699e+07
27  44  1.98583e+07
27  45  1.42614e+07
27  46  7.92596e+06
27  47  1.7108e+07
27  48  1.08165e+07
27  49  1.34344e+07
27  50  2.56761e+06
28  0  1.82293e+07
28  1  4.31587e+06
28  2  8.44748e+06
28  3  7.65984e+06
28  4  1.1924e+07
28  5  1.58097e+07
28  6  1.3386e+07
28  7  1.67251e+07
28  8  1.45355e+07
28  9  2.2563e+07
28  10  2.14745e+07
28  11  2.17163e+07
28  12  9.88033e+06
28  13  1.06386e+07
28  14  6.14014e+06
28  15  9.47961e+06
28  16  9.38571e+06
28  17  1.1621e+07
28  18  9.87455e+06
28  19  1.25205e+07
28  20  1.80676e+07
28  21  1.41696e+07
28  22  1.53525e+07
28  23  1.19893e+07
28  24  2.48287e+07
28  25  2.23317e+07
28  26  2.62815e+07
28  27  1.07178e+07
28  28  8.83505e+06
28  29  1.84087e+07
28  30  1.07769e+07
28  31  1.66088e+07
28  32  1.44638e+07
28  33  4.92586e+06
28  34  4.36641e+06
28  35  1.01976e+07
28  36  1.22254e+07
28  37  2.18664e+07
28  38  1.69072e+07
28  39  1.10005e+07
28  40  1.3803e+07
28  41  1.47129e+07
28  42  1.78662e+07
28  43  1.47377e+07
28  44  1.20703e+07
28  45  5.30366e+06
28  46  7.51281e+06
28  47  1.93326e+07
28  48  4.90611e+06
28  49  1.10921e+07
28  50  1.1154e+07
29  0  2.27752e+07
29  1  3.45459e+06
29  2  1.90233e+07
29  3  1.32177e+07
29  4  5.08414e+06
29  5  1.22627e+07
29  6  1.54943e+07
29  7  1.20044e+07
29  8  2.43788e+07
29  9  1.7452e+07
29  10  1.41853e+07
29  11  1.15457e+07
29  12  2.00107e+07
29  13  2.03099e+07
29  14  1.29196e+07
29  15  7.61286e+06
29  16  6.77764e+06
29  17  1.13181e+07
29  18  4.38478e+06
29  19  1.49032e+07
29  20  2.09146e+07
29  21  1.57667e+07
29  22  1.96302e+07
29  23  1.70352e+07
29  24  7.528e+06
29  25  1.42606e+07
29  26  1.98433e+07
29  27  1.13732e+07
29  28  8.50098e+06
29  29  1.84549e+07
29  30  9.13244e+06
29  31  1.9512e+07
29  32  9.84805e+06
29  33  8.35142e+06
29  34  2.08539e+07
29  35  1.90372e+07
29  36  1.50314e+07
29  37  1.97957e+07
29  38  6.80725e+06
29  39  2.53583e+06
29  40  1.10017e+07
29  41  1.97212e+06
29  42  6.17854e+06
29  43  1.36064e+07
29  44  1.09228e+07
29  45  1.33145e+07
29  46  1.31178e+07
29  47  2.77686e+07
29  48  1.82862e+07
29  49  2.23385e+07
29  50  1.43614e+07
30  0  1.94473e+07
30  1  1.06943e+07
30  2  9.82104e+06
30  3  6.00057e+06
30  4  1.70877e+07
30  5  1.672e+07
30  6  1.11163e+07
30  7  1.32163e+07
30  8  1.75444e+07
30  9  1.89082e+07
30  10  1.56198e+07
30  11  1.11816e+07
30  12  1.65696e+07
30  13  1.82382e+07
30  14  1.56103e+07
30  15  1.95068e+07
30  16  5.92506e+06
30  17  1.05505e+07
30  18  1.31497e+07
30  19  4.35464e+06
30  20  9.67351e+06
30  21  1.75557e+07
30  22  1.6278e+07
30  23  1.47965e+07
30  24  1.39278e+07
30  25  1.85325e+07
30  26  1.48902e+07
30  27  2.04919e+07
30  28  1.47835e+07
30  29  0
30  30  9.84219e+06
30  31  1.2813e+07
30  32  1.66392e+07
30  33  9.45781e+06
30  34  9.38304e+06
30  35  1.2988e+07
30  36  1.51274e+07
30  37  1.02201e+07
30  38  1.42869e+07
30  39  1.15239e+07
30  40  1.74819e+07
30  41  1.2434e+07
30  42  1.29756e+07
30  43  8.2253e+06
30  44  9.53354e+06
30  45  1.35513e+07
30  46  1.70375e+07
30  47  1.51063e+07
30  48  6.45299e+06
30  49  1.34793e+07
30  50  2.27225e+07
31  0  1.01633e+07
31  1  1.35413e+07
31  2  2.21524e+07
31  3  4.57036e+06
31  4  1.96487e+07
31  5  1.1928e+07
31  6  1.98379e+07
31  7  1.16399e+07
31  8  1.24992e+07
31  9  8.54973e+06
31  10  1.09774e+07
31  11  8.23516e+06
31  12  5.87968e+06
31  13  6.9209e+06
31  14  1.06396e+07
31  15  1.62702e+07
31  16  7.44647e+06
31  17  2.03717e+07
31  18  1.15551e+07
31  19  7.56303e+06
31  20  1.26098e+07
31  21  1.96689e+07
31  22  1.13127e+07
31  23  9.67236e+06
31  24  1.52788e+07
31  25  1.60421e+07
31  26  2.00119e+07
31  27  1.6033e+07
31  28  1.3337e+07
31  29  2.40105e+06
31  30  5.92545e+06
31  31  1.79004e+07
31  32  1.39117e+07
31  33  1.23745e+07
31  34  1.40279e+07
31  35  1.11507e+07
31  36  1.96004e+07
31  37  1.64494e+07
31  38  1.34088e+07
31  39  9.45739e+06
31  40  1.07603e+07
31  41  1.24516e+07
31  42  1.85718e+07
31  43  2.12546e+07
31  44  1.98755e+07
31  45  1.55807e+07
31  46  1.4207e+07
31  47  1.45158e+07
31  48  1.65851e+07
31  49  1.5489e+07
31  50  5.94741e+06
32  0  1.56774e+07
32  1  2.18759e+07
32  2  1.60401e+07
32  3  1.77957e+07
32  4  1.44042e+07
32  5  1.641e+07
32  6  1.82789e+07
32  7  1.67575e+07
32  8  4.80312e+06
32  9  1.29804e+07
32  10  1.22881e+07
32  11  1.87845e+07
32  12  1.32989e+07
32  13  6.47754e+06
32  14  1.24428e+07
32  15  1.50989e+07
32  16  0
32  17  6.94948e+06
32  18  7.27867e+06
32  19  4.04756e+06
32  20  4.58754e+06
32  21  9.5206e+06
32  22  1.44589e+07
32  23  1.29906e+07
32  24  1.47824e+07
32  25  1.57205e+07
32  26  1.23887e+07
32  27  1.44475e+07
32  28  2.04902e+07
32  29  2.53782e+07
32  30  1.12148e+07
32  31  1.20601e+07
32  32  1.51185e+07
32  33  1.53767e+07
32  34  0
32  35  1.4194e+07
32  36  1.51758e+07
32  37  1.98784e+07
32  38  1.03627e+07
32  39  7.68002e+06
32  40  9.75024e+06
32  41  2.79757e+06
32  42  1.29856e+07
32  43  9.79601e+06
32  44  1.07731e+07
32  45  1.28355e+07
32  46  1.55943e+07
32  47  1.41432e+07
32  48  1.71082e+07
32  49  1.03394e+07
32  50  1.33182e+07
33  0  2.45337e+07
33  1  9.67692e+06
33  2  2.21013e+07
33  3  8.028e+06
33  4  5.90757e+06
33  5  1.17766e+07
33  6  8.62061e+06
33  7  8.53096e+06
33  8  2.0182e+07
33  9  1.0453e+07
33  10  9.51669e+06
33  11  1.17144e+07
33  12  7.31524e+06
33  13  0
33  14  1.87369e+07
33  15  7.93448e+06
33  16  1.76584e+07
33  17  2.19752e+07
33  18  1.05637e+07
33  19  1.93381e+07
33  20  1.71858e+07
33  21  1.06983e+07
33  22  3.16887e+06
33  23  6.80338e+06
33  24  1.79549e+07
33  25  1.32831e+07
33  26  1.00499e+07
33  27  1.7561e+07
33  28  9.10881e+06
33  29  1.18815e+07
33  30  1.32481e+07
33  31  1.3865e+07
33  32  1.51464e+07
33  33  8.53761e+06
33  34  1.00273e+07
33  35  2.91996e+06
33  36  1.02579e+07
33  37  1.74758e+07
33  38  1.03765e+07
33  39  9.54508e+06
33  40  1.19609e+07
33  41  1.31121e+07
33  42  1.20648e+07
33  43  1.09831e+07
33  44  1.70805e+07
33  45  1.32788e+07
33  46  2.1316e+07
33  47  1.15586e+07
33  48  1.00533e+07
33  49  9.57654e+06
33  50  1.41097e+07
34  0  8.8501e+06
34  1  2.4439e+07
34  2  1.15119e+07
34  3  1.96359e+07
34  4  2.18337e+07
34  5  9.90892e+06
34  6  1.15373e+07
34  7  1.26106e+07
34  8  2.19452e+06
34  9  1.42263e+07
34  10  7.91921e+06
34  11  6.54142e+06
34  12  1.08244e+07
34  13  1.7314e+07
34  14  1.03096e+07
34  15  1.14052e+07
34  16  7.07708e+06
34  17  7.84445e+06
34  18  9.73348e+06
34  19  4.36964e+06
34  20  6.70619e+06
34  21  8.36346e+06
34  22  4.67035e+06
34  23  1.15819e+07
34  24  1.24591e+07
34  25  7.49888e+06
34  26  1.3001e+07
34  27  7.39804e+06
34  28  1.07726e+07
34  29  8.56971e+06
34  30  1.15686e+07
34  31  5.83668e+06
34  32  1.79662e+07
34  33  1.80457e+07
34  34  3.38592e+06
34  35  1.33716e+07
34  36  6.94272e+06
34  37  2.71398e+07
34  38  7.33169e+06
34  39  2.38532e+07
34  40  1.57448e+07
34  41  4.92627e+06
34  42  1.46045e+07
34  43  6.13746e+06
34  44  3.3357e+06
34  45  2.10256e+07
34  46  1.0764e+07
34  47  1.69278e+07
34  48  1.95712e+07
34  49  1.89531e+07
34  50  1.0331e+07
35  0  2.60674e+07
35  1  1.41548e+07
35  2  1.24804e+07
35  3  1.67163e+07
35  4  1.86325e+07
35  5  1.22798e+07
35  6  1.85692e+07
35  7  1.59135e+07
35  8  1.34303e+07
35  9  6.76222e+06
35  10  8.44741e+06
35  11  5.06221e+06
35  12  4.70229e+06
35  13  1.44049e+07
35  14  9.40247e+06
35  15  8.35164e+06
35  16  1.61569e+07
35  17  1.00105e+07
35  18  2.20037e+07
35  19  1.8656e+07
35  20  4.80262e+06
35  21  1.66745e+07
35  22  1.52867e+07
35  23  1.57707e+07
35  24  1.13887e+07
35  25  1.0901e+07
35  26  1.09363e+07
35  27  2.4985e+07
35  28  1.43057e+07
35  29  8.7324e+06
35  30  8.22778e+06
35  31  4.16916e+06
35  32  7.97403e+06
35  33  1.21771e+07
35  34  1.18806e+07
35  35  1.4479e+07
35  36  5.16562e+06
35  37  1.13282e+07
35  38  1.58351e+07
35  39  9.94476e+06
35  40  5.39958e+06
35  41  3.72938e+06
35  42  2.55946e+06
35  43  9.43114e+06
35  44  1.49308e+07
35  45  1.27097e+07
35  46  1.82145e+07
35  47  6.57414e+06
35  48  1.42465e+07
35  49  1.03061e+07
35  50  6.88063e+06
36  0  1.96832e+07
36  1  1.78974e+07
36  2  2.54686e+07
36  3  1.31878e+07
36  4  1.2769e+07
36  5  1.19828e+07
36  6  1.96576e+07
36  7  1.62247e+07
36  8  1.51425e+07
36  9  6.59972e+06
36  10  1.22011e+07
36  11  9.58232e+06
36  12  7.85309e+06
36  13  1.02366e+07
36  14  4.02953e+06
36  15  1.3174e+07
36  16  1.80057e+07
36  17  1.11734e+07
36  18  1.22631e+07
36  19  7.41674e+06
36  20  0
36  21  1.06978e+07
36  22  0
36  23  7.67205e+06
36  24  8.96898e+06
36  25  8.0884e+06
36  26  1.18247e+07
36  27  2.59258e+06
36  28  8.54358e+06
36  29  1.64247e+07
36  30  1.70488e+07
36  31  1.60636e+07
36  32  2.17847e+07
36  33  1.60907e+07
36  34  1.3991e+07
36  35  6.74441e+06
36  36  3.87677e+06
36  37  1.52084e+07
36  38  1.40927e+07
36  39  2.62765e+07
36  40  1.66849e+07
36  41  9.93084e+06
36  42  0
36  43  6.8458e+06
36  44  7.45901e+06
36  45  1.38813e+07
36  46  1.54243e+07
36  47  7.90823e+06
36  48  1.01306e+07
36  49  1.21704e+07
36  50  1.21747e+07
37  0  2.8126e+07
37  1  9.97979e+06
37  2  1.41249e+07
37  3  3.0574e+07
37  4  1.72269e+07
37  5  1.65108e+07
37  6  2.48809e+07
37  7  1.80573e+07
37  8  1.00568e+07
37  9  1.42371e+07
37  10  8.57851e+06
37  11  1.78492e+07
37  12  1.2803e+07
37  13  1.17041e+07
37  14  5.88592e+06
37  15  1.37683e+07
37  16  1.75501e+07
37  17  1.05111e+07
37  18  1.22624e+07
37  19  9.22092e+06
37  20  0
37  21  1.48611e+07
37  22  1.00754e+07
37  23  6.41704e+06
37  24  1.44779e+07
37  25  1.3229e+07
37  26  1.03906e+07
37  27  1.04736e+07
37  28  6.29538e+06
37  29  2.25264e+07
37  30  2.56385e+07
37  31  1.39599e+07
37  32  8.09314e+06
37  33  1.15303e+07
37  34  1.38575e+07
37  35  7.61603e+06
37  36  1.85564e+07
37  37  2.29565e+06
37  38  9.85955e+06
37  39  1.79388e+07
37  40  8.43925e+06
37  41  1.31193e+07
37  42  0
37  43  1.52794e+07
37  44  1.40146e+07
37  45  1.72613e+07
37  46  9.04912e+06
37  47  1.63941e+07
37  48  6.43401e+06
37  49  1.04737e+07
37  50  1.62644e+07
38  0  1.90729e+07
38  1  1.01199e+07
38  2  1.99783e+07
38  3  1.37967e+07
38  4  1.638e+07
38  5  1.75378e+07
38  6  1.67242e+07
38  7  8.38956e+06
38  8  1.53287e+07
38  9  1.60105e+07
38  10  5.50398e+06
38  11  6.57612e+06
38  12  1.38212e+07
38  13  1.18789e+07
38  14  1.1518e+07
38  15  8.70469e+06
38  16  1.24701e+07
38  17  1.55297e+07
38  18  6.21559e+06
38  19  6.60954e+06
38  20  1.16818e+07
38  21  0
38  22  3.60808e+06
38  23  1.58244e+07
38  24  1.42623e+07
38  25  1.54406e+07
38  26  9.02319e+06
38  27  1.61844e+07
38  28  7.25657e+06
38  29  1.05563e+07
38  30  1.45271e+07
38  31  1.69584e+07
38  32  1.60891e+07
38  33  1.90181e+07
38  34  2.13649e+07
38  35  3.12032e+06
38  36  1.04706e+07
38  37  1.59429e+07
38  38  1.87956e+07
38  39  7.37205e+06
38  40  1.39379e+07
38  41  1.2704e+07
38  42  6.66236e+06
38  43  6.47995e+06
38  44  1.74393e+07
38  45  1.48454e+07
38  46  3.73609e+06
38  47  6.39028e+06
38  48  2.05989e+07
38  49  1.02489e+07
38  50  0
39  0  2.76523e+07
39  1  2.08093e+07
39  2  1.86324e+07
39  3  1.62051e+07
39  4  1.85843e+07
39  5  1.34482e+07
39  6  1.19436e+07
39  7  1.78306e+07
39  8  1.66317e+07
39  9  1.20161e+07
39  10  1.68407e+07
39  11  1.3863e+07
39  12  5.97331e+06
39  13  1.47223e+07
39  14  7.12464e+06
39  15  1.38975e+07
39  16  9.69664e+06
39  17  5.72351e+06
39  18  9.46532e+06
39  19  3.03925e+06
39  20  1.46184e+07
39  21  7.62076e+06
39  22  1.43198e+07
39  23  6.82157e+06
39  24  1.13937e+07
39  25  1.1347e+07
39  26  1.28011e+07
39  27  8.74978e+06
39  28  1.96515e+07
39  29  1.18095e+07
39  30  1.32539e+07
39  31  9.77883e+06
39  32  1.2766e+07
39  33  9.09264e+06
39  34  1.21288e+07
39  35  1.82411e+06
39  36  1.76035e+07
39  37  0
39  38  8.65147e+06
39  39  7.51287e+06
39  40  8.4889e+06
39  41  0
39  42  0
39  43  5.52858e+06
39  44  1.38979e+07
39  45  1.80712e+07
39  46  1.08519e+07
39  47  1.04933e+07
39  48  1.32025e+07
39  49  1.74584e+07
39  50  1.07803e+07
40  0  1.84024e+07
40  1  3.39739e+07
40  2  1.60161e+07
40  3  1.10052e+07
40  4  1.20147e+07
40  5  1.20747e+07
40  6  6.43921e+06
40  7  2.02654e+07
40  8  1.85362e+07
40  9  1.79254e+07
40  10  1.03125e+07
40  11  9.97321e+06
40  12  9.25512e+06
40  13  7.37382e+06
40  14  1.05007e+07
40  15  5.33507e+06
40  16  8.03158e+06
40  17  1.38052e+07
40  18  1.28622e+07
40  19  1.45953e+07
40  20  8.28303e+06
40  21  9.67083e+06
40  22  1.43971e+07
40  23  6.70191e+06
40  24  2.66542e+06
40  25  1.31435e+07
40  26  1.60176e+07
40  27  1.51159e+07
40  28  1.23739e+07
40  29  6.2446e+06
40  30  6.78215e+06
40  31  1.56976e+07
40  32  9.34782e+06
40  33  3.20458e+06
40  34  5.12381e+06
40  35  5.79116e+06
40  36  5.41479e+06
40  37  3.22388e+06
40  38  8.49573e+06
40  39  8.40325e+06
40  40  7.81333e+06
40  41  1.07029e+07
40  42  3.60872e+06
40  43  5.46914e+06
40  44  3.18033e+06
40  45  1.27427e+07
40  46  2.60639e+07
40  47  1.60555e+07
40  48  1.73742e+07
40  49  5.79119e+06
40  50  1.17482e+07
41  0  1.6838e+07
41  1  1.60602e+07
41  2  1.9246e+07
41  3  1.28641e+07
41  4  1.92822e+07
41  5  2.37641e+07
41  6  1.34852e+07
41  7  1.08746e+07
41  8  1.76335e+07
41  9  1.10926e+07
41  10  0
41  11  1.08563e+07
41  12  8.50849e+06
41  13  2.14054e+07
41  14  1.35025e+07
41  15  1.48763e+07
41  16  1.59179e+07
41  17  1.44755e+07
41  18  1.57891e+07
41  19  1.68854e+07
41  20  9.78195e+06
41  21  1.33373e+07
41  22  1.29583e+07
41  23  1.19502e+07
41  24  1.80739e+07
41  25  7.84335e+06
41  26  9.36641e+06
41  27  1.58188e+07
41  28  1.42054e+07
41  29  1.14024e+07
41  30  3.43601e+06
41  31  1.36599e+07
41  32  9.69826e+06
41  33  1.04976e+07
41  34  1.01356e+07
41  35  0
41  36  0
41  37  5.79224e+06
41  38  2.22302e+07
41  39  1.58613e+07
41  40  1.19215e+07
41  41  0
41  42  6.98361e+06
41  43  1.10721e+07
41  44  1.43374e+07
41  45  1.35931e+07
41  46  1.24578e+07
41  47  1.27916e+07
41  48  2.15001e+07
41  49  1.48294e+07
41  50  1.11344e+07
42  0  2.92696e+07
42  1  3.20853e+07
42  2  1.44674e+07
42  3  2.18917e+07
42  4  1.29224e+07
42  5  5.74016e+06
42  6  1.32694e+07
42  7  1.66826e+07
42  8  8.2897e+06
42  9  1.57333e+07
42  10  6.94663e+06
42  11  1.4365e+07
42  12  3.22942e+06
42  13  1.06227e+07
42  14  1.64724e+07
42  15  1.17167e+07
42  16  1.44999e+07
42  17  1.11942e+07
42  18  8.82333e+06
42  19  1.6053e+07
42  20  8.14159e+06
42  21  1.12111e+07
42  22  1.70004e+07
42  23  6.62013e+06
42  24  1.42313e+07
42  25  1.59651e+07
42  26  1.53019e+07
42  27  1.1533e+07
42  28  1.08609e+07
42  29  1.79126e+07
42  30  1.09604e+07
42  31  1.85591e+07
42  32  6.49555e+06
42  33  4.70423e+06
42  34  5.15069e+06
42  35  5.95191e+06
42  36  1.53007e+07
42  37  1.15667e+07
42  38  1.36872e+07
42  39  1.55955e+07
42  40  1.52015e+07
42  41  3.59794e+06
42  42  5.04345e+06
42  43  7.76355e+06
42  44  1.1825e+07
42  45  1.62989e+07
42  46  1.95408e+07
42  47  1.73886e+07
42  48  1.19863e+07
42  49  1.92512e+07
42  50  2.03032e+07
43  0  1.84216e+07
43  1  2.04557e+07
43  2  1.86872e+07
43  3  1.80931e+07
43  4  1.94051e+07
43  5  2.35018e+07
43  6  1.9169e+07
43  7  1.39884e+07
43  8  9.41945e+06
43  9  9.0272e+06
43  10  1.47182e+07
43  11  1.47906e+07
43  12  5.02097e+06
43  13  0
43  14  1.81825e+07
43  15  7.43125e+06
43  16  1.56498e+07
43  17  1.49672e+07
43  18  9.7624e+06
43  19  1.54066e+07
43  20  4.64154e+06
43  21  8.71321e+06
43  22  3.95147e+06
43  23  7.81071e+06
43  24  6.31375e+06
43  25  1.82446e+07
43  26  5.76016e+06
43  27  1.39751e+07
43  28  1.41817e+07
43  29  1.12035e+07
43  30  1.46336e+07
43  31  1.58366e+07
43  32  7.28594e+06
43  33  8.87861e+06
43  34  1.3187e+07
43  35  9.47996e+06
43  36  7.54439e+06
43  37  3.45931e+06
43  38  7.65e+06
43  39  9.11545e+06
43  40  7.33198e+06
43  41  3.89121e+06
43  42  8.27148e+06
43  43  0
43  44  1.26206e+07
43  45  1.10716e+07
43  46  1.27289e+07
43  47  6.43721e+06
43  48  8.77072e+06
43  49  1.74398e+07
43  50  1.4206e+07
44  0  2.58902e+07
44  1  4.4113e+07
44  2  1.74277e+07
44  3  2.32924e+07
44  4  9.72226e+06
44  5  2.20781e+07
44  6  1.83503e+07
44  7  1.91926e+07
44  8  9.13435e+06
44  9  2.53225e+07
44  10  1.56059e+07
44  11  6.32828e+06
44  12  9.13763e+06
44  13  1.28655e+07
44  14  9.23185e+06
44  15  1.21329e+07
44  16  0
44  17  7.07601e+06
44  18  1.49578e+07
44  19  1.10951e+07
44  20  1.04381e+07
44  21  1.4433e+07
44  22  7.44348e+06
44  23  0
44  24  2.22675e+07
44  25  1.38891e+07
44  26  1.07822e+07
44  27  1.90857e+07
44  28  1.70952e+07
44  29  2.09448e+07
44  30  1.52575e+07
44  31  2.34387e+07
44  32  9.44007e+06
44  33  1.11248e+07
44  34  3.83768e+06
44  35  1.10166e+07
44  36  5.51719e+06
44  37  1.94369e+07
44  38  1.1203e+07
44  39  1.16299e+07
44  40  5.10821e+06
44  41  1.01819e+07
44  42  0
44  43  3.48677e+06
44  44  7.45574e+06
44  45  1.73928e+07
44  46  8.58214e+06
44  47  1.02993e+07
44  48  6.32008e+06
44  49  1.86435e+07
44  50  1.70585e+07
45  0  1.93015e+07
45  1  2.04168e+07
45  2  9.11518e+06
45  3  1.72463e+07
45  4  1.09755e+07
45  5  2.468e+07
45  6  9.37111e+06
45  7  1.97117e+07
45  8  1.64232e+07
45  9  9.28073e+06
45  10  2.24981e+07
45  11  5.12559e+06
45  12  1.59301e+07
45  13  1.32025e+07
45  14  2.84873e+07
45  15  1.10428e+07
45  16  3.8297e+06
45  17  7.12051e+06
45  18  2.34303e+07
45  19  0
45  20  1.18987e+07
45  21  0
45  22  1.89796e+07
45  23  4.27607e+06
45  24  1.32979e+07
45  25  1.84041e+07
45  26  2.12619e+07
45  27  1.6288e+07
45  28  1.72078e+07
45  29  1.54906e+07
45  30  1.804e+07
45  31  6.63415e+06
45  32  1.09372e+07
45  33  1.47163e+07
45  34  5.9668e+06
45  35  8.83878e+06
45  36  2.12617e+07
45  37  1.42816e+07
45  38  7.57715e+06
45  39  1.20389e+07
45  40  1.2571e+07
45  41  4.10618e+06
45  42  0
45  43  1.17182e+07
45  44  5.54788e+06
45  45  1.39219e+07
45  46  1.17566e+07
45  47  1.13828e+07
45  48  6.46278e+06
45  49  8.10127e+06
45  50  1.07874e+07
46  0  2.2436e+07
46  1  3.04632e+07
46  2  2.25259e+07
46  3  2.05635e+07
46  4  1.50686e+07
46  5  1.67675e+07
46  6  1.27983e+07
46  7  1.63771e+07
46  8  8.38155e+06
46  9  2.57642e+06
46  10  4.45539e+06
46  11  7.60387e+06
46  12  5.44284e+06
46  13  7.5814e+06
46  14  3.97402e+06
46  15  2.41285e+07
46  16  1.26493e+07
46  17  1.30707e+07
46  18  1.72986e+07
46  19  8.38559e+06
46  20  1.05188e+07
46  21  1.79276e+07
46  22  6.51493e+06
46  23  7.0859e+06
46  24  5.37907e+06
46  25  1.69897e+07
46  26  1.25258e+07
46  27  1.78869e+07
46  28  1.29399e+07
46  29  2.29062e+07
46  30  1.79377e+07
46  31  1.82845e+07
46  32  1.07193e+07
46  33  8.51202e+06
46  34  1.17967e+07
46  35  8.21142e+06
46  36  1.3053e+07
46  37  1.32021e+07
46  38  7.85855e+06
46  39  5.75429e+06
46  40  4.75268e+06
46  41  3.13625e+06
46  42  0
46  43  3.72792e+06
46  44  1.28136e+07
46  45  1.46637e+07
46  46  1.566e+07
46  47  1.45126e+07
46  48  1.54311e+07
46  49  9.34415e+06
46  50  2.06129e+07
47  0  1.94401e+07
47  1  3.60758e+07
47  2  1.89505e+07
47  3  1.54174e+07
47  4  1.01858e+07
47  5  1.64012e+07
47  6  1.4131e+07
47  7  1.7128e+07
47  8  2.75606e+07
47  9  2.50721e+07
47  10  1.30055e+07
47  11  1.24462e+07
47  12  1.20839e+07
47  13  9.50438e+06
47  14  2.0746e+07
47  15  2.39079e+07
47  16  1.34356e+07
47  17  6.49788e+06
47  18  1.02775e+07
47  19  7.94826e+06
47  20  1.68592e+07
47  21  8.56173e+06
47  22  1.17482e+07
47  23  1.93531e+07
47  24  1.50088e+07
47  25  1.33381e+07
47  26  1.22796e+07
47  27  1.19179e+07
47  28  6.91689e+06
47  29  9.04319e+06
47  30  1.78717e+07
47  31  1.81895e+07
47  32  6.40527e+06
47  33  1.48809e+07
47  34  1.69968e+07
47  35  7.34096e+06
47  36  2.16968e+07
47  37  2.6595e+07
47  38  9.81875e+06
47  39  1.39487e+07
47  40  5.23556e+06
47  41  1.34648e+07
47  42  0
47  43  1.17827e+07
47  44  9.77663e+06
47  45  1.02394e+07
47  46  1.2751e+07
47  47  1.29187e+07
47  48  1.30836e+07
47  49  2.57027e+06
47  50  2.32599e+06
48  0  2.48282e+07
48  1  1.91319e+07
48  2  3.59882e+07
48  3  3.05461e+07
48  4  7.84024e+06
48  5  2.25381e+07
48  6  1.14411e+07
48  7  2.45685e+07
48  8  9.62762e+06
48  9  3.36139e+06
48  10  1.4746e+07
48  11  1.39321e+07
48  12  1.4025e+07
48  13  1.46977e+07
48  14  1.28789e+07
48  15  9.43597e+06
48  16  5.03057e+06
48  17  1.37532e+07
48  18  1.2308e+07
48  19  1.65464e+07
48  20  7.85653e+06
48  21  1.1298e+07
48  22  3.5702e+06
48  23  5.51092e+06
48  24  1.92006e+07
48  25  6.20499e+06
48  26  2.3302e+07
48  27  7.20138e+06
48  28  1.92261e+07
48  29  1.91677e+07
48  30  7.02658e+06
48  31  1.53834e+07
48  32  7.73117e+06
48  33  0
48  34  0
48  35  0
48  36  1.30467e+07
48  37  1.72004e+07
48  38  1.48377e+07
48  39  6.84243e+06
48  40  1.17331e+07
48  41  8.2897e+06
48  42  4.39031e+06
48  43  4.37963e+06
48  44  1.64104e+07
48  45  2.01544e+07
48  46  6.50955e+06
48  47  9.81352e+06
48  48  1.10744e+07
48  49  1.4436e+07
48  50  1.167e+07
49  0  2.3114e+07
49  1  3.98255e+06
49  2  3.15969e+07
49  3  2.17908e+07
49  4  1.62567e+07
49  5  2.46322e+07
49  6  2.89503e+07
49  7  2.00667e+07
49  8  8.55902e+06
49  9  2.43448e+07
49  10  1.3515e+07
49  11  2.01578e+07
49  12  2.54359e+07
49  13  1.74594e+07
49  14  1.49055e+07
49  15  2.50368e+07
49  16  9.96288e+06
49  17  1.2215e+07
49  18  1.57475e+07
49  19  6.67477e+06
49  20  4.11043e+06
49  21  1.69679e+07
49  22  6.86997e+06
49  23  0
49  24  1.27742e+07
49  25  9.10581e+06
49  26  7.43305e+06
49  27  1.33867e+07
49  28  1.49627e+07
49  29  1.76167e+07
49  30  1.11477e+07
49  31  6.63845e+06
49  32  1.67292e+07
49  33  1.2499e+07
49  34  7.14542e+06
49  35  1.79164e+07
49  36  4.54755e+06
49  37  1.65084e+07
49  38  6.32296e+06
49  39  0
49  40  8.25716e+06
49  41  1.06687e+07
49  42  0
49  43  8.60548e+06
49  44  5.19728e+06
49  45  1.94707e+07
49  46  1.72079e+07
49  47  1.46441e+07
49  48  1.64076e+07
49  49  3.85055e+06
49  50  1.01472e+07
50  0  1.49691e+07
50  1  1.78515e+07
50  2  2.12966e+07
50  3  1.99669e+07
50  4  1.66912e+07
50  5  1.85342e+07
50  6  1.55749e+07
50  7  1.42939e+07
50  8  1.50628e+07
50  9  1.81029e+07
50  10  1.67202e+07
50  11  1.01647e+07
50  12  1.32626e+07
50  13  2.10665e+07
50  14  0
50  15  1.57713e+07
50  16  8.65193e+06
50  17  1.42723e+07
50  18  1.91365e+07
50  19  5.05164e+06
50  20  1.1419e+07
50  21  7.35892e+06
50  22  1.35813e+07
50  23  1.82919e+07
50  24  1.18857e+07
50  25  1.48473e+07
50  26  1.45771e+07
50  27  8.75313e+06
50  28  1.80926e+07
50  29  2.70303e+07
50  30  1.48826e+07
50  31  1.81251e+07
50  32  2.94176e+06
50  33  0
50  34  7.39752e+06
50  35  1.56497e+07
50  36  1.07931e+07
50  37  1.27166e+07
50  38  1.30339e+07
50  39  0
50  40  0
50  41  8.68511e+06
50  42  0
50  43  5.6148e+06
50  44  9.20085e+06
50  45  1.01083e+07
50  46  1.32747e+07
50  47  1.656e+07
50  48  1.35702e+07
50  49  9.08147e+06
50  50  1.29125e+07

