row  column  (images_25_1_306.edf Zn-K*images_25_1_306.edf Ar-K**2.3)
0  0  4.86484e+07
0  1  4.76652e+07
0  2  4.46651e+07
0  3  5.70904e+07
0  4  5.51775e+07
0  5  4.62648e+07
0  6  4.60026e+07
0  7  4.81203e+07
0  8  5.63471e+07
0  9  2.00385e+07
0  10  1.22419e+07
0  11  8.60892e+06
0  12  2.01253e+07
0  13  0
0  14  2.13207e+07
0  15  2.49695e+07
0  16  1.96052e+07
0  17  1.55126e+06
0  18  650861
0  19  472627
0  20  2.68372e+06
0  21  0
0  22  0
0  23  7.34663e+06
0  24  3.16159e+06
0  25  2.19338e+07
0  26  6.53508e+06
0  27  9.26744e+06
0  28  1.75456e+07
0  29  2.29272e+07
0  30  5.41143e+07
0  31  5.88583e+07
0  32  1.18662e+08
0  33  5.19419e+07
0  34  5.86932e+07
0  35  7.43531e+07
0  36  6.79699e+07
0  37  5.04954e+07
0  38  2.55318e+07
0  39  3.8355e+07
0  40  4.46417e+07
0  41  7.10393e+07
0  42  6.01972e+07
0  43  5.66533e+07
0  44  5.65192e+07
0  45  6.49823e+07
0  46  4.38002e+07
0  47  4.46649e+07
0  48  5.41515e+07
0  49  6.04904e+07
0  50  5.98964e+07
1  0  7.05119e+07
1  1  5.54654e+07
1  2  6.72492e+07
1  3  7.45506e+07
1  4  7.61648e+07
1  5  7.18847e+07
1  6  5.71397e+07
1  7  4.32678e+07
1  8  5.48205e+07
1  9  4.35693e+07
1  10  2.6443e+07
1  11  2.54579e+07
1  12  1.63531e+07
1  13  1.26922e+07
1  14  1.99933e+07
1  15  2.71551e+07
1  16  1.83754e+07
1  17  7.93997e+06
1  18  0
1  19  0
1  20  0
1  21  0
1  22  4.5426e+06
1  23  5.14173e+06
1  24  2.16196e+07
1  25  2.86801e+07
1  26  1.36643e+07
1  27  1.48731e+07
1  28  1.07542e+07
1  29  2.21435e+07
1  30  4.87064e+07
1  31  6.26016e+07
1  32  1.36479e+08
1  33  5.14178e+07
1  34  5.6125e+07
1  35  4.94039e+07
1  36  5.555e+07
1  37  4.28325e+07
1  38  2.9636e+07
1  39  5.37991e+07
1  40  4.95464e+07
1  41  7.83255e+07
1  42  5.97875e+07
1  43  4.7678e+07
1  44  6.84222e+07
1  45  5.87523e+07
1  46  5.32924e+07
1  47  4.55922e+07
1  48  4.44605e+07
1  49  3.80885e+07
1  50  5.02023e+07
2  0  6.31042e+07
2  1  6.16262e+07
2  2  6.02728e+07
2  3  6.63225e+07
2  4  6.81979e+07
2  5  6.53277e+07
2  6  7.09591e+07
2  7  6.72849e+07
2  8  4.22842e+07
2  9  4.97967e+07
2  10  4.46523e+07
2  11  3.43804e+07
2  12  2.36871e+07
2  13  2.62918e+07
2  14  1.69801e+07
2  15  2.42145e+07
2  16  1.2946e+07
2  17  1.17354e+07
2  18  1.96053e+07
2  19  1.05735e+06
2  20  0
2  21  7.18857e+06
2  22  0
2  23  5.28789e+06
2  24  7.77091e+06
2  25  3.33012e+07
2  26  1.44273e+07
2  27  1.62258e+07
2  28  7.51829e+06
2  29  2.84385e+07
2  30  2.95072e+07
2  31  5.88723e+07
2  32  6.72676e+07
2  33  7.19112e+07
2  34  5.49096e+07
2  35  5.67314e+07
2  36  3.71356e+07
2  37  6.41821e+07
2  38  3.89527e+07
2  39  4.01123e+07
2  40  3.51366e+07
2  41  6.27664e+07
2  42  6.23449e+07
2  43  5.16992e+07
2  44  6.32884e+07
2  45  4.34994e+07
2  46  6.44907e+07
2  47  5.37471e+07
2  48  3.83253e+07
2  49  3.47676e+07
2  50  3.70679e+07
3  0  5.01617e+07
3  1  7.09121e+07
3  2  6.46209e+07
3  3  6.34162e+07
3  4  7.83653e+07
3  5  5.25695e+07
3  6  5.27212e+07
3  7  7.61115e+07
3  8  7.66957e+07
3  9  5.52674e+07
3  10  5.89796e+07
3  11  2.26196e+07
3  12  3.49126e+07
3  13  2.77282e+07
3  14  1.51198e+07
3  15  4.14126e+07
3  16  2.90817e+07
3  17  2.69652e+07
3  18  7.51689e+06
3  19  3.55797e+06
3  20  0
3  21  1.10571e+07
3  22  6.20249e+06
3  23  2.14049e+06
3  24  3.07286e+07
3  25  3.51883e+07
3  26  1.73614e+07
3  27  1.03783e+07
3  28  7.86591e+06
3  29  1.99834e+07
3  30  2.87989e+07
3  31  5.34814e+07
3  32  8.12874e+07
3  33  5.34097e+07
3  34  4.33102e+07
3  35  4.65064e+07
3  36  4.38403e+07
3  37  4.70613e+07
3  38  3.45149e+07
3  39  3.66415e+07
3  40  6.13922e+07
3  41  5.2208e+07
3  42  5.46343e+07
3  43  5.19558e+07
3  44  3.51153e+07
3  45  5.68163e+07
3  46  6.41743e+07
3  47  6.40869e+07
3  48  3.31229e+07
3  49  4.86696e+07
3  50  4.68345e+07
4  0  5.63494e+07
4  1  5.05555e+07
4  2  5.18177e+07
4  3  5.32662e+07
4  4  5.98592e+07
4  5  7.00882e+07
4  6  6.03497e+07
4  7  5.81019e+07
4  8  6.93823e+07
4  9  6.75951e+07
4  10  4.63192e+07
4  11  6.64698e+07
4  12  3.42435e+07
4  13  3.24669e+07
4  14  4.07592e+07
4  15  2.37193e+07
4  16  2.97695e+07
4  17  2.84098e+07
4  18  3.24016e+07
4  19  9.44692e+06
4  20  3.13221e+06
4  21  1.68355e+07
4  22  57403.3
4  23  4.26264e+06
4  24  7.34883e+06
4  25  4.19625e+07
4  26  2.71757e+07
4  27  1.65815e+07
4  28  2.7827e+07
4  29  2.64359e+07
4  30  2.18631e+07
4  31  2.87835e+07
4  32  5.61334e+07
4  33  5.24168e+07
4  34  6.38436e+07
4  35  6.61703e+07
4  36  5.62605e+07
4  37  7.21725e+07
4  38  4.55798e+07
4  39  4.84017e+07
4  40  3.3495e+07
4  41  4.75774e+07
4  42  5.13434e+07
4  43  4.26066e+07
4  44  4.48526e+07
4  45  7.42114e+07
4  46  7.08155e+07
4  47  3.8808e+07
4  48  3.6338e+07
4  49  4.42326e+07
4  50  4.33411e+07
5  0  5.2251e+07
5  1  5.2561e+07
5  2  6.56383e+07
5  3  7.70847e+07
5  4  6.65645e+07
5  5  6.87284e+07
5  6  6.98046e+07
5  7  5.63005e+07
5  8  6.70514e+07
5  9  6.20535e+07
5  10  5.04975e+07
5  11  4.23745e+07
5  12  5.6674e+07
5  13  2.43001e+07
5  14  2.8161e+07
5  15  2.48235e+07
5  16  2.83091e+07
5  17  3.38927e+07
5  18  1.8438e+07
5  19  1.18288e+07
5  20  5.3557e+06
5  21  2.58297e+06
5  22  0
5  23  0
5  24  1.49184e+07
5  25  3.61462e+07
5  26  4.31738e+07
5  27  1.10669e+07
5  28  2.55441e+07
5  29  2.10792e+07
5  30  2.27068e+07
5  31  3.32151e+07
5  32  4.72049e+07
5  33  3.67784e+07
5  34  4.8193e+07
5  35  6.70504e+07
5  36  5.50535e+07
5  37  5.98539e+07
5  38  5.27339e+07
5  39  7.07373e+07
5  40  5.77635e+07
5  41  4.92108e+07
5  42  3.55123e+07
5  43  4.0044e+07
5  44  3.73652e+07
5  45  5.44825e+07
5  46  7.21072e+07
5  47  6.13841e+07
5  48  4.5538e+07
5  49  4.06538e+07
5  50  4.49437e+07
6  0  6.53918e+07
6  1  4.88607e+07
6  2  5.55197e+07
6  3  7.98657e+07
6  4  6.41594e+07
6  5  6.83961e+07
6  6  6.80429e+07
6  7  4.64577e+07
6  8  6.28271e+07
6  9  6.45147e+07
6  10  5.6552e+07
6  11  5.31379e+07
6  12  5.29689e+07
6  13  4.67108e+07
6  14  1.85536e+07
6  15  4.08973e+07
6  16  3.55063e+07
6  17  3.22855e+07
6  18  3.21323e+07
6  19  1.04225e+07
6  20  0
6  21  1.08578e+07
6  22  1.05488e+06
6  23  0
6  24  1.64008e+07
6  25  3.77543e+07
6  26  3.14688e+07
6  27  1.69584e+07
6  28  3.64007e+07
6  29  1.5301e+07
6  30  1.49135e+07
6  31  2.61315e+07
6  32  3.01476e+07
6  33  4.54684e+07
6  34  5.46579e+07
6  35  5.46051e+07
6  36  4.89452e+07
6  37  6.09429e+07
6  38  3.78915e+07
6  39  6.63516e+07
6  40  3.34762e+07
6  41  5.41638e+07
6  42  4.0418e+07
6  43  4.24343e+07
6  44  4.91805e+07
6  45  6.8458e+07
6  46  7.25197e+07
6  47  5.80236e+07
6  48  3.20419e+07
6  49  4.56713e+07
6  50  4.22154e+07
7  0  5.5422e+07
7  1  6.88727e+07
7  2  4.92772e+07
7  3  6.20342e+07
7  4  5.42066e+07
7  5  5.23433e+07
7  6  3.64045e+07
7  7  4.46367e+07
7  8  6.05889e+07
7  9  4.07866e+07
7  10  5.70068e+07
7  11  4.05094e+07
7  12  4.14178e+07
7  13  4.77126e+07
7  14  4.01014e+07
7  15  2.85099e+07
7  16  4.09462e+07
7  17  4.44955e+07
7  18  2.15536e+07
7  19  2.92917e+06
7  20  8.59999e+06
7  21  1.93766e+07
7  22  1.39019e+06
7  23  7.52373e+06
7  24  4.12382e+07
7  25  4.58873e+07
7  26  3.00092e+07
7  27  2.55498e+07
7  28  2.49722e+07
7  29  1.98956e+07
7  30  1.62844e+07
7  31  2.24317e+07
7  32  3.32627e+07
7  33  4.95918e+07
7  34  4.84284e+07
7  35  3.13323e+07
7  36  5.52182e+07
7  37  7.18737e+07
7  38  5.28685e+07
7  39  5.65422e+07
7  40  4.53851e+07
7  41  3.93007e+07
7  42  4.74586e+07
7  43  4.3875e+07
7  44  4.6353e+07
7  45  8.74792e+07
7  46  5.81785e+07
7  47  6.41389e+07
7  48  5.38263e+07
7  49  3.56071e+07
7  50  4.43667e+07
8  0  4.50926e+07
8  1  7.18461e+07
8  2  6.26129e+07
8  3  4.25821e+07
8  4  5.15237e+07
8  5  7.01663e+07
8  6  5.58953e+07
8  7  4.12748e+07
8  8  4.96736e+07
8  9  5.26664e+07
8  10  4.39219e+07
8  11  4.90948e+07
8  12  3.81384e+07
8  13  5.02352e+07
8  14  3.52626e+07
8  15  4.09349e+07
8  16  4.93796e+07
8  17  3.56643e+07
8  18  2.04369e+07
8  19  6.54e+06
8  20  2.06778e+07
8  21  8.92882e+06
8  22  8.60359e+06
8  23  1.4484e+07
8  24  1.65701e+07
8  25  3.93432e+07
8  26  5.14326e+07
8  27  1.88626e+07
8  28  2.18452e+07
8  29  2.24787e+07
8  30  8.76494e+06
8  31  1.89727e+07
8  32  2.15741e+07
8  33  4.00056e+07
8  34  3.47021e+07
8  35  5.00499e+07
8  36  4.92839e+07
8  37  6.84069e+07
8  38  3.81216e+07
8  39  4.94375e+07
8  40  4.08877e+07
8  41  4.3968e+07
8  42  5.43821e+07
8  43  3.49254e+07
8  44  3.57641e+07
8  45  8.10863e+07
8  46  7.8734e+07
8  47  6.91778e+07
8  48  4.14898e+07
8  49  4.79738e+07
8  50  5.91128e+07
9  0  4.45654e+07
9  1  6.35152e+07
9  2  4.85255e+07
9  3  3.21345e+07
9  4  4.09074e+07
9  5  6.0626e+07
9  6  5.43433e+07
9  7  3.77107e+07
9  8  4.47036e+07
9  9  4.82946e+07
9  10  5.72941e+07
9  11  5.89985e+07
9  12  5.14434e+07
9  13  4.17306e+07
9  14  4.71847e+07
9  15  4.48521e+07
9  16  4.89159e+07
9  17  6.03647e+07
9  18  2.0961e+07
9  19  4.72475e+06
9  20  1.67197e+07
9  21  2.39034e+07
9  22  1.53788e+07
9  23  1.04527e+07
9  24  4.14439e+07
9  25  6.31989e+07
9  26  2.73755e+07
9  27  1.17372e+07
9  28  3.49875e+07
9  29  2.41998e+07
9  30  1.72461e+07
9  31  2.86306e+07
9  32  2.13516e+07
9  33  5.56679e+07
9  34  5.11757e+07
9  35  4.62645e+07
9  36  5.56684e+07
9  37  5.72958e+07
9  38  2.20834e+07
9  39  3.7576e+07
9  40  3.73931e+07
9  41  3.89702e+07
9  42  3.68108e+07
9  43  3.0297e+07
9  44  5.44853e+07
9  45  7.059e+07
9  46  1.01248e+08
9  47  5.14818e+07
9  48  4.26491e+07
9  49  6.20579e+07
9  50  5.05942e+07
10  0  4.92964e+07
10  1  4.83145e+07
10  2  5.34488e+07
10  3  5.203e+07
10  4  4.35558e+07
10  5  4.55651e+07
10  6  4.2738e+07
10  7  3.44862e+07
10  8  2.92186e+07
10  9  3.69007e+07
10  10  4.65604e+07
10  11  4.56694e+07
10  12  5.37205e+07
10  13  4.59061e+07
10  14  4.22354e+07
10  15  1.9861e+07
10  16  3.01585e+07
10  17  4.63618e+07
10  18  3.25525e+07
10  19  1.89513e+07
10  20  1.42145e+07
10  21  1.895e+07
10  22  2.93393e+07
10  23  3.10752e+07
10  24  3.98032e+07
10  25  4.06913e+07
10  26  2.77398e+07
10  27  1.1126e+07
10  28  3.20993e+07
10  29  2.20944e+07
10  30  2.9551e+07
10  31  2.75244e+07
10  32  1.83313e+07
10  33  3.23247e+07
10  34  4.38499e+07
10  35  3.29113e+07
10  36  4.28068e+07
10  37  4.93454e+07
10  38  3.76404e+07
10  39  3.03669e+07
10  40  4.18274e+07
10  41  2.12485e+07
10  42  3.91482e+07
10  43  4.38022e+07
10  44  3.99354e+07
10  45  6.98898e+07
10  46  5.49748e+07
10  47  5.82844e+07
10  48  6.74439e+07
10  49  3.3214e+07
10  50  5.26822e+07
11  0  4.05989e+07
11  1  4.93371e+07
11  2  5.66524e+07
11  3  4.37169e+07
11  4  3.21279e+07
11  5  3.86626e+07
11  6  3.81005e+07
11  7  5.41252e+07
11  8  2.87504e+07
11  9  3.40049e+07
11  10  4.16581e+07
11  11  3.32567e+07
11  12  3.66415e+07
11  13  3.92105e+07
11  14  4.54077e+07
11  15  3.32943e+07
11  16  4.1446e+07
11  17  4.31077e+07
11  18  3.76062e+07
11  19  1.73171e+07
11  20  3.08714e+07
11  21  4.12551e+07
11  22  3.02477e+07
11  23  1.42794e+07
11  24  4.03517e+07
11  25  5.37692e+07
11  26  2.17161e+07
11  27  1.23114e+07
11  28  2.7672e+07
11  29  4.48388e+07
11  30  3.01022e+07
11  31  2.6538e+07
11  32  1.97891e+07
11  33  2.51201e+07
11  34  3.56664e+07
11  35  3.60243e+07
11  36  5.35525e+07
11  37  2.45796e+07
11  38  2.41311e+07
11  39  2.17526e+07
11  40  4.59901e+07
11  41  2.3613e+07
11  42  2.23421e+07
11  43  3.45024e+07
11  44  3.43004e+07
11  45  4.44046e+07
11  46  6.09559e+07
11  47  5.0082e+07
11  48  4.84775e+07
11  49  3.43744e+07
11  50  4.53173e+07
12  0  4.34511e+07
12  1  4.44461e+07
12  2  5.37482e+07
12  3  4.88037e+07
12  4  5.58652e+07
12  5  5.76606e+07
12  6  4.96717e+07
12  7  5.09171e+07
12  8  3.17764e+07
12  9  2.672e+07
12  10  4.10399e+07
12  11  4.76972e+07
12  12  4.56244e+07
12  13  4.12554e+07
12  14  3.50637e+07
12  15  3.15255e+07
12  16  3.48944e+07
12  17  5.96756e+07
12  18  2.84714e+07
12  19  1.88029e+07
12  20  3.34844e+07
12  21  4.77848e+07
12  22  3.88936e+07
12  23  4.2315e+07
12  24  2.4409e+07
12  25  3.07345e+07
12  26  2.75704e+07
12  27  2.21824e+07
12  28  3.56374e+07
12  29  1.86116e+07
12  30  3.69836e+07
12  31  4.64615e+07
12  32  2.13887e+07
12  33  3.39969e+07
12  34  3.78348e+07
12  35  5.60126e+07
12  36  3.54984e+07
12  37  2.61709e+07
12  38  3.19631e+07
12  39  2.58064e+07
12  40  2.97007e+07
12  41  1.89125e+07
12  42  1.86834e+07
12  43  2.21837e+07
12  44  4.60571e+07
12  45  4.18439e+07
12  46  5.35918e+07
12  47  3.646e+07
12  48  5.14316e+07
12  49  4.55903e+07
12  50  5.61349e+07
13  0  2.80626e+07
13  1  5.71672e+07
13  2  4.37741e+07
13  3  4.37736e+07
13  4  5.22304e+07
13  5  5.17863e+07
13  6  3.99101e+07
13  7  3.41396e+07
13  8  2.1618e+07
13  9  3.33273e+07
13  10  4.52813e+07
13  11  4.74564e+07
13  12  4.6622e+07
13  13  4.33668e+07
13  14  6.62072e+07
13  15  5.33864e+07
13  16  4.40687e+07
13  17  3.28826e+07
13  18  2.73582e+07
13  19  2.73768e+07
13  20  4.97157e+07
13  21  4.01965e+07
13  22  2.37945e+07
13  23  4.22442e+07
13  24  4.74534e+07
13  25  4.65357e+07
13  26  3.23815e+07
13  27  2.79032e+07
13  28  3.70229e+07
13  29  3.97774e+07
13  30  2.88099e+07
13  31  3.66204e+07
13  32  3.56019e+07
13  33  1.9967e+07
13  34  3.53125e+07
13  35  3.47561e+07
13  36  2.70641e+07
13  37  2.52369e+07
13  38  3.3084e+07
13  39  2.65839e+07
13  40  2.98945e+07
13  41  1.20536e+07
13  42  1.34318e+07
13  43  2.21397e+07
13  44  2.74935e+07
13  45  4.12478e+07
13  46  4.47107e+07
13  47  4.72223e+07
13  48  5.27617e+07
13  49  4.35459e+07
13  50  3.02045e+07
14  0  5.32001e+07
14  1  4.56604e+07
14  2  4.82064e+07
14  3  4.09589e+07
14  4  3.12303e+07
14  5  3.51423e+07
14  6  3.56025e+07
14  7  3.50132e+07
14  8  2.28401e+07
14  9  2.28494e+07
14  10  2.38161e+07
14  11  3.28783e+07
14  12  5.48619e+07
14  13  5.28936e+07
14  14  3.56918e+07
14  15  4.24066e+07
14  16  4.84743e+07
14  17  4.46048e+07
14  18  2.62825e+07
14  19  3.15253e+07
14  20  3.04077e+07
14  21  4.80314e+07
14  22  4.99088e+07
14  23  4.88463e+07
14  24  2.54329e+07
14  25  5.49788e+07
14  26  5.60229e+07
14  27  2.10357e+07
14  28  4.35077e+07
14  29  4.62522e+07
14  30  3.96575e+07
14  31  2.6495e+07
14  32  2.87835e+07
14  33  3.21326e+07
14  34  3.21093e+07
14  35  2.38335e+07
14  36  4.04637e+07
14  37  2.75384e+07
14  38  3.06313e+07
14  39  3.40041e+07
14  40  2.11494e+07
14  41  1.70302e+07
14  42  8.64261e+06
14  43  2.03127e+07
14  44  1.46205e+07
14  45  2.30815e+07
14  46  3.21296e+07
14  47  4.28367e+07
14  48  4.74507e+07
14  49  4.59493e+07
14  50  3.80148e+07
15  0  5.21375e+07
15  1  5.78568e+07
15  2  5.60585e+07
15  3  3.78283e+07
15  4  2.51006e+07
15  5  3.00586e+07
15  6  3.56962e+07
15  7  2.81058e+07
15  8  1.8699e+07
15  9  2.03639e+07
15  10  4.44885e+07
15  11  5.11276e+07
15  12  4.3845e+07
15  13  5.30008e+07
15  14  3.13855e+07
15  15  6.32229e+07
15  16  5.03735e+07
15  17  4.54469e+07
15  18  4.64981e+07
15  19  4.2088e+07
15  20  4.19852e+07
15  21  5.67719e+07
15  22  3.46272e+07
15  23  3.68345e+07
15  24  3.2552e+07
15  25  5.00325e+07
15  26  4.30915e+07
15  27  4.23255e+07
15  28  4.2502e+07
15  29  5.1978e+07
15  30  3.60944e+07
15  31  4.06958e+07
15  32  4.17241e+07
15  33  2.76435e+07
15  34  3.83093e+07
15  35  2.66469e+07
15  36  2.75516e+07
15  37  2.90178e+07
15  38  3.28523e+07
15  39  4.02565e+07
15  40  2.56257e+07
15  41  5.08925e+06
15  42  1.10338e+07
15  43  1.36148e+07
15  44  2.82533e+07
15  45  7.19947e+06
15  46  1.79649e+07
15  47  3.28096e+07
15  48  4.73699e+07
15  49  4.37709e+07
15  50  4.80763e+07
16  0  7.36251e+07
16  1  5.66228e+07
16  2  4.26965e+07
16  3  4.01651e+07
16  4  4.73151e+07
16  5  3.24772e+07
16  6  4.72351e+07
16  7  2.44992e+07
16  8  2.73142e+06
16  9  1.27879e+07
16  10  3.7042e+07
16  11  4.23973e+07
16  12  5.19586e+07
16  13  4.80116e+07
16  14  4.82887e+07
16  15  6.0528e+07
16  16  5.29628e+07
16  17  5.79479e+07
16  18  3.93824e+07
16  19  3.34751e+07
16  20  5.4685e+07
16  21  5.20154e+07
16  22  4.5186e+07
16  23  3.89863e+07
16  24  3.6577e+07
16  25  5.74273e+07
16  26  4.72525e+07
16  27  4.323e+07
16  28  5.07474e+07
16  29  4.9917e+07
16  30  4.74116e+07
16  31  5.24036e+07
16  32  3.77106e+07
16  33  1.82842e+07
16  34  3.70966e+07
16  35  3.13897e+07
16  36  2.53481e+07
16  37  2.85533e+07
16  38  4.15536e+07
16  39  3.24747e+07
16  40  8.72943e+06
16  41  3.60218e+06
16  42  7.92404e+06
16  43  1.06904e+07
16  44  2.74008e+07
16  45  2.67574e+07
16  46  2.07454e+07
16  47  3.49582e+07
16  48  6.18397e+07
16  49  4.34264e+07
16  50  3.57262e+07
17  0  4.42809e+07
17  1  6.18127e+07
17  2  6.29003e+07
17  3  3.46644e+07
17  4  4.58671e+07
17  5  4.81047e+07
17  6  3.72106e+07
17  7  2.58759e+07
17  8  2.31267e+07
17  9  2.39576e+07
17  10  6.23801e+07
17  11  5.0377e+07
17  12  5.0046e+07
17  13  4.11193e+07
17  14  4.97298e+07
17  15  5.38373e+07
17  16  6.4853e+07
17  17  5.61685e+07
17  18  5.59971e+07
17  19  4.23697e+07
17  20  5.55147e+07
17  21  5.19359e+07
17  22  5.14253e+07
17  23  5.00861e+07
17  24  4.05609e+07
17  25  5.23464e+07
17  26  2.63285e+07
17  27  6.059e+07
17  28  5.17349e+07
17  29  6.91067e+07
17  30  3.32114e+07
17  31  4.23156e+07
17  32  3.50903e+07
17  33  4.28766e+07
17  34  4.29169e+07
17  35  3.93378e+07
17  36  5.0996e+07
17  37  5.30405e+07
17  38  3.30588e+07
17  39  4.56054e+07
17  40  1.60255e+07
17  41  1.37543e+07
17  42  9.00131e+06
17  43  3.31731e+06
17  44  1.77242e+07
17  45  3.2066e+07
17  46  6.85237e+06
17  47  3.32376e+07
17  48  2.37326e+07
17  49  4.06606e+07
17  50  3.88195e+07
18  0  6.65841e+07
18  1  3.56358e+07
18  2  5.56673e+07
18  3  4.13097e+07
18  4  5.4354e+07
18  5  3.07911e+07
18  6  5.12401e+07
18  7  1.29529e+07
18  8  1.84516e+07
18  9  1.6489e+07
18  10  3.65183e+07
18  11  5.94766e+07
18  12  5.14838e+07
18  13  5.97579e+07
18  14  4.82395e+07
18  15  5.97272e+07
18  16  5.24047e+07
18  17  3.92172e+07
18  18  5.2307e+07
18  19  5.39579e+07
18  20  3.71993e+07
18  21  3.67304e+07
18  22  3.57213e+07
18  23  3.80004e+07
18  24  4.05616e+07
18  25  6.18082e+07
18  26  3.92759e+07
18  27  4.89377e+07
18  28  5.16188e+07
18  29  6.50329e+07
18  30  5.65125e+07
18  31  6.14884e+07
18  32  4.9222e+07
18  33  1.70623e+07
18  34  3.7495e+07
18  35  4.5027e+07
18  36  3.84168e+07
18  37  4.53465e+07
18  38  3.4254e+07
18  39  6.79858e+07
18  40  1.15624e+07
18  41  0
18  42  6.85209e+06
18  43  6.64984e+06
18  44  2.1951e+07
18  45  2.31491e+07
18  46  1.69604e+07
18  47  3.56191e+07
18  48  3.28357e+07
18  49  1.78769e+07
18  50  4.32051e+07
19  0  5.12772e+07
19  1  5.47826e+07
19  2  6.78345e+07
19  3  4.21469e+07
19  4  4.43398e+07
19  5  3.26183e+07
19  6  3.85195e+07
19  7  2.39738e+07
19  8  3.30006e+07
19  9  2.7125e+07
19  10  4.17855e+07
19  11  4.60611e+07
19  12  3.77551e+07
19  13  6.16607e+07
19  14  9.61719e+07
19  15  7.41171e+07
19  16  6.06135e+07
19  17  3.90299e+07
19  18  5.19204e+07
19  19  4.98606e+07
19  20  3.66553e+07
19  21  6.04365e+07
19  22  4.23377e+07
19  23  5.13575e+07
19  24  4.31903e+07
19  25  3.97577e+07
19  26  4.76705e+07
19  27  5.22515e+07
19  28  4.36929e+07
19  29  5.64902e+07
19  30  3.16205e+07
19  31  4.86496e+07
19  32  5.45449e+07
19  33  3.46662e+07
19  34  4.09519e+07
19  35  4.14094e+07
19  36  4.55308e+07
19  37  4.85607e+07
19  38  4.50805e+07
19  39  4.61972e+07
19  40  1.24439e+07
19  41  1.28694e+07
19  42  517646
19  43  1.00746e+07
19  44  2.64955e+07
19  45  3.73814e+07
19  46  1.59402e+07
19  47  2.80646e+07
19  48  3.55799e+07
19  49  4.1964e+07
19  50  3.23546e+07
20  0  5.22651e+07
20  1  5.361e+07
20  2  6.16198e+07
20  3  6.41265e+07
20  4  5.27449e+07
20  5  3.85629e+07
20  6  3.51506e+07
20  7  3.86995e+07
20  8  1.74337e+07
20  9  4.45405e+07
20  10  4.42593e+07
20  11  5.02698e+07
20  12  4.5619e+07
20  13  5.89079e+07
20  14  9.67079e+07
20  15  8.4562e+07
20  16  5.03763e+07
20  17  3.78345e+07
20  18  6.03354e+07
20  19  4.49899e+07
20  20  4.88844e+07
20  21  4.35967e+07
20  22  4.58896e+07
20  23  3.7701e+07
20  24  4.06653e+07
20  25  4.95443e+07
20  26  4.77476e+07
20  27  4.78131e+07
20  28  4.8001e+07
20  29  5.03485e+07
20  30  4.5928e+07
20  31  4.90591e+07
20  32  5.5824e+07
20  33  2.95153e+07
20  34  5.89e+07
20  35  4.48582e+07
20  36  3.84426e+07
20  37  5.74417e+07
20  38  3.77822e+07
20  39  4.75635e+07
20  40  3.13969e+07
20  41  2.30418e+07
20  42  1.95084e+07
20  43  1.37232e+07
20  44  4.47598e+07
20  45  2.90793e+07
20  46  3.14724e+07
20  47  2.25555e+07
20  48  2.17425e+07
20  49  3.33053e+07
20  50  4.28636e+07
21  0  8.26002e+07
21  1  4.35559e+07
21  2  7.13595e+07
21  3  5.84046e+07
21  4  5.99285e+07
21  5  3.83485e+07
21  6  2.66845e+07
21  7  2.73216e+07
21  8  3.62827e+07
21  9  6.85097e+07
21  10  5.85635e+07
21  11  5.08024e+07
21  12  4.70248e+07
21  13  5.39482e+07
21  14  1.27855e+08
21  15  1.05426e+08
21  16  6.57712e+07
21  17  5.3075e+07
21  18  5.09244e+07
21  19  5.93445e+07
21  20  4.22938e+07
21  21  4.91724e+07
21  22  6.66092e+07
21  23  3.23316e+07
21  24  3.87957e+07
21  25  3.10355e+07
21  26  5.57695e+07
21  27  4.00352e+07
21  28  5.76319e+07
21  29  4.52895e+07
21  30  6.68648e+07
21  31  3.8739e+07
21  32  5.07343e+07
21  33  4.33817e+07
21  34  4.05556e+07
21  35  4.81918e+07
21  36  4.55198e+07
21  37  5.33665e+07
21  38  4.31226e+07
21  39  5.60101e+07
21  40  2.94041e+07
21  41  1.7136e+07
21  42  2.4021e+07
21  43  2.41909e+07
21  44  2.89259e+07
21  45  4.22661e+07
21  46  3.03941e+07
21  47  3.83233e+07
21  48  5.5106e+07
21  49  3.57153e+07
21  50  2.61868e+07
22  0  9.51664e+07
22  1  6.27605e+07
22  2  5.32787e+07
22  3  6.18268e+07
22  4  4.58838e+07
22  5  3.71895e+07
22  6  3.26812e+07
22  7  5.41819e+06
22  8  2.72575e+07
22  9  6.89348e+07
22  10  5.18058e+07
22  11  4.63442e+07
22  12  5.6047e+07
22  13  4.96222e+07
22  14  1.37738e+08
22  15  1.31973e+08
22  16  8.69455e+07
22  17  5.53558e+07
22  18  5.70797e+07
22  19  4.8843e+07
22  20  3.91508e+07
22  21  4.45173e+07
22  22  4.61282e+07
22  23  5.57587e+07
22  24  3.85847e+07
22  25  4.90874e+07
22  26  4.86926e+07
22  27  4.56558e+07
22  28  6.12914e+07
22  29  4.81245e+07
22  30  3.93687e+07
22  31  4.50786e+07
22  32  6.2624e+07
22  33  4.69868e+07
22  34  5.6913e+07
22  35  5.37966e+07
22  36  5.38996e+07
22  37  4.90282e+07
22  38  4.17404e+07
22  39  6.18008e+07
22  40  6.01062e+07
22  41  3.49187e+07
22  42  1.27312e+07
22  43  3.55736e+07
22  44  2.85141e+07
22  45  3.25978e+07
22  46  3.27434e+07
22  47  3.8919e+07
22  48  5.95751e+07
22  49  3.5726e+07
22  50  4.45085e+07
23  0  1.19847e+08
23  1  8.81449e+07
23  2  7.03366e+07
23  3  6.5138e+07
23  4  4.8623e+07
23  5  3.84215e+07
23  6  1.32464e+07
23  7  2.49814e+07
23  8  2.17964e+07
23  9  3.74279e+07
23  10  5.25759e+07
23  11  5.32675e+07
23  12  5.54114e+07
23  13  5.70056e+07
23  14  1.50745e+08
23  15  1.56402e+08
23  16  8.9778e+07
23  17  5.79998e+07
23  18  4.83165e+07
23  19  5.48303e+07
23  20  4.14852e+07
23  21  3.61464e+07
23  22  4.14328e+07
23  23  4.22491e+07
23  24  3.29321e+07
23  25  5.40887e+07
23  26  4.16612e+07
23  27  3.56129e+07
23  28  4.15504e+07
23  29  4.77403e+07
23  30  5.82302e+07
23  31  5.38451e+07
23  32  5.26722e+07
23  33  5.73266e+07
23  34  5.68383e+07
23  35  4.67988e+07
23  36  5.49572e+07
23  37  5.5561e+07
23  38  4.10253e+07
23  39  7.2229e+07
23  40  5.20452e+07
23  41  4.78856e+07
23  42  2.63041e+07
23  43  2.87337e+07
23  44  2.85263e+07
23  45  2.43659e+07
23  46  2.76476e+07
23  47  4.09048e+07
23  48  4.266e+07
23  49  3.98643e+07
23  50  4.40881e+07
24  0  1.85669e+08
24  1  7.96161e+07
24  2  7.86657e+07
24  3  6.5232e+07
24  4  4.12253e+07
24  5  5.1243e+07
24  6  2.00479e+07
24  7  1.34447e+07
24  8  5.53127e+07
24  9  3.91175e+07
24  10  5.76693e+07
24  11  7.69179e+07
24  12  5.70219e+07
24  13  4.13247e+07
24  14  9.60135e+07
24  15  9.66233e+07
24  16  8.73534e+07
24  17  5.68583e+07
24  18  6.64852e+07
24  19  5.03673e+07
24  20  4.83625e+07
24  21  4.9625e+07
24  22  4.15292e+07
24  23  4.24224e+07
24  24  4.50843e+07
24  25  4.19579e+07
24  26  5.12229e+07
24  27  4.35258e+07
24  28  5.86848e+07
24  29  5.55469e+07
24  30  4.18683e+07
24  31  4.51613e+07
24  32  5.44147e+07
24  33  4.77061e+07
24  34  6.39316e+07
24  35  3.80887e+07
24  36  4.10532e+07
24  37  5.92332e+07
24  38  7.02656e+07
24  39  5.69735e+07
24  40  5.7507e+07
24  41  4.61514e+07
24  42  3.97674e+07
24  43  3.55633e+07
24  44  3.76946e+07
24  45  3.15862e+07
24  46  2.91149e+07
24  47  4.22486e+07
24  48  3.17391e+07
24  49  3.0536e+07
24  50  3.56209e+07
25  0  2.08499e+08
25  1  1.23245e+08
25  2  8.9293e+07
25  3  7.53642e+07
25  4  4.45112e+07
25  5  4.75285e+07
25  6  3.44242e+07
25  7  3.07008e+07
25  8  1.8844e+07
25  9  4.2473e+07
25  10  4.66262e+07
25  11  6.17809e+07
25  12  6.78946e+07
25  13  5.20015e+07
25  14  1.03623e+08
25  15  8.64775e+07
25  16  6.03095e+07
25  17  6.01029e+07
25  18  4.99781e+07
25  19  3.07455e+07
25  20  4.47314e+07
25  21  4.02283e+07
25  22  4.91632e+07
25  23  4.47742e+07
25  24  4.66642e+07
25  25  5.2005e+07
25  26  4.0901e+07
25  27  6.377e+07
25  28  4.30788e+07
25  29  2.58175e+07
25  30  5.82999e+07
25  31  5.328e+07
25  32  6.19183e+07
25  33  6.97147e+07
25  34  5.44132e+07
25  35  5.8202e+07
25  36  5.34091e+07
25  37  3.98889e+07
25  38  5.6401e+07
25  39  8.33393e+07
25  40  5.6779e+07
25  41  5.84878e+07
25  42  4.12081e+07
25  43  4.73949e+07
25  44  4.72005e+07
25  45  4.86763e+07
25  46  4.4595e+07
25  47  3.25322e+07
25  48  3.16514e+07
25  49  3.22562e+07
25  50  4.09176e+07
26  0  3.03028e+08
26  1  1.31333e+08
26  2  1.05784e+08
26  3  6.57932e+07
26  4  7.58789e+07
26  5  7.3493e+07
26  6  4.40277e+07
26  7  3.20054e+07
26  8  2.49113e+07
26  9  3.28754e+07
26  10  4.74066e+07
26  11  4.42059e+07
26  12  5.48724e+07
26  13  5.82605e+07
26  14  1.0631e+08
26  15  6.41281e+07
26  16  7.32985e+07
26  17  7.75588e+07
26  18  3.81421e+07
26  19  4.11842e+07
26  20  4.01369e+07
26  21  3.1606e+07
26  22  3.24153e+07
26  23  3.2071e+07
26  24  4.28968e+07
26  25  3.174e+07
26  26  4.73038e+07
26  27  4.3318e+07
26  28  3.69325e+07
26  29  4.08376e+07
26  30  5.93934e+07
26  31  5.20588e+07
26  32  4.78877e+07
26  33  6.364e+07
26  34  5.76917e+07
26  35  5.62628e+07
26  36  6.51866e+07
26  37  6.70894e+07
26  38  6.1666e+07
26  39  6.31636e+07
26  40  5.60535e+07
26  41  4.79658e+07
26  42  5.42957e+07
26  43  3.85576e+07
26  44  4.71133e+07
26  45  5.68151e+07
26  46  3.42089e+07
26  47  5.29642e+07
26  48  4.26511e+07
26  49  1.949e+07
26  50  4.90854e+07
27  0  3.45985e+08
27  1  1.67569e+08
27  2  1.28751e+08
27  3  8.30994e+07
27  4  8.54047e+07
27  5  8.29479e+07
27  6  4.14465e+07
27  7  3.55563e+07
27  8  4.64835e+07
27  9  3.24952e+07
27  10  5.08517e+07
27  11  4.93009e+07
27  12  5.48536e+07
27  13  3.94211e+07
27  14  5.42922e+07
27  15  7.11328e+07
27  16  7.80271e+07
27  17  9.39412e+07
27  18  7.49651e+07
27  19  5.4886e+07
27  20  4.03008e+07
27  21  5.35895e+07
27  22  2.70987e+07
27  23  4.14091e+07
27  24  4.09544e+07
27  25  3.97488e+07
27  26  3.25248e+07
27  27  2.50499e+07
27  28  4.36508e+07
27  29  3.35222e+07
27  30  6.36214e+07
27  31  4.31413e+07
27  32  4.61303e+07
27  33  6.22563e+07
27  34  6.51415e+07
27  35  6.12115e+07
27  36  5.53439e+07
27  37  4.17878e+07
27  38  6.65494e+07
27  39  8.16368e+07
27  40  7.48255e+07
27  41  6.85711e+07
27  42  5.08649e+07
27  43  4.4817e+07
27  44  5.55578e+07
27  45  4.20212e+07
27  46  3.88225e+07
27  47  4.67699e+07
27  48  5.24841e+07
27  49  3.37705e+07
27  50  2.91041e+07
28  0  1.98104e+08
28  1  1.67757e+08
28  2  1.39208e+08
28  3  1.11198e+08
28  4  7.86574e+07
28  5  7.42953e+07
28  6  4.68843e+07
28  7  3.44416e+07
28  8  4.38338e+07
28  9  3.76544e+07
28  10  3.66041e+07
28  11  5.4226e+07
28  12  6.21508e+07
28  13  6.17037e+07
28  14  7.09194e+07
28  15  7.57748e+07
28  16  6.92129e+07
28  17  7.05421e+07
28  18  7.60239e+07
28  19  5.77996e+07
28  20  4.64932e+07
28  21  4.0271e+07
28  22  5.35859e+07
28  23  4.00594e+07
28  24  4.36351e+07
28  25  2.50195e+07
28  26  3.71363e+07
28  27  4.53713e+07
28  28  3.02856e+07
28  29  2.99017e+07
28  30  5.46486e+07
28  31  5.56039e+07
28  32  5.28423e+07
28  33  5.99535e+07
28  34  8.03828e+07
28  35  8.33097e+07
28  36  5.02538e+07
28  37  5.4821e+07
28  38  5.18719e+07
28  39  5.03408e+07
28  40  6.53069e+07
28  41  5.71123e+07
28  42  6.64376e+07
28  43  5.41709e+07
28  44  5.46832e+07
28  45  5.05989e+07
28  46  5.14748e+07
28  47  4.47993e+07
28  48  4.37828e+07
28  49  4.09296e+07
28  50  3.47832e+07
29  0  1.65731e+08
29  1  1.50805e+08
29  2  1.45259e+08
29  3  9.48891e+07
29  4  8.92774e+07
29  5  7.73334e+07
29  6  5.33825e+07
29  7  5.03442e+07
29  8  3.70538e+07
29  9  5.15609e+07
29  10  6.00192e+07
29  11  6.31142e+07
29  12  6.0969e+07
29  13  8.23651e+07
29  14  7.18514e+07
29  15  6.3421e+07
29  16  8.43556e+07
29  17  5.54171e+07
29  18  7.13695e+07
29  19  6.62781e+07
29  20  5.69917e+07
29  21  3.67974e+07
29  22  4.12722e+07
29  23  3.12423e+07
29  24  2.79388e+07
29  25  3.93369e+07
29  26  2.85509e+07
29  27  4.47336e+07
29  28  4.82102e+07
29  29  6.24314e+07
29  30  5.238e+07
29  31  5.27441e+07
29  32  3.55582e+07
29  33  7.89434e+07
29  34  7.21263e+07
29  35  5.62062e+07
29  36  6.3435e+07
29  37  4.82551e+07
29  38  6.3168e+07
29  39  7.84637e+07
29  40  5.66719e+07
29  41  6.15598e+07
29  42  3.88531e+07
29  43  4.36184e+07
29  44  3.56133e+07
29  45  5.04323e+07
29  46  6.62658e+07
29  47  6.93134e+07
29  48  4.3204e+07
29  49  6.51587e+07
29  50  4.4064e+07
30  0  1.06382e+08
30  1  1.4045e+08
30  2  1.59912e+08
30  3  1.04109e+08
30  4  9.67565e+07
30  5  8.7091e+07
30  6  5.37284e+07
30  7  4.60558e+07
30  8  3.90452e+07
30  9  3.63402e+07
30  10  5.98089e+07
30  11  5.87275e+07
30  12  6.16171e+07
30  13  6.13724e+07
30  14  6.65219e+07
30  15  7.4661e+07
30  16  6.78945e+07
30  17  6.46408e+07
30  18  5.71223e+07
30  19  5.52751e+07
30  20  4.23587e+07
30  21  4.38463e+07
30  22  3.50118e+07
30  23  4.6452e+07
30  24  2.93534e+07
30  25  4.62027e+07
30  26  4.63154e+07
30  27  3.93947e+07
30  28  4.19769e+07
30  29  4.02971e+07
30  30  4.14978e+07
30  31  4.35695e+07
30  32  6.59721e+07
30  33  6.14557e+07
30  34  7.7995e+07
30  35  9.34022e+07
30  36  4.36403e+07
30  37  5.35215e+07
30  38  4.5345e+07
30  39  6.98885e+07
30  40  4.07044e+07
30  41  4.70838e+07
30  42  4.08244e+07
30  43  5.54338e+07
30  44  4.14435e+07
30  45  4.1979e+07
30  46  5.03662e+07
30  47  6.07145e+07
30  48  4.07695e+07
30  49  4.53229e+07
30  50  4.17958e+07
31  0  7.96031e+07
31  1  1.13946e+08
31  2  2.17594e+08
31  3  1.32432e+08
31  4  1.00822e+08
31  5  9.32764e+07
31  6  6.26146e+07
31  7  4.23463e+07
31  8  5.1157e+07
31  9  5.29808e+07
31  10  6.35135e+07
31  11  6.8021e+07
31  12  6.96236e+07
31  13  6.79662e+07
31  14  6.93331e+07
31  15  6.66967e+07
31  16  8.87938e+07
31  17  7.45938e+07
31  18  6.32803e+07
31  19  6.63554e+07
31  20  6.99759e+07
31  21  5.64803e+07
31  22  4.40195e+07
31  23  4.64801e+07
31  24  2.91891e+07
31  25  4.50026e+07
31  26  5.29309e+07
31  27  5.44561e+07
31  28  5.2257e+07
31  29  6.37389e+07
31  30  4.04141e+07
31  31  5.10667e+07
31  32  4.40305e+07
31  33  5.04651e+07
31  34  7.17708e+07
31  35  6.58284e+07
31  36  5.36373e+07
31  37  4.86917e+07
31  38  5.73315e+07
31  39  6.61554e+07
31  40  4.64624e+07
31  41  4.04696e+07
31  42  6.74729e+07
31  43  6.04714e+07
31  44  4.7066e+07
31  45  5.8937e+07
31  46  7.25876e+07
31  47  5.62572e+07
31  48  5.04949e+07
31  49  5.32354e+07
31  50  6.55702e+07
32  0  4.50091e+07
32  1  1.12079e+08
32  2  2.37754e+08
32  3  1.43966e+08
32  4  1.19341e+08
32  5  8.09554e+07
32  6  5.06745e+07
32  7  4.6284e+07
32  8  5.78381e+07
32  9  5.63847e+07
32  10  7.38757e+07
32  11  5.53095e+07
32  12  8.68409e+07
32  13  7.94028e+07
32  14  6.60554e+07
32  15  8.35839e+07
32  16  7.99347e+07
32  17  7.96872e+07
32  18  5.29702e+07
32  19  6.84075e+07
32  20  7.61349e+07
32  21  6.53687e+07
32  22  5.28332e+07
32  23  3.64708e+07
32  24  2.24848e+07
32  25  5.41871e+07
32  26  4.13669e+07
32  27  6.03482e+07
32  28  3.32119e+07
32  29  5.05826e+07
32  30  4.55425e+07
32  31  6.76451e+07
32  32  4.95228e+07
32  33  5.71225e+07
32  34  6.53662e+07
32  35  7.21572e+07
32  36  5.97032e+07
32  37  5.87459e+07
32  38  5.57643e+07
32  39  5.5063e+07
32  40  4.84345e+07
32  41  3.96201e+07
32  42  7.00252e+07
32  43  4.2433e+07
32  44  3.36994e+07
32  45  4.61644e+07
32  46  4.67965e+07
32  47  4.97211e+07
32  48  4.13524e+07
32  49  4.48071e+07
32  50  6.43695e+07
33  0  6.69924e+07
33  1  1.12042e+08
33  2  1.54668e+08
33  3  1.2752e+08
33  4  1.61402e+08
33  5  1.04875e+08
33  6  5.9254e+07
33  7  3.62994e+07
33  8  4.02478e+07
33  9  3.91242e+07
33  10  5.15042e+07
33  11  6.99801e+07
33  12  7.28097e+07
33  13  6.42305e+07
33  14  7.2976e+07
33  15  8.42997e+07
33  16  8.95837e+07
33  17  7.17933e+07
33  18  7.62111e+07
33  19  6.80436e+07
33  20  7.15574e+07
33  21  5.37385e+07
33  22  4.15053e+07
33  23  5.41335e+07
33  24  6.74605e+07
33  25  4.90454e+07
33  26  4.59815e+07
33  27  4.93825e+07
33  28  4.07636e+07
33  29  4.21245e+07
33  30  4.56621e+07
33  31  4.02358e+07
33  32  5.11477e+07
33  33  4.95468e+07
33  34  7.0368e+07
33  35  6.26884e+07
33  36  7.03276e+07
33  37  5.24481e+07
33  38  4.3841e+07
33  39  4.42458e+07
33  40  6.56519e+07
33  41  5.75868e+07
33  42  7.47412e+07
33  43  5.11909e+07
33  44  5.0498e+07
33  45  6.29353e+07
33  46  4.23106e+07
33  47  7.34763e+07
33  48  4.39642e+07
33  49  4.18633e+07
33  50  5.57122e+07
34  0  3.27028e+07
34  1  4.92478e+07
34  2  1.31095e+08
34  3  1.19839e+08
34  4  1.89234e+08
34  5  1.34261e+08
34  6  7.52153e+07
34  7  2.8993e+07
34  8  7.12203e+07
34  9  6.32933e+07
34  10  6.67192e+07
34  11  6.05806e+07
34  12  8.16014e+07
34  13  7.78734e+07
34  14  7.13741e+07
34  15  7.64175e+07
34  16  7.2394e+07
34  17  9.35523e+07
34  18  6.40601e+07
34  19  6.14313e+07
34  20  7.73645e+07
34  21  5.48513e+07
34  22  6.15579e+07
34  23  5.0008e+07
34  24  6.55692e+07
34  25  7.43711e+07
34  26  5.09777e+07
34  27  6.15892e+07
34  28  4.42474e+07
34  29  5.95347e+07
34  30  5.11064e+07
34  31  5.10808e+07
34  32  6.5638e+07
34  33  7.55878e+07
34  34  7.89859e+07
34  35  5.83241e+07
34  36  6.01605e+07
34  37  7.41443e+07
34  38  5.86674e+07
34  39  4.74262e+07
34  40  4.35965e+07
34  41  5.66292e+07
34  42  7.47125e+07
34  43  5.89703e+07
34  44  5.15149e+07
34  45  4.81112e+07
34  46  5.92231e+07
34  47  6.24842e+07
34  48  4.91755e+07
34  49  7.03445e+07
34  50  6.22506e+07
35  0  2.79433e+07
35  1  6.35541e+07
35  2  6.97446e+07
35  3  1.06884e+08
35  4  1.57142e+08
35  5  1.69821e+08
35  6  9.26865e+07
35  7  6.49512e+07
35  8  6.56664e+07
35  9  6.91896e+07
35  10  8.53063e+07
35  11  6.13861e+07
35  12  8.46112e+07
35  13  8.01223e+07
35  14  6.29799e+07
35  15  8.94429e+07
35  16  9.65237e+07
35  17  6.63638e+07
35  18  6.21775e+07
35  19  6.45489e+07
35  20  9.18719e+07
35  21  8.61698e+07
35  22  6.09682e+07
35  23  6.95231e+07
35  24  6.49009e+07
35  25  5.78704e+07
35  26  5.35734e+07
35  27  5.73629e+07
35  28  7.13319e+07
35  29  5.54261e+07
35  30  6.45334e+07
35  31  3.76149e+07
35  32  4.49228e+07
35  33  6.18195e+07
35  34  6.3057e+07
35  35  5.77492e+07
35  36  7.57841e+07
35  37  6.07041e+07
35  38  2.89924e+07
35  39  4.06372e+07
35  40  3.22033e+07
35  41  4.91648e+07
35  42  9.61625e+07
35  43  5.71869e+07
35  44  5.62777e+07
35  45  4.7995e+07
35  46  6.87616e+07
35  47  3.78785e+07
35  48  4.30061e+07
35  49  7.75073e+07
35  50  5.79988e+07
36  0  1.8477e+07
36  1  3.67368e+07
36  2  6.90844e+07
36  3  9.52973e+07
36  4  1.25847e+08
36  5  1.51839e+08
36  6  1.87445e+08
36  7  7.20563e+07
36  8  7.56694e+07
36  9  7.45836e+07
36  10  7.81857e+07
36  11  5.47882e+07
36  12  8.88364e+07
36  13  6.68995e+07
36  14  1.1417e+08
36  15  9.47588e+07
36  16  1.03092e+08
36  17  7.66723e+07
36  18  7.32206e+07
36  19  5.86545e+07
36  20  9.15085e+07
36  21  7.62273e+07
36  22  6.6827e+07
36  23  5.64628e+07
36  24  4.33357e+07
36  25  5.92091e+07
36  26  5.77981e+07
36  27  6.76062e+07
36  28  5.88769e+07
36  29  6.20963e+07
36  30  5.26636e+07
36  31  3.86104e+07
36  32  5.0349e+07
36  33  6.69267e+07
36  34  6.05067e+07
36  35  8.35157e+07
36  36  8.57331e+07
36  37  6.28784e+07
36  38  5.43699e+07
36  39  3.76116e+07
36  40  3.10301e+07
36  41  5.82392e+07
36  42  8.86222e+07
36  43  7.86902e+07
36  44  4.58884e+07
36  45  4.78148e+07
36  46  4.13012e+07
36  47  5.12055e+07
36  48  5.41813e+07
36  49  6.14753e+07
36  50  4.72849e+07
37  0  1.31622e+07
37  1  2.30226e+07
37  2  5.58431e+07
37  3  7.39227e+07
37  4  8.99666e+07
37  5  1.40796e+08
37  6  1.90268e+08
37  7  7.37609e+07
37  8  6.37226e+07
37  9  8.78498e+07
37  10  6.45509e+07
37  11  7.34628e+07
37  12  8.4959e+07
37  13  6.83048e+07
37  14  9.33831e+07
37  15  8.70758e+07
37  16  7.79979e+07
37  17  7.80659e+07
37  18  7.90891e+07
37  19  6.84667e+07
37  20  9.49228e+07
37  21  7.60623e+07
37  22  9.2502e+07
37  23  7.03996e+07
37  24  6.76773e+07
37  25  7.2958e+07
37  26  6.4013e+07
37  27  5.3812e+07
37  28  5.09437e+07
37  29  7.73222e+07
37  30  6.25026e+07
37  31  5.61832e+07
37  32  3.74636e+07
37  33  5.26695e+07
37  34  6.11703e+07
37  35  8.97406e+07
37  36  8.6189e+07
37  37  6.93588e+07
37  38  5.16698e+07
37  39  3.59611e+07
37  40  2.93547e+07
37  41  7.88559e+07
37  42  8.0847e+07
37  43  9.88619e+07
37  44  5.54072e+07
37  45  4.94763e+07
37  46  4.35315e+07
37  47  4.81503e+07
37  48  3.6829e+07
37  49  5.93636e+07
37  50  4.41539e+07
38  0  7.17087e+06
38  1  1.42959e+07
38  2  5.98393e+07
38  3  5.6228e+07
38  4  8.57334e+07
38  5  1.30288e+08
38  6  3.16663e+08
38  7  7.50355e+07
38  8  9.21895e+07
38  9  6.75444e+07
38  10  7.12186e+07
38  11  7.84513e+07
38  12  8.22092e+07
38  13  8.9014e+07
38  14  1.05405e+08
38  15  9.61203e+07
38  16  6.37735e+07
38  17  8.28235e+07
38  18  5.91528e+07
38  19  6.17439e+07
38  20  7.66607e+07
38  21  1.05525e+08
38  22  9.78538e+07
38  23  7.32362e+07
38  24  7.47303e+07
38  25  7.10867e+07
38  26  6.03235e+07
38  27  6.89356e+07
38  28  5.69588e+07
38  29  6.15574e+07
38  30  5.68223e+07
38  31  3.90525e+07
38  32  6.73084e+07
38  33  5.96656e+07
38  34  8.27593e+07
38  35  8.67829e+07
38  36  5.9927e+07
38  37  9.01726e+07
38  38  4.45986e+07
38  39  2.16951e+07
38  40  3.16997e+07
38  41  8.67007e+07
38  42  1.11795e+08
38  43  7.19614e+07
38  44  6.46604e+07
38  45  4.80981e+07
38  46  4.41864e+07
38  47  4.90624e+07
38  48  4.79042e+07
38  49  5.663e+07
38  50  4.84817e+07
39  0  0
39  1  2.51974e+07
39  2  2.95508e+07
39  3  5.9885e+07
39  4  6.59415e+07
39  5  9.8631e+07
39  6  1.71894e+08
39  7  8.80248e+07
39  8  6.96542e+07
39  9  8.07997e+07
39  10  8.42858e+07
39  11  7.55861e+07
39  12  1.14767e+08
39  13  1.14143e+08
39  14  8.82125e+07
39  15  6.40112e+07
39  16  7.07905e+07
39  17  5.472e+07
39  18  5.75064e+07
39  19  5.84595e+07
39  20  7.5889e+07
39  21  7.13978e+07
39  22  9.2578e+07
39  23  7.0777e+07
39  24  8.31346e+07
39  25  5.73039e+07
39  26  6.16495e+07
39  27  5.73428e+07
39  28  6.60638e+07
39  29  7.65635e+07
39  30  5.91531e+07
39  31  6.88681e+07
39  32  5.40185e+07
39  33  8.36984e+07
39  34  9.30846e+07
39  35  1.13553e+08
39  36  7.71397e+07
39  37  1.00159e+08
39  38  4.24366e+07
39  39  1.89825e+07
39  40  3.53687e+07
39  41  1.11991e+08
39  42  8.04851e+07
39  43  7.19331e+07
39  44  7.04576e+07
39  45  5.3395e+07
39  46  6.63167e+07
39  47  5.65384e+07
39  48  4.80716e+07
39  49  5.31405e+07
39  50  4.94364e+07
40  0  5.4938e+06
40  1  1.67276e+07
40  2  2.07538e+07
40  3  4.78994e+07
40  4  6.53253e+07
40  5  9.96947e+07
40  6  1.79374e+08
40  7  7.75802e+07
40  8  6.52064e+07
40  9  8.0805e+07
40  10  7.0974e+07
40  11  7.83374e+07
40  12  9.56109e+07
40  13  1.1792e+08
40  14  8.5606e+07
40  15  7.87188e+07
40  16  7.38021e+07
40  17  7.17739e+07
40  18  6.77779e+07
40  19  8.80826e+07
40  20  7.40581e+07
40  21  8.72628e+07
40  22  1.25921e+08
40  23  9.47542e+07
40  24  5.74635e+07
40  25  6.051e+07
40  26  6.5951e+07
40  27  7.75497e+07
40  28  7.61076e+07
40  29  6.97357e+07
40  30  5.40935e+07
40  31  5.6114e+07
40  32  5.67971e+07
40  33  7.3294e+07
40  34  7.85374e+07
40  35  1.22104e+08
40  36  9.5547e+07
40  37  7.80073e+07
40  38  5.22341e+07
40  39  2.69401e+07
40  40  4.89539e+07
40  41  9.2364e+07
40  42  1.06462e+08
40  43  7.85436e+07
40  44  6.94825e+07
40  45  5.19771e+07
40  46  4.83096e+07
40  47  5.37701e+07
40  48  5.74252e+07
40  49  4.817e+07
40  50  6.81515e+07
41  0  0
41  1  1.55477e+07
41  2  1.43015e+07
41  3  2.65931e+07
41  4  7.91609e+07
41  5  1.28208e+08
41  6  1.13366e+08
41  7  4.29729e+07
41  8  6.91175e+07
41  9  8.05067e+07
41  10  7.53772e+07
41  11  9.76883e+07
41  12  1.35138e+08
41  13  1.17229e+08
41  14  9.43499e+07
41  15  8.9737e+07
41  16  6.69362e+07
41  17  6.63283e+07
41  18  6.59228e+07
41  19  7.59705e+07
41  20  7.72234e+07
41  21  8.96101e+07
41  22  9.66854e+07
41  23  9.05611e+07
41  24  8.13035e+07
41  25  6.81813e+07
41  26  6.11717e+07
41  27  6.78182e+07
41  28  8.50777e+07
41  29  5.67212e+07
41  30  8.38602e+07
41  31  5.64992e+07
41  32  5.7846e+07
41  33  6.68846e+07
41  34  7.92944e+07
41  35  1.08972e+08
41  36  9.24629e+07
41  37  7.9286e+07
41  38  5.73305e+07
41  39  3.61477e+07
41  40  3.36284e+07
41  41  1.24872e+08
41  42  1.10692e+08
41  43  9.484e+07
41  44  7.87497e+07
41  45  6.03869e+07
41  46  4.70002e+07
41  47  6.19408e+07
41  48  5.80866e+07
41  49  5.86697e+07
41  50  5.48719e+07
42  0  0
42  1  1.21064e+07
42  2  2.07197e+07
42  3  3.22739e+07
42  4  1.01273e+08
42  5  1.09516e+08
42  6  1.04311e+08
42  7  3.85237e+07
42  8  5.18655e+07
42  9  6.68259e+07
42  10  7.86982e+07
42  11  9.00478e+07
42  12  1.34987e+08
42  13  1.00507e+08
42  14  8.91435e+07
42  15  6.94996e+07
42  16  8.54548e+07
42  17  7.80659e+07
42  18  7.50715e+07
42  19  8.70072e+07
42  20  6.40842e+07
42  21  8.80198e+07
42  22  1.01851e+08
42  23  1.03614e+08
42  24  8.32103e+07
42  25  6.25877e+07
42  26  4.26625e+07
42  27  6.61703e+07
42  28  7.59865e+07
42  29  7.3305e+07
42  30  5.50817e+07
42  31  4.27604e+07
42  32  4.94004e+07
42  33  7.84714e+07
42  34  1.04899e+08
42  35  1.37791e+08
42  36  7.30921e+07
42  37  9.49453e+07
42  38  5.61817e+07
42  39  5.60797e+07
42  40  4.11706e+07
42  41  1.15569e+08
42  42  1.23284e+08
42  43  7.34069e+07
42  44  8.70756e+07
42  45  5.01644e+07
42  46  6.38756e+07
42  47  4.69236e+07
42  48  4.80588e+07
42  49  7.5793e+07
42  50  6.49903e+07
43  0  0
43  1  0
43  2  6.71675e+06
43  3  3.28304e+07
43  4  1.12543e+08
43  5  9.51835e+07
43  6  6.14336e+07
43  7  4.34541e+07
43  8  3.51691e+07
43  9  5.47765e+07
43  10  9.68899e+07
43  11  1.00928e+08
43  12  1.39201e+08
43  13  9.5468e+07
43  14  7.94268e+07
43  15  8.27411e+07
43  16  1.04541e+08
43  17  8.81111e+07
43  18  6.67321e+07
43  19  7.86965e+07
43  20  7.85427e+07
43  21  5.85347e+07
43  22  1.02497e+08
43  23  1.0707e+08
43  24  7.68826e+07
43  25  5.53421e+07
43  26  4.45834e+07
43  27  6.33488e+07
43  28  5.62137e+07
43  29  4.53357e+07
43  30  4.28379e+07
43  31  3.7712e+07
43  32  4.51809e+07
43  33  8.11174e+07
43  34  1.01252e+08
43  35  1.03688e+08
43  36  8.69981e+07
43  37  8.17572e+07
43  38  6.8238e+07
43  39  6.10483e+07
43  40  4.55318e+07
43  41  1.28584e+08
43  42  1.32e+08
43  43  1.00218e+08
43  44  8.9323e+07
43  45  6.12384e+07
43  46  6.09702e+07
43  47  5.52564e+07
43  48  6.84977e+07
43  49  6.29353e+07
43  50  6.13888e+07
44  0  0
44  1  6.48469e+06
44  2  4.32149e+06
44  3  2.29986e+07
44  4  7.59832e+07
44  5  1.0113e+08
44  6  6.15373e+07
44  7  3.68702e+07
44  8  4.00647e+07
44  9  3.91759e+07
44  10  7.99713e+07
44  11  8.75511e+07
44  12  1.28524e+08
44  13  8.37472e+07
44  14  9.40935e+07
44  15  7.73008e+07
44  16  9.56401e+07
44  17  9.68424e+07
44  18  7.98063e+07
44  19  8.20246e+07
44  20  6.30012e+07
44  21  9.0471e+07
44  22  1.02722e+08
44  23  8.76421e+07
44  24  9.57457e+07
44  25  6.95666e+07
44  26  4.50223e+07
44  27  5.55133e+07
44  28  5.72579e+07
44  29  5.23409e+07
44  30  3.97241e+07
44  31  4.93262e+07
44  32  5.30738e+07
44  33  7.0911e+07
44  34  7.00407e+07
44  35  1.09486e+08
44  36  9.7271e+07
44  37  7.71309e+07
44  38  7.15889e+07
44  39  6.00053e+07
44  40  6.46084e+07
44  41  1.06953e+08
44  42  1.17926e+08
44  43  1.00281e+08
44  44  9.33668e+07
44  45  5.40815e+07
44  46  6.46922e+07
44  47  7.02586e+07
44  48  6.52237e+07
44  49  6.48123e+07
44  50  6.81447e+07
45  0  8.67941e+06
45  1  2.15851e+07
45  2  2.16484e+07
45  3  2.89541e+07
45  4  5.91697e+07
45  5  5.94164e+07
45  6  4.57836e+07
45  7  2.53426e+07
45  8  1.0111e+07
45  9  3.0338e+07
45  10  6.46598e+07
45  11  9.40001e+07
45  12  1.00466e+08
45  13  8.39574e+07
45  14  8.4495e+07
45  15  6.68451e+07
45  16  7.69905e+07
45  17  1.00905e+08
45  18  8.70976e+07
45  19  6.98387e+07
45  20  7.55647e+07
45  21  7.12122e+07
45  22  6.1366e+07
45  23  7.53334e+07
45  24  8.90571e+07
45  25  5.42252e+07
45  26  6.08938e+07
45  27  5.92627e+07
45  28  7.32088e+07
45  29  4.10219e+07
45  30  1.94784e+07
45  31  5.08875e+07
45  32  4.44149e+07
45  33  7.99347e+07
45  34  7.93239e+07
45  35  1.08799e+08
45  36  9.35721e+07
45  37  7.5567e+07
45  38  7.40647e+07
45  39  8.32107e+07
45  40  5.51626e+07
45  41  1.30072e+08
45  42  1.26129e+08
45  43  1.18946e+08
45  44  1.13515e+08
45  45  7.21231e+07
45  46  6.82498e+07
45  47  7.55156e+07
45  48  6.74114e+07
45  49  6.89256e+07
45  50  7.40342e+07
46  0  7.68604e+06
46  1  5.68446e+06
46  2  0
46  3  5.24364e+06
46  4  4.96824e+07
46  5  7.17576e+07
46  6  4.37264e+07
46  7  2.86566e+07
46  8  3.55107e+07
46  9  3.03657e+07
46  10  4.37338e+07
46  11  7.31079e+07
46  12  9.30552e+07
46  13  7.24979e+07
46  14  7.16929e+07
46  15  6.89564e+07
46  16  7.62008e+07
46  17  6.94189e+07
46  18  7.46026e+07
46  19  7.07149e+07
46  20  7.21257e+07
46  21  7.64276e+07
46  22  5.27819e+07
46  23  8.14786e+07
46  24  9.19743e+07
46  25  5.39412e+07
46  26  4.32881e+07
46  27  4.65927e+07
46  28  4.78014e+07
46  29  5.73329e+07
46  30  2.771e+07
46  31  3.93217e+07
46  32  5.46969e+07
46  33  6.14466e+07
46  34  8.12548e+07
46  35  1.2256e+08
46  36  6.25989e+07
46  37  7.00446e+07
46  38  7.43735e+07
46  39  7.09347e+07
46  40  6.76903e+07
46  41  1.14762e+08
46  42  1.42569e+08
46  43  1.2706e+08
46  44  9.89155e+07
46  45  6.08341e+07
46  46  5.46707e+07
46  47  7.01081e+07
46  48  6.6241e+07
46  49  7.31539e+07
46  50  6.97717e+07
47  0  0
47  1  0
47  2  1.43837e+07
47  3  7.48518e+06
47  4  4.10317e+07
47  5  6.19877e+07
47  6  3.27344e+07
47  7  1.68669e+07
47  8  3.12418e+07
47  9  2.6726e+07
47  10  5.42712e+07
47  11  6.49751e+07
47  12  6.48289e+07
47  13  5.81199e+07
47  14  8.93942e+07
47  15  5.94433e+07
47  16  7.83884e+07
47  17  7.36581e+07
47  18  6.02364e+07
47  19  5.17222e+07
47  20  6.63322e+07
47  21  4.95568e+07
47  22  6.80899e+07
47  23  8.10636e+07
47  24  1.18219e+08
47  25  6.83011e+07
47  26  2.2697e+07
47  27  3.53659e+07
47  28  6.68144e+07
47  29  5.97519e+07
47  30  3.50791e+07
47  31  6.19837e+07
47  32  5.45396e+07
47  33  8.52494e+07
47  34  8.0229e+07
47  35  7.52639e+07
47  36  6.99137e+07
47  37  6.09693e+07
47  38  8.84548e+07
47  39  1.18843e+08
47  40  6.22963e+07
47  41  1.00104e+08
47  42  1.26745e+08
47  43  1.43346e+08
47  44  1.0813e+08
47  45  8.2496e+07
47  46  6.29023e+07
47  47  7.10197e+07
47  48  6.56071e+07
47  49  8.1582e+07
47  50  7.37702e+07
48  0  3.97962e+06
48  1  0
48  2  0
48  3  1.20794e+07
48  4  2.93819e+07
48  5  4.73294e+07
48  6  2.64266e+07
48  7  1.50109e+07
48  8  2.02572e+07
48  9  3.74802e+07
48  10  3.55209e+07
48  11  5.27455e+07
48  12  6.29523e+07
48  13  4.95562e+07
48  14  6.02702e+07
48  15  6.8784e+07
48  16  5.85009e+07
48  17  5.77004e+07
48  18  4.84715e+07
48  19  5.38185e+07
48  20  4.28011e+07
48  21  5.26125e+07
48  22  6.60363e+07
48  23  8.29861e+07
48  24  1.12074e+08
48  25  6.76824e+07
48  26  2.12468e+07
48  27  4.56505e+07
48  28  6.59194e+07
48  29  7.13561e+07
48  30  4.12044e+07
48  31  6.38321e+07
48  32  7.64217e+07
48  33  6.23973e+07
48  34  7.19698e+07
48  35  8.49038e+07
48  36  5.11762e+07
48  37  7.7305e+07
48  38  6.96965e+07
48  39  9.81718e+07
48  40  7.2474e+07
48  41  9.35568e+07
48  42  1.5526e+08
48  43  1.17073e+08
48  44  1.19541e+08
48  45  8.28003e+07
48  46  7.48737e+07
48  47  6.84039e+07
48  48  7.72332e+07
48  49  6.15678e+07
48  50  7.48147e+07
49  0  2.15056e+06
49  1  1.44734e+06
49  2  0
49  3  4.70524e+06
49  4  1.27154e+07
49  5  5.24211e+07
49  6  4.69358e+07
49  7  1.06983e+07
49  8  1.85126e+07
49  9  2.35325e+07
49  10  3.61368e+07
49  11  5.13618e+07
49  12  5.84543e+07
49  13  6.1407e+07
49  14  6.68385e+07
49  15  6.99162e+07
49  16  5.55216e+07
49  17  5.93636e+07
49  18  4.89313e+07
49  19  3.99963e+07
49  20  5.04821e+07
49  21  5.75244e+07
49  22  7.23514e+07
49  23  1.10688e+08
49  24  1.53792e+08
49  25  7.1905e+07
49  26  2.45533e+07
49  27  3.66844e+07
49  28  4.93911e+07
49  29  6.01539e+07
49  30  8.28543e+07
49  31  6.8754e+07
49  32  7.01606e+07
49  33  5.97144e+07
49  34  6.65615e+07
49  35  8.74189e+07
49  36  3.89785e+07
49  37  6.13869e+07
49  38  7.93579e+07
49  39  1.10583e+08
49  40  5.57554e+07
49  41  9.16928e+07
49  42  1.24341e+08
49  43  1.234e+08
49  44  9.92938e+07
49  45  8.50918e+07
49  46  6.79853e+07
49  47  7.43581e+07
49  48  7.55297e+07
49  49  6.57523e+07
49  50  7.68916e+07
50  0  1.06775e+07
50  1  0
50  2  0
50  3  1.29718e+07
50  4  0
50  5  3.07542e+07
50  6  5.73706e+07
50  7  1.25344e+07
50  8  1.91303e+07
50  9  1.69515e+07
50  10  3.19603e+07
50  11  3.92506e+07
50  12  5.58213e+07
50  13  5.11261e+07
50  14  3.1709e+07
50  15  6.79249e+07
50  16  6.90424e+07
50  17  5.72753e+07
50  18  5.92605e+07
50  19  4.19774e+07
50  20  4.08268e+07
50  21  5.73457e+07
50  22  6.75514e+07
50  23  1.07424e+08
50  24  1.07659e+08
50  25  6.85467e+07
50  26  3.11329e+07
50  27  4.15462e+07
50  28  6.93231e+07
50  29  6.54592e+07
50  30  4.68518e+07
50  31  7.29882e+07
50  32  6.16981e+07
50  33  6.77907e+07
50  34  6.36095e+07
50  35  9.15463e+07
50  36  2.67849e+07
50  37  7.2653e+07
50  38  6.95024e+07
50  39  9.4202e+07
50  40  4.88914e+07
50  41  1.11728e+08
50  42  1.03579e+08
50  43  1.00329e+08
50  44  8.2717e+07
50  45  7.01641e+07
50  46  7.5653e+07
50  47  7.61805e+07
50  48  7.09773e+07
50  49  6.17476e+07
50  50  6.92357e+07

