row  column  (images_26_413.edf Zn-K*images_26_413.edf Ar-K**2.3)
0  0  0
0  1  0
0  2  4.76211e+06
0  3  0
0  4  1.62597e+07
0  5  1.92845e+07
0  6  4.35403e+07
0  7  5.8384e+07
0  8  5.19947e+07
0  9  2.82366e+07
0  10  5.479e+07
0  11  7.21468e+07
0  12  4.81402e+07
0  13  6.61535e+07
0  14  4.95377e+07
0  15  4.42261e+07
0  16  8.11731e+07
0  17  6.83995e+07
0  18  7.54794e+07
0  19  8.07773e+07
0  20  8.33779e+07
0  21  7.42949e+07
0  22  6.48303e+07
0  23  8.88821e+07
0  24  7.51359e+07
0  25  7.04829e+07
0  26  7.15014e+07
0  27  6.95338e+07
0  28  7.99548e+07
0  29  7.26011e+07
0  30  5.99254e+07
0  31  7.20877e+07
0  32  4.11454e+07
0  33  6.59993e+07
0  34  3.91899e+07
0  35  4.81772e+07
0  36  9.33165e+07
0  37  9.21524e+07
0  38  8.27176e+07
0  39  8.12163e+07
0  40  5.2244e+07
0  41  4.98353e+07
0  42  5.55478e+07
0  43  6.49662e+07
0  44  5.836e+07
0  45  6.55225e+07
0  46  7.93536e+07
0  47  5.92594e+07
0  48  2.31453e+07
0  49  1.24973e+07
0  50  5.94046e+07
1  0  0
1  1  0
1  2  0
1  3  0
1  4  1.65461e+07
1  5  2.26454e+07
1  6  3.71129e+07
1  7  4.44989e+07
1  8  3.72365e+07
1  9  4.7802e+07
1  10  5.55112e+07
1  11  5.13392e+07
1  12  7.14871e+07
1  13  5.01801e+07
1  14  5.72717e+07
1  15  5.28389e+07
1  16  7.54511e+07
1  17  6.45799e+07
1  18  7.97657e+07
1  19  5.21775e+07
1  20  6.57321e+07
1  21  5.47853e+07
1  22  7.58655e+07
1  23  6.55823e+07
1  24  6.019e+07
1  25  5.12046e+07
1  26  4.23075e+07
1  27  7.29327e+07
1  28  6.85973e+07
1  29  4.68956e+07
1  30  5.91028e+07
1  31  7.02088e+07
1  32  4.95514e+07
1  33  4.97128e+07
1  34  6.3771e+07
1  35  8.54533e+07
1  36  6.9385e+07
1  37  7.45041e+07
1  38  6.95592e+07
1  39  5.40119e+07
1  40  5.58105e+07
1  41  6.20321e+07
1  42  6.42189e+07
1  43  8.91584e+07
1  44  6.72567e+07
1  45  8.74759e+07
1  46  7.81069e+07
1  47  5.87214e+07
1  48  2.51397e+07
1  49  1.57019e+07
1  50  5.84519e+07
2  0  0
2  1  0
2  2  1.08577e+07
2  3  0
2  4  1.2106e+07
2  5  1.53184e+06
2  6  1.19243e+07
2  7  2.03606e+07
2  8  4.82553e+07
2  9  5.18809e+07
2  10  5.23054e+07
2  11  5.61202e+07
2  12  7.70361e+07
2  13  4.09299e+07
2  14  5.7423e+07
2  15  6.04538e+07
2  16  8.23573e+07
2  17  5.67779e+07
2  18  9.08453e+07
2  19  5.26215e+07
2  20  7.60918e+07
2  21  6.50014e+07
2  22  7.62138e+07
2  23  6.507e+07
2  24  8.92947e+07
2  25  5.48246e+07
2  26  4.99021e+07
2  27  8.07791e+07
2  28  6.80938e+07
2  29  7.4971e+07
2  30  5.94604e+07
2  31  5.44828e+07
2  32  4.25291e+07
2  33  4.44984e+07
2  34  4.95112e+07
2  35  7.46513e+07
2  36  7.50544e+07
2  37  8.09008e+07
2  38  8.69731e+07
2  39  7.60394e+07
2  40  6.99375e+07
2  41  7.78188e+07
2  42  6.33943e+07
2  43  6.23851e+07
2  44  6.48138e+07
2  45  8.73263e+07
2  46  7.15043e+07
2  47  6.15312e+07
2  48  4.6568e+07
2  49  1.95362e+07
2  50  4.3243e+07
3  0  9.48944e+06
3  1  0
3  2  0
3  3  1.28968e+07
3  4  4.41973e+06
3  5  1.88663e+07
3  6  3.17884e+07
3  7  1.82986e+07
3  8  3.54837e+07
3  9  5.04328e+07
3  10  5.9942e+07
3  11  4.63691e+07
3  12  6.92671e+07
3  13  4.40308e+07
3  14  6.61066e+07
3  15  6.76411e+07
3  16  6.65101e+07
3  17  5.91355e+07
3  18  6.35128e+07
3  19  4.68809e+07
3  20  5.79008e+07
3  21  7.67449e+07
3  22  6.83586e+07
3  23  4.45627e+07
3  24  7.15559e+07
3  25  6.50017e+07
3  26  5.82452e+07
3  27  5.95058e+07
3  28  6.19176e+07
3  29  5.34015e+07
3  30  5.40796e+07
3  31  8.07313e+07
3  32  4.30042e+07
3  33  5.47412e+07
3  34  6.41913e+07
3  35  7.90604e+07
3  36  5.71295e+07
3  37  8.19259e+07
3  38  7.19643e+07
3  39  6.91343e+07
3  40  4.94691e+07
3  41  5.71309e+07
3  42  3.90067e+07
3  43  6.62851e+07
3  44  6.34357e+07
3  45  6.64644e+07
3  46  5.64581e+07
3  47  6.47751e+07
3  48  5.04229e+07
3  49  2.66204e+07
3  50  3.70334e+07
4  0  2.17611e+06
4  1  0
4  2  0
4  3  0
4  4  1.06417e+07
4  5  4.62547e+06
4  6  6.10566e+06
4  7  1.24731e+07
4  8  1.56806e+07
4  9  4.73979e+07
4  10  2.33929e+07
4  11  5.21607e+07
4  12  5.6526e+07
4  13  5.63084e+07
4  14  7.63311e+07
4  15  6.65966e+07
4  16  5.37422e+07
4  17  6.56809e+07
4  18  8.68695e+07
4  19  6.66731e+07
4  20  5.06367e+07
4  21  8.77062e+07
4  22  7.57038e+07
4  23  5.88617e+07
4  24  7.75919e+07
4  25  9.40224e+07
4  26  8.00178e+07
4  27  7.01846e+07
4  28  7.5495e+07
4  29  9.63288e+07
4  30  6.54451e+07
4  31  6.40131e+07
4  32  4.04211e+07
4  33  4.4711e+07
4  34  7.61161e+07
4  35  9.65007e+07
4  36  6.46755e+07
4  37  7.91215e+07
4  38  7.0464e+07
4  39  4.79075e+07
4  40  5.89601e+07
4  41  5.09846e+07
4  42  4.79275e+07
4  43  6.66749e+07
4  44  6.16713e+07
4  45  6.872e+07
4  46  8.74071e+07
4  47  5.37182e+07
4  48  3.49112e+07
4  49  2.76798e+07
4  50  3.47379e+07
5  0  0
5  1  0
5  2  0
5  3  0
5  4  2.55549e+07
5  5  4.02409e+06
5  6  2.11375e+06
5  7  700198
5  8  1.64241e+07
5  9  3.04425e+07
5  10  3.44238e+07
5  11  6.91962e+07
5  12  6.93917e+07
5  13  6.5689e+07
5  14  6.83368e+07
5  15  6.77352e+07
5  16  6.9186e+07
5  17  7.13178e+07
5  18  5.98412e+07
5  19  5.04389e+07
5  20  9.34424e+07
5  21  9.77224e+07
5  22  6.67624e+07
5  23  3.88593e+07
5  24  8.30538e+07
5  25  7.3435e+07
5  26  6.83336e+07
5  27  8.43048e+07
5  28  6.86838e+07
5  29  9.56167e+07
5  30  4.96665e+07
5  31  5.50168e+07
5  32  2.54051e+07
5  33  5.60953e+07
5  34  9.26642e+07
5  35  8.53782e+07
5  36  7.54241e+07
5  37  4.54414e+07
5  38  6.2638e+07
5  39  5.39828e+07
5  40  6.8527e+07
5  41  5.43295e+07
5  42  3.05345e+07
5  43  5.62216e+07
5  44  6.73755e+07
5  45  6.51039e+07
5  46  7.33625e+07
5  47  2.88172e+07
5  48  3.17629e+07
5  49  1.55691e+07
5  50  2.3783e+07
6  0  0
6  1  2.91291e+06
6  2  0
6  3  4.30251e+06
6  4  0
6  5  5.12929e+06
6  6  645289
6  7  2.01794e+07
6  8  9.29956e+06
6  9  9.69444e+06
6  10  5.19064e+07
6  11  6.21706e+07
6  12  8.40707e+07
6  13  6.55159e+07
6  14  7.80552e+07
6  15  7.78203e+07
6  16  7.00832e+07
6  17  7.64287e+07
6  18  5.68679e+07
6  19  4.86941e+07
6  20  8.61732e+07
6  21  9.8349e+07
6  22  6.66114e+07
6  23  4.9146e+07
6  24  7.1997e+07
6  25  6.98744e+07
6  26  7.71492e+07
6  27  7.74481e+07
6  28  7.06683e+07
6  29  6.8555e+07
6  30  6.80537e+07
6  31  5.53072e+07
6  32  4.58553e+07
6  33  6.27831e+07
6  34  6.21035e+07
6  35  8.718e+07
6  36  7.58432e+07
6  37  5.70233e+07
6  38  6.66319e+07
6  39  5.85944e+07
6  40  5.18986e+07
6  41  4.57714e+07
6  42  6.40178e+07
6  43  5.67894e+07
6  44  8.80236e+07
6  45  9.51827e+07
6  46  6.16168e+07
6  47  2.85839e+07
6  48  2.46908e+07
6  49  2.10009e+07
6  50  3.65165e+07
7  0  1.4095e+07
7  1  0
7  2  0
7  3  0
7  4  5.95765e+06
7  5  1.83833e+07
7  6  1.25353e+07
7  7  1.21134e+07
7  8  9.46633e+06
7  9  5.59304e+06
7  10  5.20966e+07
7  11  8.48778e+07
7  12  9.76642e+07
7  13  7.04358e+07
7  14  5.97544e+07
7  15  6.24823e+07
7  16  8.56873e+07
7  17  6.69149e+07
7  18  7.84155e+07
7  19  8.72269e+07
7  20  9.38874e+07
7  21  9.43652e+07
7  22  9.7252e+07
7  23  5.6472e+07
7  24  4.65594e+07
7  25  4.82764e+07
7  26  7.684e+07
7  27  5.61993e+07
7  28  5.12921e+07
7  29  6.63891e+07
7  30  5.76055e+07
7  31  5.51624e+07
7  32  4.01698e+07
7  33  4.3829e+07
7  34  8.27141e+07
7  35  7.68486e+07
7  36  7.78364e+07
7  37  4.53395e+07
7  38  5.06225e+07
7  39  5.76634e+07
7  40  4.70015e+07
7  41  6.8097e+07
7  42  6.26314e+07
7  43  4.58839e+07
7  44  6.15581e+07
7  45  6.56271e+07
7  46  4.53614e+07
7  47  2.37663e+07
7  48  1.63718e+07
7  49  9.21827e+06
7  50  2.31835e+07
8  0  7.78655e+06
8  1  0
8  2  0
8  3  3.59288e+06
8  4  6.06932e+06
8  5  3.0907e+07
8  6  0
8  7  9.00346e+06
8  8  4.08787e+07
8  9  3.41961e+07
8  10  4.71959e+07
8  11  7.33061e+07
8  12  7.52515e+07
8  13  7.33764e+07
8  14  5.51777e+07
8  15  6.93444e+07
8  16  8.55192e+07
8  17  8.54263e+07
8  18  5.69414e+07
8  19  8.7668e+07
8  20  7.41773e+07
8  21  8.07614e+07
8  22  1.08838e+08
8  23  6.60053e+07
8  24  6.50056e+07
8  25  5.04225e+07
8  26  4.94894e+07
8  27  7.03461e+07
8  28  5.3804e+07
8  29  6.49422e+07
8  30  5.01595e+07
8  31  4.15846e+07
8  32  4.17902e+07
8  33  6.53434e+07
8  34  6.24437e+07
8  35  5.31269e+07
8  36  9.347e+07
8  37  6.46909e+07
8  38  5.6009e+07
8  39  5.56573e+07
8  40  5.30549e+07
8  41  6.08263e+07
8  42  5.45304e+07
8  43  6.5179e+07
8  44  7.01075e+07
8  45  9.23738e+07
8  46  3.74044e+07
8  47  7.71989e+06
8  48  9.43309e+06
8  49  0
8  50  2.46527e+07
9  0  0
9  1  0
9  2  0
9  3  2.7701e+06
9  4  2.30296e+07
9  5  2.10377e+07
9  6  1.40529e+07
9  7  2.35969e+07
9  8  1.2599e+07
9  9  2.18274e+07
9  10  6.86164e+07
9  11  1.26984e+08
9  12  7.89276e+07
9  13  8.2098e+07
9  14  8.51997e+07
9  15  6.44139e+07
9  16  7.59751e+07
9  17  7.58341e+07
9  18  6.9964e+07
9  19  5.96915e+07
9  20  1.04128e+08
9  21  8.48223e+07
9  22  9.76057e+07
9  23  6.55394e+07
9  24  6.90749e+07
9  25  5.8345e+07
9  26  6.55041e+07
9  27  4.92959e+07
9  28  6.43119e+07
9  29  5.36089e+07
9  30  4.36206e+07
9  31  4.54993e+07
9  32  5.03467e+07
9  33  6.35753e+07
9  34  6.67436e+07
9  35  8.56614e+07
9  36  6.94506e+07
9  37  8.28141e+07
9  38  5.56457e+07
9  39  6.54592e+07
9  40  8.02992e+07
9  41  4.44465e+07
9  42  4.92817e+07
9  43  4.22709e+07
9  44  6.31629e+07
9  45  7.11095e+07
9  46  3.95425e+07
9  47  2.71233e+07
9  48  5.73063e+06
9  49  1.8731e+07
9  50  2.19048e+07
10  0  0
10  1  0
10  2  0
10  3  9.53351e+06
10  4  2.51748e+07
10  5  1.17588e+07
10  6  2.65346e+07
10  7  8.29152e+06
10  8  1.06738e+07
10  9  1.68111e+07
10  10  7.64646e+07
10  11  7.28141e+07
10  12  7.0275e+07
10  13  9.16791e+07
10  14  6.47743e+07
10  15  8.96947e+07
10  16  6.65618e+07
10  17  5.80004e+07
10  18  6.78228e+07
10  19  7.19823e+07
10  20  7.36066e+07
10  21  6.97233e+07
10  22  5.72851e+07
10  23  5.79083e+07
10  24  7.02225e+07
10  25  7.74272e+07
10  26  6.05337e+07
10  27  6.72565e+07
10  28  8.49855e+07
10  29  5.60473e+07
10  30  3.60336e+07
10  31  3.00486e+07
10  32  7.60137e+07
10  33  6.86218e+07
10  34  3.59424e+07
10  35  9.05158e+07
10  36  7.09939e+07
10  37  3.35079e+07
10  38  5.77199e+07
10  39  8.38286e+07
10  40  8.24727e+07
10  41  3.51228e+07
10  42  3.29916e+07
10  43  5.20643e+07
10  44  4.8153e+07
10  45  4.16474e+07
10  46  2.00686e+07
10  47  1.34428e+07
10  48  6.66852e+06
10  49  2.2612e+07
10  50  2.45517e+07
11  0  0
11  1  0
11  2  0
11  3  1.51948e+07
11  4  7.82745e+07
11  5  1.57626e+07
11  6  8.71035e+06
11  7  1.65584e+07
11  8  2.82728e+07
11  9  1.62339e+07
11  10  7.60918e+07
11  11  8.07383e+07
11  12  7.61605e+07
11  13  7.32594e+07
11  14  5.87356e+07
11  15  6.1674e+07
11  16  7.72137e+07
11  17  8.58975e+07
11  18  8.24581e+07
11  19  6.67878e+07
11  20  5.73472e+07
11  21  7.16475e+07
11  22  8.11934e+07
11  23  5.32905e+07
11  24  6.67628e+07
11  25  7.8353e+07
11  26  5.48075e+07
11  27  6.87566e+07
11  28  6.16066e+07
11  29  6.88553e+07
11  30  5.29477e+07
11  31  6.53794e+07
11  32  6.35856e+07
11  33  7.98534e+07
11  34  5.71409e+07
11  35  7.91283e+07
11  36  6.79864e+07
11  37  4.46819e+07
11  38  8.59087e+07
11  39  6.10199e+07
11  40  8.63266e+07
11  41  2.57097e+07
11  42  2.42574e+07
11  43  4.66425e+07
11  44  5.34227e+07
11  45  3.60091e+07
11  46  1.81108e+07
11  47  1.1725e+07
11  48  5.25354e+06
11  49  1.26584e+07
11  50  2.34624e+07
12  0  2.14349e+06
12  1  2.44218e+07
12  2  8.08878e+06
12  3  3.50042e+06
12  4  2.9982e+07
12  5  1.86582e+07
12  6  3.37731e+07
12  7  4.40015e+07
12  8  4.25951e+07
12  9  4.74509e+07
12  10  6.87083e+07
12  11  8.69154e+07
12  12  6.07261e+07
12  13  5.10148e+07
12  14  5.95238e+07
12  15  6.24171e+07
12  16  5.21818e+07
12  17  6.94166e+07
12  18  8.27885e+07
12  19  8.91965e+07
12  20  8.81936e+07
12  21  6.13362e+07
12  22  1.00716e+08
12  23  7.60293e+07
12  24  6.78788e+07
12  25  7.72503e+07
12  26  9.23395e+07
12  27  5.47198e+07
12  28  6.52034e+07
12  29  5.94171e+07
12  30  3.4579e+07
12  31  6.36519e+07
12  32  6.03174e+07
12  33  7.338e+07
12  34  6.11168e+07
12  35  5.40134e+07
12  36  5.85595e+07
12  37  4.83183e+07
12  38  7.61149e+07
12  39  6.79553e+07
12  40  6.84543e+07
12  41  2.70614e+07
12  42  2.80907e+07
12  43  5.72761e+06
12  44  2.9177e+07
12  45  1.59736e+07
12  46  1.19441e+07
12  47  1.32628e+07
12  48  1.17376e+07
12  49  3.8093e+07
12  50  4.6168e+07
13  0  1.85032e+07
13  1  0
13  2  7.54572e+06
13  3  2.2822e+07
13  4  5.32788e+07
13  5  4.20224e+07
13  6  2.51874e+07
13  7  2.76547e+07
13  8  3.4284e+07
13  9  3.68963e+07
13  10  6.11308e+07
13  11  1.21382e+08
13  12  6.85073e+07
13  13  7.95232e+07
13  14  7.20914e+07
13  15  6.61191e+07
13  16  6.68434e+07
13  17  7.78101e+07
13  18  1.16357e+08
13  19  6.39217e+07
13  20  5.14514e+07
13  21  6.3739e+07
13  22  1.03778e+08
13  23  7.63966e+07
13  24  5.43101e+07
13  25  8.60759e+07
13  26  6.87255e+07
13  27  7.65807e+07
13  28  5.45858e+07
13  29  5.06102e+07
13  30  4.43218e+07
13  31  5.89129e+07
13  32  8.38663e+07
13  33  9.35316e+07
13  34  5.25745e+07
13  35  4.98899e+07
13  36  6.30959e+07
13  37  7.395e+07
13  38  5.83116e+07
13  39  1.05958e+08
13  40  3.93382e+07
13  41  2.35895e+07
13  42  9.12177e+06
13  43  1.18046e+07
13  44  3.04921e+07
13  45  2.80337e+07
13  46  9.52936e+06
13  47  1.45547e+07
13  48  0
13  49  2.42237e+07
13  50  2.48169e+07
14  0  2.4765e+07
14  1  1.76989e+07
14  2  4.02926e+06
14  3  3.44641e+07
14  4  6.07483e+07
14  5  5.37617e+07
14  6  4.88382e+07
14  7  5.07494e+07
14  8  5.63714e+07
14  9  6.07024e+07
14  10  5.97044e+07
14  11  5.37725e+07
14  12  6.60346e+07
14  13  6.43254e+07
14  14  7.0642e+07
14  15  8.45009e+07
14  16  8.79352e+07
14  17  1.01425e+08
14  18  9.5947e+07
14  19  8.738e+07
14  20  5.86883e+07
14  21  5.2288e+07
14  22  7.40264e+07
14  23  7.0102e+07
14  24  7.27483e+07
14  25  9.10248e+07
14  26  5.98468e+07
14  27  6.03814e+07
14  28  2.90964e+07
14  29  4.32854e+07
14  30  6.49705e+07
14  31  6.13328e+07
14  32  5.92455e+07
14  33  7.39273e+07
14  34  5.81719e+07
14  35  4.09417e+07
14  36  6.24975e+07
14  37  6.53931e+07
14  38  6.76542e+07
14  39  7.26175e+07
14  40  3.89019e+07
14  41  2.73491e+07
14  42  1.84825e+07
14  43  4.47841e+06
14  44  1.06676e+07
14  45  1.58129e+06
14  46  1.10375e+07
14  47  0
14  48  0
14  49  1.7199e+07
14  50  3.2068e+07
15  0  2.0066e+07
15  1  5.54655e+06
15  2  6.19062e+06
15  3  1.83583e+07
15  4  6.38667e+07
15  5  1.80363e+07
15  6  7.35183e+07
15  7  4.08027e+07
15  8  6.47698e+07
15  9  2.81907e+07
15  10  6.10373e+07
15  11  5.94145e+07
15  12  6.88747e+07
15  13  5.0695e+07
15  14  6.22755e+07
15  15  6.63066e+07
15  16  7.53089e+07
15  17  8.99724e+07
15  18  8.08596e+07
15  19  6.73472e+07
15  20  6.2326e+07
15  21  5.74049e+07
15  22  6.69642e+07
15  23  9.13381e+07
15  24  8.22426e+07
15  25  9.54408e+07
15  26  6.74418e+07
15  27  6.32912e+07
15  28  3.72344e+07
15  29  4.81754e+07
15  30  5.63269e+07
15  31  6.2564e+07
15  32  4.19842e+07
15  33  6.72445e+07
15  34  4.32867e+07
15  35  6.42363e+07
15  36  8.90357e+07
15  37  6.53292e+07
15  38  8.18365e+07
15  39  6.18093e+07
15  40  2.94399e+07
15  41  1.22969e+06
15  42  1.34666e+07
15  43  0
15  44  6.30253e+06
15  45  1.78196e+07
15  46  6.87595e+06
15  47  4.95785e+06
15  48  0
15  49  2.13757e+07
15  50  3.8663e+07
16  0  5.41947e+07
16  1  3.52579e+07
16  2  1.58678e+07
16  3  4.3342e+07
16  4  6.70797e+07
16  5  3.006e+07
16  6  5.57248e+07
16  7  5.02568e+07
16  8  5.02023e+07
16  9  5.48e+07
16  10  5.4318e+07
16  11  7.62256e+07
16  12  7.54715e+07
16  13  6.4401e+07
16  14  5.73226e+07
16  15  5.5504e+07
16  16  8.12901e+07
16  17  8.06837e+07
16  18  9.38279e+07
16  19  8.49696e+07
16  20  5.9973e+07
16  21  4.76582e+07
16  22  7.20634e+07
16  23  6.68662e+07
16  24  6.88992e+07
16  25  8.57075e+07
16  26  7.22162e+07
16  27  3.50783e+07
16  28  3.45133e+07
16  29  4.90641e+07
16  30  5.19491e+07
16  31  4.80433e+07
16  32  3.86192e+07
16  33  4.73033e+07
16  34  4.03393e+07
16  35  6.06694e+07
16  36  8.72891e+07
16  37  9.1859e+07
16  38  4.38706e+07
16  39  4.51839e+07
16  40  2.9659e+07
16  41  2.29205e+07
16  42  4.23219e+06
16  43  4.05839e+06
16  44  6.84033e+06
16  45  9.58855e+06
16  46  5.51655e+06
16  47  1.6165e+07
16  48  1.73227e+07
16  49  1.95294e+07
16  50  2.52823e+07
17  0  6.33618e+07
17  1  3.55535e+07
17  2  2.62827e+07
17  3  4.96582e+07
17  4  8.16899e+07
17  5  4.09962e+07
17  6  6.94027e+07
17  7  4.38149e+07
17  8  4.49779e+07
17  9  5.10793e+07
17  10  6.26397e+07
17  11  7.2076e+07
17  12  5.85653e+07
17  13  8.51954e+07
17  14  5.41584e+07
17  15  9.72903e+07
17  16  7.21628e+07
17  17  8.12582e+07
17  18  7.35105e+07
17  19  7.39298e+07
17  20  5.57427e+07
17  21  8.36122e+07
17  22  8.0921e+07
17  23  6.28172e+07
17  24  7.64068e+07
17  25  9.76521e+07
17  26  7.29058e+07
17  27  3.14107e+07
17  28  2.83605e+07
17  29  3.67318e+07
17  30  5.28925e+07
17  31  6.14264e+07
17  32  4.5604e+07
17  33  2.75319e+07
17  34  6.04173e+07
17  35  7.1035e+07
17  36  1.23613e+08
17  37  1.15813e+08
17  38  8.82791e+07
17  39  4.81681e+07
17  40  3.23777e+07
17  41  2.23905e+07
17  42  23759.7
17  43  1.06393e+07
17  44  4.44656e+07
17  45  1.61518e+07
17  46  2.07512e+07
17  47  2.0384e+07
17  48  7.65004e+06
17  49  3.83285e+07
17  50  2.51862e+07
18  0  6.02611e+07
18  1  2.22379e+07
18  2  3.71449e+07
18  3  5.38633e+07
18  4  9.16729e+07
18  5  2.34568e+07
18  6  7.59875e+07
18  7  5.25434e+07
18  8  5.57003e+07
18  9  7.05702e+07
18  10  4.77361e+07
18  11  5.84562e+07
18  12  7.41828e+07
18  13  8.58219e+07
18  14  8.95252e+07
18  15  7.3895e+07
18  16  1.08379e+08
18  17  8.58224e+07
18  18  8.8582e+07
18  19  7.924e+07
18  20  5.66718e+07
18  21  7.75908e+07
18  22  6.1314e+07
18  23  7.02681e+07
18  24  6.54527e+07
18  25  7.9206e+07
18  26  7.3388e+07
18  27  6.06237e+07
18  28  5.22471e+07
18  29  5.13077e+07
18  30  5.32803e+07
18  31  5.00354e+07
18  32  8.5207e+06
18  33  2.55486e+07
18  34  6.29932e+07
18  35  7.47899e+07
18  36  1.09036e+08
18  37  1.14475e+08
18  38  5.52551e+07
18  39  3.48769e+07
18  40  2.30012e+07
18  41  1.38493e+07
18  42  1.23217e+07
18  43  4.94393e+06
18  44  2.28466e+07
18  45  3.68988e+07
18  46  3.26278e+07
18  47  2.20355e+07
18  48  2.68348e+07
18  49  4.91331e+07
18  50  3.26463e+07
19  0  1.83409e+07
19  1  0
19  2  2.00776e+07
19  3  9.23004e+07
19  4  6.88678e+07
19  5  3.7145e+07
19  6  4.96528e+07
19  7  7.04097e+07
19  8  7.36759e+07
19  9  6.84013e+07
19  10  5.64569e+07
19  11  5.74859e+07
19  12  7.30014e+07
19  13  8.43516e+07
19  14  1.06987e+08
19  15  6.60303e+07
19  16  9.35014e+07
19  17  7.39291e+07
19  18  8.17458e+07
19  19  5.76717e+07
19  20  6.17629e+07
19  21  8.08896e+07
19  22  6.99548e+07
19  23  7.35764e+07
19  24  5.22761e+07
19  25  7.60017e+07
19  26  6.89234e+07
19  27  5.6934e+07
19  28  3.49378e+07
19  29  4.87886e+07
19  30  5.37179e+07
19  31  6.20875e+07
19  32  2.8774e+07
19  33  1.16825e+07
19  34  4.81593e+07
19  35  9.16617e+07
19  36  9.54781e+07
19  37  7.57329e+07
19  38  5.42221e+07
19  39  4.56244e+07
19  40  2.9412e+07
19  41  1.18939e+07
19  42  1.54386e+07
19  43  3.26481e+07
19  44  5.91567e+07
19  45  5.2844e+07
19  46  4.17874e+07
19  47  8.14855e+06
19  48  2.67878e+07
19  49  3.81608e+07
19  50  7.89612e+07
20  0  2.76092e+07
20  1  0
20  2  1.25347e+07
20  3  7.03583e+07
20  4  7.8997e+07
20  5  2.76239e+07
20  6  6.64477e+07
20  7  4.28105e+07
20  8  8.13801e+07
20  9  7.84027e+07
20  10  5.41227e+07
20  11  5.36186e+07
20  12  7.90747e+07
20  13  9.89084e+07
20  14  9.31998e+07
20  15  5.96953e+07
20  16  9.73092e+07
20  17  5.77551e+07
20  18  7.67351e+07
20  19  6.2327e+07
20  20  4.00758e+07
20  21  6.30183e+07
20  22  6.44905e+07
20  23  4.74819e+07
20  24  7.52429e+07
20  25  5.97404e+07
20  26  3.28213e+07
20  27  6.00019e+07
20  28  3.60453e+07
20  29  3.20347e+07
20  30  2.89845e+07
20  31  4.57666e+07
20  32  3.01364e+07
20  33  1.52193e+07
20  34  4.03883e+07
20  35  6.79931e+07
20  36  7.59948e+07
20  37  7.7056e+07
20  38  5.78468e+07
20  39  1.8194e+07
20  40  2.71378e+07
20  41  3.2573e+07
20  42  3.44556e+07
20  43  3.52309e+07
20  44  6.1804e+07
20  45  9.41292e+07
20  46  2.78847e+07
20  47  2.59972e+07
20  48  2.28532e+07
20  49  6.78065e+07
20  50  5.77435e+07
21  0  1.66162e+07
21  1  7.7858e+06
21  2  1.94515e+07
21  3  9.40572e+07
21  4  7.19212e+07
21  5  1.96076e+07
21  6  4.92863e+07
21  7  6.94096e+07
21  8  7.39168e+07
21  9  7.02949e+07
21  10  6.56463e+07
21  11  9.27948e+07
21  12  8.30143e+07
21  13  7.09493e+07
21  14  7.71811e+07
21  15  6.45144e+07
21  16  7.37126e+07
21  17  6.39163e+07
21  18  4.6553e+07
21  19  2.78848e+07
21  20  4.02065e+07
21  21  7.31176e+07
21  22  4.69896e+07
21  23  8.18326e+07
21  24  6.32564e+07
21  25  7.25598e+07
21  26  5.15595e+07
21  27  4.57105e+07
21  28  2.88734e+07
21  29  2.78134e+07
21  30  2.56961e+07
21  31  3.02288e+07
21  32  1.35123e+07
21  33  3.24873e+07
21  34  2.89444e+07
21  35  4.15024e+07
21  36  6.78918e+07
21  37  4.89728e+07
21  38  3.59229e+07
21  39  3.99522e+07
21  40  3.44801e+07
21  41  5.13312e+07
21  42  5.23156e+07
21  43  6.96446e+07
21  44  6.13814e+07
21  45  7.55579e+07
21  46  3.59169e+07
21  47  6.92794e+06
21  48  9.49142e+06
21  49  4.71593e+07
21  50  3.61625e+07
22  0  1.22239e+07
22  1  6.96094e+06
22  2  1.94721e+06
22  3  9.60598e+07
22  4  1.05643e+08
22  5  2.61118e+07
22  6  2.4515e+07
22  7  3.98584e+07
22  8  8.23169e+07
22  9  5.90293e+07
22  10  4.47859e+07
22  11  5.37089e+07
22  12  7.50359e+07
22  13  4.82637e+07
22  14  5.03039e+07
22  15  5.39988e+07
22  16  7.28935e+07
22  17  3.63313e+07
22  18  3.59729e+07
22  19  3.63576e+07
22  20  4.95991e+07
22  21  5.91354e+07
22  22  4.99643e+07
22  23  6.10007e+07
22  24  6.78127e+07
22  25  5.82923e+07
22  26  5.80058e+07
22  27  6.34571e+07
22  28  3.70609e+07
22  29  8.32821e+06
22  30  3.23447e+07
22  31  2.73123e+07
22  32  1.50154e+07
22  33  1.54385e+07
22  34  9.35243e+06
22  35  2.66327e+07
22  36  3.59205e+07
22  37  5.74738e+07
22  38  3.01395e+07
22  39  2.34504e+07
22  40  5.12178e+07
22  41  6.0971e+07
22  42  5.78874e+07
22  43  8.02028e+07
22  44  8.483e+07
22  45  5.1247e+07
22  46  3.76227e+07
22  47  4.17331e+06
22  48  4.28042e+06
22  49  1.55989e+07
22  50  4.0966e+07
23  0  1.10157e+07
23  1  1.07829e+07
23  2  3.41996e+06
23  3  8.34424e+07
23  4  1.00906e+08
23  5  2.66423e+07
23  6  3.08374e+07
23  7  4.20658e+07
23  8  9.43629e+07
23  9  5.83518e+07
23  10  5.29141e+07
23  11  4.5993e+07
23  12  5.58246e+07
23  13  5.24451e+07
23  14  3.28694e+07
23  15  6.4339e+07
23  16  6.9445e+07
23  17  4.90242e+07
23  18  3.53476e+07
23  19  5.01401e+07
23  20  2.31639e+07
23  21  3.9965e+07
23  22  4.46064e+07
23  23  4.35138e+07
23  24  5.99148e+07
23  25  5.56516e+07
23  26  7.26765e+07
23  27  7.0026e+07
23  28  3.49228e+07
23  29  2.8518e+07
23  30  3.92893e+07
23  31  2.38971e+07
23  32  2.85149e+07
23  33  0
23  34  2.15415e+07
23  35  4.03431e+07
23  36  2.42897e+07
23  37  2.19153e+07
23  38  4.06434e+07
23  39  3.12797e+07
23  40  4.46366e+07
23  41  5.0083e+07
23  42  5.3756e+07
23  43  7.21867e+07
23  44  4.48068e+07
23  45  4.0606e+07
23  46  1.53183e+07
23  47  4.66834e+06
23  48  6.73428e+06
23  49  1.31575e+06
23  50  2.86924e+07
24  0  4.88643e+06
24  1  8.1005e+06
24  2  1.75211e+07
24  3  7.91716e+07
24  4  6.77735e+07
24  5  3.73443e+07
24  6  2.5725e+07
24  7  5.81521e+07
24  8  7.54583e+07
24  9  8.08561e+07
24  10  7.34956e+07
24  11  5.30377e+07
24  12  7.34757e+07
24  13  3.8483e+07
24  14  5.36581e+07
24  15  4.4788e+07
24  16  4.45412e+07
24  17  3.81414e+07
24  18  3.3482e+07
24  19  2.00227e+07
24  20  2.29057e+07
24  21  5.4144e+07
24  22  4.32882e+07
24  23  4.29882e+07
24  24  7.8441e+07
24  25  4.73301e+07
24  26  6.15947e+07
24  27  7.4846e+07
24  28  3.17955e+07
24  29  3.65782e+07
24  30  6.6763e+07
24  31  5.2887e+07
24  32  3.84064e+07
24  33  1.26638e+07
24  34  1.0852e+07
24  35  2.34098e+07
24  36  3.82794e+07
24  37  2.69204e+07
24  38  2.22976e+07
24  39  3.14274e+07
24  40  6.38208e+07
24  41  4.08209e+07
24  42  5.63338e+07
24  43  7.71108e+07
24  44  3.31349e+07
24  45  2.98544e+07
24  46  1.57267e+07
24  47  9.05572e+06
24  48  0
24  49  1.22131e+06
24  50  1.87108e+07
25  0  7.29205e+06
25  1  6.50666e+06
25  2  6.43312e+06
25  3  5.154e+07
25  4  3.38377e+07
25  5  7.38639e+06
25  6  5.13066e+07
25  7  8.02069e+07
25  8  7.89311e+07
25  9  6.57011e+07
25  10  8.52576e+07
25  11  6.21983e+07
25  12  6.07958e+07
25  13  5.0634e+07
25  14  5.23701e+07
25  15  4.94679e+07
25  16  4.96724e+07
25  17  2.89989e+07
25  18  1.24063e+07
25  19  2.36176e+07
25  20  2.14503e+07
25  21  4.72363e+07
25  22  1.34989e+07
25  23  5.72499e+07
25  24  6.51862e+07
25  25  5.91443e+07
25  26  6.42687e+07
25  27  7.27701e+07
25  28  6.40808e+07
25  29  1.81146e+07
25  30  5.57454e+07
25  31  6.66929e+07
25  32  2.71385e+07
25  33  1.2099e+07
25  34  550428
25  35  3.55183e+07
25  36  1.0796e+07
25  37  1.61255e+07
25  38  3.33438e+07
25  39  6.29426e+07
25  40  4.53563e+07
25  41  3.80121e+07
25  42  5.6205e+07
25  43  5.07754e+07
25  44  4.37095e+07
25  45  2.43339e+07
25  46  9.94235e+06
25  47  1.75612e+07
25  48  5.32858e+06
25  49  7.62648e+06
25  50  1.61186e+07
26  0  4.25197e+06
26  1  1.1518e+07
26  2  7.79127e+06
26  3  4.94455e+07
26  4  2.53112e+07
26  5  2.47583e+07
26  6  2.15748e+07
26  7  7.72391e+07
26  8  8.05392e+07
26  9  6.07998e+07
26  10  5.43215e+07
26  11  6.49511e+07
26  12  4.77523e+07
26  13  7.44588e+07
26  14  6.41055e+07
26  15  4.05858e+07
26  16  4.56631e+07
26  17  4.99548e+07
26  18  2.76357e+07
26  19  1.64269e+07
26  20  1.74599e+07
26  21  3.62488e+07
26  22  1.76538e+07
26  23  5.21645e+07
26  24  5.12452e+07
26  25  4.94968e+07
26  26  6.19969e+07
26  27  4.47419e+07
26  28  3.94362e+07
26  29  2.84501e+07
26  30  4.69214e+07
26  31  5.71403e+07
26  32  2.39893e+07
26  33  6.03622e+06
26  34  2.28546e+07
26  35  2.22037e+07
26  36  4.65013e+06
26  37  1.36193e+07
26  38  4.52037e+07
26  39  4.59106e+07
26  40  5.86519e+07
26  41  4.03442e+07
26  42  3.55233e+07
26  43  2.66951e+07
26  44  1.39455e+07
26  45  1.20094e+07
26  46  1.38217e+07
26  47  6.85542e+06
26  48  9.17517e+06
26  49  0
26  50  1.37468e+07
27  0  3.12868e+06
27  1  0
27  2  1.31336e+07
27  3  1.45294e+07
27  4  1.15069e+07
27  5  4.86184e+06
27  6  2.30508e+07
27  7  8.67199e+07
27  8  9.22589e+07
27  9  5.01627e+07
27  10  6.88895e+07
27  11  4.66432e+07
27  12  7.49168e+07
27  13  5.56946e+07
27  14  8.1238e+07
27  15  4.57367e+07
27  16  4.6164e+07
27  17  4.781e+07
27  18  1.51813e+07
27  19  2.86803e+07
27  20  3.03914e+07
27  21  2.6953e+07
27  22  3.62492e+07
27  23  4.34314e+07
27  24  5.38634e+07
27  25  5.98943e+07
27  26  5.19444e+07
27  27  5.33985e+07
27  28  4.83839e+07
27  29  5.10829e+07
27  30  1.86787e+07
27  31  1.93135e+07
27  32  1.22796e+07
27  33  1.45152e+07
27  34  2.9788e+07
27  35  4.6798e+06
27  36  1.23343e+07
27  37  9.82897e+06
27  38  4.21393e+07
27  39  5.09033e+07
27  40  5.96563e+07
27  41  3.65937e+07
27  42  8.74347e+06
27  43  1.51144e+07
27  44  0
27  45  3.43555e+06
27  46  2.29234e+06
27  47  1.37299e+07
27  48  0
27  49  0
27  50  1.08281e+07
28  0  2.87312e+07
28  1  3.69571e+06
28  2  0
28  3  1.08079e+07
28  4  2.64607e+07
28  5  0
28  6  2.40603e+07
28  7  6.93414e+07
28  8  7.24824e+07
28  9  7.08725e+07
28  10  5.97493e+07
28  11  5.66109e+07
28  12  7.66671e+07
28  13  7.13469e+07
28  14  6.40411e+07
28  15  3.83246e+07
28  16  1.81236e+07
28  17  6.48695e+07
28  18  2.66485e+07
28  19  1.80737e+07
28  20  2.58614e+07
28  21  2.31237e+07
28  22  2.54849e+07
28  23  6.13384e+07
28  24  6.61697e+07
28  25  7.15394e+07
28  26  5.80796e+07
28  27  6.63054e+07
28  28  4.95158e+07
28  29  2.50558e+07
28  30  2.66204e+07
28  31  6.48003e+06
28  32  0
28  33  7.28548e+06
28  34  1.46084e+07
28  35  9.9975e+06
28  36  1.69293e+07
28  37  0
28  38  2.8574e+07
28  39  3.52799e+07
28  40  3.02522e+07
28  41  2.38407e+07
28  42  2.0589e+07
28  43  9.33225e+06
28  44  9.3688e+06
28  45  0
28  46  3.46861e+06
28  47  1.66316e+07
28  48  9.07579e+06
28  49  2.96938e+06
28  50  3.58945e+06
29  0  0
29  1  4.11803e+06
29  2  1.51346e+07
29  3  0
29  4  1.29218e+07
29  5  1.17968e+07
29  6  1.37324e+07
29  7  5.22821e+07
29  8  7.17303e+07
29  9  6.70061e+07
29  10  5.25406e+07
29  11  6.04575e+07
29  12  6.78963e+07
29  13  3.92766e+07
29  14  6.22347e+07
29  15  4.67474e+07
29  16  7.41094e+07
29  17  5.15384e+07
29  18  3.39787e+07
29  19  4.00642e+07
29  20  2.71882e+07
29  21  3.02191e+07
29  22  4.66177e+07
29  23  6.92241e+07
29  24  4.44837e+07
29  25  7.88345e+07
29  26  3.55243e+07
29  27  5.82782e+07
29  28  5.86938e+07
29  29  1.41078e+07
29  30  9.80281e+06
29  31  0
29  32  2.61352e+07
29  33  1.14733e+07
29  34  2.3109e+07
29  35  2.31714e+07
29  36  1.09466e+07
29  37  3.40045e+07
29  38  5.53274e+07
29  39  7.15686e+07
29  40  3.33763e+07
29  41  2.31294e+07
29  42  0
29  43  7.87943e+06
29  44  1.21183e+07
29  45  7.0602e+06
29  46  2.45764e+07
29  47  2.05078e+07
29  48  1.47473e+07
29  49  1.05413e+07
29  50  1.58044e+06
30  0  1.26841e+06
30  1  2.40131e+06
30  2  0
30  3  0
30  4  2.07227e+07
30  5  1.31022e+07
30  6  1.04843e+07
30  7  5.29132e+07
30  8  6.40005e+07
30  9  6.87617e+07
30  10  6.79189e+07
30  11  6.00932e+07
30  12  5.84422e+07
30  13  4.23362e+07
30  14  7.13245e+07
30  15  7.87707e+07
30  16  6.67521e+07
30  17  6.12446e+07
30  18  2.11126e+07
30  19  4.54609e+07
30  20  4.81904e+07
30  21  5.27456e+07
30  22  4.30555e+07
30  23  4.91291e+07
30  24  6.29061e+07
30  25  7.55216e+07
30  26  5.64987e+07
30  27  3.68683e+07
30  28  3.4418e+07
30  29  1.08276e+07
30  30  7.64189e+06
30  31  4.29218e+06
30  32  3.19686e+06
30  33  8.09e+06
30  34  1.313e+07
30  35  3.90654e+07
30  36  2.05404e+07
30  37  0
30  38  3.56565e+07
30  39  4.99968e+07
30  40  1.2446e+07
30  41  2.21616e+07
30  42  1.11796e+07
30  43  0
30  44  5.60916e+06
30  45  2.44253e+07
30  46  7.11466e+06
30  47  1.14116e+07
30  48  4.03452e+06
30  49  8.48036e+06
30  50  2.16523e+07
31  0  0
31  1  4.99406e+06
31  2  3.38546e+06
31  3  191215
31  4  4.50825e+06
31  5  0
31  6  5.09166e+06
31  7  3.82059e+07
31  8  6.66836e+07
31  9  5.53046e+07
31  10  5.37597e+07
31  11  9.21991e+07
31  12  5.47391e+07
31  13  4.4578e+07
31  14  5.50373e+07
31  15  8.71785e+07
31  16  5.53631e+07
31  17  5.56005e+07
31  18  3.21198e+07
31  19  7.36108e+07
31  20  5.41964e+07
31  21  5.16418e+07
31  22  4.8579e+07
31  23  5.6451e+07
31  24  7.5757e+07
31  25  1.0006e+08
31  26  5.18053e+07
31  27  3.28984e+07
31  28  3.61008e+07
31  29  2.90104e+06
31  30  0
31  31  0
31  32  1.70746e+07
31  33  2.81153e+07
31  34  4.10394e+07
31  35  6.4732e+07
31  36  2.60966e+07
31  37  1.76998e+07
31  38  2.86293e+07
31  39  6.23656e+07
31  40  1.78346e+07
31  41  499532
31  42  551957
31  43  0
31  44  0
31  45  8.05655e+06
31  46  2.1422e+07
31  47  5.29097e+06
31  48  1.23228e+07
31  49  2.34376e+07
31  50  3.40067e+07
32  0  2.5903e+06
32  1  0
32  2  0
32  3  4.38736e+06
32  4  1.73046e+07
32  5  0
32  6  2.98513e+06
32  7  1.82153e+07
32  8  8.34269e+07
32  9  4.85426e+07
32  10  4.62707e+07
32  11  5.22598e+07
32  12  5.74932e+07
32  13  5.50757e+07
32  14  3.96069e+07
32  15  4.55172e+07
32  16  5.51245e+07
32  17  6.92569e+07
32  18  1.9014e+07
32  19  4.86621e+07
32  20  5.7074e+07
32  21  6.95146e+07
32  22  3.53537e+07
32  23  7.94506e+07
32  24  1.0116e+08
32  25  1.06181e+08
32  26  4.48315e+07
32  27  1.99749e+07
32  28  2.18555e+07
32  29  3.38923e+07
32  30  6.98751e+06
32  31  9.84122e+06
32  32  0
32  33  8.54395e+06
32  34  3.06928e+07
32  35  5.59125e+07
32  36  3.55185e+07
32  37  1.62349e+07
32  38  2.29438e+07
32  39  4.11126e+07
32  40  1.96532e+07
32  41  1.75999e+07
32  42  1.43965e+07
32  43  0
32  44  7.35074e+06
32  45  721604
32  46  0
32  47  1.0587e+07
32  48  2.76201e+07
32  49  5.0477e+07
32  50  4.24723e+07
33  0  4.88155e+06
33  1  2.49959e+06
33  2  0
33  3  2.06773e+06
33  4  0
33  5  8.08413e+06
33  6  0
33  7  2.5347e+07
33  8  4.64349e+07
33  9  4.37738e+07
33  10  7e+07
33  11  5.57375e+07
33  12  4.9176e+07
33  13  2.44548e+07
33  14  3.2187e+07
33  15  2.33616e+07
33  16  3.49535e+07
33  17  4.89673e+07
33  18  3.11143e+07
33  19  4.73873e+07
33  20  6.85034e+07
33  21  8.60891e+07
33  22  5.8271e+07
33  23  7.22673e+07
33  24  7.19613e+07
33  25  1.09196e+08
33  26  2.54375e+07
33  27  2.38433e+07
33  28  1.58824e+07
33  29  1.75308e+07
33  30  0
33  31  0
33  32  5.17588e+06
33  33  2.54864e+07
33  34  2.87634e+07
33  35  6.42918e+07
33  36  3.43438e+07
33  37  3.40113e+07
33  38  5.1335e+07
33  39  4.4975e+07
33  40  2.50973e+07
33  41  1.0733e+07
33  42  3.98248e+07
33  43  4.89365e+06
33  44  0
33  45  0
33  46  8.84235e+06
33  47  1.74014e+07
33  48  3.18552e+07
33  49  4.92791e+07
33  50  4.99321e+07
34  0  0
34  1  0
34  2  0
34  3  1.4629e+07
34  4  8.42491e+06
34  5  296391
34  6  1.25305e+07
34  7  4.12382e+07
34  8  5.63802e+07
34  9  5.51489e+07
34  10  7.13131e+07
34  11  7.20139e+07
34  12  4.5507e+07
34  13  3.01214e+07
34  14  2.52843e+07
34  15  1.45667e+07
34  16  1.83457e+07
34  17  3.55305e+07
34  18  2.6097e+07
34  19  5.38215e+07
34  20  6.86945e+07
34  21  9.30418e+07
34  22  5.99666e+07
34  23  6.58195e+07
34  24  6.91476e+07
34  25  1.26636e+08
34  26  7.1665e+07
34  27  2.80967e+07
34  28  1.19633e+07
34  29  1.80098e+07
34  30  1.3042e+06
34  31  0
34  32  2.33577e+06
34  33  2.43499e+07
34  34  3.12311e+07
34  35  4.62186e+07
34  36  2.68145e+07
34  37  3.57953e+07
34  38  2.84619e+07
34  39  1.49436e+07
34  40  2.98124e+07
34  41  1.9757e+07
34  42  2.07759e+07
34  43  0
34  44  1.05286e+07
34  45  1.24174e+07
34  46  1.93438e+07
34  47  3.2703e+07
34  48  4.30426e+07
34  49  6.26523e+07
34  50  4.9541e+07
35  0  0
35  1  0
35  2  447712
35  3  6.3931e+06
35  4  0
35  5  0
35  6  0
35  7  2.53714e+07
35  8  4.93114e+07
35  9  6.11267e+07
35  10  8.7537e+07
35  11  4.06014e+07
35  12  2.32026e+07
35  13  4.91306e+07
35  14  2.22658e+07
35  15  2.04799e+07
35  16  2.8246e+07
35  17  3.12164e+07
35  18  2.18963e+07
35  19  4.87194e+07
35  20  8.39811e+07
35  21  8.51947e+07
35  22  3.47454e+07
35  23  6.46562e+07
35  24  7.26355e+07
35  25  8.60873e+07
35  26  8.62188e+07
35  27  2.81463e+07
35  28  1.64197e+07
35  29  9.45373e+06
35  30  0
35  31  3.43323e+06
35  32  9.70921e+06
35  33  2.91687e+07
35  34  5.61829e+07
35  35  4.58112e+07
35  36  4.23363e+07
35  37  4.25185e+07
35  38  4.04459e+07
35  39  3.76779e+07
35  40  3.47445e+07
35  41  2.11778e+07
35  42  2.0409e+07
35  43  0
35  44  9.51401e+06
35  45  0
35  46  1.31331e+07
35  47  4.62242e+07
35  48  7.93686e+07
35  49  6.92468e+07
35  50  3.00857e+07
36  0  275820
36  1  244128
36  2  1.44343e+06
36  3  0
36  4  0
36  5  0
36  6  7.15301e+06
36  7  3.67475e+07
36  8  6.77233e+07
36  9  6.39969e+07
36  10  7.22074e+07
36  11  4.77443e+07
36  12  1.13743e+07
36  13  227685
36  14  1.06781e+07
36  15  2.05247e+07
36  16  2.24704e+07
36  17  3.3684e+07
36  18  3.48695e+07
36  19  3.5093e+07
36  20  7.38484e+07
36  21  7.01934e+07
36  22  4.85626e+07
36  23  4.99269e+07
36  24  5.87741e+07
36  25  9.0257e+07
36  26  7.81922e+07
36  27  3.56881e+07
36  28  1.19169e+07
36  29  2.03869e+07
36  30  0
36  31  7.53702e+06
36  32  1.15211e+06
36  33  3.31274e+07
36  34  5.31848e+07
36  35  3.73261e+07
36  36  5.34342e+07
36  37  6.19363e+07
36  38  3.51503e+07
36  39  2.48525e+07
36  40  3.7546e+07
36  41  3.15137e+07
36  42  2.61034e+07
36  43  7.5526e+06
36  44  1.90494e+07
36  45  3.80521e+06
36  46  1.74557e+07
36  47  3.383e+07
36  48  6.67204e+07
36  49  6.78176e+07
36  50  2.00623e+07
37  0  0
37  1  4.47905e+06
37  2  0
37  3  0
37  4  0
37  5  1.01438e+07
37  6  1.26423e+07
37  7  1.6031e+07
37  8  2.96726e+07
37  9  5.42106e+07
37  10  5.56029e+07
37  11  3.98715e+07
37  12  2.25598e+07
37  13  2.6175e+07
37  14  1.19857e+07
37  15  1.05915e+07
37  16  2.65577e+07
37  17  1.45327e+07
37  18  7.18909e+07
37  19  6.03992e+07
37  20  8.78346e+07
37  21  8.44799e+07
37  22  7.24611e+07
37  23  3.01261e+07
37  24  5.22087e+07
37  25  7.11125e+07
37  26  6.94726e+07
37  27  4.73113e+07
37  28  8.86992e+06
37  29  1.85566e+07
37  30  1.35035e+07
37  31  4.77582e+06
37  32  3.48077e+07
37  33  2.37027e+07
37  34  4.89138e+07
37  35  4.86173e+07
37  36  5.42371e+07
37  37  5.84146e+07
37  38  2.74284e+07
37  39  4.78998e+07
37  40  4.13478e+07
37  41  2.59619e+07
37  42  2.59399e+07
37  43  2.68139e+06
37  44  1.11219e+07
37  45  3.78514e+06
37  46  1.36918e+07
37  47  6.53388e+07
37  48  6.29427e+07
37  49  3.74415e+07
37  50  2.22313e+07
38  0  960209
38  1  3.26519e+06
38  2  0
38  3  0
38  4  0
38  5  3.09461e+06
38  6  0
38  7  6.8741e+06
38  8  2.52067e+07
38  9  7.20972e+07
38  10  7.20101e+07
38  11  5.54437e+07
38  12  3.20231e+07
38  13  1.11558e+07
38  14  1.66817e+07
38  15  1.21795e+07
38  16  4.71711e+06
38  17  2.83615e+07
38  18  3.75056e+07
38  19  3.8553e+07
38  20  8.49631e+07
38  21  6.57533e+07
38  22  4.88914e+07
38  23  4.52954e+07
38  24  7.1772e+07
38  25  5.6883e+07
38  26  8.00491e+07
38  27  3.03852e+07
38  28  1.44817e+07
38  29  2.29378e+07
38  30  8.10466e+06
38  31  1.26578e+07
38  32  4.21334e+07
38  33  2.6331e+07
38  34  3.86656e+07
38  35  5.00055e+07
38  36  6.58187e+07
38  37  7.20004e+07
38  38  5.83153e+07
38  39  5.15871e+07
38  40  4.49968e+07
38  41  4.07228e+07
38  42  3.76339e+07
38  43  1.36871e+07
38  44  9.88493e+06
38  45  1.39764e+07
38  46  1.16751e+07
38  47  2.43692e+07
38  48  4.40905e+07
38  49  3.6203e+07
38  50  2.33743e+07
39  0  0
39  1  0
39  2  2.11637e+06
39  3  0
39  4  0
39  5  4.90717e+06
39  6  0
39  7  1.84302e+07
39  8  2.04581e+07
39  9  8.49414e+07
39  10  8.00577e+07
39  11  5.90159e+07
39  12  5.56988e+07
39  13  2.09286e+07
39  14  3.27917e+07
39  15  1.13126e+07
39  16  1.58731e+07
39  17  1.98618e+07
39  18  3.42523e+07
39  19  3.60765e+07
39  20  7.12811e+07
39  21  5.21974e+07
39  22  4.40326e+07
39  23  3.52035e+07
39  24  5.69945e+07
39  25  4.50017e+07
39  26  7.7264e+07
39  27  2.98619e+07
39  28  1.41396e+07
39  29  2.79815e+07
39  30  8.23359e+06
39  31  2.83832e+07
39  32  4.2679e+07
39  33  6.62797e+07
39  34  7.04892e+07
39  35  6.41682e+07
39  36  5.3938e+07
39  37  6.38506e+07
39  38  5.0064e+07
39  39  5.26935e+07
39  40  5.82457e+07
39  41  2.65965e+07
39  42  1.57738e+07
39  43  3.12224e+06
39  44  715671
39  45  4.39141e+06
39  46  0
39  47  1.76573e+07
39  48  1.26702e+07
39  49  9.64556e+06
39  50  0
40  0  0
40  1  0
40  2  0
40  3  0
40  4  1.36907e+07
40  5  0
40  6  0
40  7  1.45348e+07
40  8  3.05061e+07
40  9  7.10778e+07
40  10  1.38189e+08
40  11  7.77334e+07
40  12  7.62336e+07
40  13  5.45891e+07
40  14  4.80789e+07
40  15  5.58587e+07
40  16  2.87347e+07
40  17  2.53371e+07
40  18  3.51175e+07
40  19  3.88903e+07
40  20  5.17654e+07
40  21  4.94562e+07
40  22  4.81317e+07
40  23  3.93433e+07
40  24  4.57183e+07
40  25  6.41288e+07
40  26  8.13727e+07
40  27  5.07549e+07
40  28  3.36056e+07
40  29  4.16239e+07
40  30  2.82953e+07
40  31  2.8402e+07
40  32  4.14454e+07
40  33  7.89702e+07
40  34  8.13093e+07
40  35  6.47941e+07
40  36  5.77892e+07
40  37  5.05285e+07
40  38  4.91748e+07
40  39  4.2391e+07
40  40  8.3464e+07
40  41  4.51411e+07
40  42  1.40108e+07
40  43  6.00058e+06
40  44  0
40  45  8.74064e+06
40  46  4.8971e+06
40  47  4.06875e+07
40  48  0
40  49  1.12506e+07
40  50  9.43043e+06
41  0  3.22998e+06
41  1  0
41  2  0
41  3  0
41  4  267755
41  5  3.32305e+06
41  6  0
41  7  2.64877e+07
41  8  4.96828e+07
41  9  6.46023e+07
41  10  1.50845e+08
41  11  1.04573e+08
41  12  8.31011e+07
41  13  5.72876e+07
41  14  7.11379e+07
41  15  4.82293e+07
41  16  3.99092e+07
41  17  3.14517e+07
41  18  4.45188e+07
41  19  5.0327e+07
41  20  4.58902e+07
41  21  4.05291e+07
41  22  4.19365e+07
41  23  6.14568e+07
41  24  3.66006e+07
41  25  7.62394e+07
41  26  9.79365e+07
41  27  8.88262e+07
41  28  4.87767e+07
41  29  1.16438e+07
41  30  4.7027e+07
41  31  3.27679e+07
41  32  5.47823e+07
41  33  4.67385e+07
41  34  1.04272e+08
41  35  6.98863e+07
41  36  7.65885e+07
41  37  5.19813e+07
41  38  6.94317e+06
41  39  5.24713e+07
41  40  7.91167e+07
41  41  4.2012e+07
41  42  1.78084e+07
41  43  1.39395e+07
41  44  0
41  45  0
41  46  5.18031e+06
41  47  0
41  48  141277
41  49  3.82716e+06
41  50  4.80167e+06
42  0  9.03121e+06
42  1  0
42  2  0
42  3  4.8195e+06
42  4  0
42  5  78850.7
42  6  0
42  7  2.40664e+07
42  8  4.79952e+07
42  9  8.17234e+07
42  10  1.74154e+08
42  11  8.74592e+07
42  12  9.39536e+07
42  13  5.1508e+07
42  14  6.5508e+07
42  15  6.19006e+07
42  16  4.63385e+07
42  17  3.46163e+07
42  18  4.16133e+07
42  19  5.03694e+07
42  20  4.79192e+07
42  21  6.05401e+07
42  22  5.72315e+07
42  23  6.35039e+07
42  24  5.22396e+07
42  25  5.99945e+07
42  26  1.0254e+08
42  27  6.77666e+07
42  28  4.66735e+07
42  29  2.03002e+07
42  30  4.55419e+07
42  31  6.59316e+07
42  32  4.59944e+07
42  33  7.34879e+07
42  34  8.1221e+07
42  35  6.33281e+07
42  36  5.46802e+07
42  37  4.6173e+07
42  38  3.66617e+07
42  39  6.05024e+07
42  40  1.31705e+08
42  41  6.86931e+07
42  42  9.90231e+06
42  43  3.74664e+06
42  44  1.55655e+07
42  45  4.97204e+06
42  46  0
42  47  0
42  48  6.46498e+06
42  49  250129
42  50  9.53638e+06
43  0  0
43  1  4.26295e+06
43  2  1.24984e+06
43  3  0
43  4  0
43  5  2.96247e+06
43  6  0
43  7  1.30621e+06
43  8  6.7139e+07
43  9  1.29319e+08
43  10  2.75447e+08
43  11  1.29834e+08
43  12  8.9049e+07
43  13  7.36641e+07
43  14  7.61042e+07
43  15  7.85952e+07
43  16  4.75666e+07
43  17  2.61383e+07
43  18  4.09101e+07
43  19  4.95749e+07
43  20  3.46476e+07
43  21  4.85418e+07
43  22  5.09219e+07
43  23  5.34087e+07
43  24  5.27958e+07
43  25  1.04747e+08
43  26  1.2053e+08
43  27  5.24182e+07
43  28  4.10897e+07
43  29  4.2754e+07
43  30  6.72351e+07
43  31  4.64482e+07
43  32  5.87547e+07
43  33  9.56735e+07
43  34  1.03668e+08
43  35  6.70389e+07
43  36  5.0756e+07
43  37  5.28574e+07
43  38  3.25114e+07
43  39  6.64544e+07
43  40  1.24261e+08
43  41  8.98594e+07
43  42  1.27154e+07
43  43  1.04901e+07
43  44  0
43  45  0
43  46  1.05952e+07
43  47  0
43  48  5.00881e+06
43  49  0
43  50  0
44  0  0
44  1  0
44  2  456719
44  3  0
44  4  1.4218e+07
44  5  0
44  6  3.51024e+06
44  7  1.13948e+07
44  8  3.94889e+07
44  9  1.00999e+08
44  10  1.74614e+08
44  11  8.65707e+07
44  12  8.93725e+07
44  13  7.35183e+07
44  14  8.33009e+07
44  15  8.62157e+07
44  16  5.93001e+07
44  17  6.28607e+07
44  18  7.02236e+07
44  19  5.6887e+07
44  20  7.14751e+07
44  21  4.8758e+07
44  22  6.57663e+07
44  23  8.39815e+07
44  24  6.96103e+07
44  25  8.94096e+07
44  26  9.48175e+07
44  27  7.09183e+07
44  28  4.26537e+07
44  29  7.65333e+07
44  30  4.97511e+07
44  31  7.22177e+07
44  32  5.68561e+07
44  33  9.47252e+07
44  34  1.18424e+08
44  35  7.68479e+07
44  36  6.26829e+07
44  37  2.24419e+07
44  38  4.67484e+07
44  39  4.75909e+07
44  40  9.69819e+07
44  41  7.52554e+07
44  42  1.4144e+07
44  43  0
44  44  0
44  45  0
44  46  0
44  47  0
44  48  1.04863e+07
44  49  0
44  50  0
45  0  8.42589e+06
45  1  0
45  2  0
45  3  0
45  4  0
45  5  0
45  6  7.69634e+06
45  7  0
45  8  6.68529e+07
45  9  1.04214e+08
45  10  1.2447e+08
45  11  9.58395e+07
45  12  6.96234e+07
45  13  8.39576e+07
45  14  9.64997e+07
45  15  7.32329e+07
45  16  7.72888e+07
45  17  4.28769e+07
45  18  5.22354e+07
45  19  7.13006e+07
45  20  6.44257e+07
45  21  4.38951e+07
45  22  7.37589e+07
45  23  5.06466e+07
45  24  6.62322e+07
45  25  6.9443e+07
45  26  1.04094e+08
45  27  6.68968e+07
45  28  5.48672e+07
45  29  5.79064e+07
45  30  7.57834e+07
45  31  7.63284e+07
45  32  4.64036e+07
45  33  7.88658e+07
45  34  1.2834e+08
45  35  6.3713e+07
45  36  4.90658e+07
45  37  3.15322e+07
45  38  4.04524e+07
45  39  5.34532e+07
45  40  8.31393e+07
45  41  5.14629e+07
45  42  2.67045e+07
45  43  0
45  44  0
45  45  0
45  46  0
45  47  0
45  48  165806
45  49  0
45  50  0
46  0  0
46  1  2.60564e+06
46  2  2.61695e+06
46  3  1.34383e+06
46  4  5.48056e+06
46  5  0
46  6  4.962e+06
46  7  1.59626e+07
46  8  4.24895e+07
46  9  6.59892e+07
46  10  1.17411e+08
46  11  7.6951e+07
46  12  6.35671e+07
46  13  5.91978e+07
46  14  1.09601e+08
46  15  3.77766e+07
46  16  5.99762e+07
46  17  4.82346e+07
46  18  7.31869e+07
46  19  5.07167e+07
46  20  6.75364e+07
46  21  5.46328e+07
46  22  4.83279e+07
46  23  7.43132e+07
46  24  4.65007e+07
46  25  8.04631e+07
46  26  1.22935e+08
46  27  4.35666e+07
46  28  7.40057e+07
46  29  7.48337e+07
46  30  6.55474e+07
46  31  8.41159e+07
46  32  6.39861e+07
46  33  6.12062e+07
46  34  8.54861e+07
46  35  6.15139e+07
46  36  4.86315e+07
46  37  4.04915e+07
46  38  4.08287e+07
46  39  6.18768e+07
46  40  8.85923e+07
46  41  5.62266e+07
46  42  7.1654e+06
46  43  0
46  44  0
46  45  0
46  46  48458.2
46  47  0
46  48  0
46  49  0
46  50  3.06157e+06
47  0  4.89426e+06
47  1  9.11233e+06
47  2  7.72606e+06
47  3  1.11559e+07
47  4  0
47  5  858953
47  6  3.18244e+06
47  7  2.06669e+06
47  8  4.01073e+07
47  9  6.26859e+07
47  10  1.06793e+08
47  11  5.40096e+07
47  12  6.12206e+07
47  13  5.42221e+07
47  14  7.93303e+07
47  15  5.53519e+07
47  16  5.98877e+07
47  17  5.86901e+07
47  18  6.56109e+07
47  19  6.53642e+07
47  20  8.07591e+07
47  21  5.43694e+07
47  22  3.66225e+07
47  23  6.40181e+07
47  24  8.63519e+07
47  25  6.26402e+07
47  26  1.18421e+08
47  27  4.2816e+07
47  28  6.44964e+07
47  29  7.03037e+07
47  30  8.09877e+07
47  31  8.94955e+07
47  32  4.47394e+07
47  33  7.51058e+07
47  34  8.9275e+07
47  35  3.96178e+07
47  36  4.17734e+07
47  37  3.13862e+07
47  38  2.68572e+07
47  39  6.79164e+07
47  40  9.38294e+07
47  41  3.65443e+07
47  42  6.75675e+06
47  43  3.40475e+06
47  44  0
47  45  0
47  46  1.20624e+06
47  47  0
47  48  0
47  49  585204
47  50  0
48  0  0
48  1  1.56493e+07
48  2  0
48  3  0
48  4  2.081e+06
48  5  0
48  6  1.0455e+07
48  7  0
48  8  2.15744e+07
48  9  6.1619e+07
48  10  8.36605e+07
48  11  6.01802e+07
48  12  4.35604e+07
48  13  5.12047e+07
48  14  7.88161e+07
48  15  6.38746e+07
48  16  5.23458e+07
48  17  6.06544e+07
48  18  6.32915e+07
48  19  6.69856e+07
48  20  6.01668e+07
48  21  7.57251e+07
48  22  4.06589e+07
48  23  4.94953e+07
48  24  6.11348e+07
48  25  5.90549e+07
48  26  1.07472e+08
48  27  5.20619e+07
48  28  7.86998e+07
48  29  5.8389e+07
48  30  8.49889e+07
48  31  1.10433e+08
48  32  7.55019e+07
48  33  7.1475e+07
48  34  6.43293e+07
48  35  2.1853e+07
48  36  3.53638e+07
48  37  3.29069e+07
48  38  3.65543e+07
48  39  7.04415e+07
48  40  6.23746e+07
48  41  6.87418e+07
48  42  9.49334e+06
48  43  1.7605e+06
48  44  8.38676e+06
48  45  0
48  46  0
48  47  0
48  48  0
48  49  626386
48  50  7.43057e+06
49  0  0
49  1  2.36329e+07
49  2  2.16243e+06
49  3  0
49  4  0
49  5  0
49  6  1.38712e+07
49  7  1.09537e+07
49  8  2.25771e+07
49  9  6.79202e+07
49  10  1.02193e+08
49  11  6.59085e+07
49  12  5.08519e+07
49  13  6.51118e+07
49  14  6.0945e+07
49  15  5.27445e+07
49  16  7.0543e+07
49  17  6.07548e+07
49  18  6.01441e+07
49  19  4.726e+07
49  20  5.22546e+07
49  21  5.4207e+07
49  22  7.17874e+07
49  23  7.28884e+07
49  24  6.81497e+07
49  25  8.70803e+07
49  26  9.88395e+07
49  27  4.67345e+07
49  28  7.96011e+07
49  29  6.18375e+07
49  30  6.94494e+07
49  31  1.33675e+08
49  32  7.41645e+07
49  33  7.28931e+07
49  34  5.40826e+07
49  35  2.50629e+07
49  36  3.33656e+07
49  37  2.33779e+07
49  38  5.38485e+07
49  39  4.74992e+07
49  40  5.5975e+07
49  41  4.35008e+07
49  42  8.90166e+06
49  43  6.24976e+06
49  44  198897
49  45  0
49  46  0
49  47  4.29446e+06
49  48  8.07502e+06
49  49  3.0271e+06
49  50  2.09572e+06
50  0  1.34811e+06
50  1  0
50  2  0
50  3  0
50  4  0
50  5  3.32861e+06
50  6  7.26682e+06
50  7  1.82005e+07
50  8  4.22802e+07
50  9  3.58915e+07
50  10  9.255e+07
50  11  1.11103e+08
50  12  5.65934e+07
50  13  7.5611e+07
50  14  7.81017e+07
50  15  7.26571e+07
50  16  5.22377e+07
50  17  7.16679e+07
50  18  6.12265e+07
50  19  3.79712e+07
50  20  7.23351e+07
50  21  5.36645e+07
50  22  4.6133e+07
50  23  5.59407e+07
50  24  6.92558e+07
50  25  5.86895e+07
50  26  8.6392e+07
50  27  6.04206e+07
50  28  7.16348e+07
50  29  5.41161e+07
50  30  8.23945e+07
50  31  9.41458e+07
50  32  5.79381e+07
50  33  6.4235e+07
50  34  7.30587e+07
50  35  2.8535e+07
50  36  4.27708e+07
50  37  5.16185e+07
50  38  3.90854e+07
50  39  7.11435e+07
50  40  6.14005e+07
50  41  4.16279e+07
50  42  1.08024e+07
50  43  1.46327e+07
50  44  0
50  45  4.60237e+06
50  46  0
50  47  2.52969e+06
50  48  0
50  49  8.45609e+06
50  50  0

