row  column  (images_26_413.edf Mn-K*images_26_413.edf Ar-K**2.3)
0  0  0
0  1  3.30905e+07
0  2  6.50234e+06
0  3  2.43064e+07
0  4  1.51273e+07
0  5  1.94584e+07
0  6  3.85858e+07
0  7  2.62191e+07
0  8  8.21946e+06
0  9  3.39082e+07
0  10  1.61982e+07
0  11  3.50962e+07
0  12  2.67919e+07
0  13  1.5414e+07
0  14  1.61576e+07
0  15  2.28785e+07
0  16  2.12684e+07
0  17  1.09543e+07
0  18  1.907e+07
0  19  1.14723e+07
0  20  1.70979e+07
0  21  7.37479e+06
0  22  1.80268e+07
0  23  1.57098e+07
0  24  2.04437e+07
0  25  5.95048e+06
0  26  2.71848e+07
0  27  2.31606e+07
0  28  1.56735e+07
0  29  1.15179e+07
0  30  2.64483e+07
0  31  1.06862e+07
0  32  1.44114e+07
0  33  1.82215e+07
0  34  2.29241e+07
0  35  1.67975e+07
0  36  9.88524e+06
0  37  1.96917e+07
0  38  1.9483e+07
0  39  1.48764e+07
0  40  1.12245e+07
0  41  1.50892e+07
0  42  1.45053e+07
0  43  2.8145e+07
0  44  1.40828e+07
0  45  3.16933e+07
0  46  1.25738e+07
0  47  2.2071e+07
0  48  1.85714e+07
0  49  3.20637e+07
0  50  1.11371e+07
1  0  1.68825e+07
1  1  2.49131e+07
1  2  6.13694e+06
1  3  2.70818e+07
1  4  2.84666e+07
1  5  2.04821e+07
1  6  1.10897e+07
1  7  9.15165e+06
1  8  2.57526e+07
1  9  1.13933e+07
1  10  3.11257e+07
1  11  1.76016e+07
1  12  1.52998e+07
1  13  2.49211e+07
1  14  2.23301e+07
1  15  9.03004e+06
1  16  1.20396e+07
1  17  5.63601e+06
1  18  1.10945e+07
1  19  1.18223e+07
1  20  8.79874e+06
1  21  1.06828e+07
1  22  3.30522e+07
1  23  2.58238e+07
1  24  2.35369e+07
1  25  1.31442e+07
1  26  1.1643e+07
1  27  2.2702e+07
1  28  2.11449e+07
1  29  1.73956e+07
1  30  1.54812e+07
1  31  1.56016e+07
1  32  1.8028e+07
1  33  1.71238e+07
1  34  1.83274e+07
1  35  1.46592e+07
1  36  9.01686e+06
1  37  1.41518e+07
1  38  1.21795e+07
1  39  2.00157e+07
1  40  2.48113e+07
1  41  1.41985e+07
1  42  1.19075e+07
1  43  1.60873e+07
1  44  1.51378e+07
1  45  1.47948e+07
1  46  2.6479e+07
1  47  9.30767e+06
1  48  1.55079e+07
1  49  1.83669e+07
1  50  2.77722e+07
2  0  3.33582e+07
2  1  9.15633e+06
2  2  2.95689e+07
2  3  3.26981e+07
2  4  1.43681e+07
2  5  3.98102e+07
2  6  2.34218e+07
2  7  2.66018e+07
2  8  1.95892e+07
2  9  1.69331e+07
2  10  2.81059e+07
2  11  1.66253e+07
2  12  2.13256e+07
2  13  2.4932e+07
2  14  1.93731e+07
2  15  1.17133e+07
2  16  1.2731e+07
2  17  9.8605e+06
2  18  2.13829e+07
2  19  2.63641e+07
2  20  1.83439e+07
2  21  1.03141e+07
2  22  1.94455e+07
2  23  1.69058e+07
2  24  1.47559e+07
2  25  1.61024e+07
2  26  1.44642e+07
2  27  9.95525e+06
2  28  1.17233e+07
2  29  1.55267e+07
2  30  1.75459e+07
2  31  3.00904e+07
2  32  8.99474e+06
2  33  7.09044e+06
2  34  1.35207e+07
2  35  1.4663e+07
2  36  2.4164e+07
2  37  1.96763e+07
2  38  2.27663e+07
2  39  1.15802e+07
2  40  2.19172e+07
2  41  4.70731e+06
2  42  8.64954e+06
2  43  1.73119e+07
2  44  1.9249e+07
2  45  2.56166e+07
2  46  1.86191e+07
2  47  1.90727e+07
2  48  1.72017e+07
2  49  1.89384e+07
2  50  1.22097e+07
3  0  4.23314e+06
3  1  1.48209e+07
3  2  1.80743e+07
3  3  3.20666e+07
3  4  3.58467e+07
3  5  2.37792e+07
3  6  3.2708e+07
3  7  2.3169e+07
3  8  2.99779e+07
3  9  1.93915e+07
3  10  2.25283e+07
3  11  1.94315e+07
3  12  1.63368e+07
3  13  3.03912e+07
3  14  2.364e+07
3  15  1.58795e+07
3  16  2.35246e+07
3  17  1.16118e+07
3  18  4.93401e+06
3  19  2.11046e+07
3  20  3.56885e+07
3  21  1.08425e+07
3  22  1.59921e+07
3  23  9.81045e+06
3  24  1.78791e+07
3  25  2.17255e+07
3  26  2.22071e+07
3  27  2.74232e+07
3  28  1.50274e+07
3  29  1.62318e+07
3  30  1.36442e+07
3  31  2.63656e+07
3  32  6.55262e+06
3  33  1.5812e+07
3  34  1.70514e+07
3  35  2.08654e+07
3  36  1.86197e+07
3  37  1.29518e+07
3  38  1.68424e+07
3  39  1.8361e+07
3  40  1.99662e+07
3  41  1.97634e+07
3  42  1.62265e+07
3  43  2.13562e+07
3  44  1.34806e+07
3  45  2.17123e+07
3  46  2.82592e+07
3  47  1.53443e+07
3  48  3.32142e+07
3  49  2.17549e+07
3  50  1.974e+07
4  0  1.38598e+07
4  1  1.98953e+07
4  2  2.10741e+07
4  3  2.85373e+07
4  4  4.24195e+07
4  5  2.57245e+07
4  6  3.27592e+07
4  7  1.70557e+07
4  8  1.91443e+07
4  9  2.59206e+07
4  10  1.3176e+07
4  11  1.87374e+07
4  12  2.58303e+07
4  13  2.34152e+07
4  14  1.23527e+07
4  15  2.21941e+07
4  16  1.48139e+07
4  17  1.95528e+07
4  18  7.31824e+06
4  19  1.98581e+07
4  20  1.75888e+07
4  21  1.07437e+07
4  22  2.91402e+07
4  23  2.2566e+07
4  24  1.73588e+07
4  25  7.20124e+06
4  26  9.85571e+06
4  27  2.12713e+07
4  28  1.47542e+07
4  29  1.23283e+07
4  30  2.81265e+07
4  31  2.78869e+07
4  32  1.44992e+07
4  33  1.24405e+07
4  34  2.18312e+07
4  35  7.2213e+06
4  36  1.7088e+07
4  37  1.68824e+07
4  38  1.71503e+07
4  39  1.80827e+07
4  40  1.38461e+07
4  41  1.66737e+07
4  42  1.59607e+07
4  43  1.09555e+07
4  44  1.55318e+07
4  45  1.73895e+07
4  46  2.34323e+07
4  47  2.37511e+07
4  48  2.55124e+07
4  49  1.55355e+07
4  50  1.57836e+07
5  0  2.60185e+07
5  1  2.69661e+07
5  2  2.1232e+07
5  3  1.89825e+07
5  4  2.1618e+07
5  5  2.14238e+07
5  6  1.99163e+07
5  7  1.83082e+07
5  8  2.51987e+07
5  9  9.73731e+06
5  10  1.23786e+07
5  11  1.42689e+07
5  12  2.02323e+07
5  13  1.33965e+07
5  14  2.12738e+07
5  15  2.57892e+07
5  16  5.13784e+06
5  17  1.567e+07
5  18  1.49628e+07
5  19  1.76187e+07
5  20  1.89247e+07
5  21  1.29674e+07
5  22  6.15067e+06
5  23  1.03923e+07
5  24  1.19382e+07
5  25  1.55202e+07
5  26  1.65547e+07
5  27  1.96049e+07
5  28  1.28441e+07
5  29  2.59122e+07
5  30  1.92123e+07
5  31  1.99442e+07
5  32  1.71674e+07
5  33  1.31792e+07
5  34  6.82651e+06
5  35  1.26005e+07
5  36  1.86253e+07
5  37  1.36333e+07
5  38  1.24648e+07
5  39  2.38222e+07
5  40  2.46372e+07
5  41  1.21179e+07
5  42  1.57628e+07
5  43  2.25106e+07
5  44  1.66762e+07
5  45  1.26972e+07
5  46  2.1128e+07
5  47  2.56276e+07
5  48  2.43589e+07
5  49  1.35792e+07
5  50  1.92434e+07
6  0  1.95862e+07
6  1  1.9423e+07
6  2  9.2107e+06
6  3  2.33853e+07
6  4  1.83919e+07
6  5  1.4542e+07
6  6  2.75836e+07
6  7  2.62902e+07
6  8  2.24328e+07
6  9  1.29958e+07
6  10  2.3101e+07
6  11  2.5843e+07
6  12  1.23826e+07
6  13  2.58332e+07
6  14  8.75325e+06
6  15  1.93638e+07
6  16  2.70912e+07
6  17  2.90601e+07
6  18  3.27638e+07
6  19  1.01817e+07
6  20  2.61397e+07
6  21  7.54741e+06
6  22  1.86518e+07
6  23  2.15996e+07
6  24  1.56185e+07
6  25  1.81094e+07
6  26  2.24027e+07
6  27  2.83089e+07
6  28  1.23706e+07
6  29  2.0775e+07
6  30  2.90298e+07
6  31  1.46489e+07
6  32  1.5258e+07
6  33  1.97006e+07
6  34  1.27722e+07
6  35  1.76776e+07
6  36  2.20832e+07
6  37  6.50187e+06
6  38  1.27689e+07
6  39  2.41833e+07
6  40  2.19111e+07
6  41  1.39724e+07
6  42  7.77145e+06
6  43  2.83521e+07
6  44  2.6546e+07
6  45  1.27953e+07
6  46  1.52877e+07
6  47  1.10019e+07
6  48  2.31e+07
6  49  2.2299e+07
6  50  8.54575e+06
7  0  2.18689e+07
7  1  1.5908e+07
7  2  3.82525e+07
7  3  1.95702e+07
7  4  2.84886e+07
7  5  1.32689e+07
7  6  1.62984e+07
7  7  1.72998e+07
7  8  1.06361e+07
7  9  2.67475e+07
7  10  1.03764e+07
7  11  1.97442e+07
7  12  1.9354e+07
7  13  2.83694e+07
7  14  2.70473e+07
7  15  1.85949e+07
7  16  1.76488e+07
7  17  7.55086e+06
7  18  1.44396e+07
7  19  1.73609e+07
7  20  2.13821e+07
7  21  1.33954e+07
7  22  1.41392e+07
7  23  2.98509e+07
7  24  1.73862e+07
7  25  1.80984e+07
7  26  2.22001e+07
7  27  1.33133e+07
7  28  1.75981e+07
7  29  1.55172e+07
7  30  1.98933e+07
7  31  2.39353e+07
7  32  9.48834e+06
7  33  2.48851e+07
7  34  2.38389e+07
7  35  1.46803e+07
7  36  2.41888e+07
7  37  1.17562e+07
7  38  1.94955e+07
7  39  1.45365e+07
7  40  1.09762e+07
7  41  1.05114e+07
7  42  6.87213e+06
7  43  2.31916e+07
7  44  1.45081e+07
7  45  9.29692e+06
7  46  1.76241e+07
7  47  1.51906e+07
7  48  2.30683e+07
7  49  2.41247e+07
7  50  1.8388e+07
8  0  2.97614e+07
8  1  1.27828e+07
8  2  2.59029e+07
8  3  1.76914e+07
8  4  2.44859e+07
8  5  2.00004e+07
8  6  2.55923e+07
8  7  2.70195e+07
8  8  3.16744e+07
8  9  2.87438e+07
8  10  2.49065e+07
8  11  1.89298e+07
8  12  1.53527e+07
8  13  1.93119e+07
8  14  2.26125e+07
8  15  2.32487e+07
8  16  1.98134e+07
8  17  2.16111e+07
8  18  2.25017e+07
8  19  2.18781e+07
8  20  1.21051e+07
8  21  2.4155e+07
8  22  1.83216e+07
8  23  8.62951e+06
8  24  2.16101e+07
8  25  1.66002e+07
8  26  1.60913e+07
8  27  1.39489e+07
8  28  1.56967e+07
8  29  2.08249e+07
8  30  2.05456e+07
8  31  2.58168e+07
8  32  2.15325e+07
8  33  9.35067e+06
8  34  1.68384e+07
8  35  1.4504e+07
8  36  1.44986e+07
8  37  2.37527e+07
8  38  1.57873e+07
8  39  1.91741e+07
8  40  1.40532e+07
8  41  2.00064e+07
8  42  7.82941e+06
8  43  1.3988e+07
8  44  1.41829e+07
8  45  2.32158e+07
8  46  2.1469e+07
8  47  1.48055e+07
8  48  2.07014e+07
8  49  2.18629e+07
8  50  9.20231e+06
9  0  3.10915e+07
9  1  1.58155e+07
9  2  2.26228e+07
9  3  2.93569e+07
9  4  2.71243e+07
9  5  1.44129e+07
9  6  2.4471e+07
9  7  2.66982e+07
9  8  2.45793e+07
9  9  3.139e+07
9  10  1.26273e+07
9  11  2.1378e+07
9  12  2.33458e+07
9  13  1.50956e+07
9  14  1.06725e+07
9  15  2.17363e+07
9  16  1.90293e+07
9  17  1.60291e+07
9  18  1.85383e+07
9  19  2.67036e+07
9  20  1.88515e+07
9  21  1.22772e+07
9  22  2.23864e+07
9  23  1.84751e+07
9  24  5.84774e+06
9  25  2.36528e+07
9  26  1.97812e+07
9  27  1.12117e+07
9  28  2.71952e+07
9  29  1.8514e+07
9  30  2.10438e+07
9  31  3.95461e+06
9  32  1.6245e+07
9  33  9.3058e+06
9  34  1.71878e+07
9  35  1.24484e+07
9  36  1.28002e+07
9  37  1.33578e+07
9  38  1.57243e+07
9  39  2.2125e+07
9  40  8.37149e+06
9  41  1.58458e+07
9  42  2.7071e+07
9  43  2.66596e+07
9  44  1.65933e+07
9  45  1.05939e+07
9  46  1.56829e+07
9  47  4.42996e+06
9  48  1.58629e+07
9  49  1.87423e+07
9  50  1.5995e+07
10  0  2.33527e+07
10  1  2.80172e+07
10  2  1.87768e+07
10  3  3.38688e+07
10  4  2.10283e+07
10  5  1.9515e+07
10  6  1.82748e+07
10  7  2.20456e+07
10  8  1.21861e+07
10  9  3.40726e+07
10  10  2.19097e+07
10  11  1.55167e+07
10  12  2.70566e+07
10  13  1.5959e+07
10  14  2.3188e+07
10  15  2.57642e+07
10  16  1.39898e+07
10  17  1.56978e+07
10  18  1.63595e+07
10  19  2.25455e+07
10  20  2.39201e+07
10  21  9.43246e+06
10  22  1.46213e+07
10  23  1.65917e+07
10  24  9.39756e+06
10  25  1.0596e+07
10  26  1.74781e+07
10  27  2.15562e+07
10  28  2.19559e+07
10  29  1.97577e+07
10  30  1.17533e+07
10  31  8.28478e+06
10  32  2.6299e+07
10  33  1.55091e+07
10  34  1.64294e+07
10  35  2.47918e+07
10  36  1.66856e+07
10  37  1.73357e+07
10  38  1.92503e+07
10  39  1.47509e+07
10  40  2.28442e+07
10  41  1.28527e+07
10  42  1.52246e+07
10  43  2.13796e+07
10  44  2.03218e+07
10  45  1.95977e+07
10  46  1.88229e+07
10  47  2.24239e+07
10  48  2.47694e+07
10  49  1.73461e+07
10  50  2.41382e+07
11  0  1.6067e+07
11  1  3.03593e+07
11  2  3.02272e+07
11  3  3.54196e+07
11  4  3.19947e+07
11  5  1.36966e+07
11  6  1.3007e+07
11  7  2.66484e+07
11  8  2.35051e+07
11  9  3.14545e+07
11  10  1.50714e+07
11  11  2.30049e+07
11  12  2.17592e+07
11  13  8.36867e+06
11  14  1.35879e+07
11  15  2.23363e+07
11  16  2.87532e+07
11  17  2.53813e+07
11  18  1.78549e+07
11  19  2.18238e+07
11  20  2.60135e+07
11  21  1.57086e+07
11  22  2.36101e+07
11  23  1.53481e+07
11  24  2.36934e+07
11  25  1.51128e+07
11  26  1.91769e+07
11  27  1.69685e+07
11  28  1.79476e+07
11  29  2.71489e+07
11  30  1.81928e+07
11  31  1.89895e+07
11  32  1.45856e+07
11  33  2.21563e+07
11  34  2.52062e+07
11  35  1.26947e+07
11  36  4.8262e+06
11  37  2.60264e+07
11  38  5.33245e+06
11  39  2.57217e+07
11  40  2.14066e+07
11  41  1.80759e+07
11  42  1.84847e+07
11  43  1.70329e+07
11  44  9.65062e+06
11  45  1.58042e+07
11  46  2.50908e+07
11  47  1.66721e+07
11  48  3.64369e+07
11  49  1.84452e+07
11  50  2.55704e+07
12  0  3.6001e+07
12  1  3.10084e+07
12  2  2.09029e+07
12  3  2.04196e+07
12  4  2.87963e+07
12  5  2.42914e+07
12  6  2.73439e+07
12  7  2.73447e+07
12  8  1.84196e+07
12  9  2.85075e+07
12  10  2.49316e+07
12  11  1.75766e+07
12  12  5.48484e+06
12  13  2.51606e+07
12  14  2.41531e+07
12  15  2.50839e+07
12  16  1.19684e+07
12  17  2.04964e+07
12  18  7.95551e+06
12  19  7.84547e+06
12  20  2.14619e+07
12  21  1.98829e+07
12  22  1.84911e+07
12  23  1.93129e+07
12  24  1.01373e+07
12  25  1.56786e+07
12  26  1.56797e+07
12  27  5.78347e+06
12  28  1.60814e+07
12  29  1.05578e+07
12  30  2.62303e+07
12  31  1.58575e+07
12  32  1.87215e+07
12  33  4.02722e+07
12  34  2.06395e+07
12  35  3.227e+07
12  36  2.27204e+07
12  37  1.62266e+07
12  38  8.61206e+06
12  39  5.23769e+06
12  40  1.68366e+07
12  41  1.18008e+07
12  42  2.12648e+07
12  43  3.25708e+07
12  44  2.61582e+07
12  45  1.48175e+07
12  46  2.02587e+07
12  47  1.65777e+07
12  48  1.32096e+07
12  49  2.80119e+07
12  50  1.44186e+07
13  0  1.43551e+07
13  1  2.25876e+07
13  2  2.96419e+07
13  3  2.23825e+07
13  4  1.73749e+07
13  5  2.71247e+07
13  6  3.40039e+07
13  7  2.3461e+07
13  8  3.17779e+07
13  9  2.40877e+07
13  10  2.25345e+07
13  11  1.67321e+07
13  12  1.24375e+07
13  13  2.46541e+07
13  14  5.34321e+06
13  15  1.34189e+07
13  16  2.20224e+07
13  17  2.42404e+07
13  18  1.84492e+07
13  19  1.23806e+07
13  20  2.97039e+07
13  21  1.89491e+07
13  22  2.39166e+07
13  23  1.01317e+07
13  24  1.98982e+07
13  25  9.32035e+06
13  26  1.31491e+07
13  27  1.98351e+07
13  28  1.21994e+07
13  29  2.21956e+07
13  30  1.69471e+07
13  31  2.32592e+07
13  32  1.4926e+07
13  33  2.53316e+07
13  34  2.91976e+07
13  35  1.45627e+07
13  36  7.98911e+06
13  37  1.03985e+07
13  38  1.9687e+06
13  39  1.43947e+07
13  40  1.94311e+07
13  41  2.11589e+07
13  42  2.12793e+07
13  43  2.2047e+07
13  44  1.66131e+07
13  45  1.90902e+07
13  46  1.56599e+07
13  47  1.01194e+07
13  48  1.22418e+07
13  49  1.31548e+07
13  50  2.14644e+07
14  0  1.58729e+07
14  1  1.79518e+07
14  2  2.36866e+07
14  3  3.18197e+07
14  4  2.94322e+07
14  5  1.85619e+07
14  6  2.96724e+07
14  7  1.75861e+07
14  8  2.655e+07
14  9  3.38333e+07
14  10  1.98312e+07
14  11  2.81725e+07
14  12  2.43506e+07
14  13  2.57632e+07
14  14  1.83713e+07
14  15  2.31775e+07
14  16  2.69708e+07
14  17  1.56276e+07
14  18  2.16201e+07
14  19  2.02883e+07
14  20  2.03363e+07
14  21  2.8097e+07
14  22  1.69511e+07
14  23  2.45636e+07
14  24  2.32379e+07
14  25  1.36604e+07
14  26  2.18328e+07
14  27  2.17293e+07
14  28  1.68606e+07
14  29  2.17747e+07
14  30  1.80971e+07
14  31  1.39288e+07
14  32  1.85387e+07
14  33  9.09901e+06
14  34  1.40763e+07
14  35  1.89062e+07
14  36  1.50377e+07
14  37  2.4684e+07
14  38  1.49286e+07
14  39  9.0209e+06
14  40  1.95602e+07
14  41  1.61265e+07
14  42  1.57929e+07
14  43  2.1703e+07
14  44  2.59154e+07
14  45  2.10995e+07
14  46  1.51071e+07
14  47  3.285e+07
14  48  2.85546e+07
14  49  1.8823e+07
14  50  1.71685e+07
15  0  9.07241e+06
15  1  2.66287e+07
15  2  3.22103e+07
15  3  2.22656e+07
15  4  3.178e+07
15  5  2.60644e+07
15  6  1.37767e+07
15  7  2.95179e+07
15  8  1.37148e+07
15  9  1.423e+07
15  10  2.00601e+07
15  11  2.51557e+07
15  12  1.79019e+07
15  13  2.23942e+07
15  14  1.39792e+07
15  15  4.88649e+06
15  16  2.08e+07
15  17  7.886e+06
15  18  2.61317e+07
15  19  1.14134e+07
15  20  3.07634e+07
15  21  2.31651e+07
15  22  2.0417e+07
15  23  1.40619e+07
15  24  1.17797e+07
15  25  1.5093e+07
15  26  1.64676e+07
15  27  1.56527e+07
15  28  2.18151e+07
15  29  1.77661e+07
15  30  2.05899e+07
15  31  2.67254e+07
15  32  9.16306e+06
15  33  3.03479e+07
15  34  1.80922e+07
15  35  8.06444e+06
15  36  2.55278e+07
15  37  1.42913e+07
15  38  1.41712e+07
15  39  1.28767e+07
15  40  1.95225e+07
15  41  1.7535e+07
15  42  1.13546e+07
15  43  1.80347e+07
15  44  2.18251e+07
15  45  1.99628e+07
15  46  1.44265e+07
15  47  2.79598e+07
15  48  2.80184e+07
15  49  1.98875e+07
15  50  1.85225e+07
16  0  1.66145e+07
16  1  3.39169e+07
16  2  1.4479e+07
16  3  2.83182e+07
16  4  4.05143e+07
16  5  1.78967e+07
16  6  1.77303e+07
16  7  2.13551e+07
16  8  3.13841e+07
16  9  1.82125e+07
16  10  1.45437e+07
16  11  1.5305e+07
16  12  2.03146e+07
16  13  9.56234e+06
16  14  2.72941e+07
16  15  1.31023e+07
16  16  1.86439e+07
16  17  5.62383e+06
16  18  8.01509e+06
16  19  2.88634e+07
16  20  2.56664e+07
16  21  2.42152e+07
16  22  1.85221e+07
16  23  1.98811e+07
16  24  2.08671e+07
16  25  2.24383e+07
16  26  8.48202e+06
16  27  1.90307e+07
16  28  2.17471e+07
16  29  1.0912e+07
16  30  2.39344e+07
16  31  2.52431e+07
16  32  2.7775e+07
16  33  2.49487e+07
16  34  1.35584e+07
16  35  2.13984e+07
16  36  2.71897e+07
16  37  1.50175e+07
16  38  2.10329e+07
16  39  2.01691e+07
16  40  1.20905e+07
16  41  9.75234e+06
16  42  2.89864e+07
16  43  2.62634e+07
16  44  2.2258e+07
16  45  1.42049e+07
16  46  2.04171e+07
16  47  2.59796e+07
16  48  2.21947e+07
16  49  1.69428e+07
16  50  8.47267e+06
17  0  3.037e+07
17  1  3.29414e+07
17  2  2.70471e+07
17  3  2.15612e+07
17  4  3.21852e+07
17  5  2.44359e+07
17  6  1.73551e+07
17  7  2.75655e+07
17  8  2.48222e+07
17  9  2.47307e+07
17  10  1.82349e+07
17  11  2.70786e+07
17  12  1.54761e+07
17  13  1.87909e+07
17  14  1.28997e+07
17  15  2.02126e+07
17  16  2.40735e+07
17  17  1.02416e+07
17  18  1.20971e+07
17  19  3.26484e+07
17  20  1.70652e+07
17  21  3.46706e+07
17  22  2.31423e+07
17  23  1.42136e+07
17  24  3.30996e+07
17  25  2.12345e+07
17  26  1.99513e+07
17  27  9.72352e+06
17  28  2.7607e+07
17  29  1.47695e+07
17  30  2.50292e+07
17  31  1.61295e+07
17  32  1.66671e+07
17  33  2.35838e+07
17  34  2.29609e+07
17  35  2.91664e+07
17  36  1.16544e+07
17  37  1.75846e+07
17  38  8.83367e+06
17  39  2.0043e+07
17  40  2.10242e+07
17  41  1.75904e+07
17  42  1.36094e+07
17  43  2.78552e+07
17  44  1.69588e+07
17  45  1.62823e+07
17  46  1.90341e+07
17  47  2.28017e+07
17  48  1.93335e+07
17  49  1.83898e+07
17  50  1.61962e+07
18  0  5.04863e+07
18  1  3.46199e+07
18  2  2.46878e+07
18  3  1.93364e+07
18  4  2.66133e+07
18  5  1.80879e+07
18  6  1.90213e+07
18  7  2.7225e+07
18  8  2.34071e+07
18  9  2.0808e+07
18  10  2.68143e+07
18  11  6.14719e+06
18  12  2.6092e+07
18  13  1.88556e+07
18  14  2.21809e+07
18  15  1.27453e+07
18  16  3.39444e+07
18  17  1.68198e+07
18  18  1.57573e+07
18  19  3.99815e+07
18  20  1.53131e+07
18  21  1.7914e+07
18  22  1.55667e+07
18  23  2.52331e+07
18  24  6.94499e+06
18  25  1.45417e+07
18  26  2.21129e+07
18  27  1.51961e+07
18  28  3.1068e+07
18  29  2.47101e+07
18  30  3.05365e+07
18  31  2.02531e+07
18  32  1.68696e+07
18  33  1.08333e+07
18  34  2.37092e+07
18  35  1.43946e+07
18  36  2.51714e+07
18  37  1.51097e+07
18  38  1.5271e+07
18  39  3.36337e+07
18  40  2.39995e+07
18  41  2.76995e+07
18  42  1.46764e+07
18  43  2.9406e+07
18  44  2.73453e+07
18  45  1.70693e+07
18  46  1.31747e+07
18  47  2.02446e+07
18  48  1.54264e+07
18  49  2.21429e+07
18  50  3.10073e+07
19  0  3.00003e+07
19  1  2.11292e+07
19  2  1.34636e+07
19  3  4.57219e+07
19  4  2.78928e+07
19  5  1.5206e+07
19  6  1.62418e+07
19  7  3.20874e+07
19  8  1.87591e+07
19  9  9.51583e+06
19  10  3.30826e+07
19  11  1.32912e+07
19  12  2.02466e+07
19  13  9.24724e+06
19  14  1.95607e+07
19  15  1.05964e+07
19  16  1.51421e+07
19  17  2.12451e+07
19  18  1.97741e+07
19  19  2.01558e+07
19  20  2.51213e+07
19  21  1.76477e+07
19  22  2.71575e+07
19  23  1.91922e+07
19  24  2.8053e+07
19  25  1.25049e+07
19  26  2.20765e+07
19  27  1.52018e+07
19  28  2.04381e+07
19  29  1.39443e+07
19  30  1.89311e+07
19  31  2.07804e+07
19  32  1.5167e+07
19  33  1.3124e+07
19  34  1.19314e+07
19  35  2.17818e+07
19  36  2.18281e+07
19  37  2.28406e+07
19  38  8.94238e+06
19  39  1.62848e+07
19  40  1.42408e+07
19  41  1.34909e+07
19  42  1.05628e+07
19  43  3.67189e+07
19  44  1.88956e+07
19  45  2.88271e+07
19  46  1.90008e+07
19  47  1.27312e+07
19  48  2.85236e+07
19  49  1.14077e+07
19  50  1.66383e+07
20  0  2.78768e+07
20  1  2.21585e+07
20  2  2.62947e+07
20  3  2.6063e+07
20  4  2.79695e+07
20  5  2.70824e+07
20  6  2.6565e+07
20  7  1.47492e+07
20  8  7.19518e+06
20  9  1.52964e+07
20  10  1.41399e+07
20  11  1.67343e+07
20  12  1.72013e+07
20  13  1.86773e+07
20  14  1.6444e+07
20  15  8.6575e+06
20  16  2.27002e+07
20  17  2.14043e+07
20  18  2.04988e+07
20  19  2.3627e+07
20  20  1.86218e+07
20  21  4.43746e+06
20  22  1.19349e+07
20  23  1.8014e+07
20  24  1.31451e+07
20  25  1.02392e+07
20  26  1.82424e+07
20  27  2.63757e+07
20  28  9.6794e+06
20  29  2.25574e+07
20  30  2.30555e+07
20  31  2.08526e+07
20  32  3.29764e+07
20  33  2.14142e+07
20  34  1.54725e+07
20  35  3.49717e+07
20  36  1.7229e+07
20  37  1.91206e+07
20  38  2.0227e+07
20  39  2.67018e+07
20  40  1.72392e+07
20  41  2.30452e+07
20  42  1.82314e+07
20  43  1.26218e+07
20  44  1.71057e+07
20  45  1.64952e+07
20  46  2.38444e+07
20  47  2.41453e+07
20  48  2.04317e+07
20  49  1.91109e+07
20  50  1.86701e+07
21  0  2.92474e+07
21  1  3.53441e+07
21  2  2.15224e+07
21  3  2.09657e+07
21  4  2.24237e+07
21  5  1.94586e+07
21  6  1.84382e+07
21  7  2.15316e+07
21  8  3.0601e+07
21  9  3.11646e+07
21  10  1.43133e+07
21  11  2.32933e+07
21  12  2.26411e+07
21  13  7.98879e+06
21  14  3.88514e+07
21  15  2.70949e+07
21  16  1.76127e+07
21  17  3.03803e+07
21  18  1.62582e+07
21  19  2.80835e+07
21  20  1.5797e+07
21  21  9.05422e+06
21  22  1.29961e+07
21  23  1.15767e+07
21  24  2.4077e+07
21  25  1.06084e+07
21  26  1.42704e+07
21  27  1.52553e+07
21  28  1.92393e+07
21  29  1.76375e+07
21  30  1.6579e+07
21  31  8.54655e+06
21  32  3.21785e+07
21  33  1.40015e+07
21  34  2.13327e+07
21  35  2.12972e+07
21  36  1.84167e+07
21  37  1.89636e+07
21  38  1.09148e+07
21  39  1.10726e+07
21  40  1.78053e+07
21  41  1.192e+07
21  42  1.96603e+07
21  43  4.42512e+07
21  44  1.98954e+07
21  45  2.40405e+07
21  46  3.32781e+07
21  47  2.47514e+07
21  48  1.77513e+07
21  49  1.42213e+07
21  50  1.50941e+07
22  0  2.47687e+07
22  1  2.77643e+07
22  2  1.96523e+07
22  3  2.69247e+07
22  4  1.93526e+07
22  5  4.39753e+07
22  6  2.60796e+07
22  7  1.88672e+07
22  8  7.61188e+06
22  9  1.24222e+07
22  10  2.35126e+07
22  11  1.71006e+07
22  12  5.08319e+06
22  13  1.92585e+07
22  14  2.69057e+07
22  15  1.68058e+07
22  16  2.05794e+07
22  17  2.79662e+07
22  18  2.10892e+07
22  19  1.18313e+07
22  20  2.41513e+07
22  21  1.34194e+07
22  22  1.24435e+07
22  23  1.92322e+07
22  24  1.83844e+07
22  25  1.12838e+07
22  26  2.37602e+07
22  27  3.49143e+07
22  28  3.53505e+07
22  29  2.36199e+07
22  30  2.44052e+07
22  31  2.73061e+07
22  32  2.82781e+07
22  33  2.71698e+07
22  34  1.37696e+07
22  35  2.64175e+07
22  36  2.08735e+07
22  37  2.21904e+07
22  38  1.55867e+07
22  39  1.16959e+07
22  40  1.57452e+07
22  41  1.35801e+07
22  42  1.44119e+07
22  43  3.1037e+07
22  44  1.369e+07
22  45  2.22677e+07
22  46  1.09146e+07
22  47  2.37398e+07
22  48  2.32173e+07
22  49  2.03976e+07
22  50  2.07574e+07
23  0  2.58555e+07
23  1  1.47349e+07
23  2  2.75604e+07
23  3  1.53081e+07
23  4  2.07976e+07
23  5  2.62437e+07
23  6  3.39568e+07
23  7  1.86715e+07
23  8  1.39359e+07
23  9  2.33747e+07
23  10  2.52545e+07
23  11  1.97302e+07
23  12  1.3328e+07
23  13  3.47339e+07
23  14  3.1506e+07
23  15  1.19069e+07
23  16  1.9734e+07
23  17  2.6165e+07
23  18  2.33913e+07
23  19  2.45016e+07
23  20  1.61713e+07
23  21  2.35412e+07
23  22  1.31872e+07
23  23  3.5222e+07
23  24  1.91107e+07
23  25  2.04078e+07
23  26  8.49034e+06
23  27  1.7681e+07
23  28  1.90003e+07
23  29  1.63275e+07
23  30  2.88783e+07
23  31  4.0564e+06
23  32  3.31866e+07
23  33  2.77854e+07
23  34  2.20056e+07
23  35  1.55078e+07
23  36  1.59098e+07
23  37  2.97442e+07
23  38  1.7314e+07
23  39  1.35072e+07
23  40  7.49113e+06
23  41  1.66664e+07
23  42  6.26275e+06
23  43  2.58512e+07
23  44  2.31814e+07
23  45  1.50747e+07
23  46  1.75699e+07
23  47  2.58026e+07
23  48  2.81563e+07
23  49  1.59106e+07
23  50  4.21139e+06
24  0  3.57582e+07
24  1  3.39649e+07
24  2  2.59983e+07
24  3  2.96072e+07
24  4  1.47393e+07
24  5  2.79587e+07
24  6  2.05845e+07
24  7  1.31477e+07
24  8  2.6993e+07
24  9  1.10183e+07
24  10  2.26276e+07
24  11  2.50451e+07
24  12  2.70192e+07
24  13  1.36322e+07
24  14  3.341e+07
24  15  3.05653e+07
24  16  2.30891e+07
24  17  1.45832e+07
24  18  1.36796e+07
24  19  1.48174e+07
24  20  2.28873e+07
24  21  2.79254e+07
24  22  2.6004e+07
24  23  1.64677e+07
24  24  2.09879e+07
24  25  2.23113e+07
24  26  2.60272e+07
24  27  2.69329e+07
24  28  1.64279e+07
24  29  1.62215e+07
24  30  1.75385e+07
24  31  2.18029e+07
24  32  2.19923e+07
24  33  1.62747e+07
24  34  2.67047e+07
24  35  1.82801e+07
24  36  1.96316e+07
24  37  1.0695e+07
24  38  1.45014e+07
24  39  2.19511e+07
24  40  1.92306e+07
24  41  1.64627e+07
24  42  1.61023e+07
24  43  1.84124e+07
24  44  1.19486e+07
24  45  2.84966e+07
24  46  2.7055e+07
24  47  2.33529e+07
24  48  2.16089e+07
24  49  1.97879e+07
24  50  2.78064e+07
25  0  2.2695e+07
25  1  2.36047e+07
25  2  2.29977e+07
25  3  2.15982e+07
25  4  2.33197e+07
25  5  3.47063e+07
25  6  3.13452e+07
25  7  3.33995e+07
25  8  2.05741e+07
25  9  9.56929e+06
25  10  2.36087e+07
25  11  2.73189e+07
25  12  2.18268e+07
25  13  1.99027e+07
25  14  1.8506e+07
25  15  2.72011e+07
25  16  1.39008e+07
25  17  2.44107e+07
25  18  2.55111e+07
25  19  2.39986e+07
25  20  1.047e+07
25  21  2.47918e+07
25  22  1.5233e+07
25  23  1.89141e+07
25  24  2.34e+07
25  25  1.14101e+07
25  26  4.66462e+06
25  27  2.40005e+07
25  28  2.74592e+07
25  29  1.8151e+07
25  30  1.31292e+07
25  31  1.38297e+07
25  32  2.40368e+07
25  33  5.0545e+06
25  34  7.93606e+06
25  35  2.12794e+07
25  36  1.5907e+07
25  37  1.40411e+07
25  38  1.95364e+07
25  39  2.234e+07
25  40  2.01157e+07
25  41  1.9784e+07
25  42  2.12026e+07
25  43  2.34999e+07
25  44  1.55694e+07
25  45  2.39208e+07
25  46  2.54754e+07
25  47  1.85892e+07
25  48  1.286e+07
25  49  2.87742e+07
25  50  1.99268e+07
26  0  3.35415e+07
26  1  2.50886e+07
26  2  1.78208e+07
26  3  2.55977e+07
26  4  8.45384e+06
26  5  1.84147e+07
26  6  2.99767e+07
26  7  2.42422e+07
26  8  1.58524e+07
26  9  2.95233e+07
26  10  1.63506e+07
26  11  2.66044e+07
26  12  2.04466e+07
26  13  1.69616e+07
26  14  2.05196e+07
26  15  1.56791e+07
26  16  2.02376e+07
26  17  1.91032e+07
26  18  1.86085e+07
26  19  2.54218e+07
26  20  2.63432e+07
26  21  1.82025e+07
26  22  7.44834e+06
26  23  1.55142e+07
26  24  1.18339e+07
26  25  1.86258e+07
26  26  2.25823e+07
26  27  1.35248e+07
26  28  3.47114e+07
26  29  3.95806e+06
26  30  3.33736e+07
26  31  1.93475e+07
26  32  2.15031e+07
26  33  1.4062e+07
26  34  1.6399e+07
26  35  3.27828e+07
26  36  2.31006e+07
26  37  2.68208e+07
26  38  1.77689e+07
26  39  1.56376e+07
26  40  2.49627e+07
26  41  8.59635e+06
26  42  2.92117e+07
26  43  1.76625e+07
26  44  2.10938e+07
26  45  1.18245e+07
26  46  1.56108e+07
26  47  2.29647e+07
26  48  3.40353e+07
26  49  2.27685e+07
26  50  2.3842e+07
27  0  3.36313e+07
27  1  2.06406e+07
27  2  4.25951e+07
27  3  3.41026e+07
27  4  1.99589e+07
27  5  2.26042e+07
27  6  3.22987e+07
27  7  2.28105e+07
27  8  3.07395e+07
27  9  1.52598e+07
27  10  2.07536e+07
27  11  9.59405e+06
27  12  1.77343e+07
27  13  1.38627e+07
27  14  2.63503e+07
27  15  2.27697e+07
27  16  3.2317e+07
27  17  1.9249e+07
27  18  1.80527e+07
27  19  1.9788e+07
27  20  1.37425e+07
27  21  2.1131e+07
27  22  2.51246e+07
27  23  1.87616e+07
27  24  1.19127e+07
27  25  1.78919e+07
27  26  2.41575e+07
27  27  1.01939e+07
27  28  2.13585e+07
27  29  1.53453e+07
27  30  1.35816e+07
27  31  1.84503e+07
27  32  3.42952e+07
27  33  2.52371e+07
27  34  2.3696e+07
27  35  2.76876e+07
27  36  2.60748e+07
27  37  2.2578e+07
27  38  1.43683e+07
27  39  1.51893e+07
27  40  1.7838e+07
27  41  1.70384e+07
27  42  1.53419e+07
27  43  1.74919e+07
27  44  2.04727e+07
27  45  2.31008e+07
27  46  2.51822e+07
27  47  1.14178e+07
27  48  2.51597e+07
27  49  1.81003e+07
27  50  2.11931e+07
28  0  2.85018e+07
28  1  2.62686e+07
28  2  2.68686e+07
28  3  2.35582e+07
28  4  2.18369e+07
28  5  1.65879e+07
28  6  8.09052e+06
28  7  3.1892e+07
28  8  2.93181e+07
28  9  6.05338e+06
28  10  2.13244e+07
28  11  3.29433e+07
28  12  3.34606e+07
28  13  2.43029e+07
28  14  1.34276e+07
28  15  8.65895e+06
28  16  9.78426e+06
28  17  2.32716e+07
28  18  2.57026e+07
28  19  2.13256e+07
28  20  2.96683e+07
28  21  2.61376e+07
28  22  2.77774e+07
28  23  1.99648e+07
28  24  2.25919e+07
28  25  9.90581e+06
28  26  2.07781e+07
28  27  1.40593e+07
28  28  1.96788e+07
28  29  1.69868e+07
28  30  2.1348e+07
28  31  3.08189e+07
28  32  2.16086e+07
28  33  1.81565e+07
28  34  2.99302e+07
28  35  2.0455e+07
28  36  1.32845e+07
28  37  2.24438e+07
28  38  1.40128e+07
28  39  2.24635e+07
28  40  2.0567e+07
28  41  2.43419e+07
28  42  1.86294e+07
28  43  2.01916e+07
28  44  2.97749e+07
28  45  2.65899e+07
28  46  2.65469e+07
28  47  2.77494e+07
28  48  2.17997e+07
28  49  1.82682e+07
28  50  1.71452e+07
29  0  2.36166e+07
29  1  2.66865e+07
29  2  3.16542e+07
29  3  1.6423e+07
29  4  3.97819e+07
29  5  2.51275e+07
29  6  1.44223e+07
29  7  3.25212e+07
29  8  1.62902e+07
29  9  2.64543e+07
29  10  1.87689e+07
29  11  1.78456e+07
29  12  1.87676e+07
29  13  2.73237e+07
29  14  1.56068e+07
29  15  2.41804e+07
29  16  1.95045e+07
29  17  1.8412e+07
29  18  1.69614e+07
29  19  1.98188e+07
29  20  2.33449e+07
29  21  2.52453e+07
29  22  3.06293e+07
29  23  3.11858e+07
29  24  1.63365e+07
29  25  2.09917e+07
29  26  2.37185e+07
29  27  2.24337e+07
29  28  2.85368e+07
29  29  3.30729e+07
29  30  2.42356e+07
29  31  2.31494e+07
29  32  1.44698e+07
29  33  2.84582e+07
29  34  1.92351e+07
29  35  1.51867e+07
29  36  1.38382e+07
29  37  2.54284e+07
29  38  1.05331e+07
29  39  1.39964e+07
29  40  2.1895e+07
29  41  2.23299e+07
29  42  1.78333e+07
29  43  2.46225e+07
29  44  1.87718e+07
29  45  2.49617e+07
29  46  1.85183e+07
29  47  2.10961e+07
29  48  2.77955e+07
29  49  1.85695e+07
29  50  1.71358e+07
30  0  3.15167e+07
30  1  3.14283e+07
30  2  3.04203e+07
30  3  3.14196e+07
30  4  3.01861e+07
30  5  2.50757e+07
30  6  2.60103e+07
30  7  2.5025e+07
30  8  2.59516e+07
30  9  3.08182e+07
30  10  3.19467e+07
30  11  2.79733e+07
30  12  3.29703e+07
30  13  1.73769e+07
30  14  2.83335e+07
30  15  1.87879e+07
30  16  1.41783e+07
30  17  2.20346e+07
30  18  2.31879e+07
30  19  1.41202e+07
30  20  2.02124e+07
30  21  1.62618e+07
30  22  1.31826e+07
30  23  1.32557e+07
30  24  1.81583e+07
30  25  1.48485e+07
30  26  2.85114e+07
30  27  2.13231e+07
30  28  1.84399e+07
30  29  1.98695e+07
30  30  1.65123e+07
30  31  1.93731e+07
30  32  3.23405e+07
30  33  2.58554e+07
30  34  1.79578e+07
30  35  2.46614e+07
30  36  1.95265e+07
30  37  2.37064e+07
30  38  1.66188e+07
30  39  1.82953e+07
30  40  1.62439e+07
30  41  1.39455e+07
30  42  2.4533e+07
30  43  3.12553e+07
30  44  3.95646e+07
30  45  3.37514e+07
30  46  2.14336e+07
30  47  2.34536e+07
30  48  2.32371e+07
30  49  2.81869e+07
30  50  2.10967e+07
31  0  2.22228e+07
31  1  3.10108e+07
31  2  4.0996e+07
31  3  1.23623e+07
31  4  1.54932e+07
31  5  3.97828e+07
31  6  3.23915e+07
31  7  1.93184e+07
31  8  3.58493e+07
31  9  3.72035e+07
31  10  7.74945e+06
31  11  1.86938e+07
31  12  3.78517e+07
31  13  1.54337e+07
31  14  1.96435e+07
31  15  3.60849e+07
31  16  1.44011e+07
31  17  1.50482e+07
31  18  2.06464e+07
31  19  1.89735e+07
31  20  1.75742e+07
31  21  2.19433e+07
31  22  3.23207e+07
31  23  1.63518e+07
31  24  1.3795e+07
31  25  1.9604e+07
31  26  1.12098e+07
31  27  2.42048e+07
31  28  1.31149e+07
31  29  2.75423e+07
31  30  2.86045e+07
31  31  2.30624e+07
31  32  3.16051e+07
31  33  2.95425e+07
31  34  3.18036e+07
31  35  1.21929e+07
31  36  2.44568e+07
31  37  3.13892e+07
31  38  1.61678e+07
31  39  1.42446e+07
31  40  3.63122e+07
31  41  2.71979e+07
31  42  1.6042e+07
31  43  2.07533e+07
31  44  3.0655e+07
31  45  6.09111e+06
31  46  2.25591e+07
31  47  1.84085e+07
31  48  2.58533e+07
31  49  1.83848e+07
31  50  2.05064e+07
32  0  3.53737e+07
32  1  3.85743e+07
32  2  3.31353e+07
32  3  2.50234e+07
32  4  2.87656e+07
32  5  3.89993e+07
32  6  2.05978e+07
32  7  2.22534e+07
32  8  2.53445e+07
32  9  1.16112e+07
32  10  2.93818e+07
32  11  2.57983e+07
32  12  1.90435e+07
32  13  8.91439e+06
32  14  1.22527e+07
32  15  1.83084e+07
32  16  1.14743e+07
32  17  2.78283e+07
32  18  2.41026e+07
32  19  2.40164e+07
32  20  3.00763e+07
32  21  1.89745e+07
32  22  2.29296e+07
32  23  1.65033e+07
32  24  5.36653e+06
32  25  1.4318e+07
32  26  2.22944e+07
32  27  1.06087e+07
32  28  1.28313e+07
32  29  2.00366e+07
32  30  1.89735e+07
32  31  1.62519e+07
32  32  2.58712e+07
32  33  2.27885e+07
32  34  1.43018e+07
32  35  2.12039e+07
32  36  2.03677e+07
32  37  1.84868e+07
32  38  9.26726e+06
32  39  1.52025e+07
32  40  1.66525e+07
32  41  2.10485e+07
32  42  1.64596e+07
32  43  1.29289e+07
32  44  2.02287e+07
32  45  2.57232e+07
32  46  1.92318e+07
32  47  1.48457e+07
32  48  1.36917e+07
32  49  2.21876e+07
32  50  1.30878e+07
33  0  4.72815e+07
33  1  4.29088e+07
33  2  3.96422e+07
33  3  4.00042e+07
33  4  2.99618e+07
33  5  2.11547e+07
33  6  3.20568e+07
33  7  1.65032e+07
33  8  1.44067e+07
33  9  1.52009e+07
33  10  2.22871e+07
33  11  7.64216e+06
33  12  2.88542e+07
33  13  3.0276e+07
33  14  1.67949e+07
33  15  1.39055e+07
33  16  3.723e+07
33  17  3.2435e+07
33  18  2.10405e+07
33  19  2.29238e+07
33  20  2.59666e+07
33  21  2.77026e+07
33  22  1.35277e+07
33  23  1.32862e+07
33  24  1.93537e+07
33  25  1.31581e+07
33  26  2.5406e+07
33  27  1.43254e+07
33  28  2.39721e+07
33  29  2.9262e+07
33  30  2.03418e+07
33  31  1.83285e+07
33  32  3.25689e+07
33  33  1.98949e+07
33  34  2.27281e+07
33  35  2.73153e+07
33  36  1.98595e+07
33  37  3.2675e+07
33  38  1.85758e+07
33  39  2.42455e+07
33  40  2.28855e+07
33  41  2.53854e+07
33  42  3.48961e+07
33  43  2.57969e+07
33  44  1.78309e+07
33  45  1.36853e+07
33  46  2.41317e+07
33  47  1.81122e+07
33  48  3.1327e+07
33  49  1.54829e+07
33  50  5.71952e+06
34  0  3.07153e+07
34  1  1.87878e+07
34  2  1.59471e+07
34  3  3.06682e+07
34  4  4.16335e+07
34  5  2.99639e+07
34  6  1.03356e+07
34  7  0
34  8  3.30632e+07
34  9  3.06018e+07
34  10  1.58049e+07
34  11  8.63477e+06
34  12  1.75297e+07
34  13  2.53583e+07
34  14  1.60165e+07
34  15  3.03995e+07
34  16  1.81705e+07
34  17  2.71046e+07
34  18  1.53661e+07
34  19  1.64924e+07
34  20  2.1815e+07
34  21  1.8276e+07
34  22  2.12702e+07
34  23  1.96858e+07
34  24  1.54688e+07
34  25  1.68897e+07
34  26  2.77067e+07
34  27  1.59025e+07
34  28  1.94854e+07
34  29  3.32905e+07
34  30  1.87097e+07
34  31  6.12723e+06
34  32  2.29598e+07
34  33  3.17642e+07
34  34  1.15467e+07
34  35  3.08549e+07
34  36  2.49935e+07
34  37  9.75934e+06
34  38  1.82246e+07
34  39  3.43721e+07
34  40  1.52218e+07
34  41  1.77836e+07
34  42  2.20213e+07
34  43  1.53498e+07
34  44  1.62339e+07
34  45  1.7512e+07
34  46  2.0432e+07
34  47  1.76454e+07
34  48  1.41797e+07
34  49  1.41847e+07
34  50  1.53888e+07
35  0  3.03869e+07
35  1  1.55243e+07
35  2  3.53222e+07
35  3  2.87885e+07
35  4  2.83096e+07
35  5  2.93604e+07
35  6  2.21235e+07
35  7  2.88722e+07
35  8  2.20377e+07
35  9  2.30046e+07
35  10  1.93967e+07
35  11  4.31225e+07
35  12  3.03245e+07
35  13  1.81761e+07
35  14  2.5751e+07
35  15  3.52464e+07
35  16  2.67951e+07
35  17  2.20295e+07
35  18  3.12713e+07
35  19  2.76822e+07
35  20  1.06963e+07
35  21  2.36313e+07
35  22  2.9977e+07
35  23  1.09266e+07
35  24  1.68339e+07
35  25  1.8309e+07
35  26  6.27851e+06
35  27  3.05217e+07
35  28  2.25269e+07
35  29  1.59389e+07
35  30  1.53756e+07
35  31  2.55773e+07
35  32  1.93116e+07
35  33  8.69552e+06
35  34  1.64208e+07
35  35  1.55731e+07
35  36  2.35079e+07
35  37  2.36653e+07
35  38  2.71378e+07
35  39  1.43484e+07
35  40  1.68845e+07
35  41  1.60209e+07
35  42  2.07461e+07
35  43  1.39732e+07
35  44  1.82398e+07
35  45  2.06346e+07
35  46  1.46354e+07
35  47  2.05646e+07
35  48  2.26006e+07
35  49  2.82038e+07
35  50  2.59502e+07
36  0  1.5544e+07
36  1  3.62816e+07
36  2  2.95568e+07
36  3  3.88039e+07
36  4  2.6947e+07
36  5  2.19214e+07
36  6  3.0029e+07
36  7  3.43838e+07
36  8  1.94508e+07
36  9  2.28603e+07
36  10  2.2073e+07
36  11  1.54128e+07
36  12  2.37674e+07
36  13  3.10328e+07
36  14  3.20495e+07
36  15  2.70934e+07
36  16  2.27928e+07
36  17  2.8231e+07
36  18  2.95399e+07
36  19  1.44582e+07
36  20  2.77945e+07
36  21  1.70298e+07
36  22  2.36102e+07
36  23  0
36  24  1.59738e+07
36  25  2.05023e+07
36  26  1.91265e+07
36  27  2.41327e+07
36  28  3.31873e+07
36  29  2.81468e+07
36  30  3.16243e+07
36  31  1.3211e+07
36  32  8.95607e+06
36  33  1.26686e+07
36  34  1.29741e+07
36  35  1.72852e+07
36  36  2.98644e+07
36  37  3.36222e+07
36  38  1.9532e+07
36  39  2.81548e+07
36  40  2.76154e+07
36  41  9.8785e+06
36  42  1.64342e+07
36  43  1.10269e+07
36  44  3.19823e+07
36  45  2.08425e+07
36  46  2.37664e+07
36  47  2.22142e+07
36  48  1.43274e+07
36  49  2.03343e+07
36  50  2.44768e+07
37  0  2.66416e+07
37  1  3.77525e+07
37  2  1.39216e+07
37  3  3.78479e+07
37  4  2.18852e+07
37  5  2.13216e+07
37  6  2.84002e+07
37  7  8.80603e+06
37  8  2.5294e+07
37  9  2.69557e+07
37  10  2.93624e+07
37  11  1.92935e+07
37  12  2.94386e+07
37  13  2.35814e+07
37  14  3.10747e+07
37  15  2.10491e+07
37  16  2.68151e+07
37  17  3.14643e+07
37  18  2.33152e+07
37  19  1.60996e+07
37  20  1.28153e+07
37  21  2.94993e+07
37  22  4.59027e+06
37  23  3.95084e+06
37  24  2.17859e+07
37  25  1.69234e+07
37  26  8.90615e+06
37  27  2.02066e+07
37  28  1.61331e+07
37  29  2.6671e+07
37  30  1.41673e+07
37  31  1.69263e+07
37  32  3.23754e+07
37  33  1.17969e+07
37  34  1.44345e+07
37  35  1.77339e+07
37  36  2.17424e+07
37  37  1.54532e+07
37  38  8.68806e+06
37  39  2.28228e+07
37  40  2.54488e+07
37  41  2.04323e+07
37  42  1.28402e+07
37  43  1.62415e+07
37  44  1.65316e+07
37  45  3.07092e+07
37  46  2.01523e+07
37  47  2.39264e+07
37  48  9.08338e+06
37  49  1.77472e+07
37  50  2.75433e+07
38  0  2.65363e+07
38  1  2.72401e+07
38  2  2.2532e+07
38  3  2.76154e+07
38  4  1.43861e+07
38  5  2.39077e+07
38  6  1.60124e+07
38  7  2.35194e+07
38  8  2.88601e+07
38  9  3.16237e+07
38  10  2.04048e+07
38  11  2.16505e+07
38  12  2.185e+07
38  13  1.70982e+07
38  14  3.06783e+07
38  15  1.09934e+07
38  16  2.19049e+07
38  17  2.3995e+07
38  18  1.82763e+07
38  19  2.94857e+07
38  20  2.02098e+07
38  21  1.88056e+07
38  22  2.16345e+07
38  23  1.52665e+07
38  24  1.30524e+07
38  25  2.17634e+07
38  26  2.38424e+07
38  27  1.26071e+07
38  28  2.16439e+07
38  29  1.82881e+07
38  30  1.34055e+07
38  31  1.64502e+07
38  32  2.01179e+07
38  33  1.92057e+07
38  34  1.55027e+07
38  35  2.03486e+07
38  36  1.75276e+07
38  37  2.11974e+07
38  38  1.37643e+07
38  39  2.33655e+07
38  40  1.89777e+07
38  41  2.63651e+07
38  42  3.13941e+07
38  43  2.15033e+07
38  44  1.85027e+07
38  45  2.99639e+07
38  46  1.66634e+07
38  47  1.20675e+07
38  48  3.35715e+07
38  49  1.52197e+07
38  50  2.79488e+07
39  0  2.08401e+07
39  1  2.31928e+07
39  2  4.01484e+07
39  3  2.97628e+07
39  4  3.21226e+07
39  5  2.85772e+07
39  6  3.3047e+07
39  7  2.15744e+07
39  8  2.85007e+07
39  9  2.43753e+07
39  10  1.94078e+07
39  11  2.02213e+07
39  12  2.11807e+07
39  13  1.48737e+07
39  14  3.2145e+07
39  15  3.33267e+07
39  16  3.50724e+07
39  17  3.08487e+07
39  18  2.23665e+07
39  19  2.5576e+07
39  20  9.66071e+06
39  21  1.29217e+07
39  22  1.41351e+07
39  23  1.09544e+07
39  24  2.64506e+07
39  25  1.31956e+07
39  26  2.3861e+07
39  27  1.84453e+07
39  28  1.79305e+07
39  29  2.01384e+07
39  30  8.25645e+06
39  31  1.69594e+07
39  32  1.4772e+07
39  33  2.83044e+07
39  34  2.24573e+07
39  35  7.97386e+06
39  36  2.25094e+07
39  37  2.18673e+07
39  38  2.60451e+07
39  39  2.24496e+07
39  40  2.48412e+07
39  41  1.62336e+07
39  42  1.70171e+07
39  43  1.88942e+07
39  44  2.72997e+07
39  45  2.5715e+07
39  46  2.81784e+07
39  47  2.46367e+07
39  48  3.90431e+07
39  49  1.75653e+07
39  50  2.56571e+07
40  0  1.78984e+07
40  1  2.88688e+07
40  2  1.7463e+07
40  3  2.85196e+07
40  4  5.02235e+06
40  5  2.38288e+07
40  6  4.78902e+07
40  7  2.52517e+07
40  8  2.43325e+07
40  9  3.759e+07
40  10  2.8336e+07
40  11  9.11062e+06
40  12  2.59093e+07
40  13  3.50942e+07
40  14  2.22862e+07
40  15  2.63065e+07
40  16  1.51059e+07
40  17  3.23885e+07
40  18  2.52641e+07
40  19  1.64581e+07
40  20  1.02924e+07
40  21  1.2492e+07
40  22  2.85664e+07
40  23  3.26103e+07
40  24  2.38454e+07
40  25  2.19512e+07
40  26  1.83295e+07
40  27  3.01458e+07
40  28  2.30667e+07
40  29  3.09913e+07
40  30  3.41282e+07
40  31  1.4626e+07
40  32  2.13027e+07
40  33  2.03558e+07
40  34  1.77126e+07
40  35  3.02262e+07
40  36  2.22055e+07
40  37  1.67294e+07
40  38  2.48237e+07
40  39  1.47341e+07
40  40  3.24214e+07
40  41  1.37106e+07
40  42  1.8754e+07
40  43  2.46854e+07
40  44  1.74089e+07
40  45  2.77493e+07
40  46  1.66951e+07
40  47  1.5612e+07
40  48  3.09572e+07
40  49  3.61723e+07
40  50  2.19634e+07
41  0  2.61715e+07
41  1  1.3854e+07
41  2  2.75731e+07
41  3  3.00286e+07
41  4  2.37631e+07
41  5  1.76406e+07
41  6  1.90856e+07
41  7  2.85095e+07
41  8  1.68258e+07
41  9  2.23994e+07
41  10  1.84565e+07
41  11  2.18456e+07
41  12  2.38027e+07
41  13  9.32175e+06
41  14  1.87072e+07
41  15  2.73787e+07
41  16  1.79105e+07
41  17  2.92063e+07
41  18  1.54907e+07
41  19  2.77182e+07
41  20  2.50476e+07
41  21  1.10402e+07
41  22  7.79738e+06
41  23  2.42896e+07
41  24  2.35726e+07
41  25  2.41058e+07
41  26  2.85259e+07
41  27  2.7666e+07
41  28  2.52327e+07
41  29  1.52346e+07
41  30  2.50828e+07
41  31  1.62477e+07
41  32  1.46436e+07
41  33  2.17565e+07
41  34  2.30262e+07
41  35  1.13531e+07
41  36  1.35696e+07
41  37  2.38926e+07
41  38  1.59428e+07
41  39  1.50873e+07
41  40  2.85463e+07
41  41  2.20172e+07
41  42  2.01918e+07
41  43  2.87849e+07
41  44  2.21755e+07
41  45  1.45957e+07
41  46  1.92398e+07
41  47  7.62484e+06
41  48  3.1339e+07
41  49  1.74291e+07
41  50  2.65749e+07
42  0  2.81891e+07
42  1  2.79309e+07
42  2  2.26679e+07
42  3  3.52942e+07
42  4  1.55173e+07
42  5  2.57106e+07
42  6  2.52641e+07
42  7  2.80609e+07
42  8  1.78017e+07
42  9  2.9142e+07
42  10  2.39793e+07
42  11  2.01808e+07
42  12  2.86788e+07
42  13  2.704e+07
42  14  2.18831e+07
42  15  1.74258e+07
42  16  2.52419e+07
42  17  4.59613e+07
42  18  2.34783e+07
42  19  3.04116e+07
42  20  1.90067e+07
42  21  2.2395e+07
42  22  2.06163e+07
42  23  3.6824e+07
42  24  1.63125e+07
42  25  2.29123e+07
42  26  1.58307e+07
42  27  1.81467e+07
42  28  2.29467e+07
42  29  2.33355e+07
42  30  1.01238e+07
42  31  2.3728e+07
42  32  1.90667e+07
42  33  2.73459e+07
42  34  1.74264e+07
42  35  1.70553e+07
42  36  2.77898e+07
42  37  1.26807e+07
42  38  1.79636e+07
42  39  1.74514e+07
42  40  1.84139e+07
42  41  1.39287e+07
42  42  2.96357e+07
42  43  2.2928e+07
42  44  3.85312e+07
42  45  1.93687e+07
42  46  1.83906e+07
42  47  1.94136e+07
42  48  2.57579e+07
42  49  2.5125e+07
42  50  2.75334e+07
43  0  3.31047e+07
43  1  1.94507e+07
43  2  2.5501e+07
43  3  3.17659e+07
43  4  3.40018e+07
43  5  3.88397e+07
43  6  2.62942e+07
43  7  2.08257e+07
43  8  1.69776e+07
43  9  2.03364e+07
43  10  2.30758e+07
43  11  2.38577e+07
43  12  2.58405e+07
43  13  3.15919e+07
43  14  1.66966e+07
43  15  2.28441e+07
43  16  1.46368e+07
43  17  2.98159e+07
43  18  1.55921e+07
43  19  1.39995e+07
43  20  1.70521e+07
43  21  7.17215e+06
43  22  1.51628e+07
43  23  1.35781e+07
43  24  2.37743e+07
43  25  9.4112e+06
43  26  2.48714e+07
43  27  1.90207e+07
43  28  2.04829e+07
43  29  1.0535e+07
43  30  1.64217e+07
43  31  2.16379e+07
43  32  1.34439e+07
43  33  2.68357e+07
43  34  3.26559e+07
43  35  5.77578e+06
43  36  1.39983e+07
43  37  2.70097e+07
43  38  1.89824e+07
43  39  2.16429e+07
43  40  1.61692e+07
43  41  4.23255e+06
43  42  2.81923e+07
43  43  2.11135e+07
43  44  2.96376e+07
43  45  1.27527e+07
43  46  2.67715e+07
43  47  2.66711e+07
43  48  2.10285e+07
43  49  3.61899e+07
43  50  3.45066e+07
44  0  2.53405e+07
44  1  2.75599e+07
44  2  2.5724e+07
44  3  2.55268e+07
44  4  3.21813e+07
44  5  2.24068e+07
44  6  2.87335e+07
44  7  3.0585e+07
44  8  2.73523e+07
44  9  1.64958e+07
44  10  2.48125e+07
44  11  2.11809e+07
44  12  2.95626e+07
44  13  1.97455e+07
44  14  2.09516e+07
44  15  1.77564e+07
44  16  2.36566e+07
44  17  2.33419e+07
44  18  2.10769e+07
44  19  1.01464e+07
44  20  2.5181e+07
44  21  1.48507e+07
44  22  1.60407e+07
44  23  1.13332e+07
44  24  2.32289e+07
44  25  2.94489e+07
44  26  1.79006e+07
44  27  1.25137e+07
44  28  2.9012e+07
44  29  2.19603e+07
44  30  2.12231e+07
44  31  1.61736e+07
44  32  2.65546e+07
44  33  1.75866e+07
44  34  2.04365e+07
44  35  2.81183e+07
44  36  1.5248e+07
44  37  1.40916e+07
44  38  2.35962e+07
44  39  1.7474e+07
44  40  2.8778e+07
44  41  1.25952e+07
44  42  2.97597e+07
44  43  2.12154e+07
44  44  2.78673e+07
44  45  2.28672e+07
44  46  1.64751e+07
44  47  2.50032e+07
44  48  2.37879e+07
44  49  2.71841e+07
44  50  3.11938e+07
45  0  1.92549e+07
45  1  3.93814e+07
45  2  2.22318e+07
45  3  3.46987e+07
45  4  2.48564e+07
45  5  2.44171e+07
45  6  2.12281e+07
45  7  1.86265e+07
45  8  2.56911e+07
45  9  2.46742e+07
45  10  3.23049e+07
45  11  2.5072e+07
45  12  2.70323e+07
45  13  3.603e+07
45  14  2.01212e+07
45  15  2.56767e+07
45  16  2.42383e+07
45  17  2.22795e+07
45  18  1.91362e+07
45  19  1.62156e+07
45  20  3.32006e+07
45  21  1.69524e+07
45  22  2.12284e+07
45  23  1.87164e+07
45  24  1.37451e+07
45  25  1.35244e+07
45  26  2.15739e+07
45  27  2.61851e+07
45  28  2.19305e+07
45  29  3.14648e+07
45  30  1.6411e+07
45  31  1.8828e+07
45  32  1.72115e+07
45  33  1.30577e+07
45  34  1.57577e+07
45  35  2.53108e+07
45  36  1.60883e+07
45  37  2.38949e+07
45  38  2.34492e+07
45  39  1.65905e+07
45  40  1.54593e+07
45  41  2.50539e+07
45  42  1.7506e+07
45  43  2.7859e+07
45  44  2.33737e+07
45  45  2.10642e+07
45  46  2.20969e+07
45  47  1.56566e+07
45  48  1.15023e+07
45  49  9.98629e+06
45  50  1.87104e+07
46  0  4.33436e+07
46  1  2.91287e+07
46  2  2.46776e+07
46  3  2.5881e+07
46  4  1.29111e+07
46  5  1.97789e+07
46  6  1.43515e+07
46  7  2.11552e+07
46  8  3.9756e+07
46  9  2.84173e+07
46  10  1.83919e+07
46  11  1.08083e+07
46  12  2.22216e+07
46  13  3.03813e+07
46  14  1.35823e+07
46  15  1.5105e+07
46  16  1.26695e+07
46  17  2.04042e+07
46  18  1.22101e+07
46  19  2.9859e+07
46  20  2.57137e+07
46  21  1.93982e+07
46  22  2.39078e+07
46  23  1.957e+07
46  24  1.57011e+07
46  25  2.39433e+07
46  26  2.79567e+07
46  27  1.03258e+07
46  28  2.69994e+07
46  29  2.11539e+07
46  30  1.64739e+07
46  31  1.90796e+07
46  32  1.87851e+07
46  33  3.02753e+07
46  34  2.09828e+07
46  35  2.83251e+07
46  36  2.17324e+07
46  37  2.50065e+07
46  38  2.51196e+07
46  39  2.26235e+07
46  40  1.4775e+07
46  41  2.57427e+07
46  42  1.64285e+07
46  43  1.59714e+07
46  44  2.64763e+07
46  45  3.1488e+07
46  46  1.98053e+07
46  47  2.26925e+07
46  48  2.5299e+07
46  49  2.50004e+07
46  50  2.5919e+07
47  0  2.5362e+07
47  1  2.51264e+07
47  2  1.38089e+07
47  3  7.83332e+06
47  4  3.11665e+07
47  5  2.73622e+07
47  6  1.73358e+07
47  7  3.98867e+07
47  8  3.21623e+07
47  9  2.29078e+07
47  10  2.65065e+07
47  11  1.99421e+07
47  12  2.13788e+07
47  13  2.4619e+07
47  14  4.01522e+07
47  15  2.92741e+07
47  16  7.1522e+06
47  17  1.5213e+07
47  18  2.5188e+07
47  19  2.19699e+07
47  20  1.44054e+07
47  21  2.2415e+07
47  22  1.73392e+07
47  23  1.49749e+07
47  24  2.26166e+07
47  25  2.21521e+07
47  26  2.63759e+07
47  27  1.35674e+07
47  28  2.2464e+07
47  29  1.60073e+07
47  30  3.31203e+07
47  31  1.83095e+07
47  32  1.41782e+07
47  33  1.48593e+07
47  34  3.65122e+07
47  35  2.17789e+07
47  36  1.62442e+07
47  37  1.8886e+07
47  38  2.53987e+07
47  39  2.48773e+07
47  40  2.50277e+07
47  41  2.60626e+07
47  42  2.53273e+07
47  43  2.88712e+07
47  44  1.869e+07
47  45  2.0875e+07
47  46  3.30859e+07
47  47  3.84286e+07
47  48  7.9504e+06
47  49  2.16134e+07
47  50  3.0187e+07
48  0  3.23633e+07
48  1  2.52834e+07
48  2  4.62339e+07
48  3  2.15629e+07
48  4  3.729e+07
48  5  3.34971e+07
48  6  3.54744e+07
48  7  2.2025e+07
48  8  2.61568e+07
48  9  3.0923e+07
48  10  1.89859e+07
48  11  3.00485e+07
48  12  1.02353e+07
48  13  3.15843e+07
48  14  2.27764e+07
48  15  1.95267e+07
48  16  9.94618e+06
48  17  2.91047e+07
48  18  2.36517e+07
48  19  2.04935e+07
48  20  2.34532e+07
48  21  2.3179e+07
48  22  3.23972e+07
48  23  2.00561e+07
48  24  2.53075e+07
48  25  2.60558e+07
48  26  6.54712e+06
48  27  1.81003e+07
48  28  2.77623e+07
48  29  2.09052e+07
48  30  1.82759e+07
48  31  2.29126e+07
48  32  1.28157e+07
48  33  1.56936e+07
48  34  1.7906e+07
48  35  2.28482e+07
48  36  5.81501e+06
48  37  1.30582e+07
48  38  1.77691e+07
48  39  1.23319e+07
48  40  2.15288e+07
48  41  1.79682e+07
48  42  2.26884e+07
48  43  1.79055e+07
48  44  2.242e+07
48  45  1.96838e+07
48  46  3.14421e+07
48  47  3.08272e+07
48  48  3.05008e+07
48  49  1.74443e+07
48  50  2.53876e+07
49  0  3.5855e+07
49  1  2.55992e+07
49  2  3.44832e+07
49  3  3.01976e+07
49  4  2.94365e+07
49  5  2.784e+07
49  6  3.21469e+07
49  7  2.56192e+07
49  8  3.01443e+07
49  9  2.6912e+07
49  10  2.52858e+07
49  11  3.30421e+07
49  12  2.67577e+07
49  13  3.33129e+07
49  14  1.81383e+07
49  15  1.80484e+07
49  16  2.52447e+07
49  17  2.25825e+07
49  18  2.74452e+07
49  19  9.13163e+06
49  20  1.87944e+07
49  21  1.55748e+07
49  22  9.1014e+06
49  23  2.10017e+07
49  24  2.22358e+07
49  25  2.27901e+07
49  26  2.97454e+07
49  27  2.13562e+07
49  28  2.57682e+07
49  29  1.88439e+07
49  30  3.94981e+06
49  31  2.43296e+07
49  32  2.61078e+07
49  33  1.567e+07
49  34  1.62262e+07
49  35  1.37938e+07
49  36  2.50891e+07
49  37  2.32948e+07
49  38  2.15897e+07
49  39  2.47639e+07
49  40  1.43877e+07
49  41  2.68664e+07
49  42  2.56913e+07
49  43  2.21174e+07
49  44  1.81814e+07
49  45  2.47937e+07
49  46  2.13744e+07
49  47  2.73613e+07
49  48  2.72026e+07
49  49  2.45536e+07
49  50  2.81047e+07
50  0  3.65944e+07
50  1  1.30159e+07
50  2  2.58392e+07
50  3  2.46096e+07
50  4  1.29221e+07
50  5  2.95106e+07
50  6  2.43815e+07
50  7  1.9653e+07
50  8  2.74385e+07
50  9  2.7074e+07
50  10  1.6442e+07
50  11  2.5434e+07
50  12  2.47182e+07
50  13  2.79083e+07
50  14  2.63927e+07
50  15  1.71419e+07
50  16  1.48905e+07
50  17  1.47061e+07
50  18  1.73578e+07
50  19  3.0274e+07
50  20  2.48282e+07
50  21  2.44256e+07
50  22  1.7149e+07
50  23  2.26824e+07
50  24  2.32362e+07
50  25  1.70247e+07
50  26  1.94563e+07
50  27  1.52684e+07
50  28  3.28128e+07
50  29  1.23684e+07
50  30  2.59788e+07
50  31  2.31383e+07
50  32  1.72595e+07
50  33  1.55505e+07
50  34  2.45255e+07
50  35  2.83509e+07
50  36  6.52227e+06
50  37  2.30814e+07
50  38  2.31535e+07
50  39  1.25767e+07
50  40  2.13783e+07
50  41  9.31562e+06
50  42  3.81002e+07
50  43  2.47853e+07
50  44  2.14274e+07
50  45  2.73445e+07
50  46  1.97408e+07
50  47  1.67825e+07
50  48  2.82141e+07
50  49  1.33369e+07
50  50  1.71508e+07

