row  column  (images_30.edf Ca-K*images_30.edf Ar-K**2.3)
0  0  3.34318e+08
0  1  2.58177e+08
0  2  2.61338e+08
0  3  2.9922e+08
0  4  1.71709e+08
0  5  1.0158e+08
0  6  1.28466e+08
0  7  7.24244e+07
0  8  1.24351e+08
0  9  1.35876e+08
0  10  1.71405e+08
0  11  2.17362e+08
0  12  2.5658e+08
0  13  3.73588e+08
0  14  4.43021e+08
0  15  5.68534e+08
0  16  7.65402e+08
0  17  9.04131e+08
0  18  1.05401e+09
0  19  9.28247e+08
0  20  9.32823e+08
0  21  1.07007e+09
0  22  1.25062e+09
0  23  1.35918e+09
0  24  1.36071e+09
0  25  1.37282e+09
0  26  1.45958e+09
0  27  1.39624e+09
0  28  1.2049e+09
0  29  1.208e+09
0  30  1.1381e+09
0  31  1.21601e+09
0  32  1.30448e+09
0  33  1.2772e+09
0  34  1.34955e+09
0  35  1.44414e+09
0  36  1.31389e+09
0  37  1.24014e+09
0  38  1.17245e+09
0  39  1.12674e+09
0  40  1.30629e+09
0  41  1.13717e+09
0  42  1.07542e+09
0  43  1.28976e+09
0  44  1.16552e+09
0  45  1.39441e+09
0  46  1.76428e+09
0  47  1.91567e+09
0  48  1.78175e+09
0  49  1.94081e+09
0  50  2.07861e+09
1  0  3.79567e+08
1  1  3.31185e+08
1  2  3.65725e+08
1  3  2.65837e+08
1  4  1.52791e+08
1  5  1.35465e+08
1  6  1.10836e+08
1  7  1.24499e+08
1  8  1.63272e+08
1  9  1.32772e+08
1  10  1.87136e+08
1  11  2.56354e+08
1  12  3.24978e+08
1  13  4.69349e+08
1  14  5.85296e+08
1  15  7.41251e+08
1  16  8.38648e+08
1  17  9.39494e+08
1  18  1.07049e+09
1  19  1.11982e+09
1  20  8.75172e+08
1  21  1.0481e+09
1  22  1.11729e+09
1  23  1.43432e+09
1  24  1.4823e+09
1  25  1.41752e+09
1  26  1.48956e+09
1  27  1.32908e+09
1  28  1.09681e+09
1  29  1.20013e+09
1  30  1.14934e+09
1  31  1.17662e+09
1  32  1.12511e+09
1  33  1.40211e+09
1  34  1.52593e+09
1  35  1.39197e+09
1  36  1.08321e+09
1  37  1.13257e+09
1  38  1.03399e+09
1  39  1.15327e+09
1  40  1.39559e+09
1  41  1.2419e+09
1  42  1.22494e+09
1  43  1.29748e+09
1  44  1.25822e+09
1  45  1.53582e+09
1  46  2.19194e+09
1  47  1.97741e+09
1  48  1.81e+09
1  49  1.87538e+09
1  50  2.04971e+09
2  0  4.18169e+08
2  1  4.24334e+08
2  2  4.07097e+08
2  3  3.48198e+08
2  4  1.98048e+08
2  5  1.33893e+08
2  6  1.29306e+08
2  7  1.3123e+08
2  8  1.89359e+08
2  9  1.72248e+08
2  10  2.66567e+08
2  11  2.8745e+08
2  12  3.88469e+08
2  13  4.92551e+08
2  14  6.419e+08
2  15  6.6355e+08
2  16  8.21328e+08
2  17  9.85564e+08
2  18  9.81075e+08
2  19  1.1462e+09
2  20  9.24995e+08
2  21  9.90812e+08
2  22  1.14522e+09
2  23  1.21862e+09
2  24  1.38362e+09
2  25  1.23642e+09
2  26  1.2971e+09
2  27  1.44244e+09
2  28  1.19616e+09
2  29  1.32572e+09
2  30  1.27907e+09
2  31  1.12059e+09
2  32  1.26228e+09
2  33  1.37238e+09
2  34  1.63894e+09
2  35  1.29088e+09
2  36  1.42897e+09
2  37  1.23367e+09
2  38  9.21335e+08
2  39  1.10297e+09
2  40  1.27914e+09
2  41  1.18635e+09
2  42  1.39634e+09
2  43  1.72524e+09
2  44  1.54539e+09
2  45  1.61356e+09
2  46  2.07678e+09
2  47  1.99224e+09
2  48  1.90254e+09
2  49  1.98542e+09
2  50  2.02084e+09
3  0  5.45512e+08
3  1  5.6192e+08
3  2  5.55167e+08
3  3  4.87916e+08
3  4  1.98181e+08
3  5  1.60233e+08
3  6  1.64541e+08
3  7  1.58705e+08
3  8  1.6991e+08
3  9  2.16895e+08
3  10  2.4621e+08
3  11  3.28758e+08
3  12  4.27593e+08
3  13  6.39619e+08
3  14  7.74452e+08
3  15  8.17393e+08
3  16  8.26882e+08
3  17  1.15192e+09
3  18  1.12479e+09
3  19  1.24123e+09
3  20  8.78231e+08
3  21  9.57409e+08
3  22  1.14037e+09
3  23  1.29986e+09
3  24  1.46759e+09
3  25  1.4404e+09
3  26  1.42852e+09
3  27  1.4213e+09
3  28  1.18169e+09
3  29  1.41392e+09
3  30  1.22781e+09
3  31  1.30753e+09
3  32  1.28863e+09
3  33  1.18982e+09
3  34  1.33566e+09
3  35  1.48421e+09
3  36  1.39082e+09
3  37  1.28663e+09
3  38  1.03819e+09
3  39  1.25936e+09
3  40  1.52831e+09
3  41  1.56049e+09
3  42  1.62228e+09
3  43  1.6895e+09
3  44  1.65065e+09
3  45  1.73687e+09
3  46  2.00443e+09
3  47  1.97201e+09
3  48  1.6955e+09
3  49  2.19797e+09
3  50  2.00349e+09
4  0  6.53759e+08
4  1  6.22838e+08
4  2  5.82831e+08
4  3  5.25888e+08
4  4  2.45728e+08
4  5  1.85618e+08
4  6  2.08332e+08
4  7  2.20288e+08
4  8  2.65971e+08
4  9  2.6879e+08
4  10  3.22348e+08
4  11  4.42475e+08
4  12  5.08042e+08
4  13  7.16932e+08
4  14  9.27116e+08
4  15  9.213e+08
4  16  9.90122e+08
4  17  1.08707e+09
4  18  1.29356e+09
4  19  1.24047e+09
4  20  8.7463e+08
4  21  9.82894e+08
4  22  1.19555e+09
4  23  1.31768e+09
4  24  1.40536e+09
4  25  1.37502e+09
4  26  1.46255e+09
4  27  1.36137e+09
4  28  1.36479e+09
4  29  1.36729e+09
4  30  1.34672e+09
4  31  1.31801e+09
4  32  1.25982e+09
4  33  1.29879e+09
4  34  1.22944e+09
4  35  1.43794e+09
4  36  1.48355e+09
4  37  1.23166e+09
4  38  1.16797e+09
4  39  1.06123e+09
4  40  1.41996e+09
4  41  1.55688e+09
4  42  1.69669e+09
4  43  1.95756e+09
4  44  1.71369e+09
4  45  2.01904e+09
4  46  1.71549e+09
4  47  1.90194e+09
4  48  1.95331e+09
4  49  2.38314e+09
4  50  2.21478e+09
5  0  6.69696e+08
5  1  6.71602e+08
5  2  5.5076e+08
5  3  4.82918e+08
5  4  3.01297e+08
5  5  2.22609e+08
5  6  2.15704e+08
5  7  2.3634e+08
5  8  2.73281e+08
5  9  2.80503e+08
5  10  4.03027e+08
5  11  5.05411e+08
5  12  5.88856e+08
5  13  7.80732e+08
5  14  9.74491e+08
5  15  9.61131e+08
5  16  8.85423e+08
5  17  1.12244e+09
5  18  1.32562e+09
5  19  1.31914e+09
5  20  8.90136e+08
5  21  9.63155e+08
5  22  1.24947e+09
5  23  1.48296e+09
5  24  1.34522e+09
5  25  1.43673e+09
5  26  1.33224e+09
5  27  1.3377e+09
5  28  1.25285e+09
5  29  1.47954e+09
5  30  1.32155e+09
5  31  1.41127e+09
5  32  1.32786e+09
5  33  1.04161e+09
5  34  1.25827e+09
5  35  1.48495e+09
5  36  1.65815e+09
5  37  1.19301e+09
5  38  1.29447e+09
5  39  1.2513e+09
5  40  1.57363e+09
5  41  1.65672e+09
5  42  2.05645e+09
5  43  2.0003e+09
5  44  1.70313e+09
5  45  1.75405e+09
5  46  1.75008e+09
5  47  1.80493e+09
5  48  2.07382e+09
5  49  2.36197e+09
5  50  2.06126e+09
6  0  7.72329e+08
6  1  6.61559e+08
6  2  6.04742e+08
6  3  4.80976e+08
6  4  3.22948e+08
6  5  2.63724e+08
6  6  2.52492e+08
6  7  2.68483e+08
6  8  3.0066e+08
6  9  3.31827e+08
6  10  4.41128e+08
6  11  5.32455e+08
6  12  6.81616e+08
6  13  8.16709e+08
6  14  1.09282e+09
6  15  9.74844e+08
6  16  1.14571e+09
6  17  1.07545e+09
6  18  1.16023e+09
6  19  1.31622e+09
6  20  8.96382e+08
6  21  1.05343e+09
6  22  1.33547e+09
6  23  1.42706e+09
6  24  1.49811e+09
6  25  1.4181e+09
6  26  1.43998e+09
6  27  1.61325e+09
6  28  1.60058e+09
6  29  1.32078e+09
6  30  1.54908e+09
6  31  1.45864e+09
6  32  1.41647e+09
6  33  1.19023e+09
6  34  1.26725e+09
6  35  1.54804e+09
6  36  1.64634e+09
6  37  1.33038e+09
6  38  1.16777e+09
6  39  1.2552e+09
6  40  1.56635e+09
6  41  1.57446e+09
6  42  1.90344e+09
6  43  1.8087e+09
6  44  1.5533e+09
6  45  1.67606e+09
6  46  1.73175e+09
6  47  1.77942e+09
6  48  1.98251e+09
6  49  2.55647e+09
6  50  2.05314e+09
7  0  9.08607e+08
7  1  7.78528e+08
7  2  6.57426e+08
7  3  5.25e+08
7  4  3.79976e+08
7  5  2.83139e+08
7  6  2.36277e+08
7  7  3.22493e+08
7  8  3.63104e+08
7  9  4.06884e+08
7  10  5.80135e+08
7  11  6.91448e+08
7  12  6.71105e+08
7  13  1.0122e+09
7  14  1.16152e+09
7  15  1.08892e+09
7  16  1.08167e+09
7  17  1.18535e+09
7  18  1.0419e+09
7  19  1.33678e+09
7  20  8.98219e+08
7  21  1.12542e+09
7  22  1.44531e+09
7  23  1.47603e+09
7  24  1.38624e+09
7  25  1.49034e+09
7  26  1.59673e+09
7  27  1.59204e+09
7  28  1.51446e+09
7  29  1.47417e+09
7  30  1.45948e+09
7  31  1.61707e+09
7  32  1.6327e+09
7  33  1.13946e+09
7  34  1.36074e+09
7  35  1.64448e+09
7  36  1.60328e+09
7  37  1.28336e+09
7  38  1.23107e+09
7  39  1.30132e+09
7  40  1.59808e+09
7  41  1.79941e+09
7  42  1.90286e+09
7  43  1.80305e+09
7  44  1.70567e+09
7  45  1.62813e+09
7  46  1.60329e+09
7  47  1.94722e+09
7  48  2.19943e+09
7  49  2.50808e+09
7  50  2.32421e+09
8  0  9.34562e+08
8  1  9.07624e+08
8  2  7.14289e+08
8  3  6.81522e+08
8  4  4.32674e+08
8  5  3.78745e+08
8  6  3.14083e+08
8  7  4.16261e+08
8  8  4.30747e+08
8  9  5.02379e+08
8  10  5.4706e+08
8  11  6.71497e+08
8  12  7.76467e+08
8  13  1.0001e+09
8  14  1.08047e+09
8  15  1.21878e+09
8  16  1.14776e+09
8  17  1.07095e+09
8  18  1.14533e+09
8  19  1.25979e+09
8  20  1.00447e+09
8  21  9.94433e+08
8  22  1.49499e+09
8  23  1.51624e+09
8  24  1.42017e+09
8  25  1.41211e+09
8  26  1.60015e+09
8  27  1.54022e+09
8  28  1.62675e+09
8  29  1.51682e+09
8  30  1.42744e+09
8  31  1.63625e+09
8  32  1.72212e+09
8  33  1.40159e+09
8  34  1.2474e+09
8  35  1.60803e+09
8  36  1.87487e+09
8  37  1.532e+09
8  38  1.36128e+09
8  39  1.35805e+09
8  40  1.76787e+09
8  41  1.85305e+09
8  42  1.7699e+09
8  43  1.73848e+09
8  44  1.65081e+09
8  45  1.43459e+09
8  46  1.5864e+09
8  47  2.09088e+09
8  48  2.13864e+09
8  49  2.57888e+09
8  50  2.32597e+09
9  0  9.81931e+08
9  1  9.48668e+08
9  2  7.99342e+08
9  3  6.53963e+08
9  4  5.10998e+08
9  5  4.36453e+08
9  6  3.52858e+08
9  7  4.41137e+08
9  8  4.5725e+08
9  9  5.38145e+08
9  10  5.99457e+08
9  11  7.12927e+08
9  12  7.39186e+08
9  13  1.04819e+09
9  14  1.12866e+09
9  15  1.28232e+09
9  16  1.20668e+09
9  17  1.16374e+09
9  18  1.13164e+09
9  19  1.24279e+09
9  20  1.00656e+09
9  21  1.02146e+09
9  22  1.48026e+09
9  23  1.53794e+09
9  24  1.42322e+09
9  25  1.43975e+09
9  26  1.45328e+09
9  27  1.63776e+09
9  28  1.65313e+09
9  29  1.48034e+09
9  30  1.66838e+09
9  31  1.53069e+09
9  32  1.65835e+09
9  33  1.14195e+09
9  34  1.3674e+09
9  35  1.68123e+09
9  36  2.17176e+09
9  37  1.47912e+09
9  38  1.4738e+09
9  39  1.35195e+09
9  40  1.75762e+09
9  41  1.89361e+09
9  42  1.83029e+09
9  43  1.50402e+09
9  44  1.36426e+09
9  45  1.30892e+09
9  46  1.79536e+09
9  47  2.21816e+09
9  48  2.17545e+09
9  49  2.50614e+09
9  50  2.5852e+09
10  0  1.05797e+09
10  1  9.59237e+08
10  2  8.97268e+08
10  3  7.74607e+08
10  4  5.4344e+08
10  5  4.95172e+08
10  6  4.34644e+08
10  7  4.11845e+08
10  8  5.67378e+08
10  9  6.51671e+08
10  10  6.35534e+08
10  11  7.3932e+08
10  12  8.01953e+08
10  13  1.03307e+09
10  14  1.02362e+09
10  15  1.32634e+09
10  16  1.18382e+09
10  17  1.18767e+09
10  18  1.10205e+09
10  19  1.09922e+09
10  20  1.05304e+09
10  21  9.62171e+08
10  22  1.30986e+09
10  23  1.37762e+09
10  24  1.28379e+09
10  25  1.41138e+09
10  26  1.5023e+09
10  27  1.46552e+09
10  28  1.66248e+09
10  29  1.74195e+09
10  30  1.59457e+09
10  31  1.57346e+09
10  32  1.7504e+09
10  33  1.44245e+09
10  34  1.33327e+09
10  35  1.50142e+09
10  36  1.67985e+09
10  37  1.37843e+09
10  38  1.51274e+09
10  39  1.45881e+09
10  40  1.75339e+09
10  41  1.8508e+09
10  42  1.91978e+09
10  43  1.43346e+09
10  44  1.49161e+09
10  45  1.3979e+09
10  46  1.68226e+09
10  47  1.99181e+09
10  48  2.20323e+09
10  49  2.60683e+09
10  50  2.70858e+09
11  0  1.06742e+09
11  1  1.04808e+09
11  2  9.09927e+08
11  3  8.29345e+08
11  4  7.24746e+08
11  5  5.5279e+08
11  6  5.0733e+08
11  7  5.44542e+08
11  8  6.866e+08
11  9  7.55039e+08
11  10  7.54175e+08
11  11  7.94953e+08
11  12  9.24199e+08
11  13  1.13345e+09
11  14  1.19032e+09
11  15  1.31552e+09
11  16  1.24666e+09
11  17  1.23275e+09
11  18  1.08206e+09
11  19  1.21654e+09
11  20  1.09291e+09
11  21  1.12501e+09
11  22  1.47326e+09
11  23  1.25379e+09
11  24  1.22782e+09
11  25  1.31368e+09
11  26  1.30464e+09
11  27  1.52617e+09
11  28  1.56964e+09
11  29  1.62143e+09
11  30  1.5466e+09
11  31  1.57273e+09
11  32  1.62706e+09
11  33  1.3065e+09
11  34  1.31716e+09
11  35  1.70444e+09
11  36  1.70147e+09
11  37  1.60208e+09
11  38  1.80153e+09
11  39  1.54363e+09
11  40  1.51791e+09
11  41  1.79347e+09
11  42  1.70312e+09
11  43  1.38747e+09
11  44  1.34391e+09
11  45  1.38854e+09
11  46  1.90348e+09
11  47  2.12969e+09
11  48  2.09138e+09
11  49  2.42007e+09
11  50  2.78691e+09
12  0  9.96389e+08
12  1  1.05965e+09
12  2  9.59164e+08
12  3  9.22132e+08
12  4  8.14389e+08
12  5  5.67728e+08
12  6  5.09778e+08
12  7  6.20298e+08
12  8  8.03244e+08
12  9  8.60608e+08
12  10  7.29237e+08
12  11  8.60895e+08
12  12  8.54055e+08
12  13  1.03793e+09
12  14  1.31766e+09
12  15  1.45551e+09
12  16  1.20019e+09
12  17  1.29373e+09
12  18  1.21088e+09
12  19  1.14866e+09
12  20  1.12771e+09
12  21  1.02933e+09
12  22  1.27265e+09
12  23  1.38865e+09
12  24  1.09927e+09
12  25  1.14304e+09
12  26  1.31667e+09
12  27  1.43407e+09
12  28  1.59035e+09
12  29  1.62906e+09
12  30  1.39844e+09
12  31  1.66822e+09
12  32  1.76341e+09
12  33  1.39409e+09
12  34  1.38064e+09
12  35  1.67327e+09
12  36  1.61472e+09
12  37  1.52188e+09
12  38  1.60242e+09
12  39  1.62841e+09
12  40  1.51239e+09
12  41  1.9425e+09
12  42  1.71218e+09
12  43  1.26868e+09
12  44  1.38786e+09
12  45  1.16432e+09
12  46  1.68638e+09
12  47  1.88998e+09
12  48  2.31575e+09
12  49  2.70551e+09
12  50  2.41875e+09
13  0  1.14676e+09
13  1  1.12698e+09
13  2  1.04614e+09
13  3  9.43844e+08
13  4  8.4206e+08
13  5  6.35413e+08
13  6  6.80846e+08
13  7  6.89093e+08
13  8  8.11324e+08
13  9  9.9922e+08
13  10  8.61179e+08
13  11  8.61272e+08
13  12  9.3885e+08
13  13  1.17221e+09
13  14  1.32621e+09
13  15  1.45393e+09
13  16  1.19978e+09
13  17  1.1139e+09
13  18  1.27654e+09
13  19  1.22634e+09
13  20  1.09653e+09
13  21  9.38325e+08
13  22  1.06552e+09
13  23  1.27869e+09
13  24  1.23424e+09
13  25  1.12005e+09
13  26  1.22503e+09
13  27  1.25808e+09
13  28  1.34273e+09
13  29  1.43898e+09
13  30  1.31125e+09
13  31  1.52303e+09
13  32  1.441e+09
13  33  1.50397e+09
13  34  1.35422e+09
13  35  1.6218e+09
13  36  1.75321e+09
13  37  1.67667e+09
13  38  1.49172e+09
13  39  1.63082e+09
13  40  1.64287e+09
13  41  1.55416e+09
13  42  1.4396e+09
13  43  1.29209e+09
13  44  1.39396e+09
13  45  1.30761e+09
13  46  1.61019e+09
13  47  1.97198e+09
13  48  2.52399e+09
13  49  2.59907e+09
13  50  2.84838e+09
14  0  1.15172e+09
14  1  1.09478e+09
14  2  1.04155e+09
14  3  9.97764e+08
14  4  8.57953e+08
14  5  7.39782e+08
14  6  6.76899e+08
14  7  7.36419e+08
14  8  8.36936e+08
14  9  1.09595e+09
14  10  8.90703e+08
14  11  1.03811e+09
14  12  8.32381e+08
14  13  1.04384e+09
14  14  1.3377e+09
14  15  1.7014e+09
14  16  1.25025e+09
14  17  1.40102e+09
14  18  1.25437e+09
14  19  1.17794e+09
14  20  1.13499e+09
14  21  9.8742e+08
14  22  1.14348e+09
14  23  1.08888e+09
14  24  1.264e+09
14  25  1.2407e+09
14  26  1.18039e+09
14  27  1.28054e+09
14  28  1.44905e+09
14  29  1.67768e+09
14  30  1.48788e+09
14  31  1.55613e+09
14  32  1.61274e+09
14  33  1.46661e+09
14  34  1.53664e+09
14  35  1.57226e+09
14  36  1.8223e+09
14  37  1.44007e+09
14  38  1.40035e+09
14  39  1.54979e+09
14  40  1.69191e+09
14  41  1.61925e+09
14  42  1.40851e+09
14  43  1.32499e+09
14  44  1.37433e+09
14  45  1.3469e+09
14  46  1.76905e+09
14  47  1.92579e+09
14  48  2.10753e+09
14  49  2.33243e+09
14  50  2.00695e+09
15  0  1.12525e+09
15  1  1.15024e+09
15  2  1.07744e+09
15  3  9.66507e+08
15  4  9.30428e+08
15  5  6.7485e+08
15  6  7.6695e+08
15  7  8.76961e+08
15  8  9.36808e+08
15  9  1.08008e+09
15  10  1.09639e+09
15  11  9.57226e+08
15  12  8.78588e+08
15  13  1.13108e+09
15  14  1.46072e+09
15  15  1.44293e+09
15  16  1.38752e+09
15  17  1.31921e+09
15  18  1.16845e+09
15  19  1.17701e+09
15  20  1.15754e+09
15  21  1.00462e+09
15  22  1.31635e+09
15  23  1.0323e+09
15  24  1.12403e+09
15  25  1.21959e+09
15  26  1.25677e+09
15  27  1.32966e+09
15  28  1.51991e+09
15  29  1.52731e+09
15  30  1.32146e+09
15  31  1.70811e+09
15  32  1.48334e+09
15  33  1.48498e+09
15  34  1.53659e+09
15  35  1.94426e+09
15  36  1.60362e+09
15  37  1.7185e+09
15  38  1.4742e+09
15  39  1.60229e+09
15  40  1.67122e+09
15  41  1.59528e+09
15  42  1.51964e+09
15  43  1.37548e+09
15  44  1.53408e+09
15  45  1.45973e+09
15  46  1.62827e+09
15  47  2.13592e+09
15  48  2.38981e+09
15  49  2.31909e+09
15  50  2.08511e+09
16  0  1.22127e+09
16  1  1.0786e+09
16  2  1.23377e+09
16  3  1.13813e+09
16  4  9.42413e+08
16  5  7.23469e+08
16  6  8.55676e+08
16  7  8.49743e+08
16  8  9.56391e+08
16  9  1.12332e+09
16  10  1.05459e+09
16  11  9.60053e+08
16  12  8.67854e+08
16  13  1.05065e+09
16  14  1.48757e+09
16  15  1.63095e+09
16  16  1.32714e+09
16  17  1.44918e+09
16  18  1.16746e+09
16  19  1.21107e+09
16  20  1.11094e+09
16  21  1.00266e+09
16  22  1.1891e+09
16  23  1.13055e+09
16  24  1.39803e+09
16  25  1.24499e+09
16  26  1.38718e+09
16  27  1.23016e+09
16  28  1.54398e+09
16  29  1.59108e+09
16  30  1.48796e+09
16  31  1.45876e+09
16  32  1.42073e+09
16  33  1.4834e+09
16  34  1.41738e+09
16  35  1.44272e+09
16  36  1.4191e+09
16  37  1.46502e+09
16  38  1.61337e+09
16  39  1.69408e+09
16  40  1.91322e+09
16  41  1.66483e+09
16  42  1.64729e+09
16  43  1.52957e+09
16  44  1.7963e+09
16  45  1.30493e+09
16  46  1.54485e+09
16  47  1.93943e+09
16  48  2.21704e+09
16  49  2.54414e+09
16  50  2.02841e+09
17  0  1.2179e+09
17  1  1.0754e+09
17  2  1.07772e+09
17  3  1.1296e+09
17  4  9.01583e+08
17  5  8.42457e+08
17  6  8.44726e+08
17  7  8.55031e+08
17  8  9.31407e+08
17  9  1.00663e+09
17  10  1.08864e+09
17  11  9.47758e+08
17  12  8.83775e+08
17  13  1.24745e+09
17  14  1.62209e+09
17  15  1.6583e+09
17  16  1.2636e+09
17  17  1.26718e+09
17  18  1.18936e+09
17  19  1.26245e+09
17  20  1.02926e+09
17  21  1.09233e+09
17  22  1.28951e+09
17  23  1.07301e+09
17  24  1.40167e+09
17  25  1.29736e+09
17  26  1.45776e+09
17  27  1.39852e+09
17  28  1.48959e+09
17  29  1.78534e+09
17  30  1.56748e+09
17  31  1.49901e+09
17  32  1.57191e+09
17  33  1.57619e+09
17  34  1.46309e+09
17  35  1.5541e+09
17  36  1.55815e+09
17  37  1.66099e+09
17  38  1.51627e+09
17  39  1.91883e+09
17  40  1.71209e+09
17  41  1.89566e+09
17  42  1.70791e+09
17  43  1.43279e+09
17  44  1.67595e+09
17  45  1.38429e+09
17  46  1.57288e+09
17  47  2.02341e+09
17  48  2.04794e+09
17  49  1.95572e+09
17  50  2.3016e+09
18  0  1.3328e+09
18  1  1.09568e+09
18  2  1.37435e+09
18  3  1.39273e+09
18  4  1.07084e+09
18  5  9.06572e+08
18  6  9.87805e+08
18  7  8.81617e+08
18  8  1.005e+09
18  9  1.26424e+09
18  10  1.08042e+09
18  11  9.74447e+08
18  12  9.25041e+08
18  13  1.10808e+09
18  14  1.50423e+09
18  15  1.63013e+09
18  16  1.33862e+09
18  17  1.41029e+09
18  18  1.36293e+09
18  19  1.15984e+09
18  20  1.26862e+09
18  21  1.12638e+09
18  22  1.09854e+09
18  23  1.22611e+09
18  24  1.28147e+09
18  25  1.39506e+09
18  26  1.62104e+09
18  27  1.3442e+09
18  28  1.70661e+09
18  29  1.67621e+09
18  30  1.64888e+09
18  31  1.744e+09
18  32  1.42504e+09
18  33  1.46557e+09
18  34  1.5843e+09
18  35  1.69058e+09
18  36  1.58546e+09
18  37  1.48819e+09
18  38  1.68629e+09
18  39  1.75469e+09
18  40  1.88907e+09
18  41  1.96459e+09
18  42  1.94539e+09
18  43  1.46539e+09
18  44  1.8489e+09
18  45  1.40157e+09
18  46  1.37031e+09
18  47  1.83332e+09
18  48  2.04245e+09
18  49  1.88547e+09
18  50  1.92185e+09
19  0  1.21002e+09
19  1  1.10848e+09
19  2  1.33978e+09
19  3  1.35078e+09
19  4  1.23919e+09
19  5  9.46311e+08
19  6  1.01292e+09
19  7  1.02722e+09
19  8  1.02905e+09
19  9  1.1053e+09
19  10  9.30155e+08
19  11  9.62061e+08
19  12  9.45035e+08
19  13  1.22061e+09
19  14  1.82683e+09
19  15  1.68018e+09
19  16  1.53166e+09
19  17  1.54145e+09
19  18  1.24746e+09
19  19  1.26641e+09
19  20  1.26579e+09
19  21  1.30133e+09
19  22  1.26018e+09
19  23  1.30238e+09
19  24  1.53576e+09
19  25  1.33615e+09
19  26  1.68854e+09
19  27  1.61691e+09
19  28  1.99583e+09
19  29  1.89015e+09
19  30  1.6396e+09
19  31  1.64835e+09
19  32  1.48294e+09
19  33  1.58949e+09
19  34  1.48005e+09
19  35  1.47094e+09
19  36  1.46461e+09
19  37  1.51762e+09
19  38  1.79631e+09
19  39  1.8532e+09
19  40  1.82674e+09
19  41  1.8589e+09
19  42  1.83148e+09
19  43  1.82024e+09
19  44  1.82295e+09
19  45  1.5074e+09
19  46  1.44881e+09
19  47  1.79983e+09
19  48  1.7906e+09
19  49  1.71009e+09
19  50  1.97635e+09
20  0  1.25949e+09
20  1  1.24946e+09
20  2  1.38499e+09
20  3  1.497e+09
20  4  1.24882e+09
20  5  1.03707e+09
20  6  1.03802e+09
20  7  1.04961e+09
20  8  1.05044e+09
20  9  1.23377e+09
20  10  8.89514e+08
20  11  1.17805e+09
20  12  1.12328e+09
20  13  1.15721e+09
20  14  1.72064e+09
20  15  1.7708e+09
20  16  1.45788e+09
20  17  1.69935e+09
20  18  1.30989e+09
20  19  1.35894e+09
20  20  1.1958e+09
20  21  1.25769e+09
20  22  1.36846e+09
20  23  1.39482e+09
20  24  1.45433e+09
20  25  1.23557e+09
20  26  1.65677e+09
20  27  1.6124e+09
20  28  1.67967e+09
20  29  1.85947e+09
20  30  1.47553e+09
20  31  1.5568e+09
20  32  1.57585e+09
20  33  1.46348e+09
20  34  1.39361e+09
20  35  1.57159e+09
20  36  1.58553e+09
20  37  1.52239e+09
20  38  1.55338e+09
20  39  1.74424e+09
20  40  1.99508e+09
20  41  1.83458e+09
20  42  1.95806e+09
20  43  1.90204e+09
20  44  2.0741e+09
20  45  1.6858e+09
20  46  1.53879e+09
20  47  1.44719e+09
20  48  1.63605e+09
20  49  1.68627e+09
20  50  1.65607e+09
21  0  1.31687e+09
21  1  1.24268e+09
21  2  1.56381e+09
21  3  1.6997e+09
21  4  1.10289e+09
21  5  1.03641e+09
21  6  1.03168e+09
21  7  1.17335e+09
21  8  1.20667e+09
21  9  1.3486e+09
21  10  1.04555e+09
21  11  1.07272e+09
21  12  1.07741e+09
21  13  1.06265e+09
21  14  1.62756e+09
21  15  1.78502e+09
21  16  1.69619e+09
21  17  1.61756e+09
21  18  1.61309e+09
21  19  1.3579e+09
21  20  1.41211e+09
21  21  1.28896e+09
21  22  1.31357e+09
21  23  1.64179e+09
21  24  1.61374e+09
21  25  1.30151e+09
21  26  1.66588e+09
21  27  1.55682e+09
21  28  1.80898e+09
21  29  1.86799e+09
21  30  1.8726e+09
21  31  1.88967e+09
21  32  1.65377e+09
21  33  1.56548e+09
21  34  1.28529e+09
21  35  1.40211e+09
21  36  1.76417e+09
21  37  1.46776e+09
21  38  1.63667e+09
21  39  1.68739e+09
21  40  1.72753e+09
21  41  1.97587e+09
21  42  2.09855e+09
21  43  2.27243e+09
21  44  1.75927e+09
21  45  1.78705e+09
21  46  1.64784e+09
21  47  1.47924e+09
21  48  1.45019e+09
21  49  1.51212e+09
21  50  1.70713e+09
22  0  1.17027e+09
22  1  1.2496e+09
22  2  1.46115e+09
22  3  1.36962e+09
22  4  1.27987e+09
22  5  1.10433e+09
22  6  1.12882e+09
22  7  1.35984e+09
22  8  1.3712e+09
22  9  1.35846e+09
22  10  1.20038e+09
22  11  1.21274e+09
22  12  1.27782e+09
22  13  1.14585e+09
22  14  1.58204e+09
22  15  1.5802e+09
22  16  1.50126e+09
22  17  1.62068e+09
22  18  1.62822e+09
22  19  1.5006e+09
22  20  1.59729e+09
22  21  1.49311e+09
22  22  1.6512e+09
22  23  1.85298e+09
22  24  1.7336e+09
22  25  1.39296e+09
22  26  1.63778e+09
22  27  1.5072e+09
22  28  1.85823e+09
22  29  1.99357e+09
22  30  1.72894e+09
22  31  1.87762e+09
22  32  1.53922e+09
22  33  1.47593e+09
22  34  1.31872e+09
22  35  1.60668e+09
22  36  1.5009e+09
22  37  1.56714e+09
22  38  1.67645e+09
22  39  1.74723e+09
22  40  1.75459e+09
22  41  2.11753e+09
22  42  2.22625e+09
22  43  2.17261e+09
22  44  1.78464e+09
22  45  1.82576e+09
22  46  1.80719e+09
22  47  1.40682e+09
22  48  1.35496e+09
22  49  1.55154e+09
22  50  1.81532e+09
23  0  1.11333e+09
23  1  1.27106e+09
23  2  1.48461e+09
23  3  1.43902e+09
23  4  1.30307e+09
23  5  1.30577e+09
23  6  1.25009e+09
23  7  1.35379e+09
23  8  1.39479e+09
23  9  1.22345e+09
23  10  1.04933e+09
23  11  1.51146e+09
23  12  1.17731e+09
23  13  1.26703e+09
23  14  1.44828e+09
23  15  1.73013e+09
23  16  1.58576e+09
23  17  1.75431e+09
23  18  1.66262e+09
23  19  1.54963e+09
23  20  1.53112e+09
23  21  1.44382e+09
23  22  1.73601e+09
23  23  2.25547e+09
23  24  1.81665e+09
23  25  1.51893e+09
23  26  1.65291e+09
23  27  1.74752e+09
23  28  1.81437e+09
23  29  1.99181e+09
23  30  1.65541e+09
23  31  1.84973e+09
23  32  1.74566e+09
23  33  1.70052e+09
23  34  1.54294e+09
23  35  1.6107e+09
23  36  1.57646e+09
23  37  1.80063e+09
23  38  1.63783e+09
23  39  1.92325e+09
23  40  1.95345e+09
23  41  2.38625e+09
23  42  2.44064e+09
23  43  2.40748e+09
23  44  1.94192e+09
23  45  1.93426e+09
23  46  2.01213e+09
23  47  1.54045e+09
23  48  1.45576e+09
23  49  1.49447e+09
23  50  1.83961e+09
24  0  1.18982e+09
24  1  1.21819e+09
24  2  1.40597e+09
24  3  1.52332e+09
24  4  1.41429e+09
24  5  1.41175e+09
24  6  1.1246e+09
24  7  1.44486e+09
24  8  1.43901e+09
24  9  1.30431e+09
24  10  1.01514e+09
24  11  1.38271e+09
24  12  1.35724e+09
24  13  1.13732e+09
24  14  1.51487e+09
24  15  1.57147e+09
24  16  1.69159e+09
24  17  1.77962e+09
24  18  1.7099e+09
24  19  1.60876e+09
24  20  1.62827e+09
24  21  1.44632e+09
24  22  1.80995e+09
24  23  2.26343e+09
24  24  1.93932e+09
24  25  1.72307e+09
24  26  1.69357e+09
24  27  1.63208e+09
24  28  1.92595e+09
24  29  1.78929e+09
24  30  1.9191e+09
24  31  1.95834e+09
24  32  1.74263e+09
24  33  1.62106e+09
24  34  1.51458e+09
24  35  1.52264e+09
24  36  1.65598e+09
24  37  1.82138e+09
24  38  1.8202e+09
24  39  2.1248e+09
24  40  2.0371e+09
24  41  2.27911e+09
24  42  2.63729e+09
24  43  2.45993e+09
24  44  2.33936e+09
24  45  1.96367e+09
24  46  2.0306e+09
24  47  1.66848e+09
24  48  1.49302e+09
24  49  1.56756e+09
24  50  1.67946e+09
25  0  9.4726e+08
25  1  1.40875e+09
25  2  1.56909e+09
25  3  1.55228e+09
25  4  1.38689e+09
25  5  1.39628e+09
25  6  1.33012e+09
25  7  1.45428e+09
25  8  1.43871e+09
25  9  1.31448e+09
25  10  1.17459e+09
25  11  1.51951e+09
25  12  1.32206e+09
25  13  1.09922e+09
25  14  1.59081e+09
25  15  1.93329e+09
25  16  1.68508e+09
25  17  1.93225e+09
25  18  1.76362e+09
25  19  1.59364e+09
25  20  1.57751e+09
25  21  1.56847e+09
25  22  1.86037e+09
25  23  2.32806e+09
25  24  2.12624e+09
25  25  1.67132e+09
25  26  1.91756e+09
25  27  1.70715e+09
25  28  1.8968e+09
25  29  2.01584e+09
25  30  1.87051e+09
25  31  1.97201e+09
25  32  1.82971e+09
25  33  1.77479e+09
25  34  1.53796e+09
25  35  1.56451e+09
25  36  1.69707e+09
25  37  2.04144e+09
25  38  1.72444e+09
25  39  1.74417e+09
25  40  1.73985e+09
25  41  2.12668e+09
25  42  2.42624e+09
25  43  2.45414e+09
25  44  2.32953e+09
25  45  2.38345e+09
25  46  2.10947e+09
25  47  1.77505e+09
25  48  1.3166e+09
25  49  1.72064e+09
25  50  1.84433e+09
26  0  1.09763e+09
26  1  1.28994e+09
26  2  1.53749e+09
26  3  1.50779e+09
26  4  1.48312e+09
26  5  1.62198e+09
26  6  1.27293e+09
26  7  1.42866e+09
26  8  1.46695e+09
26  9  1.2981e+09
26  10  1.24713e+09
26  11  1.74233e+09
26  12  1.54539e+09
26  13  1.13136e+09
26  14  1.44305e+09
26  15  1.78149e+09
26  16  1.42112e+09
26  17  1.64541e+09
26  18  1.82575e+09
26  19  1.71487e+09
26  20  1.56099e+09
26  21  1.50639e+09
26  22  2.01065e+09
26  23  2.43768e+09
26  24  2.25084e+09
26  25  1.94365e+09
26  26  2.07464e+09
26  27  1.8269e+09
26  28  1.76174e+09
26  29  1.88076e+09
26  30  1.90892e+09
26  31  1.8249e+09
26  32  1.63938e+09
26  33  1.71264e+09
26  34  1.58518e+09
26  35  1.57342e+09
26  36  2.01505e+09
26  37  1.92157e+09
26  38  1.99451e+09
26  39  1.88818e+09
26  40  2.28731e+09
26  41  2.56033e+09
26  42  2.49285e+09
26  43  2.71907e+09
26  44  2.11954e+09
26  45  2.45009e+09
26  46  2.5694e+09
26  47  1.79937e+09
26  48  1.39796e+09
26  49  1.76351e+09
26  50  2.06988e+09
27  0  1.09067e+09
27  1  1.41331e+09
27  2  1.30887e+09
27  3  1.69771e+09
27  4  1.63768e+09
27  5  1.55204e+09
27  6  1.32559e+09
27  7  1.42217e+09
27  8  1.55758e+09
27  9  1.37954e+09
27  10  1.30267e+09
27  11  1.65031e+09
27  12  1.70664e+09
27  13  1.12431e+09
27  14  1.42359e+09
27  15  1.45331e+09
27  16  1.44238e+09
27  17  1.72147e+09
27  18  1.82863e+09
27  19  1.63321e+09
27  20  1.49783e+09
27  21  1.72731e+09
27  22  2.02469e+09
27  23  2.52461e+09
27  24  2.38991e+09
27  25  2.03864e+09
27  26  2.09557e+09
27  27  1.80916e+09
27  28  1.73039e+09
27  29  2.06596e+09
27  30  1.86849e+09
27  31  1.87689e+09
27  32  1.78785e+09
27  33  1.76437e+09
27  34  1.49702e+09
27  35  1.75928e+09
27  36  2.09878e+09
27  37  1.94986e+09
27  38  1.98824e+09
27  39  1.92358e+09
27  40  2.17215e+09
27  41  2.47715e+09
27  42  2.91533e+09
27  43  2.65117e+09
27  44  2.33844e+09
27  45  2.2559e+09
27  46  2.5465e+09
27  47  2.08356e+09
27  48  1.65107e+09
27  49  1.88509e+09
27  50  1.98985e+09
28  0  1.23809e+09
28  1  1.33581e+09
28  2  1.60933e+09
28  3  1.77964e+09
28  4  1.85175e+09
28  5  1.7346e+09
28  6  1.5217e+09
28  7  1.53492e+09
28  8  1.65863e+09
28  9  1.59351e+09
28  10  1.4881e+09
28  11  1.84064e+09
28  12  1.67468e+09
28  13  1.24064e+09
28  14  1.11015e+09
28  15  1.32664e+09
28  16  1.41244e+09
28  17  1.51976e+09
28  18  1.59905e+09
28  19  1.65785e+09
28  20  1.63908e+09
28  21  1.94702e+09
28  22  1.93948e+09
28  23  2.74491e+09
28  24  2.71598e+09
28  25  2.54369e+09
28  26  2.49452e+09
28  27  2.1932e+09
28  28  1.83794e+09
28  29  2.01932e+09
28  30  1.72395e+09
28  31  1.97997e+09
28  32  1.85676e+09
28  33  1.98627e+09
28  34  1.79112e+09
28  35  1.68402e+09
28  36  1.91219e+09
28  37  1.89683e+09
28  38  1.93927e+09
28  39  1.82155e+09
28  40  2.23612e+09
28  41  2.15426e+09
28  42  2.72896e+09
28  43  2.84693e+09
28  44  2.70219e+09
28  45  2.6303e+09
28  46  2.99574e+09
28  47  2.07762e+09
28  48  1.72245e+09
28  49  2.11147e+09
28  50  2.03662e+09
29  0  1.41354e+09
29  1  1.56676e+09
29  2  1.78604e+09
29  3  1.91536e+09
29  4  1.96861e+09
29  5  1.95706e+09
29  6  1.59186e+09
29  7  1.83942e+09
29  8  1.75415e+09
29  9  1.62353e+09
29  10  1.80319e+09
29  11  1.94438e+09
29  12  1.67646e+09
29  13  1.06297e+09
29  14  1.35829e+09
29  15  1.60293e+09
29  16  1.60671e+09
29  17  1.82336e+09
29  18  1.77817e+09
29  19  1.6576e+09
29  20  1.62635e+09
29  21  1.97315e+09
29  22  1.87883e+09
29  23  2.94102e+09
29  24  2.2605e+09
29  25  2.25336e+09
29  26  2.40133e+09
29  27  2.10859e+09
29  28  2.33139e+09
29  29  2.11344e+09
29  30  1.96005e+09
29  31  1.9856e+09
29  32  1.90243e+09
29  33  1.74158e+09
29  34  1.56296e+09
29  35  1.81265e+09
29  36  2.21163e+09
29  37  2.03281e+09
29  38  1.91305e+09
29  39  1.97965e+09
29  40  2.16413e+09
29  41  2.37525e+09
29  42  2.9439e+09
29  43  2.68994e+09
29  44  2.28e+09
29  45  2.53039e+09
29  46  2.62354e+09
29  47  2.1865e+09
29  48  1.99615e+09
29  49  1.98437e+09
29  50  2.19686e+09
30  0  1.39616e+09
30  1  1.41447e+09
30  2  1.63133e+09
30  3  1.97132e+09
30  4  2.20256e+09
30  5  2.37577e+09
30  6  1.73722e+09
30  7  1.97075e+09
30  8  2.00974e+09
30  9  1.74959e+09
30  10  1.709e+09
30  11  2.24755e+09
30  12  1.73485e+09
30  13  1.18033e+09
30  14  1.05939e+09
30  15  1.44713e+09
30  16  1.61497e+09
30  17  1.59106e+09
30  18  1.76742e+09
30  19  1.70446e+09
30  20  1.68304e+09
30  21  2.1575e+09
30  22  2.02397e+09
30  23  2.81203e+09
30  24  3.02112e+09
30  25  2.61408e+09
30  26  2.72292e+09
30  27  2.54064e+09
30  28  2.17791e+09
30  29  2.02402e+09
30  30  1.85315e+09
30  31  1.9501e+09
30  32  1.90148e+09
30  33  1.71119e+09
30  34  1.60521e+09
30  35  1.91193e+09
30  36  2.23045e+09
30  37  1.82766e+09
30  38  2.06794e+09
30  39  1.90863e+09
30  40  2.45485e+09
30  41  2.7032e+09
30  42  2.88615e+09
30  43  2.58655e+09
30  44  2.44376e+09
30  45  2.62357e+09
30  46  2.89667e+09
30  47  2.17275e+09
30  48  2.2593e+09
30  49  2.16516e+09
30  50  2.27781e+09
31  0  1.41709e+09
31  1  1.74249e+09
31  2  2.08276e+09
31  3  2.27714e+09
31  4  2.42785e+09
31  5  2.09404e+09
31  6  2.16982e+09
31  7  2.11668e+09
31  8  2.18742e+09
31  9  1.75409e+09
31  10  1.94717e+09
31  11  2.01671e+09
31  12  1.7648e+09
31  13  1.15535e+09
31  14  1.27137e+09
31  15  1.64422e+09
31  16  1.72428e+09
31  17  1.89047e+09
31  18  1.9042e+09
31  19  1.81319e+09
31  20  1.89616e+09
31  21  2.4019e+09
31  22  2.40999e+09
31  23  2.64941e+09
31  24  2.72088e+09
31  25  2.68305e+09
31  26  2.61468e+09
31  27  2.58753e+09
31  28  2.25448e+09
31  29  2.07964e+09
31  30  1.84797e+09
31  31  1.91433e+09
31  32  1.74109e+09
31  33  1.74363e+09
31  34  1.80094e+09
31  35  1.61977e+09
31  36  2.26526e+09
31  37  1.66085e+09
31  38  1.87052e+09
31  39  1.9452e+09
31  40  2.34558e+09
31  41  2.77108e+09
31  42  2.86398e+09
31  43  2.90236e+09
31  44  2.56822e+09
31  45  2.9086e+09
31  46  2.9252e+09
31  47  2.27729e+09
31  48  1.95238e+09
31  49  2.32591e+09
31  50  2.42844e+09
32  0  1.50054e+09
32  1  1.70523e+09
32  2  1.98454e+09
32  3  2.43407e+09
32  4  2.53947e+09
32  5  2.23643e+09
32  6  2.32442e+09
32  7  2.48185e+09
32  8  2.14935e+09
32  9  1.91174e+09
32  10  2.11861e+09
32  11  2.13481e+09
32  12  1.77534e+09
32  13  1.42264e+09
32  14  1.29461e+09
32  15  1.61803e+09
32  16  1.69037e+09
32  17  2.10709e+09
32  18  2.04889e+09
32  19  1.77273e+09
32  20  1.89154e+09
32  21  2.2595e+09
32  22  2.2506e+09
32  23  2.72578e+09
32  24  2.68195e+09
32  25  2.70213e+09
32  26  2.84317e+09
32  27  2.32785e+09
32  28  2.4355e+09
32  29  2.28941e+09
32  30  1.82826e+09
32  31  1.9949e+09
32  32  1.64464e+09
32  33  1.67819e+09
32  34  1.82241e+09
32  35  1.8968e+09
32  36  2.16183e+09
32  37  1.70712e+09
32  38  1.76631e+09
32  39  2.15798e+09
32  40  2.33826e+09
32  41  2.44934e+09
32  42  2.82871e+09
32  43  2.54432e+09
32  44  2.7176e+09
32  45  2.82896e+09
32  46  3.08403e+09
32  47  2.3674e+09
32  48  2.23266e+09
32  49  2.22617e+09
32  50  2.11096e+09
33  0  1.42574e+09
33  1  1.8882e+09
33  2  2.1239e+09
33  3  2.4347e+09
33  4  2.46543e+09
33  5  2.36909e+09
33  6  2.64365e+09
33  7  2.5703e+09
33  8  2.20882e+09
33  9  2.14575e+09
33  10  2.1476e+09
33  11  2.08031e+09
33  12  2.00811e+09
33  13  1.48964e+09
33  14  1.34697e+09
33  15  1.81142e+09
33  16  1.76745e+09
33  17  1.89769e+09
33  18  1.93256e+09
33  19  1.83152e+09
33  20  2.00112e+09
33  21  2.42244e+09
33  22  2.10547e+09
33  23  2.75274e+09
33  24  2.5766e+09
33  25  2.79891e+09
33  26  2.74995e+09
33  27  2.5803e+09
33  28  2.36757e+09
33  29  2.13836e+09
33  30  1.8725e+09
33  31  2.01403e+09
33  32  1.78561e+09
33  33  1.84767e+09
33  34  1.91495e+09
33  35  1.96826e+09
33  36  2.20654e+09
33  37  1.66952e+09
33  38  2.05043e+09
33  39  2.13897e+09
33  40  2.24273e+09
33  41  2.54217e+09
33  42  2.78454e+09
33  43  2.51772e+09
33  44  2.75429e+09
33  45  2.96148e+09
33  46  3.05662e+09
33  47  2.33925e+09
33  48  2.40916e+09
33  49  2.17968e+09
33  50  2.21939e+09
34  0  1.61286e+09
34  1  1.85388e+09
34  2  2.08225e+09
34  3  2.87085e+09
34  4  2.68195e+09
34  5  2.28001e+09
34  6  2.52991e+09
34  7  2.48941e+09
34  8  2.58262e+09
34  9  2.23098e+09
34  10  2.21775e+09
34  11  2.22685e+09
34  12  2.04662e+09
34  13  1.3699e+09
34  14  1.63557e+09
34  15  1.96188e+09
34  16  2.10432e+09
34  17  1.83145e+09
34  18  2.01602e+09
34  19  2.28304e+09
34  20  2.01852e+09
34  21  2.69326e+09
34  22  2.32633e+09
34  23  2.80854e+09
34  24  2.57013e+09
34  25  2.88305e+09
34  26  2.8984e+09
34  27  2.72388e+09
34  28  2.54683e+09
34  29  1.96683e+09
34  30  1.72805e+09
34  31  1.81458e+09
34  32  1.71744e+09
34  33  2.12873e+09
34  34  1.84704e+09
34  35  1.83263e+09
34  36  1.8733e+09
34  37  1.7857e+09
34  38  2.06559e+09
34  39  2.1507e+09
34  40  2.33042e+09
34  41  2.71208e+09
34  42  2.9159e+09
34  43  3.1503e+09
34  44  2.57554e+09
34  45  2.88727e+09
34  46  3.18331e+09
34  47  2.38966e+09
34  48  2.2299e+09
34  49  2.25568e+09
34  50  2.10787e+09
35  0  1.66689e+09
35  1  2.15837e+09
35  2  2.39349e+09
35  3  2.94246e+09
35  4  2.45515e+09
35  5  2.17221e+09
35  6  3.19481e+09
35  7  2.82926e+09
35  8  2.47277e+09
35  9  2.21805e+09
35  10  2.16072e+09
35  11  2.10835e+09
35  12  2.11321e+09
35  13  1.26726e+09
35  14  1.64581e+09
35  15  2.17475e+09
35  16  1.83947e+09
35  17  1.97677e+09
35  18  2.21052e+09
35  19  2.14624e+09
35  20  2.21031e+09
35  21  2.55426e+09
35  22  2.13124e+09
35  23  2.79064e+09
35  24  2.67922e+09
35  25  3.15745e+09
35  26  2.9706e+09
35  27  2.7555e+09
35  28  2.80971e+09
35  29  2.17627e+09
35  30  1.99072e+09
35  31  1.91291e+09
35  32  1.75784e+09
35  33  2.16527e+09
35  34  1.82073e+09
35  35  1.80742e+09
35  36  2.1322e+09
35  37  1.88511e+09
35  38  2.00642e+09
35  39  2.09384e+09
35  40  2.45959e+09
35  41  2.78772e+09
35  42  3.05885e+09
35  43  3.10298e+09
35  44  2.96749e+09
35  45  2.98415e+09
35  46  3.00233e+09
35  47  2.60941e+09
35  48  2.48853e+09
35  49  2.19948e+09
35  50  2.27241e+09
36  0  1.66895e+09
36  1  1.9757e+09
36  2  2.10996e+09
36  3  2.70994e+09
36  4  2.44186e+09
36  5  2.31042e+09
36  6  3.0627e+09
36  7  3.10812e+09
36  8  2.68928e+09
36  9  2.55659e+09
36  10  2.41865e+09
36  11  2.1336e+09
36  12  2.23429e+09
36  13  1.51495e+09
36  14  1.6509e+09
36  15  1.95594e+09
36  16  2.26047e+09
36  17  2.0174e+09
36  18  2.14118e+09
36  19  2.37306e+09
36  20  2.33412e+09
36  21  2.56467e+09
36  22  2.21314e+09
36  23  2.33407e+09
36  24  2.62417e+09
36  25  2.84081e+09
36  26  2.95174e+09
36  27  2.61649e+09
36  28  2.65151e+09
36  29  2.22564e+09
36  30  1.95927e+09
36  31  2.09546e+09
36  32  1.888e+09
36  33  2.14105e+09
36  34  2.10925e+09
36  35  2.08592e+09
36  36  2.24665e+09
36  37  2.22293e+09
36  38  1.94105e+09
36  39  1.89111e+09
36  40  2.27364e+09
36  41  2.90223e+09
36  42  3.04256e+09
36  43  3.02775e+09
36  44  3.07963e+09
36  45  3.0576e+09
36  46  3.19098e+09
36  47  2.447e+09
36  48  2.31157e+09
36  49  2.1349e+09
36  50  2.22964e+09
37  0  1.77177e+09
37  1  1.84171e+09
37  2  2.03395e+09
37  3  2.59025e+09
37  4  2.59282e+09
37  5  2.61455e+09
37  6  2.65683e+09
37  7  3.36634e+09
37  8  2.85258e+09
37  9  2.2334e+09
37  10  2.51639e+09
37  11  2.0234e+09
37  12  1.717e+09
37  13  1.53094e+09
37  14  1.47744e+09
37  15  1.99782e+09
37  16  1.78795e+09
37  17  1.93417e+09
37  18  2.16855e+09
37  19  2.26054e+09
37  20  2.30638e+09
37  21  2.31563e+09
37  22  2.0199e+09
37  23  2.25615e+09
37  24  2.57265e+09
37  25  2.59337e+09
37  26  3.09632e+09
37  27  2.69515e+09
37  28  2.43525e+09
37  29  2.37837e+09
37  30  1.86728e+09
37  31  1.95054e+09
37  32  1.96258e+09
37  33  2.07955e+09
37  34  2.07509e+09
37  35  2.07788e+09
37  36  2.02553e+09
37  37  1.98741e+09
37  38  2.1789e+09
37  39  2.04459e+09
37  40  2.52066e+09
37  41  2.86287e+09
37  42  3.22181e+09
37  43  2.79952e+09
37  44  2.74597e+09
37  45  3.01425e+09
37  46  2.71495e+09
37  47  2.30436e+09
37  48  2.13075e+09
37  49  2.04784e+09
37  50  2.29287e+09
38  0  1.90691e+09
38  1  1.94757e+09
38  2  1.81807e+09
38  3  2.29893e+09
38  4  2.25486e+09
38  5  2.58043e+09
38  6  3.01066e+09
38  7  3.13833e+09
38  8  2.66047e+09
38  9  2.54261e+09
38  10  2.53575e+09
38  11  2.08823e+09
38  12  1.86271e+09
38  13  1.5561e+09
38  14  1.71615e+09
38  15  2.07096e+09
38  16  1.83743e+09
38  17  1.90978e+09
38  18  2.00013e+09
38  19  2.55676e+09
38  20  2.65158e+09
38  21  2.41869e+09
38  22  1.87774e+09
38  23  2.35067e+09
38  24  2.55231e+09
38  25  2.65039e+09
38  26  2.77905e+09
38  27  2.63046e+09
38  28  2.85925e+09
38  29  2.3954e+09
38  30  2.34165e+09
38  31  2.4134e+09
38  32  1.97955e+09
38  33  2.04753e+09
38  34  2.07339e+09
38  35  2.18172e+09
38  36  2.23245e+09
38  37  2.22932e+09
38  38  2.03289e+09
38  39  2.10039e+09
38  40  2.88134e+09
38  41  2.87152e+09
38  42  2.93358e+09
38  43  2.6305e+09
38  44  2.67695e+09
38  45  3.26335e+09
38  46  2.60404e+09
38  47  2.02735e+09
38  48  2.20314e+09
38  49  2.24885e+09
38  50  2.06896e+09
39  0  1.87439e+09
39  1  2.00929e+09
39  2  1.97739e+09
39  3  2.52138e+09
39  4  1.97139e+09
39  5  2.83804e+09
39  6  2.79123e+09
39  7  3.15973e+09
39  8  2.89027e+09
39  9  2.51964e+09
39  10  2.85736e+09
39  11  2.00713e+09
39  12  2.19902e+09
39  13  1.5458e+09
39  14  1.77352e+09
39  15  1.79379e+09
39  16  2.06216e+09
39  17  1.81033e+09
39  18  2.00966e+09
39  19  2.30541e+09
39  20  2.27528e+09
39  21  2.23802e+09
39  22  2.20334e+09
39  23  2.58541e+09
39  24  2.34409e+09
39  25  2.48254e+09
39  26  2.66871e+09
39  27  2.89953e+09
39  28  2.44322e+09
39  29  2.15499e+09
39  30  2.27399e+09
39  31  2.20849e+09
39  32  2.12106e+09
39  33  2.24515e+09
39  34  1.87404e+09
39  35  2.56481e+09
39  36  2.49165e+09
39  37  2.28124e+09
39  38  2.01311e+09
39  39  2.2423e+09
39  40  2.4681e+09
39  41  2.9983e+09
39  42  2.85479e+09
39  43  2.6168e+09
39  44  2.85924e+09
39  45  3.0505e+09
39  46  2.58312e+09
39  47  1.97708e+09
39  48  2.01551e+09
39  49  2.01572e+09
39  50  2.01648e+09
40  0  2.24987e+09
40  1  2.10214e+09
40  2  2.08854e+09
40  3  2.33381e+09
40  4  2.35462e+09
40  5  2.7174e+09
40  6  3.27121e+09
40  7  2.80391e+09
40  8  3.13565e+09
40  9  2.8853e+09
40  10  2.30859e+09
40  11  2.23144e+09
40  12  2.02679e+09
40  13  1.81079e+09
40  14  1.96084e+09
40  15  1.94062e+09
40  16  1.98006e+09
40  17  1.97691e+09
40  18  1.93609e+09
40  19  2.2209e+09
40  20  2.44628e+09
40  21  2.40261e+09
40  22  1.93856e+09
40  23  2.52458e+09
40  24  2.61151e+09
40  25  2.27158e+09
40  26  2.62157e+09
40  27  2.86402e+09
40  28  2.30065e+09
40  29  2.43769e+09
40  30  2.45919e+09
40  31  2.12732e+09
40  32  2.07193e+09
40  33  2.07529e+09
40  34  1.87458e+09
40  35  2.16203e+09
40  36  2.27168e+09
40  37  2.24955e+09
40  38  1.98495e+09
40  39  2.17918e+09
40  40  2.38486e+09
40  41  3.09304e+09
40  42  2.9104e+09
40  43  2.79328e+09
40  44  2.72584e+09
40  45  3.03577e+09
40  46  2.93302e+09
40  47  1.88269e+09
40  48  1.87607e+09
40  49  2.0817e+09
40  50  1.75996e+09
41  0  1.98737e+09
41  1  1.86548e+09
41  2  1.84404e+09
41  3  2.1776e+09
41  4  2.29315e+09
41  5  2.54583e+09
41  6  3.06253e+09
41  7  3.1118e+09
41  8  3.06551e+09
41  9  2.46199e+09
41  10  2.32139e+09
41  11  2.31386e+09
41  12  2.17855e+09
41  13  1.91669e+09
41  14  1.92544e+09
41  15  1.98789e+09
41  16  2.07112e+09
41  17  1.93327e+09
41  18  2.25399e+09
41  19  2.69618e+09
41  20  2.53767e+09
41  21  2.28886e+09
41  22  2.36e+09
41  23  2.58818e+09
41  24  2.54025e+09
41  25  2.29089e+09
41  26  2.90243e+09
41  27  2.81528e+09
41  28  2.44839e+09
41  29  2.33648e+09
41  30  2.17241e+09
41  31  2.47881e+09
41  32  2.12937e+09
41  33  1.96983e+09
41  34  2.03367e+09
41  35  2.44157e+09
41  36  2.29966e+09
41  37  2.09728e+09
41  38  1.99727e+09
41  39  2.12027e+09
41  40  2.82119e+09
41  41  2.83074e+09
41  42  2.58363e+09
41  43  2.5286e+09
41  44  3.02275e+09
41  45  2.85757e+09
41  46  2.66064e+09
41  47  1.84272e+09
41  48  1.72772e+09
41  49  1.89287e+09
41  50  1.47982e+09
42  0  1.86352e+09
42  1  1.80442e+09
42  2  1.83756e+09
42  3  2.18326e+09
42  4  1.99639e+09
42  5  2.78491e+09
42  6  3.42358e+09
42  7  3.12799e+09
42  8  3.01432e+09
42  9  2.39838e+09
42  10  2.30352e+09
42  11  2.07242e+09
42  12  2.01625e+09
42  13  2.09002e+09
42  14  1.91855e+09
42  15  2.06681e+09
42  16  2.204e+09
42  17  1.94686e+09
42  18  2.13675e+09
42  19  2.479e+09
42  20  2.54329e+09
42  21  2.37156e+09
42  22  2.01466e+09
42  23  2.39179e+09
42  24  2.73106e+09
42  25  2.55332e+09
42  26  2.58968e+09
42  27  2.69438e+09
42  28  2.72085e+09
42  29  2.23466e+09
42  30  2.45156e+09
42  31  2.47033e+09
42  32  2.27968e+09
42  33  2.03507e+09
42  34  1.62662e+09
42  35  2.25586e+09
42  36  2.32601e+09
42  37  1.89932e+09
42  38  1.90506e+09
42  39  2.22294e+09
42  40  2.15253e+09
42  41  2.46053e+09
42  42  2.15882e+09
42  43  2.17004e+09
42  44  2.82791e+09
42  45  3.08427e+09
42  46  2.19112e+09
42  47  1.62642e+09
42  48  1.57134e+09
42  49  1.5482e+09
42  50  1.35024e+09
43  0  1.83343e+09
43  1  1.82157e+09
43  2  1.78015e+09
43  3  2.52754e+09
43  4  1.98167e+09
43  5  2.64776e+09
43  6  3.41246e+09
43  7  3.30197e+09
43  8  3.22141e+09
43  9  2.5533e+09
43  10  2.34608e+09
43  11  2.1339e+09
43  12  1.88508e+09
43  13  1.96271e+09
43  14  1.8832e+09
43  15  2.17829e+09
43  16  2.00601e+09
43  17  2.17522e+09
43  18  2.28533e+09
43  19  2.58944e+09
43  20  2.5722e+09
43  21  2.36705e+09
43  22  2.09166e+09
43  23  2.92717e+09
43  24  2.69082e+09
43  25  2.06031e+09
43  26  2.25259e+09
43  27  2.69815e+09
43  28  2.87265e+09
43  29  2.3407e+09
43  30  2.42819e+09
43  31  2.33648e+09
43  32  2.28158e+09
43  33  2.38675e+09
43  34  1.70643e+09
43  35  2.21054e+09
43  36  2.4303e+09
43  37  1.97752e+09
43  38  1.69904e+09
43  39  2.06767e+09
43  40  2.37306e+09
43  41  2.48722e+09
43  42  2.55653e+09
43  43  2.0089e+09
43  44  2.76289e+09
43  45  3.02774e+09
43  46  2.33339e+09
43  47  1.64876e+09
43  48  1.50447e+09
43  49  1.25139e+09
43  50  1.1719e+09
44  0  1.70133e+09
44  1  1.89772e+09
44  2  1.67157e+09
44  3  2.28971e+09
44  4  2.05749e+09
44  5  2.44812e+09
44  6  3.21507e+09
44  7  3.73819e+09
44  8  2.92165e+09
44  9  2.8686e+09
44  10  2.36115e+09
44  11  2.01352e+09
44  12  2.0031e+09
44  13  2.32409e+09
44  14  1.93994e+09
44  15  2.24553e+09
44  16  2.26439e+09
44  17  2.02508e+09
44  18  2.17035e+09
44  19  2.37162e+09
44  20  2.53604e+09
44  21  2.32154e+09
44  22  2.14008e+09
44  23  2.52902e+09
44  24  2.67895e+09
44  25  2.23191e+09
44  26  2.46136e+09
44  27  2.70776e+09
44  28  2.88772e+09
44  29  2.48917e+09
44  30  2.68032e+09
44  31  2.37949e+09
44  32  2.47706e+09
44  33  2.35623e+09
44  34  1.63829e+09
44  35  2.13603e+09
44  36  2.10382e+09
44  37  1.88013e+09
44  38  1.91635e+09
44  39  1.9812e+09
44  40  2.11475e+09
44  41  2.32269e+09
44  42  2.19637e+09
44  43  1.97379e+09
44  44  2.62777e+09
44  45  2.8531e+09
44  46  2.04835e+09
44  47  1.40154e+09
44  48  1.22036e+09
44  49  1.17243e+09
44  50  1.04481e+09
45  0  1.53671e+09
45  1  1.81321e+09
45  2  1.81515e+09
45  3  2.47465e+09
45  4  1.85648e+09
45  5  2.77366e+09
45  6  3.56423e+09
45  7  3.44491e+09
45  8  3.46365e+09
45  9  2.85569e+09
45  10  2.06878e+09
45  11  2.02409e+09
45  12  2.22049e+09
45  13  2.2985e+09
45  14  2.02921e+09
45  15  2.4224e+09
45  16  2.36813e+09
45  17  2.41389e+09
45  18  2.26265e+09
45  19  2.58646e+09
45  20  2.36896e+09
45  21  2.14255e+09
45  22  2.05365e+09
45  23  2.58687e+09
45  24  2.23811e+09
45  25  2.21601e+09
45  26  2.1893e+09
45  27  2.59234e+09
45  28  2.71834e+09
45  29  2.43536e+09
45  30  2.698e+09
45  31  2.67038e+09
45  32  2.06398e+09
45  33  2.31283e+09
45  34  1.73719e+09
45  35  1.99403e+09
45  36  2.16925e+09
45  37  1.76822e+09
45  38  1.74029e+09
45  39  1.85968e+09
45  40  2.17663e+09
45  41  2.01286e+09
45  42  2.1631e+09
45  43  1.79777e+09
45  44  2.43464e+09
45  45  2.51125e+09
45  46  2.00683e+09
45  47  1.26193e+09
45  48  1.04207e+09
45  49  9.23056e+08
45  50  9.34631e+08
46  0  1.39507e+09
46  1  1.3591e+09
46  2  1.86354e+09
46  3  2.42544e+09
46  4  1.97989e+09
46  5  2.52413e+09
46  6  3.96758e+09
46  7  3.46859e+09
46  8  3.39615e+09
46  9  3.25608e+09
46  10  2.49135e+09
46  11  2.38044e+09
46  12  2.33291e+09
46  13  2.51012e+09
46  14  1.96054e+09
46  15  2.41508e+09
46  16  2.48151e+09
46  17  2.28004e+09
46  18  2.1876e+09
46  19  2.25399e+09
46  20  2.45486e+09
46  21  2.41578e+09
46  22  2.3091e+09
46  23  2.47129e+09
46  24  2.70961e+09
46  25  2.67204e+09
46  26  2.14945e+09
46  27  2.53897e+09
46  28  2.83473e+09
46  29  2.48525e+09
46  30  2.80814e+09
46  31  2.4305e+09
46  32  2.72929e+09
46  33  2.32643e+09
46  34  1.57593e+09
46  35  1.83125e+09
46  36  1.91081e+09
46  37  1.58323e+09
46  38  1.77781e+09
46  39  1.89079e+09
46  40  2.11639e+09
46  41  2.15229e+09
46  42  1.88765e+09
46  43  1.51929e+09
46  44  2.23072e+09
46  45  2.2772e+09
46  46  2.04882e+09
46  47  1.13533e+09
46  48  1.09029e+09
46  49  9.42391e+08
46  50  7.48951e+08
47  0  1.50533e+09
47  1  1.68023e+09
47  2  1.67745e+09
47  3  2.11546e+09
47  4  1.84777e+09
47  5  2.40873e+09
47  6  3.55514e+09
47  7  3.65172e+09
47  8  3.53311e+09
47  9  3.03949e+09
47  10  2.06964e+09
47  11  2.26004e+09
47  12  2.02177e+09
47  13  2.18197e+09
47  14  2.11654e+09
47  15  2.49223e+09
47  16  2.31052e+09
47  17  2.30115e+09
47  18  2.31467e+09
47  19  2.64772e+09
47  20  2.78605e+09
47  21  2.28396e+09
47  22  2.05037e+09
47  23  2.44811e+09
47  24  2.5467e+09
47  25  2.40268e+09
47  26  2.33632e+09
47  27  2.60212e+09
47  28  2.74292e+09
47  29  2.76279e+09
47  30  2.7212e+09
47  31  2.19924e+09
47  32  2.31735e+09
47  33  2.11015e+09
47  34  1.44646e+09
47  35  1.85723e+09
47  36  1.78542e+09
47  37  1.56841e+09
47  38  1.62289e+09
47  39  1.57441e+09
47  40  1.64047e+09
47  41  1.84597e+09
47  42  1.60029e+09
47  43  1.48922e+09
47  44  1.93257e+09
47  45  2.25012e+09
47  46  1.65012e+09
47  47  1.03535e+09
47  48  9.01438e+08
47  49  8.14027e+08
47  50  6.73069e+08
48  0  1.23506e+09
48  1  1.44046e+09
48  2  1.57616e+09
48  3  2.10888e+09
48  4  1.87645e+09
48  5  2.30764e+09
48  6  3.37091e+09
48  7  3.54139e+09
48  8  3.7003e+09
48  9  3.20785e+09
48  10  2.42044e+09
48  11  2.47457e+09
48  12  2.20392e+09
48  13  2.19996e+09
48  14  2.20176e+09
48  15  2.33311e+09
48  16  2.55956e+09
48  17  2.39552e+09
48  18  2.26698e+09
48  19  2.45923e+09
48  20  2.73303e+09
48  21  2.2637e+09
48  22  2.09446e+09
48  23  2.21226e+09
48  24  2.65942e+09
48  25  2.52162e+09
48  26  2.41541e+09
48  27  1.95107e+09
48  28  2.45472e+09
48  29  2.78504e+09
48  30  2.97971e+09
48  31  2.39359e+09
48  32  2.2284e+09
48  33  2.00731e+09
48  34  1.44442e+09
48  35  1.61652e+09
48  36  1.67374e+09
48  37  1.38273e+09
48  38  1.53691e+09
48  39  1.70733e+09
48  40  1.55489e+09
48  41  1.50366e+09
48  42  1.47805e+09
48  43  1.3066e+09
48  44  1.6145e+09
48  45  1.84121e+09
48  46  1.6208e+09
48  47  9.71359e+08
48  48  7.97634e+08
48  49  6.80281e+08
48  50  5.91344e+08
49  0  1.21059e+09
49  1  1.59955e+09
49  2  1.51561e+09
49  3  2.18145e+09
49  4  1.72053e+09
49  5  2.42175e+09
49  6  3.36764e+09
49  7  3.00727e+09
49  8  3.61643e+09
49  9  2.56323e+09
49  10  2.31719e+09
49  11  2.43054e+09
49  12  2.335e+09
49  13  2.26103e+09
49  14  2.40241e+09
49  15  2.4411e+09
49  16  2.21749e+09
49  17  2.32436e+09
49  18  2.00403e+09
49  19  2.48136e+09
49  20  2.48699e+09
49  21  2.36726e+09
49  22  1.80685e+09
49  23  2.44019e+09
49  24  2.29162e+09
49  25  2.4677e+09
49  26  2.06264e+09
49  27  1.98582e+09
49  28  2.66358e+09
49  29  2.67581e+09
49  30  2.84382e+09
49  31  1.9143e+09
49  32  1.955e+09
49  33  1.72892e+09
49  34  1.35347e+09
49  35  1.48846e+09
49  36  1.26743e+09
49  37  1.23293e+09
49  38  1.41377e+09
49  39  1.2838e+09
49  40  1.23244e+09
49  41  1.27754e+09
49  42  1.40122e+09
49  43  1.00058e+09
49  44  1.37966e+09
49  45  1.66009e+09
49  46  1.45109e+09
49  47  8.55017e+08
49  48  6.72477e+08
49  49  5.69715e+08
49  50  4.50409e+08
50  0  9.57211e+08
50  1  1.13558e+09
50  2  1.17987e+09
50  3  1.87541e+09
50  4  1.75812e+09
50  5  2.11982e+09
50  6  3.25258e+09
50  7  3.64518e+09
50  8  3.61243e+09
50  9  2.75924e+09
50  10  2.41801e+09
50  11  2.39911e+09
50  12  2.1896e+09
50  13  2.25406e+09
50  14  2.34954e+09
50  15  2.26635e+09
50  16  2.6552e+09
50  17  2.22057e+09
50  18  2.39766e+09
50  19  2.92304e+09
50  20  2.47433e+09
50  21  2.31267e+09
50  22  2.0143e+09
50  23  2.29863e+09
50  24  2.47996e+09
50  25  2.39042e+09
50  26  2.41246e+09
50  27  1.9378e+09
50  28  2.12209e+09
50  29  2.82111e+09
50  30  2.54062e+09
50  31  1.72911e+09
50  32  1.72182e+09
50  33  1.64621e+09
50  34  1.17154e+09
50  35  1.08221e+09
50  36  1.13245e+09
50  37  9.44634e+08
50  38  9.83744e+08
50  39  1.06727e+09
50  40  1.08646e+09
50  41  1.07768e+09
50  42  1.02565e+09
50  43  1.02844e+09
50  44  1.10916e+09
50  45  1.24888e+09
50  46  1.18968e+09
50  47  6.58043e+08
50  48  5.64225e+08
50  49  5.6738e+08
50  50  4.67964e+08

