row  column  (images_30.edf Mn-K*images_30.edf Ar-K**2.3)
0  0  1.13333e+07
0  1  2.30091e+07
0  2  2.06495e+07
0  3  2.72259e+07
0  4  2.41843e+07
0  5  2.23701e+07
0  6  2.7984e+07
0  7  2.49476e+07
0  8  3.21228e+07
0  9  2.69334e+07
0  10  2.19978e+07
0  11  3.50695e+07
0  12  2.92487e+07
0  13  1.80375e+07
0  14  2.52685e+07
0  15  1.87336e+07
0  16  3.79667e+07
0  17  2.84043e+07
0  18  2.80027e+07
0  19  2.43024e+07
0  20  2.34424e+07
0  21  1.99674e+07
0  22  2.77067e+07
0  23  2.26414e+07
0  24  1.32777e+07
0  25  1.32492e+07
0  26  1.61212e+07
0  27  2.2087e+07
0  28  2.46872e+07
0  29  2.06487e+07
0  30  2.08094e+07
0  31  1.47102e+07
0  32  1.8991e+07
0  33  2.68165e+07
0  34  2.32979e+07
0  35  2.34644e+07
0  36  2.2732e+07
0  37  2.07205e+07
0  38  1.52093e+07
0  39  2.55195e+07
0  40  1.4881e+07
0  41  2.95053e+07
0  42  3.03428e+07
0  43  2.55832e+07
0  44  9.96657e+06
0  45  1.38828e+07
0  46  1.84162e+07
0  47  2.23924e+07
0  48  1.84595e+07
0  49  1.07661e+07
0  50  1.85574e+07
1  0  1.12398e+07
1  1  1.6658e+07
1  2  2.53417e+07
1  3  2.21843e+07
1  4  2.71528e+07
1  5  2.66947e+07
1  6  1.81756e+07
1  7  3.35813e+07
1  8  3.17407e+07
1  9  2.4403e+07
1  10  2.46681e+07
1  11  2.99846e+07
1  12  2.02093e+07
1  13  2.16871e+07
1  14  2.95864e+07
1  15  1.9038e+07
1  16  2.61615e+07
1  17  2.07336e+07
1  18  2.13466e+07
1  19  2.66964e+07
1  20  1.98335e+07
1  21  1.94284e+07
1  22  1.4144e+07
1  23  1.68827e+07
1  24  1.8498e+07
1  25  2.36783e+07
1  26  2.06313e+07
1  27  1.54045e+07
1  28  1.78207e+07
1  29  2.18401e+07
1  30  2.82774e+07
1  31  2.55634e+07
1  32  1.76174e+07
1  33  2.09149e+07
1  34  1.44001e+07
1  35  2.73002e+07
1  36  2.01498e+07
1  37  2.31202e+07
1  38  2.69132e+07
1  39  3.03709e+07
1  40  8.76403e+06
1  41  3.12727e+07
1  42  1.30135e+07
1  43  1.2039e+07
1  44  3.03602e+07
1  45  1.07879e+07
1  46  9.98809e+06
1  47  2.13516e+07
1  48  1.81972e+07
1  49  1.42054e+07
1  50  2.44543e+07
2  0  1.9483e+07
2  1  2.27462e+07
2  2  1.68293e+07
2  3  1.41624e+07
2  4  1.40056e+07
2  5  3.37272e+07
2  6  2.09793e+07
2  7  1.98668e+07
2  8  1.54596e+07
2  9  3.36189e+07
2  10  2.95357e+07
2  11  3.87956e+07
2  12  3.26937e+07
2  13  2.43414e+07
2  14  1.92175e+07
2  15  1.15799e+07
2  16  2.35346e+07
2  17  3.28729e+07
2  18  1.39389e+07
2  19  3.59963e+07
2  20  2.48263e+07
2  21  3.58971e+07
2  22  1.62328e+07
2  23  1.84685e+07
2  24  7.87583e+06
2  25  1.98274e+07
2  26  2.08227e+07
2  27  2.63254e+07
2  28  1.27345e+07
2  29  1.74095e+07
2  30  1.9364e+07
2  31  2.51338e+07
2  32  1.22651e+07
2  33  2.31085e+07
2  34  3.15236e+07
2  35  1.62117e+07
2  36  2.1497e+07
2  37  2.1411e+07
2  38  1.95084e+07
2  39  1.80763e+07
2  40  2.13237e+07
2  41  9.80643e+06
2  42  2.22005e+07
2  43  2.18172e+07
2  44  1.42253e+07
2  45  3.00223e+07
2  46  3.03718e+07
2  47  1.49829e+07
2  48  1.36835e+07
2  49  5.99406e+06
2  50  1.72548e+07
3  0  3.43066e+06
3  1  2.25066e+07
3  2  3.05922e+07
3  3  2.01088e+07
3  4  3.45826e+07
3  5  2.11573e+07
3  6  2.10125e+07
3  7  3.05303e+07
3  8  2.77969e+07
3  9  2.15346e+07
3  10  1.14723e+07
3  11  1.4426e+07
3  12  2.52363e+07
3  13  2.56748e+07
3  14  2.52597e+07
3  15  1.82753e+07
3  16  1.60521e+07
3  17  2.64409e+07
3  18  2.78648e+07
3  19  2.74562e+07
3  20  1.96935e+07
3  21  2.54819e+07
3  22  1.16909e+07
3  23  1.97694e+07
3  24  1.52259e+07
3  25  1.89642e+07
3  26  2.02922e+07
3  27  1.35925e+07
3  28  2.77051e+07
3  29  2.38463e+07
3  30  2.04673e+07
3  31  1.50058e+07
3  32  1.95597e+07
3  33  9.70377e+06
3  34  7.30727e+06
3  35  1.11067e+07
3  36  1.58905e+07
3  37  2.40251e+07
3  38  1.75135e+07
3  39  2.28423e+07
3  40  1.70842e+07
3  41  2.27754e+07
3  42  0
3  43  1.49527e+07
3  44  1.70142e+07
3  45  1.51452e+07
3  46  1.79734e+07
3  47  2.79808e+07
3  48  1.6413e+07
3  49  3.87454e+06
3  50  9.19374e+06
4  0  1.37881e+07
4  1  2.9359e+07
4  2  1.62705e+07
4  3  2.8793e+07
4  4  1.69075e+07
4  5  2.13003e+07
4  6  2.40259e+07
4  7  2.79168e+07
4  8  1.84132e+07
4  9  2.31175e+07
4  10  2.44483e+07
4  11  2.25066e+07
4  12  2.82336e+07
4  13  1.68953e+07
4  14  2.81972e+07
4  15  2.43297e+07
4  16  1.98165e+07
4  17  2.25762e+07
4  18  3.3581e+07
4  19  1.79667e+07
4  20  2.31077e+07
4  21  2.09252e+07
4  22  1.53583e+07
4  23  2.37325e+07
4  24  2.39219e+07
4  25  2.04805e+07
4  26  1.30113e+07
4  27  2.56834e+07
4  28  1.6613e+07
4  29  2.34927e+07
4  30  2.86752e+07
4  31  2.84323e+07
4  32  1.59837e+07
4  33  2.48527e+07
4  34  1.11408e+07
4  35  1.48621e+07
4  36  1.63062e+07
4  37  9.04074e+06
4  38  2.28499e+07
4  39  1.93788e+07
4  40  3.50612e+07
4  41  1.76257e+07
4  42  2.37174e+07
4  43  2.23065e+07
4  44  1.95164e+07
4  45  1.65141e+07
4  46  1.31843e+07
4  47  1.57081e+07
4  48  1.71198e+07
4  49  1.49638e+07
4  50  6.28993e+06
5  0  1.21926e+07
5  1  2.9241e+07
5  2  2.3515e+07
5  3  2.93314e+07
5  4  2.27109e+07
5  5  8.841e+06
5  6  2.10355e+07
5  7  2.20607e+07
5  8  2.98606e+07
5  9  1.66396e+07
5  10  1.97397e+07
5  11  2.54431e+07
5  12  1.41669e+07
5  13  2.0727e+07
5  14  2.10108e+07
5  15  1.82216e+07
5  16  8.38339e+06
5  17  2.37076e+07
5  18  2.18494e+07
5  19  7.75037e+06
5  20  1.39314e+07
5  21  2.25527e+07
5  22  2.15165e+07
5  23  2.65658e+07
5  24  2.1622e+07
5  25  1.70143e+07
5  26  1.93553e+07
5  27  1.31626e+07
5  28  2.37433e+07
5  29  1.49635e+07
5  30  1.72402e+07
5  31  4.18739e+06
5  32  2.25103e+07
5  33  1.77355e+07
5  34  1.73125e+07
5  35  9.13972e+06
5  36  1.20972e+07
5  37  1.69869e+07
5  38  2.25507e+07
5  39  2.4143e+07
5  40  1.30015e+07
5  41  2.47087e+07
5  42  1.06221e+07
5  43  1.84156e+07
5  44  1.89365e+07
5  45  1.36583e+07
5  46  1.42292e+07
5  47  1.4225e+07
5  48  1.80194e+07
5  49  1.14427e+07
5  50  3.93668e+06
6  0  1.76434e+07
6  1  2.76424e+07
6  2  2.6076e+07
6  3  1.98642e+07
6  4  2.59738e+07
6  5  2.83202e+07
6  6  1.73487e+07
6  7  2.71152e+07
6  8  2.42354e+07
6  9  2.83978e+07
6  10  2.74618e+07
6  11  2.36217e+07
6  12  1.07027e+07
6  13  2.01659e+07
6  14  3.20825e+07
6  15  1.67929e+07
6  16  2.13243e+07
6  17  2.45786e+07
6  18  1.19811e+07
6  19  1.71664e+07
6  20  2.05197e+07
6  21  2.59456e+07
6  22  1.69072e+07
6  23  1.78222e+07
6  24  3.54605e+07
6  25  2.11566e+07
6  26  2.64566e+07
6  27  2.06078e+07
6  28  2.66589e+07
6  29  1.73511e+06
6  30  2.4403e+07
6  31  3.2721e+07
6  32  2.47757e+07
6  33  1.71509e+07
6  34  1.71323e+07
6  35  1.97034e+07
6  36  2.53588e+07
6  37  1.64578e+07
6  38  1.82634e+07
6  39  1.35505e+07
6  40  2.35605e+07
6  41  2.22277e+07
6  42  1.30153e+07
6  43  1.53165e+07
6  44  1.18529e+07
6  45  2.73251e+07
6  46  2.16557e+07
6  47  1.32809e+07
6  48  1.52125e+07
6  49  4.75787e+06
6  50  9.63869e+06
7  0  2.85515e+07
7  1  2.32377e+07
7  2  1.98549e+07
7  3  2.43038e+07
7  4  2.64096e+07
7  5  1.95444e+07
7  6  2.70966e+07
7  7  1.64112e+07
7  8  2.36596e+07
7  9  2.1732e+07
7  10  3.30196e+07
7  11  2.17029e+07
7  12  2.90884e+07
7  13  2.22236e+07
7  14  1.91143e+07
7  15  2.49016e+07
7  16  1.78275e+07
7  17  9.69007e+06
7  18  1.44549e+07
7  19  1.54672e+07
7  20  2.24124e+07
7  21  1.18119e+07
7  22  1.3145e+07
7  23  1.48989e+07
7  24  1.1681e+07
7  25  1.51599e+07
7  26  8.31257e+06
7  27  1.51719e+07
7  28  1.26686e+07
7  29  1.42954e+07
7  30  1.24535e+07
7  31  1.43585e+07
7  32  1.14217e+07
7  33  1.27713e+07
7  34  1.69565e+07
7  35  1.10762e+07
7  36  2.30513e+07
7  37  1.56725e+07
7  38  2.33139e+07
7  39  1.35726e+07
7  40  9.49815e+06
7  41  2.27825e+07
7  42  2.36572e+07
7  43  1.64379e+07
7  44  1.63042e+07
7  45  2.44334e+07
7  46  9.50584e+06
7  47  2.25133e+07
7  48  1.07874e+07
7  49  6.97117e+06
7  50  1.44711e+07
8  0  3.29998e+07
8  1  2.99219e+07
8  2  1.96005e+07
8  3  3.50663e+07
8  4  2.83528e+07
8  5  1.30175e+07
8  6  1.53805e+07
8  7  2.77993e+07
8  8  2.81255e+07
8  9  2.94224e+07
8  10  1.28734e+07
8  11  1.90489e+07
8  12  2.03263e+07
8  13  1.56687e+07
8  14  2.66064e+07
8  15  2.14832e+07
8  16  1.06723e+07
8  17  2.25736e+07
8  18  2.14162e+07
8  19  1.23779e+07
8  20  2.09959e+07
8  21  2.62772e+07
8  22  3.00028e+07
8  23  1.66573e+07
8  24  3.2054e+07
8  25  1.95531e+07
8  26  1.93794e+07
8  27  2.6316e+07
8  28  1.84254e+07
8  29  1.21579e+07
8  30  8.88203e+06
8  31  2.54393e+07
8  32  1.1046e+07
8  33  2.5308e+07
8  34  2.03346e+07
8  35  2.0389e+07
8  36  5.65016e+06
8  37  2.03218e+07
8  38  8.62689e+06
8  39  2.16255e+07
8  40  1.6809e+07
8  41  1.6279e+07
8  42  1.02557e+07
8  43  2.11231e+07
8  44  1.77957e+07
8  45  1.31199e+07
8  46  1.71687e+07
8  47  4.99711e+06
8  48  1.44175e+07
8  49  9.64026e+06
8  50  1.31994e+07
9  0  2.22485e+07
9  1  2.15235e+07
9  2  2.1547e+07
9  3  2.45602e+07
9  4  1.09392e+07
9  5  1.86495e+07
9  6  2.4228e+07
9  7  2.39904e+07
9  8  2.32565e+07
9  9  4.27525e+07
9  10  2.46665e+07
9  11  1.83346e+07
9  12  1.53434e+07
9  13  3.12349e+07
9  14  1.17626e+07
9  15  2.00577e+07
9  16  2.1188e+07
9  17  1.65967e+07
9  18  2.25219e+07
9  19  1.04655e+07
9  20  2.10404e+07
9  21  1.83495e+07
9  22  2.45992e+07
9  23  1.35152e+07
9  24  1.34478e+07
9  25  2.72223e+07
9  26  2.41093e+07
9  27  1.74778e+07
9  28  2.54041e+07
9  29  1.60421e+07
9  30  1.23986e+07
9  31  1.27489e+07
9  32  1.19299e+07
9  33  2.06292e+07
9  34  5.18671e+06
9  35  1.64441e+07
9  36  3.24904e+07
9  37  1.79582e+07
9  38  2.3432e+06
9  39  1.71411e+07
9  40  2.43473e+07
9  41  2.39709e+07
9  42  3.04817e+07
9  43  1.85115e+07
9  44  1.19474e+07
9  45  1.81389e+07
9  46  1.00174e+07
9  47  2.56445e+07
9  48  1.64217e+07
9  49  1.40281e+07
9  50  1.53779e+07
10  0  9.68507e+06
10  1  2.3853e+07
10  2  1.98461e+07
10  3  2.20512e+07
10  4  2.18998e+07
10  5  2.65898e+07
10  6  2.92485e+07
10  7  9.44637e+06
10  8  2.17343e+07
10  9  2.71852e+07
10  10  2.40568e+07
10  11  2.58289e+07
10  12  1.64066e+07
10  13  1.85625e+07
10  14  1.38408e+07
10  15  2.01334e+07
10  16  9.35965e+06
10  17  2.67606e+07
10  18  1.57567e+07
10  19  1.63076e+07
10  20  1.80249e+07
10  21  2.08614e+07
10  22  2.42765e+07
10  23  1.39514e+07
10  24  2.05546e+07
10  25  2.10666e+07
10  26  1.78357e+07
10  27  1.82563e+07
10  28  1.42944e+07
10  29  2.10879e+07
10  30  2.32272e+07
10  31  2.55389e+07
10  32  1.56495e+07
10  33  1.54985e+07
10  34  1.49392e+07
10  35  1.4495e+07
10  36  6.16156e+06
10  37  2.31789e+07
10  38  1.94579e+07
10  39  1.30286e+07
10  40  2.01102e+07
10  41  1.57295e+07
10  42  2.30499e+07
10  43  1.14431e+07
10  44  3.22738e+07
10  45  1.11585e+07
10  46  1.37297e+07
10  47  2.04386e+07
10  48  1.2112e+07
10  49  4.53822e+06
10  50  7.76665e+06
11  0  1.20013e+07
11  1  2.60847e+07
11  2  2.3572e+07
11  3  1.99591e+07
11  4  3.09295e+07
11  5  2.36771e+07
11  6  2.53551e+07
11  7  2.74312e+07
11  8  2.09193e+07
11  9  1.4289e+07
11  10  1.75683e+07
11  11  1.7615e+07
11  12  2.89852e+07
11  13  1.82343e+07
11  14  2.35408e+07
11  15  2.00462e+07
11  16  9.5851e+06
11  17  2.023e+07
11  18  2.36705e+07
11  19  1.93303e+07
11  20  4.88894e+06
11  21  2.13209e+07
11  22  3.28077e+07
11  23  2.07904e+07
11  24  2.47832e+07
11  25  1.03165e+07
11  26  3.10265e+07
11  27  5.86647e+06
11  28  1.12097e+07
11  29  1.54205e+07
11  30  2.26939e+07
11  31  1.17724e+07
11  32  1.44226e+07
11  33  1.99742e+07
11  34  1.50178e+07
11  35  2.22093e+07
11  36  1.728e+07
11  37  1.92682e+07
11  38  2.06178e+07
11  39  8.99373e+06
11  40  9.25546e+06
11  41  3.27538e+07
11  42  5.58451e+06
11  43  1.23799e+07
11  44  2.17791e+07
11  45  2.08918e+07
11  46  1.17203e+07
11  47  1.92726e+07
11  48  1.38348e+07
11  49  3.26506e+06
11  50  1.33153e+07
12  0  1.63885e+07
12  1  1.053e+07
12  2  1.16001e+07
12  3  2.09601e+07
12  4  2.02351e+07
12  5  1.68223e+07
12  6  2.8804e+07
12  7  1.82268e+07
12  8  2.47049e+07
12  9  2.74738e+07
12  10  1.38124e+07
12  11  2.63232e+07
12  12  2.48796e+07
12  13  1.64395e+07
12  14  2.34003e+07
12  15  1.73734e+07
12  16  2.78769e+07
12  17  1.3026e+07
12  18  1.58458e+07
12  19  2.19174e+07
12  20  1.07876e+07
12  21  1.87086e+07
12  22  1.45871e+07
12  23  2.44029e+07
12  24  2.2522e+07
12  25  1.66905e+07
12  26  1.90032e+07
12  27  1.09207e+07
12  28  2.95006e+07
12  29  1.34825e+07
12  30  2.1199e+07
12  31  2.69701e+07
12  32  1.47759e+07
12  33  1.18198e+07
12  34  2.00283e+07
12  35  1.6265e+07
12  36  1.67848e+07
12  37  1.86045e+07
12  38  7.87419e+06
12  39  7.28455e+06
12  40  2.09958e+07
12  41  1.38671e+07
12  42  1.82611e+07
12  43  1.7645e+07
12  44  7.17773e+06
12  45  1.25631e+07
12  46  1.37967e+07
12  47  7.72189e+06
12  48  1.71416e+07
12  49  1.5844e+07
12  50  1.70115e+07
13  0  1.7093e+07
13  1  2.76328e+07
13  2  1.40064e+07
13  3  1.493e+07
13  4  1.73788e+07
13  5  1.36949e+07
13  6  1.75605e+07
13  7  1.28592e+07
13  8  2.57297e+07
13  9  2.45728e+07
13  10  1.30056e+07
13  11  1.67985e+07
13  12  2.28923e+07
13  13  2.04868e+07
13  14  1.84696e+07
13  15  1.30132e+07
13  16  1.96053e+07
13  17  1.77893e+07
13  18  2.14337e+07
13  19  2.38002e+07
13  20  1.98702e+07
13  21  1.41442e+07
13  22  2.36237e+07
13  23  1.72117e+07
13  24  1.7255e+07
13  25  2.50239e+07
13  26  1.93508e+07
13  27  1.09603e+07
13  28  2.21304e+07
13  29  1.13409e+07
13  30  1.95071e+07
13  31  9.48617e+06
13  32  7.36676e+06
13  33  1.74177e+07
13  34  1.48418e+07
13  35  1.64477e+07
13  36  1.49151e+07
13  37  2.63545e+07
13  38  7.56325e+06
13  39  2.27058e+07
13  40  1.24798e+07
13  41  2.59102e+07
13  42  1.61098e+07
13  43  2.02906e+07
13  44  2.19077e+07
13  45  1.81281e+07
13  46  1.42264e+07
13  47  1.11802e+07
13  48  2.16061e+07
13  49  1.433e+07
13  50  1.58554e+07
14  0  2.43833e+07
14  1  5.07739e+06
14  2  1.26622e+07
14  3  3.01161e+07
14  4  1.25691e+07
14  5  2.10325e+07
14  6  2.02776e+07
14  7  2.2122e+07
14  8  1.85832e+07
14  9  2.87489e+07
14  10  1.0639e+07
14  11  1.82592e+07
14  12  1.5041e+07
14  13  1.02718e+07
14  14  1.55978e+07
14  15  2.9134e+07
14  16  1.25844e+07
14  17  2.15309e+07
14  18  2.33924e+07
14  19  1.7397e+07
14  20  1.66963e+07
14  21  1.32371e+07
14  22  2.01955e+07
14  23  1.51396e+07
14  24  1.85867e+07
14  25  1.6652e+07
14  26  2.80695e+07
14  27  1.62733e+07
14  28  1.68608e+07
14  29  2.11612e+07
14  30  2.45016e+07
14  31  2.21146e+07
14  32  1.26135e+07
14  33  2.14632e+07
14  34  8.25988e+06
14  35  1.19831e+07
14  36  1.20628e+07
14  37  1.91028e+07
14  38  2.00701e+07
14  39  1.44516e+07
14  40  1.03856e+07
14  41  2.16631e+07
14  42  1.84021e+07
14  43  7.2997e+06
14  44  1.74763e+07
14  45  1.86988e+07
14  46  9.7551e+06
14  47  1.78741e+07
14  48  1.28862e+07
14  49  1.3314e+07
14  50  9.8771e+06
15  0  2.79115e+07
15  1  1.06152e+07
15  2  2.30314e+07
15  3  1.89521e+07
15  4  1.44383e+07
15  5  1.65877e+07
15  6  2.44434e+07
15  7  2.47291e+07
15  8  2.90178e+07
15  9  2.35775e+07
15  10  1.31469e+07
15  11  2.71565e+07
15  12  1.84333e+07
15  13  2.82667e+07
15  14  1.79395e+07
15  15  1.09566e+07
15  16  1.55264e+07
15  17  3.25152e+06
15  18  1.9299e+07
15  19  2.8986e+07
15  20  2.30537e+07
15  21  1.54555e+07
15  22  2.79322e+07
15  23  1.83584e+07
15  24  2.24314e+07
15  25  1.40288e+07
15  26  2.58984e+07
15  27  1.30564e+07
15  28  1.83421e+07
15  29  1.66935e+07
15  30  1.63119e+07
15  31  6.98711e+06
15  32  1.31076e+07
15  33  1.48729e+07
15  34  1.91445e+07
15  35  1.57628e+07
15  36  2.71881e+07
15  37  1.69904e+07
15  38  1.19592e+07
15  39  2.47136e+07
15  40  4.30553e+06
15  41  1.44034e+07
15  42  1.61858e+07
15  43  1.2064e+07
15  44  2.24802e+07
15  45  2.48604e+07
15  46  1.74108e+07
15  47  1.93591e+07
15  48  1.63622e+07
15  49  1.00398e+07
15  50  1.45456e+07
16  0  2.12639e+07
16  1  1.43342e+07
16  2  2.58787e+07
16  3  9.85601e+06
16  4  1.76793e+07
16  5  2.23862e+07
16  6  2.31181e+07
16  7  1.54322e+07
16  8  2.5965e+07
16  9  2.49978e+07
16  10  2.7888e+07
16  11  1.71879e+07
16  12  1.71255e+07
16  13  2.09644e+07
16  14  1.48034e+07
16  15  1.36953e+07
16  16  2.88739e+07
16  17  2.23012e+07
16  18  1.97751e+07
16  19  1.44216e+07
16  20  1.67107e+07
16  21  1.32942e+07
16  22  2.10342e+07
16  23  2.79966e+07
16  24  1.7316e+07
16  25  2.14753e+07
16  26  2.49408e+07
16  27  1.91662e+07
16  28  2.11544e+07
16  29  1.30698e+07
16  30  8.3349e+06
16  31  2.46337e+07
16  32  1.90884e+07
16  33  2.17186e+07
16  34  2.08681e+07
16  35  1.43301e+07
16  36  1.70211e+07
16  37  1.82509e+07
16  38  2.29967e+07
16  39  2.28806e+07
16  40  2.26134e+07
16  41  1.65206e+07
16  42  2.41899e+07
16  43  2.60173e+07
16  44  2.14235e+07
16  45  1.8738e+07
16  46  6.64742e+06
16  47  1.81687e+07
16  48  1.14904e+07
16  49  1.9436e+07
16  50  4.85412e+06
17  0  1.64468e+07
17  1  2.11597e+07
17  2  1.75118e+07
17  3  9.82379e+06
17  4  1.38502e+07
17  5  2.65585e+07
17  6  2.02357e+07
17  7  2.30541e+07
17  8  1.56073e+07
17  9  2.31866e+07
17  10  3.06519e+07
17  11  2.66557e+07
17  12  1.58823e+07
17  13  1.71174e+07
17  14  1.61028e+07
17  15  3.06258e+07
17  16  1.57639e+07
17  17  2.09479e+07
17  18  1.74568e+07
17  19  3.05177e+07
17  20  1.71598e+07
17  21  1.90813e+07
17  22  1.76694e+07
17  23  1.74755e+07
17  24  1.60843e+07
17  25  2.5511e+07
17  26  2.02289e+07
17  27  1.98328e+07
17  28  1.67931e+07
17  29  1.14834e+07
17  30  2.3891e+07
17  31  1.00558e+07
17  32  1.92734e+07
17  33  9.58078e+06
17  34  1.5122e+07
17  35  2.27022e+07
17  36  1.62904e+07
17  37  1.76239e+07
17  38  1.24433e+07
17  39  2.03614e+07
17  40  1.46036e+07
17  41  2.92638e+07
17  42  7.15553e+06
17  43  2.26399e+07
17  44  1.31743e+07
17  45  1.7064e+07
17  46  2.40513e+07
17  47  1.1783e+07
17  48  7.90186e+06
17  49  1.22796e+07
17  50  1.10324e+07
18  0  2.09103e+07
18  1  1.56762e+07
18  2  1.94649e+07
18  3  4.85427e+06
18  4  2.29068e+07
18  5  2.59466e+07
18  6  2.59003e+07
18  7  2.41755e+07
18  8  1.13506e+07
18  9  2.48018e+07
18  10  1.01122e+07
18  11  2.84464e+07
18  12  2.44533e+07
18  13  2.03761e+07
18  14  4.29748e+06
18  15  2.1054e+07
18  16  1.84166e+07
18  17  1.33947e+07
18  18  1.8697e+07
18  19  2.10534e+07
18  20  1.80928e+07
18  21  1.81755e+07
18  22  1.07731e+07
18  23  1.649e+07
18  24  1.3277e+07
18  25  2.25251e+07
18  26  2.29859e+07
18  27  2.63081e+07
18  28  2.41494e+07
18  29  1.93545e+07
18  30  1.19088e+07
18  31  4.54988e+06
18  32  6.71799e+06
18  33  2.21876e+07
18  34  2.24567e+07
18  35  1.71222e+07
18  36  9.54004e+06
18  37  2.27924e+07
18  38  1.82087e+07
18  39  1.74387e+07
18  40  1.38926e+07
18  41  6.90763e+06
18  42  1.29689e+07
18  43  1.45369e+07
18  44  8.60953e+06
18  45  8.32961e+06
18  46  1.16705e+07
18  47  1.7453e+07
18  48  1.16715e+07
18  49  9.4868e+06
18  50  1.93837e+07
19  0  1.32479e+07
19  1  1.93475e+07
19  2  2.23293e+07
19  3  1.11237e+07
19  4  2.13165e+07
19  5  1.72882e+07
19  6  2.93228e+07
19  7  2.31273e+07
19  8  2.33717e+07
19  9  8.46841e+06
19  10  1.94165e+07
19  11  3.02384e+07
19  12  1.22262e+07
19  13  1.79067e+07
19  14  2.44812e+07
19  15  2.14186e+07
19  16  2.29747e+07
19  17  1.45129e+07
19  18  1.62214e+07
19  19  1.3694e+07
19  20  1.55463e+07
19  21  1.62076e+07
19  22  1.98015e+07
19  23  1.72506e+07
19  24  1.43513e+07
19  25  1.56497e+07
19  26  2.67638e+07
19  27  1.13217e+07
19  28  2.65418e+07
19  29  2.01968e+07
19  30  1.12801e+07
19  31  7.63733e+06
19  32  9.58482e+06
19  33  2.36501e+07
19  34  2.54397e+07
19  35  2.07989e+07
19  36  2.10449e+07
19  37  1.67906e+07
19  38  3.21176e+07
19  39  1.84126e+07
19  40  7.11218e+06
19  41  5.01472e+06
19  42  2.15442e+07
19  43  2.35699e+07
19  44  1.52774e+07
19  45  1.492e+07
19  46  1.49582e+07
19  47  3.12303e+07
19  48  2.1142e+07
19  49  9.92498e+06
19  50  1.11398e+07
20  0  1.74668e+07
20  1  2.51902e+07
20  2  2.52158e+07
20  3  1.26773e+07
20  4  3.17994e+07
20  5  2.73568e+07
20  6  1.99831e+07
20  7  2.11276e+07
20  8  1.50914e+07
20  9  1.56103e+07
20  10  7.92645e+06
20  11  2.51058e+07
20  12  1.91265e+07
20  13  2.69503e+07
20  14  2.01823e+07
20  15  2.42777e+07
20  16  4.30665e+06
20  17  6.75654e+06
20  18  1.06827e+07
20  19  2.14815e+07
20  20  2.03749e+07
20  21  1.41092e+07
20  22  1.8071e+07
20  23  6.86456e+06
20  24  2.17402e+07
20  25  2.3654e+07
20  26  1.61287e+07
20  27  1.7609e+07
20  28  7.45616e+06
20  29  1.36691e+07
20  30  1.90539e+07
20  31  2.20704e+07
20  32  2.59377e+07
20  33  1.56944e+07
20  34  1.76225e+07
20  35  2.05515e+07
20  36  2.60411e+07
20  37  1.01212e+07
20  38  1.16857e+07
20  39  1.80826e+07
20  40  2.36982e+07
20  41  1.01264e+07
20  42  1.50683e+07
20  43  7.03129e+06
20  44  2.14439e+07
20  45  2.0435e+07
20  46  2.20679e+07
20  47  2.71597e+07
20  48  1.58038e+07
20  49  1.6584e+07
20  50  1.61098e+07
21  0  1.55125e+07
21  1  1.32425e+07
21  2  2.42885e+07
21  3  1.65919e+07
21  4  1.52587e+07
21  5  2.05821e+07
21  6  2.262e+07
21  7  2.13229e+07
21  8  2.36585e+07
21  9  2.7272e+07
21  10  2.09107e+07
21  11  1.93682e+07
21  12  1.03987e+07
21  13  2.54348e+07
21  14  1.92136e+07
21  15  1.49485e+07
21  16  1.31725e+07
21  17  2.26427e+07
21  18  1.75476e+07
21  19  1.43365e+07
21  20  1.03999e+07
21  21  1.46547e+07
21  22  4.15545e+06
21  23  2.33069e+07
21  24  9.1337e+06
21  25  1.31656e+07
21  26  2.63669e+07
21  27  7.378e+06
21  28  1.5069e+07
21  29  1.26754e+07
21  30  2.16301e+07
21  31  1.68349e+07
21  32  1.80511e+07
21  33  6.74589e+06
21  34  1.71693e+07
21  35  8.63233e+06
21  36  1.95673e+07
21  37  1.10982e+07
21  38  2.09965e+07
21  39  1.65052e+07
21  40  1.93244e+07
21  41  2.10325e+07
21  42  1.39084e+07
21  43  2.33752e+07
21  44  1.47209e+07
21  45  1.40768e+07
21  46  1.25767e+07
21  47  1.37295e+07
21  48  1.41776e+07
21  49  1.74426e+07
21  50  2.4276e+07
22  0  1.87294e+07
22  1  1.02371e+07
22  2  1.35245e+07
22  3  1.64666e+07
22  4  1.16808e+07
22  5  1.92233e+07
22  6  2.09946e+07
22  7  2.08364e+07
22  8  2.79099e+07
22  9  1.68707e+07
22  10  1.6231e+07
22  11  1.86205e+07
22  12  2.39872e+07
22  13  2.47811e+07
22  14  1.22325e+07
22  15  1.20332e+07
22  16  2.3648e+07
22  17  2.44215e+07
22  18  1.82431e+07
22  19  1.61601e+07
22  20  7.62193e+06
22  21  1.44869e+07
22  22  1.21343e+07
22  23  4.96425e+06
22  24  2.36889e+07
22  25  1.82455e+07
22  26  1.52446e+07
22  27  1.21364e+07
22  28  1.28997e+07
22  29  2.93483e+07
22  30  2.00988e+07
22  31  2.39352e+07
22  32  1.98668e+07
22  33  1.58863e+07
22  34  6.75342e+06
22  35  1.89847e+07
22  36  1.58777e+07
22  37  8.11898e+06
22  38  1.38342e+07
22  39  1.81283e+07
22  40  1.61534e+07
22  41  2.06104e+07
22  42  1.01588e+07
22  43  1.22193e+07
22  44  2.29111e+07
22  45  1.19539e+07
22  46  1.72032e+07
22  47  2.1158e+07
22  48  1.71521e+07
22  49  1.92804e+07
22  50  1.24026e+07
23  0  2.18631e+07
23  1  1.86992e+07
23  2  1.32147e+07
23  3  2.14134e+07
23  4  2.30797e+07
23  5  1.61558e+07
23  6  2.06785e+07
23  7  2.04371e+07
23  8  5.87666e+06
23  9  1.23215e+07
23  10  2.12258e+07
23  11  1.66764e+07
23  12  1.60232e+07
23  13  2.1924e+07
23  14  1.35202e+07
23  15  1.25571e+07
23  16  1.01358e+07
23  17  1.67899e+07
23  18  3.18533e+07
23  19  1.30612e+07
23  20  1.12543e+07
23  21  1.87826e+07
23  22  1.52654e+07
23  23  9.30748e+06
23  24  1.79723e+07
23  25  2.25656e+07
23  26  1.1444e+07
23  27  2.63286e+07
23  28  1.36797e+07
23  29  1.34233e+07
23  30  1.22264e+07
23  31  1.69365e+07
23  32  1.32997e+07
23  33  1.31637e+07
23  34  1.59598e+07
23  35  1.20656e+07
23  36  2.47697e+07
23  37  1.42634e+07
23  38  1.74385e+07
23  39  2.05236e+07
23  40  1.6248e+07
23  41  8.00599e+06
23  42  4.67312e+06
23  43  0
23  44  1.77577e+07
23  45  1.6787e+07
23  46  3.80028e+06
23  47  1.61516e+07
23  48  1.25837e+07
23  49  1.6794e+07
23  50  1.52674e+07
24  0  1.65131e+07
24  1  1.69528e+07
24  2  2.5621e+07
24  3  1.61132e+07
24  4  8.01579e+06
24  5  2.79762e+07
24  6  1.8109e+07
24  7  1.73686e+07
24  8  1.19726e+07
24  9  2.00638e+07
24  10  1.52189e+07
24  11  1.81832e+07
24  12  2.50578e+07
24  13  1.5392e+07
24  14  2.11803e+07
24  15  1.98802e+07
24  16  1.55866e+07
24  17  2.73136e+07
24  18  1.67444e+07
24  19  1.47406e+07
24  20  2.00875e+07
24  21  6.91555e+06
24  22  4.07055e+06
24  23  1.12386e+07
24  24  1.34477e+07
24  25  2.58089e+07
24  26  1.68726e+07
24  27  2.72561e+06
24  28  3.67848e+06
24  29  7.13699e+06
24  30  1.03898e+07
24  31  1.09334e+07
24  32  6.51009e+06
24  33  1.45063e+07
24  34  1.703e+07
24  35  7.92489e+06
24  36  5.79675e+06
24  37  2.03318e+07
24  38  1.06414e+07
24  39  1.34547e+07
24  40  1.83685e+07
24  41  8.60716e+06
24  42  1.23385e+07
24  43  3.13294e+06
24  44  1.36741e+07
24  45  7.32243e+06
24  46  4.48158e+06
24  47  8.50805e+06
24  48  2.13454e+07
24  49  3.82475e+07
24  50  1.82697e+07
25  0  1.60568e+07
25  1  1.92229e+07
25  2  1.62522e+07
25  3  1.48813e+07
25  4  2.97474e+07
25  5  1.10162e+07
25  6  2.46155e+07
25  7  1.21007e+07
25  8  9.26516e+06
25  9  1.62245e+07
25  10  1.50894e+07
25  11  9.88492e+06
25  12  2.32533e+07
25  13  2.54195e+07
25  14  1.55696e+07
25  15  2.06096e+07
25  16  4.47009e+06
25  17  2.98134e+07
25  18  1.79662e+07
25  19  1.99108e+07
25  20  2.16411e+07
25  21  1.52511e+07
25  22  2.83967e+07
25  23  1.20625e+07
25  24  3.39031e+06
25  25  1.58296e+07
25  26  1.35682e+07
25  27  9.55672e+06
25  28  6.84648e+06
25  29  9.29545e+06
25  30  1.01483e+07
25  31  1.77862e+07
25  32  1.68309e+07
25  33  1.54684e+07
25  34  1.85076e+07
25  35  1.40931e+07
25  36  2.3155e+07
25  37  1.31439e+07
25  38  1.6631e+07
25  39  1.31359e+07
25  40  2.48783e+07
25  41  1.2374e+07
25  42  0
25  43  6.17121e+06
25  44  1.48263e+07
25  45  1.77614e+07
25  46  9.07011e+06
25  47  2.14068e+07
25  48  2.01817e+07
25  49  1.75315e+07
25  50  8.45517e+06
26  0  7.50055e+06
26  1  2.59991e+07
26  2  1.65572e+07
26  3  1.76e+07
26  4  1.70508e+07
26  5  1.93795e+07
26  6  2.00735e+07
26  7  2.50515e+07
26  8  2.25704e+07
26  9  1.9919e+07
26  10  1.8065e+07
26  11  6.07032e+06
26  12  1.77904e+07
26  13  1.96442e+07
26  14  1.0979e+07
26  15  1.4101e+07
26  16  8.07615e+06
26  17  1.61349e+07
26  18  1.44184e+07
26  19  2.81952e+07
26  20  8.71245e+06
26  21  1.89048e+07
26  22  1.00797e+07
26  23  2.13328e+07
26  24  2.11434e+07
26  25  1.57082e+07
26  26  2.27321e+07
26  27  6.74104e+06
26  28  2.48368e+07
26  29  2.1818e+07
26  30  1.7627e+07
26  31  1.31263e+07
26  32  9.05686e+06
26  33  1.70977e+07
26  34  1.75775e+07
26  35  1.10238e+07
26  36  1.13508e+07
26  37  1.62249e+07
26  38  1.60789e+07
26  39  2.0962e+06
26  40  1.29542e+07
26  41  8.03941e+06
26  42  1.3468e+07
26  43  9.16541e+06
26  44  4.86045e+06
26  45  2.32462e+07
26  46  1.10992e+07
26  47  1.01941e+07
26  48  1.87556e+07
26  49  1.16921e+07
26  50  9.88829e+06
27  0  5.62029e+06
27  1  1.84866e+07
27  2  2.48792e+07
27  3  1.64547e+07
27  4  1.69176e+07
27  5  2.77984e+07
27  6  1.29609e+07
27  7  1.51461e+07
27  8  2.24725e+07
27  9  2.05071e+07
27  10  2.27344e+07
27  11  1.30466e+07
27  12  2.69194e+07
27  13  1.92499e+07
27  14  3.05526e+07
27  15  2.12048e+07
27  16  1.91681e+07
27  17  1.29219e+07
27  18  1.53989e+07
27  19  1.51484e+07
27  20  6.90697e+06
27  21  6.93196e+06
27  22  1.08028e+07
27  23  1.24964e+07
27  24  5.765e+06
27  25  1.60898e+07
27  26  1.81066e+07
27  27  1.65769e+07
27  28  1.17834e+07
27  29  1.63542e+07
27  30  3.39817e+06
27  31  2.13905e+07
27  32  7.95734e+06
27  33  1.59672e+07
27  34  1.53083e+07
27  35  8.79654e+06
27  36  1.64369e+07
27  37  2.17762e+07
27  38  2.19284e+07
27  39  1.00531e+07
27  40  1.02559e+07
27  41  4.67514e+06
27  42  1.12119e+07
27  43  1.05118e+07
27  44  1.13623e+07
27  45  3.75065e+06
27  46  1.38676e+07
27  47  9.82884e+06
27  48  1.48895e+07
27  49  1.67803e+07
27  50  1.84314e+07
28  0  1.78603e+07
28  1  1.7108e+07
28  2  1.45239e+07
28  3  1.53839e+07
28  4  2.32076e+07
28  5  2.42361e+07
28  6  6.79694e+06
28  7  2.10375e+07
28  8  1.52719e+07
28  9  1.2903e+07
28  10  2.66486e+07
28  11  1.72054e+07
28  12  1.50732e+07
28  13  2.18073e+07
28  14  1.86085e+07
28  15  1.49297e+07
28  16  1.42303e+07
28  17  1.07467e+07
28  18  2.54538e+07
28  19  1.60325e+07
28  20  1.8073e+07
28  21  1.58763e+07
28  22  1.60648e+07
28  23  9.50737e+06
28  24  1.38077e+07
28  25  1.79161e+07
28  26  5.58208e+06
28  27  3.21419e+06
28  28  9.03001e+06
28  29  2.44864e+07
28  30  2.15744e+07
28  31  8.88604e+06
28  32  8.04762e+06
28  33  1.08137e+07
28  34  1.93482e+07
28  35  2.06565e+07
28  36  8.95938e+06
28  37  5.47286e+06
28  38  2.42647e+07
28  39  4.69743e+06
28  40  2.16962e+07
28  41  1.37819e+07
28  42  8.14684e+06
28  43  8.71889e+06
28  44  1.34996e+07
28  45  1.11708e+07
28  46  6.2582e+06
28  47  1.88596e+07
28  48  1.84433e+07
28  49  2.52879e+07
28  50  1.12038e+07
29  0  1.22082e+07
29  1  2.92224e+07
29  2  9.94002e+06
29  3  2.21707e+07
29  4  1.37795e+07
29  5  2.12156e+07
29  6  1.16203e+07
29  7  1.10212e+07
29  8  1.30503e+07
29  9  7.29717e+06
29  10  7.65259e+06
29  11  6.88474e+06
29  12  1.24752e+07
29  13  7.67417e+06
29  14  2.09435e+07
29  15  2.88157e+07
29  16  9.83138e+06
29  17  1.35856e+07
29  18  7.7996e+06
29  19  1.24758e+07
29  20  2.00319e+07
29  21  1.54461e+07
29  22  1.34083e+07
29  23  3.85325e+06
29  24  9.76327e+06
29  25  1.32455e+07
29  26  1.69596e+07
29  27  1.50434e+07
29  28  7.53956e+06
29  29  2.20708e+07
29  30  2.56418e+07
29  31  2.43237e+07
29  32  6.11676e+06
29  33  8.97983e+06
29  34  7.35216e+06
29  35  1.20204e+07
29  36  1.39807e+07
29  37  1.5104e+07
29  38  1.37746e+07
29  39  2.39694e+07
29  40  4.51144e+06
29  41  1.45914e+07
29  42  7.53423e+06
29  43  1.07071e+07
29  44  8.26607e+06
29  45  1.06318e+07
29  46  2.22039e+07
29  47  2.04394e+07
29  48  2.13469e+07
29  49  1.08133e+07
29  50  1.35164e+07
30  0  2.60878e+07
30  1  1.93247e+07
30  2  1.44369e+07
30  3  1.79601e+07
30  4  1.57101e+07
30  5  6.59359e+06
30  6  1.64668e+07
30  7  2.18643e+07
30  8  1.35445e+07
30  9  1.61933e+07
30  10  2.14652e+07
30  11  2.34307e+06
30  12  7.83041e+06
30  13  6.4026e+06
30  14  1.03952e+07
30  15  1.50894e+07
30  16  1.56375e+07
30  17  5.87703e+06
30  18  1.67479e+07
30  19  1.66967e+07
30  20  2.31663e+07
30  21  1.28153e+07
30  22  1.1873e+07
30  23  4.2148e+06
30  24  6.84319e+06
30  25  8.8493e+06
30  26  1.10859e+06
30  27  1.01452e+07
30  28  1.80219e+07
30  29  7.00906e+06
30  30  4.59543e+06
30  31  1.15494e+07
30  32  2.25728e+07
30  33  1.53781e+07
30  34  1.50099e+07
30  35  1.39429e+07
30  36  9.35407e+06
30  37  1.63459e+07
30  38  2.34424e+07
30  39  1.92048e+07
30  40  1.473e+07
30  41  3.37147e+06
30  42  1.60778e+07
30  43  6.72008e+06
30  44  4.28854e+06
30  45  1.03578e+07
30  46  3.33777e+06
30  47  1.06305e+07
30  48  1.77732e+07
30  49  1.57012e+07
30  50  1.23661e+07
31  0  1.91511e+07
31  1  2.73322e+07
31  2  2.65498e+07
31  3  1.28518e+07
31  4  1.48843e+07
31  5  9.80345e+06
31  6  1.92151e+07
31  7  1.97226e+07
31  8  9.54141e+06
31  9  2.14284e+07
31  10  8.8145e+06
31  11  9.74724e+06
31  12  1.00634e+07
31  13  1.43068e+07
31  14  1.67822e+07
31  15  1.10948e+07
31  16  1.80287e+07
31  17  1.16154e+07
31  18  1.57854e+07
31  19  1.3994e+07
31  20  1.8525e+07
31  21  8.54491e+06
31  22  7.20203e+06
31  23  7.77084e+06
31  24  7.87941e+06
31  25  1.27765e+07
31  26  1.51145e+07
31  27  1.71523e+07
31  28  2.23396e+07
31  29  7.06866e+06
31  30  8.53196e+06
31  31  2.07307e+07
31  32  1.58676e+07
31  33  1.20741e+07
31  34  1.36835e+07
31  35  2.56783e+06
31  36  7.2414e+06
31  37  2.36234e+07
31  38  2.12762e+07
31  39  5.8612e+06
31  40  1.0484e+07
31  41  1.32086e+07
31  42  1.45582e+07
31  43  8.62742e+06
31  44  1.30781e+07
31  45  1.95496e+07
31  46  1.22266e+07
31  47  1.65073e+07
31  48  1.58855e+07
31  49  7.84635e+06
31  50  2.40851e+07
32  0  2.39714e+07
32  1  1.07761e+07
32  2  1.5312e+07
32  3  1.39852e+07
32  4  5.56841e+06
32  5  1.28381e+07
32  6  9.51246e+06
32  7  1.53309e+07
32  8  1.45546e+07
32  9  9.24692e+06
32  10  1.3966e+07
32  11  1.52288e+07
32  12  1.75109e+07
32  13  1.91555e+07
32  14  1.09389e+07
32  15  1.04488e+07
32  16  1.56762e+07
32  17  9.34701e+06
32  18  1.23157e+07
32  19  1.04986e+07
32  20  1.05056e+07
32  21  1.35979e+07
32  22  1.02686e+07
32  23  1.28968e+07
32  24  7.14837e+06
32  25  3.22172e+06
32  26  1.46348e+07
32  27  5.31871e+06
32  28  7.74391e+06
32  29  1.63695e+07
32  30  2.18994e+07
32  31  2.13609e+07
32  32  1.11211e+07
32  33  8.53734e+06
32  34  1.46175e+07
32  35  8.21822e+06
32  36  1.05395e+07
32  37  1.22207e+07
32  38  9.5142e+06
32  39  6.38817e+06
32  40  7.35708e+06
32  41  4.12495e+06
32  42  7.00778e+06
32  43  8.63577e+06
32  44  2.49814e+07
32  45  1.79707e+07
32  46  7.61798e+06
32  47  7.78755e+06
32  48  1.36478e+07
32  49  1.63457e+07
32  50  1.35865e+07
33  0  1.39778e+07
33  1  1.45085e+07
33  2  1.67608e+07
33  3  1.33547e+07
33  4  8.73685e+06
33  5  9.37721e+06
33  6  1.26792e+07
33  7  1.51617e+07
33  8  1.45296e+07
33  9  1.23084e+07
33  10  1.44901e+07
33  11  1.65585e+07
33  12  1.35345e+07
33  13  2.12738e+07
33  14  1.64967e+07
33  15  1.52656e+07
33  16  8.2799e+06
33  17  1.35229e+07
33  18  1.88395e+07
33  19  1.56586e+07
33  20  1.86367e+07
33  21  8.26042e+06
33  22  8.59271e+06
33  23  1.33208e+07
33  24  1.48014e+07
33  25  9.028e+06
33  26  0
33  27  1.60431e+07
33  28  9.68127e+06
33  29  6.77333e+06
33  30  1.27419e+07
33  31  2.10159e+07
33  32  2.62596e+07
33  33  2.06452e+07
33  34  8.47417e+06
33  35  1.95377e+07
33  36  1.53037e+07
33  37  8.54515e+06
33  38  1.00223e+07
33  39  1.09593e+07
33  40  4.91585e+06
33  41  1.44944e+07
33  42  4.52422e+06
33  43  0
33  44  1.12502e+07
33  45  1.02623e+07
33  46  5.83844e+06
33  47  2.00676e+06
33  48  9.35027e+06
33  49  2.16353e+06
33  50  1.88065e+07
34  0  2.23519e+07
34  1  1.27436e+07
34  2  1.5816e+07
34  3  9.93974e+06
34  4  6.76025e+06
34  5  1.30225e+07
34  6  1.71925e+07
34  7  4.72583e+06
34  8  1.50552e+07
34  9  1.75122e+07
34  10  1.40257e+07
34  11  2.18883e+07
34  12  1.79345e+07
34  13  2.24266e+07
34  14  2.38285e+07
34  15  1.87696e+07
34  16  1.71995e+07
34  17  1.48335e+07
34  18  6.91493e+06
34  19  2.75388e+07
34  20  2.02202e+07
34  21  3.56967e+06
34  22  7.52772e+06
34  23  4.75725e+06
34  24  1.45315e+07
34  25  1.69944e+06
34  26  1.25264e+07
34  27  1.0758e+07
34  28  3.62174e+06
34  29  1.40521e+07
34  30  1.90018e+07
34  31  1.36708e+07
34  32  1.25587e+07
34  33  2.99597e+06
34  34  1.87794e+07
34  35  1.87097e+07
34  36  1.51844e+07
34  37  7.50098e+06
34  38  2.09399e+07
34  39  9.58839e+06
34  40  2.32214e+07
34  41  8.53849e+06
34  42  9.30392e+06
34  43  1.61385e+07
34  44  7.72784e+06
34  45  2.16111e+07
34  46  0
34  47  1.14941e+07
34  48  1.25816e+07
34  49  1.92784e+07
34  50  1.08178e+07
35  0  7.98938e+06
35  1  2.37348e+07
35  2  7.96463e+06
35  3  1.91344e+07
35  4  1.39407e+07
35  5  7.99457e+06
35  6  9.27205e+06
35  7  1.73367e+07
35  8  1.5011e+07
35  9  9.99658e+06
35  10  1.41384e+07
35  11  1.18014e+07
35  12  1.97912e+07
35  13  1.48633e+07
35  14  2.37888e+07
35  15  2.3681e+07
35  16  1.58881e+07
35  17  1.97914e+07
35  18  2.23575e+07
35  19  1.63107e+07
35  20  1.2228e+07
35  21  5.0716e+06
35  22  9.80841e+06
35  23  7.86898e+06
35  24  1.07787e+07
35  25  9.57077e+06
35  26  5.68295e+06
35  27  8.61269e+06
35  28  1.19254e+07
35  29  1.95016e+07
35  30  1.16896e+07
35  31  7.25916e+06
35  32  2.28213e+07
35  33  1.94373e+07
35  34  9.66329e+06
35  35  1.3149e+07
35  36  1.16261e+07
35  37  7.80358e+06
35  38  9.10798e+06
35  39  7.8747e+06
35  40  1.36982e+07
35  41  1.76386e+07
35  42  3.84513e+06
35  43  4.5638e+06
35  44  1.04869e+07
35  45  1.50163e+07
35  46  4.7186e+06
35  47  1.67802e+07
35  48  1.37878e+07
35  49  1.21754e+07
35  50  1.92668e+07
36  0  1.11917e+07
36  1  2.13902e+07
36  2  1.81326e+07
36  3  1.57798e+07
36  4  8.61108e+06
36  5  8.29788e+06
36  6  1.67802e+07
36  7  3.59321e+06
36  8  0
36  9  9.63928e+06
36  10  1.09636e+07
36  11  6.57217e+06
36  12  2.10555e+07
36  13  1.19135e+07
36  14  2.29836e+07
36  15  8.566e+06
36  16  1.53369e+07
36  17  2.15448e+07
36  18  1.55176e+07
36  19  9.14327e+06
36  20  1.50772e+07
36  21  1.17671e+07
36  22  1.6484e+07
36  23  1.79705e+07
36  24  1.67055e+07
36  25  6.93549e+06
36  26  5.73483e+06
36  27  4.81947e+06
36  28  1.19884e+07
36  29  8.68096e+06
36  30  2.37014e+07
36  31  1.70617e+07
36  32  1.01101e+07
36  33  2.08593e+07
36  34  7.32688e+06
36  35  6.64298e+06
36  36  1.29647e+07
36  37  1.91136e+07
36  38  1.35783e+07
36  39  9.57919e+06
36  40  1.88778e+07
36  41  1.09661e+07
36  42  6.86887e+06
36  43  2.27028e+06
36  44  1.03072e+07
36  45  1.10486e+07
36  46  1.72173e+07
36  47  1.65349e+07
36  48  1.68289e+07
36  49  1.95449e+07
36  50  1.65664e+07
37  0  1.24203e+07
37  1  7.38381e+06
37  2  1.95416e+07
37  3  1.07561e+07
37  4  1.42009e+07
37  5  1.21368e+07
37  6  1.26653e+07
37  7  9.0951e+06
37  8  9.39795e+06
37  9  1.80214e+07
37  10  8.11736e+06
37  11  1.08392e+07
37  12  2.20931e+07
37  13  1.38593e+07
37  14  7.99525e+06
37  15  1.59117e+07
37  16  2.22123e+07
37  17  1.34225e+07
37  18  1.20752e+07
37  19  1.95063e+07
37  20  6.19701e+06
37  21  4.73772e+06
37  22  2.16053e+07
37  23  1.70662e+07
37  24  2.06127e+07
37  25  8.06301e+06
37  26  5.58428e+06
37  27  1.24073e+07
37  28  1.2715e+07
37  29  1.90427e+07
37  30  1.98957e+07
37  31  1.11833e+07
37  32  1.14684e+07
37  33  1.41269e+07
37  34  7.78716e+06
37  35  1.84503e+07
37  36  1.20488e+07
37  37  1.03841e+07
37  38  1.71561e+07
37  39  8.27894e+06
37  40  8.48439e+06
37  41  1.18705e+07
37  42  7.4364e+06
37  43  1.07975e+07
37  44  1.42847e+07
37  45  9.38552e+06
37  46  1.19975e+07
37  47  1.66405e+07
37  48  1.04728e+07
37  49  1.52256e+07
37  50  2.95835e+07
38  0  6.71899e+06
38  1  1.70874e+07
38  2  2.03774e+07
38  3  1.94463e+07
38  4  1.44917e+07
38  5  8.231e+06
38  6  9.6124e+06
38  7  1.5848e+07
38  8  1.33671e+07
38  9  1.50303e+07
38  10  8.41464e+06
38  11  1.80977e+07
38  12  1.5923e+07
38  13  1.3637e+07
38  14  1.85721e+07
38  15  1.82916e+07
38  16  1.49912e+07
38  17  1.46442e+07
38  18  1.97427e+07
38  19  2.00389e+07
38  20  2.09686e+07
38  21  1.40114e+07
38  22  1.5004e+07
38  23  1.35742e+07
38  24  6.81787e+06
38  25  2.05453e+07
38  26  1.28374e+07
38  27  1.03469e+07
38  28  2.91633e+06
38  29  9.50284e+06
38  30  1.58374e+07
38  31  5.92707e+06
38  32  8.84746e+06
38  33  8.60013e+06
38  34  9.77262e+06
38  35  1.49051e+07
38  36  1.24522e+07
38  37  1.54169e+07
38  38  8.96509e+06
38  39  1.05824e+07
38  40  1.79762e+07
38  41  3.37427e+06
38  42  1.68082e+07
38  43  1.16309e+07
38  44  1.58331e+07
38  45  4.6787e+06
38  46  1.05815e+07
38  47  1.66746e+07
38  48  1.03963e+07
38  49  1.47297e+07
38  50  9.44568e+06
39  0  2.30966e+07
39  1  7.06464e+06
39  2  1.33928e+07
39  3  1.95228e+07
39  4  1.83207e+07
39  5  8.47048e+06
39  6  3.94442e+06
39  7  7.95698e+06
39  8  3.05719e+06
39  9  1.6457e+07
39  10  1.33729e+07
39  11  2.17277e+07
39  12  1.58817e+07
39  13  9.3012e+06
39  14  1.82436e+07
39  15  1.52228e+07
39  16  1.77128e+07
39  17  1.07628e+07
39  18  1.41715e+07
39  19  1.01849e+07
39  20  1.00938e+07
39  21  1.13365e+07
39  22  1.35598e+07
39  23  1.60899e+07
39  24  7.46471e+06
39  25  8.99404e+06
39  26  0
39  27  2.21019e+07
39  28  1.97434e+07
39  29  1.39504e+07
39  30  8.31036e+06
39  31  8.19206e+06
39  32  2.09111e+07
39  33  1.11126e+07
39  34  1.93074e+07
39  35  1.35746e+07
39  36  8.07861e+06
39  37  7.26985e+06
39  38  9.62023e+06
39  39  1.32946e+07
39  40  1.51586e+07
39  41  5.5808e+06
39  42  7.67503e+06
39  43  1.96139e+07
39  44  8.55298e+06
39  45  1.07176e+07
39  46  1.44445e+07
39  47  2.27855e+07
39  48  1.23079e+07
39  49  1.52617e+07
39  50  2.10937e+07
40  0  1.14083e+07
40  1  2.07479e+07
40  2  2.68207e+07
40  3  7.37521e+06
40  4  1.69605e+07
40  5  1.2175e+07
40  6  1.16313e+07
40  7  9.25795e+06
40  8  6.09736e+06
40  9  2.55639e+06
40  10  1.56163e+07
40  11  1.01628e+07
40  12  5.62474e+06
40  13  1.12287e+07
40  14  2.43601e+07
40  15  1.45767e+07
40  16  1.73185e+07
40  17  1.37379e+07
40  18  1.68473e+07
40  19  4.72506e+06
40  20  1.49473e+07
40  21  2.21841e+07
40  22  1.44819e+07
40  23  1.33441e+07
40  24  2.49998e+06
40  25  1.74789e+07
40  26  1.49975e+07
40  27  7.95446e+06
40  28  1.09905e+07
40  29  5.06265e+06
40  30  1.78993e+07
40  31  1.93746e+07
40  32  2.44311e+07
40  33  7.68921e+06
40  34  1.63332e+07
40  35  1.73746e+07
40  36  7.95298e+06
40  37  1.23188e+07
40  38  1.80172e+07
40  39  7.8609e+06
40  40  2.09566e+07
40  41  1.93887e+07
40  42  1.67765e+07
40  43  0
40  44  1.36562e+07
40  45  4.65319e+06
40  46  6.01601e+06
40  47  2.17695e+07
40  48  1.71335e+07
40  49  1.31663e+07
40  50  1.43978e+07
41  0  2.01639e+07
41  1  1.63998e+07
41  2  1.57929e+07
41  3  9.23641e+06
41  4  1.54417e+07
41  5  1.07837e+07
41  6  1.14665e+07
41  7  1.13967e+07
41  8  1.68018e+07
41  9  2.85794e+06
41  10  1.20041e+07
41  11  1.1084e+07
41  12  7.5232e+06
41  13  1.79962e+07
41  14  1.66882e+07
41  15  1.19413e+07
41  16  1.68846e+07
41  17  1.15488e+07
41  18  1.43016e+07
41  19  8.65761e+06
41  20  8.90725e+06
41  21  1.93475e+07
41  22  1.24619e+07
41  23  2.22882e+06
41  24  1.30322e+07
41  25  7.69417e+06
41  26  1.39131e+07
41  27  4.01228e+06
41  28  1.47862e+07
41  29  1.54252e+07
41  30  0
41  31  1.21683e+07
41  32  1.57239e+07
41  33  2.38525e+07
41  34  1.91226e+07
41  35  1.57861e+07
41  36  6.45034e+06
41  37  2.44595e+07
41  38  2.21389e+07
41  39  5.37292e+06
41  40  8.74645e+06
41  41  3.457e+06
41  42  9.93289e+06
41  43  1.10605e+07
41  44  1.47984e+07
41  45  8.0074e+06
41  46  1.15857e+07
41  47  1.02744e+07
41  48  1.00883e+07
41  49  1.5824e+07
41  50  2.37377e+07
42  0  1.86861e+07
42  1  1.44377e+07
42  2  2.00591e+07
42  3  1.8954e+07
42  4  1.88465e+07
42  5  6.7247e+06
42  6  6.70422e+06
42  7  4.01901e+06
42  8  0
42  9  7.23799e+06
42  10  1.60912e+07
42  11  1.44091e+07
42  12  2.60658e+07
42  13  2.85419e+07
42  14  8.16812e+06
42  15  1.0187e+07
42  16  3.05634e+07
42  17  6.0422e+06
42  18  1.90089e+07
42  19  8.52228e+06
42  20  1.68302e+07
42  21  2.48432e+07
42  22  2.07638e+07
42  23  8.65497e+06
42  24  2.2538e+07
42  25  2.10868e+07
42  26  2.04445e+07
42  27  5.4631e+06
42  28  4.64142e+06
42  29  1.25551e+07
42  30  2.54649e+07
42  31  8.00608e+06
42  32  1.4594e+07
42  33  1.45129e+07
42  34  1.16855e+07
42  35  2.12026e+07
42  36  1.09219e+07
42  37  1.34792e+07
42  38  1.73515e+07
42  39  1.48438e+07
42  40  6.48396e+06
42  41  8.01095e+06
42  42  7.08106e+06
42  43  6.33666e+06
42  44  6.58084e+06
42  45  1.39808e+07
42  46  1.45778e+07
42  47  1.68718e+07
42  48  1.9423e+07
42  49  2.65122e+07
42  50  2.14522e+07
43  0  1.50629e+07
43  1  1.10264e+07
43  2  2.26104e+07
43  3  1.84071e+07
43  4  1.61886e+07
43  5  0
43  6  3.3805e+06
43  7  5.16521e+06
43  8  7.89788e+06
43  9  8.18523e+06
43  10  3.1572e+06
43  11  1.10631e+07
43  12  1.17907e+07
43  13  1.68174e+07
43  14  1.08148e+07
43  15  1.154e+07
43  16  1.64876e+07
43  17  1.48785e+07
43  18  2.32962e+07
43  19  2.23075e+06
43  20  1.55871e+07
43  21  9.05009e+06
43  22  1.65391e+07
43  23  5.18541e+06
43  24  1.29476e+07
43  25  1.57815e+07
43  26  2.40535e+07
43  27  1.58932e+07
43  28  1.53168e+07
43  29  1.21929e+07
43  30  8.89386e+06
43  31  1.70072e+07
43  32  5.59e+06
43  33  1.4061e+07
43  34  1.75227e+07
43  35  1.40269e+07
43  36  1.59931e+07
43  37  9.80256e+06
43  38  1.23625e+07
43  39  1.89964e+07
43  40  2.19602e+07
43  41  6.31488e+06
43  42  1.05831e+07
43  43  1.25195e+07
43  44  1.68513e+07
43  45  1.33516e+07
43  46  1.65704e+07
43  47  1.64849e+07
43  48  1.15233e+07
43  49  2.35412e+07
43  50  1.14976e+07
44  0  1.95704e+07
44  1  2.21583e+07
44  2  2.04019e+07
44  3  1.26293e+07
44  4  1.12869e+07
44  5  1.0029e+07
44  6  9.44165e+06
44  7  0
44  8  6.41178e+06
44  9  5.86972e+06
44  10  1.99696e+07
44  11  1.93429e+07
44  12  1.81481e+07
44  13  9.86741e+06
44  14  1.39843e+07
44  15  1.08023e+07
44  16  1.91439e+07
44  17  7.27255e+06
44  18  1.48786e+07
44  19  1.7395e+07
44  20  5.77834e+06
44  21  1.43759e+07
44  22  6.91772e+06
44  23  3.00484e+06
44  24  1.24228e+07
44  25  9.95895e+06
44  26  8.95608e+06
44  27  1.58695e+07
44  28  5.93841e+06
44  29  9.05451e+06
44  30  1.08758e+07
44  31  8.30826e+06
44  32  1.07891e+07
44  33  1.8251e+07
44  34  1.69315e+07
44  35  1.37636e+07
44  36  5.82485e+06
44  37  1.44532e+07
44  38  2.33347e+07
44  39  3.21764e+06
44  40  2.1547e+07
44  41  1.40222e+07
44  42  1.44979e+07
44  43  1.93718e+07
44  44  2.34491e+07
44  45  0
44  46  8.03814e+06
44  47  1.83424e+07
44  48  1.9116e+07
44  49  1.11577e+07
44  50  2.88688e+07
45  0  1.29746e+07
45  1  3.20476e+07
45  2  1.43967e+07
45  3  6.52398e+06
45  4  1.17051e+07
45  5  2.02734e+07
45  6  1.47526e+07
45  7  0
45  8  8.1591e+06
45  9  1.79292e+07
45  10  1.07615e+07
45  11  5.0028e+06
45  12  5.55197e+06
45  13  2.37696e+07
45  14  2.17561e+07
45  15  1.40609e+07
45  16  1.16978e+07
45  17  2.52889e+07
45  18  1.66274e+07
45  19  1.11637e+07
45  20  1.59868e+07
45  21  1.44392e+07
45  22  1.10288e+07
45  23  1.25151e+07
45  24  7.18797e+06
45  25  1.11138e+07
45  26  8.15194e+06
45  27  0
45  28  1.13426e+07
45  29  6.1507e+06
45  30  1.64957e+07
45  31  2.18268e+07
45  32  7.59611e+06
45  33  1.27284e+07
45  34  2.36739e+07
45  35  1.56617e+07
45  36  1.52237e+07
45  37  1.67219e+07
45  38  1.87305e+07
45  39  1.511e+07
45  40  1.13697e+07
45  41  1.4488e+07
45  42  8.70161e+06
45  43  1.62612e+07
45  44  8.21241e+06
45  45  1.15762e+07
45  46  1.07808e+07
45  47  1.25195e+07
45  48  1.82062e+07
45  49  2.82027e+07
45  50  2.1653e+07
46  0  2.05612e+07
46  1  5.99392e+06
46  2  9.90917e+06
46  3  1.58708e+07
46  4  5.29187e+06
46  5  8.4867e+06
46  6  8.97743e+06
46  7  1.05522e+07
46  8  1.01522e+07
46  9  8.45916e+06
46  10  2.27186e+07
46  11  8.98044e+06
46  12  8.59141e+06
46  13  5.54655e+06
46  14  2.50932e+07
46  15  1.12711e+07
46  16  4.91429e+06
46  17  1.76926e+07
46  18  1.91225e+07
46  19  1.37818e+07
46  20  1.56529e+07
46  21  1.30504e+07
46  22  1.79705e+07
46  23  1.83268e+07
46  24  2.08285e+07
46  25  1.34992e+07
46  26  1.37005e+07
46  27  7.65535e+06
46  28  9.59286e+06
46  29  1.70415e+07
46  30  5.0378e+06
46  31  1.48552e+07
46  32  1.8436e+07
46  33  1.56587e+07
46  34  1.41905e+07
46  35  2.09767e+07
46  36  1.10586e+07
46  37  2.22779e+07
46  38  1.73396e+07
46  39  1.29075e+07
46  40  1.84444e+07
46  41  1.83269e+07
46  42  1.56621e+07
46  43  1.26105e+07
46  44  1.68627e+07
46  45  1.82208e+07
46  46  2.43357e+07
46  47  1.52963e+07
46  48  2.78846e+07
46  49  2.80647e+07
46  50  1.72058e+07
47  0  2.08059e+07
47  1  1.98309e+07
47  2  2.04714e+07
47  3  1.26983e+07
47  4  7.2582e+06
47  5  2.39529e+07
47  6  1.15922e+07
47  7  1.14089e+07
47  8  3.7852e+06
47  9  8.045e+06
47  10  1.25878e+07
47  11  9.9082e+06
47  12  1.06388e+07
47  13  1.47561e+07
47  14  1.06085e+07
47  15  1.33338e+07
47  16  1.3368e+07
47  17  1.95352e+07
47  18  1.07047e+07
47  19  1.49182e+07
47  20  1.12883e+07
47  21  1.33018e+07
47  22  1.56585e+07
47  23  7.49846e+06
47  24  1.9807e+07
47  25  0
47  26  1.27946e+07
47  27  5.71297e+06
47  28  4.65162e+06
47  29  1.05984e+07
47  30  8.40431e+06
47  31  9.12058e+06
47  32  6.0364e+06
47  33  1.03656e+07
47  34  2.08794e+07
47  35  2.61764e+07
47  36  1.7219e+07
47  37  2.07859e+07
47  38  2.4541e+07
47  39  2.8428e+07
47  40  1.32243e+07
47  41  1.53048e+07
47  42  1.22588e+07
47  43  1.66186e+07
47  44  1.87061e+07
47  45  2.0083e+07
47  46  1.66778e+07
47  47  1.87384e+07
47  48  1.86937e+07
47  49  2.66189e+07
47  50  2.62943e+07
48  0  2.18675e+07
48  1  2.76625e+07
48  2  2.34988e+07
48  3  1.83581e+07
48  4  1.49884e+07
48  5  2.39432e+07
48  6  8.15561e+06
48  7  8.71946e+06
48  8  1.00787e+07
48  9  9.80204e+06
48  10  7.39421e+06
48  11  1.78639e+07
48  12  1.35635e+07
48  13  3.45242e+06
48  14  1.44727e+07
48  15  1.88947e+07
48  16  1.04909e+07
48  17  2.46471e+07
48  18  1.53708e+07
48  19  1.56918e+07
48  20  7.7798e+06
48  21  1.20831e+07
48  22  2.39454e+07
48  23  1.86794e+07
48  24  5.58183e+06
48  25  1.54455e+07
48  26  8.18383e+06
48  27  1.86729e+07
48  28  1.8095e+07
48  29  6.25232e+06
48  30  6.25214e+06
48  31  1.83165e+07
48  32  3.36075e+07
48  33  1.63107e+07
48  34  1.47995e+07
48  35  2.74176e+07
48  36  1.78384e+07
48  37  3.35183e+07
48  38  2.468e+07
48  39  2.13657e+07
48  40  1.6791e+07
48  41  1.73418e+07
48  42  8.98173e+06
48  43  2.30886e+07
48  44  1.71943e+07
48  45  9.43073e+06
48  46  1.66405e+07
48  47  2.49627e+07
48  48  5.26734e+06
48  49  1.7108e+07
48  50  3.62604e+07
49  0  2.3222e+07
49  1  2.31278e+07
49  2  1.94775e+07
49  3  1.35695e+07
49  4  1.44116e+07
49  5  1.9845e+07
49  6  1.18799e+07
49  7  2.13916e+06
49  8  4.81756e+06
49  9  1.1281e+07
49  10  1.44464e+07
49  11  1.09166e+07
49  12  2.28083e+07
49  13  6.40532e+06
49  14  7.14657e+06
49  15  1.44523e+07
49  16  1.81605e+07
49  17  1.86519e+07
49  18  2.22305e+07
49  19  9.57622e+06
49  20  3.08516e+06
49  21  1.97589e+07
49  22  2.31478e+07
49  23  2.07314e+07
49  24  2.12628e+07
49  25  1.14069e+07
49  26  1.70053e+07
49  27  1.6105e+07
49  28  1.44135e+07
49  29  7.76271e+06
49  30  1.36819e+07
49  31  1.78825e+07
49  32  1.85352e+07
49  33  2.59726e+07
49  34  2.29139e+07
49  35  1.1666e+07
49  36  1.4893e+07
49  37  1.4105e+07
49  38  1.79926e+07
49  39  2.28491e+07
49  40  1.09004e+07
49  41  2.28268e+07
49  42  2.52369e+07
49  43  2.54102e+07
49  44  6.05941e+06
49  45  2.65e+07
49  46  1.75704e+07
49  47  2.83377e+07
49  48  2.36555e+07
49  49  1.90311e+07
49  50  2.69282e+07
50  0  1.73871e+07
50  1  1.44495e+07
50  2  1.73281e+07
50  3  2.71527e+07
50  4  1.26272e+07
50  5  1.75465e+07
50  6  9.38354e+06
50  7  9.32993e+06
50  8  0
50  9  8.29088e+06
50  10  1.38927e+07
50  11  7.81849e+06
50  12  1.11228e+07
50  13  2.23659e+07
50  14  1.17185e+07
50  15  8.58976e+06
50  16  1.85325e+07
50  17  1.59355e+07
50  18  1.61189e+07
50  19  2.68073e+07
50  20  1.25415e+07
50  21  2.87051e+07
50  22  1.03588e+07
50  23  1.26802e+07
50  24  1.26904e+07
50  25  1.6361e+07
50  26  1.43952e+07
50  27  3.04672e+07
50  28  1.66649e+07
50  29  1.38396e+07
50  30  1.40938e+07
50  31  1.18149e+07
50  32  7.89566e+06
50  33  2.9193e+07
50  34  2.0144e+07
50  35  2.2474e+07
50  36  1.96254e+07
50  37  1.22832e+07
50  38  1.5626e+07
50  39  1.6008e+07
50  40  1.16487e+07
50  41  1.88368e+07
50  42  1.4918e+07
50  43  3.31944e+07
50  44  2.48248e+07
50  45  1.94334e+07
50  46  1.55575e+07
50  47  1.48042e+07
50  48  1.57849e+07
50  49  2.52587e+07
50  50  4.25347e+07

