row  column  (images_30.edf Cu-K*images_30.edf Ar-K**2.3)
0  0  1.90803e+07
0  1  1.00998e+06
0  2  5.89598e+06
0  3  0
0  4  2.41645e+07
0  5  5.94189e+06
0  6  1.8617e+07
0  7  0
0  8  0
0  9  7.96449e+06
0  10  1.131e+07
0  11  1.13087e+06
0  12  0
0  13  5.58163e+06
0  14  0
0  15  4.16257e+06
0  16  3.88789e+06
0  17  8.00753e+06
0  18  0
0  19  5.13727e+06
0  20  0
0  21  4.64971e+06
0  22  1.07015e+07
0  23  5.88395e+06
0  24  1.66402e+07
0  25  1.17255e+07
0  26  1.17903e+07
0  27  6.21573e+06
0  28  1.39985e+07
0  29  3.62994e+06
0  30  6.6969e+06
0  31  4.74721e+06
0  32  1.87778e+07
0  33  3.23596e+06
0  34  8.85363e+06
0  35  2.09648e+07
0  36  4.63086e+06
0  37  2.58625e+07
0  38  1.36473e+07
0  39  8.34055e+06
0  40  1.11148e+07
0  41  3.97817e+06
0  42  2.10171e+07
0  43  5.95712e+06
0  44  5.94441e+06
0  45  1.06342e+07
0  46  2.35486e+07
0  47  3.16889e+07
0  48  6.09067e+06
0  49  6.62812e+06
0  50  9.38796e+06
1  0  0
1  1  1.22659e+06
1  2  1.01696e+06
1  3  3.08288e+06
1  4  0
1  5  1.49141e+07
1  6  9.31161e+06
1  7  0
1  8  0
1  9  0
1  10  6.7924e+06
1  11  7.92243e+06
1  12  7.03965e+06
1  13  2.64019e+06
1  14  8.69034e+06
1  15  0
1  16  5.20025e+06
1  17  2.07269e+07
1  18  1.25132e+07
1  19  8.44406e+06
1  20  1.17017e+07
1  21  5.9337e+06
1  22  1.23572e+07
1  23  4.59065e+06
1  24  233009
1  25  5.74597e+06
1  26  2.92065e+06
1  27  1.7855e+07
1  28  8.71186e+06
1  29  1.88517e+07
1  30  1.21936e+07
1  31  1.53821e+07
1  32  2.51936e+06
1  33  0
1  34  1.13501e+07
1  35  1.67855e+07
1  36  4.16758e+06
1  37  1.04893e+07
1  38  1.37902e+07
1  39  2.31578e+07
1  40  7.71386e+06
1  41  1.10248e+07
1  42  1.07173e+07
1  43  0
1  44  647048
1  45  2.66636e+07
1  46  7.22169e+06
1  47  1.35019e+07
1  48  8.89159e+06
1  49  6.46971e+06
1  50  1.42896e+07
2  0  5.2137e+06
2  1  0
2  2  3.15625e+06
2  3  1.62708e+07
2  4  7.4879e+06
2  5  1.05337e+06
2  6  8.42361e+06
2  7  3.98468e+06
2  8  1.41204e+06
2  9  0
2  10  155920
2  11  284662
2  12  7.55406e+06
2  13  6.75542e+06
2  14  1.46641e+07
2  15  3.12744e+06
2  16  2.3306e+06
2  17  1.0243e+07
2  18  5.7993e+06
2  19  1.30217e+07
2  20  0
2  21  2.20474e+06
2  22  5.87257e+06
2  23  1.07901e+07
2  24  2.09433e+07
2  25  8.24367e+06
2  26  7.90428e+06
2  27  742852
2  28  1.21671e+07
2  29  2.3601e+07
2  30  9.63136e+06
2  31  1.60032e+07
2  32  0
2  33  2.81067e+07
2  34  2.03597e+07
2  35  5.92888e+06
2  36  1.00594e+07
2  37  6.71938e+06
2  38  3.04121e+06
2  39  1.10006e+07
2  40  6.43216e+06
2  41  8.19786e+06
2  42  0
2  43  2.07125e+07
2  44  1.40482e+07
2  45  7.61114e+06
2  46  1.5928e+07
2  47  7.44818e+06
2  48  1.00685e+07
2  49  2.35033e+07
2  50  1.24835e+07
3  0  0
3  1  0
3  2  6.68696e+06
3  3  505611
3  4  9.49652e+06
3  5  5.85986e+06
3  6  4.00327e+06
3  7  1.39638e+07
3  8  4.35092e+06
3  9  0
3  10  0
3  11  0
3  12  0
3  13  9.70901e+06
3  14  8.62239e+06
3  15  1.70249e+07
3  16  8.80417e+06
3  17  0
3  18  1.36097e+07
3  19  2.76254e+06
3  20  1.75905e+07
3  21  8.40156e+06
3  22  1.24919e+07
3  23  1.11245e+07
3  24  310074
3  25  1.71005e+07
3  26  1.33861e+07
3  27  1.34999e+07
3  28  1.82055e+07
3  29  1.74843e+07
3  30  6.01827e+06
3  31  1.60401e+07
3  32  0
3  33  0
3  34  1.23656e+07
3  35  1.2616e+07
3  36  0
3  37  2.74153e+07
3  38  0
3  39  0
3  40  8.23795e+06
3  41  1.96358e+06
3  42  1.71752e+07
3  43  6.33467e+06
3  44  2.25062e+07
3  45  6.80807e+06
3  46  2.20984e+07
3  47  0
3  48  5.65662e+06
3  49  2.80896e+07
3  50  7.80904e+06
4  0  7.03519e+06
4  1  9.65271e+06
4  2  811042
4  3  0
4  4  1.03262e+07
4  5  0
4  6  0
4  7  9.75007e+06
4  8  3.93501e+06
4  9  0
4  10  0
4  11  0
4  12  0
4  13  3.49455e+06
4  14  6.84613e+06
4  15  2.67653e+07
4  16  1.40932e+07
4  17  9.11985e+06
4  18  3.25151e+06
4  19  1.07238e+07
4  20  1.18379e+07
4  21  1.66747e+07
4  22  2.61996e+06
4  23  0
4  24  5.50905e+06
4  25  1.31245e+07
4  26  6.4931e+06
4  27  7.26778e+06
4  28  7.06257e+06
4  29  2.04975e+07
4  30  5.09137e+06
4  31  2.35944e+07
4  32  2.96994e+06
4  33  3.56638e+06
4  34  8.72077e+06
4  35  2.18187e+07
4  36  1.28295e+07
4  37  2.78161e+07
4  38  2.29558e+06
4  39  3.03778e+06
4  40  7.09915e+06
4  41  8.41307e+06
4  42  1.81279e+07
4  43  1.55428e+07
4  44  2.21782e+07
4  45  1.87129e+07
4  46  0
4  47  2.20637e+07
4  48  2.51975e+07
4  49  6.48209e+06
4  50  1.53672e+07
5  0  0
5  1  1.19689e+07
5  2  2.48972e+06
5  3  0
5  4  2.25403e+06
5  5  902488
5  6  0
5  7  1.38009e+07
5  8  0
5  9  2.96991e+06
5  10  0
5  11  3.74657e+06
5  12  3.64041e+06
5  13  9.98377e+06
5  14  317175
5  15  7.876e+06
5  16  1.54251e+07
5  17  1.45655e+07
5  18  0
5  19  1.39463e+07
5  20  2.00821e+07
5  21  3.90569e+06
5  22  317499
5  23  2.71378e+06
5  24  1.50027e+07
5  25  0
5  26  1.32009e+07
5  27  6.59209e+06
5  28  9.13492e+06
5  29  2.55876e+06
5  30  6.1255e+06
5  31  1.73015e+07
5  32  2.01729e+07
5  33  1.28261e+07
5  34  1.50918e+07
5  35  1.32202e+07
5  36  9.98853e+06
5  37  1.10286e+07
5  38  5.93679e+06
5  39  8.68783e+06
5  40  6.65053e+06
5  41  1.65574e+07
5  42  2.24588e+07
5  43  6.81714e+06
5  44  1.33225e+07
5  45  1.69355e+07
5  46  1.77113e+07
5  47  3.72162e+06
5  48  4.81384e+06
5  49  1.73616e+07
5  50  4.80825e+06
6  0  4.06959e+06
6  1  0
6  2  2.82942e+06
6  3  1.07087e+07
6  4  8.38117e+06
6  5  1.36455e+07
6  6  8.32523e+06
6  7  1.72666e+07
6  8  1.56896e+06
6  9  6.92991e+06
6  10  2.08999e+06
6  11  8.42812e+06
6  12  9.23874e+06
6  13  1.17876e+07
6  14  8.90282e+06
6  15  6.77702e+06
6  16  1.02147e+07
6  17  9.24387e+06
6  18  7.17336e+06
6  19  9.8386e+06
6  20  2.82611e+06
6  21  6.69906e+06
6  22  1.91944e+07
6  23  1.91118e+07
6  24  1.49669e+07
6  25  1.67142e+07
6  26  1.27816e+07
6  27  1.89192e+07
6  28  1.85434e+07
6  29  1.08227e+06
6  30  2.2976e+06
6  31  5.11864e+06
6  32  6.2358e+06
6  33  1.45835e+07
6  34  7.31898e+06
6  35  9.49388e+06
6  36  1.30679e+07
6  37  2.67437e+06
6  38  9.39666e+06
6  39  4.17287e+06
6  40  1.14956e+07
6  41  1.48911e+07
6  42  2.40902e+07
6  43  1.83174e+07
6  44  2.48885e+07
6  45  1.15446e+07
6  46  863842
6  47  5.70561e+06
6  48  8.18228e+06
6  49  4.42469e+06
6  50  5.52215e+06
7  0  6.46387e+06
7  1  0
7  2  9.78712e+06
7  3  1.0079e+07
7  4  7.9962e+06
7  5  0
7  6  1.75553e+07
7  7  0
7  8  7.06583e+06
7  9  0
7  10  5.65549e+06
7  11  4.82586e+06
7  12  1.37573e+07
7  13  5.2718e+06
7  14  1.17073e+07
7  15  0
7  16  1.89917e+07
7  17  7.12097e+06
7  18  1.00022e+07
7  19  1.40736e+07
7  20  9.88844e+06
7  21  4.36995e+06
7  22  5.65964e+06
7  23  1.13194e+07
7  24  4.49129e+06
7  25  1.10876e+07
7  26  2.7982e+06
7  27  1.09543e+07
7  28  7.11033e+06
7  29  1.53173e+07
7  30  1.74019e+07
7  31  2.2772e+07
7  32  0
7  33  1.44362e+07
7  34  9.97569e+06
7  35  0
7  36  6.14928e+06
7  37  1.09411e+07
7  38  1.35748e+07
7  39  1.5588e+07
7  40  1.31973e+07
7  41  1.6314e+07
7  42  8.14e+06
7  43  1.58034e+07
7  44  9.568e+06
7  45  0
7  46  1.57547e+07
7  47  1.05431e+07
7  48  9.07291e+06
7  49  2.24046e+07
7  50  1.85269e+07
8  0  1.25359e+07
8  1  0
8  2  6.11776e+06
8  3  5.96052e+06
8  4  2.46617e+06
8  5  1.13953e+07
8  6  1.71638e+07
8  7  2.86663e+06
8  8  2.17032e+06
8  9  0
8  10  6.89738e+06
8  11  1.00101e+07
8  12  0
8  13  0
8  14  9.75677e+06
8  15  3.69818e+06
8  16  5.38959e+06
8  17  9.49959e+06
8  18  2.48608e+06
8  19  1.28882e+06
8  20  0
8  21  8.17674e+06
8  22  1.22678e+07
8  23  9.56962e+06
8  24  739941
8  25  0
8  26  1.0721e+07
8  27  1.4184e+06
8  28  858312
8  29  5.64473e+06
8  30  1.00414e+07
8  31  1.42283e+07
8  32  2.4631e+07
8  33  2.17171e+07
8  34  4.5191e+06
8  35  2.10957e+07
8  36  9.69959e+06
8  37  1.86562e+07
8  38  3.41297e+06
8  39  1.2304e+07
8  40  1.95837e+07
8  41  2.22877e+07
8  42  1.90491e+07
8  43  1.07558e+07
8  44  1.51022e+07
8  45  8.62048e+06
8  46  1.27901e+07
8  47  0
8  48  9.24487e+06
8  49  2.29074e+07
8  50  1.49579e+07
9  0  1.0391e+07
9  1  7.08831e+06
9  2  3.19625e+06
9  3  4.43127e+06
9  4  3.40018e+06
9  5  6.27934e+06
9  6  0
9  7  9.88949e+06
9  8  0
9  9  7.8792e+06
9  10  1.54513e+07
9  11  7.06858e+06
9  12  1.02792e+07
9  13  1.18905e+07
9  14  0
9  15  6.73953e+06
9  16  0
9  17  0
9  18  2.67575e+06
9  19  1.36904e+07
9  20  8.24272e+06
9  21  1.76511e+06
9  22  1.78958e+07
9  23  4.4575e+06
9  24  6.38397e+06
9  25  5.74754e+06
9  26  0
9  27  2.62963e+07
9  28  5.60031e+06
9  29  1.31786e+06
9  30  7.64574e+06
9  31  8.98624e+06
9  32  5.53235e+06
9  33  1.17383e+07
9  34  5.34216e+06
9  35  6.9578e+06
9  36  5.2717e+06
9  37  1.59653e+07
9  38  2.76606e+06
9  39  8.12555e+06
9  40  1.62921e+07
9  41  8.4467e+06
9  42  5.22032e+06
9  43  7.44742e+06
9  44  1.6797e+06
9  45  30366.9
9  46  7.36998e+06
9  47  1.23248e+07
9  48  8.12125e+06
9  49  1.4642e+07
9  50  2.05664e+07
10  0  8.04184e+06
10  1  0
10  2  1.67859e+07
10  3  0
10  4  1.59756e+07
10  5  1.44954e+06
10  6  3.39702e+06
10  7  4.89026e+06
10  8  4.49851e+06
10  9  299837
10  10  1.89778e+07
10  11  4.25491e+06
10  12  1.28885e+07
10  13  3.96625e+06
10  14  4.39807e+06
10  15  0
10  16  6.47435e+06
10  17  1.30731e+07
10  18  5.55187e+06
10  19  7.78773e+06
10  20  7.71981e+06
10  21  5.32779e+06
10  22  9.5074e+06
10  23  1.73765e+07
10  24  5.66334e+06
10  25  1.53111e+07
10  26  2.13413e+07
10  27  9.48327e+06
10  28  1.91985e+07
10  29  0
10  30  2.13091e+06
10  31  0
10  32  1.73072e+07
10  33  233373
10  34  6.15825e+06
10  35  1.1691e+07
10  36  1.39565e+07
10  37  5.1808e+06
10  38  7.93077e+06
10  39  0
10  40  0
10  41  2.05359e+07
10  42  1.18737e+07
10  43  1.54364e+07
10  44  1.55743e+07
10  45  1.03297e+07
10  46  1.20245e+06
10  47  8.98734e+06
10  48  2.43834e+07
10  49  2.46023e+07
10  50  9.56921e+06
11  0  5.9561e+06
11  1  5.15835e+06
11  2  1.0056e+07
11  3  976386
11  4  1.66584e+07
11  5  0
11  6  4.72978e+06
11  7  0
11  8  6.71519e+06
11  9  5.62543e+06
11  10  0
11  11  9.12247e+06
11  12  0
11  13  185487
11  14  5.09299e+06
11  15  0
11  16  6.3826e+06
11  17  7.92493e+06
11  18  0
11  19  1.66027e+07
11  20  1.66501e+07
11  21  1.55182e+07
11  22  9.34843e+06
11  23  1.8106e+07
11  24  7.96783e+06
11  25  2.25523e+06
11  26  8.37058e+06
11  27  443252
11  28  1.20714e+07
11  29  9.21311e+06
11  30  1.84828e+07
11  31  2.18341e+07
11  32  1.38582e+07
11  33  1.32504e+07
11  34  957294
11  35  3.51945e+06
11  36  5.4966e+06
11  37  1.35827e+07
11  38  8.05841e+06
11  39  5.13674e+06
11  40  7.73433e+06
11  41  1.93866e+07
11  42  6.47981e+06
11  43  379297
11  44  8.33233e+06
11  45  1.68315e+07
11  46  1.51192e+07
11  47  1.92303e+07
11  48  2.45882e+06
11  49  1.79975e+07
11  50  1.73671e+07
12  0  8.07257e+06
12  1  0
12  2  1.75178e+06
12  3  9.58721e+06
12  4  7.62971e+06
12  5  396798
12  6  6.86334e+06
12  7  6.04686e+06
12  8  0
12  9  5.34523e+06
12  10  5.38955e+06
12  11  6.91677e+06
12  12  2.67023e+06
12  13  4.58927e+06
12  14  5.70967e+06
12  15  1.10619e+07
12  16  1.17529e+07
12  17  1.85235e+07
12  18  7.17729e+06
12  19  5.25209e+06
12  20  9.90586e+06
12  21  2.56631e+06
12  22  4.54544e+06
12  23  3.52157e+06
12  24  8.77773e+06
12  25  1.02191e+07
12  26  7.08358e+06
12  27  1.06118e+07
12  28  1.40405e+07
12  29  1.58368e+07
12  30  1.4113e+07
12  31  9.00323e+06
12  32  9.92831e+06
12  33  1.15024e+07
12  34  216801
12  35  1.92584e+07
12  36  1.45614e+07
12  37  5.57459e+06
12  38  1.12634e+07
12  39  1.40819e+07
12  40  8.36197e+06
12  41  1.31866e+07
12  42  4.28826e+06
12  43  7.50563e+06
12  44  132360
12  45  2.16085e+07
12  46  1.1875e+07
12  47  2.28641e+07
12  48  1.0663e+07
12  49  3.14901e+07
12  50  1.53277e+07
13  0  0
13  1  6.48875e+06
13  2  0
13  3  1.0873e+07
13  4  6.75447e+06
13  5  1.3923e+06
13  6  0
13  7  1.17323e+07
13  8  8.0463e+06
13  9  4.62198e+06
13  10  1.13879e+07
13  11  1.18043e+07
13  12  7.24042e+06
13  13  0
13  14  5.4049e+06
13  15  4.03021e+06
13  16  3.22991e+06
13  17  5.97976e+06
13  18  3.09227e+06
13  19  0
13  20  0
13  21  8.725e+06
13  22  7.3752e+06
13  23  1.16547e+07
13  24  2.63888e+07
13  25  2.62011e+07
13  26  1.56379e+07
13  27  8.82408e+06
13  28  1.85123e+07
13  29  9.5873e+06
13  30  1.38502e+07
13  31  1.40473e+07
13  32  0
13  33  5.24189e+06
13  34  7.33109e+06
13  35  1.67997e+07
13  36  8.3515e+06
13  37  1.27529e+07
13  38  7.91163e+06
13  39  1.32065e+07
13  40  8.59502e+06
13  41  1.39243e+07
13  42  1.08092e+07
13  43  1.16737e+07
13  44  7.78964e+06
13  45  7.55205e+06
13  46  1.47595e+07
13  47  1.0992e+07
13  48  2.13747e+07
13  49  1.28066e+07
13  50  2.92706e+07
14  0  2.53948e+06
14  1  1.1056e+07
14  2  1.03317e+06
14  3  1.37529e+07
14  4  6.42673e+06
14  5  0
14  6  0
14  7  0
14  8  0
14  9  9.43513e+06
14  10  0
14  11  9.04149e+06
14  12  6.45943e+06
14  13  3.94953e+06
14  14  1.20963e+07
14  15  0
14  16  1.18745e+07
14  17  1.11013e+07
14  18  0
14  19  691295
14  20  2.40668e+06
14  21  3.28909e+06
14  22  1.16839e+07
14  23  0
14  24  1.66547e+07
14  25  1.4333e+07
14  26  1.02592e+07
14  27  2.1059e+07
14  28  1.22835e+07
14  29  2.48458e+06
14  30  6.03387e+06
14  31  29041.8
14  32  4.27136e+06
14  33  1.58576e+07
14  34  7.74813e+06
14  35  1.48293e+07
14  36  1.14981e+07
14  37  1.90486e+07
14  38  8.76781e+06
14  39  6.08235e+06
14  40  1.09156e+07
14  41  914261
14  42  6.06744e+06
14  43  1.60983e+07
14  44  1.27842e+07
14  45  6.70086e+06
14  46  1.32661e+07
14  47  5.63982e+06
14  48  1.87254e+07
14  49  9.65168e+06
14  50  0
15  0  1.3748e+07
15  1  2.66883e+06
15  2  8.65826e+06
15  3  1.01555e+07
15  4  6.89469e+06
15  5  4.46458e+06
15  6  0
15  7  6.68282e+06
15  8  1.40869e+07
15  9  4.46782e+06
15  10  8.72551e+06
15  11  1.45708e+07
15  12  5.40673e+06
15  13  8.12737e+06
15  14  6.08277e+06
15  15  1.04451e+07
15  16  0
15  17  0
15  18  0
15  19  4.65131e+06
15  20  1.39049e+07
15  21  2.54728e+06
15  22  1.1833e+07
15  23  2.01404e+07
15  24  1.29679e+07
15  25  7.07085e+06
15  26  4.58718e+06
15  27  1.9598e+07
15  28  1.1003e+07
15  29  1.15946e+07
15  30  1.54888e+07
15  31  1.27031e+07
15  32  619513
15  33  1.58082e+07
15  34  1.07215e+07
15  35  1.82845e+07
15  36  1.96852e+07
15  37  0
15  38  2.02484e+07
15  39  1.70719e+07
15  40  1.71485e+07
15  41  1.17125e+06
15  42  8.61451e+06
15  43  1.81908e+07
15  44  6.17609e+06
15  45  0
15  46  7.09264e+06
15  47  3.77007e+06
15  48  1.47081e+07
15  49  8.72838e+06
15  50  3.06257e+06
16  0  2.31957e+07
16  1  1.03834e+07
16  2  2.24527e+06
16  3  1.05214e+07
16  4  1.05907e+07
16  5  4.75833e+06
16  6  1.41598e+07
16  7  9.34773e+06
16  8  1.45723e+06
16  9  4.96674e+06
16  10  0
16  11  0
16  12  8.86306e+06
16  13  2.98926e+06
16  14  2.78097e+06
16  15  1.60576e+07
16  16  1.34085e+07
16  17  4.34584e+06
16  18  7.13698e+06
16  19  2.59562e+06
16  20  7.40019e+06
16  21  803320
16  22  3.02241e+06
16  23  7.17262e+06
16  24  7.40124e+06
16  25  1.75262e+07
16  26  5.01085e+06
16  27  0
16  28  1.91137e+07
16  29  1.77348e+07
16  30  687839
16  31  1.34935e+06
16  32  1.91258e+07
16  33  412598
16  34  1.61813e+07
16  35  1.31367e+07
16  36  1.21468e+07
16  37  5.71599e+06
16  38  8.28056e+06
16  39  1.15988e+07
16  40  1.79078e+07
16  41  9.25909e+06
16  42  6.51256e+06
16  43  0
16  44  361286
16  45  5.7581e+06
16  46  8.84149e+06
16  47  2.70483e+07
16  48  7.61995e+06
16  49  1.55046e+07
16  50  1.43796e+07
17  0  0
17  1  1.05011e+07
17  2  7.24317e+06
17  3  0
17  4  5.60606e+06
17  5  1.39663e+07
17  6  5.83071e+06
17  7  0
17  8  1.11603e+07
17  9  2.39552e+06
17  10  8.58967e+06
17  11  9.58308e+06
17  12  1.37944e+07
17  13  4.61998e+06
17  14  4.49576e+06
17  15  1.91772e+07
17  16  6.93921e+06
17  17  1.25523e+07
17  18  6.85834e+06
17  19  1.51787e+07
17  20  626333
17  21  3.03321e+06
17  22  0
17  23  4.01265e+06
17  24  595541
17  25  1.48502e+07
17  26  1.59373e+07
17  27  914478
17  28  7.31448e+06
17  29  4.6262e+06
17  30  3.64236e+06
17  31  1.46048e+07
17  32  1.76434e+07
17  33  1.9656e+07
17  34  1.7628e+07
17  35  4.67551e+06
17  36  0
17  37  1.35844e+07
17  38  1.32041e+07
17  39  1.4041e+07
17  40  1.87319e+07
17  41  2.84751e+07
17  42  9.79991e+06
17  43  1.17369e+07
17  44  0
17  45  1.85054e+07
17  46  3.2539e+06
17  47  1.4614e+07
17  48  4234.31
17  49  7.53914e+06
17  50  1.92491e+07
18  0  1.81191e+07
18  1  5.17413e+06
18  2  4.98051e+06
18  3  4.51163e+06
18  4  5.64555e+06
18  5  3.58798e+06
18  6  1.79502e+06
18  7  3.06287e+06
18  8  7.74005e+06
18  9  4.6748e+06
18  10  1.7413e+07
18  11  1.25747e+07
18  12  9.61896e+06
18  13  5.11216e+06
18  14  7.90228e+06
18  15  5.50703e+06
18  16  1.33352e+07
18  17  1.32335e+07
18  18  4.006e+06
18  19  5.00956e+06
18  20  1.37111e+07
18  21  0
18  22  1.99607e+06
18  23  1.23371e+07
18  24  1.28562e+07
18  25  1.42855e+07
18  26  1.05827e+07
18  27  1.04159e+07
18  28  2.03497e+07
18  29  1.35634e+07
18  30  1.08369e+07
18  31  1.14005e+07
18  32  9.49811e+06
18  33  2.1915e+07
18  34  9.74254e+06
18  35  2.20944e+07
18  36  1.79954e+07
18  37  6.50278e+06
18  38  1.1283e+07
18  39  8.8718e+06
18  40  1.15827e+07
18  41  2.48799e+07
18  42  2.05699e+07
18  43  1.97935e+07
18  44  7.36848e+06
18  45  1.14624e+07
18  46  1.54514e+07
18  47  1.55958e+07
18  48  1.8689e+07
18  49  1.18019e+07
18  50  2.86072e+07
19  0  9.88598e+06
19  1  0
19  2  5.98241e+06
19  3  1.32285e+07
19  4  1.62256e+07
19  5  6.22955e+06
19  6  9.55064e+06
19  7  0
19  8  1.98195e+06
19  9  0
19  10  2.02274e+07
19  11  8.77378e+06
19  12  0
19  13  4.68029e+06
19  14  4.69206e+06
19  15  3.17169e+06
19  16  0
19  17  5.65339e+06
19  18  5.77518e+06
19  19  8.96491e+06
19  20  6.56123e+06
19  21  1.1709e+07
19  22  1.09945e+07
19  23  1.61732e+07
19  24  1.73266e+07
19  25  4.39042e+06
19  26  1.32254e+07
19  27  1.03385e+07
19  28  2.39234e+07
19  29  1.57876e+07
19  30  2.46738e+07
19  31  9.66451e+06
19  32  2.45703e+06
19  33  1.06891e+07
19  34  3.9926e+06
19  35  7.94834e+06
19  36  1.66152e+07
19  37  1.6443e+07
19  38  1.49309e+06
19  39  1.20289e+07
19  40  8.04465e+06
19  41  0
19  42  5.60648e+06
19  43  6.87439e+06
19  44  1.50476e+07
19  45  7.85214e+06
19  46  1.7668e+07
19  47  1.45421e+07
19  48  1.21401e+07
19  49  1.18022e+07
19  50  0
20  0  4.16759e+06
20  1  1.63521e+07
20  2  6.12417e+06
20  3  9.85385e+06
20  4  0
20  5  1.611e+07
20  6  2.11719e+07
20  7  6.61392e+06
20  8  1.11136e+07
20  9  2.03741e+07
20  10  0
20  11  0
20  12  0
20  13  1.08143e+07
20  14  1.21139e+07
20  15  9.82693e+06
20  16  1.46078e+07
20  17  8.5773e+06
20  18  1.66943e+07
20  19  1.35642e+07
20  20  2.2471e+06
20  21  8.02722e+06
20  22  1.2206e+07
20  23  508588
20  24  6.98337e+06
20  25  392044
20  26  1.2114e+07
20  27  5.15057e+06
20  28  7.79887e+06
20  29  8.66362e+06
20  30  0
20  31  6.65866e+06
20  32  1.99804e+06
20  33  8.3481e+06
20  34  1.29435e+07
20  35  3.14479e+07
20  36  0
20  37  1.09085e+07
20  38  1.52922e+07
20  39  9.31338e+06
20  40  1.50361e+07
20  41  1.31438e+07
20  42  1.6182e+07
20  43  0
20  44  1.02609e+07
20  45  1.743e+07
20  46  2.537e+07
20  47  1.38743e+07
20  48  1.93298e+07
20  49  9.32856e+06
20  50  8.61881e+06
21  0  1.81382e+07
21  1  1.00972e+07
21  2  7.73712e+06
21  3  1.40737e+07
21  4  1.29349e+07
21  5  8.1775e+06
21  6  1.60491e+07
21  7  5.49632e+06
21  8  1.94474e+07
21  9  1.43347e+07
21  10  4.06787e+06
21  11  1.49403e+07
21  12  1.39458e+07
21  13  1.40557e+07
21  14  8.04701e+06
21  15  1.62801e+07
21  16  1.83457e+07
21  17  1.652e+07
21  18  2.29871e+07
21  19  1.27672e+07
21  20  9.41762e+06
21  21  1.3345e+07
21  22  6.5705e+06
21  23  1.32299e+07
21  24  1.11459e+07
21  25  1.88534e+07
21  26  1.60564e+07
21  27  1.48493e+07
21  28  1.57071e+07
21  29  1.33901e+07
21  30  1.49033e+07
21  31  8.55245e+06
21  32  8.31134e+06
21  33  4.96017e+06
21  34  1.61311e+07
21  35  1.68218e+07
21  36  1.06251e+07
21  37  5.42427e+06
21  38  3.41533e+06
21  39  4.03262e+06
21  40  1.98267e+07
21  41  1.52497e+07
21  42  1.77723e+07
21  43  1.61155e+07
21  44  1.30188e+07
21  45  1.56138e+07
21  46  2.2307e+07
21  47  4.96904e+06
21  48  1.43112e+07
21  49  7.62976e+06
21  50  1.21204e+07
22  0  3.65077e+06
22  1  0
22  2  1.00038e+07
22  3  2.14942e+07
22  4  3.40459e+06
22  5  5.71198e+06
22  6  7.88214e+06
22  7  2.72465e+07
22  8  1.24358e+07
22  9  2.53743e+07
22  10  9.2831e+06
22  11  0
22  12  3.45557e+06
22  13  1.65141e+07
22  14  1.68946e+07
22  15  8.23771e+06
22  16  1.9288e+06
22  17  5.10986e+06
22  18  3.23207e+07
22  19  1.18759e+07
22  20  1.61684e+07
22  21  1.76877e+07
22  22  1.57553e+07
22  23  5.76198e+06
22  24  0
22  25  7.08376e+06
22  26  2.90383e+06
22  27  1.49702e+07
22  28  5.35828e+06
22  29  9.39122e+06
22  30  1.16509e+07
22  31  1.62747e+07
22  32  1.21454e+07
22  33  2.18684e+07
22  34  8.83059e+06
22  35  9.28074e+06
22  36  6.51937e+06
22  37  1.89761e+07
22  38  1.3846e+07
22  39  5.8426e+06
22  40  6.58867e+06
22  41  1.16589e+07
22  42  6.34743e+06
22  43  1.09673e+07
22  44  1.27973e+07
22  45  5.96209e+06
22  46  1.76332e+07
22  47  2.41774e+07
22  48  1.43427e+07
22  49  1.07128e+07
22  50  3.29024e+06
23  0  1.13355e+07
23  1  7.30848e+06
23  2  1.4712e+07
23  3  7.31838e+06
23  4  4.5488e+06
23  5  9.85625e+06
23  6  5.84088e+06
23  7  2.06449e+07
23  8  2.02726e+07
23  9  1.25382e+07
23  10  97626.3
23  11  9.07341e+06
23  12  8.63761e+06
23  13  1.40434e+06
23  14  1.42852e+07
23  15  7.11697e+06
23  16  1.08114e+07
23  17  1.13955e+06
23  18  3.02842e+06
23  19  1.30096e+07
23  20  8.74231e+06
23  21  2.21594e+06
23  22  3.65339e+06
23  23  1.97839e+07
23  24  1.41496e+07
23  25  0
23  26  1.04369e+07
23  27  0
23  28  6.40687e+06
23  29  1.58388e+07
23  30  1.95141e+07
23  31  8.78469e+06
23  32  1.06036e+07
23  33  2.07449e+07
23  34  1.69427e+07
23  35  1.49516e+07
23  36  1.31037e+07
23  37  1.78089e+07
23  38  9.67412e+06
23  39  1.40378e+07
23  40  3.17062e+06
23  41  2.29731e+07
23  42  1.79486e+07
23  43  2.81506e+07
23  44  1.23371e+07
23  45  2.58536e+06
23  46  1.69981e+07
23  47  1.35569e+07
23  48  5.05634e+06
23  49  1.67671e+07
23  50  0
24  0  1.26986e+07
24  1  8.83704e+06
24  2  1.04008e+07
24  3  3.89216e+06
24  4  1.55803e+07
24  5  2.00879e+07
24  6  0
24  7  3.00716e+06
24  8  1.10376e+07
24  9  4.19305e+06
24  10  3.53055e+06
24  11  1.24419e+07
24  12  9.41772e+06
24  13  1.09476e+07
24  14  0
24  15  1.32439e+07
24  16  3.25943e+06
24  17  8.60732e+06
24  18  1.37608e+07
24  19  4.10504e+06
24  20  0
24  21  7.01549e+06
24  22  2.37965e+07
24  23  1.70904e+07
24  24  8.32599e+06
24  25  1.9115e+07
24  26  2.5185e+07
24  27  1.56454e+07
24  28  6.24801e+06
24  29  7.43667e+06
24  30  1.05662e+07
24  31  8.3992e+06
24  32  5.85938e+06
24  33  0
24  34  1.11656e+07
24  35  1.2855e+06
24  36  6.3969e+06
24  37  4.37145e+06
24  38  1.42998e+07
24  39  971679
24  40  7.64725e+06
24  41  1.19109e+07
24  42  1.91134e+07
24  43  0
24  44  2.48497e+07
24  45  9.78002e+06
24  46  1.71127e+07
24  47  1.12716e+07
24  48  0
24  49  9.47672e+06
24  50  8.36296e+06
25  0  1.39712e+06
25  1  3.83641e+06
25  2  6.71673e+06
25  3  5.03557e+06
25  4  1.9995e+07
25  5  4.23717e+06
25  6  6.72312e+06
25  7  5.78823e+06
25  8  7.31987e+06
25  9  1.99501e+06
25  10  9.98801e+06
25  11  1.76955e+07
25  12  1.11055e+07
25  13  9.06384e+06
25  14  1.81017e+07
25  15  8.77897e+06
25  16  1.85216e+07
25  17  1.22139e+07
25  18  7.01287e+06
25  19  1.0507e+07
25  20  0
25  21  2.96472e+06
25  22  4.41883e+06
25  23  2.1239e+06
25  24  2.00287e+07
25  25  1.02824e+07
25  26  2.69643e+07
25  27  1.55189e+07
25  28  7.3342e+06
25  29  2.49495e+06
25  30  1.47764e+07
25  31  1.76671e+07
25  32  1.35393e+07
25  33  1.78722e+07
25  34  1.83427e+07
25  35  1.2348e+07
25  36  4.0733e+06
25  37  6.76193e+06
25  38  1.29962e+07
25  39  0
25  40  1.33489e+07
25  41  1.14646e+07
25  42  1.43145e+07
25  43  2.51925e+07
25  44  1.46616e+07
25  45  1.26019e+07
25  46  2.04326e+07
25  47  4.17472e+06
25  48  1.85857e+07
25  49  1.0228e+07
25  50  1.15047e+07
26  0  6.62415e+06
26  1  8.36414e+06
26  2  1.63712e+07
26  3  6.83054e+06
26  4  1.00362e+07
26  5  7.9755e+06
26  6  1.3048e+07
26  7  7.59773e+06
26  8  1.51604e+07
26  9  1.18515e+07
26  10  1.36762e+07
26  11  8.25581e+06
26  12  3.93593e+06
26  13  5.88975e+06
26  14  1.88444e+06
26  15  1.35856e+07
26  16  1.52445e+07
26  17  374892
26  18  2.00062e+07
26  19  1.35822e+07
26  20  9.0949e+06
26  21  1.01141e+07
26  22  2.2061e+07
26  23  1.6004e+07
26  24  3.48475e+06
26  25  4.00513e+06
26  26  8.0061e+06
26  27  1.62638e+07
26  28  1.26419e+07
26  29  2.28377e+07
26  30  1.81282e+07
26  31  1.90404e+07
26  32  5.45486e+06
26  33  2.49681e+07
26  34  9.44584e+06
26  35  1.62033e+07
26  36  2.24194e+07
26  37  7.72999e+06
26  38  1.28598e+07
26  39  7.7234e+06
26  40  2.48943e+06
26  41  5.76827e+06
26  42  1.62664e+07
26  43  6.70527e+06
26  44  4.52952e+06
26  45  1.43819e+07
26  46  2.37776e+07
26  47  1.39771e+07
26  48  1.43128e+07
26  49  1.71352e+07
26  50  8.63119e+06
27  0  2.09259e+06
27  1  1.54845e+07
27  2  8.61818e+06
27  3  1.93753e+07
27  4  1.13589e+07
27  5  1.11576e+07
27  6  7.87062e+06
27  7  4.32931e+06
27  8  2.29684e+07
27  9  2.76098e+06
27  10  1.14624e+07
27  11  1.55647e+07
27  12  5.35826e+06
27  13  2.73055e+06
27  14  1.59997e+06
27  15  1.42622e+07
27  16  1.14691e+07
27  17  8.65839e+06
27  18  4.86725e+06
27  19  4.4804e+06
27  20  1.26211e+07
27  21  2.35888e+07
27  22  9.47229e+06
27  23  1.94013e+07
27  24  1.68805e+07
27  25  1.34323e+07
27  26  8.83496e+06
27  27  3.9886e+06
27  28  5.27406e+06
27  29  7.146e+06
27  30  1.87041e+07
27  31  0
27  32  1.42636e+07
27  33  3.4399e+06
27  34  2.01787e+06
27  35  1.78844e+07
27  36  1.08633e+07
27  37  7.85624e+06
27  38  1.59762e+07
27  39  1.19648e+07
27  40  1.80597e+07
27  41  1.53735e+07
27  42  1.4845e+07
27  43  1.65869e+07
27  44  2.03215e+07
27  45  5.84266e+06
27  46  1.99932e+07
27  47  6.36254e+06
27  48  3.81378e+06
27  49  2.1539e+07
27  50  1.14387e+07
28  0  7.42017e+06
28  1  1.83866e+07
28  2  9.16098e+06
28  3  7.97734e+06
28  4  1.15636e+07
28  5  1.53995e+07
28  6  1.33062e+07
28  7  1.68667e+06
28  8  8.75136e+06
28  9  3.85097e+06
28  10  3.49071e+06
28  11  9.36801e+06
28  12  1.57827e+06
28  13  8.62066e+06
28  14  3.75636e+06
28  15  2.12379e+07
28  16  7.90913e+06
28  17  1.06089e+07
28  18  1.56472e+07
28  19  8.70595e+06
28  20  1.42681e+07
28  21  7.17485e+06
28  22  1.97176e+07
28  23  8.70558e+06
28  24  1.38356e+07
28  25  2.51973e+07
28  26  1.26381e+07
28  27  6.66376e+06
28  28  6.98935e+06
28  29  1.16755e+07
28  30  1.09464e+07
28  31  4.98144e+06
28  32  8.15867e+06
28  33  6.11941e+06
28  34  0
28  35  1.0632e+07
28  36  1.3946e+07
28  37  2.13164e+07
28  38  1.05422e+07
28  39  1.43796e+07
28  40  1.41262e+07
28  41  1.66994e+07
28  42  1.25422e+07
28  43  1.4733e+07
28  44  1.75127e+07
28  45  1.29721e+07
28  46  1.11849e+07
28  47  1.56475e+07
28  48  8.9848e+06
28  49  7.3294e+06
28  50  7.39499e+06
29  0  0
29  1  6.45088e+06
29  2  2.38582e+07
29  3  7.68638e+06
29  4  1.19181e+07
29  5  9.09597e+06
29  6  6.75609e+06
29  7  9.04819e+06
29  8  1.69916e+07
29  9  9.39619e+06
29  10  1.96583e+07
29  11  1.38089e+07
29  12  2.0207e+07
29  13  1.65762e+07
29  14  1.49021e+07
29  15  2.45954e+07
29  16  1.24732e+07
29  17  1.27197e+06
29  18  5.5677e+06
29  19  7.8644e+06
29  20  1.64175e+07
29  21  1.40014e+07
29  22  1.30171e+07
29  23  1.79477e+07
29  24  2.39329e+07
29  25  1.50849e+07
29  26  6.89682e+06
29  27  1.81148e+07
29  28  1.5505e+07
29  29  1.10248e+07
29  30  1.42645e+07
29  31  1.60352e+07
29  32  1.94563e+07
29  33  1.90656e+07
29  34  1.58797e+07
29  35  4.23324e+06
29  36  2.34204e+07
29  37  1.66951e+07
29  38  1.72699e+07
29  39  1.68124e+06
29  40  1.49982e+07
29  41  1.89705e+07
29  42  2.0151e+07
29  43  1.92192e+07
29  44  1.20333e+07
29  45  1.14061e+07
29  46  1.60805e+07
29  47  1.15099e+07
29  48  1.84079e+07
29  49  1.75808e+07
29  50  1.51482e+07
30  0  1.27956e+07
30  1  8.11355e+06
30  2  6.99043e+06
30  3  2.01166e+07
30  4  9.24813e+06
30  5  3.6779e+06
30  6  1.89767e+07
30  7  5.64414e+06
30  8  2.2525e+07
30  9  0
30  10  1.30392e+07
30  11  4.56858e+06
30  12  1.5851e+07
30  13  3.70785e+06
30  14  1.14043e+07
30  15  1.0042e+07
30  16  1.86354e+07
30  17  1.09412e+06
30  18  2.46584e+06
30  19  2.69836e+07
30  20  6.13296e+06
30  21  2.67327e+07
30  22  2.14112e+06
30  23  2.03866e+07
30  24  1.5909e+07
30  25  1.79723e+07
30  26  3.14741e+07
30  27  6.96226e+06
30  28  7.91515e+06
30  29  1.85353e+07
30  30  1.37408e+07
30  31  2.03882e+07
30  32  1.58065e+07
30  33  6.19035e+06
30  34  1.06045e+07
30  35  1.81185e+06
30  36  1.88057e+07
30  37  1.78007e+07
30  38  1.18262e+07
30  39  2.27625e+07
30  40  8.97843e+06
30  41  2.45338e+07
30  42  2.47552e+07
30  43  8.70565e+06
30  44  1.05075e+07
30  45  3.33127e+07
30  46  1.90608e+07
30  47  1.96865e+07
30  48  1.93975e+07
30  49  1.66148e+07
30  50  1.66284e+07
31  0  1.03558e+07
31  1  1.26241e+07
31  2  1.5083e+06
31  3  4.30931e+06
31  4  1.71591e+07
31  5  1.23867e+07
31  6  1.72527e+07
31  7  1.7768e+07
31  8  3.00551e+07
31  9  1.79984e+07
31  10  1.18198e+07
31  11  1.50337e+07
31  12  1.83313e+07
31  13  7.7873e+06
31  14  3.11009e+06
31  15  1.51927e+07
31  16  6.15213e+06
31  17  3.10077e+06
31  18  1.39266e+07
31  19  1.93238e+07
31  20  1.80939e+07
31  21  1.28334e+07
31  22  1.98837e+07
31  23  1.59804e+07
31  24  2.70971e+07
31  25  1.7513e+07
31  26  1.57499e+07
31  27  3.56635e+06
31  28  1.2036e+07
31  29  1.75502e+07
31  30  2.13463e+07
31  31  1.19325e+07
31  32  9.29143e+06
31  33  5.82766e+06
31  34  6.3365e+06
31  35  1.46421e+07
31  36  1.69712e+07
31  37  0
31  38  9.6444e+06
31  39  1.22796e+07
31  40  1.72044e+07
31  41  2.20515e+07
31  42  4.22169e+07
31  43  1.51858e+07
31  44  1.59439e+07
31  45  1.92168e+07
31  46  1.89093e+07
31  47  1.20277e+07
31  48  6.20762e+06
31  49  1.24414e+07
31  50  2.09144e+07
32  0  858303
32  1  6.65736e+06
32  2  1.58909e+07
32  3  1.45277e+07
32  4  1.81208e+07
32  5  1.69309e+07
32  6  1.66689e+07
32  7  1.53533e+07
32  8  1.10556e+07
32  9  0
32  10  1.4674e+07
32  11  2.25842e+07
32  12  9.46906e+06
32  13  152798
32  14  541737
32  15  1.95674e+07
32  16  1.84257e+07
32  17  7.0279e+06
32  18  1.56726e+07
32  19  2.25141e+07
32  20  8.90993e+06
32  21  8.1197e+06
32  22  1.01319e+07
32  23  1.6876e+07
32  24  1.86512e+07
32  25  1.44046e+07
32  26  3.04521e+07
32  27  1.10925e+07
32  28  2.73555e+07
32  29  1.14837e+07
32  30  1.83513e+07
32  31  9.1717e+06
32  32  8.80034e+06
32  33  2.79553e+06
32  34  8.20572e+06
32  35  1.55921e+07
32  36  8.43139e+06
32  37  6.80143e+06
32  38  1.53259e+07
32  39  1.80682e+07
32  40  1.06057e+07
32  41  8.84841e+06
32  42  1.25878e+07
32  43  1.67447e+07
32  44  1.57452e+07
32  45  2.02898e+07
32  46  2.35646e+07
32  47  8.09274e+06
32  48  8.56918e+06
32  49  1.00752e+07
32  50  1.08092e+07
33  0  6.94848e+06
33  1  1.02957e+07
33  2  9.95885e+06
33  3  7.35113e+06
33  4  8.81185e+06
33  5  1.43075e+07
33  6  1.72963e+07
33  7  1.37721e+07
33  8  7.74752e+06
33  9  5.51524e+06
33  10  9.11672e+06
33  11  2.3037e+07
33  12  2.46161e+06
33  13  1.10906e+07
33  14  1.67842e+07
33  15  1.31655e+07
33  16  2.63414e+06
33  17  1.63891e+07
33  18  1.62116e+07
33  19  1.97216e+06
33  20  7.29387e+06
33  21  2.8525e+07
33  22  1.73406e+07
33  23  1.44308e+07
33  24  8.53115e+06
33  25  1.7441e+07
33  26  1.61765e+07
33  27  1.85832e+07
33  28  1.10833e+07
33  29  1.12562e+07
33  30  3.71396e+06
33  31  3.65532e+06
33  32  9.26742e+06
33  33  3.47573e+06
33  34  1.06425e+07
33  35  1.289e+07
33  36  2.08041e+07
33  37  1.0575e+07
33  38  1.7597e+07
33  39  6.77353e+06
33  40  1.8786e+07
33  41  1.95513e+07
33  42  8.75372e+06
33  43  1.38494e+07
33  44  1.20433e+07
33  45  2.10981e+07
33  46  2.28592e+07
33  47  5.6544e+06
33  48  2.84656e+07
33  49  2.00383e+07
33  50  1.91494e+07
34  0  1.56503e+07
34  1  370910
34  2  8.90683e+06
34  3  1.64764e+07
34  4  1.11348e+07
34  5  1.28118e+07
34  6  1.12756e+07
34  7  2.01839e+07
34  8  1.63577e+07
34  9  2.04222e+07
34  10  1.5665e+07
34  11  3.65828e+06
34  12  2.01999e+07
34  13  1.11164e+07
34  14  1.97132e+07
34  15  1.35445e+07
34  16  1.27326e+07
34  17  9.38831e+06
34  18  1.78455e+07
34  19  1.26893e+07
34  20  0
34  21  2.30362e+07
34  22  1.57042e+07
34  23  1.47811e+07
34  24  1.40005e+07
34  25  2.0661e+07
34  26  2.68747e+07
34  27  1.22078e+07
34  28  2.14162e+07
34  29  1.26946e+07
34  30  1.7141e+07
34  31  4.61914e+06
34  32  1.48845e+07
34  33  1.33644e+07
34  34  1.16477e+07
34  35  9.37259e+06
34  36  1.65533e+07
34  37  1.10655e+07
34  38  1.36902e+07
34  39  1.00852e+07
34  40  1.21165e+07
34  41  1.85072e+07
34  42  1.15667e+07
34  43  1.13604e+07
34  44  1.59911e+07
34  45  8.10671e+06
34  46  2.21408e+07
34  47  2.74938e+07
34  48  1.47852e+07
34  49  1.68078e+07
34  50  1.22891e+07
35  0  7.10728e+06
35  1  1.75458e+07
35  2  2.34647e+07
35  3  1.92633e+07
35  4  1.52604e+07
35  5  1.6767e+07
35  6  2.28476e+07
35  7  1.24961e+07
35  8  1.02759e+07
35  9  1.30307e+07
35  10  1.70118e+07
35  11  1.13561e+07
35  12  1.1841e+07
35  13  1.12391e+07
35  14  3.37122e+06
35  15  1.89587e+07
35  16  1.22359e+07
35  17  1.19596e+07
35  18  1.26665e+07
35  19  0
35  20  7.65556e+06
35  21  1.37658e+07
35  22  1.58972e+07
35  23  1.73613e+07
35  24  1.00807e+07
35  25  2.26612e+07
35  26  2.40986e+07
35  27  1.04893e+07
35  28  1.29699e+07
35  29  4.35964e+06
35  30  2.95874e+07
35  31  2.2279e+07
35  32  1.01739e+07
35  33  1.49832e+07
35  34  1.96139e+07
35  35  4.69587e+06
35  36  2.40368e+07
35  37  1.33578e+07
35  38  1.77781e+07
35  39  1.0178e+07
35  40  1.78129e+07
35  41  1.55647e+07
35  42  1.21538e+07
35  43  2.40241e+07
35  44  2.68511e+07
35  45  2.38892e+07
35  46  1.50965e+07
35  47  2.29227e+07
35  48  3.18116e+07
35  49  1.55338e+07
35  50  2.26316e+07
36  0  3.75987e+06
36  1  6.27035e+06
36  2  1.30918e+07
36  3  1.20096e+07
36  4  1.21533e+07
36  5  1.53659e+07
36  6  1.1769e+07
36  7  2.0457e+07
36  8  1.96462e+07
36  9  1.25213e+07
36  10  1.98655e+07
36  11  1.37839e+07
36  12  1.28501e+07
36  13  0
36  14  1.20369e+07
36  15  1.65735e+07
36  16  1.21692e+07
36  17  8.64345e+06
36  18  1.9746e+07
36  19  2.22418e+07
36  20  1.11986e+07
36  21  7.77328e+06
36  22  1.59709e+07
36  23  1.84128e+07
36  24  2.50276e+07
36  25  2.54102e+07
36  26  2.70409e+07
36  27  6.19972e+06
36  28  1.81109e+07
36  29  1.9374e+07
36  30  4.01409e+06
36  31  1.08952e+07
36  32  2.25422e+07
36  33  1.04571e+07
36  34  2.18045e+07
36  35  7.79664e+06
36  36  9.55571e+06
36  37  1.58715e+07
36  38  7.18636e+06
36  39  1.61417e+07
36  40  1.24675e+07
36  41  1.16523e+07
36  42  2.28643e+07
36  43  1.9532e+07
36  44  1.78257e+07
36  45  1.71509e+07
36  46  1.45272e+07
36  47  2.30841e+07
36  48  4.77018e+06
36  49  5.00426e+06
36  50  1.84293e+07
37  0  2.44255e+07
37  1  1.79088e+07
37  2  9.48802e+06
37  3  2.2526e+07
37  4  5.96221e+06
37  5  1.67727e+07
37  6  2.42587e+07
37  7  1.79435e+07
37  8  2.73403e+07
37  9  9.55346e+06
37  10  3.45526e+06
37  11  8.24399e+06
37  12  0
37  13  0
37  14  9.30516e+06
37  15  1.86413e+07
37  16  1.03524e+07
37  17  2.40159e+07
37  18  1.27144e+07
37  19  1.51722e+07
37  20  1.24679e+07
37  21  0
37  22  2.03397e+07
37  23  1.67374e+07
37  24  2.63788e+07
37  25  2.2071e+07
37  26  2.46257e+07
37  27  1.43703e+07
37  28  3.55399e+06
37  29  0
37  30  6.39321e+06
37  31  2.3929e+07
37  32  9.39631e+06
37  33  1.19394e+07
37  34  1.12092e+07
37  35  2.20484e+07
37  36  7.67578e+06
37  37  6.77457e+06
37  38  6.88e+06
37  39  1.22437e+07
37  40  1.40822e+07
37  41  2.12957e+07
37  42  2.37341e+07
37  43  1.52561e+07
37  44  1.43833e+07
37  45  1.55451e+07
37  46  1.74857e+07
37  47  1.99663e+07
37  48  1.6063e+07
37  49  6.79232e+06
37  50  1.86528e+07
38  0  2.03436e+07
38  1  2.30896e+06
38  2  8.9973e+06
38  3  9.53053e+06
38  4  2.37701e+07
38  5  1.89384e+07
38  6  1.71057e+07
38  7  1.8875e+07
38  8  1.73574e+07
38  9  1.92477e+07
38  10  1.5929e+07
38  11  2.50714e+06
38  12  5.79007e+06
38  13  0
38  14  3.70648e+06
38  15  1.58313e+07
38  16  0
38  17  1.3201e+07
38  18  5.64184e+06
38  19  3.21308e+07
38  20  1.23647e+07
38  21  2.09571e+07
38  22  5.32989e+06
38  23  1.89745e+07
38  24  1.4178e+07
38  25  9.8611e+06
38  26  2.13533e+07
38  27  5.16145e+06
38  28  1.56941e+07
38  29  1.43369e+07
38  30  2.20735e+07
38  31  1.84921e+07
38  32  9.56004e+06
38  33  7.73874e+06
38  34  6.07401e+06
38  35  2.087e+07
38  36  1.35379e+07
38  37  2.11566e+07
38  38  1.01039e+07
38  39  3.33236e+06
38  40  1.00285e+07
38  41  7.56321e+06
38  42  1.73183e+07
38  43  1.55464e+07
38  44  8.14611e+06
38  45  1.39646e+07
38  46  2.79731e+07
38  47  1.89664e+07
38  48  9.41424e+06
38  49  1.32866e+07
38  50  1.65988e+07
39  0  1.77219e+07
39  1  1.36048e+07
39  2  1.32781e+06
39  3  1.08412e+07
39  4  1.59888e+07
39  5  8.96678e+06
39  6  2.02092e+07
39  7  3.17364e+07
39  8  2.44505e+07
39  9  2.2653e+07
39  10  1.19223e+07
39  11  1.02961e+07
39  12  1.07518e+07
39  13  3.75329e+06
39  14  7.22732e+06
39  15  1.47596e+07
39  16  0
39  17  0
39  18  1.86574e+07
39  19  1.74668e+07
39  20  1.53573e+07
39  21  1.39929e+07
39  22  7.83146e+06
39  23  1.13154e+07
39  24  4.65183e+06
39  25  4.46484e+06
39  26  2.98322e+07
39  27  2.14828e+07
39  28  1.15173e+07
39  29  2.88525e+07
39  30  1.99945e+07
39  31  9.31463e+06
39  32  6.17163e+06
39  33  1.30807e+07
39  34  1.56636e+07
39  35  1.99484e+07
39  36  1.42866e+07
39  37  8.1109e+06
39  38  4.91265e+06
39  39  1.2195e+07
39  40  1.15854e+07
39  41  8.94694e+06
39  42  2.11248e+07
39  43  2.78862e+07
39  44  8.15385e+06
39  45  1.63765e+07
39  46  2.31285e+07
39  47  5.87225e+06
39  48  1.52291e+07
39  49  1.83441e+07
39  50  4.47752e+06
40  0  2.9079e+07
40  1  2.48705e+07
40  2  5.06011e+06
40  3  2.40283e+07
40  4  0
40  5  1.4542e+07
40  6  9.30782e+06
40  7  1.47217e+07
40  8  1.64462e+07
40  9  8.35207e+06
40  10  1.61953e+07
40  11  9.32669e+06
40  12  1.97156e+06
40  13  0
40  14  3.98213e+06
40  15  1.51818e+07
40  16  1.62122e+07
40  17  1.68934e+07
40  18  1.75719e+07
40  19  2.83156e+07
40  20  7.95577e+06
40  21  1.23948e+07
40  22  1.74133e+07
40  23  1.97399e+07
40  24  2.22238e+07
40  25  1.18128e+07
40  26  2.47743e+07
40  27  1.4784e+07
40  28  1.23218e+07
40  29  1.84672e+07
40  30  9.6175e+06
40  31  8.0637e+06
40  32  2.16971e+07
40  33  0
40  34  5.69649e+06
40  35  7.9003e+06
40  36  1.07193e+07
40  37  1.44447e+07
40  38  4.02781e+06
40  39  2.43973e+07
40  40  9.02036e+06
40  41  1.81633e+07
40  42  1.27624e+07
40  43  2.16859e+07
40  44  1.40385e+07
40  45  1.88687e+07
40  46  2.14735e+07
40  47  5.57512e+06
40  48  1.7156e+07
40  49  1.13476e+07
40  50  2.76438e+07
41  0  1.32202e+07
41  1  1.21419e+07
41  2  1.23737e+07
41  3  1.45778e+07
41  4  9.06213e+06
41  5  1.37943e+07
41  6  1.82174e+07
41  7  8.45829e+06
41  8  1.04524e+07
41  9  1.34575e+07
41  10  1.6164e+07
41  11  1.80729e+07
41  12  1.25e+07
41  13  1.50552e+07
41  14  1.23741e+07
41  15  1.76678e+07
41  16  1.37393e+07
41  17  6.75745e+06
41  18  2.43412e+07
41  19  1.58945e+07
41  20  1.75476e+07
41  21  1.53721e+07
41  22  9.52187e+06
41  23  1.14638e+07
41  24  6.20459e+06
41  25  3.68761e+06
41  26  1.85463e+07
41  27  1.47015e+07
41  28  2.05272e+07
41  29  7.77032e+06
41  30  2.0423e+07
41  31  1.44381e+07
41  32  1.15839e+07
41  33  3.47062e+06
41  34  7.14697e+06
41  35  3.21136e+07
41  36  4.81671e+06
41  37  2.40919e+07
41  38  2.29872e+07
41  39  2.18e+07
41  40  7.95007e+06
41  41  2.48711e+07
41  42  1.61152e+07
41  43  1.22596e+07
41  44  2.3564e+07
41  45  1.38142e+07
41  46  3.53321e+07
41  47  6.75327e+06
41  48  1.58404e+07
41  49  2.05797e+07
41  50  1.17959e+07
42  0  6.44335e+06
42  1  9.77492e+06
42  2  5.48745e+06
42  3  1.32521e+07
42  4  2.40936e+07
42  5  9.55314e+06
42  6  1.41353e+07
42  7  1.06967e+07
42  8  1.35778e+07
42  9  4.79448e+06
42  10  1.27806e+07
42  11  1.7684e+07
42  12  1.83753e+06
42  13  1.63623e+07
42  14  9.23348e+06
42  15  7.9674e+06
42  16  1.90898e+07
42  17  1.7787e+07
42  18  1.08955e+07
42  19  1.43533e+07
42  20  1.30434e+07
42  21  1.58685e+07
42  22  8.0325e+06
42  23  1.2862e+07
42  24  1.61642e+07
42  25  9.99124e+06
42  26  1.34909e+07
42  27  1.35378e+07
42  28  1.37958e+07
42  29  1.66041e+07
42  30  9.9743e+06
42  31  8.00257e+06
42  32  1.96822e+07
42  33  1.94883e+07
42  34  0
42  35  1.8536e+07
42  36  2.38072e+07
42  37  7.1612e+06
42  38  1.94378e+07
42  39  1.5644e+07
42  40  1.76273e+07
42  41  2.53072e+07
42  42  1.82755e+07
42  43  2.09263e+07
42  44  8.54951e+06
42  45  2.39025e+07
42  46  1.59792e+07
42  47  1.23678e+07
42  48  0
42  49  6.33901e+06
42  50  1.35143e+07
43  0  1.51716e+07
43  1  1.66035e+07
43  2  9.96602e+06
43  3  9.88118e+06
43  4  7.43488e+06
43  5  1.47188e+07
43  6  1.61694e+07
43  7  2.30991e+07
43  8  1.12232e+07
43  9  1.16322e+07
43  10  4.1117e+06
43  11  1.22261e+06
43  12  1.44438e+07
43  13  7.36763e+06
43  14  6.26895e+06
43  15  9.47441e+06
43  16  8.0322e+06
43  17  1.63059e+07
43  18  7.14467e+06
43  19  1.63703e+07
43  20  8.44875e+06
43  21  1.74697e+07
43  22  5.21293e+06
43  23  6.73559e+06
43  24  1.69734e+07
43  25  6.00296e+06
43  26  1.35709e+07
43  27  1.39223e+07
43  28  2.14741e+07
43  29  2.2896e+07
43  30  2.37457e+07
43  31  2.37555e+07
43  32  2.13047e+07
43  33  9.48648e+06
43  34  1.7124e+07
43  35  9.91058e+06
43  36  1.91371e+07
43  37  1.75858e+07
43  38  7.87628e+06
43  39  1.8528e+07
43  40  2.03484e+07
43  41  1.30465e+07
43  42  2.06906e+07
43  43  1.32216e+07
43  44  2.66065e+07
43  45  2.26493e+07
43  46  7.591e+06
43  47  7.02635e+06
43  48  4.87237e+06
43  49  8.58821e+06
43  50  1.36381e+07
44  0  4.66644e+06
44  1  2.27016e+07
44  2  8.98855e+06
44  3  2.1137e+07
44  4  1.24543e+07
44  5  1.2374e+07
44  6  2.76083e+07
44  7  1.29187e+07
44  8  9.29566e+06
44  9  1.01489e+07
44  10  1.44244e+07
44  11  3.04097e+06
44  12  9.21988e+06
44  13  8.52655e+06
44  14  4.76167e+06
44  15  1.72912e+07
44  16  1.15997e+07
44  17  1.75044e+06
44  18  6.86771e+06
44  19  2.04482e+07
44  20  1.60085e+07
44  21  1.79887e+07
44  22  1.6442e+07
44  23  1.54689e+07
44  24  2.36313e+07
44  25  1.21341e+07
44  26  1.52261e+07
44  27  8.63775e+06
44  28  3.25481e+07
44  29  1.16553e+07
44  30  9.54401e+06
44  31  1.08277e+07
44  32  1.74714e+07
44  33  6.26457e+06
44  34  1.52647e+07
44  35  0
44  36  1.39655e+07
44  37  1.18245e+07
44  38  5.3844e+06
44  39  1.81854e+07
44  40  1.25257e+07
44  41  2.36599e+07
44  42  2.25119e+07
44  43  1.27517e+07
44  44  8.14775e+06
44  45  1.37614e+07
44  46  5.82089e+06
44  47  1.21904e+07
44  48  1.76873e+07
44  49  1.08746e+06
44  50  9.16739e+06
45  0  1.53089e+07
45  1  1.48219e+06
45  2  1.80788e+07
45  3  1.40118e+07
45  4  1.36864e+07
45  5  1.31033e+07
45  6  1.92365e+07
45  7  2.22682e+07
45  8  8.88044e+06
45  9  1.1052e+07
45  10  1.78613e+07
45  11  1.53415e+07
45  12  4.11479e+06
45  13  1.78427e+07
45  14  1.15267e+07
45  15  8.69407e+06
45  16  1.56239e+07
45  17  7.0379e+06
45  18  2.01607e+06
45  19  8.25859e+06
45  20  1.54126e+07
45  21  9.5877e+06
45  22  1.8649e+07
45  23  1.03891e+07
45  24  2.33317e+07
45  25  1.81061e+07
45  26  2.14509e+07
45  27  1.25746e+07
45  28  2.75257e+07
45  29  1.96375e+07
45  30  1.80459e+07
45  31  6.25003e+06
45  32  1.31753e+07
45  33  1.55199e+07
45  34  4.10691e+06
45  35  9.94887e+06
45  36  1.82371e+07
45  37  1.1867e+07
45  38  1.26642e+07
45  39  1.18768e+07
45  40  1.43812e+07
45  41  0
45  42  1.99072e+07
45  43  1.16598e+07
45  44  1.4995e+07
45  45  2.33749e+07
45  46  8.04658e+06
45  47  3.20128e+06
45  48  3.0795e+06
45  49  8.87313e+06
45  50  1.14596e+07
46  0  1.1024e+07
46  1  0
46  2  1.15363e+07
46  3  1.70985e+07
46  4  9.21274e+06
46  5  1.75805e+07
46  6  3.03946e+07
46  7  2.12847e+07
46  8  2.76218e+07
46  9  5.12805e+06
46  10  4.90776e+06
46  11  7.76719e+06
46  12  1.43938e+07
46  13  2.10406e+07
46  14  1.19084e+07
46  15  1.46211e+07
46  16  7.63876e+06
46  17  5.07153e+06
46  18  3.9449e+06
46  19  1.53269e+07
46  20  9.36979e+06
46  21  1.81238e+07
46  22  1.8686e+07
46  23  1.84166e+07
46  24  1.37065e+07
46  25  2.069e+07
46  26  1.28711e+07
46  27  2.02068e+07
46  28  1.62736e+07
46  29  1.5449e+07
46  30  4.459e+06
46  31  2.44269e+07
46  32  1.10986e+07
46  33  2.3171e+07
46  34  7.30954e+06
46  35  1.82835e+07
46  36  6.81862e+06
46  37  1.52396e+07
46  38  1.18978e+07
46  39  1.10782e+07
46  40  1.30346e+07
46  41  6.23677e+06
46  42  1.66849e+07
46  43  2.29813e+07
46  44  4.58602e+06
46  45  1.64156e+07
46  46  2.51645e+07
46  47  1.54561e+07
46  48  1.60945e+07
46  49  6.52484e+06
46  50  2.34294e+07
47  0  1.40828e+07
47  1  1.33204e+07
47  2  0
47  3  1.46873e+07
47  4  1.25115e+07
47  5  4.26916e+06
47  6  1.43894e+07
47  7  1.77823e+07
47  8  1.18145e+07
47  9  1.5436e+07
47  10  7.77106e+06
47  11  0
47  12  1.49651e+07
47  13  1.63799e+06
47  14  8.53867e+06
47  15  1.30485e+07
47  16  1.12274e+07
47  17  2.29781e+07
47  18  5.94436e+06
47  19  1.45477e+07
47  20  2.15e+07
47  21  2.39932e+07
47  22  2.20563e+07
47  23  1.93381e+07
47  24  8.96495e+06
47  25  1.61952e+07
47  26  7.08844e+06
47  27  1.38088e+07
47  28  1.71305e+07
47  29  1.63192e+07
47  30  1.50962e+07
47  31  1.63037e+07
47  32  1.56805e+07
47  33  3.21108e+06
47  34  4.45012e+06
47  35  1.84596e+07
47  36  8.24361e+06
47  37  1.847e+06
47  38  1.45315e+07
47  39  6.14411e+06
47  40  1.52988e+07
47  41  1.45246e+07
47  42  6.62321e+06
47  43  7.99069e+06
47  44  8.91623e+06
47  45  2.12389e+07
47  46  1.4921e+07
47  47  0
47  48  8.33894e+06
47  49  0
47  50  0
48  0  1.24005e+07
48  1  8.41738e+06
48  2  1.36508e+07
48  3  1.30994e+07
48  4  1.55183e+07
48  5  1.44709e+07
48  6  2.00385e+07
48  7  2.26189e+07
48  8  2.11135e+07
48  9  1.74669e+07
48  10  1.27101e+07
48  11  1.20979e+07
48  12  440531
48  13  1.89863e+07
48  14  1.02806e+07
48  15  2.24268e+07
48  16  8.88549e+06
48  17  7.51015e+06
48  18  1.78139e+07
48  19  1.66478e+07
48  20  1.29876e+07
48  21  1.65747e+07
48  22  1.73819e+07
48  23  1.72707e+07
48  24  2.19751e+07
48  25  1.90462e+07
48  26  2.1913e+07
48  27  6.78795e+06
48  28  1.83543e+07
48  29  2.03003e+07
48  30  1.56306e+07
48  31  1.79605e+07
48  32  1.28419e+07
48  33  2.04604e+07
48  34  1.07146e+07
48  35  1.42773e+07
48  36  2.28754e+07
48  37  1.20146e+07
48  38  1.06201e+06
48  39  1.35054e+07
48  40  2.73535e+06
48  41  7.76751e+06
48  42  6.80902e+06
48  43  1.91353e+07
48  44  1.54967e+07
48  45  3.30117e+07
48  46  729027
48  47  845853
48  48  1.74831e+07
48  49  1.54051e+07
48  50  1.41616e+07
49  0  4.68602e+06
49  1  1.88043e+07
49  2  2.38846e+07
49  3  1.658e+07
49  4  1.23764e+07
49  5  9.22869e+06
49  6  7.31078e+06
49  7  1.42507e+07
49  8  2.3797e+07
49  9  1.34794e+07
49  10  1.07854e+07
49  11  7.62655e+06
49  12  9.83849e+06
49  13  1.85024e+07
49  14  6.42209e+06
49  15  2.53157e+07
49  16  2.10501e+07
49  17  8.63511e+06
49  18  1.83393e+07
49  19  2.79454e+07
49  20  1.75893e+07
49  21  7.71264e+06
49  22  1.01293e+07
49  23  1.46282e+07
49  24  1.74283e+07
49  25  1.58879e+07
49  26  1.51222e+07
49  27  5.88518e+06
49  28  6.06874e+06
49  29  1.81962e+07
49  30  1.96413e+07
49  31  1.15742e+07
49  32  2.45053e+07
49  33  2.17455e+07
49  34  7.96251e+06
49  35  5.79101e+06
49  36  1.34855e+07
49  37  7.54723e+06
49  38  1.11217e+07
49  39  2.40583e+07
49  40  1.00329e+07
49  41  1.79306e+07
49  42  1.90262e+07
49  43  1.13702e+07
49  44  2.225e+07
49  45  1.1484e+07
49  46  9.00251e+06
49  47  9.75307e+06
49  48  1.46984e+07
49  49  5.00141e+06
49  50  3.15078e+06
50  0  0
50  1  1.27765e+07
50  2  1.53264e+07
50  3  1.32503e+07
50  4  1.32421e+06
50  5  1.60826e+07
50  6  1.19659e+07
50  7  3.10904e+07
50  8  3.08299e+07
50  9  6.37749e+06
50  10  1.76359e+07
50  11  1.4092e+07
50  12  0
50  13  4.06154e+06
50  14  1.80905e+07
50  15  1.22991e+07
50  16  2.0758e+07
50  17  1.6128e+07
50  18  1.56305e+07
50  19  2.69527e+07
50  20  1.43755e+07
50  21  7.2988e+06
50  22  1.56181e+07
50  23  1.49523e+07
50  24  1.1085e+07
50  25  1.23917e+07
50  26  744435
50  27  1.13841e+06
50  28  2.46246e+07
50  29  1.59395e+07
50  30  6.85823e+06
50  31  1.65011e+07
50  32  1.88024e+06
50  33  9.14097e+06
50  34  1.84806e+07
50  35  4.21903e+06
50  36  3.86177e+06
50  37  9.75847e+06
50  38  3.94094e+06
50  39  3.01096e+06
50  40  1.54617e+07
50  41  2.42524e+06
50  42  6.8718e+06
50  43  1.04763e+07
50  44  0
50  45  2.34964e+07
50  46  4.59355e+06
50  47  1.2779e+07
50  48  0
50  49  1.38503e+07
50  50  0

