row  column  (images_30.edf P-K*images_30.edf Ar-K**2.3)
0  0  0
0  1  0
0  2  0
0  3  0
0  4  0
0  5  0
0  6  0
0  7  0
0  8  0
0  9  0
0  10  0
0  11  0
0  12  0
0  13  0
0  14  0
0  15  0
0  16  0
0  17  0
0  18  0
0  19  0
0  20  0
0  21  0
0  22  0
0  23  0
0  24  0
0  25  0
0  26  0
0  27  0
0  28  0
0  29  0
0  30  0
0  31  0
0  32  0
0  33  0
0  34  0
0  35  0
0  36  0
0  37  0
0  38  0
0  39  0
0  40  0
0  41  0
0  42  0
0  43  0
0  44  0
0  45  0
0  46  0
0  47  0
0  48  0
0  49  0
0  50  0
1  0  0
1  1  0
1  2  0
1  3  0
1  4  0
1  5  0
1  6  0
1  7  0
1  8  0
1  9  0
1  10  0
1  11  0
1  12  0
1  13  0
1  14  0
1  15  0
1  16  0
1  17  0
1  18  0
1  19  0
1  20  0
1  21  0
1  22  0
1  23  0
1  24  0
1  25  0
1  26  1.13308e+07
1  27  0
1  28  0
1  29  0
1  30  0
1  31  0
1  32  0
1  33  0
1  34  0
1  35  0
1  36  0
1  37  0
1  38  0
1  39  0
1  40  0
1  41  0
1  42  0
1  43  0
1  44  0
1  45  0
1  46  0
1  47  0
1  48  0
1  49  0
1  50  0
2  0  0
2  1  0
2  2  0
2  3  0
2  4  0
2  5  0
2  6  0
2  7  0
2  8  0
2  9  0
2  10  0
2  11  0
2  12  0
2  13  0
2  14  0
2  15  0
2  16  0
2  17  0
2  18  0
2  19  0
2  20  0
2  21  0
2  22  0
2  23  0
2  24  0
2  25  0
2  26  0
2  27  0
2  28  0
2  29  0
2  30  0
2  31  0
2  32  0
2  33  0
2  34  0
2  35  0
2  36  0
2  37  0
2  38  0
2  39  0
2  40  0
2  41  0
2  42  0
2  43  0
2  44  0
2  45  0
2  46  0
2  47  0
2  48  0
2  49  0
2  50  9.35015e+06
3  0  0
3  1  0
3  2  0
3  3  0
3  4  0
3  5  0
3  6  0
3  7  0
3  8  0
3  9  0
3  10  0
3  11  0
3  12  0
3  13  0
3  14  0
3  15  0
3  16  0
3  17  0
3  18  0
3  19  0
3  20  0
3  21  0
3  22  0
3  23  0
3  24  0
3  25  0
3  26  0
3  27  0
3  28  0
3  29  0
3  30  0
3  31  0
3  32  0
3  33  0
3  34  0
3  35  0
3  36  0
3  37  0
3  38  0
3  39  0
3  40  0
3  41  0
3  42  0
3  43  0
3  44  0
3  45  0
3  46  0
3  47  0
3  48  0
3  49  0
3  50  9.87884e+06
4  0  0
4  1  0
4  2  0
4  3  0
4  4  0
4  5  0
4  6  0
4  7  0
4  8  0
4  9  0
4  10  0
4  11  0
4  12  0
4  13  0
4  14  0
4  15  0
4  16  0
4  17  0
4  18  0
4  19  0
4  20  0
4  21  0
4  22  0
4  23  0
4  24  0
4  25  0
4  26  0
4  27  0
4  28  0
4  29  0
4  30  0
4  31  0
4  32  0
4  33  0
4  34  0
4  35  0
4  36  0
4  37  0
4  38  0
4  39  0
4  40  0
4  41  0
4  42  0
4  43  0
4  44  8.20749e+06
4  45  1.39934e+07
4  46  0
4  47  0
4  48  0
4  49  0
4  50  0
5  0  0
5  1  0
5  2  0
5  3  0
5  4  0
5  5  0
5  6  0
5  7  0
5  8  0
5  9  0
5  10  0
5  11  0
5  12  0
5  13  0
5  14  0
5  15  0
5  16  0
5  17  0
5  18  0
5  19  0
5  20  0
5  21  0
5  22  0
5  23  0
5  24  0
5  25  458086
5  26  0
5  27  0
5  28  0
5  29  0
5  30  0
5  31  0
5  32  0
5  33  0
5  34  0
5  35  0
5  36  0
5  37  0
5  38  0
5  39  0
5  40  0
5  41  0
5  42  1.12475e+07
5  43  0
5  44  1.31689e+07
5  45  0
5  46  0
5  47  0
5  48  0
5  49  0
5  50  0
6  0  0
6  1  0
6  2  0
6  3  0
6  4  0
6  5  0
6  6  0
6  7  0
6  8  0
6  9  0
6  10  0
6  11  0
6  12  0
6  13  0
6  14  0
6  15  0
6  16  0
6  17  0
6  18  0
6  19  0
6  20  0
6  21  0
6  22  0
6  23  0
6  24  0
6  25  1.22849e+07
6  26  0
6  27  0
6  28  0
6  29  0
6  30  0
6  31  0
6  32  9.74379e+06
6  33  0
6  34  0
6  35  0
6  36  1.1308e+07
6  37  0
6  38  0
6  39  0
6  40  0
6  41  0
6  42  0
6  43  0
6  44  0
6  45  0
6  46  0
6  47  0
6  48  0
6  49  0
6  50  0
7  0  0
7  1  0
7  2  0
7  3  0
7  4  0
7  5  0
7  6  0
7  7  0
7  8  0
7  9  0
7  10  0
7  11  0
7  12  0
7  13  0
7  14  0
7  15  0
7  16  0
7  17  0
7  18  0
7  19  0
7  20  0
7  21  0
7  22  0
7  23  0
7  24  0
7  25  0
7  26  0
7  27  0
7  28  9.63697e+06
7  29  0
7  30  0
7  31  1.01019e+07
7  32  0
7  33  0
7  34  0
7  35  0
7  36  0
7  37  0
7  38  0
7  39  0
7  40  0
7  41  0
7  42  1.00845e+07
7  43  1.04328e+07
7  44  0
7  45  0
7  46  0
7  47  0
7  48  0
7  49  0
7  50  0
8  0  0
8  1  0
8  2  0
8  3  0
8  4  0
8  5  0
8  6  0
8  7  0
8  8  0
8  9  0
8  10  0
8  11  0
8  12  0
8  13  0
8  14  0
8  15  0
8  16  0
8  17  0
8  18  0
8  19  0
8  20  0
8  21  0
8  22  0
8  23  0
8  24  0
8  25  725415
8  26  1.10403e+07
8  27  1.16336e+07
8  28  0
8  29  0
8  30  0
8  31  0
8  32  1.25503e+07
8  33  0
8  34  0
8  35  0
8  36  1.30792e+07
8  37  0
8  38  0
8  39  0
8  40  0
8  41  0
8  42  1.64803e+07
8  43  0
8  44  9.85554e+06
8  45  0
8  46  0
8  47  0
8  48  0
8  49  1.84755e+07
8  50  0
9  0  0
9  1  0
9  2  0
9  3  0
9  4  0
9  5  0
9  6  0
9  7  0
9  8  0
9  9  0
9  10  0
9  11  0
9  12  0
9  13  0
9  14  0
9  15  0
9  16  0
9  17  0
9  18  0
9  19  0
9  20  0
9  21  0
9  22  0
9  23  0
9  24  0
9  25  0
9  26  0
9  27  0
9  28  0
9  29  0
9  30  0
9  31  1.24399e+07
9  32  0
9  33  0
9  34  0
9  35  1.4273e+07
9  36  0
9  37  0
9  38  0
9  39  0
9  40  0
9  41  0
9  42  1.17272e+07
9  43  0
9  44  0
9  45  0
9  46  0
9  47  0
9  48  0
9  49  1.32206e+07
9  50  1.88814e+07
10  0  0
10  1  0
10  2  0
10  3  0
10  4  0
10  5  0
10  6  0
10  7  0
10  8  0
10  9  0
10  10  0
10  11  0
10  12  0
10  13  0
10  14  0
10  15  0
10  16  0
10  17  0
10  18  0
10  19  0
10  20  0
10  21  0
10  22  0
10  23  0
10  24  0
10  25  0
10  26  0
10  27  0
10  28  0
10  29  0
10  30  1.18192e+07
10  31  0
10  32  0
10  33  0
10  34  0
10  35  0
10  36  1.62946e+07
10  37  1.04431e+07
10  38  1.17075e+07
10  39  0
10  40  1.02827e+07
10  41  0
10  42  0
10  43  0
10  44  0
10  45  0
10  46  0
10  47  0
10  48  0
10  49  1.37643e+07
10  50  1.75112e+07
11  0  0
11  1  0
11  2  0
11  3  0
11  4  0
11  5  0
11  6  0
11  7  0
11  8  0
11  9  0
11  10  0
11  11  0
11  12  0
11  13  0
11  14  0
11  15  0
11  16  0
11  17  0
11  18  0
11  19  0
11  20  0
11  21  0
11  22  0
11  23  0
11  24  0
11  25  0
11  26  0
11  27  0
11  28  0
11  29  0
11  30  0
11  31  0
11  32  1.02408e+07
11  33  0
11  34  0
11  35  0
11  36  1.36699e+07
11  37  1.64328e+07
11  38  0
11  39  9.41957e+06
11  40  8.05372e+06
11  41  0
11  42  0
11  43  0
11  44  0
11  45  0
11  46  0
11  47  0
11  48  1.09978e+07
11  49  1.30638e+07
11  50  0
12  0  0
12  1  0
12  2  0
12  3  0
12  4  0
12  5  0
12  6  0
12  7  0
12  8  0
12  9  0
12  10  0
12  11  0
12  12  0
12  13  0
12  14  0
12  15  0
12  16  9.42117e+06
12  17  0
12  18  0
12  19  0
12  20  0
12  21  0
12  22  0
12  23  0
12  24  0
12  25  0
12  26  0
12  27  0
12  28  1.07295e+07
12  29  0
12  30  0
12  31  1.02201e+07
12  32  0
12  33  9.20783e+06
12  34  0
12  35  9.5219e+06
12  36  9.61542e+06
12  37  0
12  38  0
12  39  0
12  40  0
12  41  0
12  42  0
12  43  0
12  44  0
12  45  0
12  46  0
12  47  0
12  48  0
12  49  0
12  50  0
13  0  0
13  1  0
13  2  0
13  3  0
13  4  0
13  5  0
13  6  0
13  7  0
13  8  0
13  9  0
13  10  0
13  11  0
13  12  0
13  13  0
13  14  0
13  15  0
13  16  0
13  17  0
13  18  0
13  19  0
13  20  0
13  21  0
13  22  0
13  23  0
13  24  0
13  25  0
13  26  0
13  27  0
13  28  0
13  29  0
13  30  0
13  31  0
13  32  0
13  33  0
13  34  8.42532e+06
13  35  0
13  36  9.08576e+06
13  37  0
13  38  0
13  39  0
13  40  0
13  41  0
13  42  0
13  43  0
13  44  0
13  45  0
13  46  0
13  47  0
13  48  0
13  49  1.74002e+07
13  50  1.73072e+07
14  0  0
14  1  0
14  2  0
14  3  0
14  4  0
14  5  0
14  6  0
14  7  0
14  8  0
14  9  0
14  10  0
14  11  0
14  12  0
14  13  0
14  14  0
14  15  0
14  16  0
14  17  0
14  18  0
14  19  0
14  20  0
14  21  0
14  22  0
14  23  0
14  24  0
14  25  0
14  26  0
14  27  0
14  28  0
14  29  0
14  30  1.24631e+07
14  31  0
14  32  0
14  33  0
14  34  6.92581e+06
14  35  0
14  36  1.92204e+07
14  37  0
14  38  0
14  39  0
14  40  1.53537e+07
14  41  0
14  42  0
14  43  0
14  44  0
14  45  0
14  46  0
14  47  0
14  48  0
14  49  0
14  50  3.87226e+06
15  0  0
15  1  0
15  2  0
15  3  0
15  4  0
15  5  0
15  6  0
15  7  0
15  8  0
15  9  0
15  10  0
15  11  0
15  12  0
15  13  0
15  14  0
15  15  0
15  16  0
15  17  0
15  18  0
15  19  0
15  20  0
15  21  0
15  22  0
15  23  0
15  24  0
15  25  0
15  26  8.66646e+06
15  27  0
15  28  1.26763e+07
15  29  1.2072e+07
15  30  0
15  31  1.57264e+07
15  32  0
15  33  2.25489e+07
15  34  0
15  35  1.57696e+07
15  36  0
15  37  0
15  38  0
15  39  0
15  40  0
15  41  0
15  42  0
15  43  0
15  44  0
15  45  0
15  46  0
15  47  0
15  48  0
15  49  0
15  50  0
16  0  0
16  1  0
16  2  0
16  3  0
16  4  0
16  5  0
16  6  0
16  7  0
16  8  0
16  9  0
16  10  0
16  11  0
16  12  0
16  13  0
16  14  8.59636e+06
16  15  0
16  16  0
16  17  0
16  18  0
16  19  0
16  20  0
16  21  0
16  22  0
16  23  0
16  24  0
16  25  0
16  26  0
16  27  0
16  28  1.04159e+07
16  29  0
16  30  0
16  31  1.14654e+07
16  32  0
16  33  1.4239e+07
16  34  0
16  35  0
16  36  0
16  37  0
16  38  0
16  39  0
16  40  0
16  41  0
16  42  0
16  43  0
16  44  0
16  45  0
16  46  0
16  47  0
16  48  0
16  49  1.1607e+07
16  50  1.17607e+07
17  0  0
17  1  0
17  2  0
17  3  0
17  4  0
17  5  0
17  6  0
17  7  0
17  8  0
17  9  0
17  10  0
17  11  0
17  12  0
17  13  0
17  14  1.63888e+07
17  15  0
17  16  0
17  17  0
17  18  0
17  19  0
17  20  0
17  21  7.67938e+06
17  22  0
17  23  0
17  24  1.35587e+07
17  25  0
17  26  0
17  27  1.18576e+07
17  28  1.00422e+07
17  29  1.79657e+07
17  30  9.95797e+06
17  31  1.27589e+07
17  32  1.05559e+07
17  33  0
17  34  0
17  35  0
17  36  0
17  37  0
17  38  1.16539e+07
17  39  1.47291e+07
17  40  1.65522e+07
17  41  1.36165e+07
17  42  0
17  43  0
17  44  0
17  45  0
17  46  0
17  47  0
17  48  0
17  49  1.06296e+07
17  50  0
18  0  0
18  1  0
18  2  0
18  3  0
18  4  0
18  5  0
18  6  0
18  7  0
18  8  0
18  9  0
18  10  0
18  11  0
18  12  0
18  13  0
18  14  0
18  15  1.37319e+07
18  16  9.67309e+06
18  17  0
18  18  0
18  19  0
18  20  9.48427e+06
18  21  0
18  22  0
18  23  0
18  24  0
18  25  0
18  26  1.45993e+07
18  27  8.90672e+06
18  28  1.22367e+07
18  29  1.72892e+07
18  30  0
18  31  1.20574e+07
18  32  0
18  33  0
18  34  0
18  35  1.21099e+07
18  36  0
18  37  0
18  38  2.59958e+07
18  39  0
18  40  2.05246e+07
18  41  0
18  42  0
18  43  0
18  44  0
18  45  0
18  46  0
18  47  0
18  48  0
18  49  0
18  50  0
19  0  0
19  1  0
19  2  0
19  3  0
19  4  0
19  5  0
19  6  0
19  7  0
19  8  0
19  9  0
19  10  0
19  11  0
19  12  0
19  13  0
19  14  1.01243e+07
19  15  0
19  16  1.45177e+07
19  17  7.40986e+06
19  18  0
19  19  8.30584e+06
19  20  0
19  21  0
19  22  0
19  23  0
19  24  0
19  25  0
19  26  1.51224e+07
19  27  1.42913e+07
19  28  2.50712e+07
19  29  1.76604e+07
19  30  1.19871e+07
19  31  2.43505e+07
19  32  0
19  33  0
19  34  0
19  35  0
19  36  0
19  37  0
19  38  1.14744e+07
19  39  0
19  40  1.8394e+07
19  41  2.27486e+06
19  42  0
19  43  0
19  44  0
19  45  0
19  46  0
19  47  0
19  48  0
19  49  0
19  50  0
20  0  0
20  1  0
20  2  0
20  3  7.29662e+06
20  4  0
20  5  0
20  6  0
20  7  0
20  8  0
20  9  0
20  10  0
20  11  3.72313e+06
20  12  0
20  13  0
20  14  1.66939e+07
20  15  1.90728e+07
20  16  0
20  17  0
20  18  0
20  19  0
20  20  0
20  21  0
20  22  0
20  23  0
20  24  0
20  25  1.13975e+07
20  26  0
20  27  1.78076e+07
20  28  1.61648e+07
20  29  1.92835e+07
20  30  6.93342e+06
20  31  1.3138e+07
20  32  1.4121e+07
20  33  1.07955e+07
20  34  0
20  35  0
20  36  0
20  37  0
20  38  1.30553e+07
20  39  1.51427e+07
20  40  1.29882e+07
20  41  1.15015e+07
20  42  0
20  43  8.449e+06
20  44  0
20  45  0
20  46  0
20  47  0
20  48  0
20  49  0
20  50  0
21  0  0
21  1  0
21  2  0
21  3  2.70377e+07
21  4  0
21  5  0
21  6  0
21  7  0
21  8  0
21  9  0
21  10  0
21  11  0
21  12  0
21  13  0
21  14  1.42727e+07
21  15  1.22387e+07
21  16  1.75355e+07
21  17  0
21  18  0
21  19  0
21  20  0
21  21  0
21  22  0
21  23  1.37634e+07
21  24  8.64981e+06
21  25  7.53431e+06
21  26  1.81217e+07
21  27  0
21  28  1.31648e+07
21  29  3.09609e+07
21  30  1.21219e+07
21  31  1.39716e+07
21  32  0
21  33  0
21  34  0
21  35  0
21  36  1.18423e+07
21  37  0
21  38  0
21  39  1.23045e+07
21  40  8.68692e+06
21  41  1.06327e+07
21  42  0
21  43  1.1539e+07
21  44  0
21  45  0
21  46  0
21  47  0
21  48  0
21  49  0
21  50  0
22  0  0
22  1  0
22  2  1.36221e+07
22  3  0
22  4  0
22  5  0
22  6  0
22  7  0
22  8  0
22  9  0
22  10  0
22  11  0
22  12  1.04203e+07
22  13  0
22  14  1.28903e+07
22  15  1.05173e+07
22  16  0
22  17  1.14578e+07
22  18  1.39936e+07
22  19  0
22  20  1.88486e+07
22  21  0
22  22  0
22  23  0
22  24  0
22  25  0
22  26  0
22  27  1.49001e+07
22  28  1.3926e+07
22  29  1.97713e+07
22  30  0
22  31  1.88704e+07
22  32  1.47605e+07
22  33  0
22  34  0
22  35  0
22  36  0
22  37  0
22  38  0
22  39  0
22  40  0
22  41  1.85117e+07
22  42  0
22  43  0
22  44  0
22  45  0
22  46  0
22  47  0
22  48  0
22  49  0
22  50  0
23  0  0
23  1  0
23  2  0
23  3  0
23  4  0
23  5  0
23  6  0
23  7  0
23  8  0
23  9  0
23  10  0
23  11  0
23  12  0
23  13  0
23  14  1.23194e+07
23  15  1.11403e+07
23  16  1.67115e+07
23  17  2.631e+07
23  18  2.68557e+07
23  19  1.3007e+07
23  20  9.29363e+06
23  21  0
23  22  1.65258e+07
23  23  1.69227e+07
23  24  1.2223e+07
23  25  0
23  26  1.62896e+07
23  27  5.28032e+06
23  28  1.75031e+07
23  29  2.16655e+07
23  30  9.87585e+06
23  31  1.65528e+07
23  32  0
23  33  8.60375e+06
23  34  0
23  35  0
23  36  9.27194e+06
23  37  0
23  38  0
23  39  0
23  40  1.19715e+07
23  41  1.37073e+07
23  42  1.59818e+07
23  43  0
23  44  0
23  45  0
23  46  0
23  47  0
23  48  0
23  49  1.11966e+07
23  50  0
24  0  0
24  1  0
24  2  5.92701e+06
24  3  7.86346e+06
24  4  0
24  5  0
24  6  0
24  7  0
24  8  0
24  9  0
24  10  0
24  11  1.5662e+07
24  12  8.54096e+06
24  13  1.01744e+07
24  14  0
24  15  1.68016e+07
24  16  1.54216e+07
24  17  0
24  18  1.96967e+07
24  19  1.35752e+07
24  20  0
24  21  0
24  22  1.33725e+07
24  23  1.48572e+07
24  24  1.07418e+07
24  25  0
24  26  1.78773e+07
24  27  1.28117e+07
24  28  0
24  29  1.87592e+07
24  30  2.34835e+07
24  31  1.47028e+07
24  32  0
24  33  6.51125e+06
24  34  0
24  35  0
24  36  8.70377e+06
24  37  1.5335e+07
24  38  1.1502e+07
24  39  0
24  40  0
24  41  0
24  42  2.42532e+07
24  43  0
24  44  1.02579e+07
24  45  0
24  46  0
24  47  0
24  48  6.43257e+06
24  49  0
24  50  1.78797e+07
25  0  0
25  1  0
25  2  0
25  3  9.88377e+06
25  4  0
25  5  0
25  6  0
25  7  8.41875e+06
25  8  0
25  9  1.02147e+07
25  10  0
25  11  8.37727e+06
25  12  0
25  13  4.87479e+06
25  14  1.22105e+07
25  15  1.8556e+07
25  16  2.77357e+07
25  17  2.84167e+07
25  18  1.57394e+07
25  19  0
25  20  0
25  21  0
25  22  1.95769e+07
25  23  2.26912e+07
25  24  1.30733e+07
25  25  0
25  26  0
25  27  0
25  28  1.95471e+07
25  29  1.51472e+07
25  30  1.74085e+07
25  31  1.36915e+07
25  32  1.22494e+07
25  33  1.63504e+07
25  34  0
25  35  0
25  36  0
25  37  1.86643e+07
25  38  0
25  39  0
25  40  1.12436e+07
25  41  1.4598e+07
25  42  1.40213e+07
25  43  0
25  44  0
25  45  0
25  46  0
25  47  0
25  48  0
25  49  0
25  50  1.87016e+07
26  0  0
26  1  0
26  2  0
26  3  0
26  4  1.21327e+07
26  5  1.07718e+07
26  6  0
26  7  0
26  8  0
26  9  1.4545e+07
26  10  9.97052e+06
26  11  1.10181e+07
26  12  0
26  13  8.83613e+06
26  14  0
26  15  1.70062e+07
26  16  1.88166e+07
26  17  1.90104e+07
26  18  2.24473e+07
26  19  0
26  20  0
26  21  1.03713e+07
26  22  1.18613e+07
26  23  2.52255e+07
26  24  1.64071e+07
26  25  1.41527e+07
26  26  2.41828e+07
26  27  0
26  28  1.28165e+07
26  29  1.53201e+07
26  30  1.42875e+07
26  31  2.19405e+07
26  32  0
26  33  1.14487e+07
26  34  8.32363e+06
26  35  214550
26  36  0
26  37  1.43036e+07
26  38  1.30836e+07
26  39  2.01989e+07
26  40  1.19137e+07
26  41  1.92609e+07
26  42  1.54249e+07
26  43  1.7227e+07
26  44  0
26  45  0
26  46  0
26  47  0
26  48  0
26  49  0
26  50  0
27  0  0
27  1  0
27  2  0
27  3  0
27  4  0
27  5  7.27434e+06
27  6  0
27  7  0
27  8  1.33561e+07
27  9  1.16351e+07
27  10  0
27  11  1.22788e+07
27  12  1.96079e+07
27  13  6.54568e+06
27  14  7.58767e+06
27  15  9.72966e+06
27  16  1.04334e+07
27  17  1.53041e+07
27  18  1.49521e+07
27  19  0
27  20  1.2217e+07
27  21  1.74373e+07
27  22  1.81988e+07
27  23  1.49882e+07
27  24  1.61301e+07
27  25  1.27664e+07
27  26  1.15358e+07
27  27  1.03593e+07
27  28  1.23996e+07
27  29  1.81307e+07
27  30  1.39084e+07
27  31  6.16161e+06
27  32  0
27  33  1.51585e+07
27  34  9.95237e+06
27  35  0
27  36  1.8867e+07
27  37  1.34512e+07
27  38  1.16933e+07
27  39  1.3412e+07
27  40  2.23597e+07
27  41  1.70287e+07
27  42  2.36492e+07
27  43  0
27  44  0
27  45  0
27  46  0
27  47  0
27  48  1.25398e+07
27  49  1.09163e+07
27  50  1.27027e+07
28  0  0
28  1  0
28  2  0
28  3  0
28  4  0
28  5  8.00335e+06
28  6  0
28  7  0
28  8  0
28  9  1.6084e+07
28  10  1.63335e+07
28  11  2.13854e+07
28  12  1.47422e+07
28  13  0
28  14  0
28  15  0
28  16  0
28  17  0
28  18  1.48439e+07
28  19  8.39946e+06
28  20  0
28  21  1.74679e+07
28  22  1.46458e+07
28  23  3.18839e+07
28  24  1.79851e+07
28  25  1.27653e+07
28  26  2.48687e+07
28  27  0
28  28  1.84512e+07
28  29  1.43599e+07
28  30  1.30231e+07
28  31  1.61582e+07
28  32  1.43863e+07
28  33  8.44279e+06
28  34  4.79593e+06
28  35  6.83423e+06
28  36  1.81841e+07
28  37  1.22516e+07
28  38  1.8103e+07
28  39  1.21006e+07
28  40  1.91279e+07
28  41  0
28  42  1.7205e+07
28  43  1.47247e+07
28  44  0
28  45  0
28  46  0
28  47  0
28  48  0
28  49  1.15704e+07
28  50  1.82114e+07
29  0  0
29  1  0
29  2  0
29  3  0
29  4  7.41688e+06
29  5  1.58814e+07
29  6  0
29  7  1.7025e+07
29  8  1.15634e+07
29  9  9.59332e+06
29  10  2.30814e+07
29  11  1.55855e+07
29  12  1.45975e+07
29  13  0
29  14  0
29  15  1.65373e+07
29  16  1.07674e+07
29  17  2.14304e+07
29  18  2.80186e+07
29  19  1.60616e+07
29  20  1.66239e+07
29  21  1.70086e+07
29  22  2.01206e+07
29  23  2.50616e+07
29  24  1.55548e+07
29  25  1.89687e+07
29  26  2.5802e+07
29  27  0
29  28  0
29  29  1.81895e+07
29  30  1.33565e+07
29  31  1.03706e+07
29  32  1.92683e+07
29  33  1.2815e+07
29  34  1.07247e+07
29  35  1.06859e+07
29  36  3.06208e+07
29  37  2.08782e+07
29  38  1.37557e+07
29  39  1.13799e+07
29  40  1.69941e+07
29  41  1.67922e+07
29  42  2.39302e+07
29  43  1.35519e+07
29  44  0
29  45  0
29  46  0
29  47  0
29  48  0
29  49  1.73333e+07
29  50  1.95443e+07
30  0  0
30  1  0
30  2  1.22342e+07
30  3  1.17329e+07
30  4  1.6632e+07
30  5  1.53137e+07
30  6  1.30766e+07
30  7  1.30285e+07
30  8  1.91465e+07
30  9  1.45487e+07
30  10  1.0437e+07
30  11  2.17239e+07
30  12  2.82646e+07
30  13  0
30  14  0
30  15  0
30  16  1.14673e+07
30  17  0
30  18  1.21237e+07
30  19  7.61236e+06
30  20  2.34953e+07
30  21  1.1608e+07
30  22  1.2036e+07
30  23  2.40791e+07
30  24  3.33172e+07
30  25  1.79795e+07
30  26  2.02452e+07
30  27  2.27175e+07
30  28  1.19499e+07
30  29  0
30  30  0
30  31  2.02102e+07
30  32  1.08727e+07
30  33  8.85213e+06
30  34  1.36892e+07
30  35  0
30  36  2.06823e+07
30  37  1.50452e+07
30  38  1.90555e+07
30  39  1.30173e+07
30  40  1.71517e+07
30  41  2.81119e+07
30  42  0
30  43  2.27925e+07
30  44  0
30  45  0
30  46  1.65223e+07
30  47  0
30  48  0
30  49  2.21945e+07
30  50  1.91103e+07
31  0  0
31  1  0
31  2  0
31  3  2.15552e+07
31  4  1.65523e+07
31  5  1.20873e+07
31  6  1.43617e+07
31  7  9.68155e+06
31  8  1.24378e+07
31  9  1.6649e+07
31  10  1.15015e+07
31  11  0
31  12  1.79692e+07
31  13  0
31  14  0
31  15  0
31  16  9.69746e+06
31  17  1.48008e+07
31  18  1.55488e+07
31  19  0
31  20  1.86512e+07
31  21  2.25195e+07
31  22  2.08975e+07
31  23  2.71963e+07
31  24  2.02317e+07
31  25  1.82444e+07
31  26  1.29676e+07
31  27  0
31  28  1.85949e+07
31  29  1.61171e+07
31  30  1.69372e+07
31  31  2.23152e+07
31  32  0
31  33  9.21802e+06
31  34  1.15776e+07
31  35  0
31  36  1.64918e+07
31  37  7.15222e+06
31  38  1.4327e+07
31  39  1.2099e+07
31  40  1.18047e+07
31  41  3.00646e+07
31  42  1.93143e+07
31  43  0
31  44  1.3945e+07
31  45  0
31  46  1.46706e+07
31  47  0
31  48  0
31  49  1.44748e+07
31  50  2.21658e+07
32  0  0
32  1  0
32  2  1.79785e+07
32  3  2.39693e+07
32  4  1.22446e+07
32  5  1.60809e+07
32  6  1.83688e+07
32  7  1.84239e+07
32  8  1.48793e+07
32  9  4.57756e+06
32  10  1.89127e+07
32  11  2.17881e+07
32  12  0
32  13  7.41832e+06
32  14  0
32  15  1.74719e+07
32  16  2.00968e+07
32  17  2.4249e+07
32  18  2.32784e+07
32  19  0
32  20  1.80443e+07
32  21  2.89758e+07
32  22  2.39002e+07
32  23  1.89269e+07
32  24  1.51708e+07
32  25  1.723e+07
32  26  2.3565e+07
32  27  2.03254e+07
32  28  2.1323e+07
32  29  1.9977e+07
32  30  0
32  31  0
32  32  0
32  33  1.63477e+07
32  34  0
32  35  0
32  36  2.52169e+07
32  37  1.61358e+07
32  38  1.23366e+07
32  39  2.44339e+07
32  40  1.60778e+07
32  41  1.32292e+07
32  42  3.10291e+07
32  43  0
32  44  1.2245e+07
32  45  1.28267e+07
32  46  2.89044e+07
32  47  0
32  48  0
32  49  1.19066e+07
32  50  2.36279e+07
33  0  0
33  1  0
33  2  9.74257e+06
33  3  3.26263e+07
33  4  2.9397e+07
33  5  2.05785e+07
33  6  2.02429e+07
33  7  2.27838e+07
33  8  0
33  9  1.08578e+07
33  10  1.68343e+07
33  11  1.83668e+07
33  12  2.06558e+07
33  13  0
33  14  0
33  15  1.03988e+07
33  16  1.92355e+07
33  17  1.42607e+07
33  18  1.59929e+07
33  19  1.62045e+07
33  20  1.72081e+07
33  21  3.0065e+07
33  22  1.42918e+07
33  23  2.9462e+07
33  24  1.41384e+07
33  25  1.60508e+07
33  26  2.37887e+07
33  27  2.13834e+07
33  28  0
33  29  1.91711e+07
33  30  0
33  31  0
33  32  9.27448e+06
33  33  1.69041e+07
33  34  1.08549e+07
33  35  9.32456e+06
33  36  2.37653e+07
33  37  0
33  38  9.97911e+06
33  39  2.27662e+07
33  40  1.56727e+07
33  41  2.59573e+07
33  42  2.42882e+07
33  43  1.86827e+07
33  44  2.17471e+07
33  45  2.24809e+07
33  46  1.84077e+07
33  47  1.06572e+07
33  48  1.4964e+07
33  49  1.60637e+07
33  50  1.64125e+07
34  0  5.88025e+06
34  1  9.06198e+06
34  2  1.89339e+07
34  3  2.45709e+07
34  4  1.82028e+07
34  5  2.69117e+07
34  6  1.90296e+07
34  7  2.08026e+07
34  8  1.82354e+07
34  9  2.43804e+07
34  10  1.01648e+07
34  11  1.8174e+07
34  12  1.66707e+07
34  13  0
34  14  0
34  15  1.70593e+07
34  16  1.29214e+07
34  17  1.71374e+07
34  18  1.6614e+07
34  19  1.56932e+07
34  20  1.56296e+07
34  21  3.11022e+07
34  22  1.91634e+07
34  23  2.648e+07
34  24  2.33026e+07
34  25  2.56311e+07
34  26  2.88678e+07
34  27  2.58533e+07
34  28  1.35407e+07
34  29  1.14793e+07
34  30  0
34  31  0
34  32  1.8029e+07
34  33  1.88827e+07
34  34  1.32542e+07
34  35  1.39398e+07
34  36  1.92064e+07
34  37  6.53358e+06
34  38  1.33278e+07
34  39  2.16218e+07
34  40  2.25497e+07
34  41  2.141e+07
34  42  2.13244e+07
34  43  2.42961e+07
34  44  1.24408e+07
34  45  0
34  46  2.80733e+07
34  47  0
34  48  1.97723e+07
34  49  1.59747e+07
34  50  1.40982e+07
35  0  9.16507e+06
35  1  1.90159e+07
35  2  1.26399e+07
35  3  2.21198e+07
35  4  1.91931e+07
35  5  0
35  6  2.30963e+07
35  7  2.58826e+07
35  8  2.93576e+07
35  9  1.61002e+07
35  10  1.79699e+07
35  11  1.21381e+07
35  12  0
35  13  0
35  14  7.1845e+06
35  15  1.40094e+07
35  16  2.3931e+07
35  17  2.27763e+07
35  18  2.29736e+07
35  19  4.56224e+06
35  20  1.30165e+07
35  21  2.30378e+07
35  22  1.6932e+07
35  23  2.56644e+07
35  24  2.66153e+07
35  25  2.00994e+07
35  26  0
35  27  1.79907e+07
35  28  0
35  29  1.72081e+07
35  30  0
35  31  0
35  32  0
35  33  1.18922e+07
35  34  0
35  35  1.47642e+07
35  36  1.99868e+07
35  37  1.69832e+07
35  38  2.23351e+07
35  39  1.09506e+07
35  40  1.55179e+07
35  41  3.04295e+07
35  42  3.31152e+07
35  43  2.55454e+07
35  44  2.41323e+07
35  45  1.76826e+07
35  46  1.85195e+07
35  47  0
35  48  0
35  49  2.15544e+07
35  50  1.79954e+07
36  0  9.19292e+06
36  1  0
36  2  1.60164e+07
36  3  3.39133e+07
36  4  1.44737e+07
36  5  3.0352e+07
36  6  1.48321e+07
36  7  2.65722e+07
36  8  1.69254e+07
36  9  3.13115e+07
36  10  1.17852e+07
36  11  1.28792e+07
36  12  0
36  13  0
36  14  1.2904e+07
36  15  1.93225e+07
36  16  0
36  17  9.22509e+06
36  18  2.01608e+07
36  19  2.08897e+07
36  20  2.75637e+07
36  21  2.69407e+07
36  22  3.09376e+07
36  23  2.40844e+07
36  24  0
36  25  1.33557e+07
36  26  3.92492e+07
36  27  1.81229e+07
36  28  2.27168e+07
36  29  1.07283e+07
36  30  0
36  31  0
36  32  9.94281e+06
36  33  1.36738e+07
36  34  1.63116e+07
36  35  2.84576e+07
36  36  2.99887e+07
36  37  1.55011e+07
36  38  2.48842e+07
36  39  1.35611e+07
36  40  1.97192e+07
36  41  3.08086e+07
36  42  1.93921e+07
36  43  2.30261e+07
36  44  0
36  45  3.21915e+07
36  46  2.38099e+07
36  47  1.25202e+07
36  48  1.25872e+07
36  49  1.26503e+07
36  50  1.39653e+07
37  0  9.33209e+06
37  1  1.14824e+07
37  2  2.35727e+07
37  3  2.70717e+07
37  4  2.59394e+07
37  5  2.82408e+07
37  6  2.49539e+07
37  7  2.97262e+07
37  8  2.30205e+07
37  9  1.35888e+07
37  10  2.14658e+07
37  11  0
37  12  7.25727e+06
37  13  0
37  14  8.9592e+06
37  15  2.38318e+07
37  16  1.13652e+07
37  17  0
37  18  2.11835e+07
37  19  2.57216e+07
37  20  3.58057e+07
37  21  2.18916e+07
37  22  1.95747e+07
37  23  2.46998e+07
37  24  2.18228e+07
37  25  2.3166e+07
37  26  3.69556e+07
37  27  1.50811e+07
37  28  0
37  29  9.98233e+06
37  30  0
37  31  1.12926e+07
37  32  0
37  33  8.93784e+06
37  34  2.47991e+07
37  35  2.12757e+07
37  36  1.32251e+07
37  37  2.36099e+07
37  38  1.71346e+07
37  39  2.03151e+07
37  40  1.72203e+07
37  41  2.96151e+07
37  42  3.1527e+07
37  43  3.33374e+07
37  44  0
37  45  2.54483e+07
37  46  1.64699e+07
37  47  2.17141e+07
37  48  9.4821e+06
37  49  1.41322e+07
37  50  1.29823e+07
38  0  0
38  1  1.4794e+07
38  2  1.86765e+07
38  3  2.37751e+07
38  4  9.47637e+06
38  5  2.63757e+07
38  6  2.75402e+07
38  7  3.19335e+07
38  8  3.20411e+07
38  9  1.35143e+07
38  10  2.55229e+07
38  11  0
38  12  2.15672e+07
38  13  0
38  14  0
38  15  2.01558e+07
38  16  0
38  17  2.73176e+07
38  18  1.50896e+07
38  19  2.64027e+07
38  20  2.088e+07
38  21  2.73924e+07
38  22  1.72431e+07
38  23  2.35916e+07
38  24  2.16125e+07
38  25  2.06222e+07
38  26  2.43954e+07
38  27  2.62723e+07
38  28  2.38227e+07
38  29  1.84045e+07
38  30  9.70076e+06
38  31  1.65349e+07
38  32  8.8564e+06
38  33  1.09408e+07
38  34  1.49082e+07
38  35  3.05449e+07
38  36  1.99318e+07
38  37  1.8253e+07
38  38  2.02038e+07
38  39  2.05427e+07
38  40  3.66709e+07
38  41  3.49693e+07
38  42  2.27571e+07
38  43  1.21659e+07
38  44  2.54668e+07
38  45  3.39967e+07
38  46  1.81942e+07
38  47  1.04147e+07
38  48  1.98676e+07
38  49  1.84228e+07
38  50  1.77914e+07
39  0  1.93311e+07
39  1  1.0903e+07
39  2  2.16491e+07
39  3  2.97074e+07
39  4  1.4297e+07
39  5  2.54142e+07
39  6  3.0555e+07
39  7  2.38778e+07
39  8  2.42988e+07
39  9  2.59322e+07
39  10  1.75431e+07
39  11  1.38926e+07
39  12  0
39  13  0
39  14  1.01912e+07
39  15  0
39  16  1.86487e+07
39  17  4.23031e+06
39  18  1.99239e+07
39  19  2.18754e+07
39  20  2.49397e+07
39  21  0
39  22  1.75128e+07
39  23  3.94577e+07
39  24  0
39  25  2.11098e+07
39  26  2.63072e+07
39  27  3.46052e+07
39  28  1.83987e+07
39  29  0
39  30  0
39  31  1.4698e+07
39  32  0
39  33  1.30812e+07
39  34  1.15279e+07
39  35  2.30714e+07
39  36  2.38908e+07
39  37  3.19837e+07
39  38  1.93824e+07
39  39  2.98123e+07
39  40  2.45561e+07
39  41  3.00557e+07
39  42  2.80786e+07
39  43  2.40215e+07
39  44  1.43289e+07
39  45  3.04045e+07
39  46  1.10454e+07
39  47  8.58203e+06
39  48  1.69969e+07
39  49  1.79139e+07
39  50  9.17405e+06
40  0  2.19364e+07
40  1  1.19078e+07
40  2  1.25378e+07
40  3  1.40727e+07
40  4  2.0677e+07
40  5  3.31518e+07
40  6  4.73378e+07
40  7  2.87423e+07
40  8  3.14428e+07
40  9  1.96901e+07
40  10  1.8592e+07
40  11  2.12007e+07
40  12  1.50987e+07
40  13  1.77631e+06
40  14  0
40  15  2.03805e+07
40  16  1.67699e+07
40  17  2.10391e+07
40  18  8.77434e+06
40  19  2.48077e+07
40  20  3.85279e+07
40  21  2.12433e+07
40  22  3.08709e+07
40  23  2.52778e+07
40  24  2.22545e+07
40  25  2.01638e+07
40  26  2.92552e+07
40  27  2.01849e+07
40  28  0
40  29  1.5549e+07
40  30  0
40  31  0
40  32  1.16231e+07
40  33  7.22062e+06
40  34  0
40  35  2.02688e+07
40  36  2.11364e+07
40  37  1.94181e+07
40  38  1.06095e+07
40  39  1.50107e+07
40  40  1.98805e+07
40  41  2.82468e+07
40  42  3.97109e+07
40  43  2.85856e+07
40  44  2.1321e+07
40  45  3.05504e+07
40  46  3.61705e+07
40  47  0
40  48  8.92842e+06
40  49  1.3582e+07
40  50  1.4981e+07
41  0  1.71409e+07
41  1  1.55993e+07
41  2  1.64385e+07
41  3  1.07464e+07
41  4  1.41132e+07
41  5  2.08851e+07
41  6  2.61818e+07
41  7  3.99234e+07
41  8  3.04617e+07
41  9  3.02318e+07
41  10  1.83727e+07
41  11  2.5107e+07
41  12  1.19476e+07
41  13  1.32057e+07
41  14  2.01984e+07
41  15  2.25416e+07
41  16  1.65741e+07
41  17  1.49483e+07
41  18  2.31085e+07
41  19  3.21503e+07
41  20  3.52529e+07
41  21  2.21418e+07
41  22  2.93279e+07
41  23  3.47824e+07
41  24  1.87987e+07
41  25  2.23737e+07
41  26  2.95704e+07
41  27  2.81467e+07
41  28  0
41  29  0
41  30  3.31175e+06
41  31  0
41  32  1.349e+07
41  33  1.46663e+07
41  34  1.15299e+07
41  35  2.52123e+07
41  36  2.59571e+07
41  37  2.02298e+07
41  38  1.4731e+07
41  39  2.24691e+07
41  40  1.6089e+07
41  41  2.54847e+07
41  42  2.39949e+07
41  43  2.08596e+07
41  44  2.02925e+07
41  45  3.16608e+07
41  46  1.53072e+07
41  47  9.02655e+06
41  48  2.24425e+07
41  49  1.79244e+07
41  50  0
42  0  1.66298e+07
42  1  0
42  2  1.93936e+07
42  3  1.4615e+07
42  4  2.11187e+07
42  5  3.26913e+07
42  6  4.56719e+07
42  7  3.80551e+07
42  8  3.55767e+07
42  9  2.64543e+07
42  10  1.39994e+07
42  11  1.53983e+07
42  12  1.42439e+07
42  13  0
42  14  7.76709e+06
42  15  1.78551e+07
42  16  1.29763e+07
42  17  1.87906e+07
42  18  3.20764e+07
42  19  3.17965e+07
42  20  3.46516e+07
42  21  2.82207e+07
42  22  1.70671e+07
42  23  2.60041e+07
42  24  2.98566e+07
42  25  1.26638e+07
42  26  2.27696e+07
42  27  2.26426e+07
42  28  1.53117e+07
42  29  0
42  30  2.10415e+07
42  31  1.73446e+07
42  32  0
42  33  2.38533e+07
42  34  0
42  35  1.64681e+07
42  36  2.555e+07
42  37  1.36882e+07
42  38  1.22995e+07
42  39  3.14275e+07
42  40  1.51424e+07
42  41  2.76098e+07
42  42  1.34218e+07
42  43  1.02019e+07
42  44  1.80996e+07
42  45  4.05579e+07
42  46  1.70686e+07
42  47  1.0244e+07
42  48  988661
42  49  0
42  50  0
43  0  0
43  1  2.40496e+07
43  2  1.54538e+07
43  3  2.49084e+07
43  4  1.00921e+07
43  5  2.79476e+07
43  6  4.0833e+07
43  7  4.97166e+07
43  8  4.05418e+07
43  9  2.10349e+07
43  10  1.68429e+07
43  11  2.19139e+07
43  12  0
43  13  1.30169e+07
43  14  0
43  15  1.92573e+07
43  16  2.15688e+07
43  17  1.3939e+07
43  18  1.83669e+07
43  19  3.65565e+07
43  20  3.01292e+07
43  21  2.79347e+07
43  22  2.18569e+07
43  23  2.70236e+07
43  24  3.02063e+07
43  25  1.51594e+07
43  26  1.48292e+07
43  27  2.54023e+07
43  28  2.90541e+07
43  29  0
43  30  1.45434e+07
43  31  1.34578e+07
43  32  2.01308e+07
43  33  3.67636e+07
43  34  8.75365e+06
43  35  3.9938e+07
43  36  2.2067e+07
43  37  0
43  38  9.12798e+06
43  39  2.67439e+07
43  40  2.02864e+07
43  41  2.86535e+07
43  42  1.23011e+07
43  43  0
43  44  1.79481e+07
43  45  2.52066e+07
43  46  0
43  47  7.50915e+06
43  48  0
43  49  0
43  50  0
44  0  1.36992e+07
44  1  1.77289e+07
44  2  1.1242e+07
44  3  3.03482e+07
44  4  2.19475e+07
44  5  3.18532e+07
44  6  5.34866e+07
44  7  4.31905e+07
44  8  3.25523e+07
44  9  2.63332e+07
44  10  1.67448e+07
44  11  1.15029e+07
44  12  1.80552e+07
44  13  1.07244e+07
44  14  0
44  15  1.75927e+07
44  16  1.16751e+07
44  17  2.38584e+07
44  18  3.00877e+07
44  19  1.90808e+07
44  20  4.04089e+07
44  21  1.76961e+07
44  22  3.55927e+07
44  23  3.23301e+07
44  24  3.11134e+07
44  25  2.12042e+07
44  26  1.54475e+07
44  27  2.25066e+07
44  28  0
44  29  1.21361e+07
44  30  1.82487e+07
44  31  1.51499e+07
44  32  1.60061e+07
44  33  2.09139e+07
44  34  1.30022e+07
44  35  1.05049e+07
44  36  1.83658e+07
44  37  1.30988e+07
44  38  1.05435e+07
44  39  1.1e+07
44  40  1.47113e+07
44  41  1.79719e+07
44  42  0
44  43  0
44  44  0
44  45  3.15485e+07
44  46  0
44  47  0
44  48  9.72874e+06
44  49  0
44  50  0
45  0  0
45  1  1.04069e+07
45  2  1.53344e+07
45  3  2.29078e+07
45  4  0
45  5  3.00825e+07
45  6  4.19214e+07
45  7  4.66803e+07
45  8  4.18016e+07
45  9  2.96114e+07
45  10  0
45  11  1.88291e+07
45  12  0
45  13  1.13889e+07
45  14  1.02402e+07
45  15  9.59825e+06
45  16  2.69401e+07
45  17  1.1638e+07
45  18  2.13453e+07
45  19  3.12208e+07
45  20  2.87009e+07
45  21  3.4164e+07
45  22  3.13895e+07
45  23  3.73647e+07
45  24  2.42247e+07
45  25  2.97682e+07
45  26  0
45  27  2.90064e+07
45  28  0
45  29  0
45  30  1.87936e+07
45  31  0
45  32  2.42643e+07
45  33  2.19906e+07
45  34  0
45  35  1.15664e+07
45  36  1.01556e+07
45  37  1.39558e+07
45  38  2.12799e+07
45  39  1.06902e+07
45  40  1.99893e+07
45  41  8.00717e+06
45  42  1.1311e+07
45  43  1.03919e+07
45  44  1.63001e+07
45  45  1.59027e+07
45  46  1.29718e+07
45  47  0
45  48  0
45  49  0
45  50  0
46  0  9.86513e+06
46  1  0
46  2  1.7323e+07
46  3  2.64714e+07
46  4  1.79542e+07
46  5  1.84177e+07
46  6  3.62878e+07
46  7  3.68594e+07
46  8  4.09262e+07
46  9  1.82254e+07
46  10  2.48817e+07
46  11  0
46  12  2.69565e+07
46  13  0
46  14  1.68692e+07
46  15  1.34533e+07
46  16  3.2533e+07
46  17  2.45488e+07
46  18  2.20378e+07
46  19  3.69111e+07
46  20  3.04121e+07
46  21  2.65761e+07
46  22  2.59496e+07
46  23  2.70813e+07
46  24  3.1717e+07
46  25  2.57924e+07
46  26  1.46004e+07
46  27  1.40851e+07
46  28  1.2535e+07
46  29  1.61036e+07
46  30  1.5169e+07
46  31  1.06437e+07
46  32  2.00613e+07
46  33  1.59948e+07
46  34  1.10354e+07
46  35  1.51213e+07
46  36  0
46  37  0
46  38  1.97821e+07
46  39  2.42239e+07
46  40  1.24668e+07
46  41  1.99096e+07
46  42  1.4844e+07
46  43  1.31775e+07
46  44  1.89292e+07
46  45  1.55954e+07
46  46  1.30472e+07
46  47  0
46  48  0
46  49  0
46  50  0
47  0  1.72521e+07
47  1  1.23423e+07
47  2  940094
47  3  1.87662e+07
47  4  0
47  5  2.88596e+07
47  6  5.69183e+07
47  7  3.96128e+07
47  8  3.68045e+07
47  9  2.54672e+07
47  10  8.7016e+06
47  11  0
47  12  0
47  13  9.37685e+06
47  14  0
47  15  3.12866e+07
47  16  2.31671e+07
47  17  2.63575e+07
47  18  2.61263e+07
47  19  3.16491e+07
47  20  2.79166e+07
47  21  2.66461e+07
47  22  1.35194e+07
47  23  2.70702e+07
47  24  4.022e+07
47  25  1.94322e+07
47  26  0
47  27  1.6711e+07
47  28  1.54113e+07
47  29  1.9335e+07
47  30  2.02936e+07
47  31  2.1654e+07
47  32  0
47  33  1.76454e+07
47  34  0
47  35  0
47  36  1.36193e+07
47  37  8.98683e+06
47  38  0
47  39  0
47  40  1.15542e+07
47  41  1.82704e+07
47  42  1.48205e+07
47  43  7.34043e+06
47  44  1.27383e+07
47  45  2.01253e+07
47  46  1.14847e+07
47  47  292737
47  48  0
47  49  0
47  50  0
48  0  0
48  1  0
48  2  0
48  3  2.68943e+07
48  4  1.19533e+07
48  5  2.72136e+07
48  6  3.94995e+07
48  7  3.98459e+07
48  8  3.16191e+07
48  9  2.20854e+07
48  10  0
48  11  1.64365e+07
48  12  0
48  13  0
48  14  1.8011e+07
48  15  2.7028e+07
48  16  2.3742e+07
48  17  2.76983e+07
48  18  1.97951e+07
48  19  2.7118e+07
48  20  4.34261e+07
48  21  3.14503e+07
48  22  1.51593e+07
48  23  3.25676e+07
48  24  3.05072e+07
48  25  2.07526e+07
48  26  2.14375e+07
48  27  1.32929e+07
48  28  2.07331e+07
48  29  1.77197e+07
48  30  1.35443e+07
48  31  2.36653e+07
48  32  2.3101e+07
48  33  1.89776e+07
48  34  1.35117e+07
48  35  0
48  36  0
48  37  1.60664e+07
48  38  0
48  39  1.31022e+07
48  40  3.44043e+06
48  41  1.71715e+06
48  42  0
48  43  7.9004e+06
48  44  0
48  45  1.12772e+07
48  46  0
48  47  0
48  48  0
48  49  0
48  50  0
49  0  0
49  1  1.33605e+07
49  2  0
49  3  2.25513e+07
49  4  0
49  5  2.5444e+07
49  6  4.63689e+07
49  7  2.88874e+07
49  8  3.25871e+07
49  9  1.62669e+07
49  10  0
49  11  1.0864e+07
49  12  1.42763e+07
49  13  0
49  14  2.10069e+07
49  15  2.35664e+07
49  16  1.12129e+07
49  17  2.09719e+07
49  18  2.02269e+07
49  19  3.45364e+07
49  20  2.80214e+07
49  21  2.41846e+07
49  22  1.6173e+07
49  23  3.41693e+07
49  24  2.32085e+07
49  25  2.58002e+07
49  26  1.93619e+07
49  27  0
49  28  1.38789e+07
49  29  2.02813e+07
49  30  2.24221e+07
49  31  1.11104e+07
49  32  1.95231e+07
49  33  1.86532e+07
49  34  0
49  35  0
49  36  0
49  37  0
49  38  0
49  39  0
49  40  0
49  41  0
49  42  0
49  43  0
49  44  0
49  45  1.04873e+07
49  46  0
49  47  0
49  48  0
49  49  0
49  50  0
50  0  0
50  1  0
50  2  0
50  3  1.58035e+07
50  4  0
50  5  1.54725e+07
50  6  4.51094e+07
50  7  3.90623e+07
50  8  3.04399e+07
50  9  1.89133e+07
50  10  1.22092e+07
50  11  0
50  12  323663
50  13  1.25949e+07
50  14  0
50  15  1.86459e+07
50  16  2.30498e+07
50  17  2.43244e+07
50  18  1.73568e+07
50  19  3.49993e+07
50  20  2.86363e+07
50  21  1.67991e+07
50  22  0
50  23  2.85295e+07
50  24  3.34794e+07
50  25  2.60128e+07
50  26  4.36912e+07
50  27  2.27033e+07
50  28  1.92853e+07
50  29  1.89363e+07
50  30  1.17721e+07
50  31  0
50  32  0
50  33  0
50  34  0
50  35  0
50  36  0
50  37  0
50  38  0
50  39  0
50  40  0
50  41  0
50  42  0
50  43  0
50  44  0
50  45  0
50  46  0
50  47  0
50  48  0
50  49  5.2158e+06
50  50  0

