row  column  (images_30.edf S-K*images_30.edf Ar-K**2.3)
0  0  0
0  1  0
0  2  0
0  3  0
0  4  0
0  5  0
0  6  0
0  7  0
0  8  0
0  9  0
0  10  0
0  11  0
0  12  0
0  13  0
0  14  0
0  15  0
0  16  0
0  17  1.86986e+07
0  18  2.48855e+07
0  19  0
0  20  0
0  21  1.58912e+07
0  22  4.71661e+07
0  23  3.30134e+07
0  24  3.72306e+07
0  25  4.20961e+07
0  26  4.20008e+07
0  27  2.42787e+07
0  28  2.26955e+07
0  29  3.15534e+07
0  30  0
0  31  2.12679e+07
0  32  1.76845e+07
0  33  2.22038e+07
0  34  3.76383e+07
0  35  3.27256e+07
0  36  0
0  37  0
0  38  0
0  39  2.02162e+07
0  40  2.77637e+07
0  41  1.70326e+07
0  42  0
0  43  0
0  44  1.22822e+07
0  45  0
0  46  0
0  47  1.77896e+07
0  48  0
0  49  1.76152e+07
0  50  2.02652e+07
1  0  0
1  1  0
1  2  0
1  3  0
1  4  0
1  5  0
1  6  0
1  7  0
1  8  0
1  9  0
1  10  0
1  11  0
1  12  0
1  13  0
1  14  0
1  15  0
1  16  1.3931e+07
1  17  2.09913e+07
1  18  2.23939e+07
1  19  2.5056e+07
1  20  0
1  21  0
1  22  2.63663e+07
1  23  3.78916e+07
1  24  3.41177e+07
1  25  3.48905e+07
1  26  2.00812e+07
1  27  2.91892e+07
1  28  2.61692e+07
1  29  2.54383e+07
1  30  2.39179e+07
1  31  0
1  32  2.04094e+07
1  33  3.06718e+07
1  34  2.65857e+07
1  35  2.50823e+07
1  36  1.66343e+07
1  37  0
1  38  0
1  39  0
1  40  2.70942e+07
1  41  0
1  42  1.79341e+07
1  43  0
1  44  0
1  45  1.39974e+07
1  46  2.15742e+07
1  47  1.97945e+07
1  48  2.08651e+07
1  49  2.71844e+07
1  50  0
2  0  0
2  1  0
2  2  0
2  3  0
2  4  0
2  5  0
2  6  0
2  7  0
2  8  0
2  9  0
2  10  0
2  11  0
2  12  0
2  13  0
2  14  0
2  15  0
2  16  1.38569e+07
2  17  0
2  18  1.7171e+07
2  19  3.40612e+07
2  20  1.71166e+07
2  21  2.37612e+07
2  22  4.01203e+07
2  23  4.01526e+07
2  24  4.03316e+07
2  25  3.61669e+07
2  26  2.97421e+07
2  27  3.80665e+07
2  28  3.89736e+07
2  29  3.59658e+07
2  30  2.28174e+07
2  31  1.57184e+07
2  32  2.17011e+07
2  33  3.98807e+07
2  34  3.74522e+07
2  35  2.76275e+07
2  36  3.82055e+07
2  37  0
2  38  0
2  39  0
2  40  1.18911e+07
2  41  0
2  42  1.81515e+07
2  43  2.1801e+07
2  44  2.55766e+07
2  45  0
2  46  0
2  47  3.03539e+07
2  48  1.57358e+07
2  49  1.58905e+07
2  50  0
3  0  0
3  1  0
3  2  0
3  3  0
3  4  0
3  5  0
3  6  0
3  7  0
3  8  0
3  9  0
3  10  0
3  11  0
3  12  0
3  13  0
3  14  0
3  15  0
3  16  0
3  17  1.71058e+07
3  18  2.43658e+07
3  19  3.18034e+07
3  20  1.82644e+07
3  21  2.19142e+07
3  22  2.54819e+07
3  23  2.56003e+07
3  24  4.57308e+07
3  25  3.76678e+07
3  26  2.92427e+07
3  27  3.33888e+07
3  28  3.76123e+07
3  29  4.56299e+07
3  30  2.9655e+07
3  31  3.33732e+07
3  32  4.3481e+07
3  33  2.22569e+07
3  34  1.99795e+07
3  35  2.74417e+07
3  36  2.43755e+07
3  37  0
3  38  0
3  39  1.96769e+07
3  40  1.69159e+07
3  41  2.11308e+07
3  42  1.16641e+07
3  43  1.79435e+07
3  44  2.44322e+07
3  45  1.92485e+07
3  46  2.00585e+07
3  47  2.20954e+07
3  48  0
3  49  1.97262e+07
3  50  0
4  0  0
4  1  0
4  2  0
4  3  0
4  4  0
4  5  0
4  6  0
4  7  0
4  8  0
4  9  0
4  10  0
4  11  0
4  12  0
4  13  0
4  14  0
4  15  3.28645e+07
4  16  3.55606e+07
4  17  2.9136e+07
4  18  4.69841e+07
4  19  3.00641e+07
4  20  0
4  21  0
4  22  3.94982e+07
4  23  2.60657e+07
4  24  4.27849e+07
4  25  3.29587e+07
4  26  3.89127e+07
4  27  4.95496e+07
4  28  3.14428e+07
4  29  2.50646e+07
4  30  3.27466e+07
4  31  1.85206e+07
4  32  1.72605e+07
4  33  2.45791e+07
4  34  1.92251e+07
4  35  3.16023e+07
4  36  1.83272e+07
4  37  2.63527e+07
4  38  0
4  39  1.70681e+07
4  40  2.57459e+07
4  41  1.45382e+07
4  42  1.86673e+07
4  43  2.98904e+07
4  44  2.87421e+07
4  45  2.74165e+07
4  46  1.75488e+07
4  47  1.88907e+07
4  48  1.79211e+07
4  49  3.37333e+07
4  50  2.01747e+07
5  0  0
5  1  0
5  2  0
5  3  0
5  4  0
5  5  0
5  6  0
5  7  0
5  8  0
5  9  0
5  10  0
5  11  0
5  12  0
5  13  0
5  14  0
5  15  3.12603e+07
5  16  3.28262e+07
5  17  3.23241e+07
5  18  4.50602e+07
5  19  3.31949e+07
5  20  1.55425e+07
5  21  2.50987e+07
5  22  4.34655e+07
5  23  5.17142e+07
5  24  3.16671e+07
5  25  1.63161e+07
5  26  3.12931e+07
5  27  2.82248e+07
5  28  2.52616e+07
5  29  2.60832e+07
5  30  2.22564e+07
5  31  2.37744e+07
5  32  1.40071e+07
5  33  1.71338e+07
5  34  1.94919e+07
5  35  3.87449e+07
5  36  2.04291e+07
5  37  1.4606e+07
5  38  0
5  39  0
5  40  3.44069e+07
5  41  1.92168e+07
5  42  2.69961e+07
5  43  2.11623e+07
5  44  2.01608e+07
5  45  0
5  46  1.83746e+07
5  47  2.02666e+07
5  48  0
5  49  1.92617e+07
5  50  1.775e+07
6  0  0
6  1  0
6  2  0
6  3  0
6  4  0
6  5  0
6  6  0
6  7  0
6  8  0
6  9  0
6  10  0
6  11  0
6  12  0
6  13  0
6  14  3.43226e+07
6  15  1.49217e+07
6  16  2.66315e+07
6  17  2.4299e+07
6  18  3.70933e+07
6  19  3.17682e+07
6  20  0
6  21  2.50484e+07
6  22  4.56461e+07
6  23  4.24636e+07
6  24  4.31012e+07
6  25  3.37493e+07
6  26  4.08955e+07
6  27  4.45183e+07
6  28  4.84518e+07
6  29  3.16361e+07
6  30  2.22511e+07
6  31  2.23278e+07
6  32  1.60793e+07
6  33  1.74595e+07
6  34  2.03256e+07
6  35  4.45698e+07
6  36  2.62619e+07
6  37  1.66248e+07
6  38  1.48325e+07
6  39  0
6  40  0
6  41  3.43888e+07
6  42  3.39008e+07
6  43  3.22879e+07
6  44  1.72856e+07
6  45  2.4436e+07
6  46  2.27788e+07
6  47  0
6  48  1.82865e+07
6  49  2.61561e+07
6  50  0
7  0  1.82889e+07
7  1  0
7  2  0
7  3  0
7  4  0
7  5  0
7  6  0
7  7  0
7  8  0
7  9  0
7  10  0
7  11  0
7  12  0
7  13  1.62719e+07
7  14  2.37473e+07
7  15  4.51873e+07
7  16  3.17791e+07
7  17  2.99585e+07
7  18  2.40809e+07
7  19  3.62301e+07
7  20  1.29788e+07
7  21  3.23544e+07
7  22  5.93006e+07
7  23  5.45233e+07
7  24  3.74569e+07
7  25  2.94768e+07
7  26  4.0771e+07
7  27  4.14086e+07
7  28  5.00679e+07
7  29  3.39726e+07
7  30  3.16157e+07
7  31  2.99005e+07
7  32  3.78126e+07
7  33  1.79181e+07
7  34  2.71887e+07
7  35  3.58111e+07
7  36  3.39085e+07
7  37  2.01244e+07
7  38  0
7  39  0
7  40  2.45296e+07
7  41  3.01327e+07
7  42  2.22966e+07
7  43  2.67835e+07
7  44  1.92169e+07
7  45  2.6722e+07
7  46  0
7  47  0
7  48  2.24499e+07
7  49  2.76117e+07
7  50  2.62418e+07
8  0  1.2649e+07
8  1  0
8  2  1.2943e+07
8  3  0
8  4  0
8  5  0
8  6  0
8  7  0
8  8  0
8  9  0
8  10  0
8  11  0
8  12  0
8  13  2.40915e+07
8  14  3.03935e+07
8  15  3.9734e+07
8  16  3.29185e+07
8  17  3.43868e+07
8  18  2.53047e+07
8  19  3.24175e+07
8  20  1.31626e+07
8  21  2.43601e+07
8  22  3.87563e+07
8  23  4.71117e+07
8  24  3.79762e+07
8  25  9.36178e+06
8  26  4.36063e+07
8  27  5.69656e+07
8  28  4.60925e+07
8  29  3.78952e+07
8  30  2.44664e+07
8  31  2.89953e+07
8  32  3.13827e+07
8  33  2.74478e+07
8  34  1.60972e+07
8  35  2.64858e+07
8  36  2.56563e+07
8  37  1.89432e+07
8  38  0
8  39  0
8  40  2.33108e+07
8  41  3.5209e+07
8  42  3.09949e+07
8  43  1.96271e+07
8  44  0
8  45  0
8  46  3.67062e+07
8  47  0
8  48  0
8  49  3.70048e+07
8  50  2.04357e+07
9  0  2.16802e+07
9  1  1.64517e+07
9  2  1.57193e+07
9  3  0
9  4  0
9  5  0
9  6  0
9  7  0
9  8  0
9  9  0
9  10  0
9  11  0
9  12  1.1765e+07
9  13  1.64207e+07
9  14  2.72375e+07
9  15  3.73562e+07
9  16  2.37762e+07
9  17  3.55699e+07
9  18  3.16618e+07
9  19  2.28853e+07
9  20  2.00465e+07
9  21  1.07121e+07
9  22  4.19894e+07
9  23  5.01774e+07
9  24  2.79524e+07
9  25  4.25585e+07
9  26  4.37061e+07
9  27  5.16471e+07
9  28  4.75765e+07
9  29  3.24658e+07
9  30  3.5287e+07
9  31  2.48687e+07
9  32  1.91521e+07
9  33  1.81368e+07
9  34  2.86081e+07
9  35  1.52139e+07
9  36  4.22169e+07
9  37  1.79257e+07
9  38  2.45828e+07
9  39  2.40251e+07
9  40  2.58637e+07
9  41  1.93753e+07
9  42  2.8119e+07
9  43  1.47912e+07
9  44  2.18762e+07
9  45  0
9  46  1.55435e+07
9  47  1.88954e+07
9  48  3.11729e+07
9  49  1.99324e+07
9  50  2.80905e+07
10  0  2.21871e+07
10  1  1.63793e+07
10  2  1.29735e+07
10  3  0
10  4  0
10  5  0
10  6  0
10  7  0
10  8  0
10  9  0
10  10  0
10  11  0
10  12  1.61431e+07
10  13  2.73382e+07
10  14  2.81224e+07
10  15  2.43592e+07
10  16  2.55876e+07
10  17  2.9586e+07
10  18  2.19192e+07
10  19  2.97274e+07
10  20  1.78255e+07
10  21  3.16729e+07
10  22  2.79342e+07
10  23  4.0984e+07
10  24  2.22848e+07
10  25  2.32476e+07
10  26  2.74197e+07
10  27  3.53384e+07
10  28  3.56812e+07
10  29  4.19213e+07
10  30  3.72633e+07
10  31  2.94345e+07
10  32  3.84617e+07
10  33  2.74886e+07
10  34  0
10  35  1.9815e+07
10  36  1.88328e+07
10  37  0
10  38  2.62419e+07
10  39  2.09402e+07
10  40  2.88868e+07
10  41  3.49124e+07
10  42  3.0449e+07
10  43  0
10  44  0
10  45  1.33142e+07
10  46  0
10  47  2.41494e+07
10  48  2.68059e+07
10  49  3.90858e+07
10  50  2.28069e+07
11  0  2.1395e+07
11  1  1.30546e+07
11  2  1.7777e+07
11  3  0
11  4  0
11  5  0
11  6  0
11  7  0
11  8  0
11  9  1.39499e+07
11  10  1.9774e+06
11  11  0
11  12  2.48103e+07
11  13  2.50075e+07
11  14  4.08572e+07
11  15  5.87015e+07
11  16  3.6737e+07
11  17  2.81073e+07
11  18  2.05602e+07
11  19  1.86639e+07
11  20  1.9378e+07
11  21  2.19664e+07
11  22  2.82839e+07
11  23  2.41962e+07
11  24  2.59747e+07
11  25  2.91913e+07
11  26  0
11  27  3.45759e+07
11  28  3.65871e+07
11  29  3.59331e+07
11  30  3.58469e+07
11  31  3.47593e+07
11  32  1.75136e+07
11  33  2.57087e+07
11  34  2.78742e+07
11  35  2.98805e+07
11  36  2.18606e+07
11  37  2.3725e+07
11  38  2.97455e+07
11  39  2.67015e+07
11  40  2.94362e+07
11  41  2.34034e+07
11  42  0
11  43  0
11  44  0
11  45  0
11  46  2.77017e+07
11  47  2.19476e+07
11  48  3.26135e+07
11  49  4.77982e+07
11  50  3.21527e+07
12  0  2.84392e+07
12  1  1.79682e+07
12  2  2.22254e+07
12  3  1.42998e+07
12  4  1.15549e+07
12  5  0
12  6  0
12  7  0
12  8  1.74967e+07
12  9  1.3313e+07
12  10  0
12  11  1.97524e+07
12  12  1.95083e+07
12  13  1.80149e+07
12  14  4.60254e+07
12  15  3.39516e+07
12  16  4.43728e+07
12  17  3.53043e+07
12  18  2.9908e+07
12  19  2.01729e+07
12  20  1.60543e+07
12  21  0
12  22  3.34865e+07
12  23  3.7707e+07
12  24  2.06938e+07
12  25  1.30971e+07
12  26  2.60303e+07
12  27  2.54571e+07
12  28  3.52728e+07
12  29  3.17229e+07
12  30  1.87415e+07
12  31  3.27638e+07
12  32  3.83626e+07
12  33  1.90515e+07
12  34  0
12  35  2.63384e+07
12  36  2.47808e+07
12  37  0
12  38  1.6848e+07
12  39  0
12  40  2.29306e+07
12  41  3.54642e+07
12  42  2.07547e+07
12  43  2.59286e+07
12  44  1.86242e+07
12  45  0
12  46  2.17489e+07
12  47  2.99009e+07
12  48  2.89703e+07
12  49  3.69592e+07
12  50  1.88063e+07
13  0  2.00723e+07
13  1  1.92625e+07
13  2  1.7424e+07
13  3  1.59037e+07
13  4  1.70534e+07
13  5  0
13  6  1.17622e+07
13  7  1.15601e+07
13  8  1.79834e+07
13  9  1.44396e+07
13  10  1.35904e+07
13  11  0
13  12  2.11351e+07
13  13  2.5675e+07
13  14  3.24808e+07
13  15  3.7803e+07
13  16  1.84897e+07
13  17  2.33957e+07
13  18  1.76151e+07
13  19  2.28222e+07
13  20  1.8194e+07
13  21  1.73106e+07
13  22  2.38415e+07
13  23  2.87372e+07
13  24  1.43785e+07
13  25  2.6825e+07
13  26  1.94498e+07
13  27  1.44398e+07
13  28  2.43336e+07
13  29  1.99363e+07
13  30  2.19237e+07
13  31  3.4772e+07
13  32  0
13  33  2.14931e+07
13  34  0
13  35  2.35045e+07
13  36  2.43729e+07
13  37  1.80336e+07
13  38  2.56372e+07
13  39  2.13171e+07
13  40  2.91677e+07
13  41  2.36868e+07
13  42  1.93223e+07
13  43  0
13  44  1.98651e+07
13  45  0
13  46  0
13  47  3.21489e+07
13  48  2.83857e+07
13  49  4.46604e+07
13  50  4.69809e+07
14  0  3.08655e+07
14  1  2.83919e+07
14  2  1.56177e+07
14  3  1.95775e+07
14  4  2.29094e+07
14  5  1.56154e+07
14  6  0
14  7  1.78546e+07
14  8  1.60117e+07
14  9  1.76273e+07
14  10  1.31577e+07
14  11  1.57022e+07
14  12  1.11291e+07
14  13  1.38258e+07
14  14  4.33726e+07
14  15  5.6379e+07
14  16  3.30401e+07
14  17  1.95795e+07
14  18  2.23656e+07
14  19  1.28585e+07
14  20  1.57156e+07
14  21  1.38675e+07
14  22  1.65804e+07
14  23  1.50247e+07
14  24  0
14  25  0
14  26  0
14  27  1.97464e+07
14  28  2.69409e+07
14  29  2.69798e+07
14  30  3.59106e+07
14  31  0
14  32  2.07524e+07
14  33  1.67926e+07
14  34  3.05582e+07
14  35  1.80005e+07
14  36  2.91377e+07
14  37  2.27129e+07
14  38  1.76319e+07
14  39  0
14  40  0
14  41  2.7508e+07
14  42  1.66383e+07
14  43  1.72184e+07
14  44  1.47798e+07
14  45  1.26289e+07
14  46  2.24085e+07
14  47  2.03588e+07
14  48  1.935e+07
14  49  2.76204e+07
14  50  8.06283e+06
15  0  2.79957e+07
15  1  2.89298e+07
15  2  1.54357e+07
15  3  1.55395e+07
15  4  2.42549e+07
15  5  1.59431e+07
15  6  0
15  7  0
15  8  4.04695e+07
15  9  2.49582e+07
15  10  2.98468e+07
15  11  2.0866e+07
15  12  2.22153e+07
15  13  1.89812e+07
15  14  3.58664e+07
15  15  3.31056e+07
15  16  3.25423e+07
15  17  0
15  18  1.53358e+07
15  19  2.1369e+07
15  20  0
15  21  2.67589e+07
15  22  2.43087e+07
15  23  2.75499e+07
15  24  0
15  25  2.72457e+07
15  26  2.5704e+07
15  27  2.97838e+07
15  28  3.7669e+07
15  29  3.38163e+07
15  30  3.29303e+07
15  31  2.78267e+07
15  32  2.33108e+07
15  33  3.25718e+07
15  34  1.92039e+07
15  35  2.13102e+07
15  36  0
15  37  0
15  38  1.79344e+07
15  39  1.92863e+07
15  40  2.81595e+07
15  41  3.15068e+07
15  42  0
15  43  1.48611e+07
15  44  0
15  45  0
15  46  0
15  47  3.00785e+07
15  48  2.35764e+07
15  49  3.50164e+07
15  50  0
16  0  2.68387e+07
16  1  1.74946e+07
16  2  2.88624e+07
16  3  2.00067e+07
16  4  3.10975e+07
16  5  1.52426e+07
16  6  2.07249e+07
16  7  2.02864e+07
16  8  2.23641e+07
16  9  0
16  10  2.38243e+07
16  11  1.9477e+07
16  12  1.45582e+07
16  13  2.00386e+07
16  14  3.9814e+07
16  15  3.86626e+07
16  16  2.4556e+07
16  17  2.73184e+07
16  18  2.19373e+07
16  19  1.86368e+07
16  20  0
16  21  0
16  22  3.07027e+07
16  23  1.63058e+07
16  24  1.6755e+07
16  25  2.24418e+07
16  26  1.69534e+07
16  27  3.23246e+07
16  28  3.20883e+07
16  29  2.2745e+07
16  30  2.59022e+07
16  31  2.68377e+07
16  32  1.6429e+07
16  33  2.30665e+07
16  34  2.75456e+07
16  35  0
16  36  0
16  37  2.18434e+07
16  38  0
16  39  3.22741e+07
16  40  4.55472e+07
16  41  1.48903e+07
16  42  0
16  43  1.82412e+07
16  44  2.12192e+07
16  45  0
16  46  1.5593e+07
16  47  2.61474e+07
16  48  3.02546e+07
16  49  3.9561e+07
16  50  2.58797e+07
17  0  2.96028e+07
17  1  1.6799e+07
17  2  1.90391e+07
17  3  3.01655e+07
17  4  0
17  5  1.09464e+07
17  6  2.16261e+07
17  7  1.79035e+07
17  8  2.68529e+07
17  9  2.53909e+07
17  10  2.95044e+07
17  11  2.37384e+07
17  12  0
17  13  3.35549e+07
17  14  3.81116e+07
17  15  3.73802e+07
17  16  2.98087e+07
17  17  3.78821e+07
17  18  2.02433e+07
17  19  2.11123e+07
17  20  0
17  21  1.84553e+07
17  22  2.29738e+07
17  23  0
17  24  1.80735e+07
17  25  2.1484e+07
17  26  1.3498e+07
17  27  2.44584e+07
17  28  1.86317e+07
17  29  4.08766e+07
17  30  2.6841e+07
17  31  2.31175e+07
17  32  1.95237e+07
17  33  2.54507e+07
17  34  0
17  35  1.61775e+07
17  36  1.90017e+07
17  37  1.5216e+07
17  38  1.82581e+07
17  39  3.73261e+07
17  40  2.63071e+07
17  41  2.85688e+07
17  42  0
17  43  2.07447e+07
17  44  1.75147e+07
17  45  0
17  46  0
17  47  2.08707e+07
17  48  2.93808e+07
17  49  2.48183e+07
17  50  2.96332e+07
18  0  2.18776e+07
18  1  2.04054e+07
18  2  1.74624e+07
18  3  2.90565e+07
18  4  3.14307e+07
18  5  1.71663e+07
18  6  2.26679e+07
18  7  2.57821e+07
18  8  3.47174e+07
18  9  2.5821e+07
18  10  2.87076e+07
18  11  1.62478e+07
18  12  0
18  13  2.00123e+07
18  14  3.49421e+07
18  15  4.30569e+07
18  16  3.15098e+07
18  17  3.42345e+07
18  18  2.27259e+07
18  19  2.67782e+07
18  20  0
18  21  0
18  22  0
18  23  0
18  24  1.98003e+07
18  25  2.63298e+07
18  26  1.7378e+07
18  27  0
18  28  4.21239e+07
18  29  3.2133e+07
18  30  1.65293e+07
18  31  1.79113e+07
18  32  0
18  33  1.787e+07
18  34  1.6194e+07
18  35  1.89727e+07
18  36  2.18123e+07
18  37  1.59514e+07
18  38  4.01544e+07
18  39  2.3868e+07
18  40  3.12425e+07
18  41  2.00164e+07
18  42  2.04058e+07
18  43  1.73496e+07
18  44  2.13418e+07
18  45  0
18  46  0
18  47  1.97018e+07
18  48  2.56041e+07
18  49  2.48803e+07
18  50  2.08845e+07
19  0  2.22904e+07
19  1  1.31658e+07
19  2  2.05235e+07
19  3  2.11712e+07
19  4  2.16417e+07
19  5  0
19  6  2.92515e+07
19  7  2.77644e+07
19  8  0
19  9  2.04072e+07
19  10  1.37032e+07
19  11  2.58454e+07
19  12  0
19  13  2.52348e+07
19  14  4.72895e+07
19  15  4.122e+07
19  16  2.46166e+07
19  17  4.04237e+07
19  18  2.79937e+07
19  19  2.4308e+07
19  20  1.84126e+07
19  21  1.64165e+07
19  22  1.14076e+07
19  23  2.76803e+07
19  24  2.46148e+07
19  25  0
19  26  3.93521e+07
19  27  2.87764e+07
19  28  4.69479e+07
19  29  2.36974e+07
19  30  3.42576e+07
19  31  1.82328e+07
19  32  0
19  33  3.71759e+07
19  34  2.76157e+07
19  35  1.53257e+07
19  36  0
19  37  1.3165e+07
19  38  4.46145e+07
19  39  2.76982e+07
19  40  3.24105e+07
19  41  2.11284e+07
19  42  1.82283e+07
19  43  0
19  44  2.71924e+07
19  45  1.76352e+07
19  46  0
19  47  1.88806e+07
19  48  2.54741e+07
19  49  2.13405e+07
19  50  2.37445e+07
20  0  2.38035e+07
20  1  1.93506e+07
20  2  1.87286e+07
20  3  3.82386e+07
20  4  3.01e+07
20  5  1.5069e+07
20  6  2.20003e+07
20  7  2.1423e+07
20  8  1.31899e+07
20  9  2.61277e+07
20  10  1.08462e+07
20  11  1.92717e+07
20  12  1.73985e+07
20  13  1.67e+07
20  14  4.03665e+07
20  15  4.15764e+07
20  16  2.76168e+07
20  17  2.56535e+07
20  18  2.89454e+07
20  19  1.5874e+07
20  20  0
20  21  2.96397e+07
20  22  1.4855e+07
20  23  1.8139e+07
20  24  2.49109e+07
20  25  1.799e+07
20  26  2.67061e+07
20  27  2.76878e+07
20  28  0
20  29  2.98401e+07
20  30  9.40609e+06
20  31  1.85691e+07
20  32  2.60658e+07
20  33  3.26016e+07
20  34  2.52465e+07
20  35  1.10226e+07
20  36  1.65891e+07
20  37  0
20  38  2.41128e+07
20  39  2.7777e+07
20  40  2.93204e+07
20  41  3.30904e+07
20  42  1.98706e+07
20  43  2.81745e+07
20  44  0
20  45  0
20  46  1.60328e+07
20  47  0
20  48  0
20  49  0
20  50  2.47844e+07
21  0  1.85449e+07
21  1  1.97384e+07
21  2  2.44259e+07
21  3  3.83411e+07
21  4  0
21  5  1.7221e+07
21  6  1.80381e+07
21  7  3.14794e+07
21  8  2.5826e+07
21  9  2.7159e+07
21  10  1.71535e+07
21  11  0
21  12  1.75501e+07
21  13  0
21  14  3.90706e+07
21  15  4.62328e+07
21  16  2.93539e+07
21  17  2.65687e+07
21  18  2.50925e+07
21  19  1.70534e+07
21  20  1.92852e+07
21  21  1.82414e+07
21  22  1.35941e+07
21  23  3.43923e+07
21  24  1.792e+07
21  25  2.04801e+07
21  26  1.78359e+07
21  27  3.582e+07
21  28  3.1293e+07
21  29  3.41214e+07
21  30  3.28962e+07
21  31  3.27979e+07
21  32  3.15939e+07
21  33  0
21  34  0
21  35  1.49754e+07
21  36  1.89742e+07
21  37  1.25237e+07
21  38  4.27993e+07
21  39  2.22915e+07
21  40  2.77639e+07
21  41  3.95767e+07
21  42  3.45705e+07
21  43  2.37098e+07
21  44  0
21  45  0
21  46  0
21  47  1.23034e+07
21  48  0
21  49  0
21  50  1.19917e+07
22  0  0
22  1  1.18446e+07
22  2  2.99221e+07
22  3  2.84052e+07
22  4  1.53852e+07
22  5  1.97126e+07
22  6  2.50198e+07
22  7  2.81926e+07
22  8  3.18473e+07
22  9  2.54301e+07
22  10  0
22  11  1.79718e+07
22  12  3.05116e+07
22  13  0
22  14  4.11171e+07
22  15  3.38102e+07
22  16  2.88461e+07
22  17  2.78251e+07
22  18  3.13645e+07
22  19  2.53923e+07
22  20  3.25837e+07
22  21  0
22  22  2.15677e+07
22  23  3.90718e+07
22  24  3.35421e+07
22  25  1.17344e+07
22  26  2.6237e+07
22  27  2.08235e+07
22  28  3.03924e+07
22  29  3.03247e+07
22  30  2.78805e+07
22  31  3.08529e+07
22  32  2.3309e+07
22  33  1.285e+07
22  34  1.1066e+07
22  35  1.19568e+07
22  36  2.46895e+07
22  37  2.83127e+07
22  38  3.27643e+07
22  39  1.71121e+07
22  40  2.46038e+07
22  41  5.39664e+07
22  42  3.71158e+07
22  43  2.27397e+07
22  44  0
22  45  0
22  46  0
22  47  0
22  48  0
22  49  0
22  50  1.32779e+07
23  0  1.36053e+07
23  1  0
23  2  1.9338e+07
23  3  1.19064e+07
23  4  2.33705e+07
23  5  3.13245e+07
23  6  2.6917e+07
23  7  3.77537e+07
23  8  2.30388e+07
23  9  0
23  10  0
23  11  1.7006e+07
23  12  2.72998e+07
23  13  1.57715e+07
23  14  3.21386e+07
23  15  3.68641e+07
23  16  3.56835e+07
23  17  2.94267e+07
23  18  3.34951e+07
23  19  3.04862e+07
23  20  2.59527e+07
23  21  1.98571e+07
23  22  3.17008e+07
23  23  4.45598e+07
23  24  3.22968e+07
23  25  2.82731e+07
23  26  1.99478e+07
23  27  1.33858e+07
23  28  2.54914e+07
23  29  3.73726e+07
23  30  2.1531e+07
23  31  4.19769e+07
23  32  2.09953e+07
23  33  4.42575e+07
23  34  1.52043e+07
23  35  1.90285e+07
23  36  2.24483e+07
23  37  2.52366e+07
23  38  2.77004e+07
23  39  2.61917e+07
23  40  3.58273e+07
23  41  4.04278e+07
23  42  4.44672e+07
23  43  970764
23  44  1.68803e+07
23  45  0
23  46  0
23  47  1.61195e+07
23  48  0
23  49  2.11151e+07
23  50  2.69198e+07
24  0  1.31414e+07
24  1  0
24  2  2.65152e+07
24  3  2.05328e+07
24  4  3.24152e+07
24  5  2.56763e+07
24  6  2.40161e+07
24  7  2.63061e+07
24  8  2.16912e+07
24  9  2.77007e+07
24  10  0
24  11  3.1006e+07
24  12  1.60988e+07
24  13  1.72509e+07
24  14  2.02823e+07
24  15  3.0015e+07
24  16  3.32928e+07
24  17  1.7482e+07
24  18  3.27621e+07
24  19  3.11277e+07
24  20  1.99022e+07
24  21  1.57141e+07
24  22  3.55135e+07
24  23  3.52949e+07
24  24  3.14802e+07
24  25  0
24  26  2.40593e+07
24  27  1.87279e+07
24  28  2.13869e+07
24  29  3.693e+07
24  30  0
24  31  2.24353e+07
24  32  3.37195e+07
24  33  1.46568e+07
24  34  1.76404e+07
24  35  2.35665e+07
24  36  2.13532e+07
24  37  2.22359e+07
24  38  2.23047e+07
24  39  2.71333e+07
24  40  2.35727e+07
24  41  3.75237e+07
24  42  4.31582e+07
24  43  2.3567e+07
24  44  2.12313e+07
24  45  0
24  46  0
24  47  0
24  48  1.01315e+07
24  49  0
24  50  2.97193e+07
25  0  0
25  1  1.41569e+07
25  2  1.39839e+07
25  3  3.58203e+07
25  4  0
25  5  4.0593e+07
25  6  3.95026e+07
25  7  3.36935e+07
25  8  2.20592e+07
25  9  1.49635e+07
25  10  1.21355e+07
25  11  2.37897e+07
25  12  0
25  13  0
25  14  1.44241e+07
25  15  4.01929e+07
25  16  2.37238e+07
25  17  3.59988e+07
25  18  3.3693e+07
25  19  1.89858e+07
25  20  1.98368e+07
25  21  1.60231e+07
25  22  4.09061e+07
25  23  4.39523e+07
25  24  2.95864e+07
25  25  2.49784e+07
25  26  2.94242e+07
25  27  0
25  28  3.11823e+07
25  29  3.2291e+07
25  30  1.33879e+07
25  31  2.43193e+07
25  32  2.09616e+07
25  33  3.23748e+07
25  34  2.03824e+07
25  35  1.91983e+07
25  36  2.13863e+07
25  37  3.35295e+07
25  38  3.25429e+07
25  39  3.27065e+07
25  40  3.30164e+07
25  41  4.3284e+07
25  42  2.87906e+07
25  43  2.74529e+07
25  44  0
25  45  0
25  46  0
25  47  0
25  48  0
25  49  1.64342e+07
25  50  2.70483e+07
26  0  0
26  1  2.42654e+07
26  2  1.68706e+07
26  3  1.58038e+07
26  4  1.91389e+07
26  5  2.86365e+07
26  6  2.23687e+07
26  7  2.52114e+07
26  8  1.2768e+07
26  9  2.96375e+07
26  10  1.26073e+07
26  11  3.36779e+07
26  12  2.44913e+07
26  13  0
26  14  1.85334e+07
26  15  2.86294e+07
26  16  2.37189e+07
26  17  2.4434e+07
26  18  3.02238e+07
26  19  0
26  20  2.18316e+07
26  21  2.18931e+07
26  22  2.21283e+07
26  23  4.93491e+07
26  24  4.90987e+07
26  25  2.9662e+07
26  26  2.07796e+07
26  27  1.98849e+07
26  28  2.09669e+07
26  29  2.73844e+07
26  30  1.8793e+07
26  31  3.22916e+07
26  32  2.31127e+07
26  33  3.506e+07
26  34  2.49254e+07
26  35  1.7693e+07
26  36  2.82954e+07
26  37  1.92962e+07
26  38  2.85912e+07
26  39  3.42237e+07
26  40  5.27614e+07
26  41  4.04518e+07
26  42  3.63043e+07
26  43  3.56729e+07
26  44  1.70879e+07
26  45  0
26  46  0
26  47  0
26  48  0
26  49  0
26  50  2.20866e+07
27  0  0
27  1  0
27  2  2.08422e+07
27  3  2.93811e+07
27  4  3.875e+07
27  5  2.54968e+07
27  6  3.06597e+07
27  7  1.46362e+07
27  8  1.69372e+07
27  9  1.47766e+07
27  10  0
27  11  2.46795e+07
27  12  3.2016e+07
27  13  0
27  14  1.16878e+07
27  15  0
27  16  3.04019e+07
27  17  3.02662e+07
27  18  3.84518e+07
27  19  1.9422e+07
27  20  0
27  21  1.69735e+07
27  22  3.23989e+07
27  23  4.28482e+07
27  24  4.5207e+07
27  25  1.85967e+07
27  26  3.55687e+07
27  27  2.3035e+07
27  28  2.38055e+07
27  29  3.15753e+07
27  30  2.41288e+07
27  31  1.3624e+07
27  32  1.64819e+07
27  33  2.40412e+07
27  34  2.1493e+07
27  35  1.67642e+07
27  36  4.34244e+07
27  37  3.20217e+07
27  38  2.50883e+07
27  39  3.99705e+07
27  40  3.7176e+07
27  41  4.35715e+07
27  42  4.7752e+07
27  43  2.51949e+07
27  44  0
27  45  0
27  46  0
27  47  0
27  48  1.72257e+07
27  49  2.61999e+07
27  50  0
28  0  0
28  1  0
28  2  1.78048e+07
28  3  1.47097e+07
28  4  3.40316e+07
28  5  2.7713e+07
28  6  0
28  7  1.68465e+07
28  8  0
28  9  1.58368e+07
28  10  2.67338e+07
28  11  3.05878e+07
28  12  3.23306e+07
28  13  2.25613e+07
28  14  0
28  15  1.96444e+07
28  16  1.90216e+07
28  17  3.65835e+07
28  18  1.81889e+07
28  19  0
28  20  2.73693e+07
28  21  2.51393e+07
28  22  2.6025e+07
28  23  6.05417e+07
28  24  5.60336e+07
28  25  5.58233e+07
28  26  4.46585e+07
28  27  2.01736e+07
28  28  2.89191e+07
28  29  2.12453e+07
28  30  3.59195e+07
28  31  3.14263e+07
28  32  3.06645e+07
28  33  2.50059e+07
28  34  2.01537e+07
28  35  1.52223e+07
28  36  2.37999e+07
28  37  3.56e+07
28  38  2.52761e+07
28  39  3.68815e+07
28  40  5.11404e+07
28  41  3.60694e+07
28  42  4.89742e+07
28  43  2.92366e+07
28  44  0
28  45  2.31945e+07
28  46  2.16109e+07
28  47  0
28  48  0
28  49  2.70551e+07
28  50  2.67921e+07
29  0  1.08175e+07
29  1  1.55476e+07
29  2  3.01451e+07
29  3  3.58557e+07
29  4  3.93323e+07
29  5  2.18651e+07
29  6  1.54121e+07
29  7  1.9568e+07
29  8  2.99909e+07
29  9  1.96568e+07
29  10  1.84254e+07
29  11  2.06677e+07
29  12  0
29  13  1.69687e+07
29  14  1.59686e+07
29  15  3.03107e+07
29  16  4.15229e+07
29  17  3.63982e+07
29  18  2.79583e+07
29  19  2.02029e+07
29  20  2.67631e+07
29  21  3.77604e+07
29  22  2.54358e+07
29  23  4.90498e+07
29  24  4.38232e+07
29  25  4.53028e+07
29  26  3.46127e+07
29  27  0
29  28  3.2427e+07
29  29  0
29  30  2.67347e+07
29  31  1.71772e+07
29  32  1.8032e+07
29  33  2.60785e+07
29  34  2.45453e+07
29  35  2.86605e+07
29  36  4.8505e+07
29  37  3.35226e+07
29  38  3.4313e+07
29  39  2.65086e+07
29  40  4.50702e+07
29  41  6.43888e+07
29  42  4.41979e+07
29  43  2.94351e+07
29  44  2.35718e+07
29  45  0
29  46  0
29  47  0
29  48  0
29  49  2.79344e+07
29  50  2.59724e+07
30  0  1.0176e+07
30  1  1.61734e+07
30  2  2.91727e+07
30  3  3.35299e+07
30  4  2.52651e+07
30  5  3.69246e+07
30  6  0
30  7  2.42978e+07
30  8  2.14068e+07
30  9  2.22155e+07
30  10  2.15206e+07
30  11  5.55348e+07
30  12  3.22806e+07
30  13  1.1678e+07
30  14  9.80214e+06
30  15  0
30  16  2.77737e+07
30  17  2.67269e+07
30  18  1.75912e+07
30  19  0
30  20  2.70077e+07
30  21  2.95589e+07
30  22  2.57301e+07
30  23  3.13248e+07
30  24  5.3585e+07
30  25  3.97397e+07
30  26  3.04317e+07
30  27  3.89353e+07
30  28  2.84628e+07
30  29  2.44124e+07
30  30  2.26558e+07
30  31  3.63533e+07
30  32  2.02413e+07
30  33  2.07014e+07
30  34  3.60954e+07
30  35  4.27274e+07
30  36  3.39991e+07
30  37  3.44296e+07
30  38  3.64237e+07
30  39  3.11152e+07
30  40  4.91028e+07
30  41  5.60408e+07
30  42  6.09806e+07
30  43  5.19147e+07
30  44  2.82111e+07
30  45  0
30  46  3.11434e+07
30  47  0
30  48  0
30  49  2.09126e+07
30  50  2.19449e+07
31  0  1.88493e+07
31  1  1.40703e+07
31  2  3.07254e+07
31  3  3.97882e+07
31  4  3.4199e+07
31  5  2.10113e+07
31  6  3.31326e+07
31  7  2.09754e+07
31  8  3.67991e+07
31  9  0
31  10  0
31  11  4.06029e+07
31  12  1.55848e+07
31  13  2.03387e+07
31  14  0
31  15  0
31  16  0
31  17  3.67877e+07
31  18  2.64891e+07
31  19  1.6084e+07
31  20  2.58356e+07
31  21  3.86849e+07
31  22  4.65202e+07
31  23  4.61539e+07
31  24  5.32405e+07
31  25  2.83549e+07
31  26  2.39485e+07
31  27  2.49399e+07
31  28  3.67892e+07
31  29  0
31  30  0
31  31  0
31  32  0
31  33  1.90493e+07
31  34  3.82801e+07
31  35  2.37402e+07
31  36  5.33546e+07
31  37  2.37032e+07
31  38  2.19873e+07
31  39  3.65177e+07
31  40  3.54379e+07
31  41  6.00468e+07
31  42  4.43616e+07
31  43  2.8859e+07
31  44  2.77298e+07
31  45  2.43515e+07
31  46  3.74868e+07
31  47  0
31  48  0
31  49  2.50432e+07
31  50  3.45137e+07
32  0  1.15831e+07
32  1  2.1394e+07
32  2  5.04246e+07
32  3  4.36353e+07
32  4  3.58771e+07
32  5  3.47986e+07
32  6  3.60563e+07
32  7  1.83381e+07
32  8  2.7287e+07
32  9  1.68602e+06
32  10  3.17569e+07
32  11  1.92568e+07
32  12  2.76568e+07
32  13  2.13622e+07
32  14  0
32  15  2.17188e+07
32  16  0
32  17  3.71818e+07
32  18  2.78385e+07
32  19  1.67272e+07
32  20  1.90633e+07
32  21  2.35907e+07
32  22  3.29809e+07
32  23  5.09141e+07
32  24  3.94368e+07
32  25  3.83125e+07
32  26  3.43659e+07
32  27  2.39981e+07
32  28  2.94853e+07
32  29  3.94776e+07
32  30  0
32  31  0
32  32  0
32  33  2.14193e+07
32  34  2.35274e+07
32  35  1.74727e+07
32  36  5.00813e+07
32  37  2.35516e+07
32  38  3.29552e+07
32  39  3.87415e+07
32  40  5.17285e+07
32  41  5.0244e+07
32  42  4.95909e+07
32  43  3.49793e+07
32  44  3.50917e+07
32  45  2.37241e+07
32  46  2.94639e+07
32  47  0
32  48  1.6405e+07
32  49  2.59033e+07
32  50  2.75777e+07
33  0  0
33  1  2.24731e+07
33  2  3.10663e+07
33  3  4.05586e+07
33  4  4.22615e+07
33  5  1.77644e+07
33  6  3.48223e+07
33  7  3.96213e+07
33  8  2.86614e+07
33  9  2.57083e+07
33  10  1.88836e+07
33  11  3.14569e+07
33  12  2.984e+07
33  13  0
33  14  0
33  15  2.69239e+07
33  16  3.21735e+07
33  17  3.16146e+07
33  18  1.94797e+07
33  19  1.97394e+07
33  20  1.97391e+07
33  21  5.64331e+07
33  22  3.88441e+07
33  23  4.5206e+07
33  24  4.21314e+07
33  25  4.5959e+07
33  26  2.96887e+07
33  27  2.98795e+07
33  28  2.98347e+07
33  29  2.17598e+07
33  30  0
33  31  2.68572e+07
33  32  1.66204e+07
33  33  2.62918e+07
33  34  2.60991e+07
33  35  2.5316e+07
33  36  2.8401e+07
33  37  1.31089e+07
33  38  3.33688e+07
33  39  4.83035e+07
33  40  3.82279e+07
33  41  4.48498e+07
33  42  4.92086e+07
33  43  3.73882e+07
33  44  3.21908e+07
33  45  3.61356e+07
33  46  3.54431e+07
33  47  0
33  48  2.37204e+07
33  49  1.65424e+07
33  50  3.02708e+07
34  0  0
34  1  2.29503e+07
34  2  3.85998e+07
34  3  5.97826e+07
34  4  4.05464e+07
34  5  4.5465e+07
34  6  0
34  7  3.3445e+07
34  8  3.56904e+07
34  9  3.44748e+07
34  10  3.25588e+07
34  11  3.4063e+07
34  12  2.36298e+07
34  13  0
34  14  1.70881e+07
34  15  2.23884e+07
34  16  3.33165e+07
34  17  3.87119e+07
34  18  2.95553e+07
34  19  1.86676e+07
34  20  6.79381e+06
34  21  3.50214e+07
34  22  1.43684e+07
34  23  4.49571e+07
34  24  3.55885e+07
34  25  4.09319e+07
34  26  4.45367e+07
34  27  3.33724e+07
34  28  3.88328e+07
34  29  3.03974e+07
34  30  0
34  31  0
34  32  1.76892e+07
34  33  2.46036e+07
34  34  2.06409e+07
34  35  2.98937e+07
34  36  3.63142e+07
34  37  1.95803e+07
34  38  2.89984e+07
34  39  4.58213e+07
34  40  3.36024e+07
34  41  3.48878e+07
34  42  4.5661e+07
34  43  3.11625e+07
34  44  3.32178e+07
34  45  2.33603e+07
34  46  3.58015e+07
34  47  2.90637e+07
34  48  2.30681e+07
34  49  2.24083e+07
34  50  2.14595e+07
35  0  0
35  1  2.54274e+07
35  2  4.68678e+07
35  3  6.68908e+07
35  4  4.26473e+07
35  5  2.74823e+07
35  6  4.3059e+07
35  7  3.48578e+07
35  8  3.02438e+07
35  9  3.53132e+07
35  10  2.92919e+07
35  11  2.51139e+07
35  12  2.96094e+07
35  13  0
35  14  1.36762e+07
35  15  3.51761e+07
35  16  3.52678e+07
35  17  3.03767e+07
35  18  3.19361e+07
35  19  9.9683e+06
35  20  3.09557e+07
35  21  5.7518e+07
35  22  2.31472e+07
35  23  3.02175e+07
35  24  4.39264e+07
35  25  3.71324e+07
35  26  3.04589e+07
35  27  4.96639e+07
35  28  3.07896e+07
35  29  1.58524e+07
35  30  2.29297e+07
35  31  0
35  32  1.9916e+07
35  33  2.40706e+07
35  34  2.13371e+07
35  35  2.89696e+07
35  36  5.17181e+07
35  37  2.75572e+07
35  38  3.25905e+07
35  39  3.30111e+07
35  40  2.48701e+07
35  41  4.37663e+07
35  42  4.995e+07
35  43  4.01289e+07
35  44  3.01217e+07
35  45  3.48138e+07
35  46  3.93468e+07
35  47  1.72071e+07
35  48  1.82452e+07
35  49  2.90127e+07
35  50  3.04005e+07
36  0  2.6324e+07
36  1  2.87764e+07
36  2  2.63197e+07
36  3  6.10569e+07
36  4  3.06539e+07
36  5  3.36419e+07
36  6  4.63219e+07
36  7  4.91623e+07
36  8  3.89862e+07
36  9  3.12799e+07
36  10  2.92889e+07
36  11  2.57426e+07
36  12  2.86656e+07
36  13  0
36  14  1.79116e+07
36  15  3.82775e+07
36  16  5.2697e+07
36  17  2.19509e+07
36  18  3.52278e+07
36  19  4.38284e+07
36  20  5.56362e+07
36  21  5.84891e+07
36  22  3.29117e+07
36  23  3.31208e+07
36  24  3.34138e+07
36  25  3.14888e+07
36  26  3.5491e+07
36  27  2.60644e+07
36  28  0
36  29  0
36  30  0
36  31  1.59335e+07
36  32  2.30095e+07
36  33  3.14341e+07
36  34  2.73317e+07
36  35  1.82947e+07
36  36  4.26385e+07
36  37  2.58042e+07
36  38  4.44833e+07
36  39  3.08209e+07
36  40  3.35299e+07
36  41  4.22559e+07
36  42  4.69851e+07
36  43  3.5596e+07
36  44  3.73905e+07
36  45  3.62789e+07
36  46  3.52592e+07
36  47  2.10802e+07
36  48  1.6989e+07
36  49  2.01366e+07
36  50  3.86863e+07
37  0  2.70112e+07
37  1  2.59187e+07
37  2  3.40565e+07
37  3  5.01799e+07
37  4  4.23264e+07
37  5  3.65758e+07
37  6  2.2729e+07
37  7  5.8996e+07
37  8  4.66103e+07
37  9  2.3683e+07
37  10  3.57978e+07
37  11  1.92153e+07
37  12  1.91957e+07
37  13  0
37  14  1.3374e+07
37  15  3.13618e+07
37  16  5.37157e+07
37  17  2.64173e+07
37  18  2.76493e+07
37  19  3.80558e+07
37  20  4.13417e+07
37  21  1.74951e+07
37  22  1.8937e+07
37  23  3.43445e+07
37  24  4.31241e+07
37  25  4.42153e+07
37  26  4.60887e+07
37  27  3.22974e+07
37  28  2.54795e+07
37  29  2.88942e+07
37  30  0
37  31  2.09286e+07
37  32  1.59286e+07
37  33  2.86672e+07
37  34  1.91853e+07
37  35  0
37  36  1.61104e+07
37  37  3.4266e+07
37  38  4.29788e+07
37  39  2.64985e+07
37  40  4.28469e+07
37  41  4.68317e+07
37  42  5.46389e+07
37  43  2.22743e+07
37  44  3.53456e+07
37  45  2.96288e+07
37  46  2.7121e+07
37  47  0
37  48  0
37  49  3.16251e+07
37  50  3.21629e+07
38  0  3.62307e+07
38  1  3.2379e+07
38  2  3.70463e+07
38  3  4.87821e+07
38  4  3.58659e+07
38  5  4.53059e+07
38  6  5.5433e+07
38  7  4.02927e+07
38  8  2.98171e+07
38  9  4.1591e+07
38  10  2.45661e+07
38  11  2.52954e+07
38  12  1.88358e+07
38  13  0
38  14  2.06208e+07
38  15  4.4957e+07
38  16  0
38  17  3.41181e+07
38  18  2.79199e+07
38  19  3.83013e+07
38  20  6.10712e+07
38  21  3.4103e+07
38  22  2.69169e+07
38  23  2.09798e+07
38  24  2.58996e+07
38  25  4.25722e+07
38  26  3.67906e+07
38  27  2.2881e+07
38  28  3.93197e+07
38  29  3.49551e+07
38  30  0
38  31  3.94687e+07
38  32  1.90083e+07
38  33  2.81371e+07
38  34  2.56592e+07
38  35  2.46164e+07
38  36  3.20127e+07
38  37  3.04948e+07
38  38  2.65574e+07
38  39  2.88219e+07
38  40  4.96217e+07
38  41  5.27716e+07
38  42  3.86123e+07
38  43  2.12017e+07
38  44  2.66304e+07
38  45  4.12144e+07
38  46  0
38  47  2.00212e+07
38  48  3.09799e+07
38  49  3.06764e+07
38  50  3.76529e+07
39  0  4.18429e+07
39  1  3.38572e+07
39  2  1.87524e+07
39  3  5.31889e+07
39  4  4.35991e+07
39  5  4.89367e+07
39  6  5.00277e+07
39  7  5.54417e+07
39  8  3.98236e+07
39  9  3.9329e+07
39  10  2.93888e+07
39  11  1.97522e+07
39  12  2.34605e+07
39  13  2.0179e+07
39  14  2.41075e+07
39  15  0
39  16  3.15226e+07
39  17  3.1794e+07
39  18  3.13542e+07
39  19  4.10845e+07
39  20  3.68464e+07
39  21  4.52108e+07
39  22  3.85273e+07
39  23  4.50192e+07
39  24  2.51904e+07
39  25  4.31295e+07
39  26  3.28246e+07
39  27  4.04597e+07
39  28  2.70893e+07
39  29  0
39  30  1.61389e+07
39  31  2.16955e+07
39  32  1.89728e+07
39  33  2.50738e+07
39  34  2.09727e+07
39  35  2.28486e+07
39  36  2.96017e+07
39  37  3.9584e+07
39  38  1.47543e+07
39  39  2.89059e+07
39  40  3.94683e+07
39  41  4.32127e+07
39  42  2.66123e+07
39  43  2.94176e+07
39  44  2.58189e+07
39  45  2.73434e+07
39  46  1.97417e+07
39  47  0
39  48  1.84239e+07
39  49  2.29949e+07
39  50  0
40  0  4.39796e+07
40  1  2.5953e+07
40  2  3.48995e+07
40  3  3.03203e+07
40  4  2.16035e+07
40  5  4.36504e+07
40  6  6.96119e+07
40  7  5.7596e+07
40  8  5.75735e+07
40  9  5.03819e+07
40  10  3.80813e+07
40  11  3.14301e+07
40  12  0
40  13  0
40  14  0
40  15  2.27921e+07
40  16  2.01401e+07
40  17  2.90223e+07
40  18  3.37599e+07
40  19  3.49631e+07
40  20  5.08106e+07
40  21  2.50176e+07
40  22  3.10811e+07
40  23  3.05844e+07
40  24  4.07264e+07
40  25  3.40793e+07
40  26  5.04509e+07
40  27  0
40  28  2.41023e+07
40  29  2.77115e+07
40  30  1.88823e+07
40  31  1.62635e+07
40  32  1.87121e+07
40  33  1.57739e+07
40  34  2.06324e+07
40  35  2.8163e+07
40  36  3.29866e+07
40  37  3.56402e+07
40  38  2.40359e+07
40  39  2.55622e+07
40  40  2.13496e+07
40  41  5.08159e+07
40  42  4.00785e+07
40  43  2.56395e+07
40  44  3.26307e+07
40  45  3.21858e+07
40  46  3.28507e+07
40  47  0
40  48  0
40  49  1.89437e+07
40  50  3.30455e+07
41  0  2.67348e+07
41  1  1.66766e+07
41  2  3.14248e+07
41  3  2.67245e+07
41  4  3.03415e+07
41  5  5.12656e+07
41  6  5.29218e+07
41  7  6.10115e+07
41  8  4.21039e+07
41  9  4.54327e+07
41  10  1.99031e+07
41  11  2.16763e+07
41  12  2.53978e+07
41  13  2.73173e+07
41  14  3.12972e+07
41  15  3.15832e+07
41  16  3.34928e+07
41  17  2.525e+07
41  18  4.36441e+07
41  19  5.63452e+07
41  20  3.80382e+07
41  21  4.66413e+07
41  22  2.77591e+07
41  23  3.93812e+07
41  24  4.38384e+07
41  25  2.62938e+07
41  26  2.55223e+07
41  27  2.39327e+07
41  28  2.72229e+07
41  29  0
41  30  0
41  31  0
41  32  3.27726e+07
41  33  2.37453e+07
41  34  0
41  35  4.10813e+07
41  36  4.10403e+07
41  37  2.79034e+07
41  38  4.26445e+07
41  39  3.8916e+07
41  40  5.27058e+07
41  41  4.95551e+07
41  42  3.45378e+07
41  43  0
41  44  4.38211e+07
41  45  3.45017e+07
41  46  3.23151e+07
41  47  0
41  48  0
41  49  1.9696e+07
41  50  0
42  0  3.13552e+07
42  1  1.98002e+07
42  2  2.9024e+07
42  3  3.03214e+07
42  4  2.84968e+07
42  5  5.50814e+07
42  6  6.66285e+07
42  7  6.18136e+07
42  8  3.62858e+07
42  9  3.18807e+07
42  10  3.23702e+07
42  11  2.85299e+07
42  12  1.86585e+07
42  13  2.24203e+07
42  14  2.03603e+07
42  15  2.34764e+07
42  16  2.34607e+07
42  17  2.67636e+07
42  18  4.3254e+07
42  19  3.56671e+07
42  20  4.43269e+07
42  21  5.91062e+07
42  22  2.57184e+07
42  23  4.028e+07
42  24  4.08801e+07
42  25  4.48838e+07
42  26  2.97713e+07
42  27  3.01635e+07
42  28  1.82042e+07
42  29  2.15967e+07
42  30  2.28724e+07
42  31  2.21615e+07
42  32  2.65859e+07
42  33  2.81807e+07
42  34  1.32401e+07
42  35  3.04836e+07
42  36  3.62277e+07
42  37  2.6759e+07
42  38  2.78966e+07
42  39  3.66449e+07
42  40  2.29942e+07
42  41  2.88674e+07
42  42  2.36478e+07
42  43  0
42  44  2.34572e+07
42  45  4.08768e+07
42  46  1.49698e+07
42  47  1.11405e+07
42  48  0
42  49  0
42  50  0
43  0  2.63667e+07
43  1  1.59046e+07
43  2  2.56985e+07
43  3  3.93406e+07
43  4  2.58787e+07
43  5  4.44373e+07
43  6  6.92681e+07
43  7  4.24635e+07
43  8  4.92079e+07
43  9  0
43  10  3.27722e+07
43  11  1.96273e+07
43  12  0
43  13  1.38495e+07
43  14  1.77508e+07
43  15  0
43  16  3.31951e+07
43  17  3.6408e+07
43  18  3.36122e+07
43  19  5.14251e+07
43  20  5.48502e+07
43  21  4.40658e+07
43  22  2.42776e+07
43  23  5.87849e+07
43  24  4.25584e+07
43  25  2.07702e+07
43  26  0
43  27  2.82611e+07
43  28  2.79467e+07
43  29  0
43  30  0
43  31  2.8838e+07
43  32  2.88761e+07
43  33  3.27068e+07
43  34  0
43  35  2.98535e+07
43  36  2.62271e+07
43  37  2.33245e+07
43  38  0
43  39  4.14233e+07
43  40  1.67312e+07
43  41  3.45426e+07
43  42  3.29595e+07
43  43  0
43  44  3.44737e+07
43  45  4.31473e+07
43  46  0
43  47  2.21636e+07
43  48  1.11493e+07
43  49  0
43  50  0
44  0  2.45854e+07
44  1  3.24694e+07
44  2  0
44  3  4.34794e+07
44  4  3.31613e+07
44  5  3.38402e+07
44  6  7.31497e+07
44  7  6.57628e+07
44  8  5.33863e+07
44  9  3.55485e+07
44  10  3.07263e+07
44  11  2.84723e+07
44  12  2.34982e+07
44  13  3.34006e+07
44  14  2.67986e+07
44  15  3.60659e+07
44  16  3.23398e+07
44  17  3.65528e+07
44  18  3.80878e+07
44  19  4.7738e+07
44  20  4.41836e+07
44  21  3.98101e+07
44  22  2.94619e+07
44  23  4.22076e+07
44  24  4.45576e+07
44  25  3.37819e+07
44  26  2.47743e+07
44  27  0
44  28  0
44  29  0
44  30  2.55377e+07
44  31  2.55293e+07
44  32  4.09727e+07
44  33  3.63546e+07
44  34  1.53515e+07
44  35  2.63519e+07
44  36  2.88203e+07
44  37  3.60566e+07
44  38  2.86674e+07
44  39  1.82654e+07
44  40  3.65658e+07
44  41  2.45258e+07
44  42  1.30137e+07
44  43  0
44  44  1.86857e+07
44  45  3.22955e+07
44  46  1.92387e+07
44  47  0
44  48  0
44  49  0
44  50  0
45  0  2.03396e+07
45  1  2.3271e+07
45  2  3.84217e+07
45  3  5.40214e+07
45  4  2.0785e+07
45  5  4.88277e+07
45  6  6.19047e+07
45  7  5.38609e+07
45  8  5.54771e+07
45  9  3.55299e+07
45  10  0
45  11  0
45  12  3.48549e+07
45  13  3.22504e+07
45  14  0
45  15  3.31029e+07
45  16  4.74996e+07
45  17  3.74237e+07
45  18  4.65132e+07
45  19  4.3048e+07
45  20  3.65547e+07
45  21  2.30837e+07
45  22  2.67629e+07
45  23  4.29944e+07
45  24  4.2423e+07
45  25  3.27591e+07
45  26  0
45  27  2.19414e+07
45  28  0
45  29  2.25978e+07
45  30  3.12305e+07
45  31  3.29418e+07
45  32  3.39848e+07
45  33  3.76423e+07
45  34  2.21192e+07
45  35  2.80659e+07
45  36  0
45  37  2.47123e+07
45  38  0
45  39  2.11449e+07
45  40  3.38692e+07
45  41  402140
45  42  2.17132e+07
45  43  0
45  44  2.31093e+07
45  45  2.57275e+07
45  46  0
45  47  0
45  48  0
45  49  0
45  50  0
46  0  2.28645e+07
46  1  0
46  2  3.24006e+07
46  3  4.56344e+07
46  4  0
46  5  3.90717e+07
46  6  6.84136e+07
46  7  5.36665e+07
46  8  4.99297e+07
46  9  3.72651e+07
46  10  2.78748e+07
46  11  2.18613e+07
46  12  2.12991e+07
46  13  0
46  14  2.41126e+07
46  15  3.23407e+07
46  16  3.39966e+07
46  17  3.82675e+07
46  18  3.26549e+07
46  19  3.43129e+07
46  20  3.62716e+07
46  21  3.16941e+07
46  22  4.84622e+07
46  23  4.22812e+07
46  24  5.10707e+07
46  25  3.12828e+07
46  26  2.90603e+07
46  27  2.64605e+07
46  28  0
46  29  2.69543e+07
46  30  2.75446e+07
46  31  0
46  32  5.5411e+07
46  33  2.02317e+07
46  34  0
46  35  1.57291e+07
46  36  3.01041e+07
46  37  0
46  38  2.97643e+07
46  39  2.51404e+07
46  40  2.91968e+07
46  41  2.0497e+07
46  42  2.01286e+07
46  43  0
46  44  0
46  45  1.83848e+07
46  46  0
46  47  0
46  48  0
46  49  0
46  50  0
47  0  2.01756e+07
47  1  2.59988e+07
47  2  1.43311e+07
47  3  4.66791e+07
47  4  2.75675e+07
47  5  4.07367e+07
47  6  6.21877e+07
47  7  5.6969e+07
47  8  5.99273e+07
47  9  5.49981e+07
47  10  0
47  11  0
47  12  2.31382e+07
47  13  2.54689e+07
47  14  2.75705e+07
47  15  3.2944e+07
47  16  3.01377e+07
47  17  2.97117e+07
47  18  3.11672e+07
47  19  4.20391e+07
47  20  4.92939e+07
47  21  4.02366e+07
47  22  3.18903e+07
47  23  4.74417e+07
47  24  5.16656e+07
47  25  2.81811e+07
47  26  1.81985e+07
47  27  2.45711e+07
47  28  2.51888e+07
47  29  2.35404e+07
47  30  0
47  31  2.05127e+07
47  32  2.09821e+07
47  33  2.71644e+07
47  34  0
47  35  0
47  36  1.42405e+07
47  37  1.85715e+07
47  38  2.17447e+07
47  39  1.90311e+07
47  40  0
47  41  2.15787e+07
47  42  1.46746e+07
47  43  0
47  44  0
47  45  1.56424e+07
47  46  0
47  47  0
47  48  0
47  49  0
47  50  0
48  0  1.65849e+07
48  1  2.20368e+07
48  2  2.37978e+07
48  3  4.41035e+07
48  4  1.44151e+07
48  5  3.39134e+07
48  6  5.66785e+07
48  7  5.97685e+07
48  8  4.92743e+07
48  9  4.92638e+07
48  10  1.74577e+07
48  11  2.7859e+07
48  12  2.94174e+07
48  13  1.40675e+07
48  14  2.59284e+07
48  15  2.66178e+07
48  16  3.94862e+07
48  17  4.03313e+07
48  18  2.91572e+07
48  19  3.32238e+07
48  20  4.777e+07
48  21  3.10394e+07
48  22  2.33074e+07
48  23  2.66527e+07
48  24  4.40389e+07
48  25  4.12855e+07
48  26  4.32782e+07
48  27  1.83767e+07
48  28  2.01249e+07
48  29  3.83003e+07
48  30  4.11133e+07
48  31  2.31556e+07
48  32  2.10685e+07
48  33  3.00738e+07
48  34  0
48  35  0
48  36  0
48  37  0
48  38  1.91767e+07
48  39  1.87604e+07
48  40  1.21118e+07
48  41  2.14136e+06
48  42  0
48  43  0
48  44  0
48  45  0
48  46  0
48  47  0
48  48  0
48  49  0
48  50  0
49  0  1.25791e+07
49  1  1.58396e+07
49  2  2.03587e+07
49  3  3.50723e+07
49  4  0
49  5  3.49884e+07
49  6  5.85875e+07
49  7  2.52304e+07
49  8  4.41454e+07
49  9  2.66365e+07
49  10  2.02855e+07
49  11  3.13602e+07
49  12  3.50637e+07
49  13  2.66053e+07
49  14  4.16683e+07
49  15  3.67148e+07
49  16  3.49323e+07
49  17  3.00458e+07
49  18  1.89613e+07
49  19  3.91988e+07
49  20  3.04387e+07
49  21  4.01878e+07
49  22  2.04868e+07
49  23  4.70047e+07
49  24  4.47365e+07
49  25  4.47909e+07
49  26  2.67041e+07
49  27  0
49  28  0
49  29  2.97706e+07
49  30  4.746e+07
49  31  0
49  32  2.03533e+07
49  33  1.71884e+07
49  34  1.2029e+07
49  35  0
49  36  0
49  37  0
49  38  0
49  39  0
49  40  0
49  41  0
49  42  0
49  43  0
49  44  0
49  45  0
49  46  0
49  47  0
49  48  0
49  49  0
49  50  0
50  0  0
50  1  0
50  2  0
50  3  3.29982e+07
50  4  2.73378e+07
50  5  2.20457e+07
50  6  6.3517e+07
50  7  6.63327e+07
50  8  5.01765e+07
50  9  4.6455e+07
50  10  2.14635e+07
50  11  0
50  12  5.88412e+06
50  13  3.32792e+07
50  14  2.88602e+07
50  15  2.65534e+07
50  16  3.56207e+07
50  17  2.754e+07
50  18  3.54744e+07
50  19  5.53178e+07
50  20  4.48805e+07
50  21  2.94233e+07
50  22  2.83605e+07
50  23  3.23082e+07
50  24  4.31718e+07
50  25  3.28759e+07
50  26  5.22365e+07
50  27  0
50  28  0
50  29  2.47679e+07
50  30  2.42516e+07
50  31  0
50  32  0
50  33  0
50  34  0
50  35  0
50  36  0
50  37  0
50  38  0
50  39  0
50  40  0
50  41  0
50  42  0
50  43  0
50  44  0
50  45  0
50  46  0
50  47  0
50  48  0
50  49  0
50  50  0

