row  column  (images_30.edf Fe-K*images_30.edf Ar-K**2.3)
0  0  4.20136e+07
0  1  4.32842e+07
0  2  5.28065e+07
0  3  5.55242e+07
0  4  3.77057e+07
0  5  5.82855e+07
0  6  4.37204e+07
0  7  4.0797e+07
0  8  7.02966e+07
0  9  8.7195e+07
0  10  6.16476e+07
0  11  3.95357e+07
0  12  5.82436e+07
0  13  4.66985e+07
0  14  7.39875e+07
0  15  5.36133e+07
0  16  5.24352e+07
0  17  6.34548e+07
0  18  6.58433e+07
0  19  6.97735e+07
0  20  7.34827e+07
0  21  7.42435e+07
0  22  6.51856e+07
0  23  5.79468e+07
0  24  7.04966e+07
0  25  5.71173e+07
0  26  7.31885e+07
0  27  4.7423e+07
0  28  5.72161e+07
0  29  5.38382e+07
0  30  6.4068e+07
0  31  7.09049e+07
0  32  6.55744e+07
0  33  5.15368e+07
0  34  5.60303e+07
0  35  7.01056e+07
0  36  6.31931e+07
0  37  7.34151e+07
0  38  7.43141e+07
0  39  7.1664e+07
0  40  1.09351e+08
0  41  9.63792e+07
0  42  8.7204e+07
0  43  1.21121e+08
0  44  1.16436e+08
0  45  1.23075e+08
0  46  1.5076e+08
0  47  1.52652e+08
0  48  1.30371e+08
0  49  1.13548e+08
0  50  1.12495e+08
1  0  6.18097e+07
1  1  6.83738e+07
1  2  4.75813e+07
1  3  4.93099e+07
1  4  4.29379e+07
1  5  5.38565e+07
1  6  4.13187e+07
1  7  5.65449e+07
1  8  6.80183e+07
1  9  6.93095e+07
1  10  4.4469e+07
1  11  6.86322e+07
1  12  5.88761e+07
1  13  6.46061e+07
1  14  6.65831e+07
1  15  6.60239e+07
1  16  7.08036e+07
1  17  7.27561e+07
1  18  6.98631e+07
1  19  7.67708e+07
1  20  5.63218e+07
1  21  6.30435e+07
1  22  4.82745e+07
1  23  7.08245e+07
1  24  8.42079e+07
1  25  6.50832e+07
1  26  6.46665e+07
1  27  6.78127e+07
1  28  5.96525e+07
1  29  7.64822e+07
1  30  6.24758e+07
1  31  6.6367e+07
1  32  5.77173e+07
1  33  8.15839e+07
1  34  7.83003e+07
1  35  8.70464e+07
1  36  6.37607e+07
1  37  6.33639e+07
1  38  7.49019e+07
1  39  7.33691e+07
1  40  9.14807e+07
1  41  1.16861e+08
1  42  1.09531e+08
1  43  1.14628e+08
1  44  1.03944e+08
1  45  1.36457e+08
1  46  1.72672e+08
1  47  1.47248e+08
1  48  1.55521e+08
1  49  1.1531e+08
1  50  1.04743e+08
2  0  4.87033e+07
2  1  5.07339e+07
2  2  5.66821e+07
2  3  6.46691e+07
2  4  3.97861e+07
2  5  5.25916e+07
2  6  3.68597e+07
2  7  5.3843e+07
2  8  5.95409e+07
2  9  7.69685e+07
2  10  3.54043e+07
2  11  5.63228e+07
2  12  5.165e+07
2  13  8.5571e+07
2  14  7.82531e+07
2  15  5.82587e+07
2  16  5.71647e+07
2  17  6.85532e+07
2  18  6.63662e+07
2  19  7.61812e+07
2  20  6.67879e+07
2  21  5.75745e+07
2  22  6.44873e+07
2  23  5.70447e+07
2  24  9.5054e+07
2  25  7.00448e+07
2  26  7.49907e+07
2  27  5.94784e+07
2  28  6.84382e+07
2  29  5.17698e+07
2  30  6.43529e+07
2  31  5.80806e+07
2  32  5.80611e+07
2  33  6.04076e+07
2  34  8.96244e+07
2  35  5.9835e+07
2  36  6.72331e+07
2  37  8.00119e+07
2  38  6.56132e+07
2  39  7.57448e+07
2  40  8.59792e+07
2  41  8.58662e+07
2  42  9.0367e+07
2  43  1.18757e+08
2  44  1.13458e+08
2  45  9.84201e+07
2  46  1.5737e+08
2  47  1.5697e+08
2  48  1.21945e+08
2  49  1.07686e+08
2  50  1.04599e+08
3  0  6.63189e+07
3  1  6.08898e+07
3  2  4.44395e+07
3  3  6.6146e+07
3  4  5.65984e+07
3  5  4.73444e+07
3  6  4.73602e+07
3  7  5.97212e+07
3  8  5.15617e+07
3  9  8.19969e+07
3  10  4.59361e+07
3  11  4.73798e+07
3  12  5.41102e+07
3  13  7.43525e+07
3  14  9.23132e+07
3  15  7.08749e+07
3  16  4.81406e+07
3  17  6.87534e+07
3  18  5.70985e+07
3  19  8.06997e+07
3  20  6.53566e+07
3  21  6.81424e+07
3  22  6.99266e+07
3  23  7.49423e+07
3  24  9.10417e+07
3  25  6.42582e+07
3  26  9.5549e+07
3  27  7.51629e+07
3  28  6.88115e+07
3  29  7.42991e+07
3  30  6.00903e+07
3  31  7.28749e+07
3  32  5.50984e+07
3  33  7.65549e+07
3  34  6.01428e+07
3  35  6.73623e+07
3  36  7.73097e+07
3  37  8.28429e+07
3  38  7.15233e+07
3  39  1.04906e+08
3  40  9.00686e+07
3  41  1.11043e+08
3  42  1.00441e+08
3  43  1.10509e+08
3  44  1.12515e+08
3  45  8.54294e+07
3  46  1.17614e+08
3  47  1.17547e+08
3  48  1.03855e+08
3  49  9.46401e+07
3  50  1.07895e+08
4  0  6.17988e+07
4  1  7.66708e+07
4  2  3.85375e+07
4  3  7.41217e+07
4  4  5.66029e+07
4  5  4.03101e+07
4  6  4.37461e+07
4  7  4.17253e+07
4  8  5.54226e+07
4  9  6.47796e+07
4  10  5.11552e+07
4  11  5.4566e+07
4  12  5.44111e+07
4  13  8.40193e+07
4  14  1.34903e+08
4  15  7.14997e+07
4  16  8.38895e+07
4  17  7.57483e+07
4  18  6.22919e+07
4  19  8.47751e+07
4  20  6.56515e+07
4  21  6.79327e+07
4  22  7.26966e+07
4  23  8.10007e+07
4  24  1.17013e+08
4  25  7.53699e+07
4  26  9.55322e+07
4  27  6.8785e+07
4  28  7.05719e+07
4  29  7.25893e+07
4  30  6.44567e+07
4  31  7.72109e+07
4  32  8.3993e+07
4  33  7.31534e+07
4  34  7.08075e+07
4  35  8.36011e+07
4  36  9.02701e+07
4  37  7.17613e+07
4  38  8.46884e+07
4  39  6.55602e+07
4  40  9.20181e+07
4  41  1.27501e+08
4  42  1.04101e+08
4  43  1.01898e+08
4  44  1.1729e+08
4  45  1.22018e+08
4  46  1.03522e+08
4  47  9.95468e+07
4  48  9.6892e+07
4  49  1.05385e+08
4  50  1.14411e+08
5  0  6.3327e+07
5  1  6.29296e+07
5  2  4.83138e+07
5  3  6.03277e+07
5  4  5.3423e+07
5  5  6.2104e+07
5  6  3.50208e+07
5  7  4.60834e+07
5  8  5.29223e+07
5  9  5.95278e+07
5  10  3.98958e+07
5  11  6.89796e+07
5  12  5.29886e+07
5  13  9.01209e+07
5  14  1.00811e+08
5  15  6.96201e+07
5  16  5.52659e+07
5  17  8.08113e+07
5  18  8.57396e+07
5  19  6.12173e+07
5  20  6.83917e+07
5  21  5.86803e+07
5  22  6.90325e+07
5  23  8.98832e+07
5  24  1.15919e+08
5  25  8.87936e+07
5  26  1.04551e+08
5  27  7.40727e+07
5  28  6.79813e+07
5  29  7.91729e+07
5  30  8.42887e+07
5  31  7.34509e+07
5  32  7.84146e+07
5  33  5.95143e+07
5  34  8.18055e+07
5  35  8.74507e+07
5  36  1.06421e+08
5  37  8.84801e+07
5  38  6.79819e+07
5  39  7.25379e+07
5  40  1.13196e+08
5  41  1.35984e+08
5  42  1.30344e+08
5  43  1.36349e+08
5  44  1.25252e+08
5  45  1.24038e+08
5  46  1.00565e+08
5  47  1.11538e+08
5  48  1.17036e+08
5  49  1.18977e+08
5  50  1.06572e+08
6  0  6.01246e+07
6  1  5.60016e+07
6  2  4.35139e+07
6  3  5.9653e+07
6  4  4.75301e+07
6  5  6.4885e+07
6  6  4.11175e+07
6  7  5.69275e+07
6  8  4.85667e+07
6  9  4.9505e+07
6  10  4.26493e+07
6  11  5.50428e+07
6  12  6.52856e+07
6  13  8.33519e+07
6  14  9.12942e+07
6  15  7.423e+07
6  16  7.129e+07
6  17  5.75961e+07
6  18  6.91214e+07
6  19  7.31743e+07
6  20  6.72593e+07
6  21  7.27624e+07
6  22  7.64197e+07
6  23  7.78985e+07
6  24  9.61087e+07
6  25  9.74213e+07
6  26  1.2383e+08
6  27  7.11548e+07
6  28  7.64364e+07
6  29  7.82925e+07
6  30  1.01855e+08
6  31  1.08396e+08
6  32  9.86868e+07
6  33  7.21577e+07
6  34  9.81695e+07
6  35  9.36167e+07
6  36  1.08978e+08
6  37  9.44658e+07
6  38  8.74812e+07
6  39  1.0521e+08
6  40  1.02156e+08
6  41  1.30837e+08
6  42  1.16016e+08
6  43  1.11642e+08
6  44  1.07278e+08
6  45  1.21891e+08
6  46  1.10843e+08
6  47  1.07573e+08
6  48  1.00143e+08
6  49  1.17412e+08
6  50  9.46449e+07
7  0  7.31176e+07
7  1  8.11024e+07
7  2  6.30596e+07
7  3  5.30583e+07
7  4  4.16178e+07
7  5  5.57122e+07
7  6  4.83951e+07
7  7  5.2933e+07
7  8  4.13646e+07
7  9  5.53697e+07
7  10  4.83182e+07
7  11  5.78772e+07
7  12  8.59666e+07
7  13  1.05669e+08
7  14  9.08077e+07
7  15  6.53411e+07
7  16  6.38535e+07
7  17  8.64732e+07
7  18  7.10629e+07
7  19  6.80471e+07
7  20  6.30253e+07
7  21  8.15715e+07
7  22  1.17165e+08
7  23  9.00705e+07
7  24  9.87341e+07
7  25  9.3759e+07
7  26  1.3629e+08
7  27  8.21229e+07
7  28  9.30738e+07
7  29  8.81636e+07
7  30  9.5115e+07
7  31  1.38773e+08
7  32  1.04616e+08
7  33  8.48292e+07
7  34  8.81635e+07
7  35  9.36374e+07
7  36  1.13462e+08
7  37  9.58684e+07
7  38  8.1351e+07
7  39  9.74165e+07
7  40  1.16042e+08
7  41  1.62949e+08
7  42  1.23415e+08
7  43  1.12102e+08
7  44  1.09828e+08
7  45  1.1045e+08
7  46  8.74173e+07
7  47  8.89171e+07
7  48  1.04475e+08
7  49  1.22933e+08
7  50  1.00638e+08
8  0  5.9815e+07
8  1  8.91514e+07
8  2  6.80947e+07
8  3  7.0001e+07
8  4  3.98338e+07
8  5  6.13134e+07
8  6  5.99251e+07
8  7  5.68609e+07
8  8  6.53083e+07
8  9  4.67414e+07
8  10  4.99996e+07
8  11  6.97173e+07
8  12  5.604e+07
8  13  1.05668e+08
8  14  7.59599e+07
8  15  1.00214e+08
8  16  5.56671e+07
8  17  8.50696e+07
8  18  7.87627e+07
8  19  6.57199e+07
8  20  5.52459e+07
8  21  9.86945e+07
8  22  1.03071e+08
8  23  9.05616e+07
8  24  9.79765e+07
8  25  8.37646e+07
8  26  1.28606e+08
8  27  9.45002e+07
8  28  1.01614e+08
8  29  1.01647e+08
8  30  1.04869e+08
8  31  1.50165e+08
8  32  1.59938e+08
8  33  8.91786e+07
8  34  1.13928e+08
8  35  1.24585e+08
8  36  1.32521e+08
8  37  1.06631e+08
8  38  9.14296e+07
8  39  8.97774e+07
8  40  1.50525e+08
8  41  1.87771e+08
8  42  1.35562e+08
8  43  1.14943e+08
8  44  1.0399e+08
8  45  1.12609e+08
8  46  9.3824e+07
8  47  1.04143e+08
8  48  1.00823e+08
8  49  1.11131e+08
8  50  1.22192e+08
9  0  7.86297e+07
9  1  8.2019e+07
9  2  4.73375e+07
9  3  5.56686e+07
9  4  4.72744e+07
9  5  5.27388e+07
9  6  4.63608e+07
9  7  5.24763e+07
9  8  5.25647e+07
9  9  4.17099e+07
9  10  5.56111e+07
9  11  5.249e+07
9  12  7.60186e+07
9  13  1.40678e+08
9  14  8.44633e+07
9  15  8.15463e+07
9  16  7.26999e+07
9  17  9.48211e+07
9  18  7.86032e+07
9  19  7.72914e+07
9  20  6.32933e+07
9  21  9.97815e+07
9  22  1.19347e+08
9  23  1.19171e+08
9  24  9.91341e+07
9  25  1.20218e+08
9  26  1.10444e+08
9  27  1.17344e+08
9  28  1.28846e+08
9  29  1.26264e+08
9  30  1.22111e+08
9  31  1.34736e+08
9  32  1.41019e+08
9  33  1.12155e+08
9  34  1.14597e+08
9  35  1.32373e+08
9  36  1.4992e+08
9  37  1.17911e+08
9  38  1.08609e+08
9  39  9.01107e+07
9  40  1.49815e+08
9  41  2.17863e+08
9  42  1.19802e+08
9  43  8.87996e+07
9  44  8.76529e+07
9  45  9.65462e+07
9  46  1.03075e+08
9  47  9.35292e+07
9  48  1.09105e+08
9  49  1.27485e+08
9  50  1.16648e+08
10  0  6.91996e+07
10  1  5.67573e+07
10  2  5.70394e+07
10  3  7.46422e+07
10  4  5.35218e+07
10  5  5.9309e+07
10  6  4.57254e+07
10  7  3.46004e+07
10  8  4.97629e+07
10  9  5.43263e+07
10  10  5.10138e+07
10  11  5.47366e+07
10  12  7.33844e+07
10  13  1.25999e+08
10  14  7.92864e+07
10  15  8.38092e+07
10  16  8.33014e+07
10  17  1.18978e+08
10  18  9.59367e+07
10  19  7.67363e+07
10  20  7.39237e+07
10  21  1.22514e+08
10  22  1.1064e+08
10  23  1.28692e+08
10  24  1.28087e+08
10  25  1.29934e+08
10  26  1.21818e+08
10  27  9.64152e+07
10  28  1.18868e+08
10  29  1.23661e+08
10  30  1.3914e+08
10  31  1.49427e+08
10  32  1.58326e+08
10  33  1.27041e+08
10  34  9.77197e+07
10  35  1.37155e+08
10  36  1.43756e+08
10  37  1.14924e+08
10  38  1.26103e+08
10  39  1.05214e+08
10  40  1.40513e+08
10  41  2.43424e+08
10  42  1.43981e+08
10  43  8.79708e+07
10  44  1.02549e+08
10  45  1.10569e+08
10  46  1.02679e+08
10  47  8.48033e+07
10  48  8.54373e+07
10  49  1.37517e+08
10  50  1.43341e+08
11  0  7.18119e+07
11  1  7.75312e+07
11  2  6.48452e+07
11  3  6.33609e+07
11  4  5.61586e+07
11  5  5.0266e+07
11  6  4.32854e+07
11  7  4.52997e+07
11  8  6.27253e+07
11  9  4.43053e+07
11  10  6.10848e+07
11  11  7.05083e+07
11  12  7.6796e+07
11  13  1.57464e+08
11  14  8.33702e+07
11  15  8.3565e+07
11  16  9.35223e+07
11  17  1.30751e+08
11  18  7.84933e+07
11  19  8.04669e+07
11  20  1.02987e+08
11  21  1.73853e+08
11  22  1.41481e+08
11  23  1.44242e+08
11  24  1.15895e+08
11  25  1.15543e+08
11  26  1.13038e+08
11  27  1.06688e+08
11  28  1.43047e+08
11  29  1.29523e+08
11  30  1.57054e+08
11  31  1.65824e+08
11  32  1.70186e+08
11  33  1.14633e+08
11  34  1.28461e+08
11  35  1.4232e+08
11  36  1.10524e+08
11  37  1.27325e+08
11  38  1.14499e+08
11  39  1.2908e+08
11  40  1.35508e+08
11  41  3.57645e+08
11  42  1.23705e+08
11  43  9.44432e+07
11  44  1.01148e+08
11  45  9.02894e+07
11  46  9.65827e+07
11  47  1.00154e+08
11  48  8.80048e+07
11  49  1.46766e+08
11  50  1.43731e+08
12  0  5.43444e+07
12  1  5.55232e+07
12  2  4.98819e+07
12  3  5.16208e+07
12  4  4.8691e+07
12  5  4.74191e+07
12  6  4.50365e+07
12  7  4.67268e+07
12  8  6.92695e+07
12  9  5.86945e+07
12  10  5.12778e+07
12  11  7.39845e+07
12  12  6.38044e+07
12  13  2.09709e+08
12  14  9.58095e+07
12  15  1.09374e+08
12  16  9.94663e+07
12  17  1.71383e+08
12  18  9.04894e+07
12  19  9.7926e+07
12  20  8.95699e+07
12  21  1.78745e+08
12  22  1.52101e+08
12  23  1.60178e+08
12  24  1.18144e+08
12  25  1.15637e+08
12  26  1.31925e+08
12  27  1.14016e+08
12  28  1.59843e+08
12  29  1.85479e+08
12  30  1.61921e+08
12  31  1.83807e+08
12  32  1.89191e+08
12  33  1.26919e+08
12  34  1.20539e+08
12  35  1.24718e+08
12  36  1.27108e+08
12  37  1.26106e+08
12  38  1.38115e+08
12  39  1.29355e+08
12  40  1.08961e+08
12  41  2.2785e+08
12  42  1.3417e+08
12  43  8.64035e+07
12  44  8.77002e+07
12  45  1.27225e+08
12  46  9.18341e+07
12  47  1.03028e+08
12  48  1.04755e+08
12  49  1.3247e+08
12  50  1.56383e+08
13  0  6.18725e+07
13  1  6.40882e+07
13  2  5.48346e+07
13  3  5.35227e+07
13  4  6.31834e+07
13  5  4.32156e+07
13  6  4.95349e+07
13  7  4.87068e+07
13  8  6.29852e+07
13  9  5.57056e+07
13  10  7.93532e+07
13  11  7.37865e+07
13  12  1.10254e+08
13  13  3.36545e+08
13  14  1.03326e+08
13  15  8.78101e+07
13  16  9.29629e+07
13  17  1.66657e+08
13  18  1.07701e+08
13  19  1.07528e+08
13  20  1.13697e+08
13  21  1.6874e+08
13  22  1.6161e+08
13  23  1.84272e+08
13  24  1.27875e+08
13  25  9.73515e+07
13  26  1.00876e+08
13  27  1.38368e+08
13  28  1.7908e+08
13  29  1.688e+08
13  30  1.67186e+08
13  31  1.86709e+08
13  32  1.53758e+08
13  33  1.54123e+08
13  34  1.28289e+08
13  35  1.51223e+08
13  36  1.21328e+08
13  37  1.42505e+08
13  38  1.23735e+08
13  39  1.1651e+08
13  40  1.30385e+08
13  41  1.62003e+08
13  42  1.09667e+08
13  43  8.18859e+07
13  44  1.13535e+08
13  45  1.45704e+08
13  46  9.4817e+07
13  47  9.77598e+07
13  48  1.07068e+08
13  49  1.22357e+08
13  50  1.28454e+08
14  0  7.96726e+07
14  1  6.58951e+07
14  2  4.46906e+07
14  3  3.54791e+07
14  4  4.47707e+07
14  5  5.02098e+07
14  6  5.48818e+07
14  7  4.80912e+07
14  8  6.90727e+07
14  9  6.36467e+07
14  10  4.12592e+07
14  11  1.05815e+08
14  12  8.30275e+07
14  13  2.07609e+08
14  14  9.15076e+07
14  15  1.30036e+08
14  16  9.51664e+07
14  17  2.4428e+08
14  18  1.25492e+08
14  19  8.52709e+07
14  20  9.88093e+07
14  21  1.66052e+08
14  22  2.0098e+08
14  23  1.48495e+08
14  24  1.22986e+08
14  25  1.19046e+08
14  26  1.26092e+08
14  27  1.02325e+08
14  28  1.7958e+08
14  29  1.67942e+08
14  30  1.60599e+08
14  31  1.50693e+08
14  32  1.58067e+08
14  33  1.18956e+08
14  34  1.35169e+08
14  35  1.32035e+08
14  36  1.28291e+08
14  37  1.39341e+08
14  38  1.07275e+08
14  39  8.66601e+07
14  40  1.07694e+08
14  41  1.37861e+08
14  42  9.94944e+07
14  43  7.3394e+07
14  44  1.01851e+08
14  45  1.85367e+08
14  46  8.98728e+07
14  47  8.90659e+07
14  48  1.00722e+08
14  49  1.15756e+08
14  50  1.07383e+08
15  0  7.28666e+07
15  1  5.97422e+07
15  2  5.40761e+07
15  3  5.10623e+07
15  4  7.32281e+07
15  5  6.22464e+07
15  6  5.15002e+07
15  7  5.91542e+07
15  8  3.39697e+07
15  9  6.99792e+07
15  10  6.71236e+07
15  11  9.28992e+07
15  12  1.10844e+08
15  13  1.84222e+08
15  14  9.967e+07
15  15  1.00566e+08
15  16  1.02653e+08
15  17  2.61797e+08
15  18  9.71513e+07
15  19  1.07736e+08
15  20  1.17872e+08
15  21  2.14088e+08
15  22  2.06817e+08
15  23  1.33847e+08
15  24  1.36102e+08
15  25  1.20032e+08
15  26  1.42108e+08
15  27  1.39272e+08
15  28  1.96123e+08
15  29  1.63137e+08
15  30  1.36508e+08
15  31  1.79978e+08
15  32  1.37579e+08
15  33  1.36133e+08
15  34  1.21375e+08
15  35  1.57254e+08
15  36  1.52169e+08
15  37  1.44177e+08
15  38  1.10436e+08
15  39  8.8196e+07
15  40  1.1031e+08
15  41  1.22448e+08
15  42  9.92331e+07
15  43  9.09527e+07
15  44  1.08222e+08
15  45  1.55763e+08
15  46  1.01618e+08
15  47  1.17351e+08
15  48  9.26779e+07
15  49  1.19816e+08
15  50  1.15964e+08
16  0  7.46501e+07
16  1  5.89317e+07
16  2  5.08602e+07
16  3  6.45774e+07
16  4  4.72189e+07
16  5  4.37566e+07
16  6  5.53834e+07
16  7  5.94584e+07
16  8  8.011e+07
16  9  5.99271e+07
16  10  6.4905e+07
16  11  8.57134e+07
16  12  7.5508e+07
16  13  1.13055e+08
16  14  8.05998e+07
16  15  1.11664e+08
16  16  1.12723e+08
16  17  2.36828e+08
16  18  1.18028e+08
16  19  9.82087e+07
16  20  1.15294e+08
16  21  1.67363e+08
16  22  2.30406e+08
16  23  1.51024e+08
16  24  1.64264e+08
16  25  1.32909e+08
16  26  1.45957e+08
16  27  1.15574e+08
16  28  2.20636e+08
16  29  1.76219e+08
16  30  1.42806e+08
16  31  1.39522e+08
16  32  1.67498e+08
16  33  1.18496e+08
16  34  1.17057e+08
16  35  1.32632e+08
16  36  1.23644e+08
16  37  1.30833e+08
16  38  1.30575e+08
16  39  9.00405e+07
16  40  1.02941e+08
16  41  1.10994e+08
16  42  1.06917e+08
16  43  9.04502e+07
16  44  7.98047e+07
16  45  1.15291e+08
16  46  8.64344e+07
16  47  9.12234e+07
16  48  9.60291e+07
16  49  1.19633e+08
16  50  7.75665e+07
17  0  7.92149e+07
17  1  6.39388e+07
17  2  4.12893e+07
17  3  5.7189e+07
17  4  4.44993e+07
17  5  6.12881e+07
17  6  6.63442e+07
17  7  5.60227e+07
17  8  4.61601e+07
17  9  4.84562e+07
17  10  7.95558e+07
17  11  9.55978e+07
17  12  8.85586e+07
17  13  1.21715e+08
17  14  8.5129e+07
17  15  1.16564e+08
17  16  1.07708e+08
17  17  1.67631e+08
17  18  1.00307e+08
17  19  1.0717e+08
17  20  1.02176e+08
17  21  1.57377e+08
17  22  2.20157e+08
17  23  1.15084e+08
17  24  1.32214e+08
17  25  1.26297e+08
17  26  1.43508e+08
17  27  1.51587e+08
17  28  2.25216e+08
17  29  1.78566e+08
17  30  1.56122e+08
17  31  1.41945e+08
17  32  1.38201e+08
17  33  1.29674e+08
17  34  1.15927e+08
17  35  1.47037e+08
17  36  1.38055e+08
17  37  1.41333e+08
17  38  1.16807e+08
17  39  1.16902e+08
17  40  1.02866e+08
17  41  1.2247e+08
17  42  1.09964e+08
17  43  8.28056e+07
17  44  1.06301e+08
17  45  1.01869e+08
17  46  7.42087e+07
17  47  9.00642e+07
17  48  8.85047e+07
17  49  9.46682e+07
17  50  9.60551e+07
18  0  6.40641e+07
18  1  7.10518e+07
18  2  6.31528e+07
18  3  6.10527e+07
18  4  4.82726e+07
18  5  5.56556e+07
18  6  6.21962e+07
18  7  6.26624e+07
18  8  4.88524e+07
18  9  7.24746e+07
18  10  5.73092e+07
18  11  7.43644e+07
18  12  7.61181e+07
18  13  1.25974e+08
18  14  8.86723e+07
18  15  9.20354e+07
18  16  8.89837e+07
18  17  1.46268e+08
18  18  1.10862e+08
18  19  8.22979e+07
18  20  1.12463e+08
18  21  1.32559e+08
18  22  1.70726e+08
18  23  1.28363e+08
18  24  1.3549e+08
18  25  1.42391e+08
18  26  1.74976e+08
18  27  1.33351e+08
18  28  2.03166e+08
18  29  1.47549e+08
18  30  1.54316e+08
18  31  1.7558e+08
18  32  1.28373e+08
18  33  1.35089e+08
18  34  1.30827e+08
18  35  1.89649e+08
18  36  1.5303e+08
18  37  1.51653e+08
18  38  1.10097e+08
18  39  9.31161e+07
18  40  1.04283e+08
18  41  1.02246e+08
18  42  1.14226e+08
18  43  8.98355e+07
18  44  1.03891e+08
18  45  8.5403e+07
18  46  8.50683e+07
18  47  9.61001e+07
18  48  9.40794e+07
18  49  8.88681e+07
18  50  7.15631e+07
19  0  5.44819e+07
19  1  5.33389e+07
19  2  6.3007e+07
19  3  6.57435e+07
19  4  6.83009e+07
19  5  6.21707e+07
19  6  6.61949e+07
19  7  6.64078e+07
19  8  5.56264e+07
19  9  6.88616e+07
19  10  6.06171e+07
19  11  7.77612e+07
19  12  7.8724e+07
19  13  8.91974e+07
19  14  8.57262e+07
19  15  1.21205e+08
19  16  1.07892e+08
19  17  1.59793e+08
19  18  8.73644e+07
19  19  1.02539e+08
19  20  1.07482e+08
19  21  1.51858e+08
19  22  1.54105e+08
19  23  1.16489e+08
19  24  1.42237e+08
19  25  1.11985e+08
19  26  1.74946e+08
19  27  1.40485e+08
19  28  2.09008e+08
19  29  1.67978e+08
19  30  1.41557e+08
19  31  1.43822e+08
19  32  1.23301e+08
19  33  1.30894e+08
19  34  1.39166e+08
19  35  1.44752e+08
19  36  1.61582e+08
19  37  1.23259e+08
19  38  1.12652e+08
19  39  1.1229e+08
19  40  9.20914e+07
19  41  1.09562e+08
19  42  1.15519e+08
19  43  1.11411e+08
19  44  1.10982e+08
19  45  1.00361e+08
19  46  5.86531e+07
19  47  8.13012e+07
19  48  7.07514e+07
19  49  1.00712e+08
19  50  8.95453e+07
20  0  6.5642e+07
20  1  5.81049e+07
20  2  5.72556e+07
20  3  6.27557e+07
20  4  5.93068e+07
20  5  5.30029e+07
20  6  5.21905e+07
20  7  6.6046e+07
20  8  6.72059e+07
20  9  8.48417e+07
20  10  4.6957e+07
20  11  9.16682e+07
20  12  6.08251e+07
20  13  8.95671e+07
20  14  1.09482e+08
20  15  1.11091e+08
20  16  8.219e+07
20  17  1.24356e+08
20  18  8.24869e+07
20  19  9.12715e+07
20  20  1.24235e+08
20  21  1.5803e+08
20  22  1.65738e+08
20  23  1.268e+08
20  24  1.29452e+08
20  25  1.15763e+08
20  26  1.54493e+08
20  27  1.60294e+08
20  28  1.8026e+08
20  29  1.64354e+08
20  30  1.37962e+08
20  31  1.53746e+08
20  32  1.17826e+08
20  33  1.11534e+08
20  34  1.19861e+08
20  35  2.31089e+08
20  36  1.60087e+08
20  37  1.62837e+08
20  38  9.64061e+07
20  39  8.00031e+07
20  40  9.74591e+07
20  41  9.26412e+07
20  42  9.83108e+07
20  43  1.21592e+08
20  44  1.09691e+08
20  45  1.06116e+08
20  46  7.21234e+07
20  47  6.72359e+07
20  48  8.2165e+07
20  49  9.38888e+07
20  50  8.59207e+07
21  0  5.26646e+07
21  1  6.28874e+07
21  2  8.12795e+07
21  3  7.21888e+07
21  4  4.79312e+07
21  5  6.15415e+07
21  6  5.12205e+07
21  7  6.16539e+07
21  8  6.99001e+07
21  9  8.28623e+07
21  10  6.23265e+07
21  11  6.85691e+07
21  12  8.21417e+07
21  13  7.07717e+07
21  14  9.11696e+07
21  15  8.6558e+07
21  16  8.79562e+07
21  17  1.25085e+08
21  18  1.15367e+08
21  19  1.0456e+08
21  20  1.07726e+08
21  21  1.36956e+08
21  22  1.42535e+08
21  23  1.30304e+08
21  24  1.43749e+08
21  25  1.18215e+08
21  26  1.33871e+08
21  27  1.39928e+08
21  28  1.74641e+08
21  29  1.49871e+08
21  30  1.62918e+08
21  31  1.55107e+08
21  32  1.4771e+08
21  33  1.07755e+08
21  34  1.19673e+08
21  35  1.60854e+08
21  36  2.16503e+08
21  37  1.51779e+08
21  38  1.07342e+08
21  39  7.88229e+07
21  40  7.50526e+07
21  41  9.84322e+07
21  42  1.29602e+08
21  43  1.42878e+08
21  44  9.15753e+07
21  45  1.0645e+08
21  46  8.52903e+07
21  47  6.72194e+07
21  48  7.97582e+07
21  49  7.42995e+07
21  50  7.53199e+07
22  0  7.22741e+07
22  1  6.40179e+07
22  2  4.30499e+07
22  3  6.06076e+07
22  4  5.90666e+07
22  5  5.2353e+07
22  6  6.53889e+07
22  7  6.74071e+07
22  8  6.00656e+07
22  9  7.60664e+07
22  10  6.49427e+07
22  11  7.30589e+07
22  12  8.58773e+07
22  13  8.03796e+07
22  14  1.07544e+08
22  15  1.09093e+08
22  16  1.03961e+08
22  17  1.17768e+08
22  18  1.17203e+08
22  19  1.14315e+08
22  20  1.05598e+08
22  21  1.5103e+08
22  22  1.75413e+08
22  23  1.47333e+08
22  24  1.23366e+08
22  25  9.52217e+07
22  26  1.37495e+08
22  27  1.10468e+08
22  28  1.65577e+08
22  29  1.67128e+08
22  30  1.77336e+08
22  31  1.55373e+08
22  32  1.32027e+08
22  33  1.1699e+08
22  34  1.35768e+08
22  35  1.7792e+08
22  36  1.48028e+08
22  37  1.58325e+08
22  38  9.35028e+07
22  39  8.90539e+07
22  40  9.33165e+07
22  41  9.2812e+07
22  42  1.14516e+08
22  43  1.50868e+08
22  44  8.73539e+07
22  45  9.88797e+07
22  46  9.04499e+07
22  47  5.30366e+07
22  48  6.02196e+07
22  49  6.79014e+07
22  50  7.28715e+07
23  0  7.55125e+07
23  1  7.11266e+07
23  2  6.21155e+07
23  3  5.612e+07
23  4  4.50789e+07
23  5  6.12187e+07
23  6  7.64929e+07
23  7  6.78304e+07
23  8  7.28434e+07
23  9  7.47537e+07
23  10  7.3247e+07
23  11  8.4253e+07
23  12  6.69805e+07
23  13  9.34264e+07
23  14  8.20107e+07
23  15  9.39654e+07
23  16  7.93338e+07
23  17  1.33838e+08
23  18  1.20994e+08
23  19  1.05485e+08
23  20  1.40354e+08
23  21  1.5227e+08
23  22  1.45967e+08
23  23  1.75128e+08
23  24  1.23588e+08
23  25  1.24654e+08
23  26  1.18341e+08
23  27  1.55897e+08
23  28  1.61819e+08
23  29  1.74989e+08
23  30  2.11718e+08
23  31  1.40569e+08
23  32  1.39253e+08
23  33  1.2121e+08
23  34  1.61383e+08
23  35  1.59424e+08
23  36  1.5624e+08
23  37  1.29551e+08
23  38  8.68389e+07
23  39  7.18655e+07
23  40  8.32609e+07
23  41  1.17958e+08
23  42  1.55183e+08
23  43  1.66756e+08
23  44  9.98389e+07
23  45  9.94372e+07
23  46  8.88177e+07
23  47  7.3802e+07
23  48  6.36875e+07
23  49  7.21077e+07
23  50  7.24296e+07
24  0  5.59061e+07
24  1  6.20379e+07
24  2  7.24959e+07
24  3  6.56238e+07
24  4  5.20517e+07
24  5  6.30198e+07
24  6  6.52984e+07
24  7  5.71657e+07
24  8  8.1829e+07
24  9  6.57038e+07
24  10  6.38927e+07
24  11  7.32921e+07
24  12  8.13991e+07
24  13  6.94702e+07
24  14  6.90996e+07
24  15  8.96388e+07
24  16  1.1148e+08
24  17  1.30006e+08
24  18  1.18643e+08
24  19  1.2092e+08
24  20  1.41372e+08
24  21  1.40523e+08
24  22  1.57379e+08
24  23  1.66433e+08
24  24  1.25952e+08
24  25  1.37668e+08
24  26  1.27992e+08
24  27  1.17116e+08
24  28  1.67342e+08
24  29  1.36226e+08
24  30  1.91219e+08
24  31  1.52419e+08
24  32  1.38028e+08
24  33  1.35601e+08
24  34  1.49919e+08
24  35  1.30218e+08
24  36  1.29928e+08
24  37  1.24168e+08
24  38  8.86603e+07
24  39  7.21079e+07
24  40  8.63559e+07
24  41  1.02755e+08
24  42  1.51999e+08
24  43  2.01521e+08
24  44  1.18147e+08
24  45  9.50281e+07
24  46  8.37085e+07
24  47  7.30197e+07
24  48  7.59813e+07
24  49  7.76235e+07
24  50  6.34206e+07
25  0  5.65856e+07
25  1  6.61806e+07
25  2  6.9864e+07
25  3  7.80374e+07
25  4  5.83237e+07
25  5  5.4548e+07
25  6  7.14306e+07
25  7  7.0516e+07
25  8  9.20458e+07
25  9  5.99729e+07
25  10  6.87289e+07
25  11  6.32069e+07
25  12  8.29375e+07
25  13  6.69553e+07
25  14  1.06938e+08
25  15  1.17657e+08
25  16  9.89662e+07
25  17  1.2699e+08
25  18  1.141e+08
25  19  1.12406e+08
25  20  1.38112e+08
25  21  1.20788e+08
25  22  1.57153e+08
25  23  1.61807e+08
25  24  1.27641e+08
25  25  1.10773e+08
25  26  1.44682e+08
25  27  1.36233e+08
25  28  1.54313e+08
25  29  1.41035e+08
25  30  1.5952e+08
25  31  1.38961e+08
25  32  1.20826e+08
25  33  1.27985e+08
25  34  1.12781e+08
25  35  1.13423e+08
25  36  1.05258e+08
25  37  1.24002e+08
25  38  8.55216e+07
25  39  7.40255e+07
25  40  7.13452e+07
25  41  9.98901e+07
25  42  1.67742e+08
25  43  2.45741e+08
25  44  1.19079e+08
25  45  9.8045e+07
25  46  8.69324e+07
25  47  7.72688e+07
25  48  6.51549e+07
25  49  6.40244e+07
25  50  6.22551e+07
26  0  5.4674e+07
26  1  5.88332e+07
26  2  5.51488e+07
26  3  6.2565e+07
26  4  6.06779e+07
26  5  7.26789e+07
26  6  5.3041e+07
26  7  5.09727e+07
26  8  8.19454e+07
26  9  5.41085e+07
26  10  5.1737e+07
26  11  9.73804e+07
26  12  8.06784e+07
26  13  6.12625e+07
26  14  6.18885e+07
26  15  9.7653e+07
26  16  9.20278e+07
26  17  7.87167e+07
26  18  1.33348e+08
26  19  1.28067e+08
26  20  1.26025e+08
26  21  1.26591e+08
26  22  1.77372e+08
26  23  1.60134e+08
26  24  1.2413e+08
26  25  1.1379e+08
26  26  1.32131e+08
26  27  1.2296e+08
26  28  1.29927e+08
26  29  1.45349e+08
26  30  1.65254e+08
26  31  1.42716e+08
26  32  1.30646e+08
26  33  1.1247e+08
26  34  1.15976e+08
26  35  9.0618e+07
26  36  1.37271e+08
26  37  8.35291e+07
26  38  8.51174e+07
26  39  8.69564e+07
26  40  7.99928e+07
26  41  1.16929e+08
26  42  1.69574e+08
26  43  3.13294e+08
26  44  1.07032e+08
26  45  1.09049e+08
26  46  1.35882e+08
26  47  8.3728e+07
26  48  5.4047e+07
26  49  7.16862e+07
26  50  8.18419e+07
27  0  4.90976e+07
27  1  7.31778e+07
27  2  6.39068e+07
27  3  6.13683e+07
27  4  6.60502e+07
27  5  7.17794e+07
27  6  7.25346e+07
27  7  5.73816e+07
27  8  8.11676e+07
27  9  6.64688e+07
27  10  7.05469e+07
27  11  8.12526e+07
27  12  8.04562e+07
27  13  5.90699e+07
27  14  6.34244e+07
27  15  9.58353e+07
27  16  8.90425e+07
27  17  1.12481e+08
27  18  1.13698e+08
27  19  1.2124e+08
27  20  1.22422e+08
27  21  1.2332e+08
27  22  1.68345e+08
27  23  1.61855e+08
27  24  1.22958e+08
27  25  1.22866e+08
27  26  1.17743e+08
27  27  1.13367e+08
27  28  1.13923e+08
27  29  1.70052e+08
27  30  1.59109e+08
27  31  1.57065e+08
27  32  1.47302e+08
27  33  1.09127e+08
27  34  9.48913e+07
27  35  1.21861e+08
27  36  1.29745e+08
27  37  9.65515e+07
27  38  9.39255e+07
27  39  9.75816e+07
27  40  8.69726e+07
27  41  1.20599e+08
27  42  3.31998e+08
27  43  3.7375e+08
27  44  1.38181e+08
27  45  1.11319e+08
27  46  1.24528e+08
27  47  9.77531e+07
27  48  6.15936e+07
27  49  8.81455e+07
27  50  7.69742e+07
28  0  5.1053e+07
28  1  6.05411e+07
28  2  7.30604e+07
28  3  7.56598e+07
28  4  6.76984e+07
28  5  6.55088e+07
28  6  5.42033e+07
28  7  6.90894e+07
28  8  1.11883e+08
28  9  8.30309e+07
28  10  7.06162e+07
28  11  9.87915e+07
28  12  9.21067e+07
28  13  7.5775e+07
28  14  5.2871e+07
28  15  6.12079e+07
28  16  7.89263e+07
28  17  7.90924e+07
28  18  1.01111e+08
28  19  1.18243e+08
28  20  1.28999e+08
28  21  1.32264e+08
28  22  1.34361e+08
28  23  1.98931e+08
28  24  1.60357e+08
28  25  1.30552e+08
28  26  1.50402e+08
28  27  1.42441e+08
28  28  1.06363e+08
28  29  1.41988e+08
28  30  1.49987e+08
28  31  1.54413e+08
28  32  1.53779e+08
28  33  1.27881e+08
28  34  1.05308e+08
28  35  1.06934e+08
28  36  1.09099e+08
28  37  8.96865e+07
28  38  8.02965e+07
28  39  9.79739e+07
28  40  9.62457e+07
28  41  1.19728e+08
28  42  1.91399e+08
28  43  2.64922e+08
28  44  1.33847e+08
28  45  1.24688e+08
28  46  1.23585e+08
28  47  8.80152e+07
28  48  7.11905e+07
28  49  8.53804e+07
28  50  7.70122e+07
29  0  6.51637e+07
29  1  5.08648e+07
29  2  6.31906e+07
29  3  5.63277e+07
29  4  8.07976e+07
29  5  8.40262e+07
29  6  6.19192e+07
29  7  7.45967e+07
29  8  9.01564e+07
29  9  7.7013e+07
29  10  5.83048e+07
29  11  7.77511e+07
29  12  8.1209e+07
29  13  4.30909e+07
29  14  7.47058e+07
29  15  5.46498e+07
29  16  9.15822e+07
29  17  9.72894e+07
29  18  1.00715e+08
29  19  9.05642e+07
29  20  1.17282e+08
29  21  1.17453e+08
29  22  1.32769e+08
29  23  1.61599e+08
29  24  1.60153e+08
29  25  1.44128e+08
29  26  1.33264e+08
29  27  1.11913e+08
29  28  1.37533e+08
29  29  1.3158e+08
29  30  1.68659e+08
29  31  1.47063e+08
29  32  1.46393e+08
29  33  1.05732e+08
29  34  9.4336e+07
29  35  9.29616e+07
29  36  1.56989e+08
29  37  9.79065e+07
29  38  7.44356e+07
29  39  1.00277e+08
29  40  8.40842e+07
29  41  1.18383e+08
29  42  1.74375e+08
29  43  1.94856e+08
29  44  1.01407e+08
29  45  9.78924e+07
29  46  1.08989e+08
29  47  1.00973e+08
29  48  7.48692e+07
29  49  8.2175e+07
29  50  7.88377e+07
30  0  5.41694e+07
30  1  5.18416e+07
30  2  5.57649e+07
30  3  6.37568e+07
30  4  5.93642e+07
30  5  8.41911e+07
30  6  7.12677e+07
30  7  5.84646e+07
30  8  8.86568e+07
30  9  9.33939e+07
30  10  8.44477e+07
30  11  9.01487e+07
30  12  7.13559e+07
30  13  6.1585e+07
30  14  6.79275e+07
30  15  6.94514e+07
30  16  8.53219e+07
30  17  8.36596e+07
30  18  1.15437e+08
30  19  9.09528e+07
30  20  1.03429e+08
30  21  1.16515e+08
30  22  1.33162e+08
30  23  1.70897e+08
30  24  2.16721e+08
30  25  1.7679e+08
30  26  1.76075e+08
30  27  1.39071e+08
30  28  1.22664e+08
30  29  1.23169e+08
30  30  1.28093e+08
30  31  1.41129e+08
30  32  1.46707e+08
30  33  1.15098e+08
30  34  9.59069e+07
30  35  1.04227e+08
30  36  1.53938e+08
30  37  8.64637e+07
30  38  8.28825e+07
30  39  7.5255e+07
30  40  7.95997e+07
30  41  1.24877e+08
30  42  1.54796e+08
30  43  1.64867e+08
30  44  1.07762e+08
30  45  1.10352e+08
30  46  1.03507e+08
30  47  8.00027e+07
30  48  9.587e+07
30  49  1.12434e+08
30  50  9.34813e+07
31  0  6.75611e+07
31  1  6.94115e+07
31  2  7.42954e+07
31  3  7.66313e+07
31  4  8.07469e+07
31  5  7.98161e+07
31  6  8.10268e+07
31  7  8.24802e+07
31  8  1.00896e+08
31  9  8.7479e+07
31  10  6.85667e+07
31  11  8.1869e+07
31  12  6.72461e+07
31  13  5.43953e+07
31  14  7.30775e+07
31  15  9.28418e+07
31  16  8.92625e+07
31  17  9.32755e+07
31  18  1.0409e+08
31  19  1.01113e+08
31  20  1.26507e+08
31  21  1.36122e+08
31  22  1.33279e+08
31  23  1.52793e+08
31  24  2.28132e+08
31  25  1.62104e+08
31  26  1.57702e+08
31  27  1.53316e+08
31  28  1.12644e+08
31  29  1.37634e+08
31  30  1.28688e+08
31  31  1.31847e+08
31  32  1.25233e+08
31  33  1.17233e+08
31  34  7.70952e+07
31  35  7.54168e+07
31  36  1.99285e+08
31  37  8.88012e+07
31  38  7.09393e+07
31  39  7.46431e+07
31  40  1.05157e+08
31  41  1.09994e+08
31  42  1.38755e+08
31  43  1.26263e+08
31  44  9.40845e+07
31  45  1.03598e+08
31  46  1.07322e+08
31  47  8.74996e+07
31  48  6.73783e+07
31  49  9.85786e+07
31  50  6.23279e+07
32  0  6.2726e+07
32  1  6.65388e+07
32  2  7.08099e+07
32  3  6.68364e+07
32  4  7.54103e+07
32  5  9.21323e+07
32  6  6.38712e+07
32  7  6.84134e+07
32  8  8.61855e+07
32  9  8.50122e+07
32  10  6.28624e+07
32  11  8.34789e+07
32  12  6.84334e+07
32  13  6.90196e+07
32  14  5.61711e+07
32  15  6.76764e+07
32  16  9.53115e+07
32  17  9.62405e+07
32  18  1.08772e+08
32  19  1.00296e+08
32  20  1.02865e+08
32  21  1.08699e+08
32  22  1.37275e+08
32  23  1.73568e+08
32  24  2.83827e+08
32  25  1.75085e+08
32  26  1.83646e+08
32  27  1.3972e+08
32  28  1.37797e+08
32  29  1.33966e+08
32  30  1.08597e+08
32  31  1.34348e+08
32  32  1.03215e+08
32  33  7.74106e+07
32  34  8.59836e+07
32  35  7.48017e+07
32  36  1.40493e+08
32  37  9.28843e+07
32  38  7.16496e+07
32  39  6.92079e+07
32  40  8.92722e+07
32  41  1.07686e+08
32  42  1.28302e+08
32  43  1.20894e+08
32  44  1.09325e+08
32  45  1.1909e+08
32  46  1.05669e+08
32  47  8.12579e+07
32  48  6.88634e+07
32  49  1.021e+08
32  50  7.63407e+07
33  0  6.60719e+07
33  1  6.88993e+07
33  2  6.4332e+07
33  3  7.09294e+07
33  4  7.20278e+07
33  5  8.89714e+07
33  6  6.98906e+07
33  7  8.0008e+07
33  8  5.97888e+07
33  9  7.08846e+07
33  10  7.79321e+07
33  11  8.69342e+07
33  12  8.24471e+07
33  13  7.388e+07
33  14  7.81482e+07
33  15  8.03534e+07
33  16  9.26135e+07
33  17  1.10465e+08
33  18  9.00581e+07
33  19  8.88137e+07
33  20  8.17704e+07
33  21  1.27144e+08
33  22  1.03925e+08
33  23  1.96253e+08
33  24  3.15873e+08
33  25  2.13672e+08
33  26  1.74899e+08
33  27  1.44055e+08
33  28  1.19447e+08
33  29  1.07438e+08
33  30  1.17437e+08
33  31  1.1732e+08
33  32  8.24555e+07
33  33  7.32084e+07
33  34  7.0051e+07
33  35  9.20936e+07
33  36  1.48955e+08
33  37  6.13518e+07
33  38  8.23335e+07
33  39  8.2982e+07
33  40  8.91476e+07
33  41  9.10678e+07
33  42  1.04989e+08
33  43  1.12984e+08
33  44  1.02417e+08
33  45  9.75035e+07
33  46  8.87223e+07
33  47  7.33529e+07
33  48  8.20466e+07
33  49  8.23426e+07
33  50  8.88614e+07
34  0  7.76111e+07
34  1  6.46855e+07
34  2  5.95835e+07
34  3  7.29418e+07
34  4  7.87225e+07
34  5  9.09075e+07
34  6  8.97987e+07
34  7  7.83653e+07
34  8  8.10567e+07
34  9  7.49506e+07
34  10  7.80797e+07
34  11  8.88968e+07
34  12  7.15115e+07
34  13  6.30135e+07
34  14  6.47214e+07
34  15  7.20397e+07
34  16  9.32472e+07
34  17  8.66538e+07
34  18  9.87794e+07
34  19  9.87118e+07
34  20  9.47783e+07
34  21  1.17718e+08
34  22  1.00228e+08
34  23  1.6413e+08
34  24  3.11165e+08
34  25  2.29814e+08
34  26  1.99246e+08
34  27  1.67695e+08
34  28  1.31207e+08
34  29  9.98907e+07
34  30  9.17093e+07
34  31  9.59161e+07
34  32  9.04252e+07
34  33  7.96841e+07
34  34  7.78011e+07
34  35  5.81611e+07
34  36  8.33966e+07
34  37  6.46921e+07
34  38  7.31785e+07
34  39  6.79273e+07
34  40  8.90065e+07
34  41  9.72501e+07
34  42  1.09773e+08
34  43  1.04059e+08
34  44  8.4879e+07
34  45  9.19356e+07
34  46  1.01284e+08
34  47  9.01384e+07
34  48  8.35373e+07
34  49  8.19656e+07
34  50  5.71111e+07
35  0  6.89396e+07
35  1  6.10269e+07
35  2  7.00987e+07
35  3  6.84432e+07
35  4  7.7144e+07
35  5  8.12422e+07
35  6  8.64576e+07
35  7  8.57899e+07
35  8  7.6522e+07
35  9  7.23475e+07
35  10  7.27775e+07
35  11  7.08453e+07
35  12  9.86755e+07
35  13  7.11241e+07
35  14  6.13266e+07
35  15  6.63904e+07
35  16  7.70968e+07
35  17  8.40472e+07
35  18  1.19127e+08
35  19  1.15513e+08
35  20  9.03758e+07
35  21  1.33748e+08
35  22  9.75127e+07
35  23  1.56866e+08
35  24  3.60253e+08
35  25  2.09581e+08
35  26  1.86841e+08
35  27  1.55012e+08
35  28  1.36367e+08
35  29  9.3755e+07
35  30  1.03699e+08
35  31  9.2305e+07
35  32  6.98631e+07
35  33  7.7997e+07
35  34  7.09655e+07
35  35  6.27548e+07
35  36  9.21723e+07
35  37  6.94481e+07
35  38  6.61767e+07
35  39  6.83902e+07
35  40  8.40887e+07
35  41  1.01926e+08
35  42  1.09179e+08
35  43  1.09269e+08
35  44  8.87991e+07
35  45  9.67474e+07
35  46  8.13542e+07
35  47  9.58979e+07
35  48  9.15868e+07
35  49  7.31192e+07
35  50  7.24254e+07
36  0  4.71845e+07
36  1  6.37454e+07
36  2  8.31719e+07
36  3  7.35857e+07
36  4  6.80361e+07
36  5  6.78607e+07
36  6  9.08158e+07
36  7  8.19248e+07
36  8  6.6003e+07
36  9  7.57884e+07
36  10  6.12768e+07
36  11  7.41773e+07
36  12  7.32229e+07
36  13  6.0532e+07
36  14  6.00645e+07
36  15  7.9853e+07
36  16  6.6917e+07
36  17  7.32956e+07
36  18  9.89637e+07
36  19  1.09463e+08
36  20  1.14085e+08
36  21  1.16261e+08
36  22  1.11396e+08
36  23  1.1861e+08
36  24  2.30931e+08
36  25  1.93506e+08
36  26  1.55376e+08
36  27  1.2872e+08
36  28  1.28125e+08
36  29  7.96554e+07
36  30  8.77546e+07
36  31  1.11087e+08
36  32  7.94573e+07
36  33  8.82131e+07
36  34  6.07015e+07
36  35  6.91572e+07
36  36  7.90414e+07
36  37  6.75617e+07
36  38  6.08407e+07
36  39  5.92837e+07
36  40  7.64237e+07
36  41  1.02485e+08
36  42  1.02331e+08
36  43  1.11431e+08
36  44  1.0753e+08
36  45  8.21488e+07
36  46  1.03177e+08
36  47  8.53405e+07
36  48  6.57532e+07
36  49  8.78359e+07
36  50  6.92233e+07
37  0  5.79249e+07
37  1  6.52499e+07
37  2  6.70449e+07
37  3  6.83998e+07
37  4  8.24944e+07
37  5  7.03346e+07
37  6  6.89944e+07
37  7  9.61221e+07
37  8  7.95517e+07
37  9  6.67546e+07
37  10  8.08764e+07
37  11  5.82741e+07
37  12  5.72411e+07
37  13  6.45952e+07
37  14  5.0888e+07
37  15  6.27057e+07
37  16  7.16761e+07
37  17  8.01866e+07
37  18  8.886e+07
37  19  1.00617e+08
37  20  8.52611e+07
37  21  8.40209e+07
37  22  8.18798e+07
37  23  1.10643e+08
37  24  2.26469e+08
37  25  1.47757e+08
37  26  1.37207e+08
37  27  1.21748e+08
37  28  1.06091e+08
37  29  9.40465e+07
37  30  7.27199e+07
37  31  8.282e+07
37  32  8.03599e+07
37  33  8.89232e+07
37  34  5.89368e+07
37  35  6.08973e+07
37  36  7.25295e+07
37  37  6.56647e+07
37  38  6.75655e+07
37  39  6.45062e+07
37  40  8.65816e+07
37  41  1.13627e+08
37  42  1.24704e+08
37  43  1.03519e+08
37  44  8.53839e+07
37  45  1.00792e+08
37  46  9.61834e+07
37  47  8.13851e+07
37  48  8.56221e+07
37  49  7.88394e+07
37  50  7.50828e+07
38  0  5.39988e+07
38  1  5.88002e+07
38  2  6.84184e+07
38  3  7.58028e+07
38  4  5.4549e+07
38  5  7.54525e+07
38  6  6.27818e+07
38  7  6.80535e+07
38  8  6.24683e+07
38  9  6.96636e+07
38  10  6.47649e+07
38  11  6.73496e+07
38  12  6.69701e+07
38  13  4.76038e+07
38  14  7.91362e+07
38  15  5.62075e+07
38  16  5.79176e+07
38  17  6.88499e+07
38  18  7.05378e+07
38  19  1.10881e+08
38  20  8.75996e+07
38  21  8.64504e+07
38  22  6.96053e+07
38  23  1.11821e+08
38  24  1.66161e+08
38  25  1.49971e+08
38  26  1.17224e+08
38  27  1.18516e+08
38  28  8.41309e+07
38  29  9.86406e+07
38  30  8.14911e+07
38  31  8.57787e+07
38  32  7.70231e+07
38  33  5.17435e+07
38  34  7.61167e+07
38  35  6.94217e+07
38  36  8.42115e+07
38  37  6.68007e+07
38  38  5.91977e+07
38  39  7.94744e+07
38  40  8.98914e+07
38  41  1.17038e+08
38  42  1.06896e+08
38  43  8.4705e+07
38  44  8.91899e+07
38  45  9.14838e+07
38  46  1.02007e+08
38  47  7.71345e+07
38  48  8.41071e+07
38  49  8.13542e+07
38  50  7.48475e+07
39  0  5.46347e+07
39  1  5.51872e+07
39  2  7.15383e+07
39  3  7.18759e+07
39  4  6.43153e+07
39  5  7.19772e+07
39  6  5.7532e+07
39  7  8.34811e+07
39  8  6.44468e+07
39  9  5.92184e+07
39  10  7.5772e+07
39  11  7.3518e+07
39  12  7.60838e+07
39  13  5.67295e+07
39  14  7.81409e+07
39  15  6.72916e+07
39  16  9.03154e+07
39  17  8.68888e+07
39  18  6.27916e+07
39  19  9.7736e+07
39  20  8.16091e+07
39  21  9.06572e+07
39  22  9.93782e+07
39  23  9.58189e+07
39  24  1.24644e+08
39  25  1.19472e+08
39  26  9.98202e+07
39  27  1.16304e+08
39  28  9.67166e+07
39  29  6.3281e+07
39  30  7.90177e+07
39  31  7.42591e+07
39  32  7.26797e+07
39  33  7.1169e+07
39  34  5.56184e+07
39  35  7.50704e+07
39  36  7.72282e+07
39  37  7.3046e+07
39  38  6.24956e+07
39  39  8.20249e+07
39  40  9.06905e+07
39  41  1.29389e+08
39  42  1.05935e+08
39  43  1.07494e+08
39  44  8.42456e+07
39  45  8.4903e+07
39  46  9.09593e+07
39  47  9.26147e+07
39  48  7.20863e+07
39  49  8.02444e+07
39  50  7.43029e+07
40  0  7.66505e+07
40  1  7.66187e+07
40  2  4.81986e+07
40  3  4.76682e+07
40  4  6.29553e+07
40  5  7.47045e+07
40  6  7.15325e+07
40  7  6.10351e+07
40  8  5.64809e+07
40  9  5.93044e+07
40  10  7.36186e+07
40  11  6.92749e+07
40  12  6.91004e+07
40  13  5.40931e+07
40  14  7.08061e+07
40  15  6.04572e+07
40  16  7.2605e+07
40  17  7.86114e+07
40  18  7.46428e+07
40  19  9.52986e+07
40  20  7.63891e+07
40  21  8.56891e+07
40  22  8.49266e+07
40  23  9.00747e+07
40  24  1.12906e+08
40  25  1.03796e+08
40  26  1.07037e+08
40  27  1.31648e+08
40  28  9.48496e+07
40  29  7.98241e+07
40  30  7.87605e+07
40  31  7.50689e+07
40  32  7.55577e+07
40  33  7.30956e+07
40  34  7.06874e+07
40  35  5.45451e+07
40  36  7.41483e+07
40  37  5.30248e+07
40  38  6.93948e+07
40  39  7.80216e+07
40  40  9.12082e+07
40  41  1.54877e+08
40  42  1.01814e+08
40  43  8.79572e+07
40  44  8.15944e+07
40  45  9.10826e+07
40  46  1.01867e+08
40  47  8.81155e+07
40  48  7.88303e+07
40  49  9.52192e+07
40  50  7.56573e+07
41  0  5.69551e+07
41  1  6.75046e+07
41  2  6.61578e+07
41  3  5.33711e+07
41  4  6.05333e+07
41  5  6.1676e+07
41  6  7.81452e+07
41  7  8.21799e+07
41  8  6.78511e+07
41  9  8.14055e+07
41  10  6.57074e+07
41  11  8.00873e+07
41  12  6.31123e+07
41  13  7.10145e+07
41  14  7.283e+07
41  15  5.77288e+07
41  16  5.16135e+07
41  17  7.38043e+07
41  18  7.65602e+07
41  19  8.7093e+07
41  20  9.26858e+07
41  21  8.15469e+07
41  22  7.52805e+07
41  23  8.74817e+07
41  24  1.06652e+08
41  25  1.0358e+08
41  26  1.0405e+08
41  27  1.09095e+08
41  28  9.79174e+07
41  29  6.87746e+07
41  30  7.37339e+07
41  31  9.49171e+07
41  32  7.08173e+07
41  33  5.60184e+07
41  34  9.52751e+07
41  35  8.10415e+07
41  36  7.09881e+07
41  37  7.01739e+07
41  38  7.24144e+07
41  39  8.13994e+07
41  40  1.08923e+08
41  41  1.53151e+08
41  42  9.69733e+07
41  43  9.80497e+07
41  44  1.15294e+08
41  45  1.06557e+08
41  46  1.16211e+08
41  47  9.48518e+07
41  48  8.60694e+07
41  49  9.05881e+07
41  50  7.05314e+07
42  0  5.60632e+07
42  1  5.96583e+07
42  2  7.12919e+07
42  3  6.39912e+07
42  4  6.87522e+07
42  5  7.7331e+07
42  6  7.84841e+07
42  7  7.76989e+07
42  8  6.58726e+07
42  9  5.99714e+07
42  10  7.08674e+07
42  11  6.82064e+07
42  12  6.41864e+07
42  13  7.97425e+07
42  14  5.86782e+07
42  15  6.41042e+07
42  16  6.13203e+07
42  17  7.01524e+07
42  18  7.50962e+07
42  19  8.93795e+07
42  20  1.02236e+08
42  21  8.22382e+07
42  22  6.9764e+07
42  23  7.28792e+07
42  24  1.15508e+08
42  25  1.29453e+08
42  26  1.10317e+08
42  27  1.11077e+08
42  28  1.04247e+08
42  29  5.72026e+07
42  30  1.00874e+08
42  31  8.04593e+07
42  32  7.2238e+07
42  33  6.08733e+07
42  34  8.33892e+07
42  35  6.93671e+07
42  36  8.1331e+07
42  37  6.55643e+07
42  38  7.34827e+07
42  39  8.9768e+07
42  40  9.28936e+07
42  41  1.52337e+08
42  42  8.18737e+07
42  43  1.05338e+08
42  44  1.12746e+08
42  45  9.8632e+07
42  46  8.3026e+07
42  47  8.42471e+07
42  48  9.41053e+07
42  49  8.95766e+07
42  50  7.78858e+07
43  0  7.19191e+07
43  1  6.40323e+07
43  2  6.59904e+07
43  3  7.81165e+07
43  4  4.61266e+07
43  5  6.21515e+07
43  6  7.22003e+07
43  7  7.39456e+07
43  8  7.14792e+07
43  9  5.74419e+07
43  10  6.11262e+07
43  11  5.76161e+07
43  12  5.30979e+07
43  13  7.03091e+07
43  14  6.85419e+07
43  15  6.88272e+07
43  16  5.37808e+07
43  17  6.76544e+07
43  18  7.23481e+07
43  19  9.13523e+07
43  20  7.87334e+07
43  21  7.20965e+07
43  22  8.95005e+07
43  23  8.11644e+07
43  24  1.08363e+08
43  25  8.25099e+07
43  26  9.53193e+07
43  27  1.26964e+08
43  28  1.19309e+08
43  29  7.21348e+07
43  30  7.44882e+07
43  31  8.17038e+07
43  32  6.77783e+07
43  33  7.51196e+07
43  34  7.53944e+07
43  35  8.92958e+07
43  36  8.465e+07
43  37  6.04244e+07
43  38  6.26177e+07
43  39  9.03573e+07
43  40  1.11784e+08
43  41  1.55856e+08
43  42  1.21043e+08
43  43  1.03053e+08
43  44  1.25274e+08
43  45  1.24389e+08
43  46  1.00673e+08
43  47  1.04631e+08
43  48  9.28659e+07
43  49  8.24707e+07
43  50  7.47229e+07
44  0  7.10723e+07
44  1  7.44364e+07
44  2  7.34197e+07
44  3  6.66291e+07
44  4  7.43613e+07
44  5  6.63362e+07
44  6  8.38415e+07
44  7  9.48869e+07
44  8  6.40094e+07
44  9  6.25351e+07
44  10  7.52043e+07
44  11  5.1707e+07
44  12  7.1543e+07
44  13  7.92939e+07
44  14  7.41684e+07
44  15  8.08723e+07
44  16  6.48367e+07
44  17  5.51126e+07
44  18  7.52e+07
44  19  9.90939e+07
44  20  8.18961e+07
44  21  7.00344e+07
44  22  8.19807e+07
44  23  9.15435e+07
44  24  8.85562e+07
44  25  1.14705e+08
44  26  1.11865e+08
44  27  1.08466e+08
44  28  1.15065e+08
44  29  8.40418e+07
44  30  9.37998e+07
44  31  7.21305e+07
44  32  7.17439e+07
44  33  7.48689e+07
44  34  7.28255e+07
44  35  7.28947e+07
44  36  6.62733e+07
44  37  8.44278e+07
44  38  8.26768e+07
44  39  7.26306e+07
44  40  1.08106e+08
44  41  1.3528e+08
44  42  1.03883e+08
44  43  8.40258e+07
44  44  1.24342e+08
44  45  1.17446e+08
44  46  8.30865e+07
44  47  1.14616e+08
44  48  8.2197e+07
44  49  6.12227e+07
44  50  6.73839e+07
45  0  7.03544e+07
45  1  4.84218e+07
45  2  6.81928e+07
45  3  6.57338e+07
45  4  6.16824e+07
45  5  8.56236e+07
45  6  8.49439e+07
45  7  7.09554e+07
45  8  7.45435e+07
45  9  7.89096e+07
45  10  7.29972e+07
45  11  8.01367e+07
45  12  6.82149e+07
45  13  6.87514e+07
45  14  6.02838e+07
45  15  7.22496e+07
45  16  7.01606e+07
45  17  6.72094e+07
45  18  6.35314e+07
45  19  1.05205e+08
45  20  9.66426e+07
45  21  7.1719e+07
45  22  6.38411e+07
45  23  6.75184e+07
45  24  9.69017e+07
45  25  1.01166e+08
45  26  1.08353e+08
45  27  1.44807e+08
45  28  1.2437e+08
45  29  6.91708e+07
45  30  9.21873e+07
45  31  9.25621e+07
45  32  8.01844e+07
45  33  7.25643e+07
45  34  7.62404e+07
45  35  7.32903e+07
45  36  6.80852e+07
45  37  6.35678e+07
45  38  8.25373e+07
45  39  8.53543e+07
45  40  1.40142e+08
45  41  1.04856e+08
45  42  1.10614e+08
45  43  1.03853e+08
45  44  1.04132e+08
45  45  1.19061e+08
45  46  1.06418e+08
45  47  1.29125e+08
45  48  6.6844e+07
45  49  7.46248e+07
45  50  8.22837e+07
46  0  6.25236e+07
46  1  6.01745e+07
46  2  7.19259e+07
46  3  8.47968e+07
46  4  8.03572e+07
46  5  6.01415e+07
46  6  9.71835e+07
46  7  9.04704e+07
46  8  7.96171e+07
46  9  7.78473e+07
46  10  7.87155e+07
46  11  8.09844e+07
46  12  7.9625e+07
46  13  8.87568e+07
46  14  6.33685e+07
46  15  8.13401e+07
46  16  5.91569e+07
46  17  6.3634e+07
46  18  5.6588e+07
46  19  8.11156e+07
46  20  8.48436e+07
46  21  8.57991e+07
46  22  9.76263e+07
46  23  8.30118e+07
46  24  8.74104e+07
46  25  1.22903e+08
46  26  1.04004e+08
46  27  1.26334e+08
46  28  1.53033e+08
46  29  8.28503e+07
46  30  8.95061e+07
46  31  8.1881e+07
46  32  8.96619e+07
46  33  7.12941e+07
46  34  5.83972e+07
46  35  6.92073e+07
46  36  7.76946e+07
46  37  6.00963e+07
46  38  8.02064e+07
46  39  1.16891e+08
46  40  1.76646e+08
46  41  1.58356e+08
46  42  1.15294e+08
46  43  7.39346e+07
46  44  1.22476e+08
46  45  1.15979e+08
46  46  1.11074e+08
46  47  1.26762e+08
46  48  9.44165e+07
46  49  8.7385e+07
46  50  7.74742e+07
47  0  6.16943e+07
47  1  8.74365e+07
47  2  8.03467e+07
47  3  7.87456e+07
47  4  7.71667e+07
47  5  7.71142e+07
47  6  8.05072e+07
47  7  7.86129e+07
47  8  8.77558e+07
47  9  7.65764e+07
47  10  4.153e+07
47  11  7.80744e+07
47  12  7.76276e+07
47  13  7.88677e+07
47  14  6.56103e+07
47  15  9.43924e+07
47  16  6.33685e+07
47  17  8.00191e+07
47  18  7.57847e+07
47  19  7.62279e+07
47  20  9.69698e+07
47  21  7.25979e+07
47  22  6.95972e+07
47  23  8.22341e+07
47  24  9.33783e+07
47  25  1.07339e+08
47  26  8.76246e+07
47  27  1.00165e+08
47  28  1.06428e+08
47  29  8.89981e+07
47  30  8.35436e+07
47  31  7.06351e+07
47  32  7.73915e+07
47  33  6.64964e+07
47  34  6.17994e+07
47  35  8.92007e+07
47  36  7.9218e+07
47  37  7.20845e+07
47  38  7.11743e+07
47  39  8.32384e+07
47  40  1.50744e+08
47  41  1.53132e+08
47  42  1.05442e+08
47  43  8.62625e+07
47  44  1.05554e+08
47  45  1.50171e+08
47  46  9.85323e+07
47  47  1.26611e+08
47  48  8.30298e+07
47  49  6.40902e+07
47  50  6.73933e+07
48  0  7.05865e+07
48  1  6.57907e+07
48  2  8.23534e+07
48  3  7.57089e+07
48  4  7.06831e+07
48  5  8.09097e+07
48  6  8.29166e+07
48  7  1.0233e+08
48  8  8.85086e+07
48  9  8.25416e+07
48  10  7.56325e+07
48  11  8.77187e+07
48  12  7.54962e+07
48  13  1.03377e+08
48  14  7.67227e+07
48  15  7.99743e+07
48  16  6.77759e+07
48  17  8.23208e+07
48  18  6.53085e+07
48  19  8.24023e+07
48  20  9.15175e+07
48  21  7.47064e+07
48  22  7.35266e+07
48  23  8.95739e+07
48  24  9.88441e+07
48  25  1.06442e+08
48  26  8.80837e+07
48  27  9.09886e+07
48  28  1.26699e+08
48  29  9.62547e+07
48  30  1.14053e+08
48  31  9.63152e+07
48  32  1.00517e+08
48  33  7.87741e+07
48  34  7.39805e+07
48  35  7.4641e+07
48  36  8.15081e+07
48  37  7.48906e+07
48  38  9.22897e+07
48  39  1.31457e+08
48  40  1.69e+08
48  41  1.83937e+08
48  42  1.11315e+08
48  43  9.86311e+07
48  44  9.13271e+07
48  45  1.07314e+08
48  46  1.03803e+08
48  47  1.46084e+08
48  48  7.74101e+07
48  49  5.59514e+07
48  50  8.57616e+07
49  0  5.18327e+07
49  1  8.90471e+07
49  2  6.13752e+07
49  3  1.09889e+08
49  4  7.8079e+07
49  5  7.50101e+07
49  6  1.04697e+08
49  7  7.18737e+07
49  8  8.90028e+07
49  9  7.59495e+07
49  10  8.48938e+07
49  11  7.56926e+07
49  12  7.83608e+07
49  13  8.38043e+07
49  14  7.28494e+07
49  15  7.5794e+07
49  16  6.43602e+07
49  17  8.17934e+07
49  18  6.22984e+07
49  19  7.83604e+07
49  20  7.93863e+07
49  21  6.43077e+07
49  22  5.90348e+07
49  23  8.24321e+07
49  24  8.41614e+07
49  25  1.08881e+08
49  26  9.28508e+07
49  27  1.26064e+08
49  28  1.26755e+08
49  29  9.72432e+07
49  30  1.15798e+08
49  31  7.98472e+07
49  32  9.04672e+07
49  33  7.12819e+07
49  34  8.61981e+07
49  35  7.98417e+07
49  36  7.93544e+07
49  37  9.12975e+07
49  38  9.49027e+07
49  39  1.16023e+08
49  40  2.59382e+08
49  41  2.17802e+08
49  42  1.13196e+08
49  43  8.37753e+07
49  44  8.9266e+07
49  45  1.15684e+08
49  46  1.04034e+08
49  47  1.0617e+08
49  48  6.65941e+07
49  49  5.79929e+07
49  50  4.46259e+07
50  0  5.85832e+07
50  1  7.41202e+07
50  2  5.64953e+07
50  3  9.45814e+07
50  4  8.69374e+07
50  5  8.58829e+07
50  6  9.18475e+07
50  7  1.04039e+08
50  8  1.14383e+08
50  9  7.43071e+07
50  10  9.27104e+07
50  11  7.94983e+07
50  12  9.63614e+07
50  13  1.30628e+08
50  14  7.90358e+07
50  15  7.10367e+07
50  16  6.26521e+07
50  17  5.39665e+07
50  18  7.44169e+07
50  19  9.61222e+07
50  20  7.47086e+07
50  21  7.71467e+07
50  22  5.95539e+07
50  23  9.59451e+07
50  24  7.57726e+07
50  25  8.71373e+07
50  26  1.00824e+08
50  27  9.22207e+07
50  28  1.03101e+08
50  29  1.04389e+08
50  30  1.02035e+08
50  31  8.78244e+07
50  32  8.0629e+07
50  33  9.31125e+07
50  34  6.73839e+07
50  35  6.29338e+07
50  36  6.88391e+07
50  37  6.12695e+07
50  38  5.53978e+07
50  39  9.83005e+07
50  40  2.03966e+08
50  41  2.76996e+08
50  42  1.30279e+08
50  43  8.68302e+07
50  44  1.15505e+08
50  45  8.90908e+07
50  46  8.29551e+07
50  47  7.55396e+07
50  48  6.79152e+07
50  49  5.6956e+07
50  50  4.41713e+07

