row  column  (images_25_2_757.edf P-K*images_25_2_757.edf Ar-K**2.3)
0  0  0
0  1  0
0  2  0
0  3  0
0  4  0
0  5  0
0  6  0
0  7  0
0  8  0
0  9  0
0  10  0
0  11  0
0  12  0
0  13  0
0  14  0
0  15  0
0  16  0
0  17  0
0  18  0
0  19  0
0  20  0
0  21  0
0  22  0
0  23  0
0  24  0
0  25  0
0  26  0
0  27  0
0  28  0
0  29  0
0  30  0
0  31  0
0  32  0
0  33  0
0  34  0
0  35  0
0  36  0
0  37  0
0  38  0
0  39  0
0  40  0
0  41  0
0  42  0
0  43  0
0  44  0
0  45  0
0  46  0
0  47  0
0  48  0
0  49  1.23038e+07
0  50  0
1  0  0
1  1  0
1  2  0
1  3  0
1  4  0
1  5  0
1  6  0
1  7  0
1  8  0
1  9  6.27674e+06
1  10  0
1  11  0
1  12  0
1  13  0
1  14  0
1  15  0
1  16  0
1  17  0
1  18  0
1  19  1.22936e+07
1  20  0
1  21  0
1  22  0
1  23  0
1  24  0
1  25  0
1  26  0
1  27  0
1  28  0
1  29  0
1  30  0
1  31  0
1  32  0
1  33  0
1  34  0
1  35  0
1  36  0
1  37  0
1  38  0
1  39  0
1  40  0
1  41  0
1  42  0
1  43  0
1  44  0
1  45  0
1  46  0
1  47  0
1  48  0
1  49  0
1  50  7.81493e+06
2  0  0
2  1  0
2  2  0
2  3  0
2  4  0
2  5  0
2  6  0
2  7  0
2  8  0
2  9  0
2  10  0
2  11  0
2  12  0
2  13  0
2  14  0
2  15  0
2  16  0
2  17  0
2  18  0
2  19  0
2  20  0
2  21  0
2  22  0
2  23  0
2  24  0
2  25  0
2  26  0
2  27  0
2  28  0
2  29  0
2  30  0
2  31  0
2  32  0
2  33  0
2  34  0
2  35  0
2  36  0
2  37  0
2  38  0
2  39  0
2  40  0
2  41  0
2  42  0
2  43  0
2  44  0
2  45  0
2  46  0
2  47  0
2  48  0
2  49  0
2  50  0
3  0  0
3  1  0
3  2  0
3  3  0
3  4  0
3  5  0
3  6  0
3  7  0
3  8  8.20357e+06
3  9  8.65968e+06
3  10  9.86946e+06
3  11  0
3  12  0
3  13  1.0844e+07
3  14  0
3  15  0
3  16  0
3  17  0
3  18  1.00017e+07
3  19  0
3  20  0
3  21  0
3  22  0
3  23  0
3  24  0
3  25  0
3  26  0
3  27  0
3  28  0
3  29  0
3  30  0
3  31  0
3  32  0
3  33  0
3  34  0
3  35  0
3  36  0
3  37  0
3  38  0
3  39  0
3  40  0
3  41  0
3  42  0
3  43  0
3  44  0
3  45  0
3  46  0
3  47  0
3  48  0
3  49  0
3  50  0
4  0  0
4  1  0
4  2  0
4  3  0
4  4  0
4  5  0
4  6  0
4  7  0
4  8  0
4  9  1.291e+07
4  10  8.58406e+06
4  11  0
4  12  1.08393e+07
4  13  6.02696e+06
4  14  0
4  15  0
4  16  0
4  17  0
4  18  0
4  19  0
4  20  0
4  21  0
4  22  0
4  23  0
4  24  0
4  25  0
4  26  0
4  27  0
4  28  0
4  29  0
4  30  0
4  31  0
4  32  0
4  33  0
4  34  0
4  35  0
4  36  0
4  37  0
4  38  0
4  39  0
4  40  0
4  41  0
4  42  0
4  43  0
4  44  0
4  45  8.91489e+06
4  46  0
4  47  0
4  48  0
4  49  0
4  50  0
5  0  0
5  1  0
5  2  0
5  3  0
5  4  0
5  5  0
5  6  0
5  7  1.06074e+07
5  8  0
5  9  0
5  10  6.90205e+06
5  11  0
5  12  8.48989e+06
5  13  1.00425e+07
5  14  1.21204e+07
5  15  9.10323e+06
5  16  0
5  17  0
5  18  0
5  19  0
5  20  0
5  21  0
5  22  0
5  23  0
5  24  0
5  25  0
5  26  0
5  27  0
5  28  0
5  29  0
5  30  0
5  31  0
5  32  0
5  33  0
5  34  0
5  35  0
5  36  0
5  37  0
5  38  0
5  39  0
5  40  0
5  41  1.30268e+07
5  42  0
5  43  0
5  44  0
5  45  0
5  46  0
5  47  8.32882e+06
5  48  0
5  49  0
5  50  0
6  0  0
6  1  0
6  2  0
6  3  0
6  4  0
6  5  1.03558e+07
6  6  0
6  7  0
6  8  0
6  9  1.14308e+07
6  10  1.38773e+07
6  11  0
6  12  8.69553e+06
6  13  0
6  14  0
6  15  0
6  16  0
6  17  0
6  18  0
6  19  0
6  20  0
6  21  0
6  22  0
6  23  0
6  24  0
6  25  0
6  26  0
6  27  0
6  28  6.57267e+06
6  29  0
6  30  0
6  31  0
6  32  0
6  33  0
6  34  0
6  35  0
6  36  0
6  37  0
6  38  0
6  39  1.53361e+07
6  40  0
6  41  1.03004e+07
6  42  0
6  43  0
6  44  0
6  45  0
6  46  0
6  47  0
6  48  0
6  49  0
6  50  1.0333e+07
7  0  0
7  1  0
7  2  0
7  3  0
7  4  0
7  5  0
7  6  0
7  7  0
7  8  0
7  9  0
7  10  1.01436e+07
7  11  9.2954e+06
7  12  0
7  13  2.17332e+07
7  14  5.09247e+06
7  15  7.94291e+06
7  16  0
7  17  0
7  18  0
7  19  0
7  20  0
7  21  0
7  22  0
7  23  0
7  24  1.25266e+07
7  25  1.41856e+07
7  26  0
7  27  0
7  28  0
7  29  0
7  30  0
7  31  0
7  32  0
7  33  0
7  34  0
7  35  0
7  36  0
7  37  0
7  38  0
7  39  0
7  40  1.21704e+07
7  41  0
7  42  0
7  43  0
7  44  0
7  45  0
7  46  0
7  47  1.7757e+07
7  48  0
7  49  0
7  50  0
8  0  0
8  1  0
8  2  0
8  3  0
8  4  0
8  5  0
8  6  0
8  7  1.87627e+07
8  8  1.16048e+07
8  9  1.27009e+07
8  10  0
8  11  1.21903e+07
8  12  1.6217e+07
8  13  1.64853e+07
8  14  1.73073e+07
8  15  0
8  16  0
8  17  0
8  18  0
8  19  0
8  20  6.2202e+06
8  21  0
8  22  0
8  23  0
8  24  0
8  25  8.71614e+06
8  26  0
8  27  0
8  28  1.81485e+07
8  29  9.74859e+06
8  30  0
8  31  0
8  32  0
8  33  0
8  34  0
8  35  0
8  36  0
8  37  0
8  38  9.67829e+06
8  39  0
8  40  0
8  41  8.42284e+06
8  42  0
8  43  0
8  44  0
8  45  8.81621e+06
8  46  0
8  47  0
8  48  0
8  49  0
8  50  0
9  0  0
9  1  0
9  2  0
9  3  0
9  4  0
9  5  0
9  6  1.70719e+07
9  7  8.14271e+06
9  8  1.45059e+07
9  9  0
9  10  1.45841e+07
9  11  0
9  12  1.5664e+07
9  13  1.60642e+07
9  14  1.36857e+07
9  15  0
9  16  0
9  17  0
9  18  0
9  19  0
9  20  0
9  21  0
9  22  0
9  23  9.28752e+06
9  24  0
9  25  1.19569e+07
9  26  7.89429e+06
9  27  7.98094e+06
9  28  9.73604e+06
9  29  0
9  30  0
9  31  0
9  32  0
9  33  0
9  34  0
9  35  0
9  36  0
9  37  0
9  38  0
9  39  0
9  40  1.56241e+07
9  41  8.42636e+06
9  42  2.13846e+06
9  43  0
9  44  0
9  45  0
9  46  8.93935e+06
9  47  1.918e+07
9  48  0
9  49  0
9  50  9.07893e+06
10  0  0
10  1  0
10  2  0
10  3  0
10  4  1.56456e+07
10  5  0
10  6  2.43564e+07
10  7  9.37463e+06
10  8  0
10  9  1.69641e+07
10  10  0
10  11  1.98538e+07
10  12  8.8223e+06
10  13  1.97376e+07
10  14  1.8475e+07
10  15  0
10  16  0
10  17  170713
10  18  5.56106e+06
10  19  0
10  20  0
10  21  0
10  22  0
10  23  8.28565e+06
10  24  1.81731e+07
10  25  1.48306e+07
10  26  0
10  27  1.4191e+07
10  28  0
10  29  9.93988e+06
10  30  0
10  31  0
10  32  0
10  33  0
10  34  1.04998e+07
10  35  0
10  36  0
10  37  7.56921e+06
10  38  9.05901e+06
10  39  0
10  40  1.51678e+07
10  41  0
10  42  0
10  43  0
10  44  7.86326e+06
10  45  0
10  46  0
10  47  0
10  48  0
10  49  0
10  50  0
11  0  0
11  1  0
11  2  9.37989e+06
11  3  0
11  4  0
11  5  0
11  6  1.86773e+07
11  7  0
11  8  1.33875e+07
11  9  1.18438e+07
11  10  7.12853e+06
11  11  0
11  12  1.74637e+07
11  13  2.20928e+07
11  14  2.02014e+06
11  15  0
11  16  0
11  17  0
11  18  0
11  19  0
11  20  1.25075e+07
11  21  9.36535e+06
11  22  0
11  23  0
11  24  1.23319e+07
11  25  0
11  26  1.07143e+07
11  27  0
11  28  0
11  29  0
11  30  0
11  31  0
11  32  8.39279e+06
11  33  0
11  34  0
11  35  0
11  36  0
11  37  1.55039e+07
11  38  0
11  39  0
11  40  0
11  41  1.04124e+07
11  42  8.19895e+06
11  43  0
11  44  7.16986e+06
11  45  0
11  46  1.60545e+07
11  47  1.37232e+07
11  48  1.37092e+07
11  49  0
11  50  0
12  0  0
12  1  0
12  2  0
12  3  0
12  4  8.00305e+06
12  5  0
12  6  1.39288e+07
12  7  1.39525e+06
12  8  0
12  9  0
12  10  2.75155e+06
12  11  1.33289e+07
12  12  1.47359e+07
12  13  2.00282e+07
12  14  2.63068e+07
12  15  0
12  16  0
12  17  0
12  18  0
12  19  0
12  20  0
12  21  6.52139e+06
12  22  0
12  23  0
12  24  4.42921e+06
12  25  0
12  26  0
12  27  9.03285e+06
12  28  1.18066e+07
12  29  0
12  30  1.32788e+07
12  31  0
12  32  9.42001e+06
12  33  9.83691e+06
12  34  0
12  35  0
12  36  1.2888e+07
12  37  2.13519e+07
12  38  0
12  39  0
12  40  0
12  41  0
12  42  825826
12  43  0
12  44  9.93895e+06
12  45  0
12  46  1.19341e+07
12  47  0
12  48  0
12  49  0
12  50  1.74307e+07
13  0  0
13  1  0
13  2  0
13  3  0
13  4  0
13  5  0
13  6  1.12982e+07
13  7  0
13  8  9.20882e+06
13  9  0
13  10  9.62975e+06
13  11  1.542e+07
13  12  1.62185e+07
13  13  2.50928e+07
13  14  3.65004e+06
13  15  0
13  16  0
13  17  0
13  18  9.08146e+06
13  19  0
13  20  1.0061e+07
13  21  0
13  22  0
13  23  0
13  24  7.14496e+06
13  25  9.15211e+06
13  26  7.22875e+06
13  27  9.67076e+06
13  28  1.74173e+07
13  29  1.17064e+07
13  30  9.49384e+06
13  31  1.15266e+07
13  32  0
13  33  0
13  34  1.46682e+07
13  35  1.25714e+07
13  36  1.2539e+07
13  37  0
13  38  0
13  39  0
13  40  7.92721e+06
13  41  0
13  42  0
13  43  0
13  44  1.16956e+07
13  45  8.16551e+06
13  46  0
13  47  0
13  48  0
13  49  9.74516e+06
13  50  1.95068e+07
14  0  0
14  1  0
14  2  0
14  3  0
14  4  6.82343e+06
14  5  0
14  6  1.08005e+07
14  7  0
14  8  0
14  9  8.71862e+06
14  10  1.43897e+07
14  11  1.00074e+07
14  12  1.71263e+07
14  13  1.9976e+07
14  14  1.04965e+07
14  15  0
14  16  0
14  17  1.24881e+07
14  18  1.536e+06
14  19  1.40376e+07
14  20  0
14  21  0
14  22  0
14  23  8.21833e+06
14  24  0
14  25  0
14  26  1.60806e+07
14  27  0
14  28  0
14  29  0
14  30  1.04379e+07
14  31  0
14  32  0
14  33  0
14  34  0
14  35  0
14  36  1.47388e+07
14  37  0
14  38  0
14  39  0
14  40  0
14  41  0
14  42  0
14  43  0
14  44  6.78982e+06
14  45  0
14  46  0
14  47  4.73939e+06
14  48  0
14  49  0
14  50  1.2034e+07
15  0  0
15  1  0
15  2  0
15  3  0
15  4  0
15  5  1.26144e+07
15  6  1.30129e+07
15  7  1.64752e+07
15  8  0
15  9  0
15  10  0
15  11  0
15  12  1.39513e+06
15  13  1.43378e+07
15  14  8.10726e+06
15  15  0
15  16  0
15  17  1.29816e+07
15  18  2.43268e+07
15  19  0
15  20  1.01936e+07
15  21  0
15  22  6.15562e+06
15  23  1.64329e+07
15  24  0
15  25  0
15  26  1.20308e+07
15  27  9.6775e+06
15  28  9.89286e+06
15  29  0
15  30  0
15  31  1.72596e+07
15  32  1.33674e+07
15  33  1.3671e+07
15  34  2.69128e+07
15  35  1.81074e+07
15  36  2.35422e+07
15  37  0
15  38  0
15  39  9.06208e+06
15  40  8.25429e+06
15  41  0
15  42  5.98133e+06
15  43  0
15  44  8.74783e+06
15  45  0
15  46  0
15  47  0
15  48  1.21815e+07
15  49  1.0977e+07
15  50  1.06728e+07
16  0  0
16  1  0
16  2  0
16  3  0
16  4  0
16  5  1.25248e+07
16  6  1.0413e+07
16  7  0
16  8  9.49788e+06
16  9  0
16  10  0
16  11  0
16  12  0
16  13  1.21493e+07
16  14  0
16  15  0
16  16  0
16  17  0
16  18  8.3358e+06
16  19  7.97542e+06
16  20  0
16  21  1.07909e+07
16  22  1.42873e+07
16  23  0
16  24  0
16  25  1.27919e+07
16  26  0
16  27  7.94096e+06
16  28  1.51515e+07
16  29  0
16  30  0
16  31  1.20865e+07
16  32  2.70255e+07
16  33  2.24739e+07
16  34  0
16  35  0
16  36  0
16  37  8.50288e+06
16  38  0
16  39  0
16  40  0
16  41  8.85995e+06
16  42  0
16  43  7.86298e+06
16  44  0
16  45  0
16  46  0
16  47  1.31551e+07
16  48  1.12624e+07
16  49  1.60213e+07
16  50  1.6579e+07
17  0  0
17  1  0
17  2  0
17  3  0
17  4  0
17  5  0
17  6  0
17  7  8.39184e+06
17  8  0
17  9  0
17  10  0
17  11  0
17  12  0
17  13  1.04569e+07
17  14  1.10154e+06
17  15  0
17  16  9.71728e+06
17  17  0
17  18  0
17  19  9.17103e+06
17  20  8.5461e+06
17  21  0
17  22  0
17  23  0
17  24  7.0986e+06
17  25  0
17  26  9.68951e+06
17  27  0
17  28  0
17  29  0
17  30  7.65874e+06
17  31  1.83102e+07
17  32  1.80747e+07
17  33  0
17  34  1.5939e+07
17  35  1.32095e+07
17  36  0
17  37  0
17  38  0
17  39  0
17  40  0
17  41  0
17  42  0
17  43  0
17  44  1.72184e+07
17  45  8.0841e+06
17  46  0
17  47  0
17  48  0
17  49  1.01175e+07
17  50  1.90594e+07
18  0  0
18  1  0
18  2  0
18  3  0
18  4  0
18  5  0
18  6  0
18  7  0
18  8  1.33933e+07
18  9  1.04741e+07
18  10  1.67301e+07
18  11  0
18  12  1.64128e+07
18  13  1.08778e+07
18  14  0
18  15  0
18  16  0
18  17  9.49608e+06
18  18  0
18  19  0
18  20  8.54763e+06
18  21  1.54593e+07
18  22  0
18  23  9.70523e+06
18  24  9.24314e+06
18  25  1.21594e+07
18  26  0
18  27  8.15439e+06
18  28  0
18  29  0
18  30  0
18  31  1.40385e+07
18  32  1.2131e+07
18  33  1.22862e+07
18  34  9.44367e+06
18  35  6.6004e+06
18  36  1.40297e+07
18  37  0
18  38  0
18  39  1.00215e+07
18  40  0
18  41  0
18  42  0
18  43  0
18  44  0
18  45  0
18  46  7.37576e+06
18  47  1.17936e+07
18  48  0
18  49  8.11966e+06
18  50  1.0283e+07
19  0  0
19  1  0
19  2  0
19  3  0
19  4  0
19  5  9.23325e+06
19  6  0
19  7  0
19  8  0
19  9  0
19  10  0
19  11  0
19  12  0
19  13  1.441e+07
19  14  0
19  15  0
19  16  0
19  17  1.44539e+07
19  18  0
19  19  1.32904e+07
19  20  0
19  21  1.26394e+07
19  22  8.24152e+06
19  23  1.33575e+07
19  24  0
19  25  0
19  26  0
19  27  0
19  28  0
19  29  0
19  30  0
19  31  0
19  32  0
19  33  8.21337e+06
19  34  1.30736e+07
19  35  0
19  36  0
19  37  0
19  38  0
19  39  0
19  40  0
19  41  0
19  42  9.75052e+06
19  43  1.63768e+06
19  44  0
19  45  0
19  46  0
19  47  8.05315e+06
19  48  0
19  49  1.21244e+07
19  50  1.11691e+07
20  0  0
20  1  0
20  2  0
20  3  0
20  4  8.57269e+06
20  5  1.17873e+07
20  6  1.21843e+07
20  7  1.4201e+07
20  8  1.31462e+07
20  9  1.0606e+07
20  10  0
20  11  0
20  12  0
20  13  0
20  14  0
20  15  0
20  16  0
20  17  0
20  18  1.00029e+07
20  19  1.81187e+07
20  20  1.72454e+07
20  21  1.61545e+07
20  22  0
20  23  0
20  24  1.31979e+07
20  25  1.43205e+07
20  26  1.55402e+07
20  27  0
20  28  0
20  29  0
20  30  1.23635e+07
20  31  1.17526e+07
20  32  0
20  33  0
20  34  8.67932e+06
20  35  0
20  36  0
20  37  9.47686e+06
20  38  0
20  39  0
20  40  0
20  41  0
20  42  0
20  43  0
20  44  0
20  45  0
20  46  0
20  47  1.35922e+07
20  48  0
20  49  1.17915e+07
20  50  0
21  0  0
21  1  0
21  2  0
21  3  0
21  4  0
21  5  0
21  6  0
21  7  0
21  8  1.34548e+07
21  9  0
21  10  0
21  11  0
21  12  0
21  13  0
21  14  0
21  15  0
21  16  0
21  17  0
21  18  0
21  19  0
21  20  1.01954e+07
21  21  1.4938e+07
21  22  0
21  23  0
21  24  0
21  25  0
21  26  0
21  27  0
21  28  0
21  29  0
21  30  1.14332e+07
21  31  0
21  32  1.10783e+07
21  33  0
21  34  1.09619e+07
21  35  0
21  36  0
21  37  0
21  38  0
21  39  0
21  40  0
21  41  0
21  42  0
21  43  0
21  44  0
21  45  0
21  46  9.28688e+06
21  47  0
21  48  1.58527e+07
21  49  1.77347e+07
21  50  0
22  0  0
22  1  0
22  2  0
22  3  0
22  4  1.38486e+07
22  5  2.18732e+07
22  6  1.09502e+07
22  7  0
22  8  1.29804e+07
22  9  0
22  10  0
22  11  0
22  12  0
22  13  0
22  14  0
22  15  0
22  16  0
22  17  0
22  18  0
22  19  0
22  20  8.39393e+06
22  21  0
22  22  1.35781e+07
22  23  1.60015e+07
22  24  1.02007e+07
22  25  9.14404e+06
22  26  0
22  27  5.96091e+06
22  28  0
22  29  0
22  30  0
22  31  1.20303e+07
22  32  9.14587e+06
22  33  0
22  34  0
22  35  0
22  36  0
22  37  0
22  38  0
22  39  0
22  40  0
22  41  0
22  42  8.37495e+06
22  43  0
22  44  0
22  45  0
22  46  6.58992e+06
22  47  1.10012e+07
22  48  1.17632e+07
22  49  8.04214e+06
22  50  2.14776e+07
23  0  0
23  1  0
23  2  0
23  3  0
23  4  0
23  5  0
23  6  0
23  7  1.31337e+07
23  8  1.71037e+07
23  9  1.43967e+07
23  10  0
23  11  0
23  12  0
23  13  1.49613e+07
23  14  0
23  15  0
23  16  1.37557e+07
23  17  0
23  18  0
23  19  1.22042e+07
23  20  1.07508e+07
23  21  0
23  22  1.21826e+07
23  23  7.73555e+06
23  24  1.07957e+07
23  25  1.8712e+07
23  26  1.11454e+07
23  27  0
23  28  0
23  29  0
23  30  0
23  31  0
23  32  1.28794e+07
23  33  0
23  34  0
23  35  0
23  36  0
23  37  0
23  38  0
23  39  0
23  40  0
23  41  0
23  42  0
23  43  0
23  44  0
23  45  9.87003e+06
23  46  9.15512e+06
23  47  0
23  48  1.04173e+07
23  49  1.30631e+07
23  50  1.44709e+07
24  0  0
24  1  0
24  2  0
24  3  0
24  4  1.04506e+07
24  5  1.67008e+07
24  6  0
24  7  1.74802e+07
24  8  1.61891e+07
24  9  1.79305e+07
24  10  1.55195e+07
24  11  0
24  12  1.41125e+07
24  13  1.16649e+07
24  14  0
24  15  0
24  16  0
24  17  7.41553e+06
24  18  0
24  19  1.85587e+07
24  20  1.14791e+07
24  21  1.41526e+07
24  22  1.11186e+07
24  23  1.22224e+07
24  24  9.47004e+06
24  25  2.18171e+07
24  26  1.10134e+07
24  27  7.7131e+06
24  28  0
24  29  0
24  30  0
24  31  0
24  32  1.59961e+07
24  33  0
24  34  0
24  35  0
24  36  0
24  37  0
24  38  0
24  39  0
24  40  0
24  41  0
24  42  0
24  43  0
24  44  0
24  45  0
24  46  1.06486e+07
24  47  6.61067e+06
24  48  7.19462e+06
24  49  1.83459e+07
24  50  2.42935e+07
25  0  0
25  1  0
25  2  0
25  3  0
25  4  1.25408e+07
25  5  1.6164e+07
25  6  1.32394e+07
25  7  0
25  8  1.34987e+07
25  9  0
25  10  0
25  11  0
25  12  1.70475e+06
25  13  0
25  14  0
25  15  0
25  16  1.10988e+07
25  17  2.05804e+07
25  18  0
25  19  1.7013e+07
25  20  9.45343e+06
25  21  1.41935e+07
25  22  1.97315e+07
25  23  1.36438e+07
25  24  0
25  25  1.11164e+07
25  26  0
25  27  0
25  28  0
25  29  0
25  30  0
25  31  0
25  32  0
25  33  0
25  34  1.05139e+07
25  35  0
25  36  0
25  37  0
25  38  0
25  39  0
25  40  0
25  41  0
25  42  0
25  43  0
25  44  0
25  45  0
25  46  0
25  47  8.52762e+06
25  48  0
25  49  1.05023e+07
25  50  1.19816e+07
26  0  0
26  1  0
26  2  0
26  3  1.21355e+07
26  4  0
26  5  1.94054e+07
26  6  1.70366e+07
26  7  8.76505e+06
26  8  1.08941e+07
26  9  1.03964e+07
26  10  0
26  11  1.20846e+07
26  12  0
26  13  6.59404e+06
26  14  0
26  15  0
26  16  0
26  17  0
26  18  1.27495e+07
26  19  1.33888e+07
26  20  1.37316e+07
26  21  1.54245e+07
26  22  1.63342e+07
26  23  0
26  24  8.95296e+06
26  25  1.29851e+07
26  26  0
26  27  1.08415e+07
26  28  0
26  29  0
26  30  0
26  31  0
26  32  8.12442e+06
26  33  0
26  34  1.54488e+07
26  35  0
26  36  0
26  37  0
26  38  0
26  39  0
26  40  0
26  41  0
26  42  7.92129e+06
26  43  0
26  44  9.30113e+06
26  45  1.53675e+07
26  46  0
26  47  0
26  48  9.28402e+06
26  49  0
26  50  2.7809e+07
27  0  0
27  1  0
27  2  0
27  3  1.1828e+07
27  4  1.17183e+07
27  5  1.66505e+07
27  6  2.0009e+07
27  7  1.35059e+07
27  8  2.22161e+07
27  9  1.02167e+07
27  10  0
27  11  1.29698e+07
27  12  0
27  13  2.02589e+07
27  14  0
27  15  0
27  16  0
27  17  0
27  18  8.94693e+06
27  19  3.17396e+07
27  20  1.07944e+07
27  21  2.37906e+07
27  22  2.17755e+07
27  23  1.29866e+07
27  24  1.04106e+07
27  25  6.61925e+06
27  26  1.01057e+07
27  27  0
27  28  0
27  29  0
27  30  0
27  31  0
27  32  0
27  33  0
27  34  1.26638e+07
27  35  9.19832e+06
27  36  6.42713e+06
27  37  0
27  38  0
27  39  1.14013e+07
27  40  6.55444e+06
27  41  0
27  42  7.99305e+06
27  43  0
27  44  0
27  45  0
27  46  0
27  47  0
27  48  0
27  49  0
27  50  1.18498e+07
28  0  0
28  1  0
28  2  0
28  3  1.33445e+07
28  4  1.17875e+07
28  5  8.58014e+06
28  6  1.2491e+07
28  7  1.41774e+07
28  8  0
28  9  1.12589e+07
28  10  0
28  11  1.12977e+07
28  12  1.19597e+07
28  13  1.46858e+07
28  14  0
28  15  0
28  16  0
28  17  9.53372e+06
28  18  1.01118e+07
28  19  1.66273e+07
28  20  1.58398e+07
28  21  1.00634e+07
28  22  1.54914e+07
28  23  1.79628e+07
28  24  1.42152e+07
28  25  0
28  26  0
28  27  0
28  28  0
28  29  0
28  30  0
28  31  0
28  32  0
28  33  0
28  34  1.20308e+07
28  35  1.49057e+07
28  36  0
28  37  0
28  38  0
28  39  0
28  40  0
28  41  1.18221e+07
28  42  0
28  43  7.09024e+06
28  44  9.66372e+06
28  45  1.27187e+07
28  46  1.20882e+07
28  47  0
28  48  0
28  49  8.76322e+06
28  50  0
29  0  0
29  1  0
29  2  1.41561e+07
29  3  0
29  4  8.91995e+06
29  5  3.00793e+07
29  6  1.15354e+07
29  7  0
29  8  1.14239e+07
29  9  0
29  10  0
29  11  1.06599e+07
29  12  1.88403e+07
29  13  0
29  14  0
29  15  0
29  16  0
29  17  0
29  18  2.58014e+07
29  19  2.03771e+07
29  20  1.6135e+07
29  21  0
29  22  1.9672e+07
29  23  9.32855e+06
29  24  8.5709e+06
29  25  0
29  26  8.883e+06
29  27  0
29  28  0
29  29  0
29  30  0
29  31  0
29  32  0
29  33  0
29  34  9.58769e+06
29  35  6.98811e+06
29  36  0
29  37  0
29  38  0
29  39  0
29  40  0
29  41  0
29  42  0
29  43  8.75523e+06
29  44  1.27444e+07
29  45  0
29  46  9.94427e+06
29  47  628900
29  48  1.06721e+07
29  49  0
29  50  1.50053e+07
30  0  0
30  1  0
30  2  0
30  3  0
30  4  0
30  5  1.81437e+07
30  6  0
30  7  0
30  8  1.26014e+07
30  9  9.67621e+06
30  10  0
30  11  0
30  12  1.5766e+07
30  13  0
30  14  0
30  15  0
30  16  0
30  17  1.44852e+07
30  18  1.64231e+07
30  19  0
30  20  1.41279e+07
30  21  1.67671e+07
30  22  1.16147e+07
30  23  1.83473e+07
30  24  1.41992e+07
30  25  1.83967e+07
30  26  1.60678e+07
30  27  1.23612e+07
30  28  0
30  29  0
30  30  0
30  31  0
30  32  0
30  33  0
30  34  9.66283e+06
30  35  0
30  36  1.2589e+07
30  37  0
30  38  0
30  39  0
30  40  7.57311e+06
30  41  0
30  42  0
30  43  1.18868e+07
30  44  1.35257e+07
30  45  1.91877e+07
30  46  7.15577e+06
30  47  0
30  48  0
30  49  8.79794e+06
30  50  0
31  0  0
31  1  0
31  2  0
31  3  9.76115e+06
31  4  8.88062e+06
31  5  9.44986e+06
31  6  1.9183e+07
31  7  1.46077e+07
31  8  9.22085e+06
31  9  0
31  10  0
31  11  1.23265e+07
31  12  0
31  13  9.30807e+06
31  14  0
31  15  0
31  16  5.79328e+06
31  17  0
31  18  8.81192e+06
31  19  2.13816e+07
31  20  1.3086e+07
31  21  1.57808e+07
31  22  0
31  23  8.84418e+06
31  24  0
31  25  0
31  26  1.70375e+07
31  27  0
31  28  0
31  29  0
31  30  0
31  31  0
31  32  0
31  33  1.71089e+07
31  34  0
31  35  0
31  36  1.31634e+07
31  37  0
31  38  7.37191e+06
31  39  7.55881e+06
31  40  0
31  41  0
31  42  0
31  43  1.22839e+07
31  44  6.86302e+06
31  45  1.84281e+07
31  46  2.28578e+07
31  47  1.1321e+07
31  48  8.26304e+06
31  49  1.64859e+07
31  50  0
32  0  0
32  1  0
32  2  0
32  3  1.8514e+07
32  4  0
32  5  1.31017e+07
32  6  8.88157e+06
32  7  1.34169e+07
32  8  8.36815e+06
32  9  1.21847e+07
32  10  8.71525e+06
32  11  0
32  12  0
32  13  0
32  14  0
32  15  0
32  16  0
32  17  1.04063e+07
32  18  1.71696e+07
32  19  0
32  20  1.09739e+07
32  21  1.61737e+07
32  22  1.48927e+07
32  23  1.45461e+07
32  24  0
32  25  0
32  26  1.51962e+07
32  27  0
32  28  0
32  29  0
32  30  0
32  31  0
32  32  0
32  33  0
32  34  8.59089e+06
32  35  0
32  36  0
32  37  0
32  38  0
32  39  0
32  40  0
32  41  1.188e+07
32  42  4.73025e+06
32  43  0
32  44  1.07297e+07
32  45  1.78638e+07
32  46  1.28533e+07
32  47  0
32  48  0
32  49  0
32  50  0
33  0  0
33  1  0
33  2  1.62871e+07
33  3  1.13518e+07
33  4  1.48778e+07
33  5  0
33  6  0
33  7  0
33  8  1.0509e+07
33  9  1.71614e+07
33  10  0
33  11  8.42999e+06
33  12  1.29175e+07
33  13  1.5325e+07
33  14  0
33  15  0
33  16  0
33  17  0
33  18  0
33  19  1.63074e+07
33  20  1.82965e+07
33  21  1.74978e+07
33  22  2.40961e+07
33  23  0
33  24  1.06848e+07
33  25  1.09308e+07
33  26  1.30422e+07
33  27  0
33  28  0
33  29  0
33  30  0
33  31  0
33  32  0
33  33  0
33  34  0
33  35  1.35875e+07
33  36  2.25911e+07
33  37  1.04098e+07
33  38  0
33  39  0
33  40  1.16212e+07
33  41  0
33  42  0
33  43  9.99162e+06
33  44  1.51414e+07
33  45  1.02038e+07
33  46  2.68381e+07
33  47  0
33  48  0
33  49  0
33  50  0
34  0  0
34  1  0
34  2  0
34  3  0
34  4  7.2671e+06
34  5  1.43749e+07
34  6  0
34  7  3.01202e+07
34  8  0
34  9  0
34  10  0
34  11  0
34  12  9.22971e+06
34  13  0
34  14  1.06871e+07
34  15  0
34  16  0
34  17  0
34  18  0
34  19  1.67714e+07
34  20  0
34  21  2.40081e+07
34  22  1.13114e+07
34  23  0
34  24  0
34  25  9.73696e+06
34  26  682712
34  27  0
34  28  0
34  29  0
34  30  0
34  31  7.64604e+06
34  32  7.75707e+06
34  33  7.61623e+06
34  34  0
34  35  7.93612e+06
34  36  1.60529e+07
34  37  1.09329e+07
34  38  8.11858e+06
34  39  0
34  40  9.71093e+06
34  41  0
34  42  0
34  43  1.48407e+07
34  44  7.99734e+06
34  45  1.86691e+07
34  46  2.28339e+07
34  47  1.82734e+07
34  48  9.88634e+06
34  49  0
34  50  1.26819e+07
35  0  0
35  1  0
35  2  0
35  3  1.39762e+07
35  4  2.00435e+07
35  5  8.5353e+06
35  6  1.72823e+07
35  7  2.30756e+07
35  8  1.09444e+07
35  9  8.20122e+06
35  10  6.88886e+06
35  11  0
35  12  1.04467e+07
35  13  1.19011e+07
35  14  0
35  15  0
35  16  0
35  17  7.87917e+06
35  18  1.00383e+07
35  19  1.04186e+07
35  20  1.41766e+07
35  21  1.50426e+07
35  22  0
35  23  0
35  24  0
35  25  1.30675e+07
35  26  1.20018e+07
35  27  0
35  28  0
35  29  0
35  30  0
35  31  0
35  32  0
35  33  1.2634e+07
35  34  0
35  35  1.12634e+07
35  36  0
35  37  1.87734e+07
35  38  1.64802e+07
35  39  0
35  40  1.50376e+07
35  41  0
35  42  1.09339e+07
35  43  0
35  44  1.49782e+07
35  45  1.52329e+07
35  46  1.84438e+07
35  47  1.1972e+07
35  48  1.91785e+07
35  49  0
35  50  1.20622e+07
36  0  0
36  1  0
36  2  0
36  3  1.20912e+07
36  4  1.43401e+07
36  5  0
36  6  1.35149e+07
36  7  7.41551e+06
36  8  1.34085e+07
36  9  0
36  10  0
36  11  0
36  12  0
36  13  0
36  14  0
36  15  0
36  16  0
36  17  0
36  18  0
36  19  1.71987e+07
36  20  1.63003e+07
36  21  0
36  22  1.20442e+07
36  23  0
36  24  0
36  25  9.83502e+06
36  26  0
36  27  0
36  28  0
36  29  0
36  30  0
36  31  1.12976e+07
36  32  1.59352e+07
36  33  0
36  34  9.74035e+06
36  35  0
36  36  8.77777e+06
36  37  8.24224e+06
36  38  1.17255e+07
36  39  7.42325e+06
36  40  9.92306e+06
36  41  0
36  42  0
36  43  1.05275e+07
36  44  8.44479e+06
36  45  1.35133e+07
36  46  1.32721e+07
36  47  2.95008e+07
36  48  0
36  49  1.2983e+07
36  50  0
37  0  0
37  1  7.80757e+06
37  2  0
37  3  0
37  4  1.62304e+07
37  5  1.41969e+07
37  6  1.89445e+07
37  7  8.02814e+06
37  8  1.10913e+07
37  9  0
37  10  0
37  11  0
37  12  0
37  13  0
37  14  0
37  15  0
37  16  0
37  17  0
37  18  9.68439e+06
37  19  1.66463e+07
37  20  0
37  21  1.90451e+07
37  22  0
37  23  1.2017e+07
37  24  0
37  25  1.18934e+07
37  26  0
37  27  0
37  28  0
37  29  0
37  30  0
37  31  7.74587e+06
37  32  0
37  33  9.43366e+06
37  34  0
37  35  9.17144e+06
37  36  1.40631e+07
37  37  5.42547e+06
37  38  1.30904e+07
37  39  9.50725e+06
37  40  1.01609e+07
37  41  1.18074e+07
37  42  0
37  43  1.21644e+07
37  44  0
37  45  1.97749e+07
37  46  1.4519e+07
37  47  2.00866e+07
37  48  0
37  49  1.61242e+07
37  50  1.63897e+07
38  0  0
38  1  1.00757e+07
38  2  1.65265e+07
38  3  8.9775e+06
38  4  1.6947e+07
38  5  1.61794e+07
38  6  0
38  7  1.14526e+07
38  8  1.47344e+07
38  9  0
38  10  0
38  11  0
38  12  0
38  13  0
38  14  0
38  15  0
38  16  0
38  17  0
38  18  8.40235e+06
38  19  0
38  20  9.73331e+06
38  21  0
38  22  1.26072e+07
38  23  0
38  24  0
38  25  0
38  26  0
38  27  0
38  28  0
38  29  0
38  30  0
38  31  8.67084e+06
38  32  2.80434e+07
38  33  2.19801e+07
38  34  1.24511e+07
38  35  0
38  36  0
38  37  2.45275e+07
38  38  1.07164e+07
38  39  1.4703e+07
38  40  1.40974e+07
38  41  8.19887e+06
38  42  6.53762e+06
38  43  8.90369e+06
38  44  1.86528e+07
38  45  1.33044e+07
38  46  1.50456e+07
38  47  1.55731e+07
38  48  7.08776e+06
38  49  0
38  50  0
39  0  0
39  1  0
39  2  1.18523e+07
39  3  0
39  4  0
39  5  8.77208e+06
39  6  0
39  7  1.55285e+07
39  8  1.91531e+07
39  9  8.72672e+06
39  10  0
39  11  0
39  12  0
39  13  0
39  14  0
39  15  0
39  16  0
39  17  0
39  18  0
39  19  1.31253e+07
39  20  0
39  21  0
39  22  1.10962e+07
39  23  0
39  24  0
39  25  0
39  26  0
39  27  0
39  28  0
39  29  0
39  30  5.34018e+06
39  31  9.10244e+06
39  32  1.12269e+07
39  33  8.64558e+06
39  34  0
39  35  1.31498e+07
39  36  2.0836e+07
39  37  1.87332e+07
39  38  1.30446e+07
39  39  1.38025e+07
39  40  1.37094e+07
39  41  2.20178e+07
39  42  1.26042e+07
39  43  1.6719e+07
39  44  1.00682e+07
39  45  1.38114e+07
39  46  1.00215e+07
39  47  7.29323e+06
39  48  1.41179e+07
39  49  1.12335e+07
39  50  0
40  0  0
40  1  7.68873e+06
40  2  9.18805e+06
40  3  1.75421e+07
40  4  1.58256e+07
40  5  0
40  6  1.87637e+07
40  7  1.67741e+07
40  8  1.32305e+07
40  9  0
40  10  0
40  11  2.21979e+06
40  12  0
40  13  0
40  14  0
40  15  0
40  16  0
40  17  0
40  18  0
40  19  1.53585e+07
40  20  0
40  21  1.18814e+07
40  22  1.06486e+07
40  23  0
40  24  1.01525e+07
40  25  0
40  26  0
40  27  0
40  28  0
40  29  0
40  30  0
40  31  0
40  32  0
40  33  5.12403e+06
40  34  9.38044e+06
40  35  2.24844e+07
40  36  1.4903e+07
40  37  1.17881e+07
40  38  1.719e+07
40  39  1.25561e+07
40  40  0
40  41  1.782e+07
40  42  0
40  43  1.52439e+07
40  44  5.37195e+06
40  45  1.30779e+07
40  46  1.73216e+07
40  47  1.24067e+07
40  48  6.34555e+06
40  49  6.72367e+06
40  50  6.6268e+06
41  0  0
41  1  1.42218e+07
41  2  1.49813e+07
41  3  1.88177e+07
41  4  1.18411e+07
41  5  1.48458e+07
41  6  1.49592e+07
41  7  1.69513e+07
41  8  1.09053e+07
41  9  1.60057e+07
41  10  0
41  11  0
41  12  0
41  13  0
41  14  0
41  15  0
41  16  0
41  17  0
41  18  1.12032e+07
41  19  1.22429e+07
41  20  0
41  21  0
41  22  1.13829e+07
41  23  0
41  24  0
41  25  0
41  26  0
41  27  0
41  28  0
41  29  0
41  30  0
41  31  8.11914e+06
41  32  2.0535e+07
41  33  1.97469e+07
41  34  1.00541e+07
41  35  1.30043e+07
41  36  1.41796e+07
41  37  1.02203e+07
41  38  2.30713e+07
41  39  0
41  40  2.68983e+07
41  41  1.84901e+07
41  42  7.61656e+06
41  43  2.55045e+07
41  44  0
41  45  2.44281e+07
41  46  2.12033e+07
41  47  0
41  48  6.25869e+06
41  49  9.90833e+06
41  50  1.05759e+07
42  0  0
42  1  1.60907e+07
42  2  0
42  3  1.75299e+07
42  4  8.13085e+06
42  5  1.19958e+07
42  6  1.88135e+07
42  7  2.09803e+07
42  8  1.90727e+07
42  9  8.0279e+06
42  10  0
42  11  0
42  12  0
42  13  0
42  14  0
42  15  0
42  16  0
42  17  0
42  18  0
42  19  0
42  20  0
42  21  0
42  22  0
42  23  0
42  24  0
42  25  0
42  26  0
42  27  0
42  28  0
42  29  0
42  30  0
42  31  1.32692e+07
42  32  1.31134e+07
42  33  2.71638e+07
42  34  0
42  35  9.23679e+06
42  36  1.245e+07
42  37  2.01477e+07
42  38  1.35718e+07
42  39  1.30922e+07
42  40  2.03601e+07
42  41  9.64781e+06
42  42  9.88796e+06
42  43  1.6609e+07
42  44  1.87192e+07
42  45  1.88215e+07
42  46  1.4436e+07
42  47  0
42  48  0
42  49  0
42  50  0
43  0  1.07684e+07
43  1  0
43  2  0
43  3  1.21938e+07
43  4  0
43  5  1.86323e+07
43  6  8.77703e+06
43  7  2.27965e+07
43  8  1.73505e+07
43  9  2.08671e+07
43  10  0
43  11  0
43  12  0
43  13  0
43  14  0
43  15  0
43  16  0
43  17  0
43  18  0
43  19  5.04101e+06
43  20  0
43  21  0
43  22  0
43  23  1.8531e+07
43  24  0
43  25  0
43  26  0
43  27  0
43  28  0
43  29  0
43  30  1.15892e+07
43  31  1.02837e+07
43  32  1.93799e+07
43  33  1.80456e+07
43  34  1.9006e+07
43  35  7.15238e+06
43  36  1.1755e+07
43  37  2.00392e+07
43  38  1.86742e+07
43  39  1.69392e+07
43  40  1.24489e+07
43  41  0
43  42  1.52832e+07
43  43  1.06571e+07
43  44  1.24216e+07
43  45  1.71571e+07
43  46  1.51322e+07
43  47  1.83648e+07
43  48  2.07301e+07
43  49  1.30721e+07
43  50  0
44  0  0
44  1  0
44  2  0
44  3  0
44  4  2.04374e+07
44  5  9.73019e+06
44  6  0
44  7  9.81498e+06
44  8  2.59504e+07
44  9  2.06668e+07
44  10  0
44  11  0
44  12  0
44  13  0
44  14  0
44  15  0
44  16  0
44  17  0
44  18  0
44  19  0
44  20  0
44  21  0
44  22  0
44  23  0
44  24  0
44  25  0
44  26  0
44  27  0
44  28  0
44  29  0
44  30  1.32665e+07
44  31  1.68606e+07
44  32  0
44  33  3.12007e+07
44  34  1.09923e+07
44  35  1.27734e+07
44  36  8.17359e+06
44  37  6.84395e+06
44  38  1.41249e+07
44  39  1.86154e+07
44  40  1.5532e+07
44  41  1.41192e+07
44  42  9.10101e+06
44  43  2.5731e+07
44  44  1.25373e+07
44  45  2.2072e+07
44  46  2.50067e+07
44  47  1.77601e+07
44  48  7.34607e+06
44  49  0
44  50  7.54816e+06
45  0  0
45  1  0
45  2  0
45  3  1.13682e+07
45  4  0
45  5  0
45  6  0
45  7  0
45  8  3.07485e+07
45  9  0
45  10  1.01492e+07
45  11  0
45  12  0
45  13  0
45  14  0
45  15  0
45  16  0
45  17  0
45  18  0
45  19  0
45  20  0
45  21  0
45  22  0
45  23  1.1996e+07
45  24  1.56567e+07
45  25  0
45  26  0
45  27  0
45  28  0
45  29  0
45  30  1.06137e+07
45  31  0
45  32  1.48879e+07
45  33  1.55312e+07
45  34  1.55347e+07
45  35  2.58711e+07
45  36  2.07219e+07
45  37  1.27345e+07
45  38  1.48736e+07
45  39  1.78301e+07
45  40  1.26204e+07
45  41  1.74229e+07
45  42  0
45  43  1.17577e+07
45  44  1.98012e+07
45  45  1.75561e+07
45  46  1.39292e+07
45  47  1.48319e+07
45  48  0
45  49  8.31249e+06
45  50  7.01727e+06
46  0  0
46  1  0
46  2  0
46  3  0
46  4  0
46  5  1.44242e+07
46  6  0
46  7  0
46  8  2.14542e+07
46  9  1.162e+07
46  10  0
46  11  0
46  12  0
46  13  0
46  14  0
46  15  0
46  16  0
46  17  0
46  18  0
46  19  0
46  20  0
46  21  0
46  22  0
46  23  0
46  24  0
46  25  8.96271e+06
46  26  0
46  27  3.97218e+06
46  28  0
46  29  0
46  30  1.54476e+07
46  31  5.45698e+06
46  32  1.00662e+07
46  33  1.08724e+07
46  34  1.63054e+07
46  35  1.01839e+07
46  36  1.30057e+07
46  37  1.18276e+07
46  38  1.04794e+07
46  39  0
46  40  9.12987e+06
46  41  1.20322e+07
46  42  1.73951e+07
46  43  1.93463e+07
46  44  1.30305e+07
46  45  2.16176e+07
46  46  0
46  47  1.12318e+07
46  48  1.13785e+07
46  49  7.42058e+06
46  50  1.18278e+07
47  0  0
47  1  0
47  2  0
47  3  1.5627e+07
47  4  1.39746e+07
47  5  0
47  6  0
47  7  8.25227e+06
47  8  1.80203e+07
47  9  0
47  10  9.39699e+06
47  11  0
47  12  0
47  13  0
47  14  0
47  15  0
47  16  0
47  17  0
47  18  0
47  19  1.15525e+07
47  20  0
47  21  1.15616e+07
47  22  0
47  23  0
47  24  0
47  25  0
47  26  0
47  27  1.04114e+07
47  28  8.4276e+06
47  29  0
47  30  1.06426e+07
47  31  8.06276e+06
47  32  2.25754e+07
47  33  1.25824e+07
47  34  1.61137e+07
47  35  0
47  36  1.08318e+07
47  37  0
47  38  8.80852e+06
47  39  1.24885e+07
47  40  0
47  41  1.96916e+07
47  42  1.49266e+07
47  43  2.01311e+07
47  44  7.90947e+06
47  45  1.63887e+07
47  46  1.91233e+07
47  47  9.58531e+06
47  48  0
47  49  1.90488e+07
47  50  0
48  0  0
48  1  0
48  2  0
48  3  0
48  4  7.64984e+06
48  5  0
48  6  1.32637e+07
48  7  0
48  8  1.35942e+07
48  9  1.01377e+07
48  10  0
48  11  0
48  12  8.91102e+06
48  13  0
48  14  0
48  15  0
48  16  0
48  17  0
48  18  0
48  19  6.80982e+06
48  20  0
48  21  8.37927e+06
48  22  0
48  23  1.08981e+07
48  24  1.23498e+07
48  25  0
48  26  0
48  27  2.14901e+06
48  28  0
48  29  0
48  30  8.85974e+06
48  31  1.61219e+07
48  32  1.528e+07
48  33  9.24468e+06
48  34  1.96516e+07
48  35  8.466e+06
48  36  0
48  37  7.51345e+06
48  38  7.86609e+06
48  39  1.38811e+07
48  40  1.62348e+07
48  41  1.26958e+07
48  42  1.20427e+07
48  43  2.18241e+07
48  44  1.13248e+07
48  45  1.54309e+07
48  46  1.48388e+07
48  47  1.01847e+07
48  48  9.82017e+06
48  49  1.58707e+06
48  50  0
49  0  0
49  1  0
49  2  0
49  3  6.14981e+06
49  4  0
49  5  0
49  6  0
49  7  6.90198e+06
49  8  0
49  9  8.77025e+06
49  10  0
49  11  0
49  12  0
49  13  0
49  14  0
49  15  0
49  16  0
49  17  0
49  18  0
49  19  0
49  20  0
49  21  0
49  22  0
49  23  0
49  24  4.12266e+06
49  25  0
49  26  1.15331e+07
49  27  1.59689e+07
49  28  0
49  29  0
49  30  2.51505e+06
49  31  8.61731e+06
49  32  9.39396e+06
49  33  9.10264e+06
49  34  1.22599e+07
49  35  1.03139e+07
49  36  1.61541e+07
49  37  1.09155e+07
49  38  8.81964e+06
49  39  1.33162e+07
49  40  1.04371e+07
49  41  1.07721e+07
49  42  1.21639e+07
49  43  0
49  44  1.65495e+07
49  45  0
49  46  1.43746e+07
49  47  7.93726e+06
49  48  2.28044e+07
49  49  1.23203e+07
49  50  6.83211e+06
50  0  0
50  1  0
50  2  0
50  3  0
50  4  0
50  5  0
50  6  0
50  7  1.45128e+07
50  8  1.58798e+07
50  9  9.91059e+06
50  10  0
50  11  0
50  12  0
50  13  0
50  14  0
50  15  0
50  16  0
50  17  0
50  18  0
50  19  0
50  20  0
50  21  0
50  22  0
50  23  0
50  24  0
50  25  0
50  26  1.33666e+07
50  27  0
50  28  0
50  29  6.86542e+06
50  30  0
50  31  1.09168e+07
50  32  0
50  33  0
50  34  1.29615e+07
50  35  1.15092e+07
50  36  0
50  37  5.52678e+06
50  38  6.4776e+06
50  39  1.59969e+07
50  40  1.59857e+07
50  41  1.69456e+07
50  42  0
50  43  8.26372e+06
50  44  1.28402e+07
50  45  1.16941e+07
50  46  6.13584e+06
50  47  0
50  48  1.10024e+07
50  49  0
50  50  9.68899e+06

