row  column  (images_25_2_757.edf Cu-K*images_25_2_757.edf Ar-K**2.3)
0  0  0
0  1  0
0  2  0
0  3  6.93542e+06
0  4  1.27923e+07
0  5  0
0  6  1.94683e+06
0  7  5.33449e+06
0  8  1.56598e+06
0  9  8.14874e+06
0  10  1.0367e+07
0  11  1.46771e+07
0  12  1.29773e+07
0  13  6.54254e+06
0  14  0
0  15  0
0  16  626167
0  17  1.40938e+07
0  18  1.69182e+07
0  19  1.35995e+07
0  20  9.38385e+06
0  21  1.01773e+07
0  22  0
0  23  1.24384e+07
0  24  1.8662e+06
0  25  1.28346e+07
0  26  2.1505e+06
0  27  1.04223e+07
0  28  1.13324e+07
0  29  0
0  30  7.32207e+06
0  31  926669
0  32  1.55731e+06
0  33  9.42278e+06
0  34  4.62027e+06
0  35  1.28016e+07
0  36  1.02143e+07
0  37  1.44807e+07
0  38  1.8886e+06
0  39  0
0  40  1.21699e+07
0  41  3.13624e+06
0  42  7.62028e+06
0  43  0
0  44  1.06852e+07
0  45  1.13234e+07
0  46  1.4607e+07
0  47  1.08263e+07
0  48  0
0  49  2.47893e+07
0  50  2.00218e+07
1  0  644327
1  1  1.06866e+07
1  2  7.57061e+06
1  3  1.08451e+06
1  4  4.89715e+06
1  5  1.52724e+07
1  6  0
1  7  0
1  8  0
1  9  6.85811e+06
1  10  1.5386e+07
1  11  1.2596e+07
1  12  5.49388e+06
1  13  2.38646e+06
1  14  1.75698e+07
1  15  8.07353e+06
1  16  1.18724e+07
1  17  1.00953e+07
1  18  0
1  19  1.9583e+07
1  20  1.04253e+07
1  21  5.88816e+06
1  22  4.63663e+06
1  23  0
1  24  0
1  25  9.53497e+06
1  26  1.82495e+06
1  27  0
1  28  3.29127e+06
1  29  0
1  30  0
1  31  6.96293e+06
1  32  5.04859e+06
1  33  1.85871e+07
1  34  0
1  35  1.47482e+06
1  36  5.19423e+06
1  37  5.28223e+06
1  38  0
1  39  5.23003e+06
1  40  7.52482e+06
1  41  1.6815e+07
1  42  7.77313e+06
1  43  1.68743e+07
1  44  1.72024e+06
1  45  1.15532e+07
1  46  9.82079e+06
1  47  8.68833e+06
1  48  3.5011e+06
1  49  1.35401e+06
1  50  1.25191e+07
2  0  0
2  1  0
2  2  0
2  3  5.10944e+06
2  4  9.85847e+06
2  5  1.47179e+06
2  6  3.28314e+06
2  7  2.80184e+06
2  8  1.21095e+07
2  9  4.2101e+06
2  10  9.92094e+06
2  11  0
2  12  9.01156e+06
2  13  1.70056e+07
2  14  0
2  15  4.62251e+06
2  16  1.21685e+07
2  17  5.50199e+06
2  18  9.0395e+06
2  19  9.64986e+06
2  20  1.94311e+07
2  21  4.84099e+06
2  22  3.27023e+06
2  23  7.42605e+06
2  24  0
2  25  6.33144e+06
2  26  0
2  27  1.33994e+07
2  28  1.05346e+07
2  29  6.96006e+06
2  30  0
2  31  1.98075e+06
2  32  380276
2  33  1.20506e+07
2  34  8.95837e+06
2  35  9.69522e+06
2  36  9.85326e+06
2  37  0
2  38  7.77238e+06
2  39  6.18793e+06
2  40  1.83099e+07
2  41  1.26886e+07
2  42  3.84794e+06
2  43  9.54421e+06
2  44  3.42782e+06
2  45  7.81268e+06
2  46  4.71379e+06
2  47  8.14983e+06
2  48  1.83946e+07
2  49  1.98538e+07
2  50  1.1604e+07
3  0  0
3  1  436725
3  2  0
3  3  7.44413e+06
3  4  1.25282e+07
3  5  1.28573e+07
3  6  1.31368e+07
3  7  6.17484e+06
3  8  2.85237e+07
3  9  9.54958e+06
3  10  2.18766e+07
3  11  7.25381e+06
3  12  1.01987e+07
3  13  0
3  14  1.37219e+07
3  15  1.98239e+07
3  16  134117
3  17  0
3  18  6.0626e+06
3  19  1.34058e+07
3  20  9.51868e+06
3  21  2.22077e+07
3  22  1.07305e+07
3  23  0
3  24  1.01091e+07
3  25  7.02493e+06
3  26  8.40636e+06
3  27  5.36031e+06
3  28  1.11978e+07
3  29  2.09046e+07
3  30  1.22999e+07
3  31  2.82154e+06
3  32  1.07164e+07
3  33  0
3  34  3.73861e+06
3  35  2.03634e+06
3  36  1.75084e+06
3  37  1.439e+07
3  38  6.78771e+06
3  39  5.28747e+06
3  40  5.92659e+06
3  41  1.40443e+07
3  42  2.13334e+07
3  43  1.49361e+07
3  44  6.50251e+06
3  45  2.32361e+07
3  46  1.57123e+07
3  47  1.26869e+07
3  48  6.09316e+06
3  49  1.3485e+07
3  50  442941
4  0  3.73245e+06
4  1  0
4  2  1.0453e+07
4  3  0
4  4  1.65882e+07
4  5  2.75507e+06
4  6  1.95547e+07
4  7  7.83562e+06
4  8  7.9713e+06
4  9  1.52466e+07
4  10  1.59283e+07
4  11  2.95796e+07
4  12  5.96919e+06
4  13  6.57178e+06
4  14  721345
4  15  2.65156e+06
4  16  2.83566e+06
4  17  2.50611e+06
4  18  1.92474e+06
4  19  2.14735e+07
4  20  9.38835e+06
4  21  1.1468e+07
4  22  1.26628e+06
4  23  0
4  24  5.58197e+06
4  25  4.70213e+06
4  26  4.77434e+06
4  27  998360
4  28  0
4  29  0
4  30  0
4  31  1.36331e+07
4  32  0
4  33  2.18614e+07
4  34  3.41369e+06
4  35  5.65927e+06
4  36  7.74454e+06
4  37  0
4  38  1.47366e+07
4  39  645625
4  40  1.03439e+07
4  41  7.03241e+06
4  42  1.83969e+07
4  43  0
4  44  6.77356e+06
4  45  5.99275e+06
4  46  1.70108e+06
4  47  2.06547e+07
4  48  9.5543e+06
4  49  3.92438e+06
4  50  2.8408e+06
5  0  0
5  1  1.47238e+07
5  2  2.41298e+07
5  3  2.30087e+07
5  4  1.20153e+07
5  5  2.25732e+07
5  6  1.42699e+07
5  7  2.5824e+07
5  8  1.39965e+07
5  9  1.58279e+07
5  10  1.69157e+07
5  11  1.3415e+07
5  12  8.33032e+06
5  13  0
5  14  4.8716e+06
5  15  1.2582e+07
5  16  828619
5  17  9.6932e+06
5  18  2.22563e+07
5  19  1.18121e+07
5  20  3.04114e+06
5  21  7.87257e+06
5  22  1.00346e+07
5  23  1.10159e+07
5  24  0
5  25  1.22229e+07
5  26  3.38901e+06
5  27  0
5  28  7.33764e+06
5  29  0
5  30  8.55891e+06
5  31  1.27743e+07
5  32  3.59207e+06
5  33  9.58819e+06
5  34  6.06172e+06
5  35  1.10898e+07
5  36  5.93402e+06
5  37  8.76731e+06
5  38  2.00766e+07
5  39  4.11778e+06
5  40  0
5  41  1.43622e+07
5  42  8.28916e+06
5  43  7.37393e+06
5  44  1.55714e+07
5  45  4.87679e+06
5  46  1.30652e+07
5  47  2.71434e+07
5  48  1.4957e+06
5  49  0
5  50  1.45661e+07
6  0  1.358e+06
6  1  1.61982e+07
6  2  1.66447e+07
6  3  3.74212e+06
6  4  0
6  5  1.79964e+07
6  6  9.30095e+06
6  7  1.29554e+07
6  8  8.42064e+06
6  9  4.80757e+06
6  10  6.6234e+06
6  11  7.5924e+06
6  12  0
6  13  2.97248e+06
6  14  1.07109e+07
6  15  4.10085e+06
6  16  7.76983e+06
6  17  1.10703e+07
6  18  1.1902e+07
6  19  1.92197e+07
6  20  0
6  21  0
6  22  5.62575e+06
6  23  2.65652e+07
6  24  1.77327e+07
6  25  1.19641e+06
6  26  5.94433e+06
6  27  1.40608e+07
6  28  4.72664e+06
6  29  1.03133e+07
6  30  2.24629e+06
6  31  0
6  32  5.09438e+06
6  33  7.74224e+06
6  34  1.65044e+06
6  35  0
6  36  6.88954e+06
6  37  7.81003e+06
6  38  3.63621e+06
6  39  1.74483e+07
6  40  1.72804e+07
6  41  1.16328e+07
6  42  8.66959e+06
6  43  2.36853e+07
6  44  6.62927e+06
6  45  0
6  46  1.61394e+07
6  47  0
6  48  5.22266e+06
6  49  1.2343e+07
6  50  1.78447e+07
7  0  3.82172e+06
7  1  1.00521e+07
7  2  1.90077e+07
7  3  3.11934e+07
7  4  1.06801e+07
7  5  9.91633e+06
7  6  1.48921e+07
7  7  7.85045e+06
7  8  1.13035e+07
7  9  1.4059e+07
7  10  1.50345e+07
7  11  1.75938e+07
7  12  0
7  13  0
7  14  1.77928e+06
7  15  2.21679e+07
7  16  3.91189e+06
7  17  1.561e+07
7  18  1.26922e+07
7  19  1.22895e+07
7  20  5.31345e+06
7  21  8.18907e+06
7  22  9.93321e+06
7  23  1.582e+07
7  24  3.82564e+06
7  25  9.54413e+06
7  26  0
7  27  1.80269e+07
7  28  1.19671e+07
7  29  1.38633e+07
7  30  2.26477e+06
7  31  1.71912e+07
7  32  4.65122e+06
7  33  0
7  34  4.98589e+06
7  35  1.34776e+07
7  36  1.37312e+07
7  37  1.17562e+07
7  38  2.37244e+07
7  39  1.72041e+07
7  40  1.18987e+07
7  41  8.19724e+06
7  42  1.66035e+07
7  43  1.7161e+07
7  44  1.23342e+07
7  45  1.05174e+07
7  46  1.20787e+07
7  47  7.99026e+06
7  48  7.70998e+06
7  49  1.04632e+07
7  50  1.47106e+07
8  0  4.98797e+06
8  1  5.53642e+06
8  2  8.61574e+06
8  3  1.53708e+06
8  4  4.77283e+06
8  5  0
8  6  1.48128e+07
8  7  1.85255e+07
8  8  5.79501e+06
8  9  7.6883e+06
8  10  1.21939e+07
8  11  1.45491e+07
8  12  0
8  13  0
8  14  4.22473e+06
8  15  1.93093e+07
8  16  1.08272e+07
8  17  793491
8  18  0
8  19  2.94139e+06
8  20  1.3899e+07
8  21  9.64521e+06
8  22  0
8  23  8.55333e+06
8  24  1.85921e+07
8  25  8.26946e+06
8  26  1.71609e+07
8  27  8.77018e+06
8  28  1.14459e+07
8  29  1.1716e+07
8  30  727014
8  31  6.17043e+06
8  32  7.56759e+06
8  33  1.19969e+07
8  34  1.0172e+07
8  35  911.811
8  36  1.46813e+07
8  37  6.78894e+06
8  38  6.81755e+06
8  39  9.24551e+06
8  40  2.71048e+06
8  41  8.93161e+06
8  42  1.0548e+07
8  43  1.38521e+07
8  44  1.20774e+06
8  45  1.40338e+07
8  46  1.00208e+07
8  47  1.99307e+07
8  48  9.02149e+06
8  49  2.09825e+07
8  50  2.34148e+07
9  0  7.8953e+06
9  1  2.10529e+07
9  2  1.29878e+07
9  3  1.39283e+07
9  4  1.03199e+07
9  5  5.47735e+06
9  6  2.52976e+07
9  7  2.52803e+07
9  8  1.26328e+07
9  9  1.21101e+07
9  10  1.04834e+07
9  11  1.00749e+07
9  12  0
9  13  0
9  14  0
9  15  2.22758e+07
9  16  2.08545e+07
9  17  2.41751e+07
9  18  5.89159e+06
9  19  6.06828e+06
9  20  1.70311e+07
9  21  1.26487e+06
9  22  0
9  23  4.62201e+06
9  24  1.83094e+07
9  25  78215.4
9  26  9.21559e+06
9  27  3.3982e+06
9  28  1.86261e+07
9  29  1.69883e+07
9  30  2.05218e+07
9  31  2.23199e+07
9  32  1.61221e+07
9  33  1.55645e+07
9  34  4.52048e+06
9  35  8.95747e+06
9  36  1.76192e+07
9  37  1.55898e+07
9  38  9.29016e+06
9  39  9.61966e+06
9  40  6.45907e+06
9  41  1.60389e+07
9  42  0
9  43  1.37349e+07
9  44  5.20494e+06
9  45  1.41297e+07
9  46  6.4452e+06
9  47  3.18729e+06
9  48  0
9  49  0
9  50  1.45508e+07
10  0  8.02249e+06
10  1  6.74603e+06
10  2  7.65214e+06
10  3  1.56935e+07
10  4  1.5147e+07
10  5  4.81718e+06
10  6  2.16116e+07
10  7  7.96166e+06
10  8  1.67291e+07
10  9  9.18957e+06
10  10  1.73129e+07
10  11  1.45711e+07
10  12  0
10  13  0
10  14  0
10  15  6.15064e+06
10  16  6.27412e+06
10  17  0
10  18  8.78185e+06
10  19  2.56648e+06
10  20  1.32901e+07
10  21  1.11761e+07
10  22  451694
10  23  1.73371e+07
10  24  3.28275e+06
10  25  1.24106e+07
10  26  9.72564e+06
10  27  1.50337e+07
10  28  2.43272e+06
10  29  1.05518e+07
10  30  1.41232e+07
10  31  1.31734e+07
10  32  0
10  33  2.76053e+06
10  34  2.39226e+07
10  35  8.56727e+06
10  36  9.24841e+06
10  37  1.04625e+07
10  38  2.42182e+07
10  39  4.87295e+06
10  40  4.53839e+06
10  41  0
10  42  2.01321e+07
10  43  7.1719e+06
10  44  9.03375e+06
10  45  6.86013e+06
10  46  1.47517e+07
10  47  1.44676e+07
10  48  1.19632e+07
10  49  1.40782e+07
10  50  1.23858e+07
11  0  3.00161e+06
11  1  1.97945e+07
11  2  1.52805e+07
11  3  1.56995e+07
11  4  1.03916e+07
11  5  5.65094e+06
11  6  2.28061e+07
11  7  8.69794e+06
11  8  2.54928e+07
11  9  7.71696e+06
11  10  8.99897e+06
11  11  0
11  12  0
11  13  0
11  14  0
11  15  0
11  16  1.46841e+07
11  17  3.86574e+06
11  18  6.47729e+06
11  19  2.69964e+06
11  20  5.0083e+06
11  21  0
11  22  1.03388e+07
11  23  1.96587e+07
11  24  9.98069e+06
11  25  6.28739e+06
11  26  1.61881e+07
11  27  1.05679e+07
11  28  9.87748e+06
11  29  0
11  30  1.13405e+07
11  31  1.22975e+07
11  32  1.19541e+07
11  33  9.77317e+06
11  34  1.30004e+07
11  35  1.32615e+07
11  36  8.43181e+06
11  37  7.41767e+06
11  38  2.04912e+07
11  39  1.07549e+07
11  40  1.30566e+07
11  41  1.74539e+07
11  42  3.79203e+06
11  43  7.44731e+06
11  44  0
11  45  3.90354e+06
11  46  1.45608e+07
11  47  7.05681e+06
11  48  8.33409e+06
11  49  1.44875e+07
11  50  6.57244e+06
12  0  1.19291e+07
12  1  1.91158e+07
12  2  3.00465e+07
12  3  213544
12  4  3.86926e+06
12  5  5.00948e+06
12  6  8.7397e+06
12  7  0
12  8  5.20684e+06
12  9  0
12  10  0
12  11  0
12  12  0
12  13  0
12  14  0
12  15  3.17012e+06
12  16  0
12  17  2.43612e+06
12  18  0
12  19  1.37891e+07
12  20  4.1865e+06
12  21  4.23203e+06
12  22  1.33747e+07
12  23  1.42427e+07
12  24  0
12  25  1.03484e+07
12  26  1.34876e+07
12  27  1.00021e+07
12  28  1.59365e+07
12  29  3.9773e+06
12  30  3.69254e+06
12  31  1.96358e+07
12  32  1.60565e+07
12  33  2.09767e+07
12  34  0
12  35  1.46397e+07
12  36  1.51904e+07
12  37  4.79845e+06
12  38  1.73113e+07
12  39  1.50213e+06
12  40  1.49582e+07
12  41  0
12  42  0
12  43  1.4136e+07
12  44  1.34533e+07
12  45  2.54034e+07
12  46  1.40753e+07
12  47  1.14722e+07
12  48  2.93232e+06
12  49  5.57528e+06
12  50  1.889e+07
13  0  1.04775e+07
13  1  1.48673e+07
13  2  2.48549e+06
13  3  1.26439e+07
13  4  9.07126e+06
13  5  9.27802e+06
13  6  1.58462e+07
13  7  0
13  8  1.04764e+07
13  9  2.76101e+06
13  10  0
13  11  0
13  12  0
13  13  0
13  14  0
13  15  5.41652e+06
13  16  0
13  17  1.55048e+06
13  18  0
13  19  6.36756e+06
13  20  1.44818e+07
13  21  8.90809e+06
13  22  1.50361e+07
13  23  1.42946e+07
13  24  9.25997e+06
13  25  0
13  26  1.11874e+07
13  27  1.52439e+07
13  28  2.27221e+07
13  29  2.07216e+07
13  30  2.44536e+06
13  31  6.74419e+06
13  32  9.46693e+06
13  33  6.28355e+06
13  34  1.50906e+07
13  35  5.1954e+06
13  36  1.3037e+07
13  37  2.0169e+07
13  38  786714
13  39  5.83327e+06
13  40  6.54834e+06
13  41  2.35901e+07
13  42  3.78443e+06
13  43  2.72093e+06
13  44  2.23079e+07
13  45  4.82417e+06
13  46  1.54432e+07
13  47  6.80351e+06
13  48  1.62841e+07
13  49  1.82828e+07
13  50  1.39834e+07
14  0  1.4154e+07
14  1  2.77424e+07
14  2  2.35939e+07
14  3  1.08786e+07
14  4  3.62949e+06
14  5  1.71428e+07
14  6  2.54965e+06
14  7  6.04783e+06
14  8  4.44434e+06
14  9  1.40918e+07
14  10  2.72451e+06
14  11  0
14  12  0
14  13  0
14  14  0
14  15  2.86527e+06
14  16  5.44707e+06
14  17  2.08276e+07
14  18  0
14  19  0
14  20  4.65142e+06
14  21  8.47423e+06
14  22  1.88586e+06
14  23  1.03059e+07
14  24  0
14  25  1.5338e+07
14  26  1.95474e+07
14  27  1.69629e+07
14  28  9.07929e+06
14  29  1.3382e+07
14  30  1.16962e+07
14  31  1.11801e+07
14  32  6.1934e+06
14  33  1.85014e+07
14  34  8.60982e+06
14  35  1.59922e+07
14  36  2.26863e+07
14  37  1.04525e+07
14  38  16934.3
14  39  9.09763e+06
14  40  1.44265e+07
14  41  8.03437e+06
14  42  1.30395e+07
14  43  0
14  44  1.97503e+07
14  45  1.03259e+07
14  46  7.89838e+06
14  47  0
14  48  1.38127e+07
14  49  1.90199e+07
14  50  1.57799e+07
15  0  0
15  1  1.09562e+07
15  2  1.84891e+07
15  3  8.7235e+06
15  4  1.13543e+07
15  5  2.07036e+07
15  6  8.96211e+06
15  7  2.56597e+06
15  8  1.90276e+06
15  9  0
15  10  1.1098e+07
15  11  1.45767e+07
15  12  0
15  13  0
15  14  0
15  15  5.61926e+06
15  16  1.20075e+06
15  17  8.5993e+06
15  18  473586
15  19  0
15  20  1.06318e+07
15  21  1.79537e+07
15  22  8.01568e+06
15  23  7.2997e+06
15  24  3.93871e+06
15  25  1.02988e+07
15  26  9.37418e+06
15  27  7.47879e+06
15  28  1.13621e+07
15  29  9.7759e+06
15  30  7.0097e+06
15  31  2.18147e+07
15  32  1.13972e+07
15  33  1.70034e+07
15  34  2.95529e+06
15  35  1.94973e+07
15  36  1.22207e+07
15  37  1.7418e+07
15  38  1.21052e+07
15  39  7.66326e+06
15  40  2.86183e+06
15  41  2.22278e+07
15  42  3.70689e+06
15  43  1.30452e+07
15  44  1.99419e+07
15  45  1.24313e+07
15  46  0
15  47  6.28918e+06
15  48  2.6317e+06
15  49  5.55914e+06
15  50  1.39975e+07
16  0  1.65408e+07
16  1  1.53896e+07
16  2  7.87259e+06
16  3  1.32299e+07
16  4  7.90355e+06
16  5  2.24708e+07
16  6  8.36638e+06
16  7  2.24172e+07
16  8  1.66269e+07
16  9  6.17176e+06
16  10  6.78958e+06
16  11  1.23464e+07
16  12  0
16  13  0
16  14  0
16  15  0
16  16  1.41982e+07
16  17  6.05689e+06
16  18  6.68144e+06
16  19  0
16  20  1.52844e+07
16  21  1.10372e+07
16  22  7.32479e+06
16  23  9.94206e+06
16  24  8.73658e+06
16  25  1.15175e+06
16  26  1.07865e+07
16  27  9.33067e+06
16  28  2.6709e+06
16  29  0
16  30  1.48892e+07
16  31  1.44788e+07
16  32  1.62903e+07
16  33  2.02925e+07
16  34  1.66778e+07
16  35  1.10023e+07
16  36  1.78812e+07
16  37  3.45709e+06
16  38  2.17606e+07
16  39  5.14845e+06
16  40  1.52141e+07
16  41  1.65253e+07
16  42  1.27331e+07
16  43  7.4825e+06
16  44  9.85029e+06
16  45  1.05484e+07
16  46  0
16  47  1.56375e+07
16  48  8.26738e+06
16  49  1.35863e+07
16  50  1.23066e+07
17  0  1.69034e+07
17  1  2.9278e+07
17  2  1.30155e+07
17  3  2.12964e+07
17  4  1.49705e+07
17  5  1.53464e+07
17  6  0
17  7  1.3992e+07
17  8  2.25278e+07
17  9  2.64059e+06
17  10  6.44884e+06
17  11  1.22667e+07
17  12  0
17  13  0
17  14  1.2115e+07
17  15  4.08325e+06
17  16  1.74797e+06
17  17  1.15139e+06
17  18  5.27944e+06
17  19  5.12087e+06
17  20  7.62231e+06
17  21  1.04548e+07
17  22  6.24861e+06
17  23  2.33289e+07
17  24  1.14278e+07
17  25  1.99934e+07
17  26  1.72121e+07
17  27  3.12074e+06
17  28  5.16936e+06
17  29  4.69066e+06
17  30  1.62731e+06
17  31  1.3031e+07
17  32  1.71513e+07
17  33  9.78277e+06
17  34  1.26818e+07
17  35  1.32271e+07
17  36  1.70401e+07
17  37  1.50967e+07
17  38  1.66241e+07
17  39  3.43786e+06
17  40  5.81179e+06
17  41  7.90846e+06
17  42  2.15758e+07
17  43  1.30862e+07
17  44  8.53946e+06
17  45  3.36053e+06
17  46  6.33388e+06
17  47  7.42378e+06
17  48  6.36751e+06
17  49  1.63239e+07
17  50  2.5596e+07
18  0  1.8567e+07
18  1  0
18  2  1.48754e+07
18  3  7.15196e+06
18  4  2.60152e+07
18  5  1.04135e+07
18  6  1.37067e+07
18  7  9.88537e+06
18  8  1.86724e+07
18  9  1.52082e+07
18  10  1.74817e+07
18  11  1.72345e+07
18  12  1.6791e+07
18  13  0
18  14  4.8073e+06
18  15  6.01746e+06
18  16  5.86022e+06
18  17  3.48088e+06
18  18  1.06031e+07
18  19  9.8963e+06
18  20  1.46277e+07
18  21  2.63484e+07
18  22  1.7093e+07
18  23  1.09255e+07
18  24  1.7405e+07
18  25  1.17157e+07
18  26  8.50662e+06
18  27  1.48423e+07
18  28  6.04843e+06
18  29  1.06844e+07
18  30  4.64131e+06
18  31  1.9195e+07
18  32  1.61883e+07
18  33  9.62302e+06
18  34  1.21883e+07
18  35  1.29033e+07
18  36  1.14797e+07
18  37  1.3471e+07
18  38  7.63934e+06
18  39  1.69088e+07
18  40  9.55546e+06
18  41  1.11707e+07
18  42  1.1179e+07
18  43  8.26638e+06
18  44  0
18  45  1.12127e+07
18  46  5.73988e+06
18  47  1.16511e+06
18  48  1.56482e+07
18  49  1.98674e+07
18  50  1.531e+07
19  0  5.49569e+06
19  1  0
19  2  1.21253e+07
19  3  7.85213e+06
19  4  5.42772e+06
19  5  1.97325e+07
19  6  1.17924e+07
19  7  1.26655e+07
19  8  8.10925e+06
19  9  2.26928e+07
19  10  1.87314e+07
19  11  1.93941e+07
19  12  3.74143e+06
19  13  0
19  14  1.59073e+06
19  15  1.21873e+07
19  16  1.37268e+07
19  17  1.23342e+07
19  18  1.32693e+07
19  19  1.56698e+07
19  20  1.50734e+07
19  21  1.85895e+07
19  22  1.34994e+07
19  23  3.73267e+06
19  24  1.0143e+07
19  25  2.39632e+07
19  26  1.45314e+07
19  27  1.0064e+07
19  28  8.60036e+06
19  29  1.37482e+07
19  30  4.26177e+06
19  31  2.06894e+07
19  32  1.98469e+07
19  33  6.8915e+06
19  34  1.71928e+07
19  35  1.43893e+07
19  36  6.35788e+06
19  37  5.26659e+06
19  38  1.09877e+07
19  39  8.47081e+06
19  40  9.35764e+06
19  41  170078
19  42  1.46901e+07
19  43  0
19  44  2.55251e+07
19  45  5.00513e+06
19  46  1.42863e+07
19  47  2.18235e+07
19  48  1.05533e+07
19  49  6.21909e+06
19  50  1.28968e+07
20  0  3.54585e+07
20  1  1.40921e+07
20  2  8.29545e+06
20  3  1.16324e+07
20  4  1.06891e+07
20  5  1.14716e+07
20  6  9.57989e+06
20  7  5.57894e+06
20  8  1.45929e+07
20  9  6.56922e+06
20  10  1.76798e+07
20  11  1.17025e+07
20  12  9.44709e+06
20  13  9.55923e+06
20  14  1.79089e+07
20  15  5.98097e+06
20  16  1.68274e+07
20  17  1.97562e+07
20  18  8.2425e+06
20  19  1.1938e+07
20  20  1.99934e+06
20  21  2.06967e+07
20  22  1.33794e+07
20  23  2.15332e+07
20  24  1.11945e+07
20  25  1.36266e+07
20  26  2.46583e+07
20  27  4.03874e+06
20  28  7.4287e+06
20  29  1.79501e+07
20  30  1.07526e+07
20  31  6.45477e+06
20  32  1.70241e+07
20  33  1.31694e+07
20  34  1.37491e+07
20  35  9.90169e+06
20  36  1.58678e+07
20  37  0
20  38  1.4501e+07
20  39  7.20949e+06
20  40  7.69425e+06
20  41  6.60809e+06
20  42  1.17679e+06
20  43  1.83965e+07
20  44  1.21792e+07
20  45  2.3526e+07
20  46  1.79265e+07
20  47  2.03944e+07
20  48  9.28792e+06
20  49  9.17446e+06
20  50  8.82393e+06
21  0  1.88482e+07
21  1  1.07375e+07
21  2  2.36942e+07
21  3  4.96238e+06
21  4  1.55766e+07
21  5  1.2269e+07
21  6  6.01232e+06
21  7  2.13241e+07
21  8  1.01023e+07
21  9  1.73537e+07
21  10  1.94853e+07
21  11  1.94526e+07
21  12  1.57076e+07
21  13  3.52391e+06
21  14  1.8526e+07
21  15  1.17785e+07
21  16  1.57459e+07
21  17  1.62438e+07
21  18  1.60695e+07
21  19  1.22518e+07
21  20  1.5568e+07
21  21  1.17496e+07
21  22  1.46991e+07
21  23  1.18592e+07
21  24  2.25298e+07
21  25  1.59182e+07
21  26  1.15813e+07
21  27  1.41211e+07
21  28  1.44145e+07
21  29  1.60676e+07
21  30  1.30856e+07
21  31  2.24446e+07
21  32  1.46823e+07
21  33  2.25604e+07
21  34  1.02927e+07
21  35  1.03869e+07
21  36  625871
21  37  1.31866e+07
21  38  0
21  39  1.02759e+07
21  40  0
21  41  6.62115e+06
21  42  3.80853e+06
21  43  8.93792e+06
21  44  4.18871e+06
21  45  7.91257e+06
21  46  5.28561e+06
21  47  1.72339e+07
21  48  1.26105e+07
21  49  1.41573e+07
21  50  2.31267e+06
22  0  1.47543e+07
22  1  1.35786e+07
22  2  1.41141e+07
22  3  1.08708e+07
22  4  6.77959e+06
22  5  0
22  6  7.72796e+06
22  7  1.91144e+07
22  8  2.37515e+07
22  9  1.43664e+07
22  10  1.63097e+07
22  11  1.74273e+07
22  12  1.60616e+07
22  13  1.29773e+07
22  14  9.73223e+06
22  15  2.11545e+07
22  16  2.35219e+07
22  17  0
22  18  2.0732e+07
22  19  6.06761e+06
22  20  1.94164e+07
22  21  1.19303e+07
22  22  1.6803e+07
22  23  1.2193e+07
22  24  1.62846e+07
22  25  1.62391e+07
22  26  1.00906e+07
22  27  1.6808e+07
22  28  2.60253e+07
22  29  1.53511e+07
22  30  7.32443e+06
22  31  1.35057e+07
22  32  8.71976e+06
22  33  0
22  34  6.99698e+06
22  35  0
22  36  3.52226e+06
22  37  1.81606e+07
22  38  0
22  39  5.23085e+06
22  40  1.63421e+06
22  41  1.04085e+07
22  42  1.44607e+07
22  43  9.29485e+06
22  44  1.39509e+07
22  45  6.73173e+06
22  46  5.34597e+06
22  47  4.88079e+06
22  48  1.96244e+07
22  49  9.55695e+06
22  50  1.7504e+07
23  0  1.69105e+07
23  1  1.97034e+07
23  2  1.31319e+07
23  3  6.69666e+06
23  4  2.20947e+07
23  5  7.97851e+06
23  6  5.83934e+06
23  7  1.41758e+07
23  8  1.06763e+07
23  9  2.33493e+07
23  10  2.11999e+07
23  11  1.06113e+07
23  12  1.17613e+07
23  13  1.00243e+07
23  14  3.07819e+06
23  15  2.27776e+07
23  16  2.81421e+07
23  17  9.9672e+06
23  18  1.70233e+07
23  19  1.26178e+07
23  20  1.53389e+07
23  21  2.01496e+07
23  22  1.4369e+07
23  23  1.41176e+07
23  24  1.4952e+07
23  25  1.81232e+06
23  26  1.63081e+07
23  27  1.14845e+07
23  28  1.21375e+07
23  29  1.30272e+07
23  30  582541
23  31  1.85013e+07
23  32  6.33382e+06
23  33  7.69199e+06
23  34  7.27034e+06
23  35  5.47905e+06
23  36  1.06001e+07
23  37  1.32112e+07
23  38  1.20769e+07
23  39  1.44625e+07
23  40  5.43762e+06
23  41  1.55624e+07
23  42  2.21866e+07
23  43  2.59412e+07
23  44  1.40362e+07
23  45  4.18515e+06
23  46  1.08677e+07
23  47  0
23  48  1.78171e+07
23  49  1.81148e+07
23  50  7.70391e+06
24  0  2.47928e+07
24  1  3.70171e+06
24  2  1.29397e+07
24  3  1.0079e+07
24  4  1.03114e+07
24  5  1.12702e+07
24  6  6.89642e+06
24  7  7.7687e+06
24  8  1.95405e+07
24  9  1.87596e+07
24  10  2.29064e+07
24  11  1.33468e+07
24  12  1.97404e+07
24  13  1.72214e+07
24  14  4.74297e+06
24  15  6.90989e+06
24  16  1.01122e+07
24  17  1.21961e+07
24  18  2.28317e+07
24  19  8.99176e+06
24  20  1.17542e+07
24  21  1.46445e+07
24  22  2.07009e+07
24  23  2.67158e+07
24  24  2.02495e+07
24  25  1.48864e+07
24  26  1.92408e+07
24  27  8.44522e+06
24  28  1.54073e+07
24  29  8.89501e+06
24  30  6.66187e+06
24  31  1.07149e+07
24  32  1.59645e+07
24  33  2.00043e+07
24  34  1.40674e+07
24  35  1.75504e+07
24  36  5.55717e+06
24  37  0
24  38  1.54718e+07
24  39  8.15154e+06
24  40  0
24  41  1.78173e+06
24  42  2.2142e+07
24  43  1.65245e+07
24  44  2.41784e+06
24  45  1.6952e+07
24  46  1.54046e+07
24  47  3.86254e+06
24  48  7.73493e+06
24  49  1.45715e+07
24  50  2.24219e+07
25  0  1.25772e+07
25  1  1.27114e+07
25  2  2.24918e+07
25  3  4.97293e+06
25  4  1.67389e+07
25  5  2.13349e+07
25  6  2.37171e+07
25  7  1.73957e+07
25  8  1.58451e+07
25  9  1.21364e+07
25  10  1.94413e+07
25  11  2.01481e+07
25  12  2.12619e+07
25  13  2.18759e+07
25  14  8.06446e+06
25  15  5.53538e+06
25  16  1.87577e+07
25  17  1.8199e+07
25  18  5.3016e+06
25  19  1.27872e+07
25  20  7.5591e+06
25  21  1.68372e+07
25  22  9.04286e+06
25  23  4.50648e+06
25  24  2.46768e+07
25  25  2.13803e+07
25  26  1.86332e+07
25  27  3.85232e+06
25  28  3.07932e+06
25  29  1.07118e+07
25  30  8.08761e+06
25  31  7.6253e+06
25  32  0
25  33  9.7596e+06
25  34  1.69661e+07
25  35  7.82975e+06
25  36  2.26263e+07
25  37  1.5472e+07
25  38  1.85603e+07
25  39  4.11385e+06
25  40  8.76588e+06
25  41  1.58618e+07
25  42  2.18011e+07
25  43  1.91511e+07
25  44  1.52912e+07
25  45  2.66852e+07
25  46  1.71485e+07
25  47  2.21964e+06
25  48  1.71632e+07
25  49  1.21574e+07
25  50  1.89568e+07
26  0  1.39561e+07
26  1  4.99055e+06
26  2  2.22412e+07
26  3  8.53162e+06
26  4  1.9357e+07
26  5  7.5226e+06
26  6  1.47239e+07
26  7  1.75283e+07
26  8  2.39652e+07
26  9  1.37443e+07
26  10  1.04696e+07
26  11  2.76647e+07
26  12  3.0537e+07
26  13  1.46765e+07
26  14  1.64217e+07
26  15  4.57596e+06
26  16  2.22302e+07
26  17  1.59726e+07
26  18  2.09377e+07
26  19  1.08321e+07
26  20  1.86217e+07
26  21  1.90867e+07
26  22  5.38539e+06
26  23  1.44267e+07
26  24  1.63261e+07
26  25  1.76769e+07
26  26  1.5288e+07
26  27  2.71581e+06
26  28  1.50072e+07
26  29  9.6301e+06
26  30  0
26  31  1.14278e+07
26  32  2.19157e+07
26  33  1.21791e+07
26  34  1.71149e+07
26  35  4.49894e+06
26  36  4.81069e+06
26  37  1.41873e+07
26  38  1.05149e+07
26  39  1.91073e+06
26  40  0
26  41  1.20721e+07
26  42  9.27257e+06
26  43  1.00512e+07
26  44  1.33793e+07
26  45  0
26  46  1.20765e+07
26  47  1.12639e+07
26  48  8.16669e+06
26  49  1.45747e+07
26  50  1.83601e+07
27  0  1.61747e+07
27  1  3.6206e+06
27  2  6.84384e+06
27  3  1.70257e+07
27  4  2.30544e+07
27  5  1.38802e+07
27  6  1.40794e+07
27  7  9.27634e+06
27  8  1.16668e+07
27  9  1.30413e+07
27  10  1.40866e+07
27  11  1.75249e+07
27  12  2.26979e+07
27  13  2.27891e+07
27  14  2.35639e+07
27  15  1.56569e+07
27  16  1.29852e+07
27  17  1.6584e+07
27  18  6.39162e+06
27  19  2.18046e+07
27  20  2.13247e+07
27  21  9.56673e+06
27  22  1.54337e+07
27  23  1.17814e+07
27  24  1.44357e+07
27  25  9.05689e+06
27  26  1.7913e+07
27  27  1.58881e+07
27  28  3.78706e+06
27  29  3405.4
27  30  6.4606e+06
27  31  1.79651e+07
27  32  1.94623e+07
27  33  0
27  34  1.24412e+07
27  35  7.25876e+06
27  36  8.08203e+06
27  37  1.11758e+07
27  38  1.55064e+07
27  39  1.81516e+07
27  40  1.16949e+07
27  41  8.15674e+06
27  42  1.37793e+07
27  43  2.11396e+07
27  44  5.4632e+06
27  45  1.37507e+07
27  46  1.62641e+07
27  47  5.90958e+06
27  48  8.82126e+06
27  49  1.29344e+07
27  50  1.74309e+07
28  0  1.04864e+07
28  1  1.64303e+06
28  2  1.60272e+07
28  3  1.5017e+07
28  4  1.28621e+07
28  5  2.34789e+07
28  6  1.6619e+07
28  7  1.40565e+07
28  8  1.72177e+07
28  9  7.96141e+06
28  10  1.34593e+07
28  11  2.43902e+07
28  12  1.65825e+07
28  13  1.36617e+07
28  14  2.12429e+07
28  15  1.80846e+07
28  16  1.63388e+07
28  17  1.12472e+07
28  18  1.35121e+06
28  19  7.71184e+06
28  20  2.73978e+06
28  21  9.11099e+06
28  22  9.96402e+06
28  23  1.92152e+07
28  24  1.55821e+07
28  25  0
28  26  1.10817e+07
28  27  9.50336e+06
28  28  3.98716e+06
28  29  8.56889e+06
28  30  6.1424e+06
28  31  6.06412e+06
28  32  1.56007e+07
28  33  1.88603e+07
28  34  4.3786e+06
28  35  6.07742e+06
28  36  6.43687e+06
28  37  1.51374e+07
28  38  6.75227e+06
28  39  1.45805e+07
28  40  1.99458e+07
28  41  1.45718e+07
28  42  1.55959e+07
28  43  4.522e+06
28  44  1.86921e+07
28  45  1.14522e+07
28  46  3.53141e+06
28  47  2.41907e+07
28  48  5.9758e+06
28  49  9.37005e+06
28  50  1.40162e+07
29  0  2.07075e+07
29  1  2.24938e+07
29  2  9.69029e+06
29  3  8.18987e+06
29  4  1.36065e+07
29  5  2.18979e+07
29  6  1.41656e+07
29  7  2.95938e+07
29  8  7.26248e+06
29  9  5.28724e+06
29  10  2.43381e+07
29  11  1.85072e+07
29  12  6.95408e+06
29  13  1.40942e+07
29  14  1.57953e+07
29  15  3.94142e+06
29  16  2.00181e+07
29  17  2.12905e+07
29  18  2.05826e+07
29  19  1.65057e+07
29  20  9.14543e+06
29  21  1.61174e+07
29  22  1.57802e+07
29  23  1.62778e+07
29  24  2.65822e+07
29  25  9.49045e+06
29  26  1.73293e+07
29  27  1.36244e+07
29  28  1.42022e+07
29  29  4.47353e+06
29  30  4.80427e+06
29  31  1.91983e+07
29  32  2.61643e+07
29  33  2.43339e+07
29  34  3.05099e+06
29  35  9.4251e+06
29  36  1.63517e+07
29  37  1.71333e+07
29  38  2.38213e+07
29  39  1.39003e+07
29  40  1.26397e+07
29  41  1.85544e+07
29  42  1.07879e+07
29  43  2.87643e+07
29  44  1.43345e+07
29  45  1.29203e+07
29  46  5.55159e+06
29  47  0
29  48  1.04523e+07
29  49  1.84304e+07
29  50  2.86673e+07
30  0  1.72235e+07
30  1  2.87631e+06
30  2  1.35055e+07
30  3  1.94728e+07
30  4  9.27638e+06
30  5  1.00246e+07
30  6  1.11016e+07
30  7  2.14229e+07
30  8  2.82853e+07
30  9  2.17963e+07
30  10  6.36514e+06
30  11  6.11721e+06
30  12  1.50563e+07
30  13  2.72423e+07
30  14  3.81378e+06
30  15  2.28707e+07
30  16  2.25164e+07
30  17  7.3743e+06
30  18  2.03318e+07
30  19  1.24223e+07
30  20  2.30634e+07
30  21  1.17276e+07
30  22  1.07836e+07
30  23  1.59207e+07
30  24  1.97451e+07
30  25  1.63781e+07
30  26  8.7031e+06
30  27  2.15289e+07
30  28  2.79278e+06
30  29  7.54222e+06
30  30  2.30184e+07
30  31  1.19799e+07
30  32  1.45719e+07
30  33  1.3022e+07
30  34  5.57764e+06
30  35  2.13973e+07
30  36  7.89027e+06
30  37  1.17202e+07
30  38  6.86387e+06
30  39  1.65436e+07
30  40  1.08221e+07
30  41  1.1721e+07
30  42  1.1586e+07
30  43  1.3405e+07
30  44  1.17376e+07
30  45  2.34775e+07
30  46  1.06211e+07
30  47  1.69899e+07
30  48  1.34113e+07
30  49  1.82375e+07
30  50  1.10573e+07
31  0  1.67188e+07
31  1  2.24222e+07
31  2  1.86099e+07
31  3  1.36698e+07
31  4  5.9193e+06
31  5  1.38529e+07
31  6  2.25733e+07
31  7  2.20783e+07
31  8  1.03874e+07
31  9  1.52948e+07
31  10  1.23188e+07
31  11  1.96889e+07
31  12  2.5824e+07
31  13  2.52175e+07
31  14  1.73422e+07
31  15  1.89556e+07
31  16  7.61643e+06
31  17  9.80419e+06
31  18  1.09515e+07
31  19  6.96649e+06
31  20  7.55252e+06
31  21  1.43338e+07
31  22  1.5625e+07
31  23  1.86849e+07
31  24  1.59727e+07
31  25  3.39803e+06
31  26  3.06413e+07
31  27  1.29517e+07
31  28  9.87935e+06
31  29  2.0795e+06
31  30  1.80302e+07
31  31  1.2352e+07
31  32  3.15527e+07
31  33  1.9954e+07
31  34  8.96398e+06
31  35  1.06698e+07
31  36  1.45333e+07
31  37  1.83456e+07
31  38  1.44781e+07
31  39  1.14829e+07
31  40  0
31  41  1.13525e+07
31  42  1.67888e+07
31  43  1.65376e+07
31  44  1.44912e+07
31  45  1.23828e+07
31  46  2.17861e+06
31  47  7.25968e+06
31  48  1.43745e+07
31  49  2.29914e+07
31  50  8.46022e+06
32  0  6.78378e+06
32  1  1.76998e+06
32  2  1.52614e+07
32  3  1.1959e+07
32  4  1.74711e+07
32  5  1.61305e+07
32  6  1.87977e+07
32  7  5.23779e+06
32  8  2.44162e+07
32  9  1.69402e+07
32  10  1.69777e+07
32  11  2.49682e+07
32  12  2.47243e+07
32  13  1.44969e+07
32  14  1.64877e+07
32  15  0
32  16  1.41825e+07
32  17  5.33178e+06
32  18  9.85142e+06
32  19  2.23354e+07
32  20  2.42981e+07
32  21  2.23032e+07
32  22  2.39692e+07
32  23  2.67506e+07
32  24  9.79761e+06
32  25  1.09175e+07
32  26  2.24177e+07
32  27  1.10545e+07
32  28  2.69188e+06
32  29  5.40459e+06
32  30  1.46638e+07
32  31  1.18748e+07
32  32  1.93718e+07
32  33  2.41922e+07
32  34  7.4894e+06
32  35  6.9003e+06
32  36  2.09848e+07
32  37  3.64895e+06
32  38  1.84576e+07
32  39  1.06448e+07
32  40  8.30248e+06
32  41  7.08027e+06
32  42  1.19417e+07
32  43  1.50199e+07
32  44  1.73002e+07
32  45  2.41415e+07
32  46  1.18079e+07
32  47  2.55251e+07
32  48  1.56797e+07
32  49  6.26127e+06
32  50  2.38818e+07
33  0  2.42277e+07
33  1  7.11113e+06
33  2  5.77012e+06
33  3  2.55419e+07
33  4  2.26319e+07
33  5  1.5971e+07
33  6  0
33  7  1.3856e+07
33  8  1.3869e+07
33  9  1.91069e+07
33  10  1.47126e+07
33  11  1.68221e+07
33  12  1.46065e+07
33  13  1.99206e+07
33  14  9.40114e+06
33  15  1.03261e+07
33  16  1.83658e+07
33  17  2.12391e+07
33  18  1.76721e+07
33  19  1.62167e+07
33  20  5.55618e+06
33  21  1.38214e+07
33  22  2.11913e+07
33  23  1.31833e+07
33  24  1.08539e+07
33  25  9.04362e+06
33  26  1.81945e+07
33  27  1.10728e+07
33  28  2.91377e+06
33  29  3.22561e+06
33  30  6.02068e+06
33  31  2.42371e+07
33  32  7.8786e+06
33  33  2.94804e+07
33  34  6.56114e+06
33  35  1.97364e+07
33  36  1.40757e+07
33  37  7.9383e+06
33  38  1.95561e+06
33  39  1.37724e+07
33  40  6.89423e+06
33  41  1.42304e+07
33  42  2.55354e+07
33  43  1.67785e+07
33  44  2.77016e+06
33  45  1.86279e+07
33  46  1.68735e+07
33  47  1.25207e+07
33  48  8.03198e+06
33  49  1.03712e+07
33  50  9.23048e+06
34  0  2.30131e+07
34  1  3.31839e+07
34  2  1.26432e+07
34  3  1.31015e+07
34  4  1.85876e+07
34  5  1.52737e+07
34  6  1.22433e+07
34  7  1.75435e+07
34  8  1.16575e+07
34  9  1.87599e+07
34  10  1.82687e+07
34  11  1.24181e+07
34  12  1.72325e+07
34  13  1.67865e+07
34  14  1.04534e+07
34  15  6.38168e+06
34  16  2.66336e+07
34  17  2.19798e+07
34  18  1.42496e+07
34  19  1.62908e+07
34  20  5.88505e+06
34  21  1.22935e+07
34  22  1.19101e+07
34  23  8.90184e+06
34  24  1.89898e+07
34  25  1.71072e+07
34  26  2.68811e+07
34  27  2.18004e+07
34  28  1.27013e+07
34  29  1.43059e+07
34  30  2.16536e+07
34  31  8.05129e+06
34  32  2.0342e+07
34  33  2.44618e+06
34  34  7.08253e+06
34  35  1.32176e+07
34  36  2.38957e+07
34  37  1.27858e+07
34  38  1.55948e+07
34  39  1.01246e+07
34  40  4.3356e+06
34  41  3.66397e+06
34  42  387440
34  43  2.34972e+07
34  44  8.55178e+06
34  45  1.78833e+07
34  46  0
34  47  2.48299e+06
34  48  8.20911e+06
34  49  6.02303e+06
34  50  2.07885e+07
35  0  2.26449e+07
35  1  2.45147e+07
35  2  2.23322e+07
35  3  2.25723e+07
35  4  1.5047e+07
35  5  1.58473e+07
35  6  1.20122e+07
35  7  1.69902e+07
35  8  9.70323e+06
35  9  3.23133e+07
35  10  7.09933e+06
35  11  3.10022e+07
35  12  1.25691e+07
35  13  1.25769e+07
35  14  2.28723e+07
35  15  884328
35  16  7.48166e+06
35  17  1.14916e+07
35  18  1.17878e+07
35  19  1.77389e+07
35  20  2.1775e+07
35  21  8.30524e+06
35  22  5.2329e+06
35  23  8.44851e+06
35  24  7.4567e+06
35  25  7.91033e+06
35  26  1.699e+07
35  27  1.09114e+07
35  28  2.26727e+07
35  29  1.58165e+07
35  30  2.04025e+07
35  31  9.2491e+06
35  32  1.99662e+07
35  33  1.37432e+07
35  34  3.95685e+06
35  35  1.41976e+07
35  36  1.10917e+07
35  37  8.52763e+06
35  38  1.10195e+07
35  39  2.21196e+07
35  40  9.78207e+06
35  41  1.26932e+07
35  42  1.28077e+07
35  43  1.24231e+07
35  44  1.46667e+07
35  45  1.3549e+06
35  46  1.02942e+07
35  47  1.37385e+07
35  48  3.35703e+06
35  49  1.04905e+07
35  50  1.02067e+07
36  0  2.50756e+07
36  1  1.45155e+07
36  2  2.49862e+07
36  3  2.17458e+07
36  4  1.77541e+07
36  5  1.19564e+07
36  6  1.13404e+07
36  7  2.90219e+06
36  8  3.50815e+07
36  9  8.74173e+06
36  10  1.77688e+07
36  11  2.52373e+07
36  12  1.42009e+07
36  13  2.24879e+07
36  14  8.07297e+06
36  15  4.33573e+06
36  16  1.48374e+07
36  17  6.267e+06
36  18  1.58807e+07
36  19  6.50375e+06
36  20  9.78221e+06
36  21  1.46328e+07
36  22  1.51367e+07
36  23  1.06618e+07
36  24  5.87902e+06
36  25  2.02296e+07
36  26  2.4012e+07
36  27  1.19715e+07
36  28  1.02425e+07
36  29  5.79915e+06
36  30  1.30451e+07
36  31  3.15832e+07
36  32  2.0667e+07
36  33  8.67509e+06
36  34  1.40948e+06
36  35  1.05997e+07
36  36  1.95684e+07
36  37  1.46328e+07
36  38  1.5595e+07
36  39  1.68097e+07
36  40  3.17295e+06
36  41  1.02419e+07
36  42  8.59567e+06
36  43  1.46906e+07
36  44  1.2422e+06
36  45  1.3801e+07
36  46  1.29731e+07
36  47  7.34937e+06
36  48  2.17646e+07
36  49  1.61617e+07
36  50  7.9394e+06
37  0  1.59055e+07
37  1  2.26531e+07
37  2  1.775e+07
37  3  3.10191e+07
37  4  2.41707e+07
37  5  1.71855e+07
37  6  1.79543e+07
37  7  1.57534e+07
37  8  1.6934e+07
37  9  2.54412e+07
37  10  1.01524e+07
37  11  1.68433e+07
37  12  2.40411e+07
37  13  1.71473e+07
37  14  1.03145e+07
37  15  1.3952e+07
37  16  0
37  17  1.25697e+07
37  18  1.13052e+07
37  19  1.99588e+07
37  20  1.80198e+07
37  21  1.54293e+07
37  22  2.2638e+07
37  23  8.9545e+06
37  24  1.41672e+07
37  25  1.80575e+07
37  26  1.15476e+07
37  27  1.56367e+07
37  28  8.0018e+06
37  29  1.53845e+07
37  30  1.81819e+07
37  31  1.52622e+07
37  32  5.92613e+06
37  33  1.41094e+07
37  34  1.2223e+07
37  35  1.39457e+06
37  36  2.06224e+07
37  37  1.41052e+07
37  38  1.2238e+07
37  39  2.02736e+07
37  40  9.10517e+06
37  41  1.64744e+07
37  42  8.66199e+06
37  43  2.40466e+07
37  44  1.17651e+07
37  45  6.85322e+06
37  46  1.65393e+07
37  47  1.91316e+07
37  48  2.28855e+07
37  49  9.14386e+06
37  50  2.305e+07
38  0  2.22862e+07
38  1  1.77009e+07
38  2  1.51938e+07
38  3  1.60647e+07
38  4  2.92438e+07
38  5  1.8966e+07
38  6  1.55019e+07
38  7  1.96015e+07
38  8  2.41062e+07
38  9  1.81202e+07
38  10  2.53915e+07
38  11  1.87849e+07
38  12  1.71174e+07
38  13  1.48246e+07
38  14  2.15299e+07
38  15  8.95149e+06
38  16  1.79061e+07
38  17  2.24344e+07
38  18  1.35678e+07
38  19  1.22468e+07
38  20  6.97101e+06
38  21  2.04256e+07
38  22  1.75888e+07
38  23  1.12949e+07
38  24  2.52442e+07
38  25  1.54045e+07
38  26  1.45108e+07
38  27  1.2269e+07
38  28  5.40823e+06
38  29  7.82071e+06
38  30  1.24881e+07
38  31  1.19336e+07
38  32  8.97915e+06
38  33  1.26032e+07
38  34  1.17381e+07
38  35  1.61105e+07
38  36  1.46521e+07
38  37  2.65594e+07
38  38  2.00638e+07
38  39  1.3308e+07
38  40  1.02326e+07
38  41  9.23446e+06
38  42  1.91354e+07
38  43  1.12013e+07
38  44  1.62842e+07
38  45  8.90355e+06
38  46  5.90455e+06
38  47  1.92076e+07
38  48  1.58477e+07
38  49  1.12089e+07
38  50  2.07814e+07
39  0  2.21255e+07
39  1  1.98324e+07
39  2  2.69937e+07
39  3  2.07359e+07
39  4  1.83295e+07
39  5  6.79677e+06
39  6  1.08981e+07
39  7  2.47951e+07
39  8  3.05734e+07
39  9  2.02711e+07
39  10  1.89482e+07
39  11  2.64176e+07
39  12  1.05878e+07
39  13  4.09945e+06
39  14  0
39  15  2.42833e+07
39  16  2.08184e+07
39  17  1.59549e+07
39  18  9.13129e+06
39  19  1.14202e+07
39  20  1.34056e+07
39  21  1.6135e+07
39  22  2.09452e+07
39  23  9.23894e+06
39  24  2.45713e+07
39  25  1.47506e+07
39  26  1.20729e+07
39  27  1.18806e+07
39  28  1.24017e+07
39  29  1.65082e+07
39  30  4.66374e+06
39  31  1.26579e+07
39  32  1.72174e+07
39  33  1.24074e+07
39  34  1.39381e+07
39  35  7.00004e+06
39  36  1.52525e+07
39  37  1.51592e+07
39  38  2.98419e+06
39  39  3.05016e+06
39  40  2.07372e+07
39  41  1.1917e+07
39  42  1.51065e+07
39  43  3.72133e+06
39  44  1.48546e+07
39  45  2.48582e+06
39  46  1.66774e+07
39  47  2.15587e+07
39  48  1.72739e+07
39  49  9.901e+06
39  50  2.04045e+07
40  0  1.96663e+07
40  1  2.07364e+07
40  2  2.18092e+07
40  3  2.09618e+07
40  4  1.48797e+07
40  5  1.67245e+07
40  6  1.58768e+07
40  7  2.77886e+07
40  8  2.02078e+07
40  9  1.90175e+07
40  10  9.08546e+06
40  11  1.75437e+07
40  12  1.89778e+07
40  13  1.60082e+07
40  14  9.37735e+06
40  15  5.6516e+06
40  16  1.1862e+07
40  17  2.00914e+07
40  18  1.02217e+07
40  19  1.35535e+07
40  20  8.63179e+06
40  21  1.91582e+07
40  22  1.88112e+07
40  23  3.1948e+07
40  24  8.00112e+06
40  25  1.90741e+07
40  26  1.97227e+07
40  27  1.94271e+07
40  28  7.61183e+06
40  29  3.64154e+06
40  30  2.63394e+07
40  31  1.81434e+07
40  32  2.62115e+07
40  33  2.38572e+07
40  34  7.79781e+06
40  35  2.28133e+07
40  36  1.14667e+07
40  37  7.90125e+06
40  38  1.9064e+07
40  39  1.489e+07
40  40  7.54851e+06
40  41  1.49118e+06
40  42  4.00865e+06
40  43  2.32035e+07
40  44  7.15057e+06
40  45  9.64337e+06
40  46  7.07345e+06
40  47  1.63553e+07
40  48  1.27345e+07
40  49  4.15569e+06
40  50  1.96541e+07
41  0  2.26275e+07
41  1  3.03774e+07
41  2  1.82769e+07
41  3  1.92461e+07
41  4  2.90336e+07
41  5  1.57746e+07
41  6  1.35072e+07
41  7  2.69697e+07
41  8  2.14057e+07
41  9  1.82132e+07
41  10  1.25453e+07
41  11  2.31899e+07
41  12  2.1534e+07
41  13  1.54628e+07
41  14  1.51056e+07
41  15  8.2721e+06
41  16  2.25511e+07
41  17  1.19959e+07
41  18  1.77678e+07
41  19  1.57272e+07
41  20  1.78647e+07
41  21  2.14511e+07
41  22  6.23909e+06
41  23  2.05974e+07
41  24  1.92108e+07
41  25  1.85517e+07
41  26  1.54795e+07
41  27  1.54546e+07
41  28  9.90815e+06
41  29  2.26415e+07
41  30  1.80139e+07
41  31  9.15192e+06
41  32  7.38201e+06
41  33  1.32661e+07
41  34  1.11877e+07
41  35  9.1454e+06
41  36  8.13168e+06
41  37  2.56159e+07
41  38  1.34686e+07
41  39  1.46517e+07
41  40  1.38645e+07
41  41  6.53045e+06
41  42  2.54702e+07
41  43  1.4834e+07
41  44  1.77257e+07
41  45  1.38587e+07
41  46  1.11641e+07
41  47  9.9168e+06
41  48  1.64075e+07
41  49  1.10756e+07
41  50  1.9845e+07
42  0  1.63448e+07
42  1  2.08537e+07
42  2  2.06814e+07
42  3  1.11662e+07
42  4  2.75442e+07
42  5  1.8407e+07
42  6  2.21661e+07
42  7  2.20573e+07
42  8  1.8971e+07
42  9  1.65615e+07
42  10  1.55911e+07
42  11  3.34548e+06
42  12  1.79198e+07
42  13  1.35e+07
42  14  8.83051e+06
42  15  1.84009e+07
42  16  1.42801e+07
42  17  1.04247e+07
42  18  1.14798e+07
42  19  2.12137e+07
42  20  2.4834e+07
42  21  7.22659e+06
42  22  1.39978e+07
42  23  2.41568e+07
42  24  1.27911e+07
42  25  1.90131e+07
42  26  1.56265e+07
42  27  1.57162e+07
42  28  1.83846e+07
42  29  1.3672e+07
42  30  1.49101e+07
42  31  1.76901e+07
42  32  8.46856e+06
42  33  1.25362e+07
42  34  1.22608e+07
42  35  1.47439e+07
42  36  1.63481e+07
42  37  1.57578e+07
42  38  3.68504e+06
42  39  2.52389e+07
42  40  2.25179e+07
42  41  1.42468e+07
42  42  0
42  43  1.61557e+07
42  44  1.82484e+07
42  45  1.75247e+07
42  46  1.50128e+07
42  47  6.14219e+06
42  48  1.38365e+07
42  49  1.41406e+07
42  50  2.23321e+07
43  0  1.6666e+07
43  1  2.9557e+07
43  2  3.46622e+07
43  3  1.57351e+07
43  4  2.9254e+07
43  5  1.98016e+07
43  6  2.19957e+07
43  7  3.68148e+07
43  8  2.1984e+07
43  9  1.36265e+07
43  10  1.7598e+07
43  11  1.32684e+07
43  12  2.05785e+07
43  13  6.56998e+06
43  14  1.0801e+07
43  15  1.27476e+07
43  16  9.2559e+06
43  17  1.53711e+07
43  18  0
43  19  1.93864e+07
43  20  1.63313e+07
43  21  1.1165e+07
43  22  1.19334e+07
43  23  1.18151e+07
43  24  1.11292e+07
43  25  2.00689e+07
43  26  1.5887e+07
43  27  1.19862e+07
43  28  1.85828e+07
43  29  7.26543e+06
43  30  1.12208e+07
43  31  1.2575e+07
43  32  1.91349e+07
43  33  1.70237e+07
43  34  2.05863e+07
43  35  1.92779e+07
43  36  2.16453e+07
43  37  1.14185e+07
43  38  1.13051e+07
43  39  2.65964e+07
43  40  1.11099e+07
43  41  2.07559e+07
43  42  1.5378e+07
43  43  1.70593e+07
43  44  1.1069e+07
43  45  9.3054e+06
43  46  2.35929e+07
43  47  1.47343e+07
43  48  9.49379e+06
43  49  2.15457e+07
43  50  1.06434e+07
44  0  2.81555e+07
44  1  1.19362e+07
44  2  2.71902e+07
44  3  2.90029e+07
44  4  1.25164e+07
44  5  1.52484e+07
44  6  7.25118e+06
44  7  2.45676e+07
44  8  1.88378e+07
44  9  3.10819e+07
44  10  9.35466e+06
44  11  2.57505e+07
44  12  2.41565e+06
44  13  0
44  14  2.08744e+07
44  15  1.01569e+07
44  16  1.13921e+07
44  17  1.72857e+06
44  18  1.02439e+07
44  19  9.55734e+06
44  20  8.80869e+06
44  21  1.7939e+07
44  22  1.17746e+07
44  23  1.89869e+07
44  24  9.92768e+06
44  25  3.02811e+07
44  26  1.32021e+06
44  27  3.25509e+07
44  28  1.47249e+07
44  29  1.67987e+07
44  30  1.48719e+07
44  31  7.09089e+06
44  32  1.74188e+07
44  33  639283
44  34  4.13262e+06
44  35  5.17879e+06
44  36  1.64747e+07
44  37  1.43423e+07
44  38  2.899e+06
44  39  1.64956e+07
44  40  1.00883e+07
44  41  2.74504e+06
44  42  2.88831e+06
44  43  6.1756e+06
44  44  9.87607e+06
44  45  2.1408e+07
44  46  2.41309e+07
44  47  9.73462e+06
44  48  1.64305e+06
44  49  7.96681e+06
44  50  2.16544e+07
45  0  3.03973e+07
45  1  1.80129e+07
45  2  3.20584e+07
45  3  1.095e+07
45  4  9.35564e+06
45  5  1.05312e+07
45  6  2.54373e+07
45  7  2.44997e+07
45  8  1.27311e+07
45  9  2.82837e+07
45  10  2.29771e+07
45  11  1.38729e+07
45  12  3.39008e+06
45  13  1.79619e+06
45  14  1.26081e+07
45  15  2.38845e+07
45  16  2.56478e+07
45  17  2.07871e+07
45  18  7.02795e+06
45  19  1.18484e+07
45  20  8.57628e+06
45  21  1.25676e+07
45  22  1.72906e+07
45  23  2.24e+07
45  24  1.25468e+07
45  25  1.66033e+07
45  26  2.27138e+07
45  27  1.61948e+07
45  28  1.79137e+07
45  29  3.38294e+06
45  30  1.68022e+07
45  31  8.82265e+06
45  32  2.71196e+07
45  33  1.30629e+07
45  34  1.50321e+07
45  35  1.74537e+07
45  36  1.85108e+07
45  37  2.09007e+07
45  38  9.71147e+06
45  39  1.75968e+07
45  40  8.23424e+06
45  41  1.5978e+07
45  42  1.13171e+07
45  43  1.87689e+07
45  44  1.63414e+07
45  45  2.47476e+06
45  46  1.51384e+07
45  47  2.28379e+07
45  48  1.73391e+07
45  49  1.16415e+07
45  50  2.89666e+07
46  0  2.4885e+07
46  1  3.79471e+07
46  2  1.33662e+07
46  3  2.92087e+07
46  4  1.23755e+07
46  5  1.44139e+07
46  6  2.46013e+07
46  7  1.57657e+07
46  8  1.78879e+07
46  9  1.97586e+07
46  10  1.3214e+07
46  11  1.20123e+07
46  12  8.81448e+06
46  13  9.34461e+06
46  14  1.06474e+07
46  15  1.73363e+07
46  16  1.87511e+07
46  17  1.79176e+07
46  18  1.65774e+07
46  19  2.42351e+07
46  20  2.8353e+07
46  21  2.13399e+07
46  22  3.5691e+07
46  23  2.35231e+07
46  24  1.19119e+07
46  25  1.52615e+07
46  26  1.30002e+07
46  27  1.00555e+07
46  28  9.55753e+06
46  29  2.19261e+07
46  30  1.59465e+07
46  31  2.05982e+07
46  32  2.20314e+07
46  33  2.34469e+07
46  34  2.43489e+06
46  35  2.25424e+07
46  36  2.47799e+07
46  37  1.38281e+07
46  38  1.359e+07
46  39  9.00096e+06
46  40  1.57194e+07
46  41  1.70313e+07
46  42  1.62809e+07
46  43  1.50616e+07
46  44  6.92978e+06
46  45  1.8781e+07
46  46  1.37624e+07
46  47  2.22044e+07
46  48  8.83267e+06
46  49  1.75235e+07
46  50  1.83117e+07
47  0  2.54324e+07
47  1  2.05916e+07
47  2  2.63447e+07
47  3  2.51778e+07
47  4  1.84358e+07
47  5  1.80793e+07
47  6  1.36009e+07
47  7  1.87564e+07
47  8  1.78564e+07
47  9  2.89994e+07
47  10  1.11903e+07
47  11  2.15756e+07
47  12  2.55631e+07
47  13  6.94199e+06
47  14  6.8832e+06
47  15  7.59285e+06
47  16  2.49252e+07
47  17  1.77532e+07
47  18  1.63262e+07
47  19  2.93718e+07
47  20  1.73133e+07
47  21  1.48545e+07
47  22  2.60974e+07
47  23  1.77012e+07
47  24  2.71141e+07
47  25  1.68745e+07
47  26  2.14596e+07
47  27  1.3653e+07
47  28  1.64598e+07
47  29  1.5072e+07
47  30  2.00027e+07
47  31  2.98435e+07
47  32  1.79029e+07
47  33  1.55957e+07
47  34  1.49077e+07
47  35  1.19732e+07
47  36  1.66901e+07
47  37  1.02263e+07
47  38  1.45136e+07
47  39  1.32999e+07
47  40  1.81398e+07
47  41  2.68494e+07
47  42  4.55412e+06
47  43  2.35157e+07
47  44  4.78775e+06
47  45  1.53458e+07
47  46  7.83119e+06
47  47  1.0895e+07
47  48  5.32619e+06
47  49  1.84366e+07
47  50  1.70304e+07
48  0  2.34326e+07
48  1  2.15789e+07
48  2  1.94007e+07
48  3  1.81033e+07
48  4  2.38599e+07
48  5  2.45765e+07
48  6  9.77142e+06
48  7  1.05251e+07
48  8  2.4748e+07
48  9  1.73945e+07
48  10  1.0216e+07
48  11  1.13969e+07
48  12  2.77945e+07
48  13  9.52633e+06
48  14  2.58288e+07
48  15  8.36595e+06
48  16  1.29697e+07
48  17  0
48  18  1.67395e+07
48  19  1.92432e+07
48  20  2.64117e+07
48  21  2.60043e+07
48  22  1.667e+07
48  23  2.33254e+07
48  24  1.71545e+07
48  25  2.73605e+07
48  26  8.49956e+06
48  27  2.01462e+07
48  28  2.07902e+07
48  29  2.29377e+07
48  30  2.19687e+07
48  31  2.17437e+07
48  32  2.24705e+07
48  33  1.44549e+07
48  34  1.61617e+07
48  35  2.64703e+07
48  36  2.31968e+07
48  37  2.07568e+07
48  38  1.70121e+07
48  39  8.3231e+06
48  40  1.67058e+07
48  41  1.50737e+07
48  42  3.15916e+06
48  43  2.24417e+07
48  44  2.94257e+07
48  45  2.17573e+07
48  46  1.63902e+07
48  47  8.68589e+06
48  48  3.07496e+07
48  49  0
48  50  2.74106e+07
49  0  2.19288e+07
49  1  2.9157e+07
49  2  2.47526e+07
49  3  1.41053e+07
49  4  4.26115e+06
49  5  1.99717e+07
49  6  9.36413e+06
49  7  2.16497e+07
49  8  1.23596e+07
49  9  2.55202e+07
49  10  1.26516e+07
49  11  4.4957e+06
49  12  1.33408e+07
49  13  1.92457e+07
49  14  1.74731e+07
49  15  1.49772e+07
49  16  9.55922e+06
49  17  0
49  18  2.16011e+07
49  19  2.22416e+07
49  20  1.99221e+07
49  21  1.5402e+07
49  22  7.90155e+06
49  23  1.04892e+07
49  24  2.92346e+07
49  25  9.00681e+06
49  26  1.56261e+07
49  27  2.19013e+07
49  28  1.95443e+07
49  29  2.5405e+07
49  30  1.9806e+07
49  31  1.22965e+07
49  32  2.42634e+07
49  33  1.14531e+07
49  34  1.69786e+07
49  35  1.59435e+07
49  36  2.54813e+07
49  37  1.73312e+07
49  38  2.13732e+07
49  39  1.69273e+07
49  40  8.08345e+06
49  41  1.95085e+07
49  42  7.08317e+06
49  43  1.74058e+07
49  44  4.56626e+06
49  45  2.65843e+06
49  46  1.71255e+07
49  47  1.08482e+07
49  48  3.05709e+07
49  49  7.04087e+06
49  50  8.07857e+06
50  0  2.77528e+07
50  1  2.05837e+07
50  2  1.5158e+07
50  3  3.02576e+07
50  4  1.72239e+07
50  5  1.24767e+07
50  6  4.01917e+06
50  7  2.75665e+07
50  8  3.29816e+07
50  9  2.44877e+07
50  10  1.06887e+07
50  11  1.55712e+07
50  12  3.00521e+07
50  13  5.99019e+06
50  14  2.63575e+07
50  15  2.08098e+07
50  16  1.60319e+07
50  17  1.54732e+07
50  18  1.40573e+07
50  19  2.60695e+07
50  20  3.02739e+07
50  21  1.07759e+07
50  22  1.97982e+07
50  23  2.09216e+07
50  24  3.26609e+07
50  25  1.99114e+07
50  26  1.6196e+07
50  27  1.69018e+07
50  28  2.22777e+07
50  29  2.00857e+07
50  30  2.95138e+07
50  31  1.24028e+07
50  32  2.02327e+07
50  33  6.54624e+06
50  34  2.4497e+07
50  35  1.96751e+07
50  36  6.85261e+06
50  37  1.9414e+07
50  38  8.30155e+06
50  39  1.55472e+07
50  40  8.23993e+06
50  41  7.95954e+06
50  42  1.28026e+07
50  43  1.74627e+07
50  44  4.39745e+06
50  45  1.25409e+07
50  46  1.8059e+07
50  47  1.09841e+07
50  48  1.82317e+07
50  49  2.286e+07
50  50  2.80634e+07

