row  column  (images_25_2_757.edf Mn-K*images_25_2_757.edf Ar-K**2.3)
0  0  5.15888e+06
0  1  1.45085e+07
0  2  1.16668e+07
0  3  2.19291e+07
0  4  1.98072e+07
0  5  1.12279e+07
0  6  2.08158e+07
0  7  1.9145e+07
0  8  2.33817e+07
0  9  2.21634e+07
0  10  1.32935e+07
0  11  1.78896e+07
0  12  2.98639e+07
0  13  3.69937e+07
0  14  2.19273e+07
0  15  2.54805e+07
0  16  2.96278e+07
0  17  7.20834e+06
0  18  1.85442e+07
0  19  1.63573e+07
0  20  9.07502e+06
0  21  1.83887e+07
0  22  3.28467e+07
0  23  2.39244e+07
0  24  2.20814e+07
0  25  1.55096e+07
0  26  1.88852e+07
0  27  2.23389e+07
0  28  3.15243e+07
0  29  2.57013e+07
0  30  2.61918e+07
0  31  2.84131e+07
0  32  2.0381e+07
0  33  2.45111e+07
0  34  2.72063e+07
0  35  2.55827e+07
0  36  3.21445e+07
0  37  2.03128e+07
0  38  2.41752e+07
0  39  1.69661e+07
0  40  3.96598e+07
0  41  2.10999e+07
0  42  2.22417e+07
0  43  2.59299e+07
0  44  2.47864e+07
0  45  3.35829e+07
0  46  1.56887e+07
0  47  1.13797e+07
0  48  2.27198e+07
0  49  2.6235e+07
0  50  1.84509e+07
1  0  2.37104e+07
1  1  2.15711e+07
1  2  2.00565e+07
1  3  1.83775e+07
1  4  2.23297e+07
1  5  1.85107e+07
1  6  2.61785e+07
1  7  2.28086e+07
1  8  1.34455e+07
1  9  1.99656e+07
1  10  1.79162e+07
1  11  1.64567e+07
1  12  1.62093e+07
1  13  6.8791e+06
1  14  2.6522e+07
1  15  2.79301e+07
1  16  1.30803e+07
1  17  2.17655e+07
1  18  1.09914e+07
1  19  1.65659e+07
1  20  2.11192e+07
1  21  2.61505e+07
1  22  1.94439e+07
1  23  1.74813e+07
1  24  2.05257e+07
1  25  1.72526e+07
1  26  2.71248e+07
1  27  2.80396e+07
1  28  3.83554e+07
1  29  2.07261e+07
1  30  1.8627e+07
1  31  2.3263e+07
1  32  2.09487e+07
1  33  2.66374e+07
1  34  1.99477e+07
1  35  3.82586e+07
1  36  3.23786e+07
1  37  2.17383e+07
1  38  2.34545e+07
1  39  2.52329e+07
1  40  1.81915e+07
1  41  2.17889e+07
1  42  2.15993e+07
1  43  3.18674e+07
1  44  1.40058e+07
1  45  2.18424e+07
1  46  2.13584e+07
1  47  1.87345e+07
1  48  1.85749e+07
1  49  1.66023e+07
1  50  1.80867e+07
2  0  9.71817e+06
2  1  1.54361e+07
2  2  1.42839e+07
2  3  2.27451e+07
2  4  1.38893e+07
2  5  8.97729e+06
2  6  2.03945e+07
2  7  1.89717e+07
2  8  1.01601e+07
2  9  2.2465e+07
2  10  2.51782e+07
2  11  8.19987e+06
2  12  1.59476e+07
2  13  2.41105e+07
2  14  1.41232e+07
2  15  1.88025e+07
2  16  2.74057e+07
2  17  2.76637e+07
2  18  2.36262e+07
2  19  2.52581e+07
2  20  2.4428e+07
2  21  2.17488e+07
2  22  2.33176e+07
2  23  2.13604e+07
2  24  3.09124e+07
2  25  2.71192e+07
2  26  1.96302e+07
2  27  2.94569e+07
2  28  2.47125e+07
2  29  2.50708e+07
2  30  2.18804e+07
2  31  2.1609e+07
2  32  2.06363e+07
2  33  3.96231e+07
2  34  1.59225e+07
2  35  2.9829e+07
2  36  3.33886e+07
2  37  1.83439e+07
2  38  2.00892e+07
2  39  2.08116e+07
2  40  1.59272e+07
2  41  4.33403e+06
2  42  1.32188e+07
2  43  2.46864e+07
2  44  2.18957e+07
2  45  1.82226e+07
2  46  2.4173e+07
2  47  3.69607e+07
2  48  2.89992e+07
2  49  2.64461e+07
2  50  2.78331e+07
3  0  0
3  1  1.54919e+07
3  2  2.60129e+07
3  3  1.51615e+07
3  4  2.29541e+07
3  5  1.13809e+07
3  6  1.90068e+07
3  7  1.2449e+07
3  8  3.27082e+07
3  9  1.5859e+07
3  10  7.89701e+06
3  11  1.44403e+07
3  12  2.72942e+07
3  13  2.06779e+07
3  14  2.03768e+07
3  15  1.83854e+07
3  16  1.10094e+07
3  17  1.83251e+07
3  18  2.65804e+07
3  19  2.40238e+07
3  20  1.90437e+07
3  21  1.86505e+07
3  22  2.23473e+07
3  23  2.29665e+07
3  24  1.88027e+07
3  25  2.66977e+07
3  26  2.22618e+07
3  27  2.50669e+07
3  28  2.70488e+07
3  29  2.99246e+07
3  30  2.25815e+07
3  31  2.82186e+07
3  32  2.36201e+07
3  33  1.22061e+07
3  34  2.29668e+07
3  35  2.56739e+07
3  36  9.22117e+06
3  37  2.05052e+07
3  38  2.21102e+07
3  39  2.10693e+07
3  40  2.95388e+07
3  41  1.00166e+07
3  42  1.84381e+07
3  43  1.88577e+07
3  44  8.98432e+06
3  45  3.10969e+07
3  46  1.42014e+07
3  47  2.46542e+07
3  48  2.31709e+07
3  49  2.00332e+07
3  50  2.51964e+07
4  0  1.24361e+07
4  1  1.03073e+07
4  2  8.76971e+06
4  3  2.27542e+07
4  4  2.03571e+07
4  5  2.0651e+07
4  6  6.06812e+06
4  7  9.24647e+06
4  8  1.91881e+07
4  9  1.79701e+07
4  10  1.04961e+07
4  11  1.7976e+07
4  12  1.19842e+07
4  13  7.75915e+06
4  14  3.26058e+07
4  15  2.09432e+07
4  16  3.00365e+07
4  17  2.03462e+07
4  18  2.34515e+07
4  19  3.32294e+07
4  20  2.61581e+07
4  21  2.68432e+07
4  22  2.54379e+07
4  23  2.12675e+07
4  24  1.41227e+07
4  25  7.33344e+06
4  26  2.09245e+07
4  27  1.73765e+07
4  28  1.99848e+07
4  29  2.38984e+07
4  30  1.83958e+07
4  31  2.6077e+07
4  32  3.23368e+07
4  33  2.33502e+07
4  34  2.68066e+07
4  35  2.79212e+07
4  36  2.0106e+07
4  37  2.09985e+07
4  38  3.21354e+07
4  39  2.47719e+07
4  40  2.35829e+07
4  41  2.58997e+07
4  42  1.9173e+07
4  43  1.62143e+07
4  44  2.00302e+07
4  45  2.4971e+07
4  46  2.90032e+07
4  47  2.85947e+07
4  48  1.52098e+07
4  49  2.35365e+07
4  50  1.80216e+07
5  0  1.38641e+07
5  1  1.41861e+07
5  2  1.57277e+07
5  3  1.40932e+07
5  4  1.69198e+07
5  5  1.70498e+07
5  6  2.06317e+07
5  7  1.57909e+07
5  8  2.07946e+07
5  9  1.1803e+07
5  10  1.69513e+07
5  11  1.97532e+07
5  12  1.9315e+07
5  13  1.54601e+07
5  14  1.3589e+07
5  15  3.18384e+07
5  16  1.52106e+07
5  17  1.54553e+07
5  18  1.44538e+07
5  19  1.61264e+07
5  20  3.03547e+07
5  21  2.05647e+07
5  22  2.883e+07
5  23  2.61459e+07
5  24  2.23237e+07
5  25  2.83213e+07
5  26  2.22266e+07
5  27  1.0694e+07
5  28  2.33712e+07
5  29  1.64789e+07
5  30  1.14105e+07
5  31  2.05351e+07
5  32  1.97287e+07
5  33  2.34102e+07
5  34  1.92288e+07
5  35  1.96951e+07
5  36  1.86447e+07
5  37  1.69985e+07
5  38  2.30713e+07
5  39  1.61383e+07
5  40  2.2249e+07
5  41  8.09835e+06
5  42  1.81202e+07
5  43  1.82445e+07
5  44  2.59132e+07
5  45  6.62533e+06
5  46  9.46825e+06
5  47  1.59267e+07
5  48  9.84446e+06
5  49  2.86978e+07
5  50  1.81033e+07
6  0  2.08925e+07
6  1  1.54462e+07
6  2  1.74739e+07
6  3  1.08887e+07
6  4  1.52914e+07
6  5  1.47678e+07
6  6  1.64653e+07
6  7  1.47887e+07
6  8  1.7799e+07
6  9  2.04337e+07
6  10  1.59507e+07
6  11  1.28311e+07
6  12  7.70927e+06
6  13  0
6  14  1.48048e+07
6  15  2.28096e+07
6  16  1.6017e+07
6  17  1.07945e+07
6  18  2.35017e+07
6  19  2.28904e+07
6  20  1.1624e+07
6  21  2.60683e+07
6  22  1.87728e+07
6  23  2.05102e+07
6  24  1.65162e+07
6  25  2.21339e+07
6  26  1.54978e+07
6  27  2.81303e+07
6  28  2.35754e+07
6  29  2.20551e+07
6  30  2.36013e+07
6  31  1.76379e+07
6  32  3.12147e+07
6  33  1.02938e+07
6  34  2.72204e+07
6  35  2.09052e+07
6  36  1.80004e+07
6  37  2.41517e+07
6  38  1.6498e+07
6  39  2.08539e+07
6  40  2.29607e+07
6  41  1.12452e+07
6  42  1.27609e+07
6  43  3.2445e+07
6  44  2.05394e+07
6  45  2.23754e+07
6  46  2.07629e+07
6  47  2.3793e+07
6  48  1.30357e+07
6  49  1.02608e+07
6  50  1.15068e+07
7  0  7.19288e+06
7  1  1.38084e+07
7  2  2.27447e+07
7  3  1.36397e+07
7  4  1.03419e+07
7  5  1.38999e+07
7  6  2.5815e+07
7  7  1.82693e+07
7  8  1.79273e+07
7  9  1.7785e+07
7  10  1.54846e+07
7  11  1.11357e+07
7  12  0
7  13  0
7  14  6.53989e+06
7  15  9.6515e+06
7  16  3.18989e+07
7  17  1.31352e+07
7  18  2.6718e+07
7  19  2.05996e+07
7  20  1.18072e+07
7  21  2.16695e+07
7  22  1.96791e+07
7  23  2.41844e+07
7  24  5.66224e+06
7  25  1.74305e+07
7  26  1.92233e+07
7  27  2.31019e+07
7  28  2.37442e+07
7  29  1.47618e+07
7  30  2.49936e+07
7  31  2.41282e+07
7  32  1.62995e+07
7  33  2.00188e+07
7  34  2.10024e+07
7  35  1.92129e+07
7  36  2.80093e+07
7  37  1.54795e+07
7  38  1.46526e+07
7  39  1.43022e+07
7  40  2.46437e+07
7  41  2.00524e+07
7  42  2.72091e+07
7  43  2.03103e+07
7  44  1.66838e+07
7  45  2.14544e+07
7  46  1.95263e+07
7  47  1.58165e+07
7  48  1.79298e+07
7  49  1.55003e+07
7  50  2.40987e+07
8  0  1.5262e+07
8  1  1.98642e+07
8  2  1.61764e+07
8  3  2.24762e+07
8  4  1.27039e+07
8  5  1.76591e+07
8  6  2.51576e+07
8  7  9.45551e+06
8  8  9.97484e+06
8  9  1.77173e+07
8  10  1.91856e+07
8  11  9.39813e+06
8  12  0
8  13  0
8  14  1.19159e+07
8  15  9.36655e+06
8  16  2.90439e+07
8  17  9.78776e+06
8  18  1.74857e+07
8  19  7.84857e+06
8  20  2.03892e+07
8  21  1.98818e+07
8  22  2.26198e+07
8  23  2.85882e+07
8  24  2.08301e+07
8  25  1.13995e+07
8  26  2.65721e+07
8  27  2.27546e+07
8  28  1.98071e+07
8  29  8.43471e+06
8  30  2.03946e+07
8  31  1.31872e+07
8  32  1.86588e+07
8  33  1.25589e+07
8  34  2.19178e+07
8  35  1.86692e+07
8  36  1.47656e+07
8  37  2.32361e+07
8  38  2.50438e+07
8  39  1.92885e+07
8  40  1.17939e+07
8  41  1.40676e+07
8  42  1.77138e+07
8  43  2.33039e+07
8  44  1.59748e+07
8  45  1.44061e+07
8  46  1.26717e+07
8  47  2.44766e+07
8  48  1.1458e+07
8  49  1.1269e+07
8  50  1.26005e+07
9  0  1.99521e+07
9  1  1.35119e+07
9  2  1.30834e+07
9  3  2.2382e+07
9  4  1.14279e+07
9  5  6.89098e+06
9  6  1.19601e+07
9  7  6.52981e+06
9  8  3.52674e+06
9  9  1.53745e+07
9  10  1.39994e+07
9  11  9.48636e+06
9  12  0
9  13  0
9  14  4.82458e+06
9  15  1.18381e+07
9  16  1.7406e+07
9  17  2.2973e+07
9  18  1.57719e+07
9  19  1.09387e+07
9  20  3.43747e+07
9  21  3.32292e+07
9  22  1.76401e+07
9  23  2.71372e+07
9  24  1.06892e+07
9  25  1.34744e+07
9  26  9.19952e+06
9  27  2.07376e+07
9  28  1.06147e+07
9  29  2.01732e+07
9  30  1.36771e+07
9  31  2.07905e+07
9  32  2.06681e+07
9  33  1.85057e+07
9  34  1.80884e+07
9  35  2.54595e+07
9  36  1.59778e+07
9  37  1.28103e+07
9  38  1.39541e+07
9  39  1.75132e+07
9  40  2.70192e+07
9  41  1.4825e+07
9  42  1.2811e+07
9  43  2.25621e+07
9  44  2.15787e+07
9  45  2.77446e+07
9  46  1.01827e+07
9  47  1.6506e+07
9  48  1.44499e+07
9  49  1.58775e+07
9  50  2.30453e+07
10  0  2.39164e+07
10  1  1.7116e+07
10  2  8.86749e+06
10  3  1.52203e+07
10  4  1.30278e+07
10  5  1.50656e+07
10  6  1.84444e+07
10  7  7.99138e+06
10  8  1.47288e+07
10  9  5.5811e+06
10  10  1.47855e+07
10  11  8.79666e+06
10  12  0
10  13  0
10  14  2.65347e+07
10  15  1.0912e+07
10  16  2.42088e+07
10  17  1.81146e+07
10  18  1.35071e+07
10  19  2.2393e+07
10  20  9.11412e+06
10  21  1.97621e+07
10  22  1.031e+07
10  23  9.23047e+06
10  24  2.06685e+07
10  25  1.88527e+07
10  26  5.92506e+06
10  27  1.83713e+07
10  28  1.44364e+07
10  29  9.36713e+06
10  30  2.09803e+07
10  31  1.95121e+07
10  32  1.79789e+07
10  33  1.84568e+07
10  34  1.79617e+07
10  35  1.41552e+07
10  36  2.01728e+07
10  37  1.49322e+07
10  38  1.8407e+07
10  39  4.53409e+06
10  40  1.69735e+07
10  41  1.57193e+07
10  42  1.18416e+07
10  43  2.32353e+07
10  44  1.15075e+07
10  45  2.47156e+07
10  46  1.30397e+07
10  47  1.70718e+07
10  48  1.33773e+07
10  49  1.2077e+07
10  50  1.4326e+07
11  0  5.46163e+06
11  1  1.8695e+07
11  2  1.66394e+07
11  3  1.42536e+07
11  4  8.37675e+06
11  5  2.03058e+07
11  6  2.63107e+07
11  7  1.09795e+07
11  8  2.15235e+07
11  9  4.79962e+06
11  10  6.92524e+06
11  11  1.01254e+07
11  12  1.68729e+07
11  13  0
11  14  7.67591e+06
11  15  1.50003e+07
11  16  1.56136e+07
11  17  1.24956e+07
11  18  2.61588e+07
11  19  8.80703e+06
11  20  1.51935e+07
11  21  1.79616e+07
11  22  2.52617e+07
11  23  2.27294e+07
11  24  2.06034e+07
11  25  1.26762e+07
11  26  2.39405e+07
11  27  2.11765e+07
11  28  1.5878e+07
11  29  2.33471e+07
11  30  1.13761e+07
11  31  2.62013e+07
11  32  1.53165e+07
11  33  2.55617e+07
11  34  2.70588e+07
11  35  2.03679e+07
11  36  2.14266e+07
11  37  3.29247e+07
11  38  2.35957e+07
11  39  1.78633e+07
11  40  1.7222e+07
11  41  1.1149e+07
11  42  1.38934e+07
11  43  1.8627e+07
11  44  1.3378e+07
11  45  1.87257e+07
11  46  2.15737e+07
11  47  1.0898e+07
11  48  2.35302e+07
11  49  1.65312e+07
11  50  1.48048e+07
12  0  1.81905e+07
12  1  1.12569e+07
12  2  1.66437e+07
12  3  1.09799e+07
12  4  1.89639e+07
12  5  1.4765e+07
12  6  1.98259e+07
12  7  1.79188e+07
12  8  1.66853e+07
12  9  0
12  10  1.72876e+07
12  11  1.49031e+07
12  12  0
12  13  0
12  14  1.13914e+07
12  15  1.89384e+07
12  16  1.89257e+07
12  17  1.99602e+07
12  18  1.82836e+07
12  19  2.94371e+07
12  20  2.98384e+07
12  21  2.12494e+07
12  22  2.41928e+07
12  23  2.33828e+07
12  24  1.3415e+07
12  25  1.4605e+07
12  26  2.00246e+07
12  27  1.91406e+07
12  28  1.55587e+07
12  29  2.17644e+07
12  30  1.08116e+07
12  31  1.74438e+07
12  32  2.48692e+07
12  33  1.18916e+07
12  34  1.21114e+07
12  35  1.49153e+07
12  36  1.50226e+07
12  37  1.39535e+07
12  38  2.0308e+07
12  39  1.48044e+07
12  40  9.64257e+06
12  41  1.41497e+07
12  42  1.9106e+07
12  43  1.9254e+07
12  44  1.70597e+07
12  45  1.94309e+07
12  46  2.53265e+07
12  47  1.3725e+07
12  48  1.7504e+07
12  49  1.28843e+07
12  50  1.00154e+07
13  0  1.66535e+07
13  1  1.26686e+07
13  2  1.86689e+07
13  3  1.33967e+07
13  4  2.28282e+07
13  5  1.89146e+07
13  6  1.26784e+07
13  7  9.84445e+06
13  8  1.97896e+07
13  9  1.60293e+07
13  10  1.28312e+07
13  11  1.0243e+07
13  12  0
13  13  0
13  14  3.71936e+06
13  15  7.87146e+06
13  16  2.17651e+07
13  17  9.08182e+06
13  18  1.31068e+07
13  19  1.69843e+07
13  20  2.56456e+07
13  21  1.36364e+07
13  22  1.58581e+07
13  23  9.73347e+06
13  24  2.44895e+07
13  25  2.29695e+07
13  26  2.02945e+07
13  27  2.87762e+07
13  28  2.40091e+07
13  29  1.87203e+07
13  30  2.04747e+07
13  31  1.81294e+07
13  32  9.28312e+06
13  33  1.92229e+07
13  34  1.4851e+07
13  35  2.13785e+07
13  36  2.07091e+07
13  37  2.22162e+07
13  38  2.19017e+07
13  39  8.91185e+06
13  40  2.05238e+07
13  41  1.76244e+07
13  42  1.46445e+07
13  43  2.57906e+07
13  44  1.45575e+07
13  45  1.23461e+07
13  46  1.27463e+07
13  47  1.97399e+07
13  48  8.48606e+06
13  49  1.31938e+07
13  50  2.18653e+07
14  0  2.97578e+07
14  1  2.10696e+07
14  2  1.11802e+07
14  3  1.24191e+07
14  4  1.16372e+07
14  5  1.43692e+07
14  6  2.11371e+07
14  7  9.69325e+06
14  8  1.33227e+07
14  9  2.16229e+07
14  10  9.47683e+06
14  11  7.79363e+06
14  12  9.32224e+06
14  13  0
14  14  2.15701e+07
14  15  1.19017e+07
14  16  1.98461e+07
14  17  1.01824e+07
14  18  1.75615e+07
14  19  2.10212e+07
14  20  1.88833e+07
14  21  9.65738e+06
14  22  2.07841e+07
14  23  2.39441e+07
14  24  0
14  25  7.77428e+06
14  26  1.69213e+07
14  27  1.35134e+07
14  28  1.16854e+07
14  29  1.67867e+07
14  30  1.54029e+07
14  31  1.4004e+07
14  32  2.04687e+07
14  33  1.37956e+07
14  34  5.99712e+06
14  35  1.94712e+07
14  36  1.21984e+07
14  37  2.21231e+07
14  38  1.36574e+07
14  39  1.308e+07
14  40  1.26265e+07
14  41  2.66133e+07
14  42  1.19329e+07
14  43  2.42487e+07
14  44  2.49537e+07
14  45  4.60277e+07
14  46  1.71409e+07
14  47  1.03592e+07
14  48  1.31261e+07
14  49  1.89523e+07
14  50  2.31752e+07
15  0  9.70108e+06
15  1  1.06533e+07
15  2  2.26246e+07
15  3  1.70076e+07
15  4  2.06337e+07
15  5  6.66922e+06
15  6  2.04125e+07
15  7  1.47907e+07
15  8  2.32455e+07
15  9  1.25551e+07
15  10  1.01017e+07
15  11  8.83766e+06
15  12  0
15  13  0
15  14  1.01441e+07
15  15  3.56376e+06
15  16  1.10647e+07
15  17  2.32347e+07
15  18  2.16493e+07
15  19  2.34617e+07
15  20  1.92132e+07
15  21  1.26324e+07
15  22  9.66503e+06
15  23  1.38467e+07
15  24  2.02014e+07
15  25  2.96972e+06
15  26  1.64017e+07
15  27  1.55468e+07
15  28  2.52208e+07
15  29  1.21447e+07
15  30  9.30323e+06
15  31  2.58623e+07
15  32  1.89716e+07
15  33  6.48878e+06
15  34  2.13671e+07
15  35  1.25269e+07
15  36  1.19945e+07
15  37  2.66459e+07
15  38  2.11999e+07
15  39  1.92099e+07
15  40  2.24737e+07
15  41  1.5374e+07
15  42  2.01302e+07
15  43  1.44534e+07
15  44  1.31332e+07
15  45  1.83302e+07
15  46  81349.9
15  47  1.55037e+07
15  48  2.25886e+07
15  49  1.94314e+07
15  50  1.11359e+07
16  0  1.71784e+07
16  1  2.04006e+07
16  2  2.15748e+07
16  3  2.29292e+07
16  4  2.58489e+07
16  5  9.85284e+06
16  6  1.13154e+07
16  7  2.80077e+07
16  8  1.58804e+07
16  9  1.31147e+07
16  10  6.11969e+06
16  11  6.98003e+06
16  12  0
16  13  0
16  14  9.85421e+06
16  15  1.58834e+07
16  16  1.0659e+07
16  17  6.64651e+06
16  18  1.07927e+07
16  19  1.3801e+07
16  20  1.58239e+07
16  21  1.59288e+07
16  22  1.55571e+07
16  23  1.63557e+07
16  24  2.6776e+07
16  25  1.19646e+07
16  26  2.74027e+07
16  27  1.54454e+07
16  28  1.00125e+07
16  29  1.49266e+07
16  30  1.27645e+07
16  31  2.28333e+07
16  32  2.17782e+07
16  33  1.65412e+07
16  34  1.60188e+07
16  35  2.28425e+07
16  36  2.64233e+07
16  37  2.28295e+07
16  38  2.05088e+07
16  39  1.43611e+07
16  40  1.25201e+07
16  41  1.67931e+07
16  42  1.67558e+07
16  43  2.77805e+07
16  44  2.7668e+07
16  45  1.41449e+07
16  46  2.77143e+07
16  47  9.84926e+06
16  48  2.19102e+07
16  49  1.50678e+07
16  50  1.79262e+07
17  0  1.46546e+07
17  1  1.32993e+07
17  2  1.02322e+07
17  3  1.78888e+07
17  4  6.1096e+06
17  5  1.83514e+07
17  6  1.03994e+07
17  7  1.18e+07
17  8  1.04227e+07
17  9  1.23804e+07
17  10  8.01564e+06
17  11  6.37332e+06
17  12  7.37465e+06
17  13  0
17  14  412806
17  15  9.29082e+06
17  16  1.42001e+07
17  17  1.48363e+07
17  18  1.24471e+07
17  19  1.00833e+07
17  20  1.33523e+07
17  21  2.0527e+07
17  22  2.25834e+07
17  23  1.40292e+07
17  24  3.14058e+07
17  25  1.83656e+07
17  26  1.57179e+07
17  27  2.07612e+07
17  28  1.43286e+07
17  29  2.27937e+07
17  30  1.79747e+07
17  31  1.02898e+07
17  32  2.1628e+07
17  33  1.21079e+07
17  34  2.30041e+07
17  35  2.03402e+07
17  36  8.00763e+06
17  37  2.0729e+07
17  38  2.6264e+07
17  39  2.23487e+07
17  40  1.62134e+07
17  41  2.24282e+07
17  42  1.82713e+07
17  43  2.70653e+07
17  44  9.03564e+06
17  45  2.23699e+07
17  46  2.49001e+07
17  47  2.32821e+07
17  48  1.38667e+07
17  49  1.5943e+07
17  50  7.33885e+06
18  0  1.69849e+07
18  1  1.41277e+07
18  2  1.09834e+07
18  3  1.53649e+07
18  4  2.35613e+07
18  5  1.42568e+07
18  6  1.21425e+07
18  7  2.04428e+07
18  8  1.30687e+07
18  9  1.54296e+07
18  10  8.05738e+06
18  11  1.29813e+06
18  12  6.0642e+06
18  13  0
18  14  0
18  15  4.13043e+06
18  16  2.59808e+07
18  17  1.92954e+07
18  18  1.8403e+07
18  19  2.38207e+07
18  20  1.99497e+07
18  21  1.95091e+07
18  22  6.2922e+06
18  23  2.57832e+07
18  24  1.14058e+07
18  25  1.56599e+07
18  26  2.26839e+07
18  27  1.04203e+07
18  28  2.38581e+07
18  29  1.27836e+07
18  30  1.59405e+07
18  31  1.57056e+07
18  32  8.1072e+06
18  33  2.14096e+07
18  34  2.83233e+07
18  35  2.09678e+07
18  36  2.33502e+07
18  37  1.28163e+07
18  38  1.88813e+07
18  39  1.08737e+07
18  40  2.68806e+07
18  41  1.1049e+07
18  42  1.74673e+07
18  43  2.16382e+07
18  44  2.57459e+07
18  45  1.54969e+07
18  46  1.70706e+07
18  47  1.76111e+07
18  48  1.05919e+07
18  49  1.47038e+07
18  50  2.14301e+07
19  0  2.17407e+07
19  1  9.29007e+06
19  2  1.99977e+07
19  3  2.29493e+07
19  4  1.67794e+07
19  5  1.23674e+07
19  6  1.50817e+07
19  7  1.76216e+07
19  8  2.15685e+07
19  9  1.51896e+07
19  10  5.69851e+06
19  11  0
19  12  0
19  13  1.60139e+07
19  14  8.8699e+06
19  15  1.56656e+07
19  16  1.40974e+07
19  17  1.19177e+07
19  18  2.39718e+07
19  19  7.98433e+06
19  20  1.00779e+07
19  21  1.57173e+07
19  22  7.4094e+06
19  23  1.99407e+07
19  24  1.44608e+07
19  25  1.2772e+07
19  26  2.3049e+07
19  27  2.51493e+07
19  28  2.45559e+07
19  29  1.43722e+07
19  30  1.08084e+07
19  31  2.55416e+07
19  32  1.2744e+07
19  33  2.93358e+07
19  34  1.23366e+07
19  35  3.11181e+07
19  36  1.57011e+07
19  37  2.08159e+07
19  38  3.36664e+07
19  39  1.4943e+07
19  40  1.97269e+07
19  41  2.59108e+07
19  42  1.24905e+07
19  43  5.22389e+06
19  44  1.1611e+07
19  45  2.26834e+07
19  46  8.24942e+06
19  47  2.06724e+07
19  48  1.4563e+07
19  49  1.78791e+07
19  50  2.15282e+07
20  0  1.84669e+07
20  1  1.79987e+07
20  2  1.36759e+07
20  3  6.81252e+06
20  4  1.66267e+07
20  5  1.17708e+07
20  6  1.85918e+07
20  7  1.54446e+07
20  8  1.43559e+07
20  9  1.58518e+07
20  10  0
20  11  0
20  12  4.67683e+06
20  13  2.01665e+07
20  14  1.16812e+07
20  15  0
20  16  3.88775e+06
20  17  2.55802e+07
20  18  2.28392e+07
20  19  2.69659e+07
20  20  1.26579e+07
20  21  2.92792e+07
20  22  0
20  23  2.22543e+07
20  24  2.43297e+07
20  25  1.62536e+07
20  26  2.17117e+07
20  27  3.74702e+06
20  28  1.58761e+07
20  29  2.03557e+07
20  30  1.71499e+07
20  31  1.63191e+07
20  32  2.00583e+07
20  33  1.83122e+07
20  34  1.35307e+07
20  35  2.18606e+07
20  36  2.26377e+07
20  37  2.75309e+07
20  38  2.19983e+07
20  39  2.45393e+07
20  40  2.07405e+07
20  41  1.04195e+07
20  42  1.08084e+07
20  43  1.67607e+07
20  44  2.25328e+07
20  45  2.30035e+07
20  46  2.22945e+07
20  47  2.33198e+07
20  48  2.00915e+07
20  49  1.78325e+07
20  50  2.14651e+07
21  0  1.18107e+07
21  1  2.66241e+07
21  2  1.74246e+07
21  3  2.21143e+07
21  4  1.80759e+07
21  5  2.39237e+07
21  6  2.52256e+07
21  7  1.54285e+07
21  8  6.98019e+06
21  9  1.64675e+07
21  10  4.0162e+06
21  11  0
21  12  0
21  13  1.02014e+07
21  14  3.17231e+06
21  15  1.23864e+07
21  16  1.71571e+07
21  17  1.59055e+07
21  18  1.20369e+07
21  19  1.37923e+07
21  20  1.69563e+07
21  21  2.20819e+07
21  22  5.3598e+06
21  23  1.94017e+07
21  24  1.94565e+07
21  25  2.05279e+07
21  26  1.97418e+07
21  27  1.27686e+07
21  28  6.66297e+06
21  29  1.72434e+07
21  30  1.65638e+07
21  31  1.16997e+07
21  32  1.32476e+07
21  33  1.78202e+07
21  34  2.52697e+07
21  35  1.41907e+07
21  36  1.48594e+07
21  37  1.82757e+07
21  38  2.69402e+07
21  39  2.80523e+07
21  40  1.66636e+07
21  41  1.9792e+07
21  42  1.32782e+07
21  43  1.74629e+07
21  44  1.4101e+07
21  45  2.45404e+07
21  46  2.68839e+07
21  47  1.29349e+07
21  48  2.35048e+07
21  49  1.16016e+07
21  50  1.46625e+07
22  0  2.01299e+07
22  1  1.99132e+07
22  2  1.35206e+07
22  3  2.23799e+07
22  4  1.97595e+07
22  5  2.05419e+07
22  6  2.0275e+07
22  7  1.78057e+07
22  8  2.10145e+07
22  9  1.71048e+07
22  10  1.04629e+07
22  11  0
22  12  9.21436e+06
22  13  1.01744e+07
22  14  4.6294e+06
22  15  2.21899e+07
22  16  1.74779e+07
22  17  1.73048e+07
22  18  1.12239e+07
22  19  1.2626e+07
22  20  1.94458e+07
22  21  1.35308e+07
22  22  5.82578e+06
22  23  1.48337e+07
22  24  1.87589e+07
22  25  1.06585e+07
22  26  1.20743e+07
22  27  1.9377e+07
22  28  6.12762e+06
22  29  2.87463e+07
22  30  1.44581e+07
22  31  1.58344e+07
22  32  1.97062e+07
22  33  2.60961e+07
22  34  2.29668e+07
22  35  8.62371e+06
22  36  1.24544e+07
22  37  1.42453e+07
22  38  1.79749e+07
22  39  2.67914e+07
22  40  2.68756e+07
22  41  1.47881e+07
22  42  1.6811e+07
22  43  1.33542e+07
22  44  1.83493e+07
22  45  1.92632e+07
22  46  2.17813e+07
22  47  1.30587e+07
22  48  1.624e+07
22  49  1.16228e+07
22  50  1.86821e+07
23  0  1.1595e+07
23  1  9.90558e+06
23  2  1.13301e+07
23  3  1.50254e+07
23  4  1.50791e+07
23  5  1.11613e+07
23  6  1.33611e+07
23  7  8.36307e+06
23  8  1.55968e+07
23  9  5.96566e+06
23  10  1.25634e+07
23  11  0
23  12  0
23  13  8.31679e+06
23  14  1.02951e+07
23  15  1.48587e+07
23  16  1.58251e+07
23  17  1.38986e+07
23  18  9.26281e+06
23  19  2.63875e+07
23  20  1.36791e+07
23  21  1.77664e+07
23  22  2.46281e+06
23  23  1.52389e+07
23  24  8.49117e+06
23  25  2.67907e+07
23  26  1.25033e+07
23  27  3.19326e+07
23  28  1.31558e+07
23  29  6.55554e+06
23  30  2.15387e+07
23  31  1.76357e+07
23  32  2.28363e+07
23  33  1.27281e+07
23  34  2.18341e+07
23  35  1.69634e+07
23  36  2.34979e+07
23  37  9.94285e+06
23  38  2.22921e+07
23  39  2.23514e+07
23  40  2.69048e+07
23  41  1.3968e+07
23  42  3.11953e+07
23  43  1.91475e+07
23  44  1.2671e+07
23  45  2.06474e+07
23  46  1.68185e+07
23  47  1.68057e+07
23  48  1.36085e+07
23  49  1.07974e+07
23  50  7.6878e+06
24  0  1.41623e+07
24  1  1.92997e+07
24  2  1.35468e+07
24  3  2.55785e+07
24  4  1.72571e+07
24  5  1.3705e+07
24  6  1.29892e+07
24  7  1.63139e+07
24  8  1.42131e+07
24  9  2.62521e+06
24  10  9.65312e+06
24  11  7.88242e+06
24  12  3.75935e+06
24  13  4.66508e+06
24  14  1.2736e+07
24  15  1.4591e+07
24  16  1.17191e+07
24  17  1.91129e+07
24  18  1.01654e+07
24  19  1.67649e+07
24  20  8.84311e+06
24  21  2.36456e+07
24  22  2.17426e+07
24  23  3.60301e+07
24  24  2.56268e+07
24  25  1.90187e+07
24  26  7.77183e+06
24  27  1.53673e+07
24  28  1.93305e+07
24  29  2.38868e+07
24  30  2.52737e+07
24  31  1.84253e+07
24  32  1.87156e+07
24  33  2.44339e+07
24  34  2.04407e+07
24  35  1.36661e+07
24  36  1.78645e+07
24  37  2.70861e+07
24  38  1.99404e+07
24  39  3.23029e+07
24  40  1.62651e+07
24  41  8.3873e+06
24  42  1.41581e+07
24  43  3.39544e+07
24  44  1.31222e+07
24  45  1.8777e+07
24  46  2.07562e+07
24  47  1.7423e+07
24  48  1.02269e+07
24  49  1.65787e+07
24  50  2.90866e+07
25  0  2.11743e+07
25  1  2.24743e+07
25  2  1.95688e+07
25  3  2.89145e+06
25  4  1.83943e+07
25  5  1.25543e+07
25  6  2.01821e+07
25  7  1.19109e+07
25  8  1.51568e+07
25  9  1.3921e+07
25  10  1.26161e+07
25  11  5.66374e+06
25  12  0
25  13  6.55309e+06
25  14  8.88686e+06
25  15  2.02256e+07
25  16  1.02357e+07
25  17  1.84847e+07
25  18  1.3173e+07
25  19  1.787e+07
25  20  1.96369e+07
25  21  7.73594e+06
25  22  1.07331e+07
25  23  1.96619e+07
25  24  1.86752e+07
25  25  1.54048e+07
25  26  1.12534e+07
25  27  1.58824e+07
25  28  1.95071e+07
25  29  1.98991e+07
25  30  1.90264e+07
25  31  1.59619e+07
25  32  1.16768e+07
25  33  1.50387e+07
25  34  2.1142e+07
25  35  5.30698e+06
25  36  1.37498e+07
25  37  2.18673e+07
25  38  8.71315e+06
25  39  1.20361e+07
25  40  3.63658e+07
25  41  2.38652e+07
25  42  1.96884e+07
25  43  1.31935e+07
25  44  2.60987e+07
25  45  2.08266e+07
25  46  1.42737e+07
25  47  1.28207e+07
25  48  9.49536e+06
25  49  1.36079e+07
25  50  1.29376e+07
26  0  1.0029e+07
26  1  1.20452e+07
26  2  1.42877e+07
26  3  1.04946e+07
26  4  9.5709e+06
26  5  1.47189e+07
26  6  1.99024e+07
26  7  1.20816e+07
26  8  1.15594e+07
26  9  3.77525e+06
26  10  1.77469e+07
26  11  9.8247e+06
26  12  1.6954e+07
26  13  0
26  14  1.00165e+07
26  15  1.14248e+07
26  16  9.40856e+06
26  17  1.33227e+07
26  18  1.73187e+07
26  19  1.2753e+07
26  20  1.08822e+07
26  21  3.53773e+06
26  22  7.16635e+06
26  23  2.00142e+07
26  24  8.5696e+06
26  25  1.05585e+07
26  26  4.98452e+06
26  27  1.04204e+07
26  28  2.38993e+07
26  29  1.44593e+07
26  30  1.85725e+07
26  31  8.7476e+06
26  32  2.35254e+07
26  33  2.26713e+07
26  34  1.75785e+07
26  35  1.20054e+07
26  36  1.43931e+07
26  37  1.76194e+07
26  38  2.42855e+07
26  39  2.62063e+07
26  40  1.57713e+07
26  41  2.6025e+07
26  42  1.63423e+07
26  43  1.77754e+07
26  44  2.16751e+07
26  45  1.36689e+07
26  46  2.07283e+07
26  47  1.93414e+07
26  48  1.46962e+07
26  49  1.05466e+07
26  50  2.04913e+07
27  0  1.89637e+07
27  1  1.85947e+07
27  2  1.77224e+07
27  3  1.67647e+07
27  4  1.63856e+07
27  5  1.82726e+07
27  6  1.48745e+07
27  7  1.20832e+07
27  8  1.06297e+07
27  9  1.64296e+07
27  10  1.09476e+07
27  11  5.33051e+06
27  12  1.14628e+07
27  13  1.1475e+07
27  14  1.59219e+07
27  15  1.15257e+07
27  16  1.49379e+07
27  17  1.42002e+07
27  18  1.42499e+07
27  19  1.30475e+07
27  20  1.13324e+07
27  21  5.75364e+06
27  22  7.43847e+06
27  23  1.00327e+07
27  24  1.52482e+07
27  25  4.82547e+06
27  26  1.19892e+07
27  27  7.90472e+06
27  28  1.91194e+07
27  29  1.37274e+07
27  30  1.36694e+07
27  31  1.48594e+07
27  32  1.92223e+07
27  33  1.65445e+07
27  34  1.8274e+07
27  35  2.74855e+07
27  36  1.79882e+07
27  37  1.02722e+07
27  38  4.84111e+06
27  39  1.12188e+07
27  40  2.39467e+07
27  41  1.48817e+07
27  42  2.66593e+07
27  43  1.82607e+07
27  44  1.82462e+07
27  45  1.22283e+07
27  46  8.87037e+06
27  47  1.49539e+07
27  48  1.66462e+07
27  49  1.33323e+07
27  50  1.10016e+07
28  0  1.48497e+07
28  1  1.67295e+07
28  2  1.56285e+07
28  3  2.48577e+07
28  4  1.32929e+07
28  5  1.91167e+07
28  6  1.88013e+07
28  7  1.74173e+07
28  8  1.13102e+07
28  9  1.17196e+07
28  10  1.30329e+07
28  11  1.58766e+07
28  12  3.41969e+06
28  13  2.59913e+07
28  14  6.48002e+06
28  15  1.39619e+07
28  16  1.13919e+07
28  17  1.71536e+07
28  18  1.12268e+07
28  19  8.99699e+06
28  20  1.12521e+07
28  21  7.15395e+06
28  22  1.20379e+07
28  23  1.87486e+07
28  24  9.1215e+06
28  25  1.35772e+07
28  26  9.07656e+06
28  27  1.1085e+07
28  28  1.38916e+07
28  29  1.85287e+07
28  30  2.4692e+07
28  31  1.91405e+07
28  32  1.94845e+07
28  33  1.37593e+07
28  34  2.33318e+07
28  35  1.31267e+07
28  36  1.45319e+07
28  37  1.68699e+07
28  38  1.56107e+07
28  39  2.31695e+07
28  40  2.50058e+07
28  41  1.46098e+07
28  42  1.92352e+07
28  43  1.73528e+07
28  44  1.69874e+07
28  45  9.67071e+06
28  46  1.50455e+07
28  47  1.13491e+07
28  48  1.94864e+07
28  49  2.27416e+07
28  50  2.16168e+07
29  0  1.68489e+07
29  1  2.04568e+07
29  2  1.48384e+07
29  3  9.79772e+06
29  4  1.73146e+07
29  5  1.4076e+07
29  6  2.03097e+07
29  7  1.62841e+07
29  8  1.93149e+07
29  9  1.04213e+07
29  10  1.44542e+07
29  11  5.63024e+06
29  12  8.1687e+06
29  13  1.50988e+07
29  14  1.67601e+07
29  15  2.20781e+07
29  16  1.44284e+07
29  17  1.65646e+07
29  18  1.01164e+07
29  19  1.57143e+07
29  20  1.81097e+07
29  21  5.9967e+06
29  22  1.87142e+07
29  23  1.39224e+07
29  24  3.63728e+06
29  25  1.22954e+07
29  26  9.83422e+06
29  27  1.03312e+07
29  28  2.21215e+07
29  29  8.79063e+06
29  30  1.55427e+07
29  31  1.35712e+07
29  32  1.65969e+07
29  33  1.63615e+07
29  34  1.39382e+07
29  35  1.49448e+07
29  36  1.31285e+07
29  37  2.70644e+07
29  38  1.57621e+07
29  39  1.06176e+07
29  40  1.61942e+07
29  41  2.14716e+07
29  42  1.84196e+07
29  43  1.6838e+07
29  44  1.98065e+07
29  45  1.5846e+07
29  46  1.83644e+07
29  47  1.12098e+07
29  48  1.55714e+07
29  49  1.36059e+07
29  50  1.12163e+07
30  0  1.54354e+07
30  1  1.26309e+07
30  2  1.43476e+07
30  3  1.28036e+07
30  4  1.59019e+07
30  5  1.71399e+07
30  6  2.33489e+07
30  7  1.61463e+07
30  8  1.62514e+07
30  9  1.50447e+07
30  10  1.2782e+07
30  11  1.07707e+07
30  12  4.50839e+06
30  13  5.68173e+06
30  14  7.40145e+06
30  15  2.26175e+07
30  16  1.51305e+07
30  17  1.2894e+07
30  18  1.41806e+07
30  19  1.50278e+07
30  20  0
30  21  2.42505e+07
30  22  7.63243e+06
30  23  3.59296e+06
30  24  6.83117e+06
30  25  1.71532e+07
30  26  8.61136e+06
30  27  9.93188e+06
30  28  1.87476e+07
30  29  1.95385e+07
30  30  1.70968e+07
30  31  2.02059e+07
30  32  1.41261e+07
30  33  1.77312e+07
30  34  2.19954e+07
30  35  1.6502e+07
30  36  1.26305e+07
30  37  2.12344e+07
30  38  2.34469e+07
30  39  5.04366e+06
30  40  1.85212e+07
30  41  1.10282e+07
30  42  1.88822e+07
30  43  1.42949e+07
30  44  1.26938e+07
30  45  1.74115e+07
30  46  8.74132e+06
30  47  1.10093e+07
30  48  1.83376e+07
30  49  1.16084e+07
30  50  1.85482e+07
31  0  8.13549e+06
31  1  1.13372e+07
31  2  1.36073e+07
31  3  1.9961e+07
31  4  1.05681e+07
31  5  1.04241e+07
31  6  1.31066e+07
31  7  2.2263e+07
31  8  1.50597e+07
31  9  1.66615e+07
31  10  1.82683e+07
31  11  9.51719e+06
31  12  1.72004e+07
31  13  7.66086e+06
31  14  7.35213e+06
31  15  6.48376e+06
31  16  2.25137e+07
31  17  1.30549e+07
31  18  1.16103e+07
31  19  2.12828e+07
31  20  1.73752e+07
31  21  1.33126e+07
31  22  2.10876e+07
31  23  1.2746e+07
31  24  1.35237e+07
31  25  1.53445e+07
31  26  1.01404e+07
31  27  2.63962e+06
31  28  1.68653e+07
31  29  1.38121e+07
31  30  1.66972e+07
31  31  2.00371e+07
31  32  1.13497e+07
31  33  1.93983e+07
31  34  2.4485e+07
31  35  1.14645e+07
31  36  1.79631e+07
31  37  2.24343e+07
31  38  1.75455e+07
31  39  2.47615e+07
31  40  2.51825e+07
31  41  1.74205e+07
31  42  2.04162e+07
31  43  1.73666e+07
31  44  9.32036e+06
31  45  2.00243e+07
31  46  1.28417e+07
31  47  1.23304e+07
31  48  1.88831e+07
31  49  3.67236e+07
31  50  1.46932e+07
32  0  1.5335e+07
32  1  1.55363e+07
32  2  2.79904e+07
32  3  7.49739e+06
32  4  1.42731e+07
32  5  1.34296e+07
32  6  2.08011e+07
32  7  2.40459e+07
32  8  2.10845e+07
32  9  1.37492e+07
32  10  5.28079e+06
32  11  0
32  12  8.13308e+06
32  13  5.3032e+06
32  14  2.35004e+07
32  15  1.69749e+07
32  16  1.83506e+07
32  17  9.15206e+06
32  18  1.03211e+07
32  19  1.20568e+07
32  20  2.48332e+07
32  21  1.28417e+07
32  22  1.10262e+07
32  23  1.19241e+07
32  24  7.53989e+06
32  25  1.12036e+07
32  26  5.66373e+06
32  27  9.35282e+06
32  28  1.43193e+07
32  29  1.89059e+07
32  30  1.59005e+07
32  31  1.9578e+07
32  32  1.5636e+07
32  33  9.29235e+06
32  34  1.50122e+07
32  35  2.04155e+07
32  36  1.3887e+07
32  37  2.58784e+07
32  38  2.85746e+07
32  39  1.66277e+07
32  40  1.66463e+07
32  41  1.95941e+07
32  42  1.43213e+07
32  43  1.37175e+07
32  44  1.1165e+07
32  45  1.76334e+07
32  46  6.71019e+06
32  47  2.5497e+07
32  48  1.1902e+07
32  49  1.76286e+07
32  50  1.98905e+07
33  0  1.24596e+07
33  1  8.71735e+06
33  2  2.4702e+07
33  3  2.41157e+07
33  4  1.78708e+07
33  5  1.71642e+07
33  6  1.45209e+07
33  7  1.18308e+07
33  8  1.52441e+07
33  9  1.09031e+07
33  10  2.14607e+07
33  11  1.14848e+07
33  12  4.58591e+06
33  13  1.25531e+07
33  14  1.9289e+07
33  15  1.24647e+07
33  16  1.60354e+07
33  17  1.69659e+07
33  18  1.11222e+07
33  19  1.09315e+07
33  20  1.2104e+07
33  21  1.49193e+07
33  22  9.91217e+06
33  23  5.52457e+06
33  24  1.22987e+07
33  25  1.28121e+07
33  26  0
33  27  1.35061e+07
33  28  1.42194e+07
33  29  2.16738e+07
33  30  1.69023e+07
33  31  1.84367e+07
33  32  1.49554e+07
33  33  1.1195e+07
33  34  1.38582e+07
33  35  2.14102e+07
33  36  1.31787e+07
33  37  2.10405e+07
33  38  2.24642e+07
33  39  1.28628e+07
33  40  1.54691e+07
33  41  1.70519e+07
33  42  2.02874e+07
33  43  1.87279e+07
33  44  1.0443e+07
33  45  1.69954e+07
33  46  1.34555e+07
33  47  2.16523e+07
33  48  7.50799e+06
33  49  1.51659e+07
33  50  1.17352e+07
34  0  2.1703e+07
34  1  1.09236e+07
34  2  4.27885e+06
34  3  9.09053e+06
34  4  1.51783e+07
34  5  1.39732e+07
34  6  1.59742e+07
34  7  1.48841e+07
34  8  1.05453e+07
34  9  1.34366e+07
34  10  1.21117e+07
34  11  1.52328e+07
34  12  6.31991e+06
34  13  2.73159e+07
34  14  1.75789e+07
34  15  9.12366e+06
34  16  1.57881e+07
34  17  3.36324e+07
34  18  1.49829e+07
34  19  8.32556e+06
34  20  1.08915e+07
34  21  1.51298e+07
34  22  1.34791e+07
34  23  1.5416e+07
34  24  1.00016e+07
34  25  1.23763e+07
34  26  0
34  27  9.16571e+06
34  28  1.50358e+07
34  29  2.00166e+07
34  30  1.51664e+07
34  31  1.56807e+07
34  32  1.58842e+07
34  33  2.94612e+07
34  34  1.32978e+07
34  35  2.25485e+07
34  36  1.59628e+07
34  37  1.39804e+07
34  38  1.53977e+07
34  39  1.63779e+07
34  40  2.69008e+07
34  41  1.58776e+07
34  42  2.54789e+07
34  43  6.73368e+06
34  44  1.02021e+07
34  45  1.05489e+07
34  46  1.5166e+07
34  47  1.70764e+07
34  48  1.98741e+07
34  49  1.69067e+07
34  50  2.05156e+07
35  0  1.05574e+07
35  1  1.9715e+07
35  2  1.23656e+07
35  3  1.4857e+07
35  4  1.30943e+07
35  5  1.79149e+07
35  6  1.29033e+07
35  7  1.6971e+07
35  8  1.2971e+07
35  9  2.03427e+07
35  10  9.31371e+06
35  11  4.71961e+06
35  12  1.77949e+07
35  13  1.96115e+07
35  14  1.09019e+07
35  15  2.71728e+07
35  16  1.27362e+07
35  17  2.38849e+07
35  18  1.88785e+07
35  19  1.99516e+07
35  20  1.8599e+07
35  21  1.87495e+07
35  22  1.669e+07
35  23  1.26461e+07
35  24  7.14814e+06
35  25  1.45607e+07
35  26  3.35645e+06
35  27  1.43806e+07
35  28  1.49004e+07
35  29  1.46474e+07
35  30  2.5973e+07
35  31  9.04835e+06
35  32  1.13584e+07
35  33  1.19244e+07
35  34  1.95567e+07
35  35  8.81206e+06
35  36  1.7138e+07
35  37  1.98851e+07
35  38  9.89058e+06
35  39  1.11042e+07
35  40  1.69757e+07
35  41  1.96272e+07
35  42  9.32626e+06
35  43  0
35  44  1.98299e+07
35  45  2.01716e+07
35  46  1.02392e+07
35  47  2.18826e+07
35  48  4.74686e+06
35  49  2.55636e+07
35  50  1.1405e+07
36  0  5.47842e+06
36  1  8.67823e+06
36  2  9.03292e+06
36  3  4.21489e+06
36  4  1.82313e+07
36  5  1.35816e+07
36  6  1.69769e+07
36  7  1.26318e+07
36  8  2.15425e+07
36  9  1.35788e+07
36  10  4.61256e+06
36  11  4.72372e+06
36  12  1.39573e+07
36  13  1.39293e+07
36  14  1.69117e+07
36  15  2.40626e+07
36  16  1.19304e+07
36  17  1.12252e+07
36  18  2.11918e+07
36  19  1.52806e+07
36  20  1.11982e+07
36  21  3.23727e+07
36  22  9.80874e+06
36  23  3.12004e+06
36  24  1.67103e+07
36  25  1.35205e+07
36  26  8.20025e+06
36  27  3.92537e+06
36  28  1.49739e+07
36  29  1.24537e+07
36  30  1.18317e+07
36  31  1.80954e+07
36  32  1.30165e+07
36  33  1.407e+07
36  34  1.35107e+07
36  35  1.97848e+07
36  36  1.7623e+07
36  37  1.67797e+07
36  38  2.17606e+07
36  39  1.5452e+07
36  40  1.50815e+07
36  41  1.9345e+07
36  42  1.21592e+07
36  43  1.79487e+07
36  44  9.20953e+06
36  45  2.26467e+07
36  46  1.22012e+07
36  47  1.98303e+07
36  48  8.8789e+06
36  49  2.34487e+07
36  50  2.42419e+07
37  0  6.83208e+06
37  1  6.16733e+06
37  2  7.1579e+06
37  3  1.94451e+07
37  4  1.57842e+07
37  5  1.68273e+07
37  6  1.10198e+07
37  7  8.08404e+06
37  8  6.14773e+06
37  9  1.63896e+07
37  10  1.58385e+07
37  11  1.11585e+07
37  12  1.25641e+07
37  13  1.5546e+07
37  14  1.83653e+07
37  15  1.11998e+07
37  16  1.03545e+07
37  17  1.4144e+07
37  18  1.84301e+07
37  19  1.4502e+07
37  20  2.09514e+07
37  21  5.92545e+06
37  22  1.57728e+07
37  23  9.03868e+06
37  24  1.83519e+07
37  25  1.16329e+07
37  26  8.84955e+06
37  27  0
37  28  1.35393e+07
37  29  9.13372e+06
37  30  7.72284e+06
37  31  6.2625e+06
37  32  5.73358e+06
37  33  1.45467e+07
37  34  1.7904e+07
37  35  2.03076e+07
37  36  8.24421e+06
37  37  0
37  38  1.96321e+07
37  39  1.1133e+07
37  40  1.25892e+07
37  41  1.5769e+07
37  42  3.27238e+07
37  43  2.22051e+07
37  44  1.55554e+07
37  45  1.4562e+07
37  46  1.75404e+07
37  47  9.14317e+06
37  48  2.43826e+07
37  49  1.47728e+07
37  50  1.1923e+07
38  0  8.27324e+06
38  1  1.65426e+07
38  2  1.15252e+07
38  3  5.23458e+06
38  4  1.1154e+07
38  5  6.10772e+06
38  6  1.04486e+07
38  7  3.29567e+06
38  8  7.12509e+06
38  9  6.49412e+06
38  10  6.22701e+06
38  11  7.04317e+06
38  12  7.42546e+06
38  13  1.44739e+07
38  14  1.12534e+07
38  15  1.70985e+07
38  16  1.28794e+07
38  17  8.9608e+06
38  18  9.66021e+06
38  19  1.45346e+07
38  20  1.61515e+07
38  21  1.85918e+07
38  22  1.26935e+07
38  23  1.26858e+07
38  24  0
38  25  1.01998e+07
38  26  1.0387e+07
38  27  0
38  28  1.84889e+07
38  29  1.13527e+07
38  30  1.83988e+07
38  31  1.71692e+07
38  32  1.78138e+07
38  33  1.2287e+07
38  34  2.24727e+07
38  35  6.309e+06
38  36  9.60808e+06
38  37  9.94535e+06
38  38  2.16389e+07
38  39  1.70799e+07
38  40  2.24139e+07
38  41  2.15042e+07
38  42  1.69793e+07
38  43  1.41485e+07
38  44  1.96977e+07
38  45  1.86111e+07
38  46  2.17449e+07
38  47  2.13197e+07
38  48  1.77063e+07
38  49  1.30038e+07
38  50  2.27793e+07
39  0  1.07612e+07
39  1  7.33529e+06
39  2  2.44095e+07
39  3  1.32832e+07
39  4  0
39  5  7.50803e+06
39  6  6.15438e+06
39  7  7.55564e+06
39  8  1.04489e+07
39  9  1.01383e+07
39  10  1.15076e+07
39  11  0
39  12  1.55648e+07
39  13  1.19063e+07
39  14  2.07909e+07
39  15  1.90118e+07
39  16  1.74395e+07
39  17  2.09053e+07
39  18  1.28219e+07
39  19  1.22822e+07
39  20  9.09146e+06
39  21  8.98494e+06
39  22  1.24157e+07
39  23  1.56428e+07
39  24  0
39  25  2.04602e+06
39  26  8.50114e+06
39  27  1.07584e+07
39  28  1.39984e+07
39  29  2.5288e+07
39  30  6.92333e+06
39  31  1.25643e+07
39  32  1.56078e+07
39  33  2.03083e+07
39  34  1.36246e+07
39  35  1.71717e+07
39  36  1.45143e+07
39  37  4.62008e+06
39  38  1.7002e+07
39  39  6.82077e+06
39  40  1.69628e+07
39  41  1.38635e+07
39  42  1.10169e+07
39  43  3.24479e+06
39  44  1.4484e+07
39  45  1.58916e+07
39  46  5.18409e+06
39  47  1.78819e+07
39  48  1.60418e+07
39  49  1.76694e+07
39  50  1.65648e+07
40  0  1.26322e+06
40  1  8.91737e+06
40  2  2.08278e+07
40  3  5.69945e+06
40  4  1.08785e+07
40  5  1.46919e+07
40  6  6.50038e+06
40  7  1.43494e+07
40  8  5.93773e+06
40  9  0
40  10  1.08504e+07
40  11  0
40  12  2.01668e+07
40  13  8.35251e+06
40  14  3.7815e+06
40  15  1.87882e+07
40  16  1.39826e+07
40  17  2.14913e+07
40  18  1.39548e+07
40  19  1.34008e+07
40  20  1.77189e+07
40  21  1.23447e+07
40  22  6.00514e+06
40  23  1.10398e+07
40  24  5.81162e+06
40  25  1.18492e+07
40  26  9.85641e+06
40  27  8.2254e+06
40  28  1.63807e+07
40  29  1.20625e+07
40  30  1.14813e+07
40  31  0
40  32  1.39003e+07
40  33  0
40  34  1.35391e+07
40  35  6.74751e+06
40  36  1.2243e+07
40  37  1.35596e+07
40  38  1.09891e+07
40  39  2.48335e+07
40  40  2.38512e+07
40  41  1.05411e+07
40  42  6.58812e+06
40  43  1.69236e+07
40  44  0
40  45  1.71349e+07
40  46  8.2002e+06
40  47  1.49686e+07
40  48  2.88815e+06
40  49  1.18797e+07
40  50  1.36734e+07
41  0  1.06711e+07
41  1  1.81813e+07
41  2  1.70227e+07
41  3  1.83935e+07
41  4  1.2837e+07
41  5  1.23753e+07
41  6  9.40544e+06
41  7  1.51264e+07
41  8  4.01479e+06
41  9  1.05675e+07
41  10  5.22981e+06
41  11  8.33137e+06
41  12  7.97229e+06
41  13  8.23825e+06
41  14  1.53746e+07
41  15  2.01159e+07
41  16  2.33896e+07
41  17  1.60281e+07
41  18  1.19404e+07
41  19  5.38308e+06
41  20  1.75257e+07
41  21  4.26837e+06
41  22  2.28849e+07
41  23  3.54138e+06
41  24  1.07259e+07
41  25  4.26669e+06
41  26  6.80871e+06
41  27  7.01269e+06
41  28  2.07638e+07
41  29  5.14303e+06
41  30  1.56312e+07
41  31  1.33952e+07
41  32  1.9895e+07
41  33  1.18293e+07
41  34  8.22582e+06
41  35  2.02839e+07
41  36  1.65595e+07
41  37  1.67617e+07
41  38  1.68458e+07
41  39  1.7397e+07
41  40  1.33322e+07
41  41  1.88969e+07
41  42  2.44692e+07
41  43  1.01096e+07
41  44  1.35005e+07
41  45  1.34047e+07
41  46  1.22342e+07
41  47  7.94157e+06
41  48  1.80786e+07
41  49  1.43762e+07
41  50  1.97711e+07
42  0  1.41248e+06
42  1  1.62992e+07
42  2  1.55161e+07
42  3  1.53258e+07
42  4  1.67387e+07
42  5  1.35551e+07
42  6  1.83055e+07
42  7  2.24753e+07
42  8  9.69986e+06
42  9  7.56274e+06
42  10  8.51371e+06
42  11  1.19836e+07
42  12  4.92485e+06
42  13  1.57234e+07
42  14  1.42703e+07
42  15  3.76921e+06
42  16  8.36087e+06
42  17  7.85007e+06
42  18  1.46103e+07
42  19  9.16847e+06
42  20  1.85893e+07
42  21  1.38339e+07
42  22  9.54288e+06
42  23  1.58606e+07
42  24  2.12352e+07
42  25  0
42  26  0
42  27  1.49852e+07
42  28  8.90178e+06
42  29  2.0566e+07
42  30  6.7391e+06
42  31  1.02631e+07
42  32  5.65298e+06
42  33  1.02029e+07
42  34  2.08111e+07
42  35  1.95514e+07
42  36  7.94557e+06
42  37  1.54896e+07
42  38  1.37448e+07
42  39  1.05622e+07
42  40  2.17437e+07
42  41  1.37657e+07
42  42  1.26813e+07
42  43  7.57953e+06
42  44  1.78211e+07
42  45  1.33595e+07
42  46  2.09004e+07
42  47  2.02742e+07
42  48  1.95717e+07
42  49  1.36223e+07
42  50  1.91605e+07
43  0  1.78877e+07
43  1  1.57265e+07
43  2  1.35838e+07
43  3  1.71483e+07
43  4  1.16773e+07
43  5  1.76177e+07
43  6  9.43226e+06
43  7  9.57245e+06
43  8  8.87794e+06
43  9  8.7244e+06
43  10  9.24961e+06
43  11  1.29896e+07
43  12  7.90562e+06
43  13  0
43  14  1.83252e+07
43  15  2.17789e+07
43  16  8.76244e+06
43  17  2.45823e+07
43  18  9.53121e+06
43  19  4.17867e+06
43  20  2.06815e+07
43  21  8.83802e+06
43  22  0
43  23  1.23272e+07
43  24  8.60454e+06
43  25  5.40832e+06
43  26  1.29638e+07
43  27  6.36155e+06
43  28  1.45546e+07
43  29  8.66441e+06
43  30  0
43  31  1.46954e+07
43  32  8.3819e+06
43  33  7.27686e+06
43  34  2.46632e+07
43  35  1.49771e+07
43  36  9.92036e+06
43  37  1.89247e+07
43  38  1.53394e+07
43  39  9.33386e+06
43  40  1.20682e+07
43  41  1.47257e+07
43  42  6.10898e+06
43  43  1.82879e+07
43  44  8.10779e+06
43  45  1.41655e+07
43  46  1.28174e+07
43  47  2.21453e+07
43  48  1.36603e+07
43  49  1.08338e+07
43  50  1.23638e+07
44  0  1.07086e+07
44  1  1.48179e+07
44  2  2.12269e+07
44  3  1.34101e+07
44  4  1.79622e+07
44  5  3.71571e+06
44  6  7.61428e+06
44  7  1.16609e+07
44  8  1.04592e+07
44  9  1.36996e+07
44  10  1.14581e+07
44  11  1.29196e+07
44  12  1.34249e+07
44  13  0
44  14  1.01089e+07
44  15  1.60984e+07
44  16  2.14063e+07
44  17  1.94173e+07
44  18  1.04652e+07
44  19  8.79245e+06
44  20  1.66789e+07
44  21  1.15634e+07
44  22  1.65768e+07
44  23  1.42881e+07
44  24  1.12802e+07
44  25  0
44  26  5.37608e+06
44  27  2.41152e+07
44  28  8.02269e+06
44  29  1.81548e+07
44  30  1.78608e+07
44  31  1.12946e+07
44  32  2.54544e+07
44  33  1.39379e+07
44  34  1.76187e+07
44  35  2.02141e+07
44  36  9.68561e+06
44  37  1.289e+07
44  38  1.36108e+07
44  39  1.76317e+07
44  40  9.78813e+06
44  41  4.27546e+06
44  42  2.13414e+07
44  43  1.46071e+07
44  44  1.18277e+07
44  45  1.59919e+07
44  46  1.67332e+07
44  47  0
44  48  1.29646e+07
44  49  1.89958e+07
44  50  1.4512e+07
45  0  2.25103e+07
45  1  7.76642e+06
45  2  1.40657e+07
45  3  8.99998e+06
45  4  1.92266e+07
45  5  2.01426e+07
45  6  2.079e+07
45  7  7.82002e+06
45  8  1.25223e+07
45  9  1.36677e+07
45  10  1.38404e+07
45  11  1.63255e+07
45  12  1.0272e+07
45  13  8.63735e+06
45  14  1.5469e+07
45  15  1.87201e+07
45  16  1.58493e+07
45  17  1.31443e+07
45  18  2.12149e+07
45  19  1.98741e+07
45  20  1.5521e+07
45  21  9.16689e+06
45  22  1.32518e+07
45  23  6.06844e+06
45  24  8.49067e+06
45  25  1.38202e+07
45  26  5.92667e+06
45  27  0
45  28  1.14444e+07
45  29  9.08836e+06
45  30  1.43573e+07
45  31  1.62213e+07
45  32  9.1355e+06
45  33  1.07806e+07
45  34  1.16143e+07
45  35  1.69694e+07
45  36  1.11283e+07
45  37  1.76305e+07
45  38  1.95258e+07
45  39  1.03578e+07
45  40  2.25412e+07
45  41  1.85817e+07
45  42  1.76317e+07
45  43  8.51449e+06
45  44  1.8917e+07
45  45  1.71217e+07
45  46  7.2199e+06
45  47  1.4164e+07
45  48  1.13678e+07
45  49  2.00195e+07
45  50  2.48123e+07
46  0  1.52414e+07
46  1  1.36306e+07
46  2  3.45867e+06
46  3  2.5948e+07
46  4  1.94127e+07
46  5  1.22573e+07
46  6  2.22905e+07
46  7  9.84822e+06
46  8  9.13694e+06
46  9  1.45491e+07
46  10  0
46  11  1.22906e+07
46  12  5.9214e+06
46  13  3.68824e+06
46  14  8.64204e+06
46  15  9.2783e+06
46  16  8.96368e+06
46  17  1.67214e+07
46  18  1.56867e+07
46  19  6.64325e+06
46  20  1.84991e+07
46  21  1.8372e+07
46  22  1.69327e+07
46  23  1.07632e+07
46  24  1.20451e+07
46  25  1.45078e+07
46  26  1.55065e+07
46  27  0
46  28  1.37904e+07
46  29  1.79483e+07
46  30  1.2071e+07
46  31  2.05247e+07
46  32  1.24038e+07
46  33  2.73195e+07
46  34  1.51926e+07
46  35  9.35093e+06
46  36  2.30651e+07
46  37  2.92665e+07
46  38  4.68272e+06
46  39  1.1722e+07
46  40  1.26771e+07
46  41  1.8433e+07
46  42  5.23829e+06
46  43  1.08033e+07
46  44  1.28029e+07
46  45  1.3367e+07
46  46  1.69602e+07
46  47  1.27959e+07
46  48  2.02821e+07
46  49  1.94565e+07
46  50  1.38066e+07
47  0  2.11677e+07
47  1  1.52529e+07
47  2  7.57449e+06
47  3  1.67185e+07
47  4  2.49967e+07
47  5  1.69708e+07
47  6  1.97271e+07
47  7  2.06871e+07
47  8  3.05012e+06
47  9  6.7464e+06
47  10  1.37331e+07
47  11  1.45105e+07
47  12  2.23385e+07
47  13  9.05201e+06
47  14  1.127e+07
47  15  2.43087e+07
47  16  1.41673e+07
47  17  1.32791e+07
47  18  5.62217e+06
47  19  1.54948e+07
47  20  1.86443e+07
47  21  1.03519e+07
47  22  1.26016e+07
47  23  3.47576e+06
47  24  0
47  25  1.19899e+07
47  26  6.35187e+06
47  27  4.72017e+06
47  28  1.17626e+07
47  29  8.85956e+06
47  30  1.61174e+07
47  31  1.08951e+07
47  32  1.41685e+07
47  33  1.42765e+07
47  34  9.28678e+06
47  35  1.20376e+07
47  36  1.21453e+07
47  37  2.26251e+07
47  38  1.3285e+07
47  39  1.12063e+07
47  40  2.69433e+07
47  41  1.76041e+07
47  42  1.14804e+07
47  43  1.05584e+07
47  44  1.40455e+07
47  45  1.58565e+07
47  46  2.61723e+07
47  47  1.40258e+07
47  48  1.56779e+07
47  49  8.7581e+06
47  50  1.28682e+07
48  0  1.89153e+07
48  1  2.16702e+07
48  2  1.97112e+07
48  3  2.06708e+07
48  4  1.00092e+07
48  5  9.47691e+06
48  6  1.94766e+07
48  7  1.89716e+07
48  8  1.33208e+07
48  9  2.04784e+07
48  10  1.1178e+07
48  11  9.82552e+06
48  12  1.04499e+07
48  13  8.26329e+06
48  14  1.88601e+07
48  15  1.81163e+07
48  16  2.29466e+07
48  17  1.24641e+07
48  18  1.27917e+07
48  19  3.58213e+06
48  20  0
48  21  1.19229e+07
48  22  8.00433e+06
48  23  1.28728e+07
48  24  7.76892e+06
48  25  0
48  26  5.82511e+06
48  27  0
48  28  1.89791e+07
48  29  1.30079e+07
48  30  9.31105e+06
48  31  2.09886e+07
48  32  1.52045e+07
48  33  1.30235e+07
48  34  9.29848e+06
48  35  1.35907e+07
48  36  1.49113e+07
48  37  1.7051e+07
48  38  1.92861e+07
48  39  1.32472e+07
48  40  1.12201e+07
48  41  4.55245e+06
48  42  2.28932e+07
48  43  1.26318e+07
48  44  2.33474e+07
48  45  6.31431e+06
48  46  1.61958e+07
48  47  1.77806e+07
48  48  1.78505e+07
48  49  5.28336e+06
48  50  1.67769e+07
49  0  1.40141e+07
49  1  2.01667e+07
49  2  1.31686e+07
49  3  1.41615e+07
49  4  2.08509e+07
49  5  1.21617e+07
49  6  7.23564e+06
49  7  2.2646e+07
49  8  3.39466e+06
49  9  1.79658e+07
49  10  1.17081e+07
49  11  1.61964e+07
49  12  9.06973e+06
49  13  6.33392e+06
49  14  1.47433e+07
49  15  8.22399e+06
49  16  1.48535e+07
49  17  1.60214e+07
49  18  1.10928e+07
49  19  2.65667e+07
49  20  3.69558e+06
49  21  6.44199e+06
49  22  1.4443e+07
49  23  7.28725e+06
49  24  0
49  25  1.64686e+07
49  26  9.84417e+06
49  27  1.00701e+07
49  28  9.36914e+06
49  29  1.20112e+07
49  30  0
49  31  6.06818e+06
49  32  9.3251e+06
49  33  1.44331e+07
49  34  1.62373e+07
49  35  7.64254e+06
49  36  1.49389e+07
49  37  2.21964e+07
49  38  1.14145e+07
49  39  1.96291e+07
49  40  8.53554e+06
49  41  1.71007e+07
49  42  9.91149e+06
49  43  1.82765e+07
49  44  1.77892e+07
49  45  1.07858e+07
49  46  1.73067e+07
49  47  3.94754e+06
49  48  1.3425e+07
49  49  1.49582e+07
49  50  1.07104e+07
50  0  2.3338e+07
50  1  1.71704e+07
50  2  1.47864e+07
50  3  2.99353e+07
50  4  1.21906e+07
50  5  1.96009e+07
50  6  2.98885e+07
50  7  1.45695e+07
50  8  1.61443e+07
50  9  9.34135e+06
50  10  8.74465e+06
50  11  1.66081e+07
50  12  6.0529e+06
50  13  0
50  14  1.13744e+07
50  15  9.34139e+06
50  16  1.61317e+07
50  17  1.49427e+07
50  18  1.24891e+07
50  19  1.58293e+07
50  20  1.94067e+07
50  21  1.17433e+07
50  22  2.09326e+07
50  23  1.19758e+07
50  24  0
50  25  7.71605e+06
50  26  9.3403e+06
50  27  7.86843e+06
50  28  5.727e+06
50  29  1.39768e+07
50  30  2.44177e+07
50  31  3.09285e+06
50  32  1.44956e+07
50  33  1.68461e+07
50  34  1.50898e+07
50  35  2.11952e+07
50  36  2.08419e+07
50  37  2.05121e+07
50  38  1.25804e+07
50  39  2.2862e+07
50  40  1.03281e+07
50  41  1.37337e+07
50  42  1.97495e+07
50  43  1.04722e+07
50  44  1.702e+07
50  45  1.52069e+07
50  46  1.01357e+07
50  47  9.89402e+06
50  48  1.33641e+07
50  49  1.08836e+07
50  50  1.50491e+07

