row  column  (images_25_2_757.edf Ca-K*images_25_2_757.edf Ar-K**2.3)
0  0  4.20849e+08
0  1  4.88536e+08
0  2  5.11283e+08
0  3  5.82717e+08
0  4  6.87611e+08
0  5  6.68149e+08
0  6  8.14191e+08
0  7  9.06102e+08
0  8  8.11959e+08
0  9  8.45968e+08
0  10  8.8386e+08
0  11  7.74779e+08
0  12  6.50935e+08
0  13  6.65182e+08
0  14  5.49963e+08
0  15  5.89379e+08
0  16  4.39223e+08
0  17  4.05486e+08
0  18  6.18125e+08
0  19  1.48341e+09
0  20  1.29845e+09
0  21  1.00616e+09
0  22  4.02191e+08
0  23  3.35636e+08
0  24  3.34578e+08
0  25  4.03193e+08
0  26  2.69684e+08
0  27  2.8254e+08
0  28  3.064e+08
0  29  2.79679e+08
0  30  2.42171e+08
0  31  2.33756e+08
0  32  2.09787e+08
0  33  2.1729e+08
0  34  2.87852e+08
0  35  2.508e+08
0  36  2.91761e+08
0  37  3.59089e+08
0  38  4.43767e+08
0  39  4.89853e+08
0  40  7.34208e+08
0  41  8.08087e+08
0  42  9.30647e+08
0  43  8.60333e+08
0  44  9.37303e+08
0  45  1.10442e+09
0  46  1.10697e+09
0  47  1.07918e+09
0  48  1.12793e+09
0  49  1.24126e+09
0  50  1.13931e+09
1  0  5.46524e+08
1  1  6.24171e+08
1  2  6.70839e+08
1  3  6.97173e+08
1  4  8.03359e+08
1  5  8.99329e+08
1  6  9.7889e+08
1  7  1.00189e+09
1  8  1.16423e+09
1  9  1.12516e+09
1  10  1.01435e+09
1  11  8.85327e+08
1  12  7.30179e+08
1  13  9.34315e+08
1  14  8.45876e+08
1  15  7.2329e+08
1  16  5.61877e+08
1  17  5.57224e+08
1  18  1.00692e+09
1  19  1.56719e+09
1  20  1.33194e+09
1  21  7.29091e+08
1  22  4.33421e+08
1  23  5.09687e+08
1  24  4.39954e+08
1  25  4.16163e+08
1  26  3.85625e+08
1  27  2.89944e+08
1  28  4.04778e+08
1  29  3.75988e+08
1  30  3.10067e+08
1  31  2.74726e+08
1  32  2.60321e+08
1  33  2.64878e+08
1  34  3.13512e+08
1  35  3.46691e+08
1  36  4.71362e+08
1  37  4.83025e+08
1  38  5.71296e+08
1  39  7.30645e+08
1  40  8.42536e+08
1  41  1.01731e+09
1  42  1.05047e+09
1  43  1.17822e+09
1  44  1.08266e+09
1  45  1.2215e+09
1  46  1.11895e+09
1  47  1.18441e+09
1  48  1.16822e+09
1  49  1.09032e+09
1  50  1.2751e+09
2  0  6.26536e+08
2  1  7.27601e+08
2  2  8.42182e+08
2  3  8.41439e+08
2  4  9.46998e+08
2  5  1.17524e+09
2  6  1.24251e+09
2  7  1.18849e+09
2  8  1.26009e+09
2  9  1.19889e+09
2  10  1.4229e+09
2  11  1.11442e+09
2  12  9.58784e+08
2  13  1.1771e+09
2  14  9.87135e+08
2  15  8.58382e+08
2  16  6.19405e+08
2  17  6.41541e+08
2  18  9.72981e+08
2  19  1.20469e+09
2  20  1.1738e+09
2  21  7.15041e+08
2  22  5.01175e+08
2  23  5.61866e+08
2  24  5.7674e+08
2  25  5.04347e+08
2  26  4.7007e+08
2  27  4.16696e+08
2  28  4.55731e+08
2  29  4.50999e+08
2  30  3.44178e+08
2  31  3.31173e+08
2  32  3.44297e+08
2  33  4.07966e+08
2  34  3.79884e+08
2  35  4.80212e+08
2  36  4.75838e+08
2  37  5.83715e+08
2  38  6.94401e+08
2  39  7.95825e+08
2  40  1.06459e+09
2  41  1.30862e+09
2  42  1.38194e+09
2  43  1.07192e+09
2  44  1.16969e+09
2  45  1.20836e+09
2  46  1.29637e+09
2  47  1.32329e+09
2  48  1.13217e+09
2  49  1.35618e+09
2  50  1.38882e+09
3  0  7.97259e+08
3  1  9.23713e+08
3  2  1.0591e+09
3  3  1.15097e+09
3  4  1.24385e+09
3  5  1.32589e+09
3  6  1.32155e+09
3  7  1.39482e+09
3  8  1.6129e+09
3  9  1.40708e+09
3  10  1.5136e+09
3  11  1.20148e+09
3  12  1.23554e+09
3  13  1.27453e+09
3  14  1.15019e+09
3  15  9.9282e+08
3  16  7.20969e+08
3  17  6.08634e+08
3  18  1.11491e+09
3  19  1.24491e+09
3  20  9.55296e+08
3  21  5.90992e+08
3  22  5.38458e+08
3  23  6.17021e+08
3  24  6.54607e+08
3  25  6.68535e+08
3  26  5.20986e+08
3  27  4.96618e+08
3  28  6.01098e+08
3  29  5.0631e+08
3  30  4.14682e+08
3  31  3.66862e+08
3  32  4.39477e+08
3  33  5.25167e+08
3  34  5.28518e+08
3  35  5.05087e+08
3  36  6.45687e+08
3  37  7.42437e+08
3  38  8.59473e+08
3  39  9.98813e+08
3  40  1.18535e+09
3  41  1.30942e+09
3  42  1.26163e+09
3  43  1.27362e+09
3  44  1.17854e+09
3  45  1.32752e+09
3  46  1.31222e+09
3  47  1.20356e+09
3  48  1.26737e+09
3  49  1.33479e+09
3  50  1.3418e+09
4  0  8.27823e+08
4  1  1.1271e+09
4  2  1.13703e+09
4  3  1.41091e+09
4  4  1.34041e+09
4  5  1.4186e+09
4  6  1.37676e+09
4  7  1.67039e+09
4  8  1.59788e+09
4  9  1.70075e+09
4  10  1.56134e+09
4  11  1.52465e+09
4  12  1.43011e+09
4  13  1.55609e+09
4  14  1.40813e+09
4  15  1.05713e+09
4  16  7.80512e+08
4  17  7.09584e+08
4  18  1.03034e+09
4  19  1.22875e+09
4  20  1.02774e+09
4  21  7.12532e+08
4  22  5.81075e+08
4  23  7.27421e+08
4  24  7.70962e+08
4  25  8.24356e+08
4  26  6.35782e+08
4  27  6.31215e+08
4  28  7.1535e+08
4  29  7.25406e+08
4  30  5.33638e+08
4  31  4.65354e+08
4  32  4.95087e+08
4  33  5.82341e+08
4  34  6.60801e+08
4  35  6.31584e+08
4  36  7.07888e+08
4  37  8.19381e+08
4  38  1.06562e+09
4  39  1.07957e+09
4  40  1.2599e+09
4  41  1.29678e+09
4  42  1.37469e+09
4  43  1.09811e+09
4  44  1.20951e+09
4  45  1.32933e+09
4  46  1.3116e+09
4  47  1.40604e+09
4  48  1.35166e+09
4  49  1.11883e+09
4  50  1.45581e+09
5  0  8.74599e+08
5  1  1.40483e+09
5  2  1.38206e+09
5  3  1.32031e+09
5  4  1.30932e+09
5  5  1.72795e+09
5  6  1.75031e+09
5  7  1.83851e+09
5  8  1.82216e+09
5  9  1.65559e+09
5  10  1.79279e+09
5  11  1.507e+09
5  12  1.55418e+09
5  13  1.87307e+09
5  14  1.7449e+09
5  15  1.35588e+09
5  16  1.0484e+09
5  17  7.7227e+08
5  18  1.2578e+09
5  19  1.11651e+09
5  20  9.09572e+08
5  21  7.54606e+08
5  22  6.90247e+08
5  23  9.21704e+08
5  24  9.53728e+08
5  25  9.44456e+08
5  26  8.20855e+08
5  27  7.89645e+08
5  28  9.12763e+08
5  29  8.3577e+08
5  30  6.90638e+08
5  31  6.57407e+08
5  32  6.60918e+08
5  33  6.85258e+08
5  34  8.53425e+08
5  35  8.10519e+08
5  36  8.63082e+08
5  37  9.25771e+08
5  38  1.1325e+09
5  39  1.20862e+09
5  40  1.36371e+09
5  41  1.63547e+09
5  42  1.42117e+09
5  43  1.14749e+09
5  44  1.29047e+09
5  45  1.37928e+09
5  46  1.59309e+09
5  47  1.39124e+09
5  48  1.43339e+09
5  49  1.42797e+09
5  50  1.67266e+09
6  0  1.27202e+09
6  1  1.65101e+09
6  2  1.70775e+09
6  3  1.52959e+09
6  4  1.52856e+09
6  5  1.89698e+09
6  6  1.80777e+09
6  7  1.90933e+09
6  8  1.81084e+09
6  9  1.76077e+09
6  10  1.73259e+09
6  11  1.80176e+09
6  12  1.49071e+09
6  13  1.63919e+09
6  14  1.78386e+09
6  15  1.50597e+09
6  16  1.24532e+09
6  17  9.85557e+08
6  18  1.18708e+09
6  19  1.14633e+09
6  20  8.30261e+08
6  21  7.4972e+08
6  22  7.93498e+08
6  23  1.05358e+09
6  24  1.20077e+09
6  25  1.10092e+09
6  26  1.01205e+09
6  27  9.44408e+08
6  28  1.06796e+09
6  29  1.1915e+09
6  30  8.44154e+08
6  31  8.05333e+08
6  32  8.01702e+08
6  33  8.86125e+08
6  34  8.66544e+08
6  35  8.95234e+08
6  36  1.02917e+09
6  37  1.25063e+09
6  38  1.18167e+09
6  39  1.39587e+09
6  40  1.53808e+09
6  41  1.6384e+09
6  42  1.49398e+09
6  43  1.4046e+09
6  44  1.38068e+09
6  45  1.48405e+09
6  46  1.7631e+09
6  47  1.70577e+09
6  48  1.41582e+09
6  49  1.43301e+09
6  50  1.63321e+09
7  0  1.30324e+09
7  1  1.75391e+09
7  2  2.07598e+09
7  3  1.75375e+09
7  4  1.70064e+09
7  5  1.63924e+09
7  6  1.8486e+09
7  7  2.03445e+09
7  8  1.94401e+09
7  9  1.91409e+09
7  10  1.9368e+09
7  11  1.7028e+09
7  12  1.79095e+09
7  13  1.6707e+09
7  14  1.73104e+09
7  15  1.53619e+09
7  16  1.21956e+09
7  17  1.13487e+09
7  18  1.27314e+09
7  19  1.04721e+09
7  20  9.15227e+08
7  21  7.8913e+08
7  22  8.24619e+08
7  23  1.26064e+09
7  24  1.45622e+09
7  25  1.36684e+09
7  26  1.09843e+09
7  27  1.27989e+09
7  28  1.28505e+09
7  29  1.19959e+09
7  30  9.70383e+08
7  31  9.37059e+08
7  32  9.79257e+08
7  33  9.86893e+08
7  34  9.14023e+08
7  35  1.08081e+09
7  36  1.12464e+09
7  37  1.15554e+09
7  38  1.29126e+09
7  39  1.25971e+09
7  40  1.59835e+09
7  41  1.55353e+09
7  42  1.48926e+09
7  43  1.35014e+09
7  44  1.44518e+09
7  45  1.57693e+09
7  46  1.61317e+09
7  47  1.65312e+09
7  48  1.36993e+09
7  49  1.6061e+09
7  50  1.73767e+09
8  0  1.60338e+09
8  1  2.00194e+09
8  2  1.85085e+09
8  3  1.74046e+09
8  4  1.70204e+09
8  5  1.73227e+09
8  6  2.02865e+09
8  7  1.98385e+09
8  8  2.01177e+09
8  9  1.94985e+09
8  10  2.01733e+09
8  11  2.03545e+09
8  12  2.02776e+09
8  13  1.70608e+09
8  14  1.81483e+09
8  15  1.64855e+09
8  16  1.50047e+09
8  17  1.12555e+09
8  18  1.27861e+09
8  19  9.61692e+08
8  20  9.705e+08
8  21  8.69655e+08
8  22  9.41399e+08
8  23  1.23023e+09
8  24  1.47512e+09
8  25  1.38343e+09
8  26  1.45236e+09
8  27  1.21632e+09
8  28  1.5682e+09
8  29  1.41918e+09
8  30  1.09183e+09
8  31  1.04972e+09
8  32  1.14264e+09
8  33  1.17375e+09
8  34  1.18346e+09
8  35  1.20874e+09
8  36  1.15564e+09
8  37  1.38449e+09
8  38  1.32546e+09
8  39  1.37985e+09
8  40  1.52563e+09
8  41  1.51359e+09
8  42  1.43102e+09
8  43  1.44458e+09
8  44  1.38633e+09
8  45  1.55444e+09
8  46  1.5046e+09
8  47  1.82952e+09
8  48  1.51836e+09
8  49  1.6482e+09
8  50  1.74843e+09
9  0  1.58785e+09
9  1  2.04837e+09
9  2  1.66913e+09
9  3  1.66828e+09
9  4  1.41775e+09
9  5  1.74845e+09
9  6  2.10697e+09
9  7  1.8075e+09
9  8  2.00646e+09
9  9  1.83437e+09
9  10  1.78208e+09
9  11  2.17885e+09
9  12  1.88376e+09
9  13  1.6893e+09
9  14  1.97049e+09
9  15  1.86157e+09
9  16  1.61477e+09
9  17  1.36935e+09
9  18  1.326e+09
9  19  1.11964e+09
9  20  1.19216e+09
9  21  1.11651e+09
9  22  9.25428e+08
9  23  1.29272e+09
9  24  1.35297e+09
9  25  1.62272e+09
9  26  1.37098e+09
9  27  1.36569e+09
9  28  1.66529e+09
9  29  1.5816e+09
9  30  1.28441e+09
9  31  1.2019e+09
9  32  1.32616e+09
9  33  1.34756e+09
9  34  1.21114e+09
9  35  1.38439e+09
9  36  1.25049e+09
9  37  1.32381e+09
9  38  1.28009e+09
9  39  1.33645e+09
9  40  1.59728e+09
9  41  1.52444e+09
9  42  1.41662e+09
9  43  1.53125e+09
9  44  1.3773e+09
9  45  1.52591e+09
9  46  1.53793e+09
9  47  1.58402e+09
9  48  1.55506e+09
9  49  1.51722e+09
9  50  1.8943e+09
10  0  1.63916e+09
10  1  2.09191e+09
10  2  1.84524e+09
10  3  1.70421e+09
10  4  1.84238e+09
10  5  1.74359e+09
10  6  2.19107e+09
10  7  2.06224e+09
10  8  2.06535e+09
10  9  1.96056e+09
10  10  1.81603e+09
10  11  2.23056e+09
10  12  2.00861e+09
10  13  1.54082e+09
10  14  1.68901e+09
10  15  1.57107e+09
10  16  1.59279e+09
10  17  1.35176e+09
10  18  1.4645e+09
10  19  1.16956e+09
10  20  1.10216e+09
10  21  1.03779e+09
10  22  1.09158e+09
10  23  1.24099e+09
10  24  1.40545e+09
10  25  1.67398e+09
10  26  1.40202e+09
10  27  1.52588e+09
10  28  1.67356e+09
10  29  1.42998e+09
10  30  1.38173e+09
10  31  1.39253e+09
10  32  1.4543e+09
10  33  1.53005e+09
10  34  1.2763e+09
10  35  1.38877e+09
10  36  1.27441e+09
10  37  1.42178e+09
10  38  1.35377e+09
10  39  1.231e+09
10  40  1.53397e+09
10  41  1.3476e+09
10  42  1.37174e+09
10  43  1.47546e+09
10  44  1.45795e+09
10  45  1.5953e+09
10  46  1.409e+09
10  47  1.66987e+09
10  48  1.47488e+09
10  49  1.5715e+09
10  50  1.91737e+09
11  0  1.80745e+09
11  1  1.97339e+09
11  2  1.74068e+09
11  3  1.5807e+09
11  4  1.77917e+09
11  5  1.67307e+09
11  6  2.02633e+09
11  7  1.96554e+09
11  8  2.28432e+09
11  9  1.77552e+09
11  10  1.92893e+09
11  11  2.19171e+09
11  12  1.77791e+09
11  13  1.55892e+09
11  14  1.86014e+09
11  15  1.74978e+09
11  16  1.63948e+09
11  17  1.61377e+09
11  18  1.55284e+09
11  19  1.17057e+09
11  20  1.18708e+09
11  21  1.127e+09
11  22  1.18331e+09
11  23  1.286e+09
11  24  1.32564e+09
11  25  1.48351e+09
11  26  1.56588e+09
11  27  1.63297e+09
11  28  1.57261e+09
11  29  1.33706e+09
11  30  1.36633e+09
11  31  1.40599e+09
11  32  1.50489e+09
11  33  1.61806e+09
11  34  1.48894e+09
11  35  1.55161e+09
11  36  1.44823e+09
11  37  1.57068e+09
11  38  1.39136e+09
11  39  1.424e+09
11  40  1.64077e+09
11  41  1.64959e+09
11  42  1.48701e+09
11  43  1.50509e+09
11  44  1.4338e+09
11  45  1.76639e+09
11  46  1.67653e+09
11  47  1.70766e+09
11  48  1.74888e+09
11  49  1.72923e+09
11  50  1.90126e+09
12  0  1.71303e+09
12  1  1.85924e+09
12  2  1.68916e+09
12  3  1.54478e+09
12  4  1.75367e+09
12  5  1.51135e+09
12  6  1.81855e+09
12  7  1.81743e+09
12  8  1.81021e+09
12  9  1.625e+09
12  10  2.11007e+09
12  11  2.23845e+09
12  12  1.73378e+09
12  13  1.04751e+09
12  14  1.92768e+09
12  15  1.71244e+09
12  16  1.56163e+09
12  17  1.64183e+09
12  18  1.39109e+09
12  19  1.24371e+09
12  20  1.29748e+09
12  21  1.19494e+09
12  22  1.21126e+09
12  23  1.26075e+09
12  24  1.25772e+09
12  25  1.36773e+09
12  26  1.57521e+09
12  27  1.48734e+09
12  28  1.68268e+09
12  29  1.39224e+09
12  30  1.51529e+09
12  31  1.44726e+09
12  32  1.67439e+09
12  33  1.79638e+09
12  34  1.50064e+09
12  35  1.67417e+09
12  36  1.50228e+09
12  37  1.54099e+09
12  38  1.23971e+09
12  39  1.30916e+09
12  40  1.65823e+09
12  41  1.36933e+09
12  42  1.41063e+09
12  43  1.43874e+09
12  44  1.50108e+09
12  45  1.53483e+09
12  46  1.62484e+09
12  47  1.7409e+09
12  48  1.5755e+09
12  49  2.00602e+09
12  50  1.9371e+09
13  0  1.5985e+09
13  1  1.58042e+09
13  2  1.59525e+09
13  3  1.46712e+09
13  4  1.66051e+09
13  5  1.70702e+09
13  6  1.68276e+09
13  7  1.60517e+09
13  8  1.78691e+09
13  9  1.74275e+09
13  10  2.3662e+09
13  11  2.54566e+09
13  12  1.71626e+09
13  13  1.23812e+09
13  14  1.59477e+09
13  15  1.80034e+09
13  16  1.67602e+09
13  17  1.6582e+09
13  18  1.45528e+09
13  19  1.3748e+09
13  20  1.23485e+09
13  21  1.25731e+09
13  22  1.30757e+09
13  23  1.14057e+09
13  24  1.33093e+09
13  25  1.39225e+09
13  26  1.46116e+09
13  27  1.53944e+09
13  28  1.5617e+09
13  29  1.49013e+09
13  30  1.37699e+09
13  31  1.74772e+09
13  32  1.79629e+09
13  33  1.59975e+09
13  34  1.6188e+09
13  35  1.59337e+09
13  36  1.72403e+09
13  37  1.5318e+09
13  38  1.21028e+09
13  39  1.36062e+09
13  40  1.53093e+09
13  41  1.44545e+09
13  42  1.52761e+09
13  43  1.35733e+09
13  44  1.47125e+09
13  45  1.61676e+09
13  46  1.68035e+09
13  47  1.57143e+09
13  48  1.59908e+09
13  49  1.80011e+09
13  50  2.12206e+09
14  0  1.69316e+09
14  1  1.74046e+09
14  2  1.5717e+09
14  3  1.55145e+09
14  4  1.54093e+09
14  5  1.7066e+09
14  6  1.76224e+09
14  7  1.68196e+09
14  8  1.77885e+09
14  9  1.8839e+09
14  10  2.32073e+09
14  11  2.7224e+09
14  12  2.20039e+09
14  13  1.47539e+09
14  14  1.82247e+09
14  15  1.62445e+09
14  16  1.70711e+09
14  17  2.05014e+09
14  18  1.45476e+09
14  19  1.32228e+09
14  20  1.30889e+09
14  21  1.24622e+09
14  22  1.39169e+09
14  23  1.42836e+09
14  24  1.43498e+09
14  25  1.46224e+09
14  26  1.48133e+09
14  27  1.56528e+09
14  28  1.49581e+09
14  29  1.67694e+09
14  30  1.54466e+09
14  31  1.50283e+09
14  32  1.65697e+09
14  33  1.93536e+09
14  34  1.60854e+09
14  35  1.61212e+09
14  36  1.74068e+09
14  37  1.57997e+09
14  38  1.10157e+09
14  39  1.23347e+09
14  40  1.41706e+09
14  41  1.35447e+09
14  42  1.32001e+09
14  43  1.41786e+09
14  44  1.58342e+09
14  45  1.53514e+09
14  46  1.71457e+09
14  47  1.58475e+09
14  48  1.75596e+09
14  49  1.6911e+09
14  50  2.08053e+09
15  0  1.64898e+09
15  1  1.52445e+09
15  2  1.68632e+09
15  3  1.41581e+09
15  4  1.52571e+09
15  5  1.65181e+09
15  6  1.65719e+09
15  7  1.67838e+09
15  8  1.79797e+09
15  9  1.88734e+09
15  10  2.66892e+09
15  11  3.12126e+09
15  12  2.08547e+09
15  13  1.70809e+09
15  14  1.86323e+09
15  15  1.69018e+09
15  16  1.79564e+09
15  17  1.85901e+09
15  18  1.79361e+09
15  19  1.31998e+09
15  20  1.41924e+09
15  21  1.42283e+09
15  22  1.40327e+09
15  23  1.44376e+09
15  24  1.26269e+09
15  25  1.36098e+09
15  26  1.33147e+09
15  27  1.25399e+09
15  28  1.58543e+09
15  29  1.34275e+09
15  30  1.46577e+09
15  31  1.8104e+09
15  32  1.6971e+09
15  33  1.7218e+09
15  34  1.66117e+09
15  35  1.81205e+09
15  36  1.74073e+09
15  37  1.60323e+09
15  38  1.22822e+09
15  39  1.22359e+09
15  40  1.38718e+09
15  41  1.57225e+09
15  42  1.33939e+09
15  43  1.21378e+09
15  44  1.57138e+09
15  45  1.42331e+09
15  46  1.38642e+09
15  47  1.47126e+09
15  48  1.65539e+09
15  49  1.92464e+09
15  50  1.95127e+09
16  0  1.63704e+09
16  1  1.83763e+09
16  2  1.49393e+09
16  3  1.55812e+09
16  4  1.73351e+09
16  5  1.70494e+09
16  6  1.56077e+09
16  7  1.8125e+09
16  8  1.79853e+09
16  9  1.91635e+09
16  10  2.80907e+09
16  11  3.33524e+09
16  12  2.29943e+09
16  13  1.98996e+09
16  14  1.98679e+09
16  15  1.70949e+09
16  16  1.79856e+09
16  17  1.79688e+09
16  18  1.70181e+09
16  19  1.50868e+09
16  20  1.58416e+09
16  21  1.47709e+09
16  22  1.44667e+09
16  23  1.26164e+09
16  24  1.30204e+09
16  25  1.40365e+09
16  26  1.27766e+09
16  27  1.3314e+09
16  28  1.4234e+09
16  29  1.31902e+09
16  30  1.26213e+09
16  31  1.73085e+09
16  32  1.77991e+09
16  33  1.84546e+09
16  34  1.60685e+09
16  35  1.6914e+09
16  36  1.76967e+09
16  37  1.40013e+09
16  38  1.23447e+09
16  39  1.15619e+09
16  40  1.36476e+09
16  41  1.29618e+09
16  42  1.43188e+09
16  43  1.34654e+09
16  44  1.38528e+09
16  45  1.49356e+09
16  46  1.44604e+09
16  47  1.83012e+09
16  48  1.59588e+09
16  49  1.74942e+09
16  50  2.08027e+09
17  0  1.84093e+09
17  1  1.8406e+09
17  2  1.68026e+09
17  3  1.57556e+09
17  4  1.55351e+09
17  5  1.71103e+09
17  6  1.6469e+09
17  7  1.74602e+09
17  8  2.00098e+09
17  9  1.98779e+09
17  10  3.06633e+09
17  11  3.55083e+09
17  12  2.73187e+09
17  13  1.95419e+09
17  14  2.01096e+09
17  15  1.77366e+09
17  16  2.04865e+09
17  17  1.71938e+09
17  18  1.83898e+09
17  19  1.77969e+09
17  20  1.78733e+09
17  21  1.58496e+09
17  22  1.46141e+09
17  23  1.31901e+09
17  24  1.45339e+09
17  25  1.3382e+09
17  26  1.16402e+09
17  27  1.21126e+09
17  28  1.40221e+09
17  29  1.35571e+09
17  30  1.38185e+09
17  31  1.62917e+09
17  32  1.77387e+09
17  33  1.57736e+09
17  34  1.71324e+09
17  35  1.44676e+09
17  36  1.67691e+09
17  37  1.55085e+09
17  38  1.32769e+09
17  39  1.34559e+09
17  40  1.20297e+09
17  41  1.41685e+09
17  42  1.47223e+09
17  43  1.18236e+09
17  44  1.40701e+09
17  45  1.60601e+09
17  46  1.54045e+09
17  47  1.63886e+09
17  48  1.61471e+09
17  49  1.83572e+09
17  50  1.85709e+09
18  0  1.8921e+09
18  1  1.69369e+09
18  2  1.73451e+09
18  3  1.58356e+09
18  4  1.63667e+09
18  5  1.72399e+09
18  6  1.64214e+09
18  7  1.96906e+09
18  8  2.34086e+09
18  9  2.1325e+09
18  10  3.29791e+09
18  11  3.70427e+09
18  12  3.22483e+09
18  13  2.17002e+09
18  14  1.79634e+09
18  15  1.92716e+09
18  16  2.078e+09
18  17  1.86467e+09
18  18  1.766e+09
18  19  1.78575e+09
18  20  1.75887e+09
18  21  2.04981e+09
18  22  1.71504e+09
18  23  1.3534e+09
18  24  1.42296e+09
18  25  1.32622e+09
18  26  1.34511e+09
18  27  1.1518e+09
18  28  1.42236e+09
18  29  1.42033e+09
18  30  1.19227e+09
18  31  1.34374e+09
18  32  1.6007e+09
18  33  1.60643e+09
18  34  1.38035e+09
18  35  1.41634e+09
18  36  1.47973e+09
18  37  1.47984e+09
18  38  1.27805e+09
18  39  1.30085e+09
18  40  1.16981e+09
18  41  1.24041e+09
18  42  1.31746e+09
18  43  1.31347e+09
18  44  1.29497e+09
18  45  1.48205e+09
18  46  1.5575e+09
18  47  1.72888e+09
18  48  1.49945e+09
18  49  1.63295e+09
18  50  1.95017e+09
19  0  1.82656e+09
19  1  1.66505e+09
19  2  1.68399e+09
19  3  1.81104e+09
19  4  1.74926e+09
19  5  1.87511e+09
19  6  1.63408e+09
19  7  2.13424e+09
19  8  2.19508e+09
19  9  2.09235e+09
19  10  3.43471e+09
19  11  4.19409e+09
19  12  3.31141e+09
19  13  2.45528e+09
19  14  2.18007e+09
19  15  1.89593e+09
19  16  1.82714e+09
19  17  1.71731e+09
19  18  1.83009e+09
19  19  1.89449e+09
19  20  1.79539e+09
19  21  1.76536e+09
19  22  1.95019e+09
19  23  1.5286e+09
19  24  1.31501e+09
19  25  1.45154e+09
19  26  1.32807e+09
19  27  1.3176e+09
19  28  1.50852e+09
19  29  1.28219e+09
19  30  1.43088e+09
19  31  1.52429e+09
19  32  1.43546e+09
19  33  1.50069e+09
19  34  1.35562e+09
19  35  1.34459e+09
19  36  1.30497e+09
19  37  1.2526e+09
19  38  1.27219e+09
19  39  1.21272e+09
19  40  1.09307e+09
19  41  1.2312e+09
19  42  1.30638e+09
19  43  1.13794e+09
19  44  1.37418e+09
19  45  1.41106e+09
19  46  1.59228e+09
19  47  1.55664e+09
19  48  1.51677e+09
19  49  1.83798e+09
19  50  1.99411e+09
20  0  1.93013e+09
20  1  1.638e+09
20  2  1.82609e+09
20  3  1.52688e+09
20  4  1.66446e+09
20  5  1.93772e+09
20  6  1.76247e+09
20  7  1.90555e+09
20  8  2.47231e+09
20  9  2.15803e+09
20  10  4.03103e+09
20  11  4.45588e+09
20  12  3.49259e+09
20  13  2.52225e+09
20  14  1.8856e+09
20  15  2.13402e+09
20  16  2.06926e+09
20  17  2.23414e+09
20  18  1.74971e+09
20  19  1.87293e+09
20  20  1.92627e+09
20  21  2.01488e+09
20  22  1.97754e+09
20  23  1.62575e+09
20  24  1.4732e+09
20  25  1.57837e+09
20  26  1.44217e+09
20  27  1.52301e+09
20  28  1.49123e+09
20  29  1.33356e+09
20  30  1.37089e+09
20  31  1.6864e+09
20  32  1.48623e+09
20  33  1.32365e+09
20  34  1.18074e+09
20  35  1.13735e+09
20  36  1.16386e+09
20  37  1.26537e+09
20  38  8.85759e+08
20  39  9.74438e+08
20  40  9.47127e+08
20  41  1.21439e+09
20  42  1.28633e+09
20  43  1.27866e+09
20  44  1.38298e+09
20  45  1.47231e+09
20  46  1.55449e+09
20  47  1.67299e+09
20  48  1.75117e+09
20  49  1.92047e+09
20  50  1.74323e+09
21  0  1.90075e+09
21  1  1.61551e+09
21  2  1.81787e+09
21  3  1.72053e+09
21  4  1.72722e+09
21  5  1.83657e+09
21  6  1.88256e+09
21  7  2.2873e+09
21  8  2.22979e+09
21  9  2.62945e+09
21  10  3.64372e+09
21  11  4.51381e+09
21  12  3.77695e+09
21  13  2.55067e+09
21  14  2.32581e+09
21  15  2.00183e+09
21  16  2.05571e+09
21  17  1.89608e+09
21  18  1.68437e+09
21  19  1.79171e+09
21  20  2.09342e+09
21  21  1.981e+09
21  22  2.14161e+09
21  23  1.51326e+09
21  24  1.60545e+09
21  25  1.80486e+09
21  26  1.49941e+09
21  27  1.35139e+09
21  28  1.4593e+09
21  29  1.40828e+09
21  30  1.36361e+09
21  31  1.48062e+09
21  32  1.63636e+09
21  33  1.21942e+09
21  34  1.19242e+09
21  35  9.56592e+08
21  36  1.00505e+09
21  37  8.78817e+08
21  38  9.77042e+08
21  39  9.5549e+08
21  40  1.00165e+09
21  41  9.96163e+08
21  42  1.23584e+09
21  43  1.06258e+09
21  44  1.30081e+09
21  45  1.45264e+09
21  46  1.53992e+09
21  47  1.46685e+09
21  48  1.66257e+09
21  49  2.03272e+09
21  50  1.9568e+09
22  0  1.88651e+09
22  1  1.35573e+09
22  2  1.55581e+09
22  3  1.54196e+09
22  4  1.8198e+09
22  5  1.93381e+09
22  6  1.8832e+09
22  7  1.96057e+09
22  8  2.3381e+09
22  9  2.34412e+09
22  10  3.13167e+09
22  11  4.35229e+09
22  12  3.33118e+09
22  13  2.42104e+09
22  14  2.30833e+09
22  15  2.21941e+09
22  16  2.13447e+09
22  17  2.2274e+09
22  18  1.8929e+09
22  19  2.04695e+09
22  20  2.23038e+09
22  21  1.91816e+09
22  22  2.08498e+09
22  23  1.50563e+09
22  24  1.94922e+09
22  25  1.71249e+09
22  26  1.6679e+09
22  27  1.41026e+09
22  28  1.33392e+09
22  29  1.32659e+09
22  30  1.45653e+09
22  31  1.59356e+09
22  32  1.87912e+09
22  33  1.51751e+09
22  34  1.16967e+09
22  35  1.13914e+09
22  36  9.75075e+08
22  37  8.39656e+08
22  38  8.32403e+08
22  39  7.76071e+08
22  40  8.93738e+08
22  41  9.30983e+08
22  42  1.20036e+09
22  43  1.10675e+09
22  44  1.08457e+09
22  45  1.37953e+09
22  46  1.51764e+09
22  47  1.59658e+09
22  48  1.77954e+09
22  49  2.02518e+09
22  50  1.9477e+09
23  0  1.7084e+09
23  1  1.47826e+09
23  2  1.70305e+09
23  3  1.61151e+09
23  4  1.8437e+09
23  5  1.92746e+09
23  6  1.97916e+09
23  7  2.14741e+09
23  8  2.35687e+09
23  9  2.09e+09
23  10  3.09515e+09
23  11  4.05411e+09
23  12  3.37449e+09
23  13  2.58306e+09
23  14  2.06469e+09
23  15  2.00738e+09
23  16  2.09311e+09
23  17  2.02783e+09
23  18  1.88416e+09
23  19  1.98842e+09
23  20  2.2777e+09
23  21  2.22123e+09
23  22  2.21786e+09
23  23  1.58743e+09
23  24  2.10102e+09
23  25  2.03787e+09
23  26  1.82872e+09
23  27  1.41037e+09
23  28  1.34787e+09
23  29  1.30772e+09
23  30  1.33054e+09
23  31  1.60545e+09
23  32  1.68807e+09
23  33  1.4677e+09
23  34  1.35452e+09
23  35  1.02507e+09
23  36  9.81266e+08
23  37  8.43329e+08
23  38  8.66653e+08
23  39  9.1308e+08
23  40  9.6118e+08
23  41  9.73095e+08
23  42  1.28427e+09
23  43  1.09072e+09
23  44  1.19233e+09
23  45  1.49561e+09
23  46  1.65631e+09
23  47  1.69964e+09
23  48  1.75956e+09
23  49  1.99303e+09
23  50  2.00606e+09
24  0  1.55366e+09
24  1  1.42862e+09
24  2  1.62026e+09
24  3  1.61266e+09
24  4  1.93282e+09
24  5  1.9927e+09
24  6  2.08735e+09
24  7  2.08414e+09
24  8  2.04198e+09
24  9  1.91766e+09
24  10  2.65364e+09
24  11  3.42135e+09
24  12  2.92343e+09
24  13  2.39845e+09
24  14  2.00875e+09
24  15  1.88057e+09
24  16  2.0812e+09
24  17  1.90248e+09
24  18  1.81636e+09
24  19  2.12638e+09
24  20  2.42997e+09
24  21  2.12934e+09
24  22  2.16433e+09
24  23  1.97285e+09
24  24  2.04284e+09
24  25  2.0977e+09
24  26  1.90963e+09
24  27  1.71593e+09
24  28  1.28336e+09
24  29  1.21204e+09
24  30  1.39715e+09
24  31  1.27291e+09
24  32  1.72186e+09
24  33  1.44221e+09
24  34  1.28857e+09
24  35  1.13935e+09
24  36  1.06291e+09
24  37  9.9595e+08
24  38  8.11088e+08
24  39  9.25862e+08
24  40  9.11669e+08
24  41  1.01537e+09
24  42  1.22351e+09
24  43  1.17574e+09
24  44  1.18917e+09
24  45  1.46869e+09
24  46  1.60533e+09
24  47  1.79176e+09
24  48  1.64567e+09
24  49  1.85552e+09
24  50  1.94819e+09
25  0  1.63374e+09
25  1  1.32392e+09
25  2  1.54465e+09
25  3  1.59262e+09
25  4  2.05657e+09
25  5  2.21102e+09
25  6  2.13012e+09
25  7  2.22248e+09
25  8  1.95553e+09
25  9  2.144e+09
25  10  2.62419e+09
25  11  2.95859e+09
25  12  2.8927e+09
25  13  2.45878e+09
25  14  2.25478e+09
25  15  2.00856e+09
25  16  2.11524e+09
25  17  2.23795e+09
25  18  1.71588e+09
25  19  2.16735e+09
25  20  2.09014e+09
25  21  2.06906e+09
25  22  2.04177e+09
25  23  1.80923e+09
25  24  2.23078e+09
25  25  2.1411e+09
25  26  2.17512e+09
25  27  1.58514e+09
25  28  1.18706e+09
25  29  1.11006e+09
25  30  1.39097e+09
25  31  1.44696e+09
25  32  1.54694e+09
25  33  1.45748e+09
25  34  1.55531e+09
25  35  1.1667e+09
25  36  1.14611e+09
25  37  1.01652e+09
25  38  8.54524e+08
25  39  9.3022e+08
25  40  1.20279e+09
25  41  1.04798e+09
25  42  1.21451e+09
25  43  1.30905e+09
25  44  1.28531e+09
25  45  1.61259e+09
25  46  1.72715e+09
25  47  1.56781e+09
25  48  1.64424e+09
25  49  1.91894e+09
25  50  1.6362e+09
26  0  1.63641e+09
26  1  1.32835e+09
26  2  1.79579e+09
26  3  1.87043e+09
26  4  2.09904e+09
26  5  2.22339e+09
26  6  2.23434e+09
26  7  2.4934e+09
26  8  2.14928e+09
26  9  2.13052e+09
26  10  2.72383e+09
26  11  2.99678e+09
26  12  3.06499e+09
26  13  2.43242e+09
26  14  2.06034e+09
26  15  1.9634e+09
26  16  2.15279e+09
26  17  2.25275e+09
26  18  2.00071e+09
26  19  2.32246e+09
26  20  2.16837e+09
26  21  2.10728e+09
26  22  2.16115e+09
26  23  1.87889e+09
26  24  2.2798e+09
26  25  2.42889e+09
26  26  2.07842e+09
26  27  1.9055e+09
26  28  1.36326e+09
26  29  1.23668e+09
26  30  1.47372e+09
26  31  1.58501e+09
26  32  1.728e+09
26  33  1.46582e+09
26  34  1.5707e+09
26  35  1.2695e+09
26  36  1.19807e+09
26  37  1.15802e+09
26  38  1.0194e+09
26  39  1.02244e+09
26  40  1.08678e+09
26  41  1.31175e+09
26  42  1.17568e+09
26  43  1.29209e+09
26  44  1.27931e+09
26  45  1.47507e+09
26  46  1.76017e+09
26  47  1.73757e+09
26  48  1.62326e+09
26  49  1.71095e+09
26  50  2.0577e+09
27  0  1.55403e+09
27  1  1.28137e+09
27  2  1.61117e+09
27  3  1.96352e+09
27  4  2.00132e+09
27  5  2.15826e+09
27  6  2.14379e+09
27  7  2.42111e+09
27  8  2.19089e+09
27  9  2.10454e+09
27  10  2.95949e+09
27  11  2.76925e+09
27  12  3.04213e+09
27  13  2.68577e+09
27  14  1.97927e+09
27  15  1.96022e+09
27  16  1.97557e+09
27  17  2.02707e+09
27  18  1.90405e+09
27  19  2.39368e+09
27  20  2.23087e+09
27  21  2.54807e+09
27  22  2.31774e+09
27  23  2.05275e+09
27  24  2.25575e+09
27  25  2.27934e+09
27  26  2.20309e+09
27  27  2.11866e+09
27  28  1.2512e+09
27  29  1.31075e+09
27  30  1.51014e+09
27  31  1.63572e+09
27  32  1.70069e+09
27  33  1.77843e+09
27  34  1.67926e+09
27  35  1.51261e+09
27  36  1.39592e+09
27  37  1.18849e+09
27  38  1.12465e+09
27  39  1.32323e+09
27  40  1.17981e+09
27  41  1.21445e+09
27  42  1.32208e+09
27  43  1.45747e+09
27  44  1.31052e+09
27  45  1.77182e+09
27  46  1.69653e+09
27  47  1.61094e+09
27  48  1.38563e+09
27  49  1.81259e+09
27  50  1.83438e+09
28  0  1.43871e+09
28  1  1.39922e+09
28  2  1.65868e+09
28  3  1.90383e+09
28  4  2.0996e+09
28  5  2.05133e+09
28  6  2.4461e+09
28  7  2.23738e+09
28  8  2.2165e+09
28  9  2.11189e+09
28  10  2.49924e+09
28  11  2.85324e+09
28  12  2.92512e+09
28  13  2.46518e+09
28  14  2.13599e+09
28  15  1.7654e+09
28  16  1.84591e+09
28  17  2.0213e+09
28  18  1.81945e+09
28  19  2.37374e+09
28  20  2.14933e+09
28  21  2.33343e+09
28  22  2.3571e+09
28  23  2.16766e+09
28  24  2.21588e+09
28  25  2.15737e+09
28  26  2.53296e+09
28  27  2.08124e+09
28  28  1.42876e+09
28  29  1.1908e+09
28  30  1.46783e+09
28  31  1.52599e+09
28  32  1.86578e+09
28  33  1.73672e+09
28  34  1.73385e+09
28  35  1.47751e+09
28  36  1.40693e+09
28  37  1.34882e+09
28  38  1.17596e+09
28  39  1.46981e+09
28  40  1.40206e+09
28  41  1.40847e+09
28  42  1.48686e+09
28  43  1.6871e+09
28  44  1.43661e+09
28  45  1.70371e+09
28  46  1.68689e+09
28  47  1.62762e+09
28  48  1.6689e+09
28  49  1.54118e+09
28  50  1.80402e+09
29  0  1.5656e+09
29  1  1.64649e+09
29  2  1.87225e+09
29  3  2.08511e+09
29  4  2.02682e+09
29  5  2.2678e+09
29  6  2.05735e+09
29  7  2.44061e+09
29  8  2.06403e+09
29  9  2.19805e+09
29  10  2.72434e+09
29  11  2.81453e+09
29  12  3.09692e+09
29  13  2.28553e+09
29  14  2.08413e+09
29  15  1.93618e+09
29  16  1.98281e+09
29  17  2.13818e+09
29  18  2.11018e+09
29  19  2.15934e+09
29  20  2.10991e+09
29  21  2.2617e+09
29  22  2.41502e+09
29  23  2.04778e+09
29  24  2.26343e+09
29  25  2.39338e+09
29  26  2.71635e+09
29  27  2.14538e+09
29  28  1.36478e+09
29  29  1.2002e+09
29  30  1.49446e+09
29  31  1.67151e+09
29  32  1.71067e+09
29  33  1.66235e+09
29  34  1.7472e+09
29  35  1.49286e+09
29  36  1.52656e+09
29  37  1.66356e+09
29  38  1.36007e+09
29  39  1.61884e+09
29  40  1.44527e+09
29  41  1.48453e+09
29  42  1.64917e+09
29  43  1.87267e+09
29  44  1.62797e+09
29  45  1.78076e+09
29  46  1.88235e+09
29  47  1.62411e+09
29  48  1.62908e+09
29  49  1.70409e+09
29  50  1.82744e+09
30  0  1.74044e+09
30  1  1.65362e+09
30  2  1.9713e+09
30  3  2.18891e+09
30  4  2.15885e+09
30  5  2.08101e+09
30  6  2.17371e+09
30  7  2.53757e+09
30  8  1.97937e+09
30  9  2.29157e+09
30  10  2.43935e+09
30  11  2.7464e+09
30  12  2.77506e+09
30  13  2.4173e+09
30  14  2.07209e+09
30  15  1.93499e+09
30  16  1.96326e+09
30  17  2.2157e+09
30  18  2.06161e+09
30  19  2.56425e+09
30  20  2.27379e+09
30  21  2.39933e+09
30  22  2.21683e+09
30  23  2.3608e+09
30  24  2.41722e+09
30  25  2.40101e+09
30  26  2.7939e+09
30  27  2.62431e+09
30  28  1.4353e+09
30  29  1.36125e+09
30  30  1.47542e+09
30  31  1.78094e+09
30  32  1.69975e+09
30  33  1.53654e+09
30  34  1.87473e+09
30  35  1.72151e+09
30  36  1.83036e+09
30  37  1.69475e+09
30  38  1.46175e+09
30  39  1.67046e+09
30  40  1.66972e+09
30  41  1.63105e+09
30  42  1.67915e+09
30  43  2.00817e+09
30  44  1.79763e+09
30  45  1.8523e+09
30  46  1.79121e+09
30  47  1.84714e+09
30  48  1.5619e+09
30  49  1.5637e+09
30  50  1.76246e+09
31  0  1.41692e+09
31  1  1.54818e+09
31  2  1.94127e+09
31  3  2.10489e+09
31  4  1.95375e+09
31  5  2.29459e+09
31  6  2.45759e+09
31  7  2.41927e+09
31  8  2.33406e+09
31  9  2.40814e+09
31  10  2.28613e+09
31  11  2.77221e+09
31  12  2.87466e+09
31  13  2.38626e+09
31  14  2.04143e+09
31  15  1.69907e+09
31  16  1.92624e+09
31  17  2.36263e+09
31  18  2.2458e+09
31  19  2.4286e+09
31  20  2.34748e+09
31  21  2.41772e+09
31  22  2.35683e+09
31  23  2.08989e+09
31  24  2.1254e+09
31  25  2.67478e+09
31  26  3.25785e+09
31  27  2.29062e+09
31  28  1.47667e+09
31  29  1.39293e+09
31  30  1.84621e+09
31  31  1.88249e+09
31  32  1.94452e+09
31  33  1.72365e+09
31  34  1.63759e+09
31  35  1.70595e+09
31  36  1.87201e+09
31  37  1.82408e+09
31  38  1.60715e+09
31  39  1.80871e+09
31  40  1.4711e+09
31  41  1.69457e+09
31  42  1.71847e+09
31  43  1.70199e+09
31  44  1.83129e+09
31  45  1.83432e+09
31  46  1.92929e+09
31  47  1.66736e+09
31  48  1.44548e+09
31  49  1.59227e+09
31  50  1.8328e+09
32  0  1.81526e+09
32  1  1.52585e+09
32  2  1.90747e+09
32  3  2.21927e+09
32  4  2.0734e+09
32  5  2.15848e+09
32  6  2.28818e+09
32  7  2.39418e+09
32  8  2.32091e+09
32  9  2.42913e+09
32  10  2.31687e+09
32  11  2.79995e+09
32  12  2.88356e+09
32  13  2.21811e+09
32  14  1.99637e+09
32  15  1.78442e+09
32  16  1.96475e+09
32  17  2.07033e+09
32  18  2.06669e+09
32  19  2.29485e+09
32  20  2.07426e+09
32  21  2.20026e+09
32  22  2.06263e+09
32  23  2.24373e+09
32  24  2.18741e+09
32  25  2.75512e+09
32  26  3.16609e+09
32  27  2.74402e+09
32  28  1.69969e+09
32  29  1.66242e+09
32  30  1.83481e+09
32  31  1.79528e+09
32  32  1.9322e+09
32  33  1.84649e+09
32  34  1.74877e+09
32  35  1.90945e+09
32  36  1.90084e+09
32  37  2.02812e+09
32  38  1.79534e+09
32  39  1.67933e+09
32  40  1.45173e+09
32  41  1.34263e+09
32  42  1.54576e+09
32  43  1.86914e+09
32  44  1.99893e+09
32  45  1.90579e+09
32  46  1.82422e+09
32  47  1.93484e+09
32  48  1.591e+09
32  49  1.7036e+09
32  50  2.01213e+09
33  0  1.86055e+09
33  1  1.58076e+09
33  2  1.91724e+09
33  3  2.05826e+09
33  4  2.25487e+09
33  5  2.28997e+09
33  6  2.19914e+09
33  7  2.18372e+09
33  8  2.14968e+09
33  9  2.00359e+09
33  10  2.24184e+09
33  11  2.7628e+09
33  12  2.54888e+09
33  13  2.47242e+09
33  14  1.84944e+09
33  15  1.90461e+09
33  16  2.13981e+09
33  17  1.90428e+09
33  18  2.22433e+09
33  19  2.08801e+09
33  20  2.19716e+09
33  21  2.20966e+09
33  22  2.30254e+09
33  23  2.18552e+09
33  24  2.27425e+09
33  25  2.54269e+09
33  26  3.09301e+09
33  27  2.50889e+09
33  28  1.6223e+09
33  29  1.63175e+09
33  30  1.84138e+09
33  31  2.16001e+09
33  32  1.86102e+09
33  33  1.76812e+09
33  34  1.73704e+09
33  35  1.73734e+09
33  36  2.18126e+09
33  37  2.05044e+09
33  38  1.73198e+09
33  39  1.88863e+09
33  40  1.71433e+09
33  41  1.65124e+09
33  42  1.60928e+09
33  43  2.16028e+09
33  44  1.99142e+09
33  45  2.00341e+09
33  46  2.02379e+09
33  47  1.81847e+09
33  48  1.71756e+09
33  49  1.70754e+09
33  50  1.67259e+09
34  0  2.0326e+09
34  1  1.69604e+09
34  2  1.67129e+09
34  3  2.28506e+09
34  4  2.22519e+09
34  5  2.35965e+09
34  6  2.1531e+09
34  7  2.40783e+09
34  8  2.32717e+09
34  9  2.16026e+09
34  10  2.27878e+09
34  11  2.82904e+09
34  12  2.63483e+09
34  13  2.18755e+09
34  14  2.0532e+09
34  15  1.68934e+09
34  16  1.96777e+09
34  17  2.13096e+09
34  18  2.17568e+09
34  19  1.91013e+09
34  20  2.26674e+09
34  21  2.46147e+09
34  22  2.292e+09
34  23  1.99692e+09
34  24  2.38548e+09
34  25  2.67801e+09
34  26  2.76402e+09
34  27  2.72475e+09
34  28  1.69925e+09
34  29  1.63721e+09
34  30  2.02365e+09
34  31  1.99378e+09
34  32  2.0427e+09
34  33  1.93387e+09
34  34  1.82606e+09
34  35  1.89081e+09
34  36  2.1083e+09
34  37  2.19317e+09
34  38  1.90252e+09
34  39  1.97406e+09
34  40  1.77337e+09
34  41  1.6715e+09
34  42  1.58217e+09
34  43  2.06592e+09
34  44  1.93781e+09
34  45  2.01038e+09
34  46  2.17024e+09
34  47  2.05375e+09
34  48  1.8863e+09
34  49  1.67762e+09
34  50  1.92336e+09
35  0  2.06967e+09
35  1  1.71039e+09
35  2  1.8355e+09
35  3  2.16077e+09
35  4  2.30056e+09
35  5  2.19338e+09
35  6  2.39558e+09
35  7  2.30817e+09
35  8  2.5308e+09
35  9  2.53904e+09
35  10  2.10782e+09
35  11  3.04429e+09
35  12  2.53519e+09
35  13  2.12636e+09
35  14  1.51922e+09
35  15  1.70156e+09
35  16  1.76016e+09
35  17  2.00055e+09
35  18  2.08532e+09
35  19  2.04119e+09
35  20  1.90332e+09
35  21  2.1244e+09
35  22  2.17559e+09
35  23  2.26204e+09
35  24  2.23877e+09
35  25  2.85479e+09
35  26  2.93267e+09
35  27  2.54593e+09
35  28  1.78375e+09
35  29  1.7399e+09
35  30  2.13577e+09
35  31  2.07497e+09
35  32  1.97978e+09
35  33  1.82923e+09
35  34  1.77777e+09
35  35  1.79677e+09
35  36  1.92605e+09
35  37  1.98929e+09
35  38  1.80464e+09
35  39  1.96304e+09
35  40  1.75807e+09
35  41  1.73635e+09
35  42  1.58164e+09
35  43  1.84696e+09
35  44  1.86301e+09
35  45  2.20344e+09
35  46  1.79323e+09
35  47  2.13303e+09
35  48  1.79645e+09
35  49  1.8183e+09
35  50  2.05187e+09
36  0  1.80784e+09
36  1  1.52467e+09
36  2  1.8582e+09
36  3  2.21488e+09
36  4  2.68168e+09
36  5  2.16838e+09
36  6  2.35009e+09
36  7  2.24059e+09
36  8  2.57613e+09
36  9  2.27791e+09
36  10  2.11354e+09
36  11  2.50077e+09
36  12  2.84292e+09
36  13  2.33929e+09
36  14  1.85773e+09
36  15  1.42906e+09
36  16  1.80575e+09
36  17  1.81635e+09
36  18  2.04662e+09
36  19  2.10656e+09
36  20  2.14668e+09
36  21  2.28639e+09
36  22  2.18956e+09
36  23  2.09231e+09
36  24  2.22147e+09
36  25  2.8037e+09
36  26  3.12854e+09
36  27  2.36944e+09
36  28  1.7026e+09
36  29  1.82508e+09
36  30  1.99877e+09
36  31  2.29522e+09
36  32  2.48467e+09
36  33  2.29895e+09
36  34  1.67557e+09
36  35  1.76747e+09
36  36  2.11866e+09
36  37  2.11292e+09
36  38  1.98866e+09
36  39  2.02096e+09
36  40  1.83155e+09
36  41  1.77101e+09
36  42  1.61476e+09
36  43  1.80493e+09
36  44  1.7585e+09
36  45  2.24629e+09
36  46  2.04261e+09
36  47  2.28211e+09
36  48  2.02944e+09
36  49  1.91091e+09
36  50  2.04802e+09
37  0  1.53071e+09
37  1  1.65597e+09
37  2  2.1303e+09
37  3  2.40964e+09
37  4  2.77881e+09
37  5  2.23086e+09
37  6  2.55921e+09
37  7  2.48035e+09
37  8  2.55493e+09
37  9  2.68115e+09
37  10  2.44514e+09
37  11  2.35653e+09
37  12  2.64537e+09
37  13  2.08348e+09
37  14  1.69825e+09
37  15  1.48324e+09
37  16  1.73862e+09
37  17  1.81779e+09
37  18  1.78119e+09
37  19  2.39077e+09
37  20  2.23601e+09
37  21  2.47783e+09
37  22  2.19111e+09
37  23  2.22872e+09
37  24  2.43421e+09
37  25  3.04072e+09
37  26  2.78238e+09
37  27  2.42525e+09
37  28  1.60089e+09
37  29  1.99731e+09
37  30  2.17019e+09
37  31  2.30515e+09
37  32  2.39806e+09
37  33  2.01248e+09
37  34  2.00461e+09
37  35  1.86052e+09
37  36  1.89923e+09
37  37  2.08077e+09
37  38  1.97618e+09
37  39  1.77651e+09
37  40  2.01304e+09
37  41  1.90188e+09
37  42  1.66336e+09
37  43  1.99957e+09
37  44  1.90264e+09
37  45  2.08901e+09
37  46  2.06544e+09
37  47  2.18525e+09
37  48  2.02117e+09
37  49  1.90929e+09
37  50  2.19473e+09
38  0  1.84066e+09
38  1  1.80941e+09
38  2  2.09223e+09
38  3  1.99925e+09
38  4  2.58577e+09
38  5  2.34232e+09
38  6  2.52875e+09
38  7  2.58665e+09
38  8  2.56755e+09
38  9  2.33099e+09
38  10  2.2354e+09
38  11  2.44664e+09
38  12  2.84817e+09
38  13  1.98127e+09
38  14  1.64272e+09
38  15  1.5236e+09
38  16  1.7338e+09
38  17  1.77311e+09
38  18  1.73315e+09
38  19  2.02293e+09
38  20  2.32271e+09
38  21  2.17476e+09
38  22  2.07945e+09
38  23  2.18055e+09
38  24  2.63126e+09
38  25  2.95032e+09
38  26  2.74973e+09
38  27  2.04462e+09
38  28  2.0642e+09
38  29  1.97619e+09
38  30  1.9374e+09
38  31  2.12414e+09
38  32  2.22242e+09
38  33  2.19139e+09
38  34  1.99469e+09
38  35  1.87222e+09
38  36  2.04789e+09
38  37  2.28788e+09
38  38  1.97281e+09
38  39  1.94553e+09
38  40  2.00264e+09
38  41  1.97487e+09
38  42  1.7927e+09
38  43  1.85848e+09
38  44  1.79116e+09
38  45  2.0355e+09
38  46  2.0307e+09
38  47  2.13488e+09
38  48  2.10532e+09
38  49  1.90479e+09
38  50  2.03091e+09
39  0  1.63372e+09
39  1  1.86416e+09
39  2  2.13604e+09
39  3  1.92488e+09
39  4  2.34852e+09
39  5  2.49724e+09
39  6  2.49993e+09
39  7  2.64165e+09
39  8  2.74183e+09
39  9  2.44849e+09
39  10  2.22169e+09
39  11  2.5261e+09
39  12  2.40301e+09
39  13  2.00917e+09
39  14  1.60714e+09
39  15  1.6316e+09
39  16  1.74384e+09
39  17  1.91195e+09
39  18  2.16533e+09
39  19  2.04626e+09
39  20  2.03089e+09
39  21  1.98053e+09
39  22  2.30495e+09
39  23  2.29458e+09
39  24  2.68178e+09
39  25  2.38945e+09
39  26  2.55202e+09
39  27  1.82568e+09
39  28  1.77169e+09
39  29  2.25782e+09
39  30  2.03983e+09
39  31  2.30769e+09
39  32  2.38929e+09
39  33  2.0832e+09
39  34  1.79438e+09
39  35  1.96947e+09
39  36  2.26178e+09
39  37  2.48354e+09
39  38  2.10066e+09
39  39  1.91046e+09
39  40  2.05531e+09
39  41  1.87055e+09
39  42  2.05864e+09
39  43  1.93753e+09
39  44  1.82103e+09
39  45  2.1979e+09
39  46  2.12993e+09
39  47  1.85909e+09
39  48  1.79433e+09
39  49  2.17716e+09
39  50  2.13952e+09
40  0  1.79851e+09
40  1  1.95106e+09
40  2  1.95068e+09
40  3  2.48392e+09
40  4  2.44192e+09
40  5  2.39408e+09
40  6  2.47118e+09
40  7  2.8493e+09
40  8  2.47312e+09
40  9  2.33772e+09
40  10  2.27838e+09
40  11  2.26209e+09
40  12  2.92122e+09
40  13  2.30226e+09
40  14  1.79786e+09
40  15  1.64126e+09
40  16  1.77852e+09
40  17  1.95087e+09
40  18  2.12316e+09
40  19  2.06603e+09
40  20  2.04807e+09
40  21  2.3555e+09
40  22  2.45267e+09
40  23  2.32619e+09
40  24  2.87074e+09
40  25  3.13568e+09
40  26  2.54549e+09
40  27  2.48179e+09
40  28  1.80442e+09
40  29  2.00102e+09
40  30  2.14882e+09
40  31  2.15125e+09
40  32  2.36445e+09
40  33  2.24128e+09
40  34  2.05186e+09
40  35  2.10029e+09
40  36  2.11751e+09
40  37  2.28246e+09
40  38  2.19129e+09
40  39  2.18369e+09
40  40  1.99503e+09
40  41  1.98802e+09
40  42  1.64424e+09
40  43  2.17471e+09
40  44  1.8777e+09
40  45  1.99256e+09
40  46  1.83984e+09
40  47  1.93354e+09
40  48  2.03398e+09
40  49  1.76631e+09
40  50  2.01366e+09
41  0  1.70349e+09
41  1  2.15036e+09
41  2  1.94033e+09
41  3  2.13465e+09
41  4  2.29338e+09
41  5  2.17077e+09
41  6  2.68854e+09
41  7  2.80312e+09
41  8  2.43852e+09
41  9  2.66818e+09
41  10  2.34676e+09
41  11  2.32389e+09
41  12  2.61498e+09
41  13  2.14173e+09
41  14  1.68851e+09
41  15  1.59508e+09
41  16  1.46346e+09
41  17  1.75244e+09
41  18  1.86777e+09
41  19  2.14343e+09
41  20  2.27377e+09
41  21  2.2481e+09
41  22  2.2476e+09
41  23  2.43219e+09
41  24  2.65752e+09
41  25  2.68949e+09
41  26  2.68361e+09
41  27  2.18919e+09
41  28  1.75398e+09
41  29  2.23182e+09
41  30  2.28655e+09
41  31  2.45727e+09
41  32  2.3948e+09
41  33  2.34051e+09
41  34  2.14628e+09
41  35  2.07784e+09
41  36  2.25239e+09
41  37  2.36478e+09
41  38  2.16139e+09
41  39  2.03947e+09
41  40  2.26688e+09
41  41  2.02521e+09
41  42  1.84987e+09
41  43  2.06591e+09
41  44  2.05703e+09
41  45  2.28764e+09
41  46  2.38732e+09
41  47  2.16944e+09
41  48  1.9245e+09
41  49  1.68528e+09
41  50  1.9032e+09
42  0  1.7961e+09
42  1  1.9566e+09
42  2  1.96473e+09
42  3  2.12558e+09
42  4  2.47816e+09
42  5  2.24689e+09
42  6  2.34422e+09
42  7  2.85936e+09
42  8  2.75961e+09
42  9  2.45942e+09
42  10  2.30511e+09
42  11  2.08735e+09
42  12  2.38654e+09
42  13  2.4163e+09
42  14  1.69662e+09
42  15  1.70967e+09
42  16  1.5418e+09
42  17  1.68716e+09
42  18  1.7244e+09
42  19  2.14466e+09
42  20  2.06653e+09
42  21  2.20888e+09
42  22  1.96209e+09
42  23  2.61557e+09
42  24  2.94955e+09
42  25  2.50867e+09
42  26  2.84507e+09
42  27  2.33206e+09
42  28  2.20675e+09
42  29  2.18303e+09
42  30  2.18245e+09
42  31  2.38035e+09
42  32  2.33898e+09
42  33  2.42836e+09
42  34  2.12604e+09
42  35  2.19704e+09
42  36  2.27125e+09
42  37  2.23989e+09
42  38  2.26155e+09
42  39  2.20967e+09
42  40  2.16301e+09
42  41  2.10904e+09
42  42  2.13638e+09
42  43  2.24989e+09
42  44  2.06735e+09
42  45  2.42442e+09
42  46  2.26492e+09
42  47  2.15233e+09
42  48  1.88067e+09
42  49  1.89178e+09
42  50  2.13364e+09
43  0  1.80579e+09
43  1  2.24761e+09
43  2  2.0759e+09
43  3  2.13938e+09
43  4  2.32569e+09
43  5  2.467e+09
43  6  2.61975e+09
43  7  2.94891e+09
43  8  2.71708e+09
43  9  2.74233e+09
43  10  2.26048e+09
43  11  2.13155e+09
43  12  2.43082e+09
43  13  1.99404e+09
43  14  1.80598e+09
43  15  1.46705e+09
43  16  1.50549e+09
43  17  1.8195e+09
43  18  2.02533e+09
43  19  2.12713e+09
43  20  2.33641e+09
43  21  2.18442e+09
43  22  2.00494e+09
43  23  2.55424e+09
43  24  3.04207e+09
43  25  2.73206e+09
43  26  2.69576e+09
43  27  2.07273e+09
43  28  2.36219e+09
43  29  2.23843e+09
43  30  2.22983e+09
43  31  2.4103e+09
43  32  2.42967e+09
43  33  2.2591e+09
43  34  2.54284e+09
43  35  2.31723e+09
43  36  2.0683e+09
43  37  2.2961e+09
43  38  1.99743e+09
43  39  2.05427e+09
43  40  2.16936e+09
43  41  2.08835e+09
43  42  1.91929e+09
43  43  2.01562e+09
43  44  2.18974e+09
43  45  2.28603e+09
43  46  2.46408e+09
43  47  2.12215e+09
43  48  2.19276e+09
43  49  1.84772e+09
43  50  1.89177e+09
44  0  1.76164e+09
44  1  2.10538e+09
44  2  1.8829e+09
44  3  2.07907e+09
44  4  2.39494e+09
44  5  2.18238e+09
44  6  2.39774e+09
44  7  2.93795e+09
44  8  2.77223e+09
44  9  2.51356e+09
44  10  2.1656e+09
44  11  2.11014e+09
44  12  2.37339e+09
44  13  2.17343e+09
44  14  1.76447e+09
44  15  1.408e+09
44  16  1.38359e+09
44  17  1.61937e+09
44  18  1.91669e+09
44  19  2.05699e+09
44  20  2.239e+09
44  21  2.49327e+09
44  22  2.31542e+09
44  23  2.41734e+09
44  24  2.71342e+09
44  25  3.11336e+09
44  26  2.43609e+09
44  27  2.484e+09
44  28  2.31091e+09
44  29  2.44564e+09
44  30  2.48824e+09
44  31  2.28618e+09
44  32  2.38028e+09
44  33  2.56659e+09
44  34  2.25507e+09
44  35  2.03715e+09
44  36  2.25242e+09
44  37  2.04138e+09
44  38  2.06798e+09
44  39  2.18552e+09
44  40  2.15666e+09
44  41  2.02032e+09
44  42  1.91837e+09
44  43  2.21249e+09
44  44  2.11349e+09
44  45  2.24758e+09
44  46  2.18727e+09
44  47  2.28911e+09
44  48  2.0648e+09
44  49  1.93075e+09
44  50  2.03275e+09
45  0  1.56764e+09
45  1  1.90228e+09
45  2  1.85424e+09
45  3  2.16718e+09
45  4  2.2773e+09
45  5  2.0298e+09
45  6  2.48528e+09
45  7  2.70411e+09
45  8  2.74491e+09
45  9  2.65386e+09
45  10  1.97624e+09
45  11  2.15668e+09
45  12  2.30964e+09
45  13  2.0948e+09
45  14  1.60559e+09
45  15  1.42582e+09
45  16  1.34486e+09
45  17  1.55778e+09
45  18  2.0304e+09
45  19  2.31558e+09
45  20  2.49236e+09
45  21  2.48618e+09
45  22  2.19056e+09
45  23  2.6321e+09
45  24  3.0266e+09
45  25  2.66395e+09
45  26  2.80503e+09
45  27  2.42653e+09
45  28  2.04895e+09
45  29  2.25481e+09
45  30  2.63384e+09
45  31  2.19671e+09
45  32  2.88509e+09
45  33  2.19485e+09
45  34  2.39397e+09
45  35  2.18316e+09
45  36  2.31766e+09
45  37  2.19199e+09
45  38  2.05414e+09
45  39  2.23709e+09
45  40  2.28488e+09
45  41  2.03707e+09
45  42  2.09735e+09
45  43  1.83288e+09
45  44  2.23123e+09
45  45  2.35063e+09
45  46  2.06717e+09
45  47  2.2122e+09
45  48  2.00569e+09
45  49  2.01575e+09
45  50  2.45784e+09
46  0  1.56729e+09
46  1  1.89544e+09
46  2  1.91009e+09
46  3  1.97381e+09
46  4  2.28991e+09
46  5  1.96113e+09
46  6  2.73872e+09
46  7  2.66554e+09
46  8  2.488e+09
46  9  2.45316e+09
46  10  2.09297e+09
46  11  1.7949e+09
46  12  1.9177e+09
46  13  2.37525e+09
46  14  1.85949e+09
46  15  1.31711e+09
46  16  1.51621e+09
46  17  1.34761e+09
46  18  1.87527e+09
46  19  2.56567e+09
46  20  2.35952e+09
46  21  2.40913e+09
46  22  2.55139e+09
46  23  2.46267e+09
46  24  2.83427e+09
46  25  2.87782e+09
46  26  2.53491e+09
46  27  2.39507e+09
46  28  2.27918e+09
46  29  2.44759e+09
46  30  2.32293e+09
46  31  2.54464e+09
46  32  2.56772e+09
46  33  2.24632e+09
46  34  2.58912e+09
46  35  2.10939e+09
46  36  2.10392e+09
46  37  2.12222e+09
46  38  2.19318e+09
46  39  2.27867e+09
46  40  2.02463e+09
46  41  2.14319e+09
46  42  1.84493e+09
46  43  2.16802e+09
46  44  2.19102e+09
46  45  2.05907e+09
46  46  1.89029e+09
46  47  2.17813e+09
46  48  2.16057e+09
46  49  2.13706e+09
46  50  2.25026e+09
47  0  1.39139e+09
47  1  1.98561e+09
47  2  1.76588e+09
47  3  2.02608e+09
47  4  2.12586e+09
47  5  2.01096e+09
47  6  2.32337e+09
47  7  2.57629e+09
47  8  2.44495e+09
47  9  2.18601e+09
47  10  1.94216e+09
47  11  1.89162e+09
47  12  2.12792e+09
47  13  2.37738e+09
47  14  2.08251e+09
47  15  1.73606e+09
47  16  1.41003e+09
47  17  1.56838e+09
47  18  2.07649e+09
47  19  2.66836e+09
47  20  2.4183e+09
47  21  2.74887e+09
47  22  2.37036e+09
47  23  2.8187e+09
47  24  2.83022e+09
47  25  2.73875e+09
47  26  2.80339e+09
47  27  2.60133e+09
47  28  2.50851e+09
47  29  2.47926e+09
47  30  2.08055e+09
47  31  2.31437e+09
47  32  2.4396e+09
47  33  2.12223e+09
47  34  2.42236e+09
47  35  2.42755e+09
47  36  2.06577e+09
47  37  2.13899e+09
47  38  2.09409e+09
47  39  2.27147e+09
47  40  2.32246e+09
47  41  2.37998e+09
47  42  2.04533e+09
47  43  2.19554e+09
47  44  1.9576e+09
47  45  2.09527e+09
47  46  2.3069e+09
47  47  2.06703e+09
47  48  2.00996e+09
47  49  2.07056e+09
47  50  2.3017e+09
48  0  1.27998e+09
48  1  1.68812e+09
48  2  1.72089e+09
48  3  1.84169e+09
48  4  1.78312e+09
48  5  1.92597e+09
48  6  1.91551e+09
48  7  2.6132e+09
48  8  2.31012e+09
48  9  2.36646e+09
48  10  2.25892e+09
48  11  1.92951e+09
48  12  2.43034e+09
48  13  2.32878e+09
48  14  2.24703e+09
48  15  1.82884e+09
48  16  1.39043e+09
48  17  1.50285e+09
48  18  1.88929e+09
48  19  2.3924e+09
48  20  2.34074e+09
48  21  2.7484e+09
48  22  2.29895e+09
48  23  2.30687e+09
48  24  3.17406e+09
48  25  2.51297e+09
48  26  2.69179e+09
48  27  2.57143e+09
48  28  2.4587e+09
48  29  2.35054e+09
48  30  2.44145e+09
48  31  2.25638e+09
48  32  2.74565e+09
48  33  2.10531e+09
48  34  2.48417e+09
48  35  2.42799e+09
48  36  2.03957e+09
48  37  2.02161e+09
48  38  2.16364e+09
48  39  2.23237e+09
48  40  2.65356e+09
48  41  2.34937e+09
48  42  1.89183e+09
48  43  2.34473e+09
48  44  2.0633e+09
48  45  2.34284e+09
48  46  2.02474e+09
48  47  2.34982e+09
48  48  2.21292e+09
48  49  2.10418e+09
48  50  2.21943e+09
49  0  1.27673e+09
49  1  1.42909e+09
49  2  1.71814e+09
49  3  1.49986e+09
49  4  1.86599e+09
49  5  1.85596e+09
49  6  2.05726e+09
49  7  2.26912e+09
49  8  2.18072e+09
49  9  1.983e+09
49  10  2.00978e+09
49  11  2.0902e+09
49  12  2.42096e+09
49  13  2.47048e+09
49  14  2.37323e+09
49  15  1.70039e+09
49  16  1.35422e+09
49  17  1.31985e+09
49  18  2.19537e+09
49  19  2.72129e+09
49  20  2.39304e+09
49  21  2.78863e+09
49  22  2.17816e+09
49  23  2.40839e+09
49  24  2.97308e+09
49  25  2.66738e+09
49  26  2.56628e+09
49  27  2.9438e+09
49  28  2.60663e+09
49  29  2.44379e+09
49  30  2.32806e+09
49  31  2.50034e+09
49  32  2.30512e+09
49  33  2.06265e+09
49  34  2.63993e+09
49  35  2.33418e+09
49  36  2.01521e+09
49  37  2.19047e+09
49  38  2.02253e+09
49  39  2.3116e+09
49  40  2.32039e+09
49  41  2.1533e+09
49  42  2.10789e+09
49  43  2.17267e+09
49  44  2.29151e+09
49  45  2.20135e+09
49  46  2.19033e+09
49  47  2.09914e+09
49  48  2.31511e+09
49  49  2.41885e+09
49  50  2.08603e+09
50  0  1.19307e+09
50  1  1.52934e+09
50  2  1.48832e+09
50  3  1.57106e+09
50  4  1.84861e+09
50  5  1.6762e+09
50  6  2.07624e+09
50  7  1.97404e+09
50  8  2.16883e+09
50  9  1.84287e+09
50  10  1.76027e+09
50  11  1.91412e+09
50  12  2.30662e+09
50  13  1.9205e+09
50  14  2.3223e+09
50  15  2.10843e+09
50  16  1.52609e+09
50  17  1.50874e+09
50  18  2.0046e+09
50  19  2.17292e+09
50  20  2.64684e+09
50  21  3.15852e+09
50  22  2.14412e+09
50  23  2.59076e+09
50  24  2.85037e+09
50  25  2.34044e+09
50  26  2.74116e+09
50  27  2.8324e+09
50  28  2.57936e+09
50  29  2.62835e+09
50  30  2.75361e+09
50  31  2.26435e+09
50  32  2.4136e+09
50  33  2.18167e+09
50  34  2.66377e+09
50  35  2.7419e+09
50  36  2.05368e+09
50  37  2.14448e+09
50  38  2.13978e+09
50  39  2.29032e+09
50  40  2.28652e+09
50  41  2.2387e+09
50  42  1.91938e+09
50  43  2.11472e+09
50  44  1.89025e+09
50  45  2.09002e+09
50  46  2.24333e+09
50  47  2.25308e+09
50  48  2.33073e+09
50  49  2.36712e+09
50  50  2.52009e+09

