row  column  (images_25_2_757.edf S-K*images_25_2_757.edf Ar-K**2.3)
0  0  0
0  1  0
0  2  0
0  3  0
0  4  0
0  5  0
0  6  0
0  7  0
0  8  0
0  9  0
0  10  0
0  11  0
0  12  0
0  13  0
0  14  0
0  15  0
0  16  0
0  17  0
0  18  0
0  19  0
0  20  0
0  21  0
0  22  0
0  23  0
0  24  0
0  25  0
0  26  0
0  27  0
0  28  0
0  29  0
0  30  0
0  31  0
0  32  0
0  33  0
0  34  0
0  35  0
0  36  0
0  37  0
0  38  0
0  39  0
0  40  0
0  41  0
0  42  0
0  43  0
0  44  0
0  45  0
0  46  0
0  47  0
0  48  0
0  49  1.35781e+07
0  50  0
1  0  0
1  1  0
1  2  0
1  3  0
1  4  0
1  5  0
1  6  0
1  7  0
1  8  0
1  9  0
1  10  0
1  11  0
1  12  0
1  13  0
1  14  0
1  15  0
1  16  0
1  17  0
1  18  0
1  19  0
1  20  0
1  21  0
1  22  0
1  23  0
1  24  0
1  25  0
1  26  0
1  27  0
1  28  0
1  29  0
1  30  0
1  31  0
1  32  0
1  33  0
1  34  0
1  35  0
1  36  0
1  37  0
1  38  0
1  39  0
1  40  0
1  41  0
1  42  0
1  43  0
1  44  0
1  45  0
1  46  0
1  47  0
1  48  2.13089e+07
1  49  0
1  50  0
2  0  0
2  1  0
2  2  0
2  3  0
2  4  0
2  5  0
2  6  0
2  7  0
2  8  0
2  9  0
2  10  0
2  11  0
2  12  0
2  13  0
2  14  0
2  15  0
2  16  0
2  17  0
2  18  0
2  19  0
2  20  0
2  21  0
2  22  0
2  23  0
2  24  0
2  25  0
2  26  0
2  27  0
2  28  0
2  29  0
2  30  0
2  31  0
2  32  0
2  33  0
2  34  0
2  35  0
2  36  0
2  37  0
2  38  0
2  39  0
2  40  0
2  41  0
2  42  0
2  43  0
2  44  0
2  45  0
2  46  0
2  47  1.35528e+07
2  48  0
2  49  0
2  50  1.74285e+07
3  0  0
3  1  0
3  2  0
3  3  0
3  4  0
3  5  0
3  6  0
3  7  0
3  8  0
3  9  0
3  10  0
3  11  0
3  12  0
3  13  0
3  14  0
3  15  0
3  16  0
3  17  0
3  18  0
3  19  0
3  20  0
3  21  0
3  22  0
3  23  0
3  24  0
3  25  0
3  26  0
3  27  0
3  28  0
3  29  0
3  30  0
3  31  0
3  32  0
3  33  0
3  34  0
3  35  0
3  36  0
3  37  0
3  38  0
3  39  0
3  40  0
3  41  1.02531e+07
3  42  1.55519e+07
3  43  0
3  44  1.17094e+07
3  45  0
3  46  0
3  47  0
3  48  0
3  49  0
3  50  0
4  0  0
4  1  0
4  2  0
4  3  0
4  4  0
4  5  0
4  6  0
4  7  0
4  8  0
4  9  0
4  10  0
4  11  0
4  12  0
4  13  2.35644e+06
4  14  0
4  15  0
4  16  0
4  17  0
4  18  0
4  19  0
4  20  0
4  21  0
4  22  0
4  23  0
4  24  0
4  25  0
4  26  0
4  27  0
4  28  0
4  29  0
4  30  0
4  31  0
4  32  0
4  33  0
4  34  0
4  35  0
4  36  0
4  37  0
4  38  0
4  39  0
4  40  0
4  41  0
4  42  0
4  43  0
4  44  1.09676e+07
4  45  0
4  46  0
4  47  0
4  48  0
4  49  0
4  50  0
5  0  0
5  1  0
5  2  0
5  3  0
5  4  0
5  5  0
5  6  0
5  7  0
5  8  0
5  9  0
5  10  0
5  11  0
5  12  1.24485e+07
5  13  1.22264e+07
5  14  1.65871e+07
5  15  0
5  16  0
5  17  0
5  18  1.36975e+07
5  19  0
5  20  0
5  21  0
5  22  0
5  23  0
5  24  0
5  25  0
5  26  0
5  27  0
5  28  0
5  29  0
5  30  0
5  31  0
5  32  0
5  33  0
5  34  0
5  35  0
5  36  0
5  37  0
5  38  0
5  39  0
5  40  0
5  41  1.49218e+07
5  42  0
5  43  0
5  44  0
5  45  1.76207e+07
5  46  0
5  47  0
5  48  1.79919e+07
5  49  0
5  50  0
6  0  0
6  1  0
6  2  0
6  3  0
6  4  0
6  5  0
6  6  0
6  7  0
6  8  1.59034e+07
6  9  0
6  10  1.40642e+07
6  11  0
6  12  6.20521e+06
6  13  7.83401e+06
6  14  0
6  15  0
6  16  0
6  17  0
6  18  0
6  19  0
6  20  0
6  21  0
6  22  0
6  23  0
6  24  0
6  25  0
6  26  0
6  27  0
6  28  0
6  29  0
6  30  0
6  31  0
6  32  0
6  33  0
6  34  0
6  35  0
6  36  0
6  37  0
6  38  0
6  39  0
6  40  2.33973e+07
6  41  1.78284e+07
6  42  0
6  43  0
6  44  0
6  45  0
6  46  2.72006e+07
6  47  0
6  48  0
6  49  0
6  50  1.95808e+07
7  0  0
7  1  0
7  2  0
7  3  0
7  4  1.05312e+07
7  5  0
7  6  0
7  7  1.99729e+07
7  8  0
7  9  0
7  10  1.60362e+07
7  11  0
7  12  1.37452e+07
7  13  3.36678e+07
7  14  1.24218e+06
7  15  0
7  16  0
7  17  0
7  18  0
7  19  0
7  20  0
7  21  0
7  22  0
7  23  0
7  24  0
7  25  0
7  26  0
7  27  0
7  28  0
7  29  0
7  30  0
7  31  0
7  32  0
7  33  1.75702e+06
7  34  0
7  35  0
7  36  0
7  37  0
7  38  0
7  39  1.9032e+07
7  40  0
7  41  0
7  42  0
7  43  0
7  44  0
7  45  0
7  46  0
7  47  1.83971e+07
7  48  0
7  49  0
7  50  1.91266e+07
8  0  0
8  1  0
8  2  0
8  3  0
8  4  1.47931e+07
8  5  0
8  6  0
8  7  0
8  8  1.59689e+07
8  9  1.75029e+07
8  10  0
8  11  2.04518e+07
8  12  1.29838e+07
8  13  2.90079e+07
8  14  1.51827e+07
8  15  0
8  16  0
8  17  0
8  18  0
8  19  0
8  20  0
8  21  0
8  22  0
8  23  0
8  24  1.67429e+07
8  25  0
8  26  1.63359e+07
8  27  0
8  28  0
8  29  1.799e+07
8  30  0
8  31  0
8  32  0
8  33  1.26277e+07
8  34  0
8  35  0
8  36  0
8  37  1.65235e+07
8  38  1.21045e+07
8  39  1.1581e+07
8  40  0
8  41  1.67486e+07
8  42  1.50151e+07
8  43  1.13898e+07
8  44  1.27646e+07
8  45  2.20699e+07
8  46  0
8  47  2.33896e+07
8  48  0
8  49  1.18851e+07
8  50  0
9  0  0
9  1  0
9  2  0
9  3  0
9  4  0
9  5  0
9  6  0
9  7  0
9  8  1.8819e+07
9  9  2.19327e+07
9  10  1.783e+07
9  11  0
9  12  2.38161e+07
9  13  2.58198e+07
9  14  2.29347e+07
9  15  0
9  16  0
9  17  0
9  18  0
9  19  0
9  20  0
9  21  0
9  22  0
9  23  0
9  24  0
9  25  0
9  26  0
9  27  0
9  28  0
9  29  0
9  30  0
9  31  0
9  32  1.80126e+07
9  33  1.29136e+07
9  34  1.37367e+07
9  35  0
9  36  1.56635e+07
9  37  1.31483e+07
9  38  1.44549e+07
9  39  0
9  40  0
9  41  0
9  42  1.62004e+06
9  43  2.63428e+07
9  44  0
9  45  0
9  46  2.17603e+07
9  47  1.88745e+07
9  48  3.4443e+06
9  49  0
9  50  0
10  0  0
10  1  0
10  2  0
10  3  0
10  4  1.59885e+07
10  5  0
10  6  0
10  7  2.06536e+07
10  8  1.92758e+07
10  9  2.12194e+07
10  10  0
10  11  0
10  12  3.57307e+07
10  13  4.32306e+07
10  14  3.46445e+07
10  15  0
10  16  0
10  17  0
10  18  0
10  19  0
10  20  0
10  21  0
10  22  0
10  23  0
10  24  1.20569e+07
10  25  0
10  26  0
10  27  1.58722e+07
10  28  1.36617e+07
10  29  1.08752e+07
10  30  1.9378e+07
10  31  1.41622e+07
10  32  0
10  33  0
10  34  1.97857e+07
10  35  0
10  36  0
10  37  1.27694e+07
10  38  0
10  39  0
10  40  2.89436e+07
10  41  0
10  42  0
10  43  1.5827e+07
10  44  0
10  45  0
10  46  0
10  47  1.35675e+07
10  48  0
10  49  0
10  50  1.91555e+07
11  0  0
11  1  0
11  2  0
11  3  0
11  4  0
11  5  0
11  6  0
11  7  1.95153e+07
11  8  0
11  9  1.5449e+07
11  10  0
11  11  0
11  12  1.99534e+07
11  13  4.49328e+07
11  14  0
11  15  0
11  16  0
11  17  0
11  18  0
11  19  0
11  20  0
11  21  0
11  22  0
11  23  0
11  24  0
11  25  1.19887e+07
11  26  0
11  27  0
11  28  1.49153e+07
11  29  0
11  30  1.17457e+07
11  31  1.95035e+07
11  32  0
11  33  0
11  34  1.88786e+07
11  35  1.37134e+07
11  36  1.50768e+07
11  37  1.86945e+07
11  38  0
11  39  0
11  40  0
11  41  2.04935e+07
11  42  0
11  43  0
11  44  0
11  45  1.38889e+07
11  46  0
11  47  0
11  48  0
11  49  2.05319e+07
11  50  2.10714e+07
12  0  0
12  1  0
12  2  0
12  3  0
12  4  0
12  5  0
12  6  2.20237e+07
12  7  2.49233e+06
12  8  2.88902e+07
12  9  0
12  10  5.56637e+06
12  11  0
12  12  2.04245e+07
12  13  4.12899e+07
12  14  1.52105e+07
12  15  2.52038e+06
12  16  0
12  17  0
12  18  0
12  19  0
12  20  0
12  21  0
12  22  0
12  23  0
12  24  0
12  25  0
12  26  0
12  27  1.45157e+07
12  28  0
12  29  1.73078e+07
12  30  0
12  31  0
12  32  0
12  33  0
12  34  581984
12  35  1.21321e+07
12  36  1.40362e+07
12  37  1.08043e+07
12  38  0
12  39  1.47616e+07
12  40  0
12  41  0
12  42  0
12  43  0
12  44  0
12  45  0
12  46  1.92081e+07
12  47  0
12  48  1.31211e+07
12  49  0
12  50  1.69721e+07
13  0  0
13  1  0
13  2  0
13  3  1.85276e+07
13  4  0
13  5  1.32014e+07
13  6  2.57546e+07
13  7  1.10289e+07
13  8  1.44815e+07
13  9  1.42912e+07
13  10  2.58471e+07
13  11  2.34524e+07
13  12  2.58414e+07
13  13  4.76218e+07
13  14  0
13  15  0
13  16  0
13  17  0
13  18  0
13  19  0
13  20  0
13  21  0
13  22  0
13  23  0
13  24  0
13  25  2.63183e+06
13  26  0
13  27  0
13  28  2.23463e+07
13  29  2.17777e+07
13  30  1.27514e+07
13  31  0
13  32  1.59407e+07
13  33  0
13  34  1.46991e+07
13  35  0
13  36  2.26043e+07
13  37  0
13  38  1.22756e+07
13  39  0
13  40  0
13  41  0
13  42  0
13  43  0
13  44  0
13  45  1.68245e+07
13  46  0
13  47  1.66484e+07
13  48  1.40587e+07
13  49  0
13  50  2.17484e+07
14  0  0
14  1  0
14  2  0
14  3  0
14  4  0
14  5  1.41214e+07
14  6  1.61729e+07
14  7  1.50066e+07
14  8  1.76038e+07
14  9  0
14  10  0
14  11  0
14  12  2.46223e+07
14  13  3.6068e+07
14  14  3.02858e+07
14  15  0
14  16  0
14  17  0
14  18  0
14  19  0
14  20  0
14  21  0
14  22  0
14  23  0
14  24  0
14  25  0
14  26  0
14  27  0
14  28  0
14  29  1.57009e+07
14  30  1.65667e+07
14  31  0
14  32  0
14  33  0
14  34  1.5254e+07
14  35  1.81269e+07
14  36  0
14  37  0
14  38  0
14  39  0
14  40  0
14  41  0
14  42  0
14  43  0
14  44  0
14  45  0
14  46  1.92873e+07
14  47  4.98029e+06
14  48  0
14  49  0
14  50  1.72163e+07
15  0  0
15  1  0
15  2  0
15  3  0
15  4  0
15  5  1.63049e+07
15  6  1.60474e+07
15  7  1.55558e+07
15  8  0
15  9  0
15  10  0
15  11  0
15  12  0
15  13  2.5502e+07
15  14  1.23753e+07
15  15  0
15  16  1.43399e+07
15  17  2.08304e+07
15  18  0
15  19  0
15  20  0
15  21  0
15  22  0
15  23  0
15  24  0
15  25  0
15  26  0
15  27  0
15  28  0
15  29  0
15  30  0
15  31  2.40128e+07
15  32  2.25136e+07
15  33  2.45701e+07
15  34  2.51749e+07
15  35  2.15537e+07
15  36  1.72233e+07
15  37  0
15  38  0
15  39  0
15  40  0
15  41  0
15  42  0
15  43  0
15  44  0
15  45  0
15  46  8.17283e+06
15  47  1.61304e+07
15  48  1.59015e+07
15  49  0
15  50  1.6307e+07
16  0  0
16  1  0
16  2  0
16  3  0
16  4  0
16  5  0
16  6  1.26198e+07
16  7  1.72442e+07
16  8  2.33255e+07
16  9  0
16  10  0
16  11  0
16  12  0
16  13  2.66029e+07
16  14  0
16  15  0
16  16  0
16  17  0
16  18  0
16  19  0
16  20  0
16  21  0
16  22  0
16  23  0
16  24  0
16  25  0
16  26  1.3289e+07
16  27  0
16  28  0
16  29  0
16  30  0
16  31  0
16  32  1.68008e+07
16  33  1.79441e+07
16  34  0
16  35  0
16  36  0
16  37  0
16  38  0
16  39  0
16  40  1.24213e+07
16  41  9.98152e+06
16  42  0
16  43  0
16  44  1.56507e+07
16  45  0
16  46  1.70612e+06
16  47  1.63789e+07
16  48  0
16  49  0
16  50  0
17  0  0
17  1  0
17  2  0
17  3  0
17  4  0
17  5  0
17  6  0
17  7  1.59683e+07
17  8  0
17  9  1.25667e+07
17  10  0
17  11  0
17  12  0
17  13  2.64131e+07
17  14  3.37386e+06
17  15  0
17  16  0
17  17  0
17  18  0
17  19  0
17  20  0
17  21  0
17  22  0
17  23  0
17  24  0
17  25  0
17  26  0
17  27  0
17  28  0
17  29  0
17  30  0
17  31  1.66377e+07
17  32  1.66648e+07
17  33  0
17  34  0
17  35  0
17  36  2.41476e+07
17  37  0
17  38  0
17  39  0
17  40  1.55823e+07
17  41  0
17  42  1.64096e+07
17  43  0
17  44  1.30152e+07
17  45  1.72236e+07
17  46  0
17  47  2.53407e+07
17  48  1.61477e+07
17  49  0
17  50  1.80113e+07
18  0  0
18  1  0
18  2  0
18  3  0
18  4  0
18  5  0
18  6  0
18  7  0
18  8  2.06828e+07
18  9  0
18  10  0
18  11  0
18  12  0
18  13  1.44732e+07
18  14  0
18  15  0
18  16  1.3903e+07
18  17  0
18  18  0
18  19  0
18  20  0
18  21  0
18  22  0
18  23  0
18  24  0
18  25  0
18  26  0
18  27  0
18  28  0
18  29  0
18  30  0
18  31  0
18  32  1.30631e+07
18  33  1.41249e+07
18  34  0
18  35  0
18  36  0
18  37  0
18  38  1.00693e+07
18  39  0
18  40  0
18  41  0
18  42  0
18  43  0
18  44  4.97121e+06
18  45  0
18  46  1.43265e+07
18  47  1.39552e+07
18  48  0
18  49  0
18  50  0
19  0  0
19  1  0
19  2  0
19  3  0
19  4  0
19  5  1.49905e+07
19  6  0
19  7  1.67862e+07
19  8  0
19  9  0
19  10  0
19  11  0
19  12  0
19  13  0
19  14  0
19  15  0
19  16  0
19  17  0
19  18  0
19  19  0
19  20  0
19  21  0
19  22  1.69064e+07
19  23  0
19  24  0
19  25  0
19  26  0
19  27  0
19  28  0
19  29  0
19  30  0
19  31  2.30417e+07
19  32  1.27823e+07
19  33  0
19  34  0
19  35  0
19  36  0
19  37  0
19  38  0
19  39  0
19  40  0
19  41  0
19  42  1.83933e+07
19  43  0
19  44  0
19  45  0
19  46  0
19  47  1.78506e+07
19  48  0
19  49  1.73176e+07
19  50  1.49021e+07
20  0  0
20  1  0
20  2  0
20  3  0
20  4  0
20  5  0
20  6  0
20  7  0
20  8  0
20  9  0
20  10  0
20  11  0
20  12  0
20  13  0
20  14  0
20  15  0
20  16  0
20  17  0
20  18  0
20  19  0
20  20  1.74605e+07
20  21  1.50903e+07
20  22  0
20  23  0
20  24  0
20  25  1.46102e+07
20  26  1.47917e+07
20  27  0
20  28  0
20  29  0
20  30  0
20  31  1.60552e+07
20  32  0
20  33  0
20  34  0
20  35  0
20  36  0
20  37  0
20  38  0
20  39  0
20  40  0
20  41  0
20  42  0
20  43  0
20  44  0
20  45  1.39353e+07
20  46  0
20  47  0
20  48  0
20  49  0
20  50  0
21  0  0
21  1  0
21  2  0
21  3  0
21  4  0
21  5  0
21  6  0
21  7  0
21  8  0
21  9  0
21  10  0
21  11  0
21  12  0
21  13  0
21  14  0
21  15  0
21  16  0
21  17  0
21  18  0
21  19  0
21  20  0
21  21  1.59042e+07
21  22  0
21  23  0
21  24  0
21  25  0
21  26  0
21  27  0
21  28  0
21  29  0
21  30  0
21  31  0
21  32  0
21  33  0
21  34  0
21  35  0
21  36  0
21  37  0
21  38  0
21  39  0
21  40  0
21  41  0
21  42  0
21  43  0
21  44  0
21  45  0
21  46  1.57263e+07
21  47  0
21  48  1.32318e+07
21  49  2.39596e+07
21  50  1.58276e+07
22  0  0
22  1  0
22  2  0
22  3  0
22  4  0
22  5  0
22  6  1.51587e+07
22  7  0
22  8  0
22  9  0
22  10  0
22  11  0
22  12  0
22  13  0
22  14  0
22  15  0
22  16  0
22  17  0
22  18  0
22  19  0
22  20  0
22  21  1.41436e+07
22  22  1.43544e+07
22  23  0
22  24  0
22  25  0
22  26  0
22  27  0
22  28  0
22  29  0
22  30  0
22  31  1.67092e+07
22  32  1.51824e+07
22  33  0
22  34  0
22  35  0
22  36  0
22  37  0
22  38  0
22  39  0
22  40  0
22  41  0
22  42  0
22  43  0
22  44  0
22  45  0
22  46  0
22  47  0
22  48  1.20393e+07
22  49  0
22  50  1.92912e+07
23  0  0
23  1  0
23  2  0
23  3  0
23  4  0
23  5  0
23  6  0
23  7  2.97539e+07
23  8  2.89215e+07
23  9  0
23  10  0
23  11  0
23  12  0
23  13  0
23  14  0
23  15  0
23  16  0
23  17  0
23  18  0
23  19  1.64354e+07
23  20  0
23  21  0
23  22  2.81e+07
23  23  0
23  24  1.58929e+07
23  25  0
23  26  0
23  27  0
23  28  0
23  29  0
23  30  0
23  31  1.00974e+07
23  32  0
23  33  0
23  34  0
23  35  0
23  36  0
23  37  0
23  38  0
23  39  0
23  40  0
23  41  0
23  42  0
23  43  0
23  44  0
23  45  0
23  46  0
23  47  0
23  48  0
23  49  1.42711e+07
23  50  1.597e+07
24  0  0
24  1  0
24  2  0
24  3  0
24  4  1.63705e+07
24  5  0
24  6  0
24  7  1.69832e+07
24  8  1.40602e+07
24  9  0
24  10  0
24  11  0
24  12  0
24  13  0
24  14  0
24  15  0
24  16  0
24  17  0
24  18  1.28572e+07
24  19  0
24  20  2.10925e+07
24  21  1.53775e+07
24  22  0
24  23  2.63948e+07
24  24  0
24  25  2.49549e+07
24  26  0
24  27  0
24  28  0
24  29  0
24  30  0
24  31  0
24  32  1.42571e+07
24  33  0
24  34  0
24  35  0
24  36  0
24  37  0
24  38  0
24  39  0
24  40  0
24  41  0
24  42  0
24  43  0
24  44  0
24  45  0
24  46  1.30283e+07
24  47  0
24  48  0
24  49  1.43098e+07
24  50  0
25  0  0
25  1  0
25  2  1.0671e+07
25  3  0
25  4  1.49151e+07
25  5  0
25  6  0
25  7  0
25  8  1.52104e+07
25  9  0
25  10  0
25  11  0
25  12  0
25  13  0
25  14  0
25  15  0
25  16  0
25  17  0
25  18  0
25  19  0
25  20  0
25  21  2.10372e+07
25  22  2.60649e+07
25  23  0
25  24  0
25  25  1.84679e+07
25  26  1.6793e+07
25  27  0
25  28  0
25  29  0
25  30  0
25  31  0
25  32  0
25  33  0
25  34  0
25  35  0
25  36  0
25  37  0
25  38  0
25  39  0
25  40  9.8924e+06
25  41  0
25  42  0
25  43  0
25  44  0
25  45  0
25  46  1.21534e+07
25  47  0
25  48  0
25  49  0
25  50  0
26  0  0
26  1  0
26  2  0
26  3  0
26  4  0
26  5  1.60274e+07
26  6  2.26794e+07
26  7  0
26  8  1.76313e+07
26  9  0
26  10  0
26  11  0
26  12  0
26  13  0
26  14  0
26  15  0
26  16  0
26  17  0
26  18  0
26  19  0
26  20  0
26  21  0
26  22  2.62882e+07
26  23  0
26  24  0
26  25  0
26  26  0
26  27  0
26  28  0
26  29  0
26  30  0
26  31  0
26  32  0
26  33  1.23617e+07
26  34  0
26  35  0
26  36  0
26  37  0
26  38  0
26  39  0
26  40  0
26  41  0
26  42  0
26  43  0
26  44  0
26  45  0
26  46  1.82029e+07
26  47  1.26974e+07
26  48  0
26  49  0
26  50  1.57729e+07
27  0  0
27  1  0
27  2  0
27  3  0
27  4  0
27  5  2.17427e+07
27  6  1.879e+07
27  7  2.18591e+07
27  8  0
27  9  0
27  10  2.03688e+07
27  11  0
27  12  0
27  13  1.90797e+07
27  14  0
27  15  0
27  16  0
27  17  0
27  18  0
27  19  2.7399e+07
27  20  0
27  21  2.36151e+07
27  22  2.57992e+07
27  23  0
27  24  0
27  25  0
27  26  0
27  27  0
27  28  0
27  29  0
27  30  0
27  31  2.00925e+07
27  32  0
27  33  0
27  34  0
27  35  0
27  36  0
27  37  0
27  38  0
27  39  0
27  40  1.15977e+07
27  41  0
27  42  0
27  43  0
27  44  0
27  45  1.17488e+07
27  46  0
27  47  1.1366e+07
27  48  0
27  49  0
27  50  0
28  0  0
28  1  0
28  2  0
28  3  0
28  4  2.16679e+07
28  5  0
28  6  1.80249e+07
28  7  0
28  8  0
28  9  0
28  10  0
28  11  0
28  12  0
28  13  0
28  14  0
28  15  0
28  16  0
28  17  0
28  18  1.3095e+07
28  19  0
28  20  0
28  21  1.78617e+07
28  22  0
28  23  1.73197e+07
28  24  0
28  25  0
28  26  1.61166e+07
28  27  0
28  28  0
28  29  0
28  30  0
28  31  0
28  32  0
28  33  2.16154e+07
28  34  0
28  35  1.24837e+07
28  36  0
28  37  0
28  38  0
28  39  0
28  40  0
28  41  1.42041e+07
28  42  0
28  43  1.13151e+07
28  44  0
28  45  0
28  46  0
28  47  1.24867e+07
28  48  0
28  49  0
28  50  1.38185e+07
29  0  0
29  1  0
29  2  0
29  3  0
29  4  0
29  5  1.79642e+07
29  6  0
29  7  0
29  8  0
29  9  0
29  10  0
29  11  0
29  12  1.79702e+07
29  13  0
29  14  0
29  15  0
29  16  0
29  17  0
29  18  1.67149e+07
29  19  2.59537e+07
29  20  0
29  21  0
29  22  0
29  23  2.26007e+07
29  24  0
29  25  0
29  26  0
29  27  0
29  28  0
29  29  0
29  30  0
29  31  0
29  32  0
29  33  0
29  34  0
29  35  0
29  36  0
29  37  0
29  38  0
29  39  0
29  40  0
29  41  0
29  42  0
29  43  0
29  44  0
29  45  1.24373e+07
29  46  1.68328e+07
29  47  0
29  48  0
29  49  0
29  50  0
30  0  0
30  1  0
30  2  0
30  3  0
30  4  1.24845e+07
30  5  2.39147e+07
30  6  1.37086e+07
30  7  3.10648e+07
30  8  0
30  9  0
30  10  0
30  11  0
30  12  0
30  13  0
30  14  0
30  15  0
30  16  0
30  17  0
30  18  1.261e+07
30  19  1.82337e+07
30  20  6.91664e+06
30  21  0
30  22  0
30  23  0
30  24  0
30  25  0
30  26  2.31103e+07
30  27  0
30  28  0
30  29  0
30  30  0
30  31  0
30  32  0
30  33  0
30  34  0
30  35  0
30  36  1.32451e+07
30  37  0
30  38  0
30  39  0
30  40  0
30  41  1.33126e+07
30  42  0
30  43  1.95231e+07
30  44  0
30  45  1.84946e+07
30  46  0
30  47  1.25264e+07
30  48  0
30  49  1.34133e+07
30  50  1.38784e+07
31  0  0
31  1  0
31  2  0
31  3  0
31  4  0
31  5  2.53074e+07
31  6  2.53651e+07
31  7  1.27523e+07
31  8  0
31  9  0
31  10  0
31  11  0
31  12  0
31  13  0
31  14  1.17906e+07
31  15  0
31  16  0
31  17  0
31  18  1.3464e+07
31  19  2.45387e+07
31  20  2.19478e+07
31  21  1.64169e+07
31  22  0
31  23  0
31  24  0
31  25  1.85941e+07
31  26  1.69336e+07
31  27  0
31  28  0
31  29  0
31  30  0
31  31  1.37433e+07
31  32  0
31  33  0
31  34  1.2518e+07
31  35  0
31  36  1.9563e+07
31  37  0
31  38  1.20319e+07
31  39  0
31  40  0
31  41  0
31  42  0
31  43  0
31  44  1.33397e+07
31  45  2.05648e+07
31  46  0
31  47  0
31  48  0
31  49  0
31  50  0
32  0  0
32  1  0
32  2  1.84186e+07
32  3  1.32709e+07
32  4  0
32  5  0
32  6  0
32  7  0
32  8  0
32  9  1.77075e+07
32  10  0
32  11  0
32  12  1.45337e+07
32  13  1.43247e+07
32  14  0
32  15  0
32  16  0
32  17  0
32  18  0
32  19  1.94961e+07
32  20  0
32  21  0
32  22  0
32  23  1.37736e+07
32  24  0
32  25  0
32  26  2.25051e+07
32  27  0
32  28  0
32  29  0
32  30  0
32  31  0
32  32  0
32  33  0
32  34  0
32  35  0
32  36  1.69235e+07
32  37  0
32  38  0
32  39  0
32  40  0
32  41  0
32  42  0
32  43  1.50864e+07
32  44  1.56991e+07
32  45  1.78831e+07
32  46  1.52109e+07
32  47  1.35155e+07
32  48  0
32  49  0
32  50  0
33  0  0
33  1  0
33  2  1.89673e+07
33  3  0
33  4  1.64631e+07
33  5  1.78078e+07
33  6  5.01953e+06
33  7  0
33  8  0
33  9  0
33  10  0
33  11  0
33  12  1.39572e+07
33  13  0
33  14  0
33  15  0
33  16  0
33  17  0
33  18  0
33  19  1.75053e+07
33  20  1.47692e+07
33  21  1.8886e+07
33  22  1.70238e+07
33  23  0
33  24  0
33  25  0
33  26  2.19259e+06
33  27  0
33  28  0
33  29  0
33  30  0
33  31  0
33  32  1.30667e+07
33  33  0
33  34  0
33  35  1.66713e+07
33  36  2.78244e+07
33  37  1.59685e+07
33  38  0
33  39  1.73004e+07
33  40  0
33  41  0
33  42  0
33  43  1.90713e+07
33  44  2.40639e+07
33  45  0
33  46  0
33  47  0
33  48  0
33  49  0
33  50  0
34  0  0
34  1  0
34  2  0
34  3  1.12891e+07
34  4  9.57457e+06
34  5  0
34  6  1.60132e+07
34  7  3.03552e+07
34  8  2.06948e+07
34  9  0
34  10  0
34  11  0
34  12  1.44023e+07
34  13  0
34  14  0
34  15  0
34  16  0
34  17  0
34  18  0
34  19  0
34  20  1.62786e+07
34  21  3.35977e+07
34  22  0
34  23  0
34  24  0
34  25  1.61307e+07
34  26  0
34  27  0
34  28  0
34  29  0
34  30  0
34  31  0
34  32  1.43525e+07
34  33  0
34  34  1.55476e+07
34  35  0
34  36  0
34  37  0
34  38  0
34  39  0
34  40  0
34  41  0
34  42  0
34  43  1.68038e+07
34  44  0
34  45  2.25246e+07
34  46  0
34  47  1.22368e+07
34  48  0
34  49  0
34  50  1.61495e+07
35  0  0
35  1  0
35  2  1.03755e+07
35  3  1.65025e+07
35  4  2.1014e+07
35  5  0
35  6  1.42081e+07
35  7  2.02583e+07
35  8  1.64822e+07
35  9  0
35  10  0
35  11  0
35  12  0
35  13  0
35  14  0
35  15  0
35  16  0
35  17  0
35  18  1.96912e+07
35  19  0
35  20  0
35  21  0
35  22  0
35  23  0
35  24  0
35  25  0
35  26  0
35  27  0
35  28  0
35  29  0
35  30  0
35  31  0
35  32  0
35  33  1.79631e+07
35  34  0
35  35  0
35  36  0
35  37  0
35  38  2.20795e+07
35  39  0
35  40  0
35  41  0
35  42  0
35  43  2.06197e+06
35  44  1.73705e+07
35  45  1.80369e+07
35  46  1.3623e+07
35  47  1.69745e+07
35  48  1.88413e+07
35  49  0
35  50  1.9914e+07
36  0  0
36  1  0
36  2  0
36  3  1.50501e+07
36  4  1.59718e+07
36  5  0
36  6  0
36  7  2.12974e+07
36  8  1.07906e+07
36  9  0
36  10  0
36  11  0
36  12  0
36  13  0
36  14  0
36  15  0
36  16  0
36  17  0
36  18  0
36  19  2.13485e+07
36  20  1.72808e+07
36  21  0
36  22  0
36  23  0
36  24  0
36  25  1.79735e+07
36  26  0
36  27  0
36  28  0
36  29  0
36  30  0
36  31  1.19719e+07
36  32  1.7368e+07
36  33  2.2793e+07
36  34  0
36  35  0
36  36  0
36  37  1.64689e+07
36  38  1.36862e+07
36  39  0
36  40  0
36  41  0
36  42  0
36  43  1.65844e+07
36  44  0
36  45  0
36  46  2.54594e+07
36  47  2.16258e+07
36  48  0
36  49  1.16377e+07
36  50  0
37  0  0
37  1  0
37  2  0
37  3  0
37  4  2.74684e+07
37  5  0
37  6  0
37  7  1.8143e+07
37  8  1.36222e+07
37  9  1.69897e+07
37  10  0
37  11  0
37  12  0
37  13  0
37  14  0
37  15  0
37  16  0
37  17  0
37  18  0
37  19  0
37  20  0
37  21  0
37  22  1.25624e+07
37  23  0
37  24  0
37  25  2.39823e+07
37  26  0
37  27  0
37  28  0
37  29  0
37  30  0
37  31  1.19746e+07
37  32  0
37  33  0
37  34  0
37  35  0
37  36  1.39719e+07
37  37  1.13992e+07
37  38  1.28178e+07
37  39  1.34865e+07
37  40  2.28052e+07
37  41  0
37  42  0
37  43  1.17372e+07
37  44  0
37  45  0
37  46  2.97363e+07
37  47  1.39094e+07
37  48  0
37  49  1.30909e+07
37  50  1.41379e+07
38  0  0
38  1  0
38  2  1.73735e+07
38  3  1.42628e+07
38  4  2.23031e+07
38  5  0
38  6  1.57116e+07
38  7  1.74044e+07
38  8  2.10814e+07
38  9  0
38  10  0
38  11  0
38  12  0
38  13  0
38  14  0
38  15  0
38  16  0
38  17  0
38  18  0
38  19  0
38  20  0
38  21  0
38  22  0
38  23  0
38  24  0
38  25  0
38  26  0
38  27  0
38  28  0
38  29  0
38  30  0
38  31  0
38  32  2.15451e+07
38  33  2.06617e+07
38  34  1.14838e+07
38  35  0
38  36  2.55728e+07
38  37  1.99147e+07
38  38  0
38  39  0
38  40  1.26882e+07
38  41  0
38  42  0
38  43  1.61274e+07
38  44  1.0946e+07
38  45  1.38669e+07
38  46  0
38  47  2.68912e+07
38  48  0
38  49  0
38  50  0
39  0  0
39  1  0
39  2  2.2925e+07
39  3  0
39  4  5.88867e+06
39  5  0
39  6  0
39  7  2.82724e+07
39  8  2.93942e+07
39  9  0
39  10  0
39  11  0
39  12  0
39  13  0
39  14  0
39  15  0
39  16  0
39  17  0
39  18  0
39  19  0
39  20  0
39  21  0
39  22  0
39  23  0
39  24  0
39  25  1.34748e+07
39  26  0
39  27  0
39  28  0
39  29  0
39  30  0
39  31  1.26881e+07
39  32  1.7377e+07
39  33  1.47264e+07
39  34  9.70251e+06
39  35  1.52387e+07
39  36  1.36737e+07
39  37  3.00408e+07
39  38  0
39  39  0
39  40  0
39  41  2.11828e+07
39  42  0
39  43  1.61535e+07
39  44  1.65227e+07
39  45  2.27465e+07
39  46  2.19081e+07
39  47  0
39  48  1.58521e+07
39  49  1.37029e+07
39  50  1.67578e+07
40  0  0
40  1  0
40  2  0
40  3  2.06055e+07
40  4  1.93239e+07
40  5  1.86817e+07
40  6  1.73138e+07
40  7  1.91544e+07
40  8  1.94586e+07
40  9  0
40  10  0
40  11  0
40  12  0
40  13  0
40  14  0
40  15  0
40  16  0
40  17  0
40  18  0
40  19  0
40  20  0
40  21  0
40  22  0
40  23  0
40  24  0
40  25  0
40  26  0
40  27  0
40  28  0
40  29  0
40  30  0
40  31  0
40  32  1.20488e+07
40  33  2.97351e+06
40  34  0
40  35  0
40  36  1.39987e+07
40  37  2.27359e+07
40  38  1.90501e+07
40  39  1.93375e+07
40  40  1.70885e+07
40  41  0
40  42  9.71343e+06
40  43  0
40  44  3.00646e+06
40  45  2.22044e+07
40  46  0
40  47  1.92259e+07
40  48  1.67172e+07
40  49  0
40  50  0
41  0  0
41  1  1.54541e+07
41  2  1.40507e+07
41  3  1.19375e+07
41  4  2.00612e+07
41  5  1.8436e+07
41  6  0
41  7  2.51289e+07
41  8  2.26248e+07
41  9  0
41  10  0
41  11  0
41  12  0
41  13  0
41  14  0
41  15  0
41  16  0
41  17  0
41  18  0
41  19  0
41  20  0
41  21  0
41  22  0
41  23  0
41  24  0
41  25  0
41  26  0
41  27  0
41  28  0
41  29  0
41  30  0
41  31  0
41  32  1.72849e+07
41  33  1.96739e+07
41  34  0
41  35  1.1944e+07
41  36  2.11532e+07
41  37  1.93012e+07
41  38  1.25628e+07
41  39  2.10299e+07
41  40  0
41  41  0
41  42  0
41  43  0
41  44  0
41  45  1.73698e+07
41  46  3.43669e+07
41  47  1.79149e+07
41  48  1.53307e+07
41  49  1.75212e+07
41  50  1.0867e+07
42  0  0
42  1  0
42  2  1.57578e+07
42  3  0
42  4  0
42  5  1.48527e+07
42  6  0
42  7  2.43266e+07
42  8  2.47923e+07
42  9  2.63023e+07
42  10  0
42  11  0
42  12  0
42  13  0
42  14  0
42  15  0
42  16  0
42  17  0
42  18  0
42  19  0
42  20  0
42  21  0
42  22  0
42  23  0
42  24  0
42  25  0
42  26  0
42  27  0
42  28  0
42  29  0
42  30  0
42  31  1.03375e+07
42  32  1.47951e+07
42  33  1.09318e+07
42  34  0
42  35  0
42  36  1.34067e+07
42  37  1.18691e+07
42  38  1.26718e+07
42  39  1.67379e+07
42  40  0
42  41  0
42  42  2.06484e+06
42  43  0
42  44  2.8282e+07
42  45  1.70519e+07
42  46  1.90748e+07
42  47  2.04202e+07
42  48  1.12694e+07
42  49  0
42  50  0
43  0  9.45505e+06
43  1  1.32199e+07
43  2  1.65512e+07
43  3  1.16508e+07
43  4  1.34804e+07
43  5  0
43  6  1.44411e+07
43  7  4.15583e+07
43  8  2.9341e+07
43  9  1.95256e+07
43  10  0
43  11  0
43  12  0
43  13  0
43  14  0
43  15  0
43  16  0
43  17  0
43  18  0
43  19  0
43  20  0
43  21  0
43  22  0
43  23  0
43  24  0
43  25  0
43  26  0
43  27  0
43  28  0
43  29  0
43  30  9.5012e+06
43  31  1.09112e+07
43  32  0
43  33  2.81254e+07
43  34  0
43  35  1.66257e+07
43  36  2.58867e+07
43  37  2.03408e+07
43  38  1.87217e+07
43  39  1.23382e+07
43  40  0
43  41  0
43  42  2.82198e+07
43  43  1.2693e+07
43  44  1.11305e+07
43  45  1.915e+07
43  46  1.7714e+07
43  47  1.34265e+07
43  48  0
43  49  0
43  50  0
44  0  9.39186e+06
44  1  9.68555e+06
44  2  0
44  3  2.57592e+07
44  4  2.67421e+07
44  5  1.8669e+07
44  6  1.44459e+07
44  7  1.59541e+07
44  8  3.23823e+07
44  9  2.19023e+07
44  10  0
44  11  0
44  12  0
44  13  0
44  14  0
44  15  0
44  16  0
44  17  0
44  18  0
44  19  0
44  20  0
44  21  0
44  22  0
44  23  0
44  24  0
44  25  0
44  26  0
44  27  0
44  28  0
44  29  0
44  30  1.56004e+07
44  31  0
44  32  0
44  33  2.01684e+07
44  34  0
44  35  0
44  36  1.74257e+07
44  37  1.90593e+07
44  38  1.72819e+07
44  39  0
44  40  0
44  41  1.29707e+07
44  42  0
44  43  2.81408e+07
44  44  1.65444e+07
44  45  1.71009e+07
44  46  1.49985e+07
44  47  1.79759e+07
44  48  1.07725e+07
44  49  0
44  50  1.25272e+07
45  0  0
45  1  1.00138e+07
45  2  0
45  3  2.10291e+07
45  4  1.35025e+07
45  5  1.60354e+07
45  6  1.77876e+07
45  7  2.13601e+07
45  8  3.00182e+07
45  9  1.43802e+07
45  10  0
45  11  0
45  12  0
45  13  0
45  14  0
45  15  0
45  16  0
45  17  0
45  18  0
45  19  0
45  20  0
45  21  0
45  22  0
45  23  0
45  24  0
45  25  0
45  26  0
45  27  0
45  28  0
45  29  0
45  30  0
45  31  0
45  32  0
45  33  1.47729e+07
45  34  1.5937e+07
45  35  1.49313e+07
45  36  1.45801e+07
45  37  0
45  38  1.39365e+07
45  39  1.40584e+07
45  40  1.30347e+07
45  41  1.08037e+07
45  42  1.44999e+07
45  43  0
45  44  1.43283e+07
45  45  1.96611e+07
45  46  1.95469e+07
45  47  1.29857e+07
45  48  1.29845e+07
45  49  1.54492e+07
45  50  0
46  0  0
46  1  0
46  2  1.16284e+07
46  3  0
46  4  1.54465e+07
46  5  0
46  6  2.66437e+07
46  7  2.67545e+07
46  8  3.31378e+07
46  9  0
46  10  0
46  11  0
46  12  0
46  13  0
46  14  0
46  15  0
46  16  0
46  17  0
46  18  0
46  19  0
46  20  0
46  21  0
46  22  0
46  23  0
46  24  0
46  25  0
46  26  0
46  27  0
46  28  0
46  29  1.18927e+07
46  30  2.13626e+07
46  31  0
46  32  1.31474e+07
46  33  0
46  34  0
46  35  0
46  36  1.70653e+07
46  37  0
46  38  1.89227e+07
46  39  0
46  40  0
46  41  1.26502e+07
46  42  1.62153e+07
46  43  0
46  44  1.54706e+07
46  45  1.9258e+07
46  46  0
46  47  1.68393e+07
46  48  0
46  49  2.32751e+07
46  50  2.48269e+07
47  0  0
47  1  0
47  2  0
47  3  9.97346e+06
47  4  2.29751e+07
47  5  0
47  6  0
47  7  1.1765e+07
47  8  1.2238e+07
47  9  0
47  10  0
47  11  0
47  12  0
47  13  0
47  14  0
47  15  0
47  16  0
47  17  0
47  18  0
47  19  0
47  20  0
47  21  0
47  22  0
47  23  0
47  24  0
47  25  0
47  26  0
47  27  0
47  28  0
47  29  1.1599e+07
47  30  0
47  31  0
47  32  2.04386e+07
47  33  1.06787e+07
47  34  0
47  35  0
47  36  1.0474e+07
47  37  0
47  38  1.30167e+07
47  39  1.3578e+07
47  40  0
47  41  1.6911e+07
47  42  0
47  43  2.93241e+07
47  44  1.5164e+07
47  45  0
47  46  1.7007e+07
47  47  2.1862e+07
47  48  1.63192e+07
47  49  0
47  50  0
48  0  0
48  1  0
48  2  0
48  3  1.66195e+07
48  4  0
48  5  1.77657e+07
48  6  0
48  7  1.8288e+07
48  8  0
48  9  0
48  10  0
48  11  0
48  12  0
48  13  0
48  14  0
48  15  0
48  16  0
48  17  0
48  18  0
48  19  0
48  20  0
48  21  1.48624e+07
48  22  0
48  23  0
48  24  0
48  25  0
48  26  0
48  27  0
48  28  0
48  29  0
48  30  1.24808e+07
48  31  0
48  32  2.52214e+07
48  33  0
48  34  2.42338e+07
48  35  0
48  36  0
48  37  9.42121e+06
48  38  1.07623e+07
48  39  1.99049e+07
48  40  2.56786e+07
48  41  2.45721e+07
48  42  0
48  43  0
48  44  0
48  45  1.72753e+07
48  46  1.14274e+07
48  47  2.08279e+07
48  48  0
48  49  0
48  50  0
49  0  0
49  1  0
49  2  0
49  3  8.73267e+06
49  4  0
49  5  0
49  6  0
49  7  1.46849e+07
49  8  1.51746e+07
49  9  1.38567e+07
49  10  0
49  11  0
49  12  0
49  13  0
49  14  0
49  15  0
49  16  0
49  17  0
49  18  0
49  19  0
49  20  0
49  21  0
49  22  0
49  23  0
49  24  0
49  25  0
49  26  0
49  27  0
49  28  0
49  29  0
49  30  0
49  31  2.43225e+07
49  32  1.88376e+07
49  33  0
49  34  1.63408e+07
49  35  1.00636e+07
49  36  8.86362e+06
49  37  0
49  38  0
49  39  1.97434e+07
49  40  0
49  41  1.28641e+07
49  42  1.07386e+07
49  43  0
49  44  1.48939e+07
49  45  1.11116e+07
49  46  1.65193e+07
49  47  0
49  48  1.60858e+07
49  49  1.72189e+07
49  50  0
50  0  0
50  1  0
50  2  1.10793e+07
50  3  1.12341e+07
50  4  1.51948e+07
50  5  0
50  6  1.91514e+07
50  7  0
50  8  9.81958e+06
50  9  1.03917e+07
50  10  0
50  11  0
50  12  0
50  13  0
50  14  0
50  15  0
50  16  0
50  17  0
50  18  0
50  19  0
50  20  0
50  21  0
50  22  0
50  23  0
50  24  0
50  25  0
50  26  0
50  27  0
50  28  0
50  29  0
50  30  0
50  31  1.06521e+07
50  32  1.23771e+07
50  33  0
50  34  0
50  35  1.44942e+07
50  36  1.33764e+07
50  37  1.50205e+07
50  38  0
50  39  0
50  40  0
50  41  1.48811e+07
50  42  9.99685e+06
50  43  0
50  44  1.43517e+07
50  45  0
50  46  1.53228e+07
50  47  2.53064e+07
50  48  1.29434e+07
50  49  1.77499e+07
50  50  0

