row  column  (images_32.edf Ca-K*images_32.edf Ar-K**2.3)
0  0  1.15772e+08
0  1  1.85599e+08
0  2  2.5706e+08
0  3  3.22199e+08
0  4  4.16571e+08
0  5  4.33481e+08
0  6  5.12913e+08
0  7  6.53729e+08
0  8  1.30833e+09
0  9  2.1743e+09
0  10  3.22222e+09
0  11  3.30236e+09
0  12  2.94359e+09
0  13  2.3501e+09
0  14  2.42383e+09
0  15  1.92284e+09
0  16  1.76045e+09
0  17  1.46104e+09
0  18  1.09708e+09
0  19  1.02297e+09
0  20  1.08953e+09
0  21  1.36183e+09
0  22  1.43904e+09
0  23  1.60923e+09
0  24  1.5864e+09
0  25  1.5823e+09
0  26  1.38503e+09
0  27  1.30114e+09
0  28  1.17433e+09
0  29  1.20831e+09
0  30  1.19842e+09
0  31  1.13155e+09
0  32  1.25233e+09
0  33  1.01594e+09
0  34  9.80372e+08
0  35  1.37539e+09
0  36  1.11557e+09
0  37  9.54453e+08
0  38  9.95202e+08
0  39  6.71297e+08
0  40  6.32829e+08
0  41  9.74379e+08
0  42  1.1573e+09
0  43  1.16741e+09
0  44  1.13581e+09
0  45  1.26329e+09
0  46  9.78399e+08
0  47  9.90747e+08
0  48  1.06655e+09
0  49  1.14182e+09
0  50  1.23286e+09
1  0  1.20509e+08
1  1  2.2623e+08
1  2  3.9798e+08
1  3  4.65976e+08
1  4  4.63576e+08
1  5  4.38458e+08
1  6  5.3057e+08
1  7  9.3412e+08
1  8  1.73367e+09
1  9  2.62847e+09
1  10  2.82502e+09
1  11  2.95575e+09
1  12  2.50883e+09
1  13  2.25746e+09
1  14  2.24122e+09
1  15  1.5785e+09
1  16  1.75449e+09
1  17  1.44969e+09
1  18  1.12818e+09
1  19  1.42367e+09
1  20  1.24586e+09
1  21  1.33302e+09
1  22  1.42343e+09
1  23  1.84041e+09
1  24  1.50888e+09
1  25  1.50158e+09
1  26  1.41458e+09
1  27  1.32927e+09
1  28  1.0182e+09
1  29  9.39737e+08
1  30  9.22485e+08
1  31  9.90217e+08
1  32  1.05263e+09
1  33  9.22048e+08
1  34  9.89969e+08
1  35  1.02931e+09
1  36  9.78386e+08
1  37  1.07002e+09
1  38  8.23412e+08
1  39  7.50782e+08
1  40  9.20346e+08
1  41  1.16196e+09
1  42  1.20953e+09
1  43  1.34153e+09
1  44  1.07579e+09
1  45  1.12197e+09
1  46  1.09207e+09
1  47  1.1146e+09
1  48  9.8922e+08
1  49  1.1081e+09
1  50  1.25291e+09
2  0  1.75029e+08
2  1  2.0405e+08
2  2  4.40723e+08
2  3  4.87055e+08
2  4  4.92549e+08
2  5  4.92348e+08
2  6  5.7845e+08
2  7  8.66341e+08
2  8  1.75413e+09
2  9  2.86606e+09
2  10  2.83632e+09
2  11  2.54974e+09
2  12  2.35536e+09
2  13  2.16739e+09
2  14  2.04526e+09
2  15  1.55667e+09
2  16  1.85152e+09
2  17  1.49864e+09
2  18  1.15872e+09
2  19  1.32171e+09
2  20  1.25745e+09
2  21  1.41323e+09
2  22  1.59539e+09
2  23  1.74633e+09
2  24  1.45927e+09
2  25  1.32058e+09
2  26  1.21031e+09
2  27  1.16115e+09
2  28  1.1615e+09
2  29  1.04718e+09
2  30  9.73037e+08
2  31  1.05004e+09
2  32  1.11883e+09
2  33  9.06184e+08
2  34  1.13668e+09
2  35  1.25516e+09
2  36  1.06885e+09
2  37  9.85701e+08
2  38  9.65855e+08
2  39  8.2222e+08
2  40  8.97993e+08
2  41  1.0913e+09
2  42  1.27135e+09
2  43  1.26249e+09
2  44  1.141e+09
2  45  9.55028e+08
2  46  1.01448e+09
2  47  1.21572e+09
2  48  1.07946e+09
2  49  1.24487e+09
2  50  1.22908e+09
3  0  2.18408e+08
3  1  2.79967e+08
3  2  4.84343e+08
3  3  4.90285e+08
3  4  6.3036e+08
3  5  5.64459e+08
3  6  7.10417e+08
3  7  9.77461e+08
3  8  2.06766e+09
3  9  2.75133e+09
3  10  2.75637e+09
3  11  2.46137e+09
3  12  2.05326e+09
3  13  2.05748e+09
3  14  1.64951e+09
3  15  1.70187e+09
3  16  1.7119e+09
3  17  1.53735e+09
3  18  1.33979e+09
3  19  1.32479e+09
3  20  1.28732e+09
3  21  1.29245e+09
3  22  1.73509e+09
3  23  1.83721e+09
3  24  1.47526e+09
3  25  1.40526e+09
3  26  1.30151e+09
3  27  1.13658e+09
3  28  1.10796e+09
3  29  1.01981e+09
3  30  9.87109e+08
3  31  8.9561e+08
3  32  9.62657e+08
3  33  8.84822e+08
3  34  9.74439e+08
3  35  1.14988e+09
3  36  1.00471e+09
3  37  1.03004e+09
3  38  9.44539e+08
3  39  8.63813e+08
3  40  1.11073e+09
3  41  1.1228e+09
3  42  1.21136e+09
3  43  1.34757e+09
3  44  1.11627e+09
3  45  1.11209e+09
3  46  1.14037e+09
3  47  1.09774e+09
3  48  1.07194e+09
3  49  1.19007e+09
3  50  1.36655e+09
4  0  2.14246e+08
4  1  3.01543e+08
4  2  4.9837e+08
4  3  5.8413e+08
4  4  6.52901e+08
4  5  5.45265e+08
4  6  6.16003e+08
4  7  1.00931e+09
4  8  1.84808e+09
4  9  2.61368e+09
4  10  2.78164e+09
4  11  2.46216e+09
4  12  1.86006e+09
4  13  1.73239e+09
4  14  1.67479e+09
4  15  1.44854e+09
4  16  1.85181e+09
4  17  1.30377e+09
4  18  1.33996e+09
4  19  1.2113e+09
4  20  1.28976e+09
4  21  1.34562e+09
4  22  1.58756e+09
4  23  1.87088e+09
4  24  1.57513e+09
4  25  1.5008e+09
4  26  1.33075e+09
4  27  9.7051e+08
4  28  1.02008e+09
4  29  9.7354e+08
4  30  9.8139e+08
4  31  8.25492e+08
4  32  8.851e+08
4  33  9.60002e+08
4  34  1.1763e+09
4  35  9.69733e+08
4  36  9.83168e+08
4  37  1.01432e+09
4  38  9.38652e+08
4  39  1.03161e+09
4  40  9.14993e+08
4  41  1.19173e+09
4  42  1.24233e+09
4  43  1.09254e+09
4  44  1.1817e+09
4  45  1.19056e+09
4  46  1.04806e+09
4  47  1.15031e+09
4  48  1.0462e+09
4  49  1.18546e+09
4  50  1.23435e+09
5  0  2.13132e+08
5  1  4.28488e+08
5  2  6.44298e+08
5  3  6.71044e+08
5  4  7.75712e+08
5  5  5.79157e+08
5  6  7.44654e+08
5  7  1.0716e+09
5  8  2.20644e+09
5  9  2.60178e+09
5  10  2.29951e+09
5  11  1.96536e+09
5  12  1.68833e+09
5  13  1.518e+09
5  14  1.3967e+09
5  15  1.6647e+09
5  16  1.98573e+09
5  17  1.31836e+09
5  18  1.13681e+09
5  19  1.21293e+09
5  20  1.31632e+09
5  21  1.4734e+09
5  22  1.75095e+09
5  23  1.72622e+09
5  24  1.67429e+09
5  25  1.4715e+09
5  26  1.12218e+09
5  27  1.15174e+09
5  28  9.82593e+08
5  29  1.02526e+09
5  30  9.75961e+08
5  31  7.18961e+08
5  32  9.88565e+08
5  33  9.48184e+08
5  34  1.01727e+09
5  35  1.11666e+09
5  36  1.00175e+09
5  37  9.09591e+08
5  38  1.06408e+09
5  39  1.11186e+09
5  40  9.79974e+08
5  41  1.16955e+09
5  42  1.34616e+09
5  43  1.23474e+09
5  44  1.04669e+09
5  45  1.14245e+09
5  46  1.10911e+09
5  47  1.13527e+09
5  48  1.15037e+09
5  49  1.18587e+09
5  50  1.38724e+09
6  0  3.11594e+08
6  1  3.69465e+08
6  2  6.20166e+08
6  3  7.87636e+08
6  4  8.93318e+08
6  5  6.55165e+08
6  6  9.04048e+08
6  7  1.04346e+09
6  8  2.10544e+09
6  9  2.58421e+09
6  10  2.00591e+09
6  11  2.01655e+09
6  12  1.48717e+09
6  13  1.29621e+09
6  14  1.24138e+09
6  15  1.69785e+09
6  16  1.9581e+09
6  17  1.44967e+09
6  18  1.30396e+09
6  19  1.38587e+09
6  20  1.39119e+09
6  21  1.49314e+09
6  22  1.62789e+09
6  23  1.74733e+09
6  24  1.50921e+09
6  25  1.19558e+09
6  26  1.25318e+09
6  27  1.15477e+09
6  28  1.04669e+09
6  29  1.22628e+09
6  30  9.30663e+08
6  31  7.48749e+08
6  32  1.06548e+09
6  33  9.13652e+08
6  34  9.86894e+08
6  35  1.04452e+09
6  36  9.3969e+08
6  37  1.05016e+09
6  38  1.00794e+09
6  39  1.05193e+09
6  40  1.07845e+09
6  41  1.16689e+09
6  42  1.12032e+09
6  43  1.2544e+09
6  44  1.1501e+09
6  45  1.10065e+09
6  46  1.14531e+09
6  47  1.12359e+09
6  48  1.14042e+09
6  49  1.21087e+09
6  50  1.40948e+09
7  0  3.07682e+08
7  1  5.06565e+08
7  2  8.33642e+08
7  3  9.05999e+08
7  4  1.0595e+09
7  5  7.14941e+08
7  6  9.57937e+08
7  7  1.18679e+09
7  8  2.06028e+09
7  9  2.11525e+09
7  10  2.10316e+09
7  11  1.6497e+09
7  12  1.36091e+09
7  13  1.20841e+09
7  14  1.29976e+09
7  15  1.79454e+09
7  16  2.10094e+09
7  17  1.4158e+09
7  18  1.48201e+09
7  19  1.32494e+09
7  20  1.35128e+09
7  21  1.36418e+09
7  22  1.35331e+09
7  23  1.88457e+09
7  24  1.46614e+09
7  25  1.16277e+09
7  26  1.31543e+09
7  27  9.46469e+08
7  28  9.80357e+08
7  29  1.14087e+09
7  30  9.19042e+08
7  31  8.2892e+08
7  32  9.5237e+08
7  33  9.69469e+08
7  34  1.01152e+09
7  35  1.05785e+09
7  36  1.03696e+09
7  37  1.08703e+09
7  38  1.1035e+09
7  39  1.10906e+09
7  40  1.06209e+09
7  41  1.07345e+09
7  42  1.27816e+09
7  43  1.27421e+09
7  44  1.19615e+09
7  45  1.09836e+09
7  46  1.08436e+09
7  47  1.11214e+09
7  48  1.22375e+09
7  49  1.21891e+09
7  50  1.52821e+09
8  0  3.6739e+08
8  1  5.76408e+08
8  2  9.51445e+08
8  3  1.09706e+09
8  4  1.02216e+09
8  5  7.93157e+08
8  6  9.42799e+08
8  7  1.23473e+09
8  8  1.86063e+09
8  9  2.0882e+09
8  10  1.79776e+09
8  11  1.51248e+09
8  12  1.41682e+09
8  13  1.28337e+09
8  14  1.19022e+09
8  15  1.62651e+09
8  16  2.08086e+09
8  17  1.56803e+09
8  18  1.43882e+09
8  19  1.26961e+09
8  20  1.44277e+09
8  21  1.35885e+09
8  22  1.26703e+09
8  23  1.49041e+09
8  24  1.42587e+09
8  25  1.28316e+09
8  26  1.10268e+09
8  27  1.12935e+09
8  28  8.40635e+08
8  29  1.16706e+09
8  30  9.49714e+08
8  31  8.11701e+08
8  32  8.01068e+08
8  33  9.09527e+08
8  34  9.07563e+08
8  35  1.03063e+09
8  36  1.09453e+09
8  37  1.10889e+09
8  38  1.10924e+09
8  39  1.09608e+09
8  40  1.00414e+09
8  41  1.37788e+09
8  42  1.30075e+09
8  43  1.35026e+09
8  44  1.23405e+09
8  45  1.15882e+09
8  46  9.75858e+08
8  47  1.03879e+09
8  48  1.06831e+09
8  49  1.34275e+09
8  50  1.31547e+09
9  0  5.26696e+08
9  1  7.59716e+08
9  2  1.12879e+09
9  3  1.35773e+09
9  4  1.25157e+09
9  5  9.13009e+08
9  6  1.11553e+09
9  7  1.32893e+09
9  8  1.80326e+09
9  9  1.77676e+09
9  10  1.39194e+09
9  11  1.34553e+09
9  12  1.16324e+09
9  13  1.12327e+09
9  14  1.20946e+09
9  15  1.71333e+09
9  16  1.92755e+09
9  17  1.76082e+09
9  18  1.3064e+09
9  19  1.49163e+09
9  20  1.53002e+09
9  21  1.13567e+09
9  22  1.21968e+09
9  23  1.58655e+09
9  24  1.38385e+09
9  25  1.04515e+09
9  26  1.36271e+09
9  27  1.07021e+09
9  28  8.79006e+08
9  29  1.00162e+09
9  30  8.11982e+08
9  31  7.3658e+08
9  32  7.92908e+08
9  33  8.0838e+08
9  34  9.28437e+08
9  35  1.14449e+09
9  36  1.13528e+09
9  37  1.04697e+09
9  38  1.17785e+09
9  39  1.18365e+09
9  40  1.02478e+09
9  41  1.08841e+09
9  42  1.12215e+09
9  43  1.19849e+09
9  44  1.15652e+09
9  45  1.01264e+09
9  46  1.04603e+09
9  47  9.59233e+08
9  48  1.00446e+09
9  49  1.18538e+09
9  50  1.58478e+09
10  0  4.9566e+08
10  1  9.56039e+08
10  2  1.29759e+09
10  3  1.4583e+09
10  4  1.16758e+09
10  5  8.65366e+08
10  6  1.18843e+09
10  7  1.5383e+09
10  8  1.41302e+09
10  9  1.61344e+09
10  10  1.28659e+09
10  11  1.30508e+09
10  12  1.31584e+09
10  13  1.19137e+09
10  14  1.3598e+09
10  15  1.75238e+09
10  16  1.86297e+09
10  17  1.71438e+09
10  18  1.52078e+09
10  19  1.51358e+09
10  20  1.42892e+09
10  21  1.27677e+09
10  22  1.3307e+09
10  23  1.44516e+09
10  24  1.2927e+09
10  25  1.09904e+09
10  26  1.29458e+09
10  27  1.17661e+09
10  28  8.44695e+08
10  29  9.9194e+08
10  30  8.47938e+08
10  31  7.82067e+08
10  32  7.60032e+08
10  33  7.85507e+08
10  34  1.09763e+09
10  35  1.23224e+09
10  36  1.13643e+09
10  37  1.15594e+09
10  38  1.23856e+09
10  39  1.19448e+09
10  40  1.06936e+09
10  41  1.11713e+09
10  42  1.1961e+09
10  43  1.18413e+09
10  44  1.21022e+09
10  45  9.85318e+08
10  46  1.08626e+09
10  47  9.05652e+08
10  48  1.15112e+09
10  49  1.30677e+09
10  50  1.57603e+09
11  0  7.74428e+08
11  1  1.11061e+09
11  2  1.57879e+09
11  3  1.35957e+09
11  4  1.19972e+09
11  5  8.6633e+08
11  6  1.28886e+09
11  7  1.2677e+09
11  8  1.21835e+09
11  9  1.28349e+09
11  10  1.24582e+09
11  11  1.29878e+09
11  12  1.18736e+09
11  13  1.30653e+09
11  14  1.39798e+09
11  15  1.546e+09
11  16  1.98344e+09
11  17  1.4715e+09
11  18  1.51846e+09
11  19  1.59151e+09
11  20  1.27643e+09
11  21  1.16772e+09
11  22  1.47713e+09
11  23  1.45243e+09
11  24  1.30368e+09
11  25  1.2179e+09
11  26  1.32061e+09
11  27  1.04606e+09
11  28  9.33152e+08
11  29  9.55264e+08
11  30  9.2408e+08
11  31  7.08789e+08
11  32  7.21158e+08
11  33  8.14676e+08
11  34  1.02741e+09
11  35  1.11773e+09
11  36  1.24349e+09
11  37  1.23408e+09
11  38  1.40312e+09
11  39  1.2322e+09
11  40  1.10668e+09
11  41  1.14167e+09
11  42  1.14632e+09
11  43  1.27838e+09
11  44  1.17925e+09
11  45  1.03921e+09
11  46  1.02115e+09
11  47  9.05058e+08
11  48  1.14282e+09
11  49  1.40657e+09
11  50  1.74054e+09
12  0  8.24863e+08
12  1  1.35624e+09
12  2  1.67143e+09
12  3  1.46005e+09
12  4  1.25336e+09
12  5  1.0152e+09
12  6  1.2515e+09
12  7  1.06327e+09
12  8  1.33946e+09
12  9  1.21689e+09
12  10  1.41225e+09
12  11  1.40902e+09
12  12  1.33949e+09
12  13  1.31089e+09
12  14  1.37491e+09
12  15  1.46119e+09
12  16  1.62041e+09
12  17  1.50814e+09
12  18  1.70079e+09
12  19  1.55493e+09
12  20  1.35003e+09
12  21  1.09203e+09
12  22  1.25771e+09
12  23  1.36572e+09
12  24  1.31131e+09
12  25  1.14893e+09
12  26  1.2908e+09
12  27  1.10012e+09
12  28  9.16608e+08
12  29  9.04488e+08
12  30  9.39803e+08
12  31  7.8039e+08
12  32  7.62651e+08
12  33  9.20911e+08
12  34  1.07509e+09
12  35  1.1882e+09
12  36  1.13418e+09
12  37  1.14276e+09
12  38  1.21877e+09
12  39  1.12578e+09
12  40  1.17103e+09
12  41  1.12465e+09
12  42  1.16005e+09
12  43  1.29252e+09
12  44  1.15167e+09
12  45  1.04163e+09
12  46  1.14895e+09
12  47  9.30816e+08
12  48  1.09341e+09
12  49  1.49201e+09
12  50  1.61845e+09
13  0  9.8951e+08
13  1  1.59092e+09
13  2  1.82398e+09
13  3  1.55819e+09
13  4  1.21728e+09
13  5  1.0251e+09
13  6  1.09209e+09
13  7  1.11265e+09
13  8  1.18426e+09
13  9  1.28301e+09
13  10  1.3697e+09
13  11  1.40863e+09
13  12  1.39807e+09
13  13  1.45237e+09
13  14  1.36007e+09
13  15  1.41266e+09
13  16  1.67956e+09
13  17  1.67516e+09
13  18  1.59564e+09
13  19  1.29942e+09
13  20  1.16324e+09
13  21  1.1344e+09
13  22  1.23537e+09
13  23  1.35742e+09
13  24  1.39844e+09
13  25  1.094e+09
13  26  1.35805e+09
13  27  9.58418e+08
13  28  8.04571e+08
13  29  8.8038e+08
13  30  9.56103e+08
13  31  7.38663e+08
13  32  8.31073e+08
13  33  9.19532e+08
13  34  1.15189e+09
13  35  1.16706e+09
13  36  1.07299e+09
13  37  1.2924e+09
13  38  1.26317e+09
13  39  1.16577e+09
13  40  8.83372e+08
13  41  1.11766e+09
13  42  1.0478e+09
13  43  1.17117e+09
13  44  1.16018e+09
13  45  1.08705e+09
13  46  9.33429e+08
13  47  8.89681e+08
13  48  1.34258e+09
13  49  1.46994e+09
13  50  1.34315e+09
14  0  1.33507e+09
14  1  1.82006e+09
14  2  1.90454e+09
14  3  1.75922e+09
14  4  1.433e+09
14  5  1.09832e+09
14  6  1.00662e+09
14  7  1.17458e+09
14  8  1.3246e+09
14  9  1.30852e+09
14  10  1.39911e+09
14  11  1.46934e+09
14  12  1.52591e+09
14  13  1.46531e+09
14  14  1.49386e+09
14  15  1.67907e+09
14  16  1.75412e+09
14  17  1.69025e+09
14  18  1.70111e+09
14  19  1.36241e+09
14  20  1.30361e+09
14  21  1.05327e+09
14  22  1.40551e+09
14  23  1.45624e+09
14  24  1.38633e+09
14  25  9.93455e+08
14  26  1.17493e+09
14  27  1.02843e+09
14  28  8.0961e+08
14  29  1.04379e+09
14  30  8.6922e+08
14  31  7.17856e+08
14  32  6.81646e+08
14  33  9.69678e+08
14  34  1.15958e+09
14  35  1.06823e+09
14  36  1.02432e+09
14  37  1.04001e+09
14  38  1.12302e+09
14  39  1.13501e+09
14  40  9.73155e+08
14  41  1.00951e+09
14  42  1.09035e+09
14  43  1.09395e+09
14  44  9.46298e+08
14  45  1.0638e+09
14  46  9.91554e+08
14  47  1.06786e+09
14  48  1.2709e+09
14  49  1.51866e+09
14  50  1.39056e+09
15  0  1.50749e+09
15  1  2.0181e+09
15  2  1.96853e+09
15  3  1.68835e+09
15  4  1.40281e+09
15  5  1.02583e+09
15  6  1.07906e+09
15  7  1.27213e+09
15  8  1.39232e+09
15  9  1.42325e+09
15  10  1.5881e+09
15  11  1.59693e+09
15  12  1.53103e+09
15  13  1.51712e+09
15  14  1.39944e+09
15  15  1.67512e+09
15  16  1.58066e+09
15  17  1.59013e+09
15  18  1.74155e+09
15  19  1.43887e+09
15  20  1.11363e+09
15  21  1.11067e+09
15  22  1.26398e+09
15  23  1.39965e+09
15  24  1.47989e+09
15  25  1.05016e+09
15  26  1.19207e+09
15  27  8.95135e+08
15  28  8.08901e+08
15  29  7.9894e+08
15  30  7.87564e+08
15  31  6.27619e+08
15  32  6.63759e+08
15  33  9.77916e+08
15  34  9.82713e+08
15  35  8.53653e+08
15  36  9.91713e+08
15  37  1.00132e+09
15  38  1.02154e+09
15  39  1.03827e+09
15  40  1.01439e+09
15  41  1.0569e+09
15  42  1.06989e+09
15  43  8.68779e+08
15  44  1.0273e+09
15  45  1.06701e+09
15  46  9.57011e+08
15  47  1.07073e+09
15  48  1.319e+09
15  49  1.31524e+09
15  50  1.39866e+09
16  0  1.53415e+09
16  1  2.21448e+09
16  2  2.01596e+09
16  3  1.63654e+09
16  4  1.33077e+09
16  5  1.16862e+09
16  6  1.17536e+09
16  7  1.35924e+09
16  8  1.58812e+09
16  9  1.43146e+09
16  10  1.6346e+09
16  11  1.65383e+09
16  12  1.65817e+09
16  13  1.75732e+09
16  14  1.43304e+09
16  15  1.56416e+09
16  16  1.72465e+09
16  17  1.6576e+09
16  18  1.54e+09
16  19  1.42099e+09
16  20  1.14821e+09
16  21  1.01087e+09
16  22  1.24396e+09
16  23  1.25779e+09
16  24  1.20032e+09
16  25  8.87815e+08
16  26  1.0242e+09
16  27  8.88331e+08
16  28  7.78411e+08
16  29  1.00419e+09
16  30  7.46742e+08
16  31  6.48441e+08
16  32  7.18795e+08
16  33  8.18596e+08
16  34  1.20134e+09
16  35  9.42902e+08
16  36  9.71943e+08
16  37  9.96689e+08
16  38  9.18397e+08
16  39  9.62027e+08
16  40  9.88795e+08
16  41  1.04922e+09
16  42  9.69651e+08
16  43  9.70495e+08
16  44  9.55913e+08
16  45  8.8195e+08
16  46  9.80056e+08
16  47  9.87209e+08
16  48  1.16921e+09
16  49  1.4196e+09
16  50  1.30697e+09
17  0  1.95658e+09
17  1  2.45437e+09
17  2  2.06719e+09
17  3  1.52583e+09
17  4  1.28427e+09
17  5  1.15576e+09
17  6  1.22103e+09
17  7  1.52641e+09
17  8  1.63487e+09
17  9  1.49363e+09
17  10  1.71061e+09
17  11  1.62134e+09
17  12  1.86254e+09
17  13  1.56128e+09
17  14  1.57141e+09
17  15  1.75283e+09
17  16  1.58558e+09
17  17  1.73084e+09
17  18  1.66057e+09
17  19  1.39895e+09
17  20  1.18279e+09
17  21  1.1099e+09
17  22  1.2109e+09
17  23  1.30488e+09
17  24  1.10418e+09
17  25  1.07507e+09
17  26  1.00617e+09
17  27  8.44944e+08
17  28  7.66917e+08
17  29  9.08332e+08
17  30  6.22928e+08
17  31  6.65993e+08
17  32  7.47948e+08
17  33  9.52858e+08
17  34  1.0237e+09
17  35  1.07789e+09
17  36  9.89365e+08
17  37  9.76271e+08
17  38  9.52793e+08
17  39  1.13006e+09
17  40  1.00513e+09
17  41  1.12543e+09
17  42  9.87884e+08
17  43  9.14445e+08
17  44  1.00377e+09
17  45  1.05042e+09
17  46  9.76974e+08
17  47  1.04742e+09
17  48  1.35216e+09
17  49  1.53379e+09
17  50  1.27478e+09
18  0  2.14663e+09
18  1  2.57421e+09
18  2  2.25016e+09
18  3  1.658e+09
18  4  1.37011e+09
18  5  1.2345e+09
18  6  1.39639e+09
18  7  1.76958e+09
18  8  1.85324e+09
18  9  1.65077e+09
18  10  1.63238e+09
18  11  1.98342e+09
18  12  1.51998e+09
18  13  1.46543e+09
18  14  1.36098e+09
18  15  1.50396e+09
18  16  1.71614e+09
18  17  1.76276e+09
18  18  1.49806e+09
18  19  1.1548e+09
18  20  1.04703e+09
18  21  1.13515e+09
18  22  1.16863e+09
18  23  1.02987e+09
18  24  1.05038e+09
18  25  9.89733e+08
18  26  9.74129e+08
18  27  9.29591e+08
18  28  6.51749e+08
18  29  1.01869e+09
18  30  7.57017e+08
18  31  7.20618e+08
18  32  8.74077e+08
18  33  1.03472e+09
18  34  1.12996e+09
18  35  1.05436e+09
18  36  9.88301e+08
18  37  1.06016e+09
18  38  9.92045e+08
18  39  9.9023e+08
18  40  1.20124e+09
18  41  9.6718e+08
18  42  1.03406e+09
18  43  9.43808e+08
18  44  1.08008e+09
18  45  1.20439e+09
18  46  1.11252e+09
18  47  1.00685e+09
18  48  1.46058e+09
18  49  1.63411e+09
18  50  1.35687e+09
19  0  2.47482e+09
19  1  2.7065e+09
19  2  2.3299e+09
19  3  1.60296e+09
19  4  1.61226e+09
19  5  1.36844e+09
19  6  1.8064e+09
19  7  1.95027e+09
19  8  1.82575e+09
19  9  1.79236e+09
19  10  1.61263e+09
19  11  1.54331e+09
19  12  1.5442e+09
19  13  1.5144e+09
19  14  1.57452e+09
19  15  1.68605e+09
19  16  1.49858e+09
19  17  1.7308e+09
19  18  1.51504e+09
19  19  1.30392e+09
19  20  9.80654e+08
19  21  1.05571e+09
19  22  1.14415e+09
19  23  1.02238e+09
19  24  1.00496e+09
19  25  1.15913e+09
19  26  1.01486e+09
19  27  7.96913e+08
19  28  8.79039e+08
19  29  9.96977e+08
19  30  6.66128e+08
19  31  7.6826e+08
19  32  8.66995e+08
19  33  8.65763e+08
19  34  1.16018e+09
19  35  9.19928e+08
19  36  1.08732e+09
19  37  1.15726e+09
19  38  9.30453e+08
19  39  1.08537e+09
19  40  1.00879e+09
19  41  1.02636e+09
19  42  9.84041e+08
19  43  1.07447e+09
19  44  1.16486e+09
19  45  1.06463e+09
19  46  1.10041e+09
19  47  1.20093e+09
19  48  1.30697e+09
19  49  1.50783e+09
19  50  1.46055e+09
20  0  2.35288e+09
20  1  2.83996e+09
20  2  2.45638e+09
20  3  1.79143e+09
20  4  1.58979e+09
20  5  1.65577e+09
20  6  1.77465e+09
20  7  1.93033e+09
20  8  1.74417e+09
20  9  1.66258e+09
20  10  1.59811e+09
20  11  1.55567e+09
20  12  1.52097e+09
20  13  1.59335e+09
20  14  1.55522e+09
20  15  1.59882e+09
20  16  1.63633e+09
20  17  1.66595e+09
20  18  1.44346e+09
20  19  1.26873e+09
20  20  9.5696e+08
20  21  1.03452e+09
20  22  1.08721e+09
20  23  1.05614e+09
20  24  1.18861e+09
20  25  9.82534e+08
20  26  9.86013e+08
20  27  8.39865e+08
20  28  9.09255e+08
20  29  9.26876e+08
20  30  8.21948e+08
20  31  8.92701e+08
20  32  1.04892e+09
20  33  9.85782e+08
20  34  1.04502e+09
20  35  1.15029e+09
20  36  1.12642e+09
20  37  1.14994e+09
20  38  8.71094e+08
20  39  1.14134e+09
20  40  1.20754e+09
20  41  9.71458e+08
20  42  9.75634e+08
20  43  9.34318e+08
20  44  1.21643e+09
20  45  1.00872e+09
20  46  1.05528e+09
20  47  1.15284e+09
20  48  1.21499e+09
20  49  1.67869e+09
20  50  1.73468e+09
21  0  2.34406e+09
21  1  2.95244e+09
21  2  2.19788e+09
21  3  1.80346e+09
21  4  1.71001e+09
21  5  1.70543e+09
21  6  1.78576e+09
21  7  1.76748e+09
21  8  1.71448e+09
21  9  1.5021e+09
21  10  1.30907e+09
21  11  1.49589e+09
21  12  1.61217e+09
21  13  1.94067e+09
21  14  1.60058e+09
21  15  1.61316e+09
21  16  1.52934e+09
21  17  1.62347e+09
21  18  1.37383e+09
21  19  1.18283e+09
21  20  9.78163e+08
21  21  1.00692e+09
21  22  1.09025e+09
21  23  1.04795e+09
21  24  9.57049e+08
21  25  9.71332e+08
21  26  9.19513e+08
21  27  8.51046e+08
21  28  9.7271e+08
21  29  9.51421e+08
21  30  8.12911e+08
21  31  9.75155e+08
21  32  9.31142e+08
21  33  8.91415e+08
21  34  9.13947e+08
21  35  1.16658e+09
21  36  1.17413e+09
21  37  1.10645e+09
21  38  9.84708e+08
21  39  1.22227e+09
21  40  1.09841e+09
21  41  1.00074e+09
21  42  8.65854e+08
21  43  1.07478e+09
21  44  1.21161e+09
21  45  1.03502e+09
21  46  1.09127e+09
21  47  1.15757e+09
21  48  1.36295e+09
21  49  1.43598e+09
21  50  1.92887e+09
22  0  2.04695e+09
22  1  3.26184e+09
22  2  2.62442e+09
22  3  1.86334e+09
22  4  1.81815e+09
22  5  1.80638e+09
22  6  1.57861e+09
22  7  1.57589e+09
22  8  1.48276e+09
22  9  1.44524e+09
22  10  1.33365e+09
22  11  1.38857e+09
22  12  1.6737e+09
22  13  1.73249e+09
22  14  1.87816e+09
22  15  1.36826e+09
22  16  1.53899e+09
22  17  1.53999e+09
22  18  1.5517e+09
22  19  1.17091e+09
22  20  9.6218e+08
22  21  9.68344e+08
22  22  1.08753e+09
22  23  1.08372e+09
22  24  1.15356e+09
22  25  1.11218e+09
22  26  9.25249e+08
22  27  9.63249e+08
22  28  9.16113e+08
22  29  9.63233e+08
22  30  8.35173e+08
22  31  7.98507e+08
22  32  8.97037e+08
22  33  9.79837e+08
22  34  1.12335e+09
22  35  1.1312e+09
22  36  1.22273e+09
22  37  1.03343e+09
22  38  9.77469e+08
22  39  1.33479e+09
22  40  1.02876e+09
22  41  9.0443e+08
22  42  8.97145e+08
22  43  9.77644e+08
22  44  1.0485e+09
22  45  1.08569e+09
22  46  1.19371e+09
22  47  1.06014e+09
22  48  1.24688e+09
22  49  1.60691e+09
22  50  1.94468e+09
23  0  2.11706e+09
23  1  2.90466e+09
23  2  2.49562e+09
23  3  1.91632e+09
23  4  1.75459e+09
23  5  1.5932e+09
23  6  1.4473e+09
23  7  1.68141e+09
23  8  1.44223e+09
23  9  1.27295e+09
23  10  1.47466e+09
23  11  1.63809e+09
23  12  1.81937e+09
23  13  1.7783e+09
23  14  1.72074e+09
23  15  1.38247e+09
23  16  1.52702e+09
23  17  1.6316e+09
23  18  1.49269e+09
23  19  1.13524e+09
23  20  7.93141e+08
23  21  9.61484e+08
23  22  1.0761e+09
23  23  1.07674e+09
23  24  1.26914e+09
23  25  1.04371e+09
23  26  8.0865e+08
23  27  9.80031e+08
23  28  9.84811e+08
23  29  1.0668e+09
23  30  9.05451e+08
23  31  9.10585e+08
23  32  9.30824e+08
23  33  8.8793e+08
23  34  8.72258e+08
23  35  1.07531e+09
23  36  1.11383e+09
23  37  9.34664e+08
23  38  1.00024e+09
23  39  1.27534e+09
23  40  1.06024e+09
23  41  9.07507e+08
23  42  8.70554e+08
23  43  9.61092e+08
23  44  9.47104e+08
23  45  1.11863e+09
23  46  1.1319e+09
23  47  1.20758e+09
23  48  1.57573e+09
23  49  1.73877e+09
23  50  1.95691e+09
24  0  1.59868e+09
24  1  3.1939e+09
24  2  2.68801e+09
24  3  2.01383e+09
24  4  1.61751e+09
24  5  1.55358e+09
24  6  1.43615e+09
24  7  1.47682e+09
24  8  1.30008e+09
24  9  1.26834e+09
24  10  1.5318e+09
24  11  1.4835e+09
24  12  1.50397e+09
24  13  1.67204e+09
24  14  1.47932e+09
24  15  1.42344e+09
24  16  1.47171e+09
24  17  1.51049e+09
24  18  1.43753e+09
24  19  1.0896e+09
24  20  8.10002e+08
24  21  1.04837e+09
24  22  9.26113e+08
24  23  9.81366e+08
24  24  1.24163e+09
24  25  1.16977e+09
24  26  8.79907e+08
24  27  8.77594e+08
24  28  9.28933e+08
24  29  8.59932e+08
24  30  9.29164e+08
24  31  8.74218e+08
24  32  8.52239e+08
24  33  9.01379e+08
24  34  9.05485e+08
24  35  1.14769e+09
24  36  1.22377e+09
24  37  9.56655e+08
24  38  1.07842e+09
24  39  1.32389e+09
24  40  1.15442e+09
24  41  9.34343e+08
24  42  8.43732e+08
24  43  9.51628e+08
24  44  1.00623e+09
24  45  1.06895e+09
24  46  1.16447e+09
24  47  1.30396e+09
24  48  1.60609e+09
24  49  1.76468e+09
24  50  1.87153e+09
25  0  1.41767e+09
25  1  2.82049e+09
25  2  2.41897e+09
25  3  1.81294e+09
25  4  1.71173e+09
25  5  1.36323e+09
25  6  1.29137e+09
25  7  1.2577e+09
25  8  1.07817e+09
25  9  1.25423e+09
25  10  1.44458e+09
25  11  1.5406e+09
25  12  1.69939e+09
25  13  1.87139e+09
25  14  1.62762e+09
25  15  1.61237e+09
25  16  1.48047e+09
25  17  1.45986e+09
25  18  1.42678e+09
25  19  1.07831e+09
25  20  8.20824e+08
25  21  8.48562e+08
25  22  8.81427e+08
25  23  1.15663e+09
25  24  1.17588e+09
25  25  1.02926e+09
25  26  8.92304e+08
25  27  8.30162e+08
25  28  1.04913e+09
25  29  1.01828e+09
25  30  9.52713e+08
25  31  9.40882e+08
25  32  9.71772e+08
25  33  8.76349e+08
25  34  8.74459e+08
25  35  1.0927e+09
25  36  1.03955e+09
25  37  9.6952e+08
25  38  1.1307e+09
25  39  1.49301e+09
25  40  1.136e+09
25  41  1.00849e+09
25  42  9.68204e+08
25  43  9.56375e+08
25  44  1.14067e+09
25  45  1.05848e+09
25  46  1.33204e+09
25  47  1.23239e+09
25  48  1.42492e+09
25  49  1.82903e+09
25  50  2.02479e+09
26  0  1.26768e+09
26  1  2.75588e+09
26  2  2.61815e+09
26  3  1.51153e+09
26  4  1.42172e+09
26  5  1.43407e+09
26  6  1.23763e+09
26  7  1.2316e+09
26  8  1.44176e+09
26  9  1.19374e+09
26  10  1.31508e+09
26  11  1.74885e+09
26  12  1.69781e+09
26  13  1.91813e+09
26  14  1.74293e+09
26  15  1.54511e+09
26  16  1.44984e+09
26  17  1.39957e+09
26  18  1.59804e+09
26  19  1.249e+09
26  20  9.81359e+08
26  21  9.25602e+08
26  22  9.33941e+08
26  23  1.01377e+09
26  24  1.09552e+09
26  25  9.76558e+08
26  26  8.18079e+08
26  27  8.6846e+08
26  28  9.96936e+08
26  29  9.55863e+08
26  30  1.04172e+09
26  31  9.60146e+08
26  32  1.01064e+09
26  33  1.01429e+09
26  34  9.11941e+08
26  35  1.08331e+09
26  36  1.15901e+09
26  37  1.24395e+09
26  38  1.18476e+09
26  39  1.70987e+09
26  40  1.27308e+09
26  41  1.05426e+09
26  42  9.17766e+08
26  43  1.03277e+09
26  44  1.05878e+09
26  45  1.3768e+09
26  46  1.52546e+09
26  47  1.50464e+09
26  48  1.67136e+09
26  49  1.67544e+09
26  50  1.81582e+09
27  0  1.20566e+09
27  1  2.07275e+09
27  2  2.56621e+09
27  3  1.33648e+09
27  4  1.35413e+09
27  5  1.31167e+09
27  6  1.28909e+09
27  7  1.33549e+09
27  8  1.17999e+09
27  9  1.24305e+09
27  10  1.3474e+09
27  11  1.71156e+09
27  12  1.7572e+09
27  13  2.06879e+09
27  14  1.57222e+09
27  15  1.48106e+09
27  16  1.71055e+09
27  17  1.62497e+09
27  18  1.46461e+09
27  19  1.27239e+09
27  20  9.60817e+08
27  21  9.50623e+08
27  22  1.00593e+09
27  23  1.0469e+09
27  24  1.05992e+09
27  25  9.06067e+08
27  26  8.79351e+08
27  27  7.28432e+08
27  28  1.0179e+09
27  29  1.03518e+09
27  30  1.23237e+09
27  31  1.02162e+09
27  32  1.07608e+09
27  33  7.97931e+08
27  34  1.02842e+09
27  35  1.1667e+09
27  36  1.04645e+09
27  37  1.13328e+09
27  38  1.25545e+09
27  39  1.43037e+09
27  40  1.20255e+09
27  41  1.02435e+09
27  42  9.46854e+08
27  43  1.134e+09
27  44  1.40301e+09
27  45  1.27763e+09
27  46  1.4642e+09
27  47  1.60799e+09
27  48  1.53941e+09
27  49  1.68909e+09
27  50  1.7984e+09
28  0  9.49406e+08
28  1  1.84046e+09
28  2  2.50043e+09
28  3  1.41e+09
28  4  1.18272e+09
28  5  1.3361e+09
28  6  1.37588e+09
28  7  1.48203e+09
28  8  1.20478e+09
28  9  1.12853e+09
28  10  1.4602e+09
28  11  1.86998e+09
28  12  1.9663e+09
28  13  1.83884e+09
28  14  1.78939e+09
28  15  1.72806e+09
28  16  1.80828e+09
28  17  1.7032e+09
28  18  1.46878e+09
28  19  1.23513e+09
28  20  9.86583e+08
28  21  9.89905e+08
28  22  1.01028e+09
28  23  1.06528e+09
28  24  1.11923e+09
28  25  9.89781e+08
28  26  7.80035e+08
28  27  8.36483e+08
28  28  8.61056e+08
28  29  1.02915e+09
28  30  1.15128e+09
28  31  1.15464e+09
28  32  1.15469e+09
28  33  1.01547e+09
28  34  9.7228e+08
28  35  1.13101e+09
28  36  1.1802e+09
28  37  1.05201e+09
28  38  1.3169e+09
28  39  1.38666e+09
28  40  1.33863e+09
28  41  1.03764e+09
28  42  1.19331e+09
28  43  1.16313e+09
28  44  1.44725e+09
28  45  1.64547e+09
28  46  1.67659e+09
28  47  1.64398e+09
28  48  1.75037e+09
28  49  1.84864e+09
28  50  2.03437e+09
29  0  9.65752e+08
29  1  1.71803e+09
29  2  2.11731e+09
29  3  1.25732e+09
29  4  1.41198e+09
29  5  1.3843e+09
29  6  1.3722e+09
29  7  1.27788e+09
29  8  1.4314e+09
29  9  1.16542e+09
29  10  1.54716e+09
29  11  1.8438e+09
29  12  1.80475e+09
29  13  1.84049e+09
29  14  1.76566e+09
29  15  1.64994e+09
29  16  1.56307e+09
29  17  1.57192e+09
29  18  1.33336e+09
29  19  1.28425e+09
29  20  1.06987e+09
29  21  1.01219e+09
29  22  9.76517e+08
29  23  1.04541e+09
29  24  1.11253e+09
29  25  9.73829e+08
29  26  7.53112e+08
29  27  8.85549e+08
29  28  8.74118e+08
29  29  1.08803e+09
29  30  1.04616e+09
29  31  1.21842e+09
29  32  1.20525e+09
29  33  1.05027e+09
29  34  1.07594e+09
29  35  1.13975e+09
29  36  1.24777e+09
29  37  1.09818e+09
29  38  1.21508e+09
29  39  1.30337e+09
29  40  1.32571e+09
29  41  1.15455e+09
29  42  1.04424e+09
29  43  1.1705e+09
29  44  1.37132e+09
29  45  1.58142e+09
29  46  1.69352e+09
29  47  1.5574e+09
29  48  1.60554e+09
29  49  2.04189e+09
29  50  2.08642e+09
30  0  7.33217e+08
30  1  1.43056e+09
30  2  2.3986e+09
30  3  1.33851e+09
30  4  1.34148e+09
30  5  1.34038e+09
30  6  1.50895e+09
30  7  1.31651e+09
30  8  1.57753e+09
30  9  1.2602e+09
30  10  1.47536e+09
30  11  2.03348e+09
30  12  1.79053e+09
30  13  1.86339e+09
30  14  1.75235e+09
30  15  1.65905e+09
30  16  1.52194e+09
30  17  1.36267e+09
30  18  1.16794e+09
30  19  1.28098e+09
30  20  1.15712e+09
30  21  1.00134e+09
30  22  1.00571e+09
30  23  1.0296e+09
30  24  8.53829e+08
30  25  9.16033e+08
30  26  7.91444e+08
30  27  8.0291e+08
30  28  8.6201e+08
30  29  9.40575e+08
30  30  1.07892e+09
30  31  1.17518e+09
30  32  1.35962e+09
30  33  1.15547e+09
30  34  9.70176e+08
30  35  1.05826e+09
30  36  1.02618e+09
30  37  1.11775e+09
30  38  1.32587e+09
30  39  1.27281e+09
30  40  1.43178e+09
30  41  1.11005e+09
30  42  1.30493e+09
30  43  1.18615e+09
30  44  1.63758e+09
30  45  1.5658e+09
30  46  1.68079e+09
30  47  1.57016e+09
30  48  1.54758e+09
30  49  1.82289e+09
30  50  1.83286e+09
31  0  8.57297e+08
31  1  1.28556e+09
31  2  1.96773e+09
31  3  1.40678e+09
31  4  1.38851e+09
31  5  1.32857e+09
31  6  1.51797e+09
31  7  1.33994e+09
31  8  1.26318e+09
31  9  1.29739e+09
31  10  1.70214e+09
31  11  2.12505e+09
31  12  1.97941e+09
31  13  1.91659e+09
31  14  1.67187e+09
31  15  1.77206e+09
31  16  1.52209e+09
31  17  1.39819e+09
31  18  1.43848e+09
31  19  1.34566e+09
31  20  1.17397e+09
31  21  1.10087e+09
31  22  9.80541e+08
31  23  7.91566e+08
31  24  9.24788e+08
31  25  9.02498e+08
31  26  7.75437e+08
31  27  8.57783e+08
31  28  8.95923e+08
31  29  1.04126e+09
31  30  1.24529e+09
31  31  1.22106e+09
31  32  1.3166e+09
31  33  1.08541e+09
31  34  1.11849e+09
31  35  9.87679e+08
31  36  1.09198e+09
31  37  1.07808e+09
31  38  1.36109e+09
31  39  1.52928e+09
31  40  1.33484e+09
31  41  1.15445e+09
31  42  1.25966e+09
31  43  1.45556e+09
31  44  1.68558e+09
31  45  1.85984e+09
31  46  1.69067e+09
31  47  1.47858e+09
31  48  1.73426e+09
31  49  1.98002e+09
31  50  1.97425e+09
32  0  6.9778e+08
32  1  1.01306e+09
32  2  1.62906e+09
32  3  1.3671e+09
32  4  1.39415e+09
32  5  1.50372e+09
32  6  1.62207e+09
32  7  1.40807e+09
32  8  1.40597e+09
32  9  1.14587e+09
32  10  1.54853e+09
32  11  2.03775e+09
32  12  2.25875e+09
32  13  1.89362e+09
32  14  1.7601e+09
32  15  1.54913e+09
32  16  1.58814e+09
32  17  1.51292e+09
32  18  1.36217e+09
32  19  1.43303e+09
32  20  1.30131e+09
32  21  1.25728e+09
32  22  8.90722e+08
32  23  9.36414e+08
32  24  8.44951e+08
32  25  8.23151e+08
32  26  8.76382e+08
32  27  9.09396e+08
32  28  7.97485e+08
32  29  9.76284e+08
32  30  1.07204e+09
32  31  1.229e+09
32  32  1.15242e+09
32  33  1.11509e+09
32  34  1.17518e+09
32  35  1.05182e+09
32  36  1.17708e+09
32  37  1.20688e+09
32  38  1.17587e+09
32  39  1.42103e+09
32  40  1.26193e+09
32  41  1.39195e+09
32  42  1.36132e+09
32  43  1.50832e+09
32  44  1.66849e+09
32  45  1.60905e+09
32  46  1.52098e+09
32  47  1.58012e+09
32  48  1.58313e+09
32  49  1.9494e+09
32  50  1.78456e+09
33  0  5.88641e+08
33  1  1.10206e+09
33  2  1.65009e+09
33  3  1.16312e+09
33  4  1.32121e+09
33  5  1.54939e+09
33  6  1.49288e+09
33  7  1.55459e+09
33  8  1.43488e+09
33  9  1.31692e+09
33  10  2.02651e+09
33  11  2.29813e+09
33  12  1.95949e+09
33  13  1.59033e+09
33  14  1.56803e+09
33  15  1.53968e+09
33  16  1.35489e+09
33  17  1.40672e+09
33  18  1.33048e+09
33  19  1.24151e+09
33  20  1.21311e+09
33  21  1.26395e+09
33  22  1.02592e+09
33  23  9.90107e+08
33  24  8.97853e+08
33  25  7.60112e+08
33  26  8.64456e+08
33  27  9.00738e+08
33  28  7.83242e+08
33  29  1.01584e+09
33  30  1.06628e+09
33  31  1.15713e+09
33  32  1.14423e+09
33  33  1.16639e+09
33  34  1.15335e+09
33  35  1.23412e+09
33  36  1.20301e+09
33  37  1.09243e+09
33  38  1.24076e+09
33  39  1.46643e+09
33  40  1.56682e+09
33  41  1.4965e+09
33  42  1.48027e+09
33  43  1.63169e+09
33  44  1.71005e+09
33  45  1.55382e+09
33  46  1.62441e+09
33  47  1.56877e+09
33  48  1.76042e+09
33  49  1.78802e+09
33  50  1.7482e+09
34  0  5.88131e+08
34  1  9.75085e+08
34  2  1.39911e+09
34  3  1.25371e+09
34  4  1.3183e+09
34  5  1.4093e+09
34  6  1.54451e+09
34  7  1.42062e+09
34  8  1.31404e+09
34  9  1.44756e+09
34  10  1.83617e+09
34  11  2.52138e+09
34  12  2.13555e+09
34  13  1.85521e+09
34  14  1.67931e+09
34  15  1.39513e+09
34  16  1.45928e+09
34  17  1.27185e+09
34  18  1.32815e+09
34  19  1.21405e+09
34  20  1.26436e+09
34  21  1.27416e+09
34  22  8.98234e+08
34  23  9.08417e+08
34  24  9.03401e+08
34  25  9.16686e+08
34  26  8.95651e+08
34  27  9.46759e+08
34  28  9.29615e+08
34  29  9.86872e+08
34  30  1.083e+09
34  31  1.3982e+09
34  32  1.15405e+09
34  33  1.0823e+09
34  34  1.08627e+09
34  35  1.16616e+09
34  36  1.34903e+09
34  37  1.1216e+09
34  38  1.20976e+09
34  39  1.53917e+09
34  40  1.38025e+09
34  41  1.54621e+09
34  42  1.46503e+09
34  43  1.60577e+09
34  44  1.62396e+09
34  45  1.62557e+09
34  46  1.5407e+09
34  47  1.63841e+09
34  48  1.72966e+09
34  49  1.61825e+09
34  50  1.77576e+09
35  0  5.63422e+08
35  1  9.07224e+08
35  2  1.4724e+09
35  3  1.08855e+09
35  4  1.45597e+09
35  5  1.68132e+09
35  6  1.51054e+09
35  7  1.59874e+09
35  8  1.57948e+09
35  9  1.44819e+09
35  10  1.67087e+09
35  11  2.46265e+09
35  12  1.872e+09
35  13  1.75014e+09
35  14  1.42735e+09
35  15  1.44711e+09
35  16  1.46497e+09
35  17  1.18378e+09
35  18  1.26115e+09
35  19  1.30823e+09
35  20  1.32501e+09
35  21  9.85368e+08
35  22  9.78332e+08
35  23  8.64119e+08
35  24  8.53453e+08
35  25  9.08714e+08
35  26  8.72581e+08
35  27  9.38031e+08
35  28  8.91574e+08
35  29  1.04476e+09
35  30  1.1081e+09
35  31  1.35482e+09
35  32  1.29897e+09
35  33  1.26408e+09
35  34  1.22239e+09
35  35  1.39173e+09
35  36  1.2472e+09
35  37  9.95272e+08
35  38  1.26963e+09
35  39  1.59652e+09
35  40  1.59159e+09
35  41  1.62487e+09
35  42  1.63702e+09
35  43  1.56232e+09
35  44  1.74149e+09
35  45  1.62106e+09
35  46  1.72283e+09
35  47  1.59168e+09
35  48  1.68347e+09
35  49  1.763e+09
35  50  1.81664e+09
36  0  5.33959e+08
36  1  7.87694e+08
36  2  1.24769e+09
36  3  9.91949e+08
36  4  1.34772e+09
36  5  1.68496e+09
36  6  1.71597e+09
36  7  1.52311e+09
36  8  1.44367e+09
36  9  1.78745e+09
36  10  1.80064e+09
36  11  2.12839e+09
36  12  2.08025e+09
36  13  1.69633e+09
36  14  1.50993e+09
36  15  1.6298e+09
36  16  1.68259e+09
36  17  1.48515e+09
36  18  1.21509e+09
36  19  1.39164e+09
36  20  1.15227e+09
36  21  1.0733e+09
36  22  9.73755e+08
36  23  8.83129e+08
36  24  8.96984e+08
36  25  8.23037e+08
36  26  8.79979e+08
36  27  8.98064e+08
36  28  9.63768e+08
36  29  9.4521e+08
36  30  1.17794e+09
36  31  1.37333e+09
36  32  1.42058e+09
36  33  1.16762e+09
36  34  1.12786e+09
36  35  1.29645e+09
36  36  1.05666e+09
36  37  8.88014e+08
36  38  1.18308e+09
36  39  1.74762e+09
36  40  1.67435e+09
36  41  1.5602e+09
36  42  1.85612e+09
36  43  1.66298e+09
36  44  1.62678e+09
36  45  1.65556e+09
36  46  1.87581e+09
36  47  1.55237e+09
36  48  1.55888e+09
36  49  1.65416e+09
36  50  1.88068e+09
37  0  5.52946e+08
37  1  8.00701e+08
37  2  1.11036e+09
37  3  9.7585e+08
37  4  1.29665e+09
37  5  1.7736e+09
37  6  1.66564e+09
37  7  1.83135e+09
37  8  1.56194e+09
37  9  1.74409e+09
37  10  1.72622e+09
37  11  2.0054e+09
37  12  1.76545e+09
37  13  1.43387e+09
37  14  1.42209e+09
37  15  1.58461e+09
37  16  1.55041e+09
37  17  1.23365e+09
37  18  1.25471e+09
37  19  1.2833e+09
37  20  1.21453e+09
37  21  9.40879e+08
37  22  8.69166e+08
37  23  9.56062e+08
37  24  8.37452e+08
37  25  8.62568e+08
37  26  9.81845e+08
37  27  1.04688e+09
37  28  9.17568e+08
37  29  1.02459e+09
37  30  1.25314e+09
37  31  1.43448e+09
37  32  1.19937e+09
37  33  1.2565e+09
37  34  1.14208e+09
37  35  1.24948e+09
37  36  1.08433e+09
37  37  9.07609e+08
37  38  1.33592e+09
37  39  1.9311e+09
37  40  1.84902e+09
37  41  1.73201e+09
37  42  1.93685e+09
37  43  1.66387e+09
37  44  1.70525e+09
37  45  1.67289e+09
37  46  1.59783e+09
37  47  2.053e+09
37  48  1.70641e+09
37  49  1.78817e+09
37  50  1.96215e+09
38  0  4.18018e+08
38  1  5.77706e+08
38  2  9.39577e+08
38  3  8.07301e+08
38  4  1.07766e+09
38  5  1.77112e+09
38  6  1.58526e+09
38  7  1.92077e+09
38  8  1.57828e+09
38  9  1.91272e+09
38  10  2.04991e+09
38  11  1.87431e+09
38  12  1.71077e+09
38  13  1.67598e+09
38  14  1.53014e+09
38  15  1.64854e+09
38  16  1.42793e+09
38  17  1.42142e+09
38  18  1.30694e+09
38  19  1.5842e+09
38  20  1.31033e+09
38  21  1.0975e+09
38  22  9.47493e+08
38  23  9.92427e+08
38  24  8.88003e+08
38  25  8.4116e+08
38  26  8.482e+08
38  27  9.45497e+08
38  28  9.12779e+08
38  29  9.50894e+08
38  30  1.2055e+09
38  31  1.23658e+09
38  32  1.17478e+09
38  33  1.24222e+09
38  34  1.14458e+09
38  35  1.20863e+09
38  36  1.11331e+09
38  37  9.82675e+08
38  38  1.34796e+09
38  39  1.95048e+09
38  40  1.80557e+09
38  41  1.77097e+09
38  42  1.87877e+09
38  43  1.69627e+09
38  44  1.64518e+09
38  45  1.85417e+09
38  46  2.02383e+09
38  47  1.84976e+09
38  48  1.70854e+09
38  49  1.54373e+09
38  50  1.77553e+09
39  0  4.36275e+08
39  1  5.40968e+08
39  2  7.20743e+08
39  3  7.61366e+08
39  4  1.1451e+09
39  5  1.87446e+09
39  6  1.71085e+09
39  7  1.95119e+09
39  8  1.78028e+09
39  9  2.08243e+09
39  10  2.0795e+09
39  11  1.81356e+09
39  12  1.88083e+09
39  13  1.72971e+09
39  14  1.54434e+09
39  15  1.66059e+09
39  16  1.54105e+09
39  17  1.37707e+09
39  18  1.31406e+09
39  19  1.33123e+09
39  20  1.23376e+09
39  21  9.04503e+08
39  22  8.93114e+08
39  23  8.26668e+08
39  24  7.86675e+08
39  25  8.2437e+08
39  26  9.46644e+08
39  27  9.01741e+08
39  28  9.59337e+08
39  29  9.91096e+08
39  30  1.0198e+09
39  31  1.16959e+09
39  32  1.26945e+09
39  33  1.31171e+09
39  34  1.06292e+09
39  35  1.1321e+09
39  36  1.00769e+09
39  37  9.02237e+08
39  38  1.35102e+09
39  39  1.92215e+09
39  40  2.08269e+09
39  41  1.92056e+09
39  42  1.97232e+09
39  43  1.69715e+09
39  44  1.90259e+09
39  45  1.74488e+09
39  46  1.74947e+09
39  47  1.80192e+09
39  48  1.65429e+09
39  49  1.5818e+09
39  50  1.67024e+09
40  0  2.90617e+08
40  1  4.28059e+08
40  2  7.4224e+08
40  3  8.06052e+08
40  4  8.59561e+08
40  5  1.6899e+09
40  6  1.75926e+09
40  7  2.04028e+09
40  8  1.804e+09
40  9  2.09594e+09
40  10  2.3514e+09
40  11  1.74922e+09
40  12  1.88327e+09
40  13  1.70732e+09
40  14  1.56743e+09
40  15  1.75135e+09
40  16  1.59117e+09
40  17  1.42289e+09
40  18  1.49829e+09
40  19  1.6854e+09
40  20  1.36053e+09
40  21  1.08596e+09
40  22  9.39081e+08
40  23  8.45242e+08
40  24  9.12942e+08
40  25  8.49627e+08
40  26  8.54644e+08
40  27  8.61537e+08
40  28  9.39513e+08
40  29  1.04459e+09
40  30  1.11184e+09
40  31  1.03509e+09
40  32  1.38156e+09
40  33  1.27932e+09
40  34  9.86949e+08
40  35  1.2032e+09
40  36  1.15993e+09
40  37  8.7374e+08
40  38  1.47685e+09
40  39  2.13791e+09
40  40  2.08391e+09
40  41  2.01414e+09
40  42  1.94051e+09
40  43  1.49913e+09
40  44  2.05512e+09
40  45  1.71828e+09
40  46  1.87083e+09
40  47  1.71399e+09
40  48  1.62071e+09
40  49  1.4797e+09
40  50  1.66582e+09
41  0  3.41168e+08
41  1  3.78356e+08
41  2  6.43311e+08
41  3  7.0021e+08
41  4  1.07706e+09
41  5  1.72672e+09
41  6  1.89242e+09
41  7  2.03971e+09
41  8  1.56211e+09
41  9  1.98456e+09
41  10  2.16698e+09
41  11  1.89641e+09
41  12  1.84551e+09
41  13  1.79917e+09
41  14  1.50861e+09
41  15  1.96961e+09
41  16  1.80199e+09
41  17  1.47526e+09
41  18  1.37615e+09
41  19  1.60353e+09
41  20  1.29529e+09
41  21  1.22467e+09
41  22  9.38402e+08
41  23  8.78645e+08
41  24  8.91759e+08
41  25  8.24728e+08
41  26  8.5449e+08
41  27  8.53602e+08
41  28  8.65531e+08
41  29  1.05786e+09
41  30  1.10551e+09
41  31  1.09806e+09
41  32  1.23588e+09
41  33  1.30215e+09
41  34  1.1238e+09
41  35  1.27307e+09
41  36  1.05095e+09
41  37  9.75316e+08
41  38  1.38483e+09
41  39  1.92127e+09
41  40  2.05701e+09
41  41  1.85003e+09
41  42  2.06181e+09
41  43  1.71136e+09
41  44  2.06523e+09
41  45  1.74033e+09
41  46  1.69498e+09
41  47  1.71668e+09
41  48  1.66184e+09
41  49  1.50178e+09
41  50  1.75531e+09
42  0  3.42702e+08
42  1  4.2847e+08
42  2  5.13481e+08
42  3  6.58147e+08
42  4  9.60513e+08
42  5  1.71938e+09
42  6  2.1532e+09
42  7  2.08045e+09
42  8  1.56825e+09
42  9  2.1157e+09
42  10  2.20734e+09
42  11  2.04564e+09
42  12  2.20361e+09
42  13  2.00176e+09
42  14  1.46124e+09
42  15  1.83184e+09
42  16  1.54173e+09
42  17  1.72629e+09
42  18  1.38818e+09
42  19  1.51101e+09
42  20  1.32397e+09
42  21  1.15331e+09
42  22  9.27516e+08
42  23  9.12382e+08
42  24  8.92412e+08
42  25  8.8438e+08
42  26  8.65333e+08
42  27  8.86717e+08
42  28  9.42285e+08
42  29  1.02468e+09
42  30  1.20903e+09
42  31  1.25057e+09
42  32  1.30805e+09
42  33  1.24296e+09
42  34  1.07683e+09
42  35  1.19966e+09
42  36  1.09309e+09
42  37  1.12902e+09
42  38  1.33856e+09
42  39  2.0614e+09
42  40  2.1502e+09
42  41  1.98552e+09
42  42  1.86151e+09
42  43  1.71869e+09
42  44  1.76129e+09
42  45  1.6927e+09
42  46  1.84367e+09
42  47  1.69231e+09
42  48  1.81439e+09
42  49  1.55742e+09
42  50  1.44387e+09
43  0  3.28981e+08
43  1  5.12448e+08
43  2  5.08284e+08
43  3  6.58237e+08
43  4  1.09415e+09
43  5  1.97703e+09
43  6  2.31506e+09
43  7  2.08844e+09
43  8  1.81732e+09
43  9  1.95674e+09
43  10  2.16814e+09
43  11  1.98098e+09
43  12  2.04489e+09
43  13  1.97582e+09
43  14  1.38699e+09
43  15  1.83131e+09
43  16  1.75626e+09
43  17  1.52786e+09
43  18  1.37041e+09
43  19  1.42245e+09
43  20  1.31688e+09
43  21  1.28728e+09
43  22  1.00795e+09
43  23  1.02403e+09
43  24  8.07591e+08
43  25  8.03786e+08
43  26  8.19742e+08
43  27  9.04796e+08
43  28  9.70728e+08
43  29  1.01944e+09
43  30  1.04144e+09
43  31  1.11304e+09
43  32  1.22143e+09
43  33  1.22105e+09
43  34  1.32223e+09
43  35  1.41452e+09
43  36  1.12835e+09
43  37  1.20508e+09
43  38  1.45651e+09
43  39  1.94722e+09
43  40  1.89386e+09
43  41  2.02111e+09
43  42  1.77074e+09
43  43  1.74578e+09
43  44  1.80111e+09
43  45  1.64784e+09
43  46  1.75569e+09
43  47  1.75823e+09
43  48  1.56737e+09
43  49  1.42026e+09
43  50  1.19801e+09
44  0  2.87466e+08
44  1  4.02699e+08
44  2  5.54248e+08
44  3  7.23803e+08
44  4  9.69971e+08
44  5  1.69233e+09
44  6  2.59456e+09
44  7  2.2285e+09
44  8  1.61819e+09
44  9  1.94052e+09
44  10  1.92861e+09
44  11  2.14521e+09
44  12  2.23685e+09
44  13  2.03047e+09
44  14  1.68673e+09
44  15  1.86536e+09
44  16  1.54261e+09
44  17  1.55002e+09
44  18  1.23446e+09
44  19  1.34312e+09
44  20  1.37224e+09
44  21  1.25504e+09
44  22  1.03536e+09
44  23  1.01423e+09
44  24  8.41762e+08
44  25  8.59407e+08
44  26  8.52409e+08
44  27  9.56752e+08
44  28  9.86615e+08
44  29  9.92053e+08
44  30  1.13858e+09
44  31  1.31642e+09
44  32  1.17817e+09
44  33  1.15354e+09
44  34  1.31136e+09
44  35  1.4747e+09
44  36  1.05986e+09
44  37  1.21266e+09
44  38  1.73817e+09
44  39  2.00479e+09
44  40  1.83927e+09
44  41  1.83052e+09
44  42  1.66667e+09
44  43  1.68986e+09
44  44  1.75968e+09
44  45  1.57252e+09
44  46  1.39089e+09
44  47  1.75556e+09
44  48  1.52305e+09
44  49  1.39247e+09
44  50  9.90418e+08
45  0  2.92509e+08
45  1  4.2991e+08
45  2  6.56778e+08
45  3  9.25969e+08
45  4  1.09799e+09
45  5  1.87056e+09
45  6  2.55609e+09
45  7  2.46209e+09
45  8  1.94239e+09
45  9  2.0343e+09
45  10  2.24276e+09
45  11  2.43448e+09
45  12  2.20408e+09
45  13  1.99195e+09
45  14  1.41398e+09
45  15  1.76071e+09
45  16  1.66006e+09
45  17  1.3638e+09
45  18  1.20375e+09
45  19  1.38706e+09
45  20  1.30653e+09
45  21  1.28373e+09
45  22  1.21373e+09
45  23  9.90145e+08
45  24  9.21326e+08
45  25  9.56908e+08
45  26  9.17789e+08
45  27  1.11789e+09
45  28  9.98556e+08
45  29  1.09308e+09
45  30  1.17973e+09
45  31  1.20666e+09
45  32  1.15251e+09
45  33  1.18394e+09
45  34  1.48564e+09
45  35  1.47622e+09
45  36  1.35966e+09
45  37  1.25855e+09
45  38  1.70722e+09
45  39  1.8296e+09
45  40  1.63191e+09
45  41  1.77841e+09
45  42  1.68637e+09
45  43  1.55962e+09
45  44  1.5547e+09
45  45  1.45444e+09
45  46  1.52729e+09
45  47  1.38463e+09
45  48  1.36034e+09
45  49  1.20528e+09
45  50  9.3864e+08
46  0  3.11376e+08
46  1  3.74643e+08
46  2  6.67901e+08
46  3  8.03819e+08
46  4  1.21955e+09
46  5  1.96959e+09
46  6  2.42331e+09
46  7  2.43068e+09
46  8  1.95142e+09
46  9  2.25601e+09
46  10  2.39588e+09
46  11  2.41744e+09
46  12  2.31361e+09
46  13  1.98833e+09
46  14  1.562e+09
46  15  1.77243e+09
46  16  1.58934e+09
46  17  1.33738e+09
46  18  1.17964e+09
46  19  1.25949e+09
46  20  1.14475e+09
46  21  1.44213e+09
46  22  1.1226e+09
46  23  9.45551e+08
46  24  9.29588e+08
46  25  1.0086e+09
46  26  8.41402e+08
46  27  9.44791e+08
46  28  1.12036e+09
46  29  1.01414e+09
46  30  1.2099e+09
46  31  1.37207e+09
46  32  1.19672e+09
46  33  1.2657e+09
46  34  1.40221e+09
46  35  1.43476e+09
46  36  1.25972e+09
46  37  1.32836e+09
46  38  1.61424e+09
46  39  1.6946e+09
46  40  1.79907e+09
46  41  1.51608e+09
46  42  1.6887e+09
46  43  1.55361e+09
46  44  1.57954e+09
46  45  1.26916e+09
46  46  1.48464e+09
46  47  1.43888e+09
46  48  1.25659e+09
46  49  9.76443e+08
46  50  8.33253e+08
47  0  3.18688e+08
47  1  4.59804e+08
47  2  6.53635e+08
47  3  9.96857e+08
47  4  1.4414e+09
47  5  1.8205e+09
47  6  2.71311e+09
47  7  2.06636e+09
47  8  1.9951e+09
47  9  2.20221e+09
47  10  2.3827e+09
47  11  2.53465e+09
47  12  2.40215e+09
47  13  2.15037e+09
47  14  1.7499e+09
47  15  1.81233e+09
47  16  1.50909e+09
47  17  1.33523e+09
47  18  1.19201e+09
47  19  1.26517e+09
47  20  1.17581e+09
47  21  1.44804e+09
47  22  1.18335e+09
47  23  1.10191e+09
47  24  1.02886e+09
47  25  1.12193e+09
47  26  1.04663e+09
47  27  1.24247e+09
47  28  1.06642e+09
47  29  1.24355e+09
47  30  1.4168e+09
47  31  1.44545e+09
47  32  1.17035e+09
47  33  1.34018e+09
47  34  1.63654e+09
47  35  1.49503e+09
47  36  1.43437e+09
47  37  1.36081e+09
47  38  1.71056e+09
47  39  2.07281e+09
47  40  1.58564e+09
47  41  1.65647e+09
47  42  1.46785e+09
47  43  1.40128e+09
47  44  1.48142e+09
47  45  1.19726e+09
47  46  1.19929e+09
47  47  1.30824e+09
47  48  1.12326e+09
47  49  1.02842e+09
47  50  9.68712e+08
48  0  3.55478e+08
48  1  4.85025e+08
48  2  6.88024e+08
48  3  1.0103e+09
48  4  1.3808e+09
48  5  1.49173e+09
48  6  2.44091e+09
48  7  2.08713e+09
48  8  2.02486e+09
48  9  2.17551e+09
48  10  2.73637e+09
48  11  2.39358e+09
48  12  2.62707e+09
48  13  2.02989e+09
48  14  1.58384e+09
48  15  1.93709e+09
48  16  1.66591e+09
48  17  1.52413e+09
48  18  1.29336e+09
48  19  1.21511e+09
48  20  1.38922e+09
48  21  1.19683e+09
48  22  1.25359e+09
48  23  1.10457e+09
48  24  1.14728e+09
48  25  9.82491e+08
48  26  1.08059e+09
48  27  1.32134e+09
48  28  1.35557e+09
48  29  1.29365e+09
48  30  1.42787e+09
48  31  1.51048e+09
48  32  1.39311e+09
48  33  1.36387e+09
48  34  1.84134e+09
48  35  1.51634e+09
48  36  1.35485e+09
48  37  1.4729e+09
48  38  1.76557e+09
48  39  1.84862e+09
48  40  1.78423e+09
48  41  1.46829e+09
48  42  1.3366e+09
48  43  1.39649e+09
48  44  1.2293e+09
48  45  1.14443e+09
48  46  1.10413e+09
48  47  1.15647e+09
48  48  1.0144e+09
48  49  8.76256e+08
48  50  8.376e+08
49  0  2.98692e+08
49  1  4.87547e+08
49  2  8.473e+08
49  3  1.26516e+09
49  4  1.69846e+09
49  5  1.69247e+09
49  6  2.52286e+09
49  7  1.68673e+09
49  8  1.72913e+09
49  9  2.09819e+09
49  10  2.33282e+09
49  11  2.41285e+09
49  12  2.54933e+09
49  13  2.47175e+09
49  14  1.79886e+09
49  15  2.16968e+09
49  16  1.92984e+09
49  17  1.66574e+09
49  18  1.33351e+09
49  19  1.21649e+09
49  20  1.12301e+09
49  21  1.18841e+09
49  22  1.23703e+09
49  23  1.16966e+09
49  24  1.12996e+09
49  25  1.18014e+09
49  26  1.48416e+09
49  27  1.47545e+09
49  28  1.4702e+09
49  29  1.30954e+09
49  30  1.7041e+09
49  31  1.4466e+09
49  32  1.28803e+09
49  33  1.40676e+09
49  34  1.82228e+09
49  35  1.74227e+09
49  36  1.48838e+09
49  37  1.51824e+09
49  38  1.88772e+09
49  39  1.94324e+09
49  40  1.46501e+09
49  41  1.34741e+09
49  42  1.31763e+09
49  43  1.35721e+09
49  44  1.19532e+09
49  45  1.18876e+09
49  46  1.23511e+09
49  47  1.23649e+09
49  48  1.16788e+09
49  49  9.54551e+08
49  50  9.15349e+08
50  0  3.32063e+08
50  1  4.12268e+08
50  2  7.8872e+08
50  3  1.38985e+09
50  4  1.82189e+09
50  5  1.70058e+09
50  6  2.07842e+09
50  7  1.915e+09
50  8  1.89079e+09
50  9  2.17311e+09
50  10  2.36652e+09
50  11  2.29418e+09
50  12  2.9873e+09
50  13  2.68088e+09
50  14  1.92953e+09
50  15  2.02904e+09
50  16  1.95426e+09
50  17  1.65464e+09
50  18  1.23773e+09
50  19  1.12955e+09
50  20  1.24539e+09
50  21  1.147e+09
50  22  1.33329e+09
50  23  1.27013e+09
50  24  1.23908e+09
50  25  1.21589e+09
50  26  1.62459e+09
50  27  1.34656e+09
50  28  1.44086e+09
50  29  1.54115e+09
50  30  1.65855e+09
50  31  1.66856e+09
50  32  1.52363e+09
50  33  1.426e+09
50  34  1.75857e+09
50  35  1.60862e+09
50  36  1.7351e+09
50  37  1.49485e+09
50  38  1.71894e+09
50  39  1.80161e+09
50  40  1.52465e+09
50  41  1.38607e+09
50  42  1.33627e+09
50  43  1.30613e+09
50  44  1.31141e+09
50  45  1.0667e+09
50  46  1.27468e+09
50  47  1.28573e+09
50  48  1.2426e+09
50  49  1.02573e+09
50  50  9.80188e+08

