row  column  (images_32.edf Mn-K*images_32.edf Ar-K**2.3)
0  0  3.37606e+07
0  1  2.61303e+07
0  2  0
0  3  1.59841e+07
0  4  1.72574e+07
0  5  3.00213e+07
0  6  3.07527e+07
0  7  2.55134e+07
0  8  2.88469e+07
0  9  1.27331e+07
0  10  0
0  11  2.05635e+07
0  12  2.633e+07
0  13  1.1261e+07
0  14  2.28765e+07
0  15  2.32541e+07
0  16  2.59039e+07
0  17  2.77138e+07
0  18  2.33877e+07
0  19  2.19565e+07
0  20  2.14333e+07
0  21  2.39987e+07
0  22  1.7775e+07
0  23  1.63047e+07
0  24  9.11968e+06
0  25  2.1014e+07
0  26  1.40793e+07
0  27  3.03146e+07
0  28  2.64872e+07
0  29  2.30691e+07
0  30  1.44843e+07
0  31  1.66851e+07
0  32  2.46969e+07
0  33  1.54799e+07
0  34  2.96691e+07
0  35  1.95166e+07
0  36  2.35346e+07
0  37  2.58964e+07
0  38  2.54732e+07
0  39  6.15234e+06
0  40  2.69199e+07
0  41  3.04757e+07
0  42  1.23559e+07
0  43  3.51381e+07
0  44  1.9321e+07
0  45  2.65612e+07
0  46  1.17769e+07
0  47  2.39451e+07
0  48  2.51376e+07
0  49  2.45654e+07
0  50  3.04402e+07
1  0  2.07996e+07
1  1  4.50092e+07
1  2  2.16705e+07
1  3  1.6134e+07
1  4  3.14853e+07
1  5  1.79654e+07
1  6  2.18325e+07
1  7  3.5944e+07
1  8  2.88977e+07
1  9  1.56073e+07
1  10  1.01197e+07
1  11  1.67768e+07
1  12  8.95444e+06
1  13  2.37963e+07
1  14  1.6363e+07
1  15  2.01301e+07
1  16  2.91414e+07
1  17  3.24432e+07
1  18  2.06765e+07
1  19  3.32062e+07
1  20  2.46155e+07
1  21  2.12092e+07
1  22  2.8769e+07
1  23  2.248e+07
1  24  1.5765e+07
1  25  1.95576e+07
1  26  1.8388e+07
1  27  2.21478e+07
1  28  1.53528e+07
1  29  3.37752e+07
1  30  2.8882e+07
1  31  3.00475e+07
1  32  1.2367e+07
1  33  2.03868e+07
1  34  1.14848e+07
1  35  2.85842e+07
1  36  2.38183e+07
1  37  3.01177e+07
1  38  2.44772e+07
1  39  1.51956e+07
1  40  3.0948e+07
1  41  2.53523e+07
1  42  2.10605e+07
1  43  2.44703e+07
1  44  1.72587e+07
1  45  3.03146e+07
1  46  1.87813e+07
1  47  1.68829e+07
1  48  1.96713e+07
1  49  1.08151e+07
1  50  2.40547e+07
2  0  3.92654e+07
2  1  2.22523e+07
2  2  4.78708e+07
2  3  2.36083e+07
2  4  3.54466e+07
2  5  2.13622e+07
2  6  2.16524e+07
2  7  3.26118e+07
2  8  1.38838e+07
2  9  0
2  10  5.82506e+06
2  11  2.00972e+07
2  12  2.67329e+07
2  13  1.46354e+07
2  14  1.95266e+07
2  15  1.79943e+07
2  16  3.04342e+07
2  17  1.99825e+07
2  18  1.74269e+07
2  19  1.35364e+07
2  20  2.73787e+07
2  21  2.61741e+07
2  22  3.17811e+07
2  23  2.04975e+07
2  24  2.62528e+07
2  25  2.74807e+07
2  26  1.67702e+07
2  27  3.03631e+07
2  28  3.0437e+07
2  29  4.95065e+07
2  30  1.19957e+07
2  31  3.01885e+07
2  32  2.51139e+07
2  33  1.88393e+07
2  34  2.06835e+07
2  35  2.87637e+07
2  36  2.01452e+07
2  37  2.91071e+07
2  38  3.27046e+07
2  39  2.89866e+07
2  40  1.99944e+07
2  41  1.50232e+07
2  42  2.52539e+07
2  43  1.59724e+07
2  44  3.28511e+07
2  45  1.67693e+07
2  46  1.96491e+07
2  47  2.16406e+07
2  48  2.20116e+07
2  49  2.76954e+07
2  50  1.43244e+07
3  0  2.70293e+07
3  1  2.71056e+07
3  2  3.439e+07
3  3  2.63319e+07
3  4  1.27546e+07
3  5  2.9514e+07
3  6  1.77443e+07
3  7  3.46689e+07
3  8  1.88969e+07
3  9  1.52794e+07
3  10  2.08e+07
3  11  1.46817e+07
3  12  2.09664e+07
3  13  1.06223e+07
3  14  2.43437e+07
3  15  2.13919e+07
3  16  1.99294e+07
3  17  1.06323e+07
3  18  2.28072e+07
3  19  1.64204e+07
3  20  1.62292e+07
3  21  2.24314e+07
3  22  8.22018e+06
3  23  3.15414e+07
3  24  1.2268e+07
3  25  2.06257e+07
3  26  1.8137e+07
3  27  2.63062e+07
3  28  2.88499e+07
3  29  1.80733e+07
3  30  2.57024e+07
3  31  4.10884e+07
3  32  1.61296e+07
3  33  3.37966e+07
3  34  9.23638e+06
3  35  2.45907e+07
3  36  8.92997e+06
3  37  2.18709e+07
3  38  2.97025e+07
3  39  1.65028e+07
3  40  2.39469e+07
3  41  2.10986e+07
3  42  2.32236e+07
3  43  2.98743e+07
3  44  2.55357e+07
3  45  3.01777e+07
3  46  3.03571e+07
3  47  2.04793e+07
3  48  1.29118e+07
3  49  2.07108e+07
3  50  1.82676e+07
4  0  1.96135e+07
4  1  3.43173e+07
4  2  2.3245e+07
4  3  3.0052e+07
4  4  1.99627e+07
4  5  2.65013e+07
4  6  3.15172e+07
4  7  3.78575e+07
4  8  2.66012e+07
4  9  2.36271e+07
4  10  2.31688e+07
4  11  2.11147e+07
4  12  3.95555e+07
4  13  2.40711e+07
4  14  2.45055e+07
4  15  2.5078e+07
4  16  1.15815e+07
4  17  1.10292e+07
4  18  2.06992e+07
4  19  1.6345e+07
4  20  2.78288e+07
4  21  1.91132e+07
4  22  2.32226e+07
4  23  2.2112e+07
4  24  3.0819e+07
4  25  1.66757e+07
4  26  3.558e+07
4  27  7.69779e+06
4  28  2.59678e+07
4  29  1.63566e+07
4  30  1.60917e+07
4  31  3.22039e+07
4  32  2.33266e+07
4  33  3.09059e+07
4  34  2.44276e+07
4  35  2.20661e+07
4  36  1.69243e+07
4  37  2.42655e+07
4  38  3.34366e+07
4  39  1.28524e+07
4  40  2.26472e+07
4  41  1.62367e+07
4  42  2.34897e+07
4  43  2.21313e+07
4  44  3.10087e+07
4  45  2.4398e+07
4  46  2.3051e+07
4  47  1.49377e+07
4  48  3.1346e+07
4  49  2.44921e+07
4  50  1.94217e+07
5  0  4.06949e+07
5  1  3.48415e+07
5  2  3.82772e+07
5  3  2.80047e+07
5  4  2.83309e+07
5  5  3.75247e+07
5  6  2.7963e+07
5  7  3.18243e+07
5  8  1.25517e+07
5  9  1.12391e+07
5  10  2.62397e+07
5  11  2.11517e+07
5  12  2.29849e+07
5  13  3.25155e+07
5  14  2.10406e+07
5  15  2.95603e+07
5  16  2.05501e+07
5  17  2.01161e+07
5  18  3.0049e+07
5  19  1.53412e+07
5  20  1.10793e+07
5  21  1.14522e+07
5  22  2.12112e+07
5  23  2.26748e+07
5  24  1.35911e+07
5  25  2.92876e+07
5  26  3.01326e+07
5  27  2.33823e+07
5  28  1.06095e+07
5  29  5.54373e+06
5  30  2.35381e+07
5  31  1.68391e+07
5  32  2.50539e+07
5  33  1.55883e+07
5  34  2.91105e+07
5  35  2.48487e+07
5  36  2.03786e+07
5  37  3.02018e+07
5  38  1.54778e+07
5  39  3.36662e+07
5  40  1.99498e+07
5  41  3.14802e+07
5  42  1.80157e+07
5  43  2.76197e+07
5  44  1.70969e+07
5  45  2.34833e+07
5  46  1.4726e+07
5  47  2.45558e+07
5  48  1.91221e+07
5  49  1.83572e+07
5  50  2.49549e+07
6  0  2.87831e+07
6  1  2.28004e+07
6  2  3.3939e+07
6  3  2.51156e+07
6  4  2.9128e+07
6  5  2.25502e+07
6  6  1.00999e+07
6  7  2.718e+07
6  8  1.79241e+07
6  9  2.82478e+07
6  10  1.20948e+07
6  11  2.7851e+07
6  12  2.3025e+07
6  13  1.72696e+07
6  14  2.12232e+07
6  15  1.85172e+07
6  16  1.96866e+07
6  17  2.46885e+07
6  18  1.90035e+07
6  19  1.88629e+07
6  20  1.79483e+07
6  21  2.35643e+07
6  22  1.54016e+07
6  23  1.38301e+07
6  24  2.41066e+07
6  25  1.61055e+07
6  26  2.60306e+07
6  27  2.04896e+07
6  28  2.70013e+07
6  29  3.06218e+07
6  30  2.56022e+07
6  31  9.20387e+06
6  32  3.43132e+07
6  33  3.72443e+07
6  34  1.99686e+07
6  35  3.15739e+07
6  36  1.71803e+07
6  37  3.66546e+07
6  38  1.56122e+07
6  39  1.76556e+07
6  40  3.21697e+07
6  41  2.35446e+07
6  42  2.44311e+07
6  43  4.7806e+07
6  44  3.73851e+07
6  45  2.66911e+07
6  46  3.29339e+07
6  47  3.76562e+07
6  48  1.97576e+07
6  49  1.56688e+07
6  50  1.8751e+07
7  0  1.78593e+07
7  1  1.64395e+07
7  2  2.96084e+07
7  3  2.24675e+07
7  4  3.01053e+07
7  5  3.97756e+07
7  6  1.86694e+07
7  7  3.66798e+07
7  8  1.88866e+07
7  9  1.44958e+07
7  10  2.8592e+07
7  11  1.79704e+07
7  12  3.59142e+07
7  13  2.41256e+07
7  14  3.11973e+07
7  15  2.59158e+07
7  16  3.21532e+07
7  17  2.67997e+07
7  18  3.91287e+07
7  19  2.52147e+07
7  20  1.96838e+07
7  21  1.54583e+07
7  22  1.68996e+07
7  23  1.01401e+07
7  24  2.11887e+07
7  25  3.30604e+07
7  26  2.94373e+07
7  27  1.73646e+07
7  28  2.66621e+07
7  29  2.68328e+07
7  30  1.51576e+07
7  31  2.14555e+07
7  32  2.7864e+07
7  33  2.45979e+07
7  34  2.4061e+07
7  35  2.35076e+07
7  36  3.5637e+07
7  37  3.55924e+07
7  38  3.63913e+07
7  39  2.3116e+07
7  40  2.27779e+07
7  41  1.98002e+07
7  42  1.30899e+07
7  43  2.34739e+07
7  44  2.47134e+07
7  45  2.18706e+07
7  46  1.25628e+07
7  47  9.76932e+06
7  48  1.97704e+07
7  49  2.39091e+07
7  50  2.75087e+07
8  0  3.26826e+07
8  1  1.95688e+07
8  2  2.70553e+07
8  3  1.59208e+07
8  4  2.4362e+07
8  5  2.60986e+07
8  6  1.98672e+07
8  7  2.38916e+07
8  8  1.63484e+07
8  9  1.82448e+07
8  10  2.73177e+07
8  11  3.23969e+07
8  12  2.5991e+07
8  13  1.86235e+07
8  14  1.12919e+07
8  15  2.7986e+07
8  16  1.82415e+07
8  17  1.62762e+07
8  18  2.19371e+07
8  19  3.34089e+07
8  20  1.13348e+07
8  21  1.80775e+07
8  22  2.5535e+07
8  23  8.94195e+06
8  24  1.67444e+07
8  25  3.73273e+07
8  26  2.60841e+07
8  27  2.48484e+07
8  28  1.83192e+07
8  29  9.64945e+06
8  30  2.50721e+07
8  31  1.76633e+07
8  32  1.55399e+07
8  33  2.88514e+07
8  34  2.58269e+07
8  35  2.86441e+07
8  36  2.0621e+07
8  37  3.38654e+07
8  38  1.50528e+07
8  39  2.33127e+07
8  40  2.73673e+07
8  41  1.64988e+07
8  42  1.29883e+07
8  43  3.32116e+07
8  44  2.67108e+07
8  45  1.90565e+07
8  46  2.71436e+07
8  47  3.67094e+07
8  48  2.40477e+07
8  49  1.50164e+07
8  50  1.40525e+07
9  0  2.68392e+07
9  1  2.30466e+07
9  2  3.35099e+07
9  3  3.44919e+07
9  4  2.65784e+07
9  5  3.19265e+07
9  6  2.86009e+07
9  7  2.04715e+07
9  8  1.77674e+07
9  9  1.95283e+07
9  10  2.79457e+07
9  11  2.68195e+07
9  12  1.73971e+07
9  13  3.1241e+07
9  14  2.62038e+07
9  15  1.5987e+07
9  16  2.40119e+07
9  17  1.94214e+07
9  18  1.59081e+07
9  19  2.14384e+07
9  20  1.89751e+07
9  21  2.2635e+07
9  22  1.17251e+07
9  23  9.16906e+06
9  24  8.94188e+06
9  25  2.00187e+07
9  26  2.97051e+07
9  27  8.58183e+06
9  28  1.53865e+07
9  29  2.1391e+07
9  30  2.60374e+07
9  31  2.31602e+07
9  32  1.94731e+07
9  33  3.01317e+07
9  34  1.73427e+07
9  35  2.2408e+07
9  36  1.9514e+07
9  37  1.58862e+07
9  38  3.80848e+07
9  39  3.44356e+07
9  40  1.23817e+07
9  41  2.92507e+07
9  42  2.2174e+07
9  43  1.41226e+07
9  44  2.47129e+07
9  45  2.45817e+07
9  46  3.30211e+07
9  47  2.51976e+07
9  48  1.66851e+07
9  49  6.73625e+06
9  50  2.15582e+07
10  0  2.87036e+07
10  1  2.0108e+07
10  2  2.05499e+07
10  3  1.83226e+07
10  4  2.61354e+07
10  5  2.5658e+07
10  6  2.82455e+07
10  7  2.84464e+07
10  8  3.04107e+07
10  9  3.04116e+07
10  10  1.63999e+07
10  11  3.04352e+07
10  12  1.95402e+07
10  13  3.04268e+07
10  14  1.62879e+07
10  15  2.76518e+07
10  16  2.00041e+07
10  17  1.49204e+07
10  18  2.50944e+07
10  19  2.53147e+07
10  20  3.46386e+07
10  21  2.3379e+07
10  22  1.455e+07
10  23  2.36892e+07
10  24  2.80131e+07
10  25  3.082e+07
10  26  2.38552e+07
10  27  2.09294e+07
10  28  3.101e+07
10  29  3.28975e+07
10  30  2.32576e+07
10  31  1.69082e+07
10  32  3.24702e+07
10  33  2.60013e+07
10  34  3.26717e+07
10  35  2.47306e+07
10  36  1.82864e+07
10  37  2.21041e+07
10  38  1.96117e+07
10  39  2.99183e+07
10  40  3.65971e+07
10  41  1.74024e+07
10  42  2.25396e+07
10  43  1.31722e+07
10  44  2.14944e+07
10  45  1.94726e+07
10  46  3.41436e+07
10  47  3.35265e+07
10  48  2.57558e+07
10  49  1.85597e+07
10  50  1.81303e+07
11  0  2.89643e+07
11  1  1.79114e+07
11  2  1.26337e+07
11  3  2.18886e+07
11  4  3.14497e+07
11  5  6.72802e+06
11  6  2.19354e+07
11  7  2.71748e+07
11  8  2.69478e+07
11  9  3.36812e+07
11  10  2.14899e+07
11  11  2.87189e+07
11  12  2.03349e+07
11  13  1.49584e+07
11  14  2.40502e+07
11  15  2.28695e+07
11  16  3.05704e+07
11  17  2.629e+07
11  18  2.59747e+07
11  19  1.8883e+07
11  20  3.20498e+07
11  21  2.30004e+07
11  22  1.40067e+07
11  23  1.1252e+07
11  24  0
11  25  3.2964e+07
11  26  1.91894e+07
11  27  3.53196e+07
11  28  2.29282e+07
11  29  2.22648e+07
11  30  2.49632e+07
11  31  2.09744e+07
11  32  2.08383e+07
11  33  1.9437e+07
11  34  2.0313e+07
11  35  2.34345e+07
11  36  2.61408e+07
11  37  2.38634e+07
11  38  3.88054e+07
11  39  2.36463e+07
11  40  2.97169e+07
11  41  2.97925e+07
11  42  2.63609e+07
11  43  2.14354e+07
11  44  2.54172e+07
11  45  2.40737e+07
11  46  3.03382e+07
11  47  3.7129e+07
11  48  2.76671e+07
11  49  1.87281e+07
11  50  7.49206e+06
12  0  1.8937e+07
12  1  2.4132e+07
12  2  2.47692e+07
12  3  2.43149e+07
12  4  2.61609e+07
12  5  3.71023e+07
12  6  2.02906e+07
12  7  2.98725e+07
12  8  1.87877e+07
12  9  1.62745e+07
12  10  3.30988e+07
12  11  2.19996e+07
12  12  2.83409e+07
12  13  2.40835e+07
12  14  5.79559e+06
12  15  2.54981e+07
12  16  1.49575e+07
12  17  1.49373e+07
12  18  2.18725e+07
12  19  4.29413e+07
12  20  3.17748e+07
12  21  2.57045e+07
12  22  3.08061e+07
12  23  1.72288e+07
12  24  3.33477e+07
12  25  1.8436e+07
12  26  1.34213e+07
12  27  2.37614e+07
12  28  1.64228e+07
12  29  2.3492e+07
12  30  2.34057e+07
12  31  2.93834e+07
12  32  2.78809e+07
12  33  2.59492e+07
12  34  1.7436e+07
12  35  2.96648e+07
12  36  3.06359e+07
12  37  2.338e+07
12  38  2.15453e+07
12  39  2.42185e+07
12  40  2.91816e+07
12  41  2.02836e+07
12  42  2.0756e+07
12  43  2.11304e+07
12  44  1.4338e+07
12  45  1.96152e+07
12  46  4.66011e+07
12  47  1.76419e+07
12  48  2.51316e+07
12  49  3.41783e+07
12  50  3.3052e+07
13  0  3.40232e+07
13  1  3.28425e+07
13  2  2.41233e+07
13  3  3.0283e+07
13  4  2.47992e+07
13  5  1.74502e+07
13  6  2.48309e+07
13  7  2.72844e+07
13  8  1.85929e+07
13  9  2.05595e+07
13  10  2.88922e+07
13  11  1.9079e+07
13  12  2.22672e+07
13  13  2.33166e+07
13  14  2.92665e+07
13  15  2.76326e+07
13  16  3.37915e+07
13  17  2.07241e+07
13  18  1.91346e+07
13  19  2.85382e+07
13  20  2.26032e+07
13  21  3.59511e+07
13  22  3.11349e+07
13  23  1.93837e+07
13  24  3.02028e+07
13  25  1.69462e+07
13  26  2.10686e+07
13  27  3.793e+07
13  28  1.68319e+07
13  29  1.77695e+07
13  30  2.92802e+07
13  31  1.57904e+07
13  32  2.3792e+07
13  33  3.6654e+07
13  34  3.12792e+07
13  35  1.87128e+07
13  36  1.96907e+07
13  37  2.20068e+07
13  38  4.02613e+07
13  39  2.79599e+07
13  40  5.63304e+06
13  41  2.63961e+07
13  42  1.6511e+07
13  43  2.29284e+07
13  44  1.85015e+07
13  45  2.44252e+07
13  46  3.33324e+07
13  47  2.22936e+07
13  48  2.05199e+07
13  49  1.20619e+07
13  50  1.32292e+07
14  0  2.43329e+07
14  1  3.00384e+07
14  2  1.90073e+07
14  3  2.19312e+07
14  4  1.34697e+07
14  5  2.01822e+07
14  6  2.74388e+07
14  7  3.72418e+07
14  8  1.57228e+07
14  9  2.96177e+07
14  10  2.90248e+07
14  11  1.04261e+07
14  12  1.38532e+07
14  13  3.2573e+07
14  14  2.28533e+07
14  15  1.56324e+07
14  16  3.45043e+07
14  17  1.84387e+07
14  18  2.45232e+07
14  19  1.43164e+07
14  20  2.79667e+07
14  21  2.54421e+07
14  22  2.49626e+07
14  23  2.44276e+07
14  24  1.51892e+07
14  25  1.94532e+07
14  26  3.01747e+07
14  27  3.26272e+07
14  28  1.78135e+07
14  29  1.45317e+07
14  30  2.06185e+07
14  31  3.66518e+07
14  32  3.27274e+07
14  33  2.09866e+07
14  34  2.46576e+07
14  35  3.26026e+07
14  36  2.47591e+07
14  37  1.87733e+07
14  38  9.80182e+06
14  39  3.65917e+07
14  40  9.77636e+06
14  41  2.63431e+07
14  42  3.6984e+07
14  43  3.09226e+07
14  44  3.48139e+07
14  45  2.573e+07
14  46  2.60269e+07
14  47  2.68638e+07
14  48  2.40303e+07
14  49  3.70729e+07
14  50  3.03892e+07
15  0  2.15534e+07
15  1  3.98207e+07
15  2  1.73831e+07
15  3  2.0756e+07
15  4  9.29782e+06
15  5  1.22401e+07
15  6  2.19998e+07
15  7  1.67225e+07
15  8  1.87716e+07
15  9  3.23538e+07
15  10  2.48583e+07
15  11  8.46508e+06
15  12  1.6436e+07
15  13  2.53798e+07
15  14  2.77157e+07
15  15  1.5934e+07
15  16  2.95991e+07
15  17  2.10357e+07
15  18  2.79848e+07
15  19  1.74836e+07
15  20  2.08366e+07
15  21  2.78073e+07
15  22  1.35289e+07
15  23  1.50122e+07
15  24  3.80848e+06
15  25  1.69853e+07
15  26  4.33967e+06
15  27  2.65315e+07
15  28  1.64285e+07
15  29  3.49144e+07
15  30  1.93831e+07
15  31  2.35469e+07
15  32  2.81186e+07
15  33  2.69381e+07
15  34  1.43769e+07
15  35  3.15858e+07
15  36  2.80933e+07
15  37  2.63032e+07
15  38  3.57834e+07
15  39  2.1868e+07
15  40  2.83484e+07
15  41  2.72574e+07
15  42  3.04656e+07
15  43  2.71646e+07
15  44  2.67663e+07
15  45  3.07458e+07
15  46  2.31237e+07
15  47  2.07428e+07
15  48  3.15247e+07
15  49  2.98315e+07
15  50  3.2351e+07
16  0  2.30006e+07
16  1  2.30443e+07
16  2  6.51707e+06
16  3  2.91892e+07
16  4  5.65242e+06
16  5  2.86521e+07
16  6  1.77878e+07
16  7  2.15197e+07
16  8  2.67107e+07
16  9  3.46286e+07
16  10  1.82329e+07
16  11  5.66982e+06
16  12  1.7455e+07
16  13  2.0018e+07
16  14  2.6147e+07
16  15  3.54787e+07
16  16  2.52268e+07
16  17  1.6385e+07
16  18  3.37243e+07
16  19  1.84686e+07
16  20  3.28699e+07
16  21  1.39338e+07
16  22  3.01375e+07
16  23  1.87627e+07
16  24  1.91426e+07
16  25  1.35847e+07
16  26  2.52917e+07
16  27  0
16  28  0
16  29  3.34356e+07
16  30  2.76463e+07
16  31  2.34875e+07
16  32  2.37e+07
16  33  2.90609e+07
16  34  1.89423e+07
16  35  3.75427e+07
16  36  1.87228e+07
16  37  1.40487e+07
16  38  1.16325e+07
16  39  3.18401e+07
16  40  3.60105e+07
16  41  3.0172e+07
16  42  2.10326e+07
16  43  2.29485e+07
16  44  1.75513e+07
16  45  1.98866e+07
16  46  3.62601e+07
16  47  1.44497e+07
16  48  1.47241e+07
16  49  2.58726e+07
16  50  2.56577e+07
17  0  3.18562e+07
17  1  3.03977e+07
17  2  1.8436e+07
17  3  9.96476e+06
17  4  3.59727e+07
17  5  2.90683e+07
17  6  2.23585e+07
17  7  2.60891e+07
17  8  3.02921e+07
17  9  2.29331e+07
17  10  2.66003e+07
17  11  1.55942e+07
17  12  1.13413e+07
17  13  2.04889e+07
17  14  2.42073e+07
17  15  2.37486e+07
17  16  2.32443e+07
17  17  2.74016e+07
17  18  3.17682e+07
17  19  2.03314e+07
17  20  2.56463e+07
17  21  3.23871e+07
17  22  3.19825e+07
17  23  1.83186e+07
17  24  2.67715e+07
17  25  1.3071e+07
17  26  1.81475e+07
17  27  0
17  28  0
17  29  1.5391e+07
17  30  2.05295e+07
17  31  1.94266e+07
17  32  2.44675e+07
17  33  2.32555e+07
17  34  2.95543e+07
17  35  2.64262e+07
17  36  2.57618e+07
17  37  1.81103e+07
17  38  1.69334e+07
17  39  2.88255e+07
17  40  2.27661e+07
17  41  2.33116e+07
17  42  2.48421e+07
17  43  2.3786e+07
17  44  1.84616e+07
17  45  3.07997e+07
17  46  1.58577e+07
17  47  2.69742e+07
17  48  1.58567e+07
17  49  2.22745e+07
17  50  2.12225e+07
18  0  2.56521e+07
18  1  2.38665e+07
18  2  2.24196e+07
18  3  2.63252e+07
18  4  2.80686e+07
18  5  2.43591e+07
18  6  9.12743e+06
18  7  3.11105e+07
18  8  1.67312e+07
18  9  2.01008e+07
18  10  2.32203e+07
18  11  1.7799e+07
18  12  3.01385e+07
18  13  1.54506e+07
18  14  2.46308e+07
18  15  2.25727e+07
18  16  2.22833e+07
18  17  3.11759e+07
18  18  1.28005e+07
18  19  1.98493e+07
18  20  2.59046e+07
18  21  2.40653e+07
18  22  5.9504e+06
18  23  1.04601e+07
18  24  2.06352e+07
18  25  2.70405e+07
18  26  1.12989e+07
18  27  0
18  28  0
18  29  3.46214e+07
18  30  2.19622e+07
18  31  1.59557e+07
18  32  3.46683e+07
18  33  1.50121e+07
18  34  1.83679e+07
18  35  2.07002e+07
18  36  2.44972e+07
18  37  2.1326e+07
18  38  1.67189e+07
18  39  2.15943e+07
18  40  3.29646e+07
18  41  2.1464e+07
18  42  1.39242e+07
18  43  3.67351e+07
18  44  1.63258e+07
18  45  3.70671e+07
18  46  2.55096e+07
18  47  1.80498e+07
18  48  2.9223e+07
18  49  2.79805e+07
18  50  2.28471e+07
19  0  2.87284e+07
19  1  1.26651e+07
19  2  3.74138e+07
19  3  7.52484e+06
19  4  1.40279e+07
19  5  2.97317e+07
19  6  2.22332e+07
19  7  2.3407e+07
19  8  3.76439e+07
19  9  1.95006e+07
19  10  1.5183e+07
19  11  1.18871e+07
19  12  1.32436e+07
19  13  1.64083e+07
19  14  1.01828e+07
19  15  2.98206e+07
19  16  1.42291e+07
19  17  2.66776e+07
19  18  1.13955e+07
19  19  3.485e+07
19  20  2.38392e+07
19  21  2.26929e+07
19  22  1.45114e+07
19  23  2.0198e+07
19  24  3.1733e+07
19  25  3.05939e+07
19  26  2.12091e+07
19  27  0
19  28  1.87599e+07
19  29  2.38639e+07
19  30  1.54196e+07
19  31  2.70727e+07
19  32  2.05465e+07
19  33  1.77573e+07
19  34  3.6575e+07
19  35  2.21536e+07
19  36  3.42553e+07
19  37  1.22406e+07
19  38  1.20221e+07
19  39  2.29981e+07
19  40  2.32289e+07
19  41  3.13388e+07
19  42  2.28121e+07
19  43  2.45947e+07
19  44  2.14481e+07
19  45  1.73539e+07
19  46  1.53701e+07
19  47  3.09781e+07
19  48  2.06903e+07
19  49  2.06948e+07
19  50  1.63699e+07
20  0  2.10685e+07
20  1  2.50656e+07
20  2  1.57001e+07
20  3  2.05098e+07
20  4  2.41721e+07
20  5  1.14812e+07
20  6  1.88183e+07
20  7  9.25902e+06
20  8  2.90337e+07
20  9  1.33106e+07
20  10  2.36967e+07
20  11  2.28572e+07
20  12  2.64059e+07
20  13  6.05523e+06
20  14  2.82444e+07
20  15  2.09209e+07
20  16  1.56718e+07
20  17  1.32922e+07
20  18  6.58258e+06
20  19  1.94794e+07
20  20  2.25636e+07
20  21  1.88162e+07
20  22  2.76025e+07
20  23  1.96277e+07
20  24  1.92613e+07
20  25  2.4094e+07
20  26  1.79217e+07
20  27  1.99689e+07
20  28  1.59195e+07
20  29  2.30755e+07
20  30  2.3818e+07
20  31  8.49815e+06
20  32  2.05373e+07
20  33  2.76701e+07
20  34  1.70957e+07
20  35  2.21286e+07
20  36  2.48571e+07
20  37  2.00247e+07
20  38  1.43072e+07
20  39  1.49161e+07
20  40  4.17164e+07
20  41  2.17153e+07
20  42  2.43482e+07
20  43  1.50166e+07
20  44  2.3912e+07
20  45  2.93523e+07
20  46  3.48761e+07
20  47  1.88193e+07
20  48  3.01367e+07
20  49  2.84289e+07
20  50  1.96918e+07
21  0  1.45976e+07
21  1  8.59788e+06
21  2  3.13317e+07
21  3  4.07985e+07
21  4  2.60732e+07
21  5  9.20452e+06
21  6  2.46771e+07
21  7  2.37507e+07
21  8  2.50035e+07
21  9  2.98849e+07
21  10  2.67552e+07
21  11  2.06194e+07
21  12  1.67657e+07
21  13  1.87955e+07
21  14  2.27718e+07
21  15  2.74946e+07
21  16  2.13277e+07
21  17  3.49259e+07
21  18  2.28611e+07
21  19  2.44119e+07
21  20  1.7361e+07
21  21  1.39398e+07
21  22  2.12373e+07
21  23  2.01192e+07
21  24  0
21  25  2.3045e+07
21  26  1.54939e+07
21  27  0
21  28  1.96065e+07
21  29  1.17109e+07
21  30  2.87271e+07
21  31  2.93421e+07
21  32  2.03188e+07
21  33  2.30161e+07
21  34  2.31258e+07
21  35  2.66352e+07
21  36  1.32734e+07
21  37  2.33907e+07
21  38  2.53101e+07
21  39  2.88302e+07
21  40  2.07241e+07
21  41  2.99433e+07
21  42  2.30287e+07
21  43  3.42483e+07
21  44  3.1916e+07
21  45  1.44366e+07
21  46  3.52297e+06
21  47  2.21026e+07
21  48  3.52799e+07
21  49  2.8286e+07
21  50  1.60426e+07
22  0  3.49005e+07
22  1  1.64771e+07
22  2  9.26264e+06
22  3  2.92824e+07
22  4  2.27311e+07
22  5  2.89969e+07
22  6  1.60325e+07
22  7  2.58254e+07
22  8  2.2665e+07
22  9  1.83249e+07
22  10  2.28403e+07
22  11  3.05877e+07
22  12  1.64032e+07
22  13  1.59716e+07
22  14  3.96265e+07
22  15  1.64036e+07
22  16  2.81837e+07
22  17  3.43491e+07
22  18  2.10296e+07
22  19  1.3316e+07
22  20  2.70683e+07
22  21  2.14426e+07
22  22  1.58277e+07
22  23  2.39317e+07
22  24  1.87482e+07
22  25  1.43188e+07
22  26  1.3708e+07
22  27  2.47088e+07
22  28  1.42697e+07
22  29  2.60857e+07
22  30  2.58184e+07
22  31  2.02567e+07
22  32  1.87976e+07
22  33  2.10826e+07
22  34  2.37718e+07
22  35  3.16835e+07
22  36  1.93906e+07
22  37  2.38123e+07
22  38  2.3339e+07
22  39  1.19176e+07
22  40  3.07499e+07
22  41  2.84873e+07
22  42  1.96039e+07
22  43  1.40785e+07
22  44  2.99219e+07
22  45  2.06754e+07
22  46  2.30002e+07
22  47  1.92059e+07
22  48  2.96619e+07
22  49  2.03864e+07
22  50  1.68715e+07
23  0  3.09314e+07
23  1  1.63726e+07
23  2  1.54452e+07
23  3  2.51891e+07
23  4  3.37894e+07
23  5  3.46892e+07
23  6  2.14705e+07
23  7  1.53576e+07
23  8  2.33847e+07
23  9  2.26015e+07
23  10  3.40693e+07
23  11  2.64741e+07
23  12  1.55428e+07
23  13  2.31901e+07
23  14  2.42715e+07
23  15  2.07839e+07
23  16  4.12354e+07
23  17  1.93035e+07
23  18  1.66988e+07
23  19  1.94965e+07
23  20  1.88998e+07
23  21  2.28093e+07
23  22  1.62251e+07
23  23  2.33685e+07
23  24  2.47527e+07
23  25  2.52945e+07
23  26  3.02917e+07
23  27  1.16147e+07
23  28  3.43468e+07
23  29  2.22624e+07
23  30  2.40902e+07
23  31  2.87323e+07
23  32  1.53071e+07
23  33  2.98249e+07
23  34  3.24675e+07
23  35  2.88406e+07
23  36  2.70757e+07
23  37  1.72843e+07
23  38  2.20394e+07
23  39  3.33044e+07
23  40  2.37935e+07
23  41  3.06477e+07
23  42  1.90921e+07
23  43  3.68328e+07
23  44  2.73764e+07
23  45  3.14242e+07
23  46  2.29361e+07
23  47  1.47826e+07
23  48  1.82792e+07
23  49  2.1598e+07
23  50  1.41029e+07
24  0  1.16075e+07
24  1  1.9236e+07
24  2  2.38987e+07
24  3  2.00814e+07
24  4  2.33176e+07
24  5  2.59615e+07
24  6  2.52161e+07
24  7  2.78318e+07
24  8  2.20728e+07
24  9  2.72628e+07
24  10  1.62243e+07
24  11  3.75545e+07
24  12  2.68259e+07
24  13  1.56274e+07
24  14  1.37025e+07
24  15  8.1311e+06
24  16  3.74203e+07
24  17  2.6985e+07
24  18  1.59643e+07
24  19  3.78134e+07
24  20  2.08681e+07
24  21  2.88494e+07
24  22  2.06423e+07
24  23  2.86434e+07
24  24  1.58972e+07
24  25  2.53012e+07
24  26  2.09842e+07
24  27  1.7873e+07
24  28  3.13987e+07
24  29  2.25741e+07
24  30  1.76096e+07
24  31  1.97356e+07
24  32  2.39917e+07
24  33  2.89684e+07
24  34  4.38144e+07
24  35  3.84914e+07
24  36  1.91472e+07
24  37  2.20388e+07
24  38  2.32973e+07
24  39  3.52543e+07
24  40  3.18298e+07
24  41  1.86948e+07
24  42  0
24  43  2.42545e+07
24  44  2.2987e+07
24  45  3.00367e+07
24  46  2.02986e+07
24  47  2.45788e+07
24  48  1.30158e+07
24  49  2.91672e+07
24  50  2.13575e+07
25  0  1.24718e+07
25  1  1.24386e+07
25  2  1.68159e+07
25  3  2.69718e+07
25  4  3.56235e+07
25  5  3.38884e+07
25  6  2.75084e+07
25  7  1.55503e+07
25  8  1.49768e+07
25  9  1.90278e+07
25  10  2.26699e+07
25  11  1.13386e+07
25  12  1.43576e+07
25  13  2.70421e+07
25  14  2.1956e+07
25  15  2.37431e+07
25  16  1.75276e+07
25  17  1.85566e+07
25  18  1.40925e+07
25  19  3.14162e+07
25  20  1.3537e+07
25  21  1.5883e+07
25  22  1.643e+07
25  23  3.62929e+07
25  24  2.09333e+07
25  25  3.49836e+07
25  26  3.20286e+07
25  27  1.60451e+07
25  28  2.68213e+07
25  29  3.53158e+07
25  30  1.55548e+07
25  31  1.4429e+07
25  32  3.20682e+07
25  33  2.02262e+07
25  34  3.0588e+07
25  35  2.15509e+07
25  36  2.67085e+07
25  37  1.25564e+07
25  38  3.44416e+07
25  39  2.15932e+07
25  40  1.89865e+07
25  41  1.9202e+07
25  42  3.09073e+07
25  43  3.34427e+07
25  44  1.83239e+07
25  45  1.1547e+07
25  46  1.58042e+07
25  47  1.95045e+07
25  48  1.43826e+07
25  49  2.41642e+07
25  50  2.23664e+07
26  0  2.89363e+07
26  1  1.74064e+07
26  2  1.63533e+07
26  3  1.66753e+07
26  4  1.52409e+07
26  5  2.57589e+07
26  6  1.57286e+07
26  7  2.19115e+07
26  8  2.57571e+07
26  9  3.07381e+07
26  10  2.23873e+07
26  11  2.33268e+07
26  12  2.02305e+07
26  13  2.3758e+07
26  14  1.90532e+07
26  15  2.12348e+07
26  16  1.5345e+07
26  17  1.29696e+07
26  18  1.8815e+07
26  19  3.44696e+07
26  20  2.56881e+07
26  21  1.87867e+07
26  22  2.59496e+07
26  23  2.13731e+07
26  24  1.78777e+07
26  25  2.46097e+07
26  26  1.86173e+07
26  27  2.81819e+07
26  28  3.02829e+07
26  29  1.43079e+07
26  30  3.03545e+07
26  31  1.92562e+07
26  32  2.31742e+07
26  33  2.81188e+07
26  34  2.52206e+07
26  35  2.57481e+07
26  36  0
26  37  2.89554e+07
26  38  2.20745e+07
26  39  3.77501e+07
26  40  1.82918e+07
26  41  1.92159e+07
26  42  2.21276e+07
26  43  2.2411e+07
26  44  9.69919e+06
26  45  1.37337e+07
26  46  1.42637e+07
26  47  2.81061e+07
26  48  2.02616e+07
26  49  1.13142e+07
26  50  2.73535e+07
27  0  1.95237e+07
27  1  6.4007e+06
27  2  1.96206e+07
27  3  3.52194e+07
27  4  2.03608e+07
27  5  2.17773e+07
27  6  3.59059e+07
27  7  9.98159e+06
27  8  9.84079e+06
27  9  1.09205e+07
27  10  2.24309e+07
27  11  1.48247e+07
27  12  1.114e+07
27  13  2.11586e+07
27  14  3.77632e+07
27  15  1.31703e+07
27  16  3.68901e+07
27  17  2.46923e+07
27  18  2.34521e+07
27  19  1.24562e+07
27  20  1.97855e+07
27  21  2.13847e+07
27  22  3.3521e+07
27  23  2.41295e+07
27  24  3.53897e+07
27  25  1.45262e+07
27  26  2.62412e+07
27  27  2.82214e+07
27  28  1.65985e+07
27  29  3.03242e+07
27  30  1.17562e+07
27  31  2.37608e+07
27  32  2.38863e+07
27  33  3.07503e+07
27  34  2.04406e+07
27  35  3.45639e+07
27  36  2.57272e+07
27  37  1.97367e+07
27  38  2.28432e+07
27  39  2.70405e+07
27  40  1.1366e+07
27  41  2.64828e+07
27  42  2.64024e+07
27  43  3.2376e+07
27  44  1.6501e+07
27  45  1.17748e+07
27  46  1.92787e+07
27  47  2.14628e+07
27  48  2.17104e+07
27  49  1.01101e+07
27  50  8.7155e+06
28  0  2.289e+07
28  1  1.47978e+07
28  2  1.81294e+07
28  3  1.55688e+07
28  4  3.97191e+07
28  5  2.03656e+07
28  6  3.16009e+07
28  7  3.24079e+07
28  8  2.49212e+07
28  9  2.40776e+07
28  10  2.43424e+07
28  11  7.87062e+06
28  12  1.61149e+07
28  13  8.39627e+06
28  14  3.98156e+06
28  15  2.11179e+07
28  16  3.30347e+07
28  17  2.08486e+07
28  18  2.56981e+07
28  19  3.14883e+07
28  20  2.65471e+07
28  21  2.82725e+07
28  22  1.58227e+07
28  23  3.26992e+07
28  24  6.11938e+06
28  25  3.80189e+07
28  26  2.50596e+07
28  27  3.32748e+07
28  28  2.46528e+07
28  29  2.6989e+07
28  30  2.14419e+07
28  31  1.08099e+07
28  32  2.72748e+07
28  33  2.17878e+07
28  34  3.97204e+07
28  35  2.75963e+07
28  36  2.50794e+07
28  37  2.16073e+07
28  38  2.89871e+07
28  39  2.78443e+07
28  40  3.14081e+07
28  41  1.82257e+07
28  42  2.42243e+07
28  43  7.58357e+06
28  44  1.35039e+07
28  45  2.3316e+07
28  46  2.13531e+07
28  47  1.72045e+07
28  48  2.72448e+07
28  49  1.99898e+07
28  50  9.53936e+06
29  0  3.64403e+07
29  1  3.54043e+07
29  2  1.80125e+07
29  3  2.98623e+07
29  4  3.55798e+07
29  5  2.33848e+07
29  6  2.12179e+07
29  7  1.50951e+07
29  8  2.01123e+07
29  9  3.05311e+07
29  10  3.12316e+07
29  11  3.00993e+07
29  12  1.90853e+07
29  13  1.64045e+07
29  14  2.49586e+07
29  15  2.37546e+07
29  16  1.46133e+07
29  17  2.92804e+07
29  18  2.14117e+07
29  19  3.26075e+07
29  20  3.23269e+07
29  21  3.30359e+07
29  22  3.07122e+07
29  23  2.38219e+07
29  24  2.29623e+07
29  25  2.6413e+07
29  26  3.14791e+07
29  27  1.1698e+07
29  28  1.91147e+07
29  29  3.41322e+07
29  30  2.57623e+07
29  31  3.46132e+07
29  32  2.80444e+07
29  33  2.42127e+07
29  34  3.02388e+07
29  35  3.37209e+07
29  36  2.25287e+07
29  37  1.96658e+07
29  38  2.98866e+07
29  39  3.44324e+06
29  40  3.69394e+07
29  41  2.23551e+07
29  42  2.87612e+07
29  43  3.32533e+07
29  44  2.83433e+07
29  45  1.29704e+07
29  46  2.61687e+07
29  47  1.29741e+07
29  48  2.68935e+07
29  49  3.0457e+07
29  50  1.57612e+07
30  0  1.28458e+07
30  1  2.2153e+07
30  2  1.89932e+07
30  3  1.28834e+07
30  4  2.8299e+07
30  5  2.82725e+07
30  6  2.07898e+07
30  7  2.24663e+07
30  8  2.80534e+07
30  9  3.58116e+07
30  10  3.8515e+07
30  11  2.81532e+07
30  12  1.93196e+07
30  13  1.99144e+07
30  14  1.9093e+07
30  15  1.67943e+07
30  16  2.17298e+07
30  17  3.61835e+07
30  18  2.81602e+07
30  19  2.44265e+07
30  20  2.62213e+07
30  21  1.02978e+07
30  22  1.94314e+07
30  23  3.16321e+07
30  24  1.46131e+07
30  25  2.30714e+07
30  26  2.93872e+07
30  27  2.09185e+07
30  28  2.06603e+07
30  29  9.92804e+06
30  30  2.80971e+07
30  31  1.74734e+07
30  32  2.70821e+07
30  33  2.22916e+07
30  34  2.56284e+07
30  35  1.15109e+07
30  36  2.09247e+07
30  37  3.05414e+07
30  38  1.46721e+07
30  39  1.87188e+07
30  40  2.97005e+07
30  41  1.59911e+07
30  42  2.29932e+07
30  43  1.71439e+07
30  44  2.09189e+07
30  45  1.33684e+07
30  46  1.86773e+07
30  47  1.84308e+07
30  48  1.14749e+07
30  49  1.43439e+07
30  50  2.39966e+07
31  0  4.24443e+07
31  1  2.32331e+07
31  2  2.74907e+07
31  3  1.80251e+07
31  4  9.80547e+06
31  5  2.91387e+07
31  6  4.37446e+07
31  7  3.41356e+07
31  8  7.99847e+06
31  9  1.93661e+07
31  10  2.62481e+07
31  11  2.26335e+07
31  12  1.48106e+07
31  13  1.85885e+07
31  14  3.41942e+07
31  15  2.92964e+07
31  16  2.99066e+07
31  17  1.96981e+07
31  18  2.57328e+07
31  19  1.36005e+07
31  20  2.44962e+07
31  21  1.94934e+07
31  22  2.16934e+07
31  23  2.30042e+07
31  24  2.75957e+07
31  25  2.63717e+07
31  26  1.48526e+07
31  27  2.81613e+07
31  28  2.98666e+07
31  29  3.36534e+07
31  30  1.71362e+07
31  31  2.42013e+07
31  32  1.5779e+07
31  33  1.81253e+07
31  34  1.50739e+07
31  35  1.29636e+07
31  36  2.30566e+07
31  37  2.73267e+07
31  38  1.11957e+07
31  39  3.19994e+07
31  40  3.06895e+07
31  41  3.07177e+07
31  42  2.56209e+07
31  43  1.32301e+07
31  44  1.69717e+07
31  45  2.86956e+07
31  46  9.24126e+06
31  47  1.19915e+07
31  48  1.02331e+07
31  49  4.83108e+06
31  50  1.80887e+07
32  0  2.62291e+07
32  1  1.00253e+07
32  2  8.51936e+06
32  3  2.68985e+07
32  4  2.22273e+07
32  5  3.19055e+07
32  6  2.05327e+07
32  7  1.68491e+07
32  8  1.61426e+07
32  9  1.94124e+07
32  10  2.24131e+07
32  11  9.64484e+06
32  12  2.52732e+07
32  13  8.55893e+06
32  14  3.02309e+07
32  15  1.85689e+07
32  16  3.43933e+07
32  17  2.63308e+07
32  18  2.96491e+07
32  19  2.18667e+07
32  20  3.51734e+07
32  21  2.89741e+07
32  22  2.38993e+07
32  23  1.85204e+07
32  24  2.8075e+07
32  25  4.414e+07
32  26  2.56105e+07
32  27  2.93863e+07
32  28  2.33511e+07
32  29  2.94579e+07
32  30  1.9358e+07
32  31  3.21476e+07
32  32  2.62483e+07
32  33  3.07758e+07
32  34  1.61269e+07
32  35  1.71661e+07
32  36  2.45806e+07
32  37  2.85057e+07
32  38  2.2698e+07
32  39  3.50245e+07
32  40  1.48902e+07
32  41  3.50961e+07
32  42  9.35046e+06
32  43  1.5367e+07
32  44  2.61417e+07
32  45  1.3492e+07
32  46  2.04552e+07
32  47  3.15516e+07
32  48  2.28668e+07
32  49  3.06173e+07
32  50  2.42875e+07
33  0  1.83984e+07
33  1  1.9991e+07
33  2  2.71859e+07
33  3  2.89297e+07
33  4  4.04698e+07
33  5  2.40476e+07
33  6  8.85518e+06
33  7  1.16154e+07
33  8  1.69633e+07
33  9  2.27473e+07
33  10  2.6068e+07
33  11  1.51909e+07
33  12  1.47347e+07
33  13  1.08703e+07
33  14  2.11149e+07
33  15  1.21784e+07
33  16  1.77411e+07
33  17  1.62822e+07
33  18  2.39017e+07
33  19  2.5707e+07
33  20  3.1826e+07
33  21  3.16705e+07
33  22  3.50421e+07
33  23  2.63813e+07
33  24  1.60586e+07
33  25  2.73669e+07
33  26  3.47356e+07
33  27  2.96831e+07
33  28  3.53458e+07
33  29  1.6293e+07
33  30  4.44859e+07
33  31  2.19277e+07
33  32  2.5601e+07
33  33  1.69453e+07
33  34  1.17443e+07
33  35  1.27765e+07
33  36  1.50206e+07
33  37  2.27324e+07
33  38  2.42191e+07
33  39  2.81223e+07
33  40  2.93478e+07
33  41  2.80748e+07
33  42  2.44298e+07
33  43  2.70263e+07
33  44  1.42039e+07
33  45  2.3655e+07
33  46  2.55172e+07
33  47  1.72174e+07
33  48  1.68742e+07
33  49  1.25793e+07
33  50  1.99583e+07
34  0  3.08706e+07
34  1  2.22213e+07
34  2  2.00095e+07
34  3  2.47539e+07
34  4  3.33871e+07
34  5  1.97909e+07
34  6  2.45377e+07
34  7  3.01435e+07
34  8  1.91963e+07
34  9  2.12791e+07
34  10  1.46716e+07
34  11  2.31445e+06
34  12  1.99963e+07
34  13  2.28449e+07
34  14  2.4082e+07
34  15  1.3225e+07
34  16  3.57939e+07
34  17  2.61986e+07
34  18  9.21702e+06
34  19  3.14812e+07
34  20  2.42248e+07
34  21  3.89497e+07
34  22  3.70334e+07
34  23  4.40086e+07
34  24  3.02507e+07
34  25  3.93853e+07
34  26  2.69505e+07
34  27  3.08995e+07
34  28  2.32176e+07
34  29  2.44266e+07
34  30  2.5034e+07
34  31  2.60516e+07
34  32  2.49153e+07
34  33  2.18039e+07
34  34  1.52447e+07
34  35  1.30271e+07
34  36  1.39637e+07
34  37  3.54073e+07
34  38  2.7613e+07
34  39  1.72177e+07
34  40  1.11518e+07
34  41  7.5474e+06
34  42  2.4839e+07
34  43  3.01173e+07
34  44  2.42169e+07
34  45  3.54899e+07
34  46  2.43962e+07
34  47  2.63416e+07
34  48  2.36034e+07
34  49  1.32272e+07
34  50  2.84163e+07
35  0  1.85876e+07
35  1  3.23622e+07
35  2  1.48997e+07
35  3  2.6337e+07
35  4  3.27981e+07
35  5  2.36555e+07
35  6  2.13367e+07
35  7  2.63485e+07
35  8  1.33987e+07
35  9  2.06613e+07
35  10  1.27905e+07
35  11  2.18345e+07
35  12  5.54176e+06
35  13  2.51823e+07
35  14  2.44208e+07
35  15  2.6649e+07
35  16  2.37079e+07
35  17  2.66755e+07
35  18  1.45037e+07
35  19  2.88953e+07
35  20  1.97065e+07
35  21  2.21303e+07
35  22  2.34879e+07
35  23  2.15898e+07
35  24  2.15917e+07
35  25  2.68695e+07
35  26  2.49023e+07
35  27  3.32196e+07
35  28  3.53571e+07
35  29  1.33115e+07
35  30  2.05308e+07
35  31  3.1094e+07
35  32  3.0246e+07
35  33  3.3678e+07
35  34  1.59475e+07
35  35  2.40517e+07
35  36  2.33633e+07
35  37  3.80031e+07
35  38  2.73803e+07
35  39  1.85134e+07
35  40  1.85902e+07
35  41  1.05154e+07
35  42  9.46375e+06
35  43  3.02254e+07
35  44  2.01254e+07
35  45  1.33698e+07
35  46  2.46844e+07
35  47  1.51189e+07
35  48  1.53128e+07
35  49  1.70888e+07
35  50  1.70557e+07
36  0  2.50261e+07
36  1  2.77086e+07
36  2  2.25311e+07
36  3  3.33486e+07
36  4  9.18851e+06
36  5  1.44706e+07
36  6  2.29723e+07
36  7  2.79537e+07
36  8  2.38142e+07
36  9  4.03432e+07
36  10  1.37336e+07
36  11  2.13443e+07
36  12  2.16545e+07
36  13  1.23453e+07
36  14  1.2038e+07
36  15  2.72789e+07
36  16  2.94367e+07
36  17  1.69105e+07
36  18  2.40405e+07
36  19  1.5328e+07
36  20  2.42321e+07
36  21  2.62574e+07
36  22  4.0697e+07
36  23  1.17564e+07
36  24  3.21995e+07
36  25  1.46675e+07
36  26  1.66174e+07
36  27  3.53971e+07
36  28  3.05634e+07
36  29  2.24029e+07
36  30  2.07826e+07
36  31  1.69404e+07
36  32  2.04933e+07
36  33  1.74007e+07
36  34  3.24452e+07
36  35  2.23742e+07
36  36  1.56282e+07
36  37  2.89089e+07
36  38  2.57715e+07
36  39  2.35676e+07
36  40  1.69622e+07
36  41  2.04849e+07
36  42  3.22729e+07
36  43  1.58664e+07
36  44  3.30801e+07
36  45  1.69261e+07
36  46  7.99997e+06
36  47  0
36  48  1.54372e+07
36  49  2.05567e+07
36  50  1.05867e+07
37  0  5.50962e+07
37  1  4.16165e+07
37  2  1.80472e+07
37  3  2.05929e+07
37  4  2.01938e+07
37  5  2.1268e+07
37  6  2.18111e+07
37  7  2.83311e+07
37  8  2.09359e+07
37  9  2.35022e+07
37  10  1.28968e+07
37  11  1.59576e+07
37  12  3.50343e+07
37  13  2.52421e+07
37  14  2.31005e+07
37  15  3.40234e+07
37  16  2.80152e+07
37  17  1.47027e+07
37  18  4.02016e+07
37  19  2.28227e+07
37  20  2.29544e+07
37  21  4.19869e+07
37  22  2.81254e+07
37  23  1.09565e+07
37  24  2.02896e+07
37  25  1.85462e+07
37  26  2.80665e+07
37  27  1.83626e+07
37  28  2.78661e+07
37  29  2.13838e+07
37  30  3.01027e+07
37  31  3.59791e+07
37  32  2.15128e+07
37  33  1.2694e+07
37  34  2.56702e+07
37  35  3.94575e+07
37  36  2.5857e+07
37  37  2.27241e+07
37  38  2.00563e+07
37  39  1.19401e+07
37  40  1.24128e+07
37  41  2.97763e+07
37  42  1.45959e+07
37  43  1.72547e+07
37  44  9.58204e+06
37  45  2.52312e+07
37  46  2.61018e+07
37  47  1.08823e+07
37  48  1.34425e+07
37  49  2.15683e+07
37  50  9.68231e+06
38  0  3.29101e+07
38  1  3.31723e+07
38  2  3.15024e+07
38  3  3.2433e+07
38  4  9.64787e+06
38  5  3.25513e+07
38  6  1.45796e+07
38  7  2.54346e+07
38  8  3.02674e+07
38  9  1.65076e+07
38  10  2.67581e+07
38  11  1.1953e+07
38  12  3.44683e+07
38  13  1.53876e+07
38  14  2.6412e+07
38  15  1.47869e+07
38  16  3.05004e+07
38  17  2.26147e+07
38  18  1.65686e+07
38  19  5.63057e+07
38  20  3.21187e+07
38  21  1.88587e+07
38  22  2.05491e+07
38  23  3.65427e+07
38  24  1.66435e+07
38  25  2.71024e+07
38  26  2.66321e+07
38  27  1.72656e+07
38  28  3.30992e+07
38  29  2.75094e+07
38  30  3.68236e+07
38  31  1.65637e+07
38  32  3.27862e+07
38  33  3.21295e+07
38  34  4.45837e+07
38  35  3.01699e+07
38  36  2.29351e+07
38  37  4.75851e+07
38  38  2.07469e+07
38  39  3.04535e+07
38  40  2.52289e+07
38  41  2.77808e+07
38  42  2.34745e+07
38  43  1.44106e+07
38  44  2.41701e+07
38  45  2.35408e+07
38  46  2.78634e+07
38  47  1.4148e+07
38  48  9.28685e+06
38  49  6.78799e+06
38  50  1.87231e+07
39  0  3.26576e+07
39  1  2.69213e+07
39  2  1.75984e+07
39  3  1.77831e+07
39  4  2.90037e+07
39  5  1.96673e+07
39  6  2.4859e+07
39  7  1.32798e+07
39  8  2.57898e+07
39  9  2.848e+07
39  10  3.11863e+07
39  11  2.35179e+07
39  12  1.19313e+07
39  13  2.98626e+07
39  14  2.50671e+07
39  15  2.70917e+07
39  16  1.56796e+07
39  17  2.00191e+07
39  18  3.23955e+07
39  19  1.11979e+07
39  20  2.21769e+07
39  21  2.88231e+07
39  22  1.66582e+07
39  23  2.89837e+07
39  24  1.62887e+07
39  25  1.80885e+07
39  26  3.87966e+07
39  27  1.64906e+07
39  28  2.00242e+07
39  29  2.18519e+07
39  30  2.08622e+07
39  31  1.79854e+07
39  32  2.58925e+07
39  33  2.3315e+07
39  34  2.3197e+07
39  35  2.20599e+07
39  36  3.32969e+07
39  37  3.35172e+07
39  38  1.90809e+07
39  39  1.28094e+07
39  40  2.17737e+07
39  41  1.42709e+07
39  42  1.09283e+07
39  43  1.83061e+07
39  44  1.21519e+07
39  45  7.02065e+06
39  46  7.51646e+06
39  47  1.15579e+07
39  48  1.07747e+07
39  49  1.70311e+07
39  50  1.16238e+07
40  0  2.15042e+07
40  1  3.2495e+07
40  2  2.32679e+07
40  3  3.61756e+07
40  4  3.13502e+07
40  5  1.14735e+07
40  6  1.65787e+07
40  7  2.91628e+07
40  8  2.99436e+07
40  9  1.8354e+07
40  10  6.78083e+06
40  11  2.76395e+07
40  12  2.12626e+07
40  13  2.42645e+07
40  14  2.13194e+07
40  15  1.71336e+07
40  16  2.78793e+07
40  17  1.97237e+07
40  18  2.15997e+07
40  19  2.44161e+07
40  20  1.86784e+07
40  21  2.44269e+07
40  22  1.96574e+07
40  23  3.02936e+07
40  24  2.30267e+07
40  25  4.1711e+07
40  26  1.92248e+07
40  27  2.81143e+07
40  28  2.98676e+07
40  29  1.57441e+07
40  30  2.22404e+07
40  31  1.46954e+07
40  32  2.93621e+07
40  33  2.78431e+07
40  34  2.85862e+07
40  35  1.23963e+07
40  36  2.47866e+07
40  37  3.77435e+07
40  38  3.09676e+07
40  39  1.81666e+07
40  40  2.43199e+07
40  41  1.66732e+07
40  42  1.88345e+07
40  43  2.42315e+07
40  44  1.43854e+07
40  45  2.03548e+07
40  46  1.00893e+07
40  47  1.07204e+07
40  48  2.5075e+07
40  49  1.95991e+07
40  50  9.67433e+06
41  0  3.64368e+07
41  1  2.56259e+07
41  2  2.87297e+07
41  3  4.26966e+07
41  4  3.39014e+07
41  5  1.54865e+07
41  6  1.13987e+07
41  7  2.60187e+07
41  8  1.67115e+07
41  9  2.8076e+07
41  10  2.70605e+07
41  11  1.97366e+07
41  12  1.74912e+07
41  13  1.45184e+07
41  14  2.15335e+07
41  15  2.51028e+07
41  16  1.50808e+07
41  17  2.1263e+07
41  18  2.87878e+07
41  19  1.54787e+07
41  20  3.76152e+07
41  21  2.61183e+07
41  22  2.59942e+07
41  23  2.4949e+07
41  24  1.45994e+07
41  25  1.88201e+07
41  26  3.37709e+07
41  27  2.52852e+07
41  28  4.46708e+07
41  29  2.94786e+07
41  30  1.03488e+07
41  31  1.10233e+07
41  32  1.46885e+07
41  33  7.91956e+06
41  34  1.84751e+07
41  35  2.58014e+07
41  36  3.23977e+07
41  37  2.6561e+07
41  38  1.25799e+07
41  39  9.62479e+06
41  40  2.24735e+07
41  41  2.44158e+07
41  42  3.49608e+07
41  43  2.72791e+07
41  44  2.83485e+07
41  45  1.64598e+07
41  46  3.45104e+07
41  47  1.18558e+07
41  48  1.76577e+07
41  49  8.17487e+06
41  50  1.91526e+07
42  0  2.70726e+07
42  1  3.39507e+07
42  2  3.13642e+07
42  3  1.50424e+07
42  4  3.39731e+07
42  5  2.20256e+07
42  6  1.57708e+07
42  7  3.15196e+07
42  8  2.43433e+07
42  9  1.36483e+07
42  10  1.23274e+07
42  11  1.11243e+07
42  12  2.44203e+07
42  13  1.90828e+07
42  14  1.90074e+07
42  15  1.84329e+07
42  16  2.57989e+07
42  17  2.35895e+07
42  18  2.77279e+07
42  19  2.69446e+07
42  20  3.36042e+07
42  21  1.24261e+07
42  22  2.00009e+07
42  23  3.80233e+07
42  24  1.8113e+07
42  25  3.09407e+07
42  26  1.98603e+07
42  27  2.48435e+07
42  28  2.3528e+07
42  29  3.03534e+07
42  30  2.40757e+07
42  31  1.36414e+07
42  32  1.79212e+07
42  33  2.35271e+07
42  34  5.40992e+06
42  35  2.45641e+07
42  36  2.78071e+07
42  37  3.59753e+07
42  38  1.71084e+07
42  39  2.82317e+07
42  40  1.73311e+07
42  41  3.12929e+07
42  42  2.31689e+07
42  43  1.78581e+07
42  44  2.34784e+07
42  45  0
42  46  2.94036e+07
42  47  2.49601e+07
42  48  1.22405e+07
42  49  1.9279e+07
42  50  2.60502e+07
43  0  2.96862e+07
43  1  2.98225e+07
43  2  2.64e+07
43  3  1.94338e+07
43  4  3.90974e+07
43  5  2.09064e+07
43  6  2.46332e+07
43  7  8.99889e+06
43  8  2.45078e+07
43  9  1.64933e+07
43  10  2.20897e+07
43  11  3.14093e+07
43  12  1.83502e+07
43  13  2.62589e+07
43  14  1.90777e+07
43  15  2.35969e+07
43  16  2.40736e+07
43  17  2.14022e+07
43  18  2.95183e+07
43  19  1.80659e+07
43  20  4.50354e+07
43  21  3.03135e+07
43  22  2.31764e+07
43  23  1.46617e+07
43  24  2.70951e+07
43  25  9.68944e+06
43  26  3.37657e+07
43  27  4.39956e+07
43  28  1.54697e+07
43  29  1.96201e+07
43  30  2.12664e+07
43  31  1.95889e+07
43  32  2.90432e+07
43  33  2.85879e+07
43  34  2.00514e+07
43  35  3.36615e+07
43  36  3.93652e+07
43  37  2.29048e+07
43  38  1.53627e+07
43  39  2.77997e+07
43  40  3.81735e+07
43  41  2.09128e+07
43  42  2.09133e+07
43  43  2.84311e+07
43  44  2.43332e+07
43  45  1.27976e+07
43  46  2.55693e+07
43  47  1.48772e+07
43  48  1.65145e+07
43  49  2.65612e+07
43  50  2.55706e+07
44  0  2.64476e+07
44  1  2.54534e+07
44  2  1.78481e+07
44  3  2.31299e+07
44  4  3.11756e+07
44  5  2.3151e+07
44  6  2.19451e+07
44  7  2.50923e+07
44  8  2.57513e+07
44  9  2.05598e+07
44  10  1.83552e+07
44  11  1.03174e+07
44  12  2.21822e+07
44  13  2.05824e+07
44  14  1.11633e+07
44  15  3.54559e+07
44  16  2.49919e+07
44  17  2.69003e+07
44  18  1.59544e+07
44  19  2.99529e+07
44  20  2.23042e+07
44  21  3.64523e+07
44  22  1.24028e+07
44  23  3.18784e+07
44  24  3.57246e+07
44  25  3.52202e+07
44  26  3.62614e+07
44  27  3.26275e+07
44  28  3.55258e+07
44  29  2.63869e+07
44  30  1.97598e+07
44  31  3.38303e+07
44  32  3.81849e+07
44  33  2.0079e+07
44  34  3.27037e+07
44  35  2.31686e+07
44  36  2.35306e+07
44  37  2.68738e+07
44  38  1.67807e+07
44  39  2.72749e+07
44  40  1.81483e+07
44  41  2.01585e+07
44  42  1.88604e+07
44  43  1.75753e+07
44  44  1.96694e+07
44  45  2.70121e+07
44  46  6.45279e+06
44  47  1.92094e+07
44  48  2.61712e+07
44  49  2.34564e+07
44  50  2.04627e+07
45  0  2.93667e+07
45  1  3.92846e+07
45  2  1.46413e+07
45  3  3.55959e+07
45  4  3.15228e+07
45  5  2.7959e+07
45  6  2.48497e+07
45  7  8.83124e+06
45  8  2.61378e+07
45  9  3.86769e+07
45  10  2.97241e+07
45  11  3.61116e+07
45  12  1.53495e+07
45  13  1.59511e+07
45  14  2.12899e+07
45  15  2.24102e+07
45  16  2.6451e+07
45  17  1.40803e+07
45  18  2.3977e+07
45  19  2.79559e+07
45  20  3.053e+07
45  21  3.0517e+07
45  22  2.36703e+07
45  23  2.33456e+07
45  24  3.58699e+07
45  25  3.70165e+07
45  26  2.82518e+07
45  27  2.98381e+07
45  28  2.92104e+07
45  29  2.96794e+07
45  30  2.82756e+07
45  31  3.60073e+07
45  32  1.94795e+07
45  33  3.47183e+07
45  34  1.39682e+07
45  35  1.29456e+07
45  36  1.84895e+07
45  37  9.28552e+06
45  38  2.8776e+07
45  39  3.17011e+07
45  40  2.13485e+07
45  41  3.73634e+07
45  42  4.25931e+06
45  43  1.79327e+07
45  44  2.83587e+07
45  45  1.96514e+07
45  46  2.05407e+07
45  47  9.56587e+06
45  48  2.8234e+07
45  49  3.4475e+07
45  50  3.21812e+07
46  0  4.15006e+07
46  1  4.00347e+07
46  2  2.72504e+07
46  3  3.0028e+07
46  4  3.23366e+07
46  5  2.34956e+07
46  6  7.26477e+06
46  7  1.84253e+07
46  8  1.43035e+07
46  9  3.6748e+07
46  10  2.5751e+07
46  11  2.14897e+07
46  12  2.85915e+07
46  13  3.57951e+07
46  14  2.21973e+07
46  15  2.63818e+07
46  16  2.29517e+07
46  17  3.5462e+07
46  18  7.12574e+06
46  19  2.8678e+07
46  20  3.16188e+07
46  21  3.42684e+07
46  22  1.79157e+07
46  23  2.6853e+07
46  24  2.34265e+07
46  25  2.14742e+07
46  26  1.93582e+07
46  27  2.301e+07
46  28  4.68218e+07
46  29  1.91183e+07
46  30  2.33933e+07
46  31  3.98729e+07
46  32  3.43216e+07
46  33  3.27535e+07
46  34  2.26928e+07
46  35  1.25303e+07
46  36  3.77652e+07
46  37  3.16172e+07
46  38  8.07357e+06
46  39  2.51615e+07
46  40  1.02659e+07
46  41  1.77539e+07
46  42  8.93478e+06
46  43  2.7647e+07
46  44  1.29223e+07
46  45  3.57893e+07
46  46  2.36314e+07
46  47  2.08829e+07
46  48  3.84551e+07
46  49  2.04762e+07
46  50  1.55769e+07
47  0  2.8509e+07
47  1  2.55677e+07
47  2  2.50765e+07
47  3  3.19433e+07
47  4  4.06557e+07
47  5  1.67368e+07
47  6  3.07021e+07
47  7  1.99074e+07
47  8  1.84419e+07
47  9  2.35602e+07
47  10  2.58685e+07
47  11  2.0112e+07
47  12  1.14811e+07
47  13  2.83557e+07
47  14  1.77238e+07
47  15  1.1478e+07
47  16  2.94357e+07
47  17  2.49623e+07
47  18  2.21567e+07
47  19  1.88146e+07
47  20  3.19371e+07
47  21  2.0318e+07
47  22  1.83822e+07
47  23  3.65985e+07
47  24  3.36418e+07
47  25  2.26953e+07
47  26  2.32239e+07
47  27  3.0069e+07
47  28  2.01197e+07
47  29  2.34592e+07
47  30  3.79175e+07
47  31  7.51487e+06
47  32  2.70483e+07
47  33  2.99112e+07
47  34  1.41324e+07
47  35  1.90207e+07
47  36  2.12848e+07
47  37  1.56541e+07
47  38  3.89784e+07
47  39  7.96198e+06
47  40  9.3219e+06
47  41  2.34582e+07
47  42  1.88456e+07
47  43  2.04565e+07
47  44  2.85385e+07
47  45  2.21085e+07
47  46  1.59575e+07
47  47  2.56926e+07
47  48  1.97264e+07
47  49  1.96269e+07
47  50  2.56696e+07
48  0  3.93137e+07
48  1  3.07134e+07
48  2  2.01844e+07
48  3  2.88712e+07
48  4  2.75577e+07
48  5  1.88693e+07
48  6  1.71635e+07
48  7  1.15299e+07
48  8  2.66566e+07
48  9  1.78747e+07
48  10  2.5987e+07
48  11  1.2243e+07
48  12  2.49794e+07
48  13  2.19197e+07
48  14  2.01761e+07
48  15  1.99681e+07
48  16  1.79437e+07
48  17  2.79239e+07
48  18  3.11249e+07
48  19  3.37232e+07
48  20  3.02672e+07
48  21  2.38556e+07
48  22  5.59323e+07
48  23  2.57748e+07
48  24  1.49684e+07
48  25  1.53604e+07
48  26  3.23985e+07
48  27  2.88179e+07
48  28  1.87196e+07
48  29  2.16058e+07
48  30  3.65601e+07
48  31  2.26866e+07
48  32  2.58104e+07
48  33  3.12212e+07
48  34  2.43247e+07
48  35  2.99946e+07
48  36  2.00497e+07
48  37  2.05138e+07
48  38  9.6053e+06
48  39  2.21973e+07
48  40  1.54139e+07
48  41  2.68672e+07
48  42  1.67333e+07
48  43  2.52452e+07
48  44  2.4551e+07
48  45  2.03431e+07
48  46  1.64423e+07
48  47  2.0861e+07
48  48  1.81803e+07
48  49  2.81549e+07
48  50  2.02747e+07
49  0  2.67968e+07
49  1  4.26124e+07
49  2  4.64881e+07
49  3  2.68105e+07
49  4  3.92336e+07
49  5  3.62047e+07
49  6  1.98272e+07
49  7  2.03392e+07
49  8  2.62248e+07
49  9  2.13022e+07
49  10  1.804e+07
49  11  2.3364e+07
49  12  9.73935e+06
49  13  1.92242e+07
49  14  1.6495e+07
49  15  2.32451e+07
49  16  2.53309e+07
49  17  2.75332e+07
49  18  2.34934e+07
49  19  2.50111e+07
49  20  3.11515e+07
49  21  2.10893e+07
49  22  3.09877e+07
49  23  1.14722e+07
49  24  2.69347e+07
49  25  2.55869e+07
49  26  2.59955e+07
49  27  3.58605e+07
49  28  2.68123e+07
49  29  2.09669e+07
49  30  2.67941e+07
49  31  2.17003e+07
49  32  3.85253e+07
49  33  1.84243e+07
49  34  6.44028e+06
49  35  1.36909e+07
49  36  2.63941e+07
49  37  1.21396e+07
49  38  2.37109e+07
49  39  1.6441e+07
49  40  1.92949e+07
49  41  1.87213e+07
49  42  1.65538e+07
49  43  2.0945e+07
49  44  2.65617e+07
49  45  2.36764e+07
49  46  3.78076e+06
49  47  3.38954e+07
49  48  1.59892e+07
49  49  3.02962e+07
49  50  1.81479e+07
50  0  3.10765e+07
50  1  3.40118e+06
50  2  2.78189e+07
50  3  2.46023e+07
50  4  1.71077e+07
50  5  2.8234e+07
50  6  3.04886e+07
50  7  2.42093e+07
50  8  3.55019e+07
50  9  2.03618e+07
50  10  8.85071e+06
50  11  1.23179e+07
50  12  3.53956e+07
50  13  6.55263e+06
50  14  1.26179e+07
50  15  2.9281e+07
50  16  2.87526e+07
50  17  2.01875e+07
50  18  2.38187e+07
50  19  1.98872e+07
50  20  3.25679e+07
50  21  1.35097e+07
50  22  2.80531e+07
50  23  2.78544e+07
50  24  3.75795e+07
50  25  2.71141e+07
50  26  3.35885e+07
50  27  2.15131e+07
50  28  2.0024e+07
50  29  2.42759e+07
50  30  1.66849e+07
50  31  1.28523e+07
50  32  3.32907e+07
50  33  2.63289e+07
50  34  2.70756e+07
50  35  0
50  36  3.80227e+07
50  37  3.13525e+07
50  38  1.92591e+07
50  39  2.22629e+07
50  40  1.86479e+07
50  41  2.62427e+07
50  42  3.02677e+07
50  43  3.10383e+07
50  44  1.55831e+07
50  45  2.27552e+07
50  46  6.7598e+06
50  47  3.9476e+07
50  48  3.53035e+07
50  49  2.52961e+07
50  50  2.55809e+07

