row  column  (images_32.edf Fe-K*images_32.edf Ar-K**2.3)
0  0  9.74672e+07
0  1  6.22775e+07
0  2  5.26663e+07
0  3  5.75912e+07
0  4  1.08094e+08
0  5  8.98612e+07
0  6  8.75417e+07
0  7  1.09796e+08
0  8  1.40466e+08
0  9  2.90996e+08
0  10  2.56532e+08
0  11  2.93287e+08
0  12  2.61068e+08
0  13  2.17066e+08
0  14  2.12029e+08
0  15  1.553e+08
0  16  1.5193e+08
0  17  1.40237e+08
0  18  1.16106e+08
0  19  9.5829e+07
0  20  1.04458e+08
0  21  1.17625e+08
0  22  1.21211e+08
0  23  1.18539e+08
0  24  1.32704e+08
0  25  1.59423e+08
0  26  1.68311e+08
0  27  1.16031e+08
0  28  1.13358e+08
0  29  1.14665e+08
0  30  1.01163e+08
0  31  1.16851e+08
0  32  1.20682e+08
0  33  1.88883e+08
0  34  1.00423e+08
0  35  1.25014e+08
0  36  1.21265e+08
0  37  8.91028e+07
0  38  1.23539e+08
0  39  8.5111e+07
0  40  7.9918e+07
0  41  9.71467e+07
0  42  1.12186e+08
0  43  1.12242e+08
0  44  9.6777e+07
0  45  1.16632e+08
0  46  1.05311e+08
0  47  1.02294e+08
0  48  1.32006e+08
0  49  1.29475e+08
0  50  1.22886e+08
1  0  6.71073e+07
1  1  3.45734e+07
1  2  9.44084e+07
1  3  1.18551e+08
1  4  1.28351e+08
1  5  9.50919e+07
1  6  1.00609e+08
1  7  1.22985e+08
1  8  2.24749e+08
1  9  2.65069e+08
1  10  2.36602e+08
1  11  2.7196e+08
1  12  2.09904e+08
1  13  2.00579e+08
1  14  1.81352e+08
1  15  1.23926e+08
1  16  1.58701e+08
1  17  1.43041e+08
1  18  1.25553e+08
1  19  1.47549e+08
1  20  1.27709e+08
1  21  1.27202e+08
1  22  1.17424e+08
1  23  1.27524e+08
1  24  1.067e+08
1  25  1.55241e+08
1  26  1.15719e+08
1  27  1.31324e+08
1  28  9.59006e+07
1  29  7.85032e+07
1  30  8.83869e+07
1  31  1.22821e+08
1  32  1.19954e+08
1  33  1.33098e+08
1  34  1.07483e+08
1  35  1.02356e+08
1  36  9.9355e+07
1  37  8.52023e+07
1  38  1.03717e+08
1  39  9.5718e+07
1  40  1.12606e+08
1  41  9.18184e+07
1  42  9.65463e+07
1  43  1.05144e+08
1  44  9.50035e+07
1  45  1.11247e+08
1  46  1.11603e+08
1  47  1.12784e+08
1  48  1.10791e+08
1  49  1.03811e+08
1  50  1.46273e+08
2  0  8.91958e+07
2  1  4.76417e+07
2  2  7.70472e+07
2  3  1.14577e+08
2  4  1.20059e+08
2  5  1.13466e+08
2  6  8.70032e+07
2  7  1.14538e+08
2  8  2.30845e+08
2  9  3.17881e+08
2  10  2.37025e+08
2  11  2.39733e+08
2  12  2.1866e+08
2  13  2.16068e+08
2  14  1.58598e+08
2  15  1.28052e+08
2  16  1.51281e+08
2  17  1.26952e+08
2  18  1.05419e+08
2  19  1.27531e+08
2  20  1.32147e+08
2  21  1.42354e+08
2  22  1.23416e+08
2  23  1.26597e+08
2  24  1.07379e+08
2  25  1.13256e+08
2  26  1.07654e+08
2  27  1.27669e+08
2  28  1.28446e+08
2  29  1.02348e+08
2  30  7.71434e+07
2  31  1.05433e+08
2  32  1.29477e+08
2  33  1.02147e+08
2  34  1.12711e+08
2  35  1.18948e+08
2  36  1.12018e+08
2  37  1.00639e+08
2  38  1.28397e+08
2  39  1.08649e+08
2  40  1.0051e+08
2  41  9.847e+07
2  42  1.28787e+08
2  43  1.13477e+08
2  44  1.19959e+08
2  45  9.73207e+07
2  46  1.10001e+08
2  47  1.44366e+08
2  48  1.47071e+08
2  49  1.22567e+08
2  50  1.06854e+08
3  0  1.35049e+08
3  1  9.77591e+07
3  2  9.19014e+07
3  3  9.8645e+07
3  4  1.10257e+08
3  5  1.37079e+08
3  6  1.17966e+08
3  7  1.11125e+08
3  8  2.95349e+08
3  9  3.03424e+08
3  10  2.69684e+08
3  11  2.65867e+08
3  12  1.87712e+08
3  13  1.84024e+08
3  14  1.54068e+08
3  15  1.50605e+08
3  16  1.40534e+08
3  17  1.12946e+08
3  18  1.12924e+08
3  19  1.45303e+08
3  20  1.04682e+08
3  21  1.32364e+08
3  22  1.45798e+08
3  23  1.45068e+08
3  24  9.78256e+07
3  25  1.31339e+08
3  26  1.4458e+08
3  27  1.31763e+08
3  28  1.29431e+08
3  29  1.08895e+08
3  30  9.60398e+07
3  31  8.83564e+07
3  32  1.19881e+08
3  33  8.42654e+07
3  34  1.21841e+08
3  35  1.03073e+08
3  36  9.63171e+07
3  37  1.0656e+08
3  38  1.50116e+08
3  39  1.11455e+08
3  40  1.15804e+08
3  41  1.05773e+08
3  42  1.26248e+08
3  43  1.18165e+08
3  44  1.14586e+08
3  45  1.0596e+08
3  46  9.80545e+07
3  47  1.1058e+08
3  48  1.32643e+08
3  49  9.19372e+07
3  50  1.39214e+08
4  0  1.30866e+08
4  1  8.5498e+07
4  2  9.06594e+07
4  3  1.22312e+08
4  4  1.37373e+08
4  5  9.05398e+07
4  6  9.72799e+07
4  7  1.38777e+08
4  8  2.71444e+08
4  9  3.12575e+08
4  10  2.69811e+08
4  11  2.17267e+08
4  12  1.89275e+08
4  13  1.58053e+08
4  14  1.37176e+08
4  15  1.42229e+08
4  16  1.51947e+08
4  17  1.17164e+08
4  18  1.15485e+08
4  19  1.11459e+08
4  20  1.20597e+08
4  21  1.32239e+08
4  22  1.44219e+08
4  23  1.51827e+08
4  24  1.23923e+08
4  25  1.25078e+08
4  26  1.45067e+08
4  27  1.00751e+08
4  28  1.47708e+08
4  29  1.0501e+08
4  30  9.72159e+07
4  31  8.2791e+07
4  32  9.45002e+07
4  33  9.73697e+07
4  34  1.1277e+08
4  35  1.02552e+08
4  36  1.09239e+08
4  37  1.0898e+08
4  38  1.62651e+08
4  39  1.5538e+08
4  40  1.08763e+08
4  41  1.14422e+08
4  42  1.15993e+08
4  43  1.31271e+08
4  44  1.16916e+08
4  45  1.21521e+08
4  46  1.31101e+08
4  47  1.10856e+08
4  48  1.20015e+08
4  49  1.04671e+08
4  50  1.25569e+08
5  0  1.20289e+08
5  1  1.09745e+08
5  2  1.50907e+08
5  3  1.29668e+08
5  4  1.81436e+08
5  5  1.2189e+08
5  6  1.24122e+08
5  7  1.533e+08
5  8  3.14991e+08
5  9  2.70392e+08
5  10  2.39812e+08
5  11  2.10058e+08
5  12  1.69648e+08
5  13  1.55248e+08
5  14  1.42659e+08
5  15  1.36271e+08
5  16  1.71443e+08
5  17  1.38287e+08
5  18  1.17378e+08
5  19  1.35776e+08
5  20  1.36099e+08
5  21  1.73896e+08
5  22  1.74313e+08
5  23  1.41044e+08
5  24  1.39662e+08
5  25  1.59145e+08
5  26  1.07657e+08
5  27  1.49117e+08
5  28  1.23435e+08
5  29  1.14052e+08
5  30  9.24404e+07
5  31  8.46671e+07
5  32  1.13936e+08
5  33  1.01508e+08
5  34  1.09788e+08
5  35  1.23659e+08
5  36  1.11814e+08
5  37  1.13787e+08
5  38  2.41517e+08
5  39  1.99772e+08
5  40  1.08332e+08
5  41  1.16013e+08
5  42  1.07659e+08
5  43  1.34626e+08
5  44  9.95718e+07
5  45  1.22812e+08
5  46  9.82049e+07
5  47  1.21771e+08
5  48  1.55447e+08
5  49  1.15757e+08
5  50  1.46292e+08
6  0  2.21724e+08
6  1  1.58443e+08
6  2  1.35027e+08
6  3  1.75323e+08
6  4  1.72466e+08
6  5  1.24509e+08
6  6  1.2733e+08
6  7  1.67442e+08
6  8  3.18144e+08
6  9  3.25074e+08
6  10  1.90742e+08
6  11  2.2196e+08
6  12  1.51677e+08
6  13  1.28927e+08
6  14  1.47975e+08
6  15  1.94096e+08
6  16  1.7308e+08
6  17  1.3303e+08
6  18  1.34157e+08
6  19  1.6093e+08
6  20  1.21352e+08
6  21  1.8465e+08
6  22  1.40429e+08
6  23  1.28222e+08
6  24  1.53759e+08
6  25  1.0398e+08
6  26  1.40409e+08
6  27  1.48337e+08
6  28  1.44038e+08
6  29  1.51115e+08
6  30  1.05139e+08
6  31  7.81882e+07
6  32  1.11344e+08
6  33  1.03735e+08
6  34  1.00875e+08
6  35  1.23361e+08
6  36  1.00517e+08
6  37  1.27535e+08
6  38  2.20007e+08
6  39  1.91136e+08
6  40  1.06819e+08
6  41  1.06822e+08
6  42  1.35432e+08
6  43  1.53032e+08
6  44  1.18659e+08
6  45  9.31131e+07
6  46  1.22654e+08
6  47  9.86421e+07
6  48  1.39175e+08
6  49  1.06251e+08
6  50  1.38127e+08
7  0  2.20514e+08
7  1  1.84669e+08
7  2  1.76838e+08
7  3  1.62007e+08
7  4  1.75196e+08
7  5  1.49941e+08
7  6  1.26913e+08
7  7  1.92973e+08
7  8  3.18062e+08
7  9  2.72264e+08
7  10  2.47788e+08
7  11  2.38733e+08
7  12  1.61423e+08
7  13  1.37701e+08
7  14  1.49263e+08
7  15  1.70707e+08
7  16  1.87977e+08
7  17  1.4273e+08
7  18  1.80787e+08
7  19  1.51031e+08
7  20  1.30725e+08
7  21  1.68709e+08
7  22  1.32453e+08
7  23  1.64827e+08
7  24  1.29772e+08
7  25  1.27444e+08
7  26  1.45932e+08
7  27  2.05285e+08
7  28  1.90507e+08
7  29  1.48753e+08
7  30  9.47041e+07
7  31  6.04119e+07
7  32  1.08945e+08
7  33  1.06077e+08
7  34  1.08874e+08
7  35  9.99819e+07
7  36  1.13687e+08
7  37  1.42055e+08
7  38  3.49208e+08
7  39  1.78271e+08
7  40  1.21774e+08
7  41  1.24613e+08
7  42  1.47793e+08
7  43  1.4711e+08
7  44  1.20838e+08
7  45  1.22299e+08
7  46  1.11431e+08
7  47  1.06287e+08
7  48  1.50251e+08
7  49  1.05059e+08
7  50  1.40463e+08
8  0  2.26679e+08
8  1  1.70036e+08
8  2  1.57998e+08
8  3  1.83531e+08
8  4  1.87593e+08
8  5  1.32989e+08
8  6  1.45039e+08
8  7  1.93107e+08
8  8  3.08921e+08
8  9  3.05913e+08
8  10  1.75324e+08
8  11  2.04057e+08
8  12  2.176e+08
8  13  1.33194e+08
8  14  1.2134e+08
8  15  1.72823e+08
8  16  1.78104e+08
8  17  1.60749e+08
8  18  1.55026e+08
8  19  1.54026e+08
8  20  1.6158e+08
8  21  1.55115e+08
8  22  1.06229e+08
8  23  1.24712e+08
8  24  1.25884e+08
8  25  1.37265e+08
8  26  1.3429e+08
8  27  2.12424e+08
8  28  2.36625e+08
8  29  1.59926e+08
8  30  1.05497e+08
8  31  9.63335e+07
8  32  1.02725e+08
8  33  1.08672e+08
8  34  1.04418e+08
8  35  1.15589e+08
8  36  1.1622e+08
8  37  1.62071e+08
8  38  4.11248e+08
8  39  2.2955e+08
8  40  1.36191e+08
8  41  1.8207e+08
8  42  1.54565e+08
8  43  1.44282e+08
8  44  1.18187e+08
8  45  1.37432e+08
8  46  1.12193e+08
8  47  1.02222e+08
8  48  1.47224e+08
8  49  1.57753e+08
8  50  1.2915e+08
9  0  2.05043e+08
9  1  1.71345e+08
9  2  1.96035e+08
9  3  2.08601e+08
9  4  1.96888e+08
9  5  1.34584e+08
9  6  1.5066e+08
9  7  2.17054e+08
9  8  2.92793e+08
9  9  2.5512e+08
9  10  1.74447e+08
9  11  1.79375e+08
9  12  1.61254e+08
9  13  1.66255e+08
9  14  1.50153e+08
9  15  1.87662e+08
9  16  1.83793e+08
9  17  1.66687e+08
9  18  2.0271e+08
9  19  1.85203e+08
9  20  1.67229e+08
9  21  1.21872e+08
9  22  1.2313e+08
9  23  1.51254e+08
9  24  1.24371e+08
9  25  1.5167e+08
9  26  1.91275e+08
9  27  2.68259e+08
9  28  3.25992e+08
9  29  1.73503e+08
9  30  1.07619e+08
9  31  9.47081e+07
9  32  1.00996e+08
9  33  1.18253e+08
9  34  1.15103e+08
9  35  1.11767e+08
9  36  1.55992e+08
9  37  1.62108e+08
9  38  6.19368e+08
9  39  2.5761e+08
9  40  1.59579e+08
9  41  1.186e+08
9  42  1.43277e+08
9  43  1.454e+08
9  44  1.38419e+08
9  45  1.03452e+08
9  46  1.05154e+08
9  47  1.17353e+08
9  48  1.19943e+08
9  49  1.05261e+08
9  50  1.42757e+08
10  0  1.39871e+08
10  1  1.62172e+08
10  2  2.07962e+08
10  3  2.58786e+08
10  4  1.89785e+08
10  5  1.18903e+08
10  6  1.73583e+08
10  7  2.34823e+08
10  8  2.52331e+08
10  9  2.49354e+08
10  10  1.58943e+08
10  11  1.8588e+08
10  12  2.27424e+08
10  13  1.19163e+08
10  14  1.60462e+08
10  15  2.03796e+08
10  16  1.66756e+08
10  17  1.73937e+08
10  18  1.87633e+08
10  19  2.03142e+08
10  20  1.65651e+08
10  21  1.69649e+08
10  22  1.27119e+08
10  23  1.23241e+08
10  24  1.48323e+08
10  25  1.40081e+08
10  26  1.79169e+08
10  27  3.99226e+08
10  28  4.57136e+08
10  29  2.05328e+08
10  30  1.29705e+08
10  31  1.05096e+08
10  32  1.30736e+08
10  33  1.20419e+08
10  34  1.29982e+08
10  35  1.50127e+08
10  36  1.55201e+08
10  37  1.71542e+08
10  38  7.205e+08
10  39  3.29874e+08
10  40  1.59944e+08
10  41  1.34922e+08
10  42  1.64857e+08
10  43  1.26443e+08
10  44  1.36628e+08
10  45  1.32145e+08
10  46  1.22644e+08
10  47  1.06356e+08
10  48  1.04233e+08
10  49  1.22291e+08
10  50  1.49993e+08
11  0  2.03681e+08
11  1  1.54015e+08
11  2  2.3062e+08
11  3  2.12491e+08
11  4  1.86867e+08
11  5  1.37169e+08
11  6  1.6553e+08
11  7  1.78143e+08
11  8  1.77241e+08
11  9  1.98832e+08
11  10  1.48581e+08
11  11  2.279e+08
11  12  1.89787e+08
11  13  1.48475e+08
11  14  1.91113e+08
11  15  1.90874e+08
11  16  1.90854e+08
11  17  1.55122e+08
11  18  2.12712e+08
11  19  2.02617e+08
11  20  1.2614e+08
11  21  1.25513e+08
11  22  1.46501e+08
11  23  1.61201e+08
11  24  1.66485e+08
11  25  1.47043e+08
11  26  2.23845e+08
11  27  5.3497e+08
11  28  5.71808e+08
11  29  2.21805e+08
11  30  1.63967e+08
11  31  1.40323e+08
11  32  1.29564e+08
11  33  1.31497e+08
11  34  1.40973e+08
11  35  1.61102e+08
11  36  1.8671e+08
11  37  2.25218e+08
11  38  9.19293e+08
11  39  2.65185e+08
11  40  1.85142e+08
11  41  1.83259e+08
11  42  1.45438e+08
11  43  1.64519e+08
11  44  1.58806e+08
11  45  1.33026e+08
11  46  1.17975e+08
11  47  1.16181e+08
11  48  1.17615e+08
11  49  1.48959e+08
11  50  1.69266e+08
12  0  1.78856e+08
12  1  1.80298e+08
12  2  2.5805e+08
12  3  2.18217e+08
12  4  1.91705e+08
12  5  2.0099e+08
12  6  1.56716e+08
12  7  1.53182e+08
12  8  2.02268e+08
12  9  2.19079e+08
12  10  1.82088e+08
12  11  2.24647e+08
12  12  2.99829e+08
12  13  1.50356e+08
12  14  2.08907e+08
12  15  1.88468e+08
12  16  1.80535e+08
12  17  1.4887e+08
12  18  2.0662e+08
12  19  2.62594e+08
12  20  1.5455e+08
12  21  1.27381e+08
12  22  1.29711e+08
12  23  1.54322e+08
12  24  2.19114e+08
12  25  1.79544e+08
12  26  2.21598e+08
12  27  6.39764e+08
12  28  8.30708e+08
12  29  2.44405e+08
12  30  1.70308e+08
12  31  1.50404e+08
12  32  1.2858e+08
12  33  1.49111e+08
12  34  1.398e+08
12  35  1.74276e+08
12  36  1.76348e+08
12  37  1.79071e+08
12  38  4.97091e+08
12  39  2.34398e+08
12  40  1.77805e+08
12  41  1.63742e+08
12  42  1.86199e+08
12  43  1.51119e+08
12  44  1.15379e+08
12  45  1.36435e+08
12  46  1.26424e+08
12  47  1.1031e+08
12  48  1.10121e+08
12  49  1.48851e+08
12  50  1.70543e+08
13  0  2.06849e+08
13  1  2.05041e+08
13  2  2.38168e+08
13  3  2.01702e+08
13  4  1.86722e+08
13  5  1.61327e+08
13  6  1.47065e+08
13  7  1.81276e+08
13  8  1.59641e+08
13  9  2.59741e+08
13  10  1.64041e+08
13  11  3.24456e+08
13  12  2.6476e+08
13  13  2.03072e+08
13  14  2.73133e+08
13  15  1.92265e+08
13  16  1.59772e+08
13  17  1.63397e+08
13  18  2.84126e+08
13  19  2.2631e+08
13  20  1.39586e+08
13  21  1.41113e+08
13  22  1.37941e+08
13  23  1.72458e+08
13  24  2.34825e+08
13  25  1.8059e+08
13  26  2.54221e+08
13  27  8.41184e+08
13  28  1.00288e+09
13  29  2.99233e+08
13  30  1.76066e+08
13  31  1.0543e+08
13  32  1.52052e+08
13  33  1.4949e+08
13  34  1.57978e+08
13  35  1.66644e+08
13  36  1.60327e+08
13  37  1.7783e+08
13  38  4.11973e+08
13  39  2.26163e+08
13  40  1.10791e+08
13  41  2.01695e+08
13  42  1.54891e+08
13  43  1.32555e+08
13  44  1.55319e+08
13  45  1.33428e+08
13  46  1.17834e+08
13  47  1.04014e+08
13  48  1.28711e+08
13  49  1.39788e+08
13  50  1.41816e+08
14  0  2.68786e+08
14  1  2.46361e+08
14  2  2.18894e+08
14  3  2.6848e+08
14  4  2.20668e+08
14  5  1.70211e+08
14  6  1.58174e+08
14  7  1.30457e+08
14  8  2.02724e+08
14  9  2.66947e+08
14  10  1.58111e+08
14  11  2.61388e+08
14  12  3.83447e+08
14  13  1.97441e+08
14  14  3.70799e+08
14  15  2.26414e+08
14  16  2.05034e+08
14  17  1.85191e+08
14  18  3.38906e+08
14  19  2.85262e+08
14  20  1.59811e+08
14  21  1.37051e+08
14  22  1.71404e+08
14  23  2.20042e+08
14  24  3.15031e+08
14  25  1.95068e+08
14  26  2.66822e+08
14  27  1.05522e+09
14  28  1.41315e+09
14  29  4.06228e+08
14  30  1.85344e+08
14  31  1.65169e+08
14  32  1.31484e+08
14  33  1.61578e+08
14  34  1.44339e+08
14  35  1.5618e+08
14  36  1.53503e+08
14  37  1.72328e+08
14  38  2.96566e+08
14  39  2.06452e+08
14  40  1.37959e+08
14  41  1.52704e+08
14  42  1.48817e+08
14  43  1.39662e+08
14  44  1.08668e+08
14  45  1.12112e+08
14  46  1.14799e+08
14  47  1.04821e+08
14  48  1.33525e+08
14  49  1.45196e+08
14  50  1.30538e+08
15  0  3.09023e+08
15  1  2.3778e+08
15  2  2.3835e+08
15  3  2.62218e+08
15  4  1.76423e+08
15  5  1.62288e+08
15  6  1.61234e+08
15  7  1.69283e+08
15  8  1.97054e+08
15  9  2.55994e+08
15  10  1.96649e+08
15  11  2.56787e+08
15  12  2.42661e+08
15  13  1.80396e+08
15  14  3.21364e+08
15  15  1.9545e+08
15  16  1.79948e+08
15  17  1.51925e+08
15  18  4.8087e+08
15  19  2.95272e+08
15  20  1.59088e+08
15  21  1.54598e+08
15  22  1.93506e+08
15  23  2.4038e+08
15  24  4.41496e+08
15  25  2.77718e+08
15  26  3.63294e+08
15  27  1.58974e+09
15  28  1.67674e+09
15  29  4.06191e+08
15  30  1.88813e+08
15  31  1.30163e+08
15  32  1.38356e+08
15  33  1.51876e+08
15  34  1.50672e+08
15  35  1.58376e+08
15  36  1.58013e+08
15  37  1.21249e+08
15  38  2.65626e+08
15  39  1.39694e+08
15  40  1.14585e+08
15  41  1.26688e+08
15  42  1.30156e+08
15  43  1.08568e+08
15  44  1.24167e+08
15  45  1.08251e+08
15  46  1.07363e+08
15  47  1.01944e+08
15  48  1.29464e+08
15  49  1.36048e+08
15  50  1.30204e+08
16  0  3.53405e+08
16  1  2.51034e+08
16  2  2.50974e+08
16  3  2.21749e+08
16  4  1.83411e+08
16  5  1.42187e+08
16  6  1.35327e+08
16  7  1.53685e+08
16  8  1.806e+08
16  9  2.98921e+08
16  10  1.93404e+08
16  11  2.39405e+08
16  12  2.74133e+08
16  13  2.36289e+08
16  14  2.61003e+08
16  15  2.12955e+08
16  16  2.27779e+08
16  17  1.85856e+08
16  18  4.55835e+08
16  19  4.0266e+08
16  20  1.78549e+08
16  21  1.74335e+08
16  22  2.13335e+08
16  23  2.80159e+08
16  24  5.06924e+08
16  25  2.63017e+08
16  26  3.83521e+08
16  27  1.63963e+09
16  28  2.40535e+09
16  29  5.69968e+08
16  30  2.28249e+08
16  31  1.53064e+08
16  32  1.36211e+08
16  33  1.51205e+08
16  34  1.48061e+08
16  35  1.3463e+08
16  36  1.64094e+08
16  37  1.62909e+08
16  38  2.1012e+08
16  39  1.58094e+08
16  40  1.26467e+08
16  41  1.61174e+08
16  42  1.27171e+08
16  43  1.22627e+08
16  44  1.12825e+08
16  45  9.78421e+07
16  46  9.47907e+07
16  47  1.27331e+08
16  48  1.33939e+08
16  49  1.52673e+08
16  50  1.45037e+08
17  0  2.94051e+08
17  1  2.53113e+08
17  2  1.90859e+08
17  3  2.14682e+08
17  4  1.41046e+08
17  5  1.61252e+08
17  6  1.42367e+08
17  7  1.72257e+08
17  8  2.30411e+08
17  9  2.78524e+08
17  10  2.23393e+08
17  11  2.39984e+08
17  12  2.66439e+08
17  13  2.38876e+08
17  14  2.52484e+08
17  15  2.14377e+08
17  16  2.12082e+08
17  17  1.96014e+08
17  18  8.69115e+08
17  19  3.45431e+08
17  20  2.15723e+08
17  21  2.09393e+08
17  22  2.43889e+08
17  23  3.95924e+08
17  24  7.20057e+08
17  25  3.98743e+08
17  26  4.95476e+08
17  27  2.92809e+09
17  28  2.86206e+09
17  29  5.91955e+08
17  30  2.54879e+08
17  31  2.00621e+08
17  32  1.6794e+08
17  33  1.9929e+08
17  34  1.54304e+08
17  35  1.82178e+08
17  36  1.55064e+08
17  37  1.52145e+08
17  38  1.82489e+08
17  39  1.4598e+08
17  40  1.15823e+08
17  41  1.62376e+08
17  42  1.39857e+08
17  43  9.11278e+07
17  44  1.0131e+08
17  45  1.09888e+08
17  46  1.02241e+08
17  47  1.10478e+08
17  48  1.47142e+08
17  49  1.46521e+08
17  50  1.25159e+08
18  0  3.01826e+08
18  1  2.36749e+08
18  2  1.94553e+08
18  3  2.04755e+08
18  4  1.59627e+08
18  5  1.27637e+08
18  6  1.4925e+08
18  7  2.2191e+08
18  8  2.41114e+08
18  9  2.69245e+08
18  10  2.15695e+08
18  11  2.58529e+08
18  12  2.23269e+08
18  13  2.17776e+08
18  14  1.85833e+08
18  15  1.84806e+08
18  16  2.3949e+08
18  17  2.15139e+08
18  18  4.74348e+08
18  19  3.15047e+08
18  20  2.4376e+08
18  21  2.49205e+08
18  22  2.93045e+08
18  23  3.7727e+08
18  24  9.76241e+08
18  25  5.11843e+08
18  26  7.29892e+08
18  27  3.34101e+09
18  28  3.55952e+09
18  29  8.21454e+08
18  30  4.16094e+08
18  31  2.68923e+08
18  32  2.31711e+08
18  33  2.37411e+08
18  34  1.67119e+08
18  35  1.53812e+08
18  36  1.66998e+08
18  37  1.50323e+08
18  38  1.88626e+08
18  39  1.51461e+08
18  40  1.6841e+08
18  41  1.44104e+08
18  42  1.26762e+08
18  43  1.18825e+08
18  44  1.26515e+08
18  45  1.39599e+08
18  46  1.32533e+08
18  47  1.20034e+08
18  48  1.83476e+08
18  49  1.44989e+08
18  50  1.30999e+08
19  0  3.18302e+08
19  1  2.19017e+08
19  2  1.96643e+08
19  3  1.58417e+08
19  4  1.46177e+08
19  5  1.37322e+08
19  6  1.73153e+08
19  7  2.17859e+08
19  8  2.66555e+08
19  9  2.31561e+08
19  10  2.50539e+08
19  11  2.29475e+08
19  12  1.91602e+08
19  13  1.8702e+08
19  14  2.10155e+08
19  15  1.98298e+08
19  16  1.63455e+08
19  17  2.06359e+08
19  18  4.14577e+08
19  19  2.90925e+08
19  20  2.42347e+08
19  21  2.81177e+08
19  22  3.30616e+08
19  23  4.88519e+08
19  24  1.30403e+09
19  25  5.69834e+08
19  26  7.5891e+08
19  27  3.21169e+09
19  28  2.37664e+09
19  29  7.49432e+08
19  30  3.56283e+08
19  31  2.60499e+08
19  32  2.11911e+08
19  33  1.90906e+08
19  34  1.80258e+08
19  35  1.61673e+08
19  36  1.40074e+08
19  37  1.61777e+08
19  38  1.45612e+08
19  39  1.54535e+08
19  40  1.54254e+08
19  41  1.18345e+08
19  42  1.09758e+08
19  43  1.24226e+08
19  44  1.30231e+08
19  45  1.1079e+08
19  46  1.28814e+08
19  47  1.33436e+08
19  48  1.87225e+08
19  49  1.53987e+08
19  50  1.37435e+08
20  0  2.76282e+08
20  1  2.4241e+08
20  2  2.01917e+08
20  3  1.77765e+08
20  4  1.41808e+08
20  5  1.46323e+08
20  6  1.88875e+08
20  7  2.36714e+08
20  8  2.32346e+08
20  9  2.25201e+08
20  10  2.41729e+08
20  11  1.74634e+08
20  12  2.05295e+08
20  13  1.59765e+08
20  14  1.66094e+08
20  15  1.70116e+08
20  16  1.73577e+08
20  17  1.66722e+08
20  18  3.40194e+08
20  19  3.05769e+08
20  20  2.16327e+08
20  21  2.50528e+08
20  22  3.26422e+08
20  23  4.60341e+08
20  24  1.96072e+09
20  25  5.38281e+08
20  26  6.3234e+08
20  27  1.81228e+09
20  28  2.06248e+09
20  29  5.90248e+08
20  30  3.51668e+08
20  31  2.49001e+08
20  32  2.19357e+08
20  33  1.84278e+08
20  34  1.68158e+08
20  35  1.8115e+08
20  36  1.51996e+08
20  37  1.78922e+08
20  38  1.51246e+08
20  39  1.24629e+08
20  40  1.52651e+08
20  41  1.23666e+08
20  42  1.30623e+08
20  43  9.27904e+07
20  44  1.44555e+08
20  45  1.22579e+08
20  46  1.41572e+08
20  47  1.52096e+08
20  48  1.3992e+08
20  49  1.63501e+08
20  50  1.68006e+08
21  0  2.66498e+08
21  1  2.38144e+08
21  2  1.77947e+08
21  3  1.66421e+08
21  4  1.48342e+08
21  5  1.52562e+08
21  6  2.15399e+08
21  7  2.14686e+08
21  8  2.03009e+08
21  9  2.31941e+08
21  10  2.43701e+08
21  11  2.06931e+08
21  12  2.04564e+08
21  13  1.93408e+08
21  14  1.70273e+08
21  15  1.66741e+08
21  16  1.82343e+08
21  17  1.8299e+08
21  18  3.1e+08
21  19  2.32e+08
21  20  2.95642e+08
21  21  3.04185e+08
21  22  3.46687e+08
21  23  5.3702e+08
21  24  1.65636e+09
21  25  4.36701e+08
21  26  6.4961e+08
21  27  1.68868e+09
21  28  1.35407e+09
21  29  4.12799e+08
21  30  2.6468e+08
21  31  2.03942e+08
21  32  1.71831e+08
21  33  1.54426e+08
21  34  1.32081e+08
21  35  1.386e+08
21  36  1.37645e+08
21  37  1.4656e+08
21  38  1.43342e+08
21  39  1.57528e+08
21  40  1.39076e+08
21  41  1.37772e+08
21  42  1.11267e+08
21  43  1.13838e+08
21  44  1.42525e+08
21  45  1.15424e+08
21  46  1.30638e+08
21  47  1.39086e+08
21  48  1.50017e+08
21  49  1.41741e+08
21  50  1.83109e+08
22  0  1.92496e+08
22  1  2.88971e+08
22  2  2.28422e+08
22  3  1.60773e+08
22  4  1.43593e+08
22  5  1.64853e+08
22  6  1.61744e+08
22  7  1.66826e+08
22  8  1.79307e+08
22  9  1.76248e+08
22  10  2.31783e+08
22  11  2.05015e+08
22  12  2.08451e+08
22  13  1.37288e+08
22  14  1.73925e+08
22  15  1.27937e+08
22  16  1.59577e+08
22  17  1.63325e+08
22  18  2.48331e+08
22  19  2.50871e+08
22  20  2.60863e+08
22  21  2.41432e+08
22  22  3.27962e+08
22  23  4.35698e+08
22  24  1.1497e+09
22  25  3.9225e+08
22  26  5.59897e+08
22  27  1.25669e+09
22  28  9.76176e+08
22  29  3.73234e+08
22  30  2.20652e+08
22  31  1.65771e+08
22  32  1.63185e+08
22  33  1.56137e+08
22  34  1.4998e+08
22  35  1.35093e+08
22  36  1.55138e+08
22  37  1.32314e+08
22  38  1.41558e+08
22  39  1.55422e+08
22  40  1.30723e+08
22  41  1.12209e+08
22  42  1.19261e+08
22  43  1.18722e+08
22  44  1.0778e+08
22  45  1.23376e+08
22  46  1.31777e+08
22  47  1.101e+08
22  48  1.53579e+08
22  49  1.41514e+08
22  50  2.1048e+08
23  0  2.13867e+08
23  1  2.85978e+08
23  2  2.26314e+08
23  3  1.65269e+08
23  4  1.51598e+08
23  5  1.54966e+08
23  6  1.53075e+08
23  7  1.51028e+08
23  8  1.79642e+08
23  9  1.24509e+08
23  10  1.70675e+08
23  11  2.41513e+08
23  12  2.18854e+08
23  13  1.44124e+08
23  14  1.48549e+08
23  15  1.35184e+08
23  16  1.87346e+08
23  17  1.54253e+08
23  18  2.15054e+08
23  19  2.03484e+08
23  20  2.1788e+08
23  21  2.25173e+08
23  22  2.8188e+08
23  23  4.47591e+08
23  24  8.94702e+08
23  25  3.41902e+08
23  26  5.31364e+08
23  27  1.16335e+09
23  28  7.81013e+08
23  29  3.22654e+08
23  30  1.75247e+08
23  31  1.51555e+08
23  32  1.30131e+08
23  33  1.38723e+08
23  34  1.43927e+08
23  35  1.22803e+08
23  36  1.39824e+08
23  37  1.12576e+08
23  38  1.38291e+08
23  39  1.0923e+08
23  40  1.35158e+08
23  41  1.05176e+08
23  42  1.29842e+08
23  43  1.23893e+08
23  44  1.15908e+08
23  45  1.28865e+08
23  46  1.36217e+08
23  47  1.33757e+08
23  48  1.67669e+08
23  49  1.5605e+08
23  50  1.97337e+08
24  0  1.70288e+08
24  1  3.21709e+08
24  2  2.5543e+08
24  3  1.80778e+08
24  4  1.75452e+08
24  5  1.54184e+08
24  6  1.81104e+08
24  7  1.84442e+08
24  8  1.37547e+08
24  9  1.20489e+08
24  10  1.98426e+08
24  11  1.85254e+08
24  12  2.35088e+08
24  13  1.36931e+08
24  14  1.15225e+08
24  15  1.09541e+08
24  16  1.2672e+08
24  17  1.41072e+08
24  18  1.93532e+08
24  19  1.60667e+08
24  20  2.07823e+08
24  21  2.48949e+08
24  22  2.18964e+08
24  23  4.00779e+08
24  24  6.46657e+08
24  25  3.08691e+08
24  26  4.7695e+08
24  27  7.01657e+08
24  28  6.92589e+08
24  29  2.34009e+08
24  30  2.07482e+08
24  31  1.70904e+08
24  32  1.31405e+08
24  33  1.32226e+08
24  34  1.40038e+08
24  35  1.34779e+08
24  36  1.36008e+08
24  37  1.03815e+08
24  38  1.33366e+08
24  39  1.30298e+08
24  40  1.14918e+08
24  41  1.10579e+08
24  42  1.04951e+08
24  43  1.04477e+08
24  44  1.04223e+08
24  45  1.17961e+08
24  46  1.42948e+08
24  47  1.42557e+08
24  48  1.31663e+08
24  49  1.76117e+08
24  50  1.8e+08
25  0  1.61128e+08
25  1  2.82351e+08
25  2  2.46714e+08
25  3  1.42019e+08
25  4  1.4302e+08
25  5  1.38165e+08
25  6  1.44038e+08
25  7  1.12373e+08
25  8  1.03945e+08
25  9  1.39732e+08
25  10  1.70954e+08
25  11  2.19712e+08
25  12  2.28239e+08
25  13  1.23688e+08
25  14  1.6088e+08
25  15  1.46931e+08
25  16  1.5053e+08
25  17  1.28988e+08
25  18  1.81161e+08
25  19  1.51238e+08
25  20  1.89917e+08
25  21  1.92313e+08
25  22  1.99364e+08
25  23  3.67032e+08
25  24  4.72011e+08
25  25  2.84311e+08
25  26  4.66014e+08
25  27  6.38698e+08
25  28  4.83982e+08
25  29  2.31609e+08
25  30  1.86292e+08
25  31  1.7065e+08
25  32  1.45647e+08
25  33  1.39316e+08
25  34  1.06371e+08
25  35  1.26451e+08
25  36  1.04728e+08
25  37  1.10185e+08
25  38  1.26202e+08
25  39  1.23006e+08
25  40  1.26346e+08
25  41  1.06916e+08
25  42  1.2205e+08
25  43  1.1609e+08
25  44  1.43626e+08
25  45  1.24829e+08
25  46  1.69741e+08
25  47  1.66605e+08
25  48  1.37644e+08
25  49  1.87137e+08
25  50  1.88554e+08
26  0  1.42403e+08
26  1  3.24186e+08
26  2  2.9564e+08
26  3  1.32736e+08
26  4  1.50819e+08
26  5  1.55444e+08
26  6  1.31876e+08
26  7  1.14606e+08
26  8  1.28199e+08
26  9  1.2042e+08
26  10  1.36252e+08
26  11  2.39597e+08
26  12  3.07936e+08
26  13  1.77779e+08
26  14  1.47465e+08
26  15  1.36638e+08
26  16  1.69591e+08
26  17  1.26513e+08
26  18  1.86345e+08
26  19  1.66288e+08
26  20  1.83468e+08
26  21  1.66916e+08
26  22  1.74431e+08
26  23  2.60495e+08
26  24  4.14119e+08
26  25  2.49248e+08
26  26  3.32363e+08
26  27  5.27732e+08
26  28  4.81513e+08
26  29  1.92175e+08
26  30  1.63186e+08
26  31  1.64323e+08
26  32  1.33045e+08
26  33  1.47141e+08
26  34  1.06537e+08
26  35  1.10163e+08
26  36  1.00033e+08
26  37  1.27603e+08
26  38  1.30793e+08
26  39  1.63821e+08
26  40  1.30182e+08
26  41  1.06732e+08
26  42  1.21119e+08
26  43  1.51843e+08
26  44  1.22625e+08
26  45  1.8737e+08
26  46  1.82715e+08
26  47  1.6507e+08
26  48  1.88697e+08
26  49  1.9546e+08
26  50  1.72648e+08
27  0  1.68997e+08
27  1  2.08151e+08
27  2  2.55138e+08
27  3  1.35392e+08
27  4  1.38159e+08
27  5  1.45435e+08
27  6  1.24089e+08
27  7  1.30259e+08
27  8  1.06262e+08
27  9  9.31074e+07
27  10  1.27568e+08
27  11  2.14958e+08
27  12  2.09642e+08
27  13  1.75683e+08
27  14  1.35682e+08
27  15  1.16187e+08
27  16  1.47182e+08
27  17  1.68572e+08
27  18  1.52997e+08
27  19  1.7242e+08
27  20  1.40089e+08
27  21  1.49359e+08
27  22  1.79599e+08
27  23  2.08913e+08
27  24  3.08196e+08
27  25  2.00323e+08
27  26  2.88838e+08
27  27  4.21175e+08
27  28  3.26189e+08
27  29  2.02409e+08
27  30  1.95923e+08
27  31  1.86571e+08
27  32  1.38793e+08
27  33  1.1686e+08
27  34  1.08449e+08
27  35  1.07445e+08
27  36  1.02332e+08
27  37  1.06489e+08
27  38  1.23492e+08
27  39  1.08835e+08
27  40  1.38088e+08
27  41  1.28056e+08
27  42  1.23836e+08
27  43  1.40938e+08
27  44  1.51245e+08
27  45  1.666e+08
27  46  1.89141e+08
27  47  1.87443e+08
27  48  1.78144e+08
27  49  2.0179e+08
27  50  1.82643e+08
28  0  1.39187e+08
28  1  2.12539e+08
28  2  2.87147e+08
28  3  1.31706e+08
28  4  1.18289e+08
28  5  1.62082e+08
28  6  1.36088e+08
28  7  1.23078e+08
28  8  1.15126e+08
28  9  1.24531e+08
28  10  1.41841e+08
28  11  1.79054e+08
28  12  2.19832e+08
28  13  1.41741e+08
28  14  1.57249e+08
28  15  1.4122e+08
28  16  1.46057e+08
28  17  1.362e+08
28  18  1.63861e+08
28  19  1.41267e+08
28  20  1.36067e+08
28  21  1.19248e+08
28  22  1.56697e+08
28  23  2.00831e+08
28  24  3.0798e+08
28  25  1.80214e+08
28  26  2.07455e+08
28  27  3.10838e+08
28  28  3.39197e+08
28  29  1.58539e+08
28  30  2.07254e+08
28  31  2.05729e+08
28  32  1.52515e+08
28  33  1.11294e+08
28  34  1.28469e+08
28  35  1.09622e+08
28  36  1.12387e+08
28  37  1.29518e+08
28  38  1.12304e+08
28  39  1.0965e+08
28  40  1.52794e+08
28  41  1.30857e+08
28  42  1.44843e+08
28  43  1.29687e+08
28  44  1.5465e+08
28  45  1.99333e+08
28  46  1.84159e+08
28  47  1.84575e+08
28  48  1.83642e+08
28  49  2.16066e+08
28  50  2.2031e+08
29  0  1.23339e+08
29  1  1.89866e+08
29  2  2.46554e+08
29  3  1.22474e+08
29  4  1.46196e+08
29  5  2.14077e+08
29  6  1.3504e+08
29  7  1.06081e+08
29  8  1.16047e+08
29  9  1.03613e+08
29  10  1.52399e+08
29  11  1.8108e+08
29  12  1.97905e+08
29  13  1.45972e+08
29  14  1.33522e+08
29  15  1.26368e+08
29  16  1.36381e+08
29  17  1.52024e+08
29  18  1.36147e+08
29  19  1.35119e+08
29  20  1.36072e+08
29  21  1.60805e+08
29  22  1.59941e+08
29  23  1.88843e+08
29  24  2.50342e+08
29  25  1.78965e+08
29  26  2.12299e+08
29  27  3.29824e+08
29  28  2.52017e+08
29  29  1.80055e+08
29  30  1.82192e+08
29  31  2.20344e+08
29  32  1.55431e+08
29  33  1.56787e+08
29  34  9.59361e+07
29  35  1.1805e+08
29  36  1.33216e+08
29  37  1.07122e+08
29  38  1.16068e+08
29  39  1.45148e+08
29  40  1.38343e+08
29  41  1.39619e+08
29  42  1.1781e+08
29  43  1.442e+08
29  44  1.68824e+08
29  45  2.0566e+08
29  46  2.2181e+08
29  47  1.78129e+08
29  48  1.86721e+08
29  49  2.65326e+08
29  50  2.14445e+08
30  0  1.0723e+08
30  1  1.72215e+08
30  2  2.66645e+08
30  3  1.28275e+08
30  4  1.35135e+08
30  5  2.06124e+08
30  6  1.71857e+08
30  7  1.23686e+08
30  8  1.27462e+08
30  9  1.11655e+08
30  10  1.3116e+08
30  11  1.78479e+08
30  12  1.7036e+08
30  13  1.3939e+08
30  14  1.5377e+08
30  15  1.50285e+08
30  16  1.27546e+08
30  17  1.33476e+08
30  18  1.3175e+08
30  19  1.34344e+08
30  20  1.44712e+08
30  21  1.45462e+08
30  22  1.7574e+08
30  23  1.61141e+08
30  24  2.04872e+08
30  25  1.62085e+08
30  26  1.61909e+08
30  27  2.61857e+08
30  28  2.15822e+08
30  29  1.51173e+08
30  30  1.87366e+08
30  31  2.69511e+08
30  32  1.50312e+08
30  33  1.22995e+08
30  34  1.06636e+08
30  35  9.80306e+07
30  36  1.05355e+08
30  37  1.01487e+08
30  38  1.11969e+08
30  39  1.28792e+08
30  40  1.54761e+08
30  41  1.23359e+08
30  42  1.41453e+08
30  43  1.37386e+08
30  44  2.05011e+08
30  45  2.58479e+08
30  46  2.21876e+08
30  47  1.83141e+08
30  48  1.9462e+08
30  49  2.43689e+08
30  50  2.18623e+08
31  0  1.09925e+08
31  1  1.53816e+08
31  2  2.33288e+08
31  3  1.4093e+08
31  4  1.51356e+08
31  5  2.20132e+08
31  6  1.64519e+08
31  7  1.20475e+08
31  8  1.1054e+08
31  9  1.13805e+08
31  10  1.46945e+08
31  11  1.91836e+08
31  12  2.10039e+08
31  13  1.51453e+08
31  14  1.67988e+08
31  15  1.67884e+08
31  16  1.30593e+08
31  17  1.29472e+08
31  18  1.50508e+08
31  19  1.19984e+08
31  20  1.39286e+08
31  21  1.94907e+08
31  22  1.76862e+08
31  23  1.50833e+08
31  24  2.0684e+08
31  25  1.67896e+08
31  26  1.38822e+08
31  27  1.99176e+08
31  28  1.86204e+08
31  29  1.26678e+08
31  30  2.3022e+08
31  31  2.13354e+08
31  32  1.48325e+08
31  33  1.3517e+08
31  34  1.20281e+08
31  35  1.03545e+08
31  36  1.17451e+08
31  37  1.15229e+08
31  38  1.31166e+08
31  39  1.48466e+08
31  40  1.78207e+08
31  41  1.36879e+08
31  42  1.53295e+08
31  43  1.89313e+08
31  44  2.52617e+08
31  45  3.57963e+08
31  46  2.39937e+08
31  47  1.98755e+08
31  48  2.4127e+08
31  49  2.94955e+08
31  50  2.03262e+08
32  0  1.09257e+08
32  1  1.40856e+08
32  2  2.07239e+08
32  3  1.23387e+08
32  4  1.84598e+08
32  5  2.24571e+08
32  6  1.65095e+08
32  7  1.52426e+08
32  8  1.10329e+08
32  9  1.07228e+08
32  10  1.47979e+08
32  11  1.74412e+08
32  12  2.24696e+08
32  13  2.01509e+08
32  14  1.75758e+08
32  15  1.63251e+08
32  16  1.52162e+08
32  17  9.49837e+07
32  18  1.04883e+08
32  19  1.3943e+08
32  20  1.46155e+08
32  21  1.74019e+08
32  22  1.46949e+08
32  23  1.43532e+08
32  24  1.66238e+08
32  25  1.57004e+08
32  26  1.80596e+08
32  27  1.87019e+08
32  28  1.86526e+08
32  29  1.56518e+08
32  30  1.58748e+08
32  31  1.78595e+08
32  32  1.26382e+08
32  33  1.28232e+08
32  34  1.26524e+08
32  35  1.19134e+08
32  36  1.27591e+08
32  37  1.25976e+08
32  38  1.1857e+08
32  39  1.51538e+08
32  40  1.51986e+08
32  41  1.49716e+08
32  42  1.56345e+08
32  43  2.07794e+08
32  44  2.57716e+08
32  45  2.89415e+08
32  46  2.13273e+08
32  47  2.0756e+08
32  48  2.39745e+08
32  49  3.16146e+08
32  50  1.89418e+08
33  0  9.22012e+07
33  1  1.17609e+08
33  2  1.91017e+08
33  3  1.26193e+08
33  4  2.20385e+08
33  5  1.93701e+08
33  6  1.56584e+08
33  7  1.544e+08
33  8  1.06029e+08
33  9  1.0533e+08
33  10  1.57905e+08
33  11  2.08288e+08
33  12  2.10512e+08
33  13  1.27342e+08
33  14  1.63235e+08
33  15  1.63929e+08
33  16  1.0748e+08
33  17  1.18769e+08
33  18  1.11784e+08
33  19  1.29935e+08
33  20  1.25428e+08
33  21  1.43072e+08
33  22  1.18024e+08
33  23  1.40231e+08
33  24  1.48016e+08
33  25  1.28926e+08
33  26  1.51027e+08
33  27  1.87865e+08
33  28  1.39785e+08
33  29  1.36987e+08
33  30  1.61412e+08
33  31  1.62624e+08
33  32  1.31551e+08
33  33  1.27899e+08
33  34  1.13693e+08
33  35  9.45665e+07
33  36  1.25193e+08
33  37  1.13616e+08
33  38  1.32515e+08
33  39  1.2481e+08
33  40  1.36567e+08
33  41  1.70783e+08
33  42  1.88987e+08
33  43  2.17984e+08
33  44  2.29979e+08
33  45  2.44193e+08
33  46  2.10071e+08
33  47  1.89652e+08
33  48  2.97693e+08
33  49  3.01232e+08
33  50  1.64067e+08
34  0  9.24028e+07
34  1  1.12388e+08
34  2  1.79519e+08
34  3  1.49911e+08
34  4  2.27666e+08
34  5  2.16444e+08
34  6  1.34677e+08
34  7  1.39427e+08
34  8  1.28585e+08
34  9  1.08969e+08
34  10  1.46835e+08
34  11  1.98091e+08
34  12  2.27933e+08
34  13  1.76316e+08
34  14  1.82041e+08
34  15  1.81228e+08
34  16  1.2462e+08
34  17  1.03347e+08
34  18  1.30787e+08
34  19  1.05314e+08
34  20  1.36827e+08
34  21  1.38861e+08
34  22  9.63569e+07
34  23  1.32587e+08
34  24  1.51298e+08
34  25  1.60396e+08
34  26  1.43616e+08
34  27  1.8517e+08
34  28  1.55397e+08
34  29  1.24176e+08
34  30  1.51206e+08
34  31  1.80047e+08
34  32  1.21995e+08
34  33  1.45379e+08
34  34  8.70568e+07
34  35  1.21878e+08
34  36  1.25502e+08
34  37  1.16051e+08
34  38  1.32776e+08
34  39  1.50571e+08
34  40  1.60555e+08
34  41  1.45923e+08
34  42  1.71626e+08
34  43  2.08663e+08
34  44  2.23393e+08
34  45  2.05769e+08
34  46  1.80978e+08
34  47  2.25338e+08
34  48  3.34816e+08
34  49  3.35191e+08
34  50  1.63103e+08
35  0  1.11386e+08
35  1  1.39805e+08
35  2  1.92474e+08
35  3  1.15069e+08
35  4  3.43376e+08
35  5  2.46881e+08
35  6  1.58604e+08
35  7  1.34531e+08
35  8  1.1434e+08
35  9  1.22805e+08
35  10  1.41213e+08
35  11  2.26682e+08
35  12  2.07467e+08
35  13  1.45998e+08
35  14  1.87366e+08
35  15  1.37118e+08
35  16  1.21071e+08
35  17  1.11346e+08
35  18  1.35429e+08
35  19  1.57145e+08
35  20  1.35372e+08
35  21  1.06862e+08
35  22  8.85812e+07
35  23  1.11927e+08
35  24  1.4147e+08
35  25  1.43561e+08
35  26  1.2264e+08
35  27  1.61272e+08
35  28  1.60574e+08
35  29  1.21618e+08
35  30  1.19927e+08
35  31  1.38577e+08
35  32  1.32268e+08
35  33  1.51074e+08
35  34  1.19815e+08
35  35  1.13572e+08
35  36  1.49225e+08
35  37  1.30777e+08
35  38  1.2497e+08
35  39  1.56232e+08
35  40  1.63711e+08
35  41  1.74188e+08
35  42  1.9995e+08
35  43  1.7183e+08
35  44  2.10135e+08
35  45  2.09274e+08
35  46  2.24957e+08
35  47  2.10684e+08
35  48  3.3003e+08
35  49  3.67336e+08
35  50  1.99052e+08
36  0  8.9278e+07
36  1  1.07959e+08
36  2  1.68967e+08
36  3  1.41212e+08
36  4  4.03588e+08
36  5  2.56794e+08
36  6  1.57318e+08
36  7  1.39603e+08
36  8  1.00421e+08
36  9  1.47975e+08
36  10  1.43045e+08
36  11  2.15786e+08
36  12  2.57125e+08
36  13  1.50707e+08
36  14  1.87992e+08
36  15  2.03269e+08
36  16  1.30012e+08
36  17  1.41113e+08
36  18  1.12098e+08
36  19  1.21161e+08
36  20  1.05924e+08
36  21  1.10346e+08
36  22  1.1329e+08
36  23  1.23155e+08
36  24  1.51661e+08
36  25  1.1494e+08
36  26  1.38271e+08
36  27  1.44626e+08
36  28  1.50278e+08
36  29  1.21193e+08
36  30  1.53361e+08
36  31  1.40573e+08
36  32  1.56729e+08
36  33  1.34924e+08
36  34  1.13893e+08
36  35  1.1069e+08
36  36  9.42628e+07
36  37  1.14791e+08
36  38  9.66718e+07
36  39  1.43789e+08
36  40  1.59906e+08
36  41  1.79544e+08
36  42  2.04536e+08
36  43  2.08194e+08
36  44  2.23048e+08
36  45  1.942e+08
36  46  2.55354e+08
36  47  1.84061e+08
36  48  3.60241e+08
36  49  5.13355e+08
36  50  2.15736e+08
37  0  1.07304e+08
37  1  1.17999e+08
37  2  1.50855e+08
37  3  1.27644e+08
37  4  5.12676e+08
37  5  2.75307e+08
37  6  1.39372e+08
37  7  1.49132e+08
37  8  1.38282e+08
37  9  1.2607e+08
37  10  1.42849e+08
37  11  1.77953e+08
37  12  1.92896e+08
37  13  1.16757e+08
37  14  1.50922e+08
37  15  1.67203e+08
37  16  1.38877e+08
37  17  8.25661e+07
37  18  1.17436e+08
37  19  1.17061e+08
37  20  1.21057e+08
37  21  1.09177e+08
37  22  1.06958e+08
37  23  1.35612e+08
37  24  1.33084e+08
37  25  1.57684e+08
37  26  1.37937e+08
37  27  1.31053e+08
37  28  1.07827e+08
37  29  1.40244e+08
37  30  1.4892e+08
37  31  1.41134e+08
37  32  1.50141e+08
37  33  1.27776e+08
37  34  1.01115e+08
37  35  1.11376e+08
37  36  1.19473e+08
37  37  6.44435e+07
37  38  9.01311e+07
37  39  1.59075e+08
37  40  1.78998e+08
37  41  1.58959e+08
37  42  1.78348e+08
37  43  1.96619e+08
37  44  2.01392e+08
37  45  1.80684e+08
37  46  2.00564e+08
37  47  2.66971e+08
37  48  4.77705e+08
37  49  4.8035e+08
37  50  1.91898e+08
38  0  1.0636e+08
38  1  1.24252e+08
38  2  1.38014e+08
38  3  1.1658e+08
38  4  5.58104e+08
38  5  3.66981e+08
38  6  1.62075e+08
38  7  1.55534e+08
38  8  1.4172e+08
38  9  1.35157e+08
38  10  1.68209e+08
38  11  1.808e+08
38  12  1.78995e+08
38  13  1.30097e+08
38  14  1.4599e+08
38  15  1.46747e+08
38  16  1.11295e+08
38  17  8.87135e+07
38  18  1.23009e+08
38  19  1.12511e+08
38  20  9.79745e+07
38  21  1.23931e+08
38  22  8.8442e+07
38  23  1.31116e+08
38  24  1.2348e+08
38  25  1.20405e+08
38  26  1.20699e+08
38  27  1.40317e+08
38  28  1.31214e+08
38  29  1.16396e+08
38  30  1.83278e+08
38  31  1.46858e+08
38  32  1.07374e+08
38  33  1.52709e+08
38  34  1.10945e+08
38  35  9.00597e+07
38  36  1.08431e+08
38  37  1.08099e+08
38  38  9.66328e+07
38  39  1.6128e+08
38  40  1.66541e+08
38  41  1.76256e+08
38  42  1.90389e+08
38  43  2.04964e+08
38  44  2.08758e+08
38  45  2.25018e+08
38  46  2.50752e+08
38  47  2.36382e+08
38  48  5.30053e+08
38  49  8.26622e+08
38  50  2.30584e+08
39  0  1.14531e+08
39  1  9.58856e+07
39  2  1.31104e+08
39  3  1.47181e+08
39  4  6.90646e+08
39  5  3.03288e+08
39  6  1.96903e+08
39  7  1.83034e+08
39  8  1.58624e+08
39  9  1.57228e+08
39  10  1.40488e+08
39  11  1.65129e+08
39  12  1.758e+08
39  13  1.31855e+08
39  14  1.67696e+08
39  15  1.62092e+08
39  16  1.14106e+08
39  17  1.16792e+08
39  18  1.02913e+08
39  19  9.47355e+07
39  20  1.11428e+08
39  21  8.22497e+07
39  22  1.11261e+08
39  23  1.16855e+08
39  24  9.12721e+07
39  25  1.26709e+08
39  26  1.17025e+08
39  27  1.32821e+08
39  28  1.1901e+08
39  29  1.34067e+08
39  30  1.1938e+08
39  31  1.29024e+08
39  32  1.18678e+08
39  33  1.2179e+08
39  34  8.72433e+07
39  35  1.21362e+08
39  36  9.38314e+07
39  37  1.04428e+08
39  38  1.20627e+08
39  39  1.60165e+08
39  40  1.9041e+08
39  41  1.84587e+08
39  42  1.99414e+08
39  43  1.71304e+08
39  44  1.97284e+08
39  45  2.32162e+08
39  46  2.41397e+08
39  47  2.35822e+08
39  48  4.92935e+08
39  49  4.53523e+08
39  50  1.98043e+08
40  0  7.61912e+07
40  1  8.27215e+07
40  2  1.1587e+08
40  3  1.35017e+08
40  4  3.79982e+08
40  5  2.89767e+08
40  6  1.52275e+08
40  7  1.87806e+08
40  8  1.52385e+08
40  9  1.75919e+08
40  10  1.81901e+08
40  11  1.67603e+08
40  12  1.62276e+08
40  13  1.28871e+08
40  14  1.2624e+08
40  15  1.20551e+08
40  16  1.46429e+08
40  17  1.13945e+08
40  18  1.05823e+08
40  19  1.1713e+08
40  20  1.15335e+08
40  21  9.82971e+07
40  22  9.56179e+07
40  23  1.10998e+08
40  24  1.21473e+08
40  25  1.24408e+08
40  26  9.77942e+07
40  27  1.01539e+08
40  28  1.08576e+08
40  29  1.27399e+08
40  30  1.21158e+08
40  31  1.16017e+08
40  32  1.36607e+08
40  33  1.27463e+08
40  34  9.02403e+07
40  35  1.19605e+08
40  36  1.23232e+08
40  37  9.32353e+07
40  38  1.30027e+08
40  39  1.69398e+08
40  40  1.91857e+08
40  41  2.01857e+08
40  42  1.81133e+08
40  43  1.59527e+08
40  44  2.21389e+08
40  45  2.05542e+08
40  46  2.49492e+08
40  47  2.34216e+08
40  48  3.38103e+08
40  49  3.90328e+08
40  50  2.40682e+08
41  0  1.0254e+08
41  1  8.93082e+07
41  2  1.38457e+08
41  3  1.2097e+08
41  4  4.21568e+08
41  5  2.57996e+08
41  6  1.67129e+08
41  7  1.6533e+08
41  8  1.36736e+08
41  9  1.58139e+08
41  10  1.67162e+08
41  11  1.66386e+08
41  12  1.47074e+08
41  13  1.28794e+08
41  14  1.00651e+08
41  15  1.47452e+08
41  16  1.38987e+08
41  17  1.30234e+08
41  18  9.17341e+07
41  19  1.14818e+08
41  20  1.07195e+08
41  21  1.12634e+08
41  22  1.32153e+08
41  23  1.21269e+08
41  24  1.33722e+08
41  25  1.24542e+08
41  26  1.01291e+08
41  27  1.22548e+08
41  28  1.121e+08
41  29  1.41117e+08
41  30  1.16394e+08
41  31  1.26443e+08
41  32  1.20185e+08
41  33  1.31276e+08
41  34  8.93667e+07
41  35  1.00078e+08
41  36  1.16431e+08
41  37  7.75735e+07
41  38  1.15011e+08
41  39  1.53163e+08
41  40  1.78629e+08
41  41  1.69938e+08
41  42  1.82882e+08
41  43  1.90906e+08
41  44  1.87754e+08
41  45  2.06973e+08
41  46  2.06822e+08
41  47  2.05812e+08
41  48  3.11503e+08
41  49  3.29347e+08
41  50  1.94388e+08
42  0  1.06486e+08
42  1  1.01168e+08
42  2  9.50468e+07
42  3  1.09556e+08
42  4  2.5042e+08
42  5  2.51703e+08
42  6  2.15155e+08
42  7  1.8439e+08
42  8  1.37225e+08
42  9  1.82248e+08
42  10  1.79073e+08
42  11  1.63451e+08
42  12  1.6571e+08
42  13  1.5233e+08
42  14  1.05745e+08
42  15  1.35008e+08
42  16  1.13291e+08
42  17  1.58622e+08
42  18  1.09064e+08
42  19  1.05428e+08
42  20  1.14872e+08
42  21  1.01713e+08
42  22  1.01566e+08
42  23  1.35055e+08
42  24  1.04267e+08
42  25  1.37382e+08
42  26  1.01294e+08
42  27  1.25874e+08
42  28  1.08471e+08
42  29  1.20048e+08
42  30  1.4196e+08
42  31  1.27031e+08
42  32  9.79406e+07
42  33  1.25669e+08
42  34  8.56922e+07
42  35  1.24423e+08
42  36  1.03503e+08
42  37  1.15566e+08
42  38  1.27573e+08
42  39  1.74412e+08
42  40  1.61586e+08
42  41  2.00325e+08
42  42  1.61313e+08
42  43  1.64358e+08
42  44  1.7911e+08
42  45  1.91661e+08
42  46  1.95034e+08
42  47  1.95564e+08
42  48  3.05459e+08
42  49  3.42232e+08
42  50  1.89343e+08
43  0  8.24913e+07
43  1  8.63023e+07
43  2  1.10776e+08
43  3  9.86434e+07
43  4  2.53282e+08
43  5  2.37836e+08
43  6  2.42782e+08
43  7  1.77789e+08
43  8  1.54161e+08
43  9  1.67601e+08
43  10  1.47338e+08
43  11  1.35195e+08
43  12  1.28836e+08
43  13  1.28584e+08
43  14  1.35755e+08
43  15  1.32711e+08
43  16  1.39895e+08
43  17  1.34004e+08
43  18  1.2996e+08
43  19  1.03774e+08
43  20  1.23044e+08
43  21  1.08637e+08
43  22  1.15544e+08
43  23  1.22047e+08
43  24  1.11464e+08
43  25  1.02796e+08
43  26  8.76025e+07
43  27  1.26977e+08
43  28  9.75568e+07
43  29  1.08481e+08
43  30  1.25732e+08
43  31  1.01307e+08
43  32  1.10384e+08
43  33  1.09762e+08
43  34  1.13476e+08
43  35  1.2198e+08
43  36  1.05883e+08
43  37  8.51275e+07
43  38  1.32547e+08
43  39  1.60417e+08
43  40  1.69773e+08
43  41  1.89306e+08
43  42  1.81771e+08
43  43  1.49335e+08
43  44  1.88438e+08
43  45  1.55371e+08
43  46  1.7537e+08
43  47  1.91509e+08
43  48  2.41133e+08
43  49  2.49088e+08
43  50  1.53199e+08
44  0  9.42435e+07
44  1  6.16374e+07
44  2  1.1479e+08
44  3  1.04236e+08
44  4  1.98317e+08
44  5  2.64464e+08
44  6  2.92172e+08
44  7  1.73105e+08
44  8  1.50184e+08
44  9  1.66533e+08
44  10  1.40829e+08
44  11  1.42416e+08
44  12  1.45777e+08
44  13  1.61074e+08
44  14  1.3063e+08
44  15  1.68352e+08
44  16  1.30627e+08
44  17  1.20628e+08
44  18  1.18153e+08
44  19  1.1088e+08
44  20  1.38697e+08
44  21  1.20072e+08
44  22  1.14157e+08
44  23  1.31397e+08
44  24  1.11934e+08
44  25  1.28805e+08
44  26  1.22068e+08
44  27  1.43698e+08
44  28  1.24227e+08
44  29  9.90773e+07
44  30  1.2064e+08
44  31  1.11414e+08
44  32  1.21573e+08
44  33  8.65806e+07
44  34  1.17674e+08
44  35  1.1443e+08
44  36  1.22922e+08
44  37  1.0884e+08
44  38  9.52192e+07
44  39  1.46099e+08
44  40  1.60404e+08
44  41  1.66101e+08
44  42  1.46518e+08
44  43  1.52224e+08
44  44  1.83966e+08
44  45  1.59991e+08
44  46  1.40456e+08
44  47  1.93647e+08
44  48  2.02197e+08
44  49  2.60088e+08
44  50  1.28401e+08
45  0  7.17615e+07
45  1  8.56262e+07
45  2  1.00563e+08
45  3  1.10767e+08
45  4  2.16847e+08
45  5  2.79638e+08
45  6  2.90335e+08
45  7  2.01176e+08
45  8  1.65423e+08
45  9  1.51753e+08
45  10  1.78092e+08
45  11  1.68873e+08
45  12  1.6725e+08
45  13  1.56071e+08
45  14  1.39999e+08
45  15  1.44202e+08
45  16  1.59204e+08
45  17  1.5397e+08
45  18  1.08832e+08
45  19  1.18896e+08
45  20  1.34453e+08
45  21  1.28112e+08
45  22  1.01213e+08
45  23  1.16577e+08
45  24  1.37762e+08
45  25  1.18001e+08
45  26  1.27396e+08
45  27  1.46331e+08
45  28  1.29596e+08
45  29  1.39893e+08
45  30  1.10399e+08
45  31  1.22829e+08
45  32  1.13466e+08
45  33  1.28579e+08
45  34  1.26841e+08
45  35  1.30135e+08
45  36  1.28365e+08
45  37  1.05347e+08
45  38  1.44046e+08
45  39  1.44044e+08
45  40  1.46636e+08
45  41  1.91127e+08
45  42  1.44076e+08
45  43  1.5387e+08
45  44  1.59988e+08
45  45  1.60359e+08
45  46  1.54181e+08
45  47  1.59368e+08
45  48  1.95013e+08
45  49  1.64439e+08
45  50  1.25414e+08
46  0  1.02321e+08
46  1  9.09134e+07
46  2  1.24783e+08
46  3  1.16786e+08
46  4  2.02643e+08
46  5  2.8991e+08
46  6  2.56897e+08
46  7  2.16023e+08
46  8  1.66588e+08
46  9  1.80539e+08
46  10  1.65975e+08
46  11  1.98088e+08
46  12  1.72592e+08
46  13  1.64741e+08
46  14  1.36269e+08
46  15  1.64106e+08
46  16  1.45255e+08
46  17  1.61942e+08
46  18  1.03932e+08
46  19  1.05323e+08
46  20  1.16404e+08
46  21  1.24324e+08
46  22  1.13502e+08
46  23  1.31617e+08
46  24  1.12436e+08
46  25  1.25674e+08
46  26  1.04973e+08
46  27  1.08027e+08
46  28  1.31055e+08
46  29  9.25227e+07
46  30  1.35921e+08
46  31  1.23788e+08
46  32  1.03568e+08
46  33  1.08196e+08
46  34  1.18358e+08
46  35  1.31771e+08
46  36  1.08466e+08
46  37  1.19886e+08
46  38  1.3363e+08
46  39  1.52389e+08
46  40  1.3454e+08
46  41  1.37682e+08
46  42  1.47795e+08
46  43  1.32063e+08
46  44  1.66306e+08
46  45  1.17492e+08
46  46  1.28815e+08
46  47  1.79231e+08
46  48  1.76811e+08
46  49  1.62373e+08
46  50  9.22439e+07
47  0  7.56139e+07
47  1  1.11982e+08
47  2  1.01115e+08
47  3  1.16108e+08
47  4  2.23043e+08
47  5  2.67522e+08
47  6  2.6619e+08
47  7  1.51225e+08
47  8  1.74935e+08
47  9  1.66107e+08
47  10  1.72331e+08
47  11  1.81137e+08
47  12  1.81079e+08
47  13  1.54266e+08
47  14  1.30093e+08
47  15  1.38959e+08
47  16  1.26886e+08
47  17  1.92283e+08
47  18  1.49419e+08
47  19  1.3255e+08
47  20  1.43735e+08
47  21  1.53853e+08
47  22  1.25201e+08
47  23  1.58607e+08
47  24  1.39606e+08
47  25  1.44636e+08
47  26  1.09223e+08
47  27  1.72764e+08
47  28  1.43499e+08
47  29  1.14817e+08
47  30  1.47729e+08
47  31  1.34907e+08
47  32  1.06857e+08
47  33  1.36425e+08
47  34  1.51759e+08
47  35  1.06061e+08
47  36  1.07054e+08
47  37  1.09642e+08
47  38  1.1162e+08
47  39  1.83168e+08
47  40  1.59354e+08
47  41  1.48721e+08
47  42  1.27676e+08
47  43  1.54364e+08
47  44  1.34834e+08
47  45  1.20913e+08
47  46  1.35253e+08
47  47  1.73696e+08
47  48  1.50913e+08
47  49  1.50291e+08
47  50  1.14709e+08
48  0  1.08853e+08
48  1  1.17752e+08
48  2  1.25489e+08
48  3  1.36085e+08
48  4  1.62393e+08
48  5  2.01843e+08
48  6  2.53994e+08
48  7  2.1212e+08
48  8  1.85388e+08
48  9  1.8312e+08
48  10  1.78098e+08
48  11  1.73191e+08
48  12  1.77438e+08
48  13  1.34945e+08
48  14  1.22078e+08
48  15  1.78767e+08
48  16  1.33196e+08
48  17  1.63893e+08
48  18  1.85259e+08
48  19  1.50526e+08
48  20  1.4144e+08
48  21  1.51725e+08
48  22  1.40797e+08
48  23  1.48171e+08
48  24  1.43039e+08
48  25  1.24694e+08
48  26  1.05075e+08
48  27  1.74301e+08
48  28  1.36953e+08
48  29  1.26737e+08
48  30  1.29039e+08
48  31  1.26395e+08
48  32  1.10046e+08
48  33  1.26523e+08
48  34  1.59856e+08
48  35  1.06106e+08
48  36  1.28104e+08
48  37  1.03424e+08
48  38  1.50364e+08
48  39  1.46508e+08
48  40  1.57107e+08
48  41  1.45954e+08
48  42  1.21024e+08
48  43  1.17288e+08
48  44  1.3748e+08
48  45  1.10055e+08
48  46  1.0755e+08
48  47  1.51585e+08
48  48  1.51058e+08
48  49  1.1755e+08
48  50  1.00469e+08
49  0  1.0639e+08
49  1  1.24826e+08
49  2  1.32313e+08
49  3  1.70148e+08
49  4  2.32001e+08
49  5  2.01248e+08
49  6  2.69772e+08
49  7  1.92055e+08
49  8  1.78049e+08
49  9  1.73358e+08
49  10  1.51259e+08
49  11  1.51954e+08
49  12  1.6098e+08
49  13  1.54923e+08
49  14  1.40222e+08
49  15  1.81313e+08
49  16  1.6949e+08
49  17  1.65909e+08
49  18  1.40456e+08
49  19  1.55665e+08
49  20  1.57928e+08
49  21  1.29791e+08
49  22  1.73217e+08
49  23  1.46315e+08
49  24  1.58447e+08
49  25  1.26013e+08
49  26  1.42627e+08
49  27  1.95423e+08
49  28  1.14796e+08
49  29  1.17078e+08
49  30  1.6451e+08
49  31  1.15626e+08
49  32  9.46581e+07
49  33  1.18189e+08
49  34  1.50971e+08
49  35  1.32309e+08
49  36  1.3244e+08
49  37  1.11376e+08
49  38  1.27078e+08
49  39  1.51549e+08
49  40  1.40819e+08
49  41  1.00631e+08
49  42  1.24628e+08
49  43  1.40147e+08
49  44  1.10006e+08
49  45  1.15351e+08
49  46  1.44145e+08
49  47  1.7674e+08
49  48  1.31703e+08
49  49  1.27097e+08
49  50  8.95696e+07
50  0  8.54311e+07
50  1  1.41155e+08
50  2  1.35849e+08
50  3  1.51939e+08
50  4  2.327e+08
50  5  1.76465e+08
50  6  2.51769e+08
50  7  2.16675e+08
50  8  1.59367e+08
50  9  1.74942e+08
50  10  1.67925e+08
50  11  1.44681e+08
50  12  1.98438e+08
50  13  1.95032e+08
50  14  1.30488e+08
50  15  1.60626e+08
50  16  1.53553e+08
50  17  1.51972e+08
50  18  1.35837e+08
50  19  1.24606e+08
50  20  1.83139e+08
50  21  1.36447e+08
50  22  1.24882e+08
50  23  1.48915e+08
50  24  1.55512e+08
50  25  1.5932e+08
50  26  1.20851e+08
50  27  1.41108e+08
50  28  1.41803e+08
50  29  1.56863e+08
50  30  1.24918e+08
50  31  1.37629e+08
50  32  9.03895e+07
50  33  1.12304e+08
50  34  1.45764e+08
50  35  1.23372e+08
50  36  1.41086e+08
50  37  1.34157e+08
50  38  1.59214e+08
50  39  1.28397e+08
50  40  1.38542e+08
50  41  1.2179e+08
50  42  1.40494e+08
50  43  1.14455e+08
50  44  1.43368e+08
50  45  1.18586e+08
50  46  1.38295e+08
50  47  1.78964e+08
50  48  1.69328e+08
50  49  1.4126e+08
50  50  1.20017e+08

