row  column  (images_32.edf Cu-K*images_32.edf Ar-K**2.3)
0  0  0
0  1  0
0  2  1.12185e+07
0  3  5.90979e+06
0  4  1.31381e+07
0  5  2.02058e+06
0  6  1.47943e+06
0  7  1.26121e+07
0  8  1.43179e+07
0  9  2.67807e+07
0  10  2.04663e+07
0  11  3.1051e+07
0  12  1.77444e+07
0  13  4.69295e+07
0  14  1.82363e+07
0  15  1.72381e+07
0  16  2.17674e+07
0  17  8.90592e+06
0  18  3.24737e+06
0  19  1.18982e+07
0  20  1.29512e+07
0  21  4.54829e+06
0  22  7.18105e+06
0  23  1.10616e+07
0  24  1.00262e+07
0  25  4.13718e+06
0  26  9.89938e+06
0  27  1.39206e+07
0  28  0
0  29  2.71997e+07
0  30  2.90938e+07
0  31  9.73238e+06
0  32  3.04908e+07
0  33  1.9688e+06
0  34  1.83158e+07
0  35  1.82095e+07
0  36  1.12683e+07
0  37  1.09033e+07
0  38  1.22323e+07
0  39  1.07709e+07
0  40  5.04298e+06
0  41  6.5942e+06
0  42  2.87414e+06
0  43  1.59649e+07
0  44  8.04916e+06
0  45  790642
0  46  1.34488e+07
0  47  6.14935e+06
0  48  5.75365e+06
0  49  2.55166e+07
0  50  1.6484e+07
1  0  4.45699e+06
1  1  5.66585e+06
1  2  2.43837e+07
1  3  1.8421e+07
1  4  0
1  5  1.69123e+07
1  6  2.58031e+07
1  7  1.74618e+06
1  8  1.73857e+07
1  9  2.59397e+07
1  10  2.62714e+07
1  11  1.6403e+07
1  12  2.37482e+07
1  13  2.56181e+07
1  14  3.43853e+07
1  15  1.86251e+07
1  16  7.24024e+06
1  17  1.63709e+07
1  18  8.9185e+06
1  19  7.67545e+06
1  20  2.10801e+06
1  21  8.06324e+06
1  22  2.37919e+07
1  23  1.84989e+07
1  24  1.60686e+07
1  25  7.75411e+06
1  26  1.07442e+07
1  27  7.37866e+06
1  28  8.583e+06
1  29  0
1  30  1.07013e+07
1  31  1.49856e+07
1  32  9.01381e+06
1  33  8.15884e+06
1  34  1.00454e+07
1  35  6.01113e+06
1  36  1.71496e+07
1  37  1.29255e+07
1  38  1.40519e+07
1  39  9.60036e+06
1  40  1.3355e+07
1  41  9.31015e+06
1  42  0
1  43  2.13896e+07
1  44  1.70746e+07
1  45  2.20029e+07
1  46  0
1  47  1.30338e+07
1  48  1.94707e+07
1  49  8.23679e+06
1  50  1.33909e+07
2  0  0
2  1  1.99297e+07
2  2  2.78159e+07
2  3  7.0249e+06
2  4  1.49498e+06
2  5  1.72037e+07
2  6  261873
2  7  3.99964e+06
2  8  3.63507e+07
2  9  3.17099e+07
2  10  1.80612e+07
2  11  3.16881e+07
2  12  2.25943e+07
2  13  2.04141e+07
2  14  2.22809e+07
2  15  1.09423e+07
2  16  3.71334e+07
2  17  9.69001e+06
2  18  1.05491e+07
2  19  9.96246e+06
2  20  6.26289e+06
2  21  6.08907e+06
2  22  4.08832e+07
2  23  2.06519e+07
2  24  7.09535e+06
2  25  2.78728e+07
2  26  5.64279e+06
2  27  5.1369e+06
2  28  2.44303e+07
2  29  1.131e+07
2  30  1.09521e+07
2  31  0
2  32  3.65463e+07
2  33  9.16416e+06
2  34  1.54349e+07
2  35  4.35419e+06
2  36  258736
2  37  1.86489e+07
2  38  1.13513e+07
2  39  1.26688e+07
2  40  1.65303e+07
2  41  5.11278e+06
2  42  9.66471e+06
2  43  1.68126e+07
2  44  1.40025e+07
2  45  4.04307e+06
2  46  3.22247e+06
2  47  9.57852e+06
2  48  9.15064e+06
2  49  1.94926e+07
2  50  1.33895e+07
3  0  1.2733e+06
3  1  0
3  2  354466
3  3  2.02493e+07
3  4  3.92844e+06
3  5  0
3  6  1.48037e+07
3  7  0
3  8  1.60669e+07
3  9  1.51798e+07
3  10  3.4446e+07
3  11  1.22925e+07
3  12  2.45045e+07
3  13  1.87139e+07
3  14  2.20539e+07
3  15  2.31776e+07
3  16  5.35947e+06
3  17  2.17837e+06
3  18  1.34065e+07
3  19  1.89254e+06
3  20  157419
3  21  2.43932e+07
3  22  3.5354e+07
3  23  1.36009e+07
3  24  3.18022e+07
3  25  2.14005e+07
3  26  9.09911e+06
3  27  1.28228e+07
3  28  921291
3  29  0
3  30  2.73513e+07
3  31  9.42287e+06
3  32  2.94622e+06
3  33  1.32971e+07
3  34  1.54252e+07
3  35  1.44446e+07
3  36  2.6828e+06
3  37  1.09178e+07
3  38  4.70698e+06
3  39  1.20539e+07
3  40  1.77365e+07
3  41  1.39294e+07
3  42  9.33072e+06
3  43  0
3  44  4.04805e+06
3  45  8.79921e+06
3  46  4.62095e+06
3  47  1.03002e+07
3  48  8.20267e+06
3  49  9.74543e+06
3  50  2.17798e+07
4  0  0
4  1  3.90152e+06
4  2  2.06296e+07
4  3  488846
4  4  7.41856e+06
4  5  1.19762e+06
4  6  0
4  7  445907
4  8  1.19025e+07
4  9  2.56438e+07
4  10  1.53474e+07
4  11  4.35418e+07
4  12  1.90208e+07
4  13  2.2586e+07
4  14  1.49829e+07
4  15  0
4  16  2.22675e+07
4  17  2.85606e+06
4  18  4.44195e+06
4  19  2.5773e+07
4  20  1.05588e+07
4  21  2.57924e+07
4  22  1.4922e+07
4  23  1.78814e+07
4  24  1.56651e+07
4  25  1.96384e+07
4  26  1.05601e+06
4  27  1.84569e+07
4  28  8.80924e+06
4  29  2.6651e+07
4  30  4.03538e+06
4  31  1.51689e+07
4  32  1.86481e+07
4  33  7.72867e+06
4  34  6.99073e+06
4  35  5.7684e+06
4  36  8.60583e+06
4  37  1.20795e+07
4  38  1.96163e+07
4  39  1.25102e+07
4  40  2.01532e+07
4  41  1.18123e+07
4  42  1.64704e+07
4  43  1.87597e+07
4  44  1.21512e+07
4  45  4.40462e+06
4  46  0
4  47  7.34978e+06
4  48  2.75224e+07
4  49  2.73033e+06
4  50  5.76985e+06
5  0  1.22667e+07
5  1  1.06451e+07
5  2  1.99414e+07
5  3  2.88431e+06
5  4  3.25328e+06
5  5  8.9902e+06
5  6  2.12591e+06
5  7  0
5  8  1.65245e+07
5  9  1.88142e+07
5  10  3.0579e+07
5  11  5.70607e+06
5  12  1.93846e+07
5  13  2.2522e+07
5  14  2.15654e+07
5  15  0
5  16  1.74394e+07
5  17  2.12843e+07
5  18  1.80257e+07
5  19  2.08789e+07
5  20  7.44711e+06
5  21  2.20475e+07
5  22  2.38921e+07
5  23  1.1659e+07
5  24  1.72579e+07
5  25  2.03649e+07
5  26  1.72134e+06
5  27  6.89535e+06
5  28  2.99968e+06
5  29  1.24839e+07
5  30  1.11914e+07
5  31  4.68555e+06
5  32  2.37675e+06
5  33  1.29533e+07
5  34  0
5  35  2.52285e+07
5  36  1.71371e+07
5  37  4.50784e+06
5  38  1.16826e+07
5  39  1.65115e+07
5  40  2.30615e+07
5  41  1.32985e+07
5  42  2.06551e+07
5  43  1.63078e+07
5  44  1.23762e+07
5  45  1.33395e+07
5  46  8.45214e+06
5  47  1.26076e+07
5  48  1.0392e+07
5  49  2.77756e+07
5  50  2.42042e+07
6  0  0
6  1  1.10851e+07
6  2  0
6  3  5.13595e+06
6  4  6.97829e+06
6  5  0
6  6  0
6  7  4.19535e+06
6  8  3.14808e+07
6  9  2.78246e+07
6  10  2.45413e+07
6  11  9.02035e+06
6  12  1.42581e+07
6  13  1.11432e+07
6  14  5.09916e+06
6  15  1.8321e+07
6  16  2.12229e+07
6  17  6.10162e+06
6  18  1.55483e+07
6  19  317369
6  20  1.66147e+07
6  21  1.13725e+07
6  22  1.64897e+07
6  23  8.12283e+06
6  24  2.40834e+07
6  25  2.02107e+07
6  26  7.84578e+06
6  27  9.79457e+06
6  28  2.10408e+06
6  29  8.38042e+06
6  30  0
6  31  4.48104e+06
6  32  8.92043e+06
6  33  1.56044e+07
6  34  1.73993e+07
6  35  5.20112e+06
6  36  1.57125e+07
6  37  7.18689e+06
6  38  8.28668e+06
6  39  2.20602e+07
6  40  2.12538e+07
6  41  355479
6  42  2.54344e+07
6  43  2.70961e+06
6  44  1.57553e+07
6  45  6.71707e+06
6  46  1.48713e+07
6  47  1.13052e+07
6  48  8.84748e+06
6  49  1.16845e+07
6  50  9.06704e+06
7  0  1.62814e+07
7  1  7.59041e+06
7  2  9.22687e+06
7  3  8.12202e+06
7  4  4.41576e+06
7  5  0
7  6  1.22617e+07
7  7  1.36584e+06
7  8  1.63194e+07
7  9  2.57755e+07
7  10  2.90735e+07
7  11  4.4858e+06
7  12  1.95682e+07
7  13  1.45546e+07
7  14  1.60821e+07
7  15  3.91653e+06
7  16  2.02749e+07
7  17  7.46429e+06
7  18  2.84305e+07
7  19  0
7  20  2.30972e+07
7  21  7.02123e+06
7  22  2.48761e+07
7  23  1.79237e+07
7  24  1.53112e+07
7  25  303402
7  26  2.24122e+07
7  27  1.07614e+07
7  28  9.29009e+06
7  29  2.62679e+07
7  30  810326
7  31  1.74384e+06
7  32  7.5409e+06
7  33  1.63101e+07
7  34  1.02483e+07
7  35  3.67785e+06
7  36  6.09714e+06
7  37  2.19004e+06
7  38  1.03883e+07
7  39  9.56985e+06
7  40  2.15207e+07
7  41  2.33326e+07
7  42  608732
7  43  7.88294e+06
7  44  1.42069e+07
7  45  8.7971e+06
7  46  1.94119e+07
7  47  5.41299e+06
7  48  2.95913e+06
7  49  7.26737e+06
7  50  0
8  0  1.12375e+06
8  1  0
8  2  1.22067e+07
8  3  0
8  4  2.47224e+07
8  5  1.42258e+07
8  6  2.82679e+07
8  7  2.11352e+07
8  8  6.355e+06
8  9  3.38568e+07
8  10  2.04299e+07
8  11  2.64308e+07
8  12  2.05401e+07
8  13  8.61436e+06
8  14  2.17094e+07
8  15  2.18157e+07
8  16  1.81853e+07
8  17  3.22435e+07
8  18  1.07397e+07
8  19  2.21306e+07
8  20  0
8  21  2.53397e+07
8  22  2.35291e+07
8  23  2.12717e+07
8  24  1.41557e+07
8  25  0
8  26  2.40723e+07
8  27  2.75267e+06
8  28  2.60312e+06
8  29  9.03845e+06
8  30  1.22087e+07
8  31  1.71636e+07
8  32  7.90799e+06
8  33  1.0108e+07
8  34  2.94282e+06
8  35  0
8  36  1.41346e+07
8  37  1.08469e+07
8  38  0
8  39  6.96977e+06
8  40  2.38481e+07
8  41  1.67019e+07
8  42  1.61385e+06
8  43  2.1782e+07
8  44  1.56058e+07
8  45  2.01879e+07
8  46  5.68046e+06
8  47  2.00106e+07
8  48  1.38102e+07
8  49  8.48855e+06
8  50  1.81014e+07
9  0  1.07864e+07
9  1  1.039e+07
9  2  1.6436e+07
9  3  3.05585e+06
9  4  3.86725e+07
9  5  7.05992e+06
9  6  1.12284e+07
9  7  2.12178e+07
9  8  1.80859e+06
9  9  1.98133e+07
9  10  1.78078e+07
9  11  1.7319e+07
9  12  1.42061e+07
9  13  0
9  14  3.28176e+07
9  15  1.09935e+07
9  16  1.82179e+07
9  17  5.30314e+06
9  18  1.54549e+07
9  19  2.37298e+07
9  20  2.57582e+07
9  21  8.52769e+06
9  22  2.2613e+07
9  23  2.15748e+07
9  24  3.83806e+07
9  25  1.07369e+07
9  26  3.33499e+07
9  27  3.01271e+06
9  28  7.47179e+06
9  29  8.0433e+06
9  30  6.80951e+06
9  31  8.74033e+06
9  32  1.58276e+07
9  33  1.23544e+07
9  34  0
9  35  1.11732e+07
9  36  1.16093e+07
9  37  1.42153e+07
9  38  8.58112e+06
9  39  1.66272e+07
9  40  1.23465e+07
9  41  7.75009e+06
9  42  1.20972e+07
9  43  0
9  44  1.58145e+07
9  45  2.34846e+07
9  46  3.62857e+06
9  47  1.41085e+07
9  48  1.87775e+07
9  49  1.5395e+07
9  50  6.32752e+06
10  0  0
10  1  4.40812e+06
10  2  0
10  3  4.12916e+07
10  4  1.49654e+07
10  5  7.98544e+06
10  6  4.36418e+06
10  7  1.49423e+07
10  8  1.46446e+07
10  9  3.15274e+07
10  10  5.03087e+06
10  11  1.62171e+07
10  12  2.05981e+06
10  13  1.79307e+07
10  14  1.23147e+07
10  15  1.37118e+07
10  16  2.33493e+07
10  17  6.58589e+06
10  18  68870.1
10  19  3.2872e+06
10  20  1.81303e+07
10  21  4.78482e+06
10  22  0
10  23  2.3694e+07
10  24  1.90897e+07
10  25  0
10  26  1.01058e+07
10  27  1.42858e+07
10  28  0
10  29  1.2879e+07
10  30  0
10  31  3.55535e+06
10  32  0
10  33  1.35402e+07
10  34  1.80887e+07
10  35  1.85651e+07
10  36  1.75117e+06
10  37  1.85155e+07
10  38  1.41334e+07
10  39  1.10046e+06
10  40  1.83841e+07
10  41  1.6755e+07
10  42  5.13286e+06
10  43  1.13284e+07
10  44  7.1246e+06
10  45  2.7047e+06
10  46  1.31813e+07
10  47  0
10  48  241936
10  49  2.0123e+07
10  50  1.56771e+07
11  0  0
11  1  2.32485e+06
11  2  3.42771e+07
11  3  1.15732e+06
11  4  1.56489e+07
11  5  0
11  6  8.0884e+06
11  7  1.47496e+07
11  8  0
11  9  1.25112e+07
11  10  1.03856e+07
11  11  0
11  12  2.14486e+07
11  13  1.54115e+07
11  14  3.31346e+07
11  15  1.50965e+07
11  16  2.3186e+07
11  17  1.86221e+07
11  18  1.71176e+07
11  19  8.51942e+06
11  20  9.25058e+06
11  21  3.08297e+06
11  22  2.23008e+07
11  23  6.15673e+06
11  24  7.19852e+06
11  25  0
11  26  2.88434e+07
11  27  1.15946e+07
11  28  0
11  29  1.16152e+07
11  30  1.42212e+07
11  31  4.17772e+06
11  32  6.41678e+06
11  33  2.12315e+07
11  34  1.66653e+07
11  35  3.21636e+07
11  36  1.67585e+06
11  37  2.71349e+07
11  38  2.15923e+07
11  39  1.37294e+07
11  40  1.1322e+07
11  41  930456
11  42  6.03753e+06
11  43  8.09506e+06
11  44  2.42857e+07
11  45  2.34444e+07
11  46  0
11  47  0
11  48  0
11  49  1.77058e+07
11  50  1.90775e+07
12  0  884563
12  1  8.37528e+06
12  2  5.99321e+06
12  3  2.41221e+07
12  4  8.00215e+06
12  5  8.6203e+06
12  6  5.98456e+06
12  7  2.075e+07
12  8  3.05157e+07
12  9  0
12  10  0
12  11  2.87504e+07
12  12  0
12  13  1.74533e+07
12  14  7.20646e+06
12  15  6.77006e+06
12  16  1.65828e+07
12  17  2.18921e+07
12  18  8.60449e+06
12  19  2.36004e+07
12  20  2.96724e+07
12  21  7.70332e+06
12  22  4.25318e+06
12  23  1.39009e+07
12  24  3.29282e+06
12  25  0
12  26  1.70231e+06
12  27  0
12  28  4.367e+06
12  29  1.5526e+07
12  30  1.49188e+07
12  31  1.56867e+07
12  32  1.66809e+07
12  33  0
12  34  0
12  35  1.53151e+07
12  36  1.99214e+07
12  37  1.85392e+07
12  38  0
12  39  2.13186e+07
12  40  1.44887e+07
12  41  1.9929e+07
12  42  1.85116e+07
12  43  2.92457e+07
12  44  1.90093e+07
12  45  0
12  46  1.51207e+06
12  47  0
12  48  0
12  49  1.93305e+07
12  50  1.81381e+07
13  0  0
13  1  2.31452e+07
13  2  4.38986e+06
13  3  1.99725e+07
13  4  7.83693e+06
13  5  1.34213e+07
13  6  9.91486e+06
13  7  0
13  8  0
13  9  1.86717e+07
13  10  1.77124e+07
13  11  1.08958e+07
13  12  1.2046e+07
13  13  1.29821e+06
13  14  2.21093e+07
13  15  1.57469e+07
13  16  2.3877e+07
13  17  2.00148e+07
13  18  2.48451e+07
13  19  4.66475e+06
13  20  1.60822e+07
13  21  2.27849e+06
13  22  1.99299e+07
13  23  1.27489e+07
13  24  0
13  25  9.60955e+06
13  26  4.59237e+06
13  27  0
13  28  0
13  29  8.06039e+06
13  30  2.39713e+07
13  31  7.53074e+06
13  32  0
13  33  2.94944e+06
13  34  5.63572e+06
13  35  1.09725e+07
13  36  2.38634e+07
13  37  1.26656e+07
13  38  1.18405e+07
13  39  1.51634e+07
13  40  8.90154e+06
13  41  2.13238e+07
13  42  0
13  43  1.19391e+07
13  44  1.93204e+07
13  45  2.18337e+07
13  46  7.1368e+06
13  47  1.40345e+07
13  48  2.24654e+07
13  49  1.94182e+07
13  50  1.44076e+06
14  0  1.36399e+07
14  1  2.7037e+07
14  2  8.28147e+06
14  3  1.45414e+07
14  4  2.94131e+07
14  5  0
14  6  1.52945e+07
14  7  2.43507e+07
14  8  1.65224e+07
14  9  0
14  10  5.01038e+06
14  11  2.85483e+07
14  12  7.58103e+06
14  13  1.2191e+07
14  14  1.81602e+07
14  15  3.04643e+07
14  16  0
14  17  2.73399e+07
14  18  7.44525e+06
14  19  2.52181e+07
14  20  1.96072e+07
14  21  2.28916e+07
14  22  1.52983e+07
14  23  1.75244e+07
14  24  8.401e+06
14  25  2.42008e+06
14  26  8.81605e+06
14  27  0
14  28  0
14  29  6.66805e+06
14  30  7.35209e+06
14  31  2.51024e+07
14  32  1.22765e+07
14  33  2.40177e+07
14  34  1.69829e+07
14  35  5.94072e+06
14  36  0
14  37  3.29186e+06
14  38  1.63377e+07
14  39  0
14  40  3.89535e+06
14  41  2.35572e+07
14  42  1.87542e+07
14  43  0
14  44  313642
14  45  1.07363e+07
14  46  5.39184e+06
14  47  1.17364e+07
14  48  0
14  49  2.04602e+07
14  50  7.79021e+06
15  0  0
15  1  8.12524e+06
15  2  3.2386e+07
15  3  1.00985e+07
15  4  2.31644e+07
15  5  1.72585e+07
15  6  0
15  7  694347
15  8  3.50941e+06
15  9  8.12482e+06
15  10  1.27048e+07
15  11  1.67417e+07
15  12  1.25281e+07
15  13  5.6245e+06
15  14  2.40664e+07
15  15  3.30019e+07
15  16  1.07179e+07
15  17  1.6091e+07
15  18  1.18636e+07
15  19  1.38117e+07
15  20  1.13102e+06
15  21  2.29019e+07
15  22  7.27382e+06
15  23  2.2246e+07
15  24  1.07395e+07
15  25  1.185e+07
15  26  1.36191e+07
15  27  0
15  28  0
15  29  0
15  30  1.42939e+07
15  31  1.15563e+07
15  32  2.54353e+06
15  33  0
15  34  1.30478e+07
15  35  7.09556e+06
15  36  7.70575e+06
15  37  1.20843e+07
15  38  5.8044e+06
15  39  1.0213e+07
15  40  1.01491e+07
15  41  2.44128e+07
15  42  1.49904e+07
15  43  1.05226e+07
15  44  2.48444e+07
15  45  1.20704e+07
15  46  1.18101e+07
15  47  1.5557e+07
15  48  1.61766e+07
15  49  1.13465e+07
15  50  1.58808e+07
16  0  9.08605e+06
16  1  2.22348e+07
16  2  2.82253e+07
16  3  3.21244e+07
16  4  8.3758e+06
16  5  1.6453e+07
16  6  1.21716e+07
16  7  9.08178e+06
16  8  2.90594e+06
16  9  0
16  10  2.96693e+07
16  11  2.69993e+07
16  12  4.89189e+06
16  13  1.39426e+07
16  14  5.62517e+06
16  15  2.36604e+07
16  16  2.25373e+07
16  17  2.67991e+06
16  18  1.36244e+07
16  19  1.08743e+07
16  20  5.7004e+06
16  21  0
16  22  1.07768e+07
16  23  2.51091e+07
16  24  5.39877e+06
16  25  2.09266e+07
16  26  1.90506e+07
16  27  7.71472e+06
16  28  0
16  29  0
16  30  0
16  31  1.12937e+06
16  32  0
16  33  6.53998e+06
16  34  2.24216e+06
16  35  1.23057e+07
16  36  1.55743e+07
16  37  6.38726e+06
16  38  2.89967e+06
16  39  1.18737e+07
16  40  0
16  41  1.4144e+07
16  42  7.75938e+06
16  43  588888
16  44  1.14625e+07
16  45  7.45862e+06
16  46  5.31113e+06
16  47  0
16  48  1.56689e+07
16  49  0
16  50  2.02663e+07
17  0  2.24189e+07
17  1  2.24039e+07
17  2  3.15249e+07
17  3  6.72354e+06
17  4  2.60211e+06
17  5  1.64875e+07
17  6  3.75286e+06
17  7  2.21669e+06
17  8  2.12749e+07
17  9  4.44151e+06
17  10  2.17717e+07
17  11  3.06586e+06
17  12  1.49923e+07
17  13  1.22736e+07
17  14  2.79815e+07
17  15  2.34374e+07
17  16  1.90271e+07
17  17  0
17  18  0
17  19  2.86774e+07
17  20  5.27649e+06
17  21  0
17  22  2.91047e+07
17  23  1.13532e+07
17  24  0
17  25  0
17  26  6.51028e+06
17  27  0
17  28  0
17  29  0
17  30  0
17  31  7.33059e+06
17  32  0
17  33  1.60389e+07
17  34  1.21058e+07
17  35  3.44934e+06
17  36  1.24978e+07
17  37  4.34627e+06
17  38  1.31904e+07
17  39  3.145e+06
17  40  4.19401e+06
17  41  1.01414e+07
17  42  8.61606e+06
17  43  6.44473e+06
17  44  8.77126e+06
17  45  2.43605e+07
17  46  2.92153e+06
17  47  6.2473e+06
17  48  8.90111e+06
17  49  1.89874e+07
17  50  2.58926e+06
18  0  2.706e+07
18  1  2.3924e+07
18  2  1.02983e+07
18  3  1.45793e+07
18  4  1.11188e+07
18  5  3.34092e+07
18  6  1.49569e+07
18  7  3.31747e+07
18  8  1.67296e+06
18  9  1.65756e+07
18  10  2.05326e+07
18  11  2.60739e+07
18  12  1.80963e+07
18  13  3.98409e+06
18  14  1.78085e+07
18  15  5.10765e+06
18  16  1.89392e+07
18  17  2.72117e+07
18  18  2.36619e+06
18  19  1.90629e+07
18  20  2.0921e+07
18  21  0
18  22  0
18  23  1.87606e+07
18  24  0
18  25  0
18  26  1.05309e+07
18  27  0
18  28  0
18  29  1.5374e+06
18  30  3.14175e+06
18  31  0
18  32  4.65164e+06
18  33  8.76636e+06
18  34  8.79446e+06
18  35  1.77452e+07
18  36  4.32911e+06
18  37  2.48348e+07
18  38  874779
18  39  1.21994e+07
18  40  9.52155e+06
18  41  7.64999e+06
18  42  1.03154e+07
18  43  4.27548e+06
18  44  1.96482e+07
18  45  2.29186e+07
18  46  0
18  47  2.11157e+07
18  48  2.75462e+07
18  49  0
18  50  0
19  0  2.04941e+07
19  1  2.19965e+07
19  2  1.9754e+07
19  3  1.33333e+07
19  4  1.13706e+07
19  5  4.88384e+06
19  6  3.51836e+07
19  7  1.95773e+07
19  8  1.25472e+07
19  9  1.95763e+07
19  10  1.53334e+07
19  11  1.02763e+07
19  12  1.69014e+06
19  13  3.35031e+07
19  14  2.27461e+07
19  15  2.08825e+07
19  16  1.11689e+07
19  17  6.56072e+06
19  18  2.08916e+07
19  19  1.58729e+07
19  20  4.26515e+06
19  21  1.11187e+07
19  22  1.62399e+07
19  23  0
19  24  0
19  25  8.80927e+06
19  26  0
19  27  0
19  28  0
19  29  406530
19  30  0
19  31  0
19  32  8.57656e+06
19  33  9.91233e+06
19  34  1.54671e+07
19  35  1.96378e+07
19  36  9.93437e+06
19  37  8.18559e+06
19  38  2.55326e+07
19  39  5.28906e+06
19  40  3.45208e+06
19  41  1.1015e+07
19  42  4.54999e+06
19  43  8.3257e+06
19  44  1.99434e+07
19  45  1.73465e+07
19  46  0
19  47  3.84319e+06
19  48  1.93327e+07
19  49  0
19  50  9.98381e+06
20  0  1.71633e+07
20  1  2.52525e+07
20  2  1.94379e+07
20  3  2.19802e+07
20  4  2.49114e+07
20  5  6.13442e+06
20  6  2.63478e+07
20  7  1.628e+07
20  8  4.33862e+06
20  9  1.7932e+07
20  10  1.56019e+07
20  11  6.42671e+06
20  12  1.12869e+07
20  13  2.38642e+07
20  14  1.45242e+07
20  15  1.64109e+07
20  16  1.1405e+07
20  17  4.99448e+06
20  18  0
20  19  2.02392e+07
20  20  1.74186e+07
20  21  3.98662e+06
20  22  1.37419e+07
20  23  1.53898e+07
20  24  0
20  25  0
20  26  1.32146e+07
20  27  0
20  28  0
20  29  0
20  30  5.53839e+06
20  31  0
20  32  3.39382e+06
20  33  80224.7
20  34  0
20  35  2.32289e+06
20  36  9.99445e+06
20  37  1.01643e+07
20  38  3.44753e+06
20  39  1.29297e+06
20  40  1.71259e+07
20  41  1.4228e+07
20  42  2.03071e+07
20  43  1.37678e+07
20  44  2.04688e+07
20  45  6.04997e+06
20  46  2.87289e+07
20  47  4.11705e+06
20  48  1.19978e+07
20  49  5.31989e+06
20  50  4.11469e+06
21  0  3.08974e+07
21  1  3.47645e+07
21  2  2.73447e+07
21  3  2.68006e+07
21  4  1.45695e+07
21  5  1.90308e+07
21  6  3.90447e+06
21  7  2.38768e+07
21  8  1.90007e+07
21  9  2.47527e+07
21  10  1.1996e+07
21  11  0
21  12  1.0823e+07
21  13  2.56369e+07
21  14  1.75986e+07
21  15  3.939e+07
21  16  0
21  17  2.811e+07
21  18  1.28823e+07
21  19  1.19454e+07
21  20  1.43163e+07
21  21  9.43459e+06
21  22  5.16257e+06
21  23  3.63551e+06
21  24  0
21  25  1.48006e+07
21  26  0
21  27  0
21  28  0
21  29  2.23563e+06
21  30  1.23699e+06
21  31  0
21  32  173950
21  33  1.9577e+07
21  34  2.72196e+06
21  35  1.42176e+07
21  36  2.09992e+07
21  37  1.12512e+07
21  38  3.78083e+07
21  39  1.82995e+07
21  40  1.75696e+06
21  41  6.29174e+06
21  42  1.02471e+07
21  43  1.13954e+07
21  44  2.76685e+07
21  45  1.0459e+07
21  46  0
21  47  3.03134e+07
21  48  1.73791e+07
21  49  1.98522e+06
21  50  6.67969e+06
22  0  1.9855e+07
22  1  1.54035e+07
22  2  2.04589e+07
22  3  2.51633e+07
22  4  2.77313e+07
22  5  1.25791e+07
22  6  1.96835e+07
22  7  1.35958e+07
22  8  9.54217e+06
22  9  1.80264e+07
22  10  2.65153e+06
22  11  9.9169e+06
22  12  1.05956e+07
22  13  2.6221e+07
22  14  2.34768e+07
22  15  1.58292e+07
22  16  1.10393e+07
22  17  4.46853e+06
22  18  1.99278e+06
22  19  1.50664e+07
22  20  0
22  21  5.42731e+06
22  22  1.83763e+07
22  23  1.00561e+07
22  24  0
22  25  0
22  26  0
22  27  0
22  28  0
22  29  1.43352e+07
22  30  0
22  31  9.81811e+06
22  32  1.79081e+07
22  33  918098
22  34  1.23766e+07
22  35  0
22  36  1.0112e+07
22  37  3.78973e+06
22  38  0
22  39  9.83441e+06
22  40  1.7298e+07
22  41  2.27546e+07
22  42  2.03663e+07
22  43  1.36552e+07
22  44  9.94396e+06
22  45  9.70489e+06
22  46  3.60064e+06
22  47  8.12789e+06
22  48  6.99779e+06
22  49  2.38354e+07
22  50  1.74729e+07
23  0  2.16038e+07
23  1  2.19636e+07
23  2  2.33006e+07
23  3  2.24577e+06
23  4  1.17562e+07
23  5  6.41677e+06
23  6  2.72673e+07
23  7  2.9477e+07
23  8  2.36984e+07
23  9  9.10973e+06
23  10  1.28621e+07
23  11  2.27405e+07
23  12  1.8046e+06
23  13  1.23118e+07
23  14  1.72466e+07
23  15  2.07669e+07
23  16  7.57133e+06
23  17  5.5119e+06
23  18  0
23  19  0
23  20  1.48396e+07
23  21  3.45966e+06
23  22  0
23  23  1.31583e+07
23  24  3.96858e+06
23  25  0
23  26  1.93675e+06
23  27  0
23  28  1.74392e+06
23  29  0
23  30  2.16537e+07
23  31  6.14896e+06
23  32  3.29773e+06
23  33  1.07436e+06
23  34  1.21566e+07
23  35  9.12742e+06
23  36  2.22595e+07
23  37  0
23  38  840361
23  39  1.32011e+07
23  40  8.66531e+06
23  41  1.47207e+07
23  42  1.97384e+07
23  43  7.55271e+06
23  44  1.34738e+07
23  45  2.19314e+07
23  46  3.57156e+06
23  47  7.07786e+06
23  48  2.5445e+07
23  49  1.35136e+07
23  50  2.55073e+07
24  0  9.03352e+06
24  1  2.71889e+07
24  2  4.01076e+07
24  3  1.37743e+07
24  4  2.7302e+07
24  5  0
24  6  1.60103e+07
24  7  2.36632e+07
24  8  1.16862e+07
24  9  2.37467e+07
24  10  3.61326e+07
24  11  2.21792e+07
24  12  1.96843e+07
24  13  2.82506e+07
24  14  2.43477e+07
24  15  0
24  16  5.59903e+06
24  17  1.46455e+07
24  18  2.2474e+07
24  19  1.70359e+07
24  20  8.97062e+06
24  21  3.08055e+06
24  22  1.74871e+07
24  23  0
24  24  5.14337e+06
24  25  0
24  26  0
24  27  0
24  28  0
24  29  1.08993e+07
24  30  0
24  31  1.0792e+07
24  32  1.08608e+07
24  33  1.52825e+07
24  34  1.10519e+07
24  35  5.88087e+06
24  36  1.26418e+07
24  37  8.40897e+06
24  38  1.70033e+07
24  39  2.08777e+07
24  40  1.58137e+07
24  41  4.41136e+06
24  42  1.8499e+07
24  43  1.22072e+07
24  44  1.2822e+07
24  45  3.98047e+06
24  46  7.29783e+06
24  47  5.0765e+06
24  48  1.65078e+07
24  49  1.60773e+07
24  50  2.49196e+07
25  0  1.66175e+07
25  1  1.87631e+07
25  2  1.64084e+07
25  3  2.86084e+07
25  4  7.84804e+06
25  5  3.35522e+07
25  6  1.50868e+07
25  7  1.47207e+07
25  8  1.74193e+07
25  9  1.54814e+07
25  10  1.93134e+06
25  11  2.84414e+07
25  12  1.3936e+07
25  13  1.76795e+07
25  14  1.10565e+07
25  15  2.08715e+07
25  16  1.48947e+07
25  17  1.77217e+07
25  18  1.23168e+07
25  19  8.47341e+06
25  20  2.26643e+07
25  21  1.12617e+07
25  22  1.09003e+07
25  23  9.85101e+06
25  24  3.98275e+06
25  25  7.2904e+06
25  26  0
25  27  0
25  28  1.19966e+07
25  29  2.27858e+07
25  30  2.4965e+07
25  31  1.7675e+07
25  32  7.48385e+06
25  33  0
25  34  0
25  35  1.04255e+07
25  36  6.55034e+06
25  37  6.49479e+06
25  38  7.01285e+06
25  39  1.43569e+07
25  40  1.09762e+07
25  41  6.12971e+06
25  42  0
25  43  9.2483e+06
25  44  0
25  45  8.5807e+06
25  46  7.47012e+06
25  47  1.42691e+07
25  48  614609
25  49  2.76664e+07
25  50  1.64139e+07
26  0  1.36625e+07
26  1  2.73363e+07
26  2  4.89982e+07
26  3  1.291e+07
26  4  2.16969e+07
26  5  0
26  6  1.05642e+07
26  7  1.0639e+07
26  8  1.10033e+07
26  9  87456.2
26  10  5.74939e+06
26  11  2.85868e+07
26  12  859024
26  13  2.02958e+07
26  14  6.80616e+06
26  15  1.48573e+07
26  16  4.92332e+06
26  17  0
26  18  0
26  19  7.10963e+06
26  20  9.83657e+06
26  21  836597
26  22  7.83367e+06
26  23  1.48344e+07
26  24  1.04802e+07
26  25  1.21975e+07
26  26  2.37728e+06
26  27  5.72597e+06
26  28  0
26  29  1.43288e+07
26  30  1.64193e+06
26  31  1.75877e+07
26  32  1.65681e+07
26  33  7.85689e+06
26  34  1.70642e+07
26  35  1.27001e+07
26  36  1.18165e+07
26  37  0
26  38  2.85625e+06
26  39  1.28158e+07
26  40  1.09017e+07
26  41  4.20619e+06
26  42  0
26  43  2.08583e+07
26  44  1.67929e+07
26  45  3.66309e+06
26  46  1.61058e+07
26  47  1.28085e+07
26  48  1.70975e+07
26  49  7.99554e+06
26  50  1.87322e+07
27  0  0
27  1  2.43789e+07
27  2  2.2286e+07
27  3  1.42956e+07
27  4  3.74311e+07
27  5  8.37932e+06
27  6  2.43771e+06
27  7  7.58833e+06
27  8  2.10191e+07
27  9  0
27  10  2.62179e+07
27  11  1.21332e+07
27  12  1.03805e+07
27  13  2.42193e+07
27  14  7.38388e+06
27  15  4.6114e+06
27  16  1.9869e+07
27  17  1.13019e+07
27  18  9.33063e+06
27  19  8.13148e+06
27  20  8.41738e+06
27  21  2.88244e+06
27  22  3.1625e+07
27  23  0
27  24  1.85553e+06
27  25  9.70353e+06
27  26  2.38372e+07
27  27  0
27  28  4.1855e+06
27  29  324729
27  30  2.83098e+06
27  31  1.27851e+07
27  32  2.36138e+07
27  33  5.29168e+06
27  34  3.34537e+06
27  35  6.10219e+06
27  36  1.53525e+07
27  37  7.33414e+06
27  38  1.29248e+07
27  39  2.20483e+07
27  40  7.17492e+06
27  41  1.21438e+07
27  42  1.40222e+07
27  43  1.10306e+07
27  44  7.20363e+06
27  45  1.46003e+07
27  46  1.59241e+07
27  47  3.3348e+07
27  48  1.06572e+07
27  49  0
27  50  1.87588e+07
28  0  2.06362e+07
28  1  9.15536e+06
28  2  3.42425e+07
28  3  2.06581e+07
28  4  1.90933e+07
28  5  3.75948e+06
28  6  2.81354e+07
28  7  5.37372e+06
28  8  1.11652e+07
28  9  1.26858e+07
28  10  8.07256e+06
28  11  1.38786e+07
28  12  1.21337e+07
28  13  1.78403e+07
28  14  4.84509e+06
28  15  2.77286e+07
28  16  1.71007e+07
28  17  9.75367e+06
28  18  2.56495e+07
28  19  8.9456e+06
28  20  0
28  21  9.94769e+06
28  22  1.5565e+07
28  23  7.09421e+06
28  24  2.29288e+07
28  25  1.21339e+06
28  26  1.8818e+07
28  27  3.21931e+06
28  28  1.11633e+07
28  29  1.15798e+07
28  30  0
28  31  6.85822e+06
28  32  1.27952e+07
28  33  0
28  34  0
28  35  9.37834e+06
28  36  0
28  37  4.37938e+06
28  38  6.12952e+06
28  39  1.10708e+07
28  40  554896
28  41  2.06596e+07
28  42  794426
28  43  1.34369e+07
28  44  2.78497e+07
28  45  1.8242e+07
28  46  9.98414e+06
28  47  2.12504e+07
28  48  1.3507e+07
28  49  1.25563e+07
28  50  9.09216e+06
29  0  0
29  1  1.94813e+07
29  2  1.74842e+07
29  3  4.90115e+06
29  4  2.28853e+07
29  5  3.82633e+06
29  6  6.98541e+06
29  7  3.38769e+07
29  8  3.54136e+06
29  9  1.77808e+06
29  10  187038
29  11  1.91811e+07
29  12  1.03242e+07
29  13  2.51345e+07
29  14  3.03393e+07
29  15  2.87701e+07
29  16  2.29479e+07
29  17  6.2015e+06
29  18  0
29  19  1.06202e+07
29  20  0
29  21  2.92835e+06
29  22  2.16553e+07
29  23  1.46893e+07
29  24  1.42085e+07
29  25  838954
29  26  1.07359e+07
29  27  1.10808e+07
29  28  0
29  29  4.65909e+07
29  30  6.7888e+06
29  31  1.43715e+07
29  32  4.79079e+06
29  33  1.31258e+07
29  34  2.61475e+07
29  35  1.07356e+07
29  36  7.56692e+06
29  37  1.00907e+07
29  38  485766
29  39  8.32799e+06
29  40  1.19475e+07
29  41  2.45367e+07
29  42  1.50448e+06
29  43  3.77037e+06
29  44  1.8888e+07
29  45  2.78005e+07
29  46  4.40233e+06
29  47  2.00337e+07
29  48  1.09245e+07
29  49  2.80216e+07
29  50  3.07742e+07
30  0  1.38644e+07
30  1  1.54783e+07
30  2  3.26971e+07
30  3  2.15306e+07
30  4  2.21148e+07
30  5  295420
30  6  3.39895e+06
30  7  1.11966e+07
30  8  2.35984e+07
30  9  1.40279e+07
30  10  1.3673e+07
30  11  1.45716e+07
30  12  7.92999e+06
30  13  1.35956e+07
30  14  8.22822e+06
30  15  1.68742e+07
30  16  1.09434e+07
30  17  1.20909e+07
30  18  1.34014e+07
30  19  1.15622e+07
30  20  2.37097e+07
30  21  1.0056e+07
30  22  1.75942e+07
30  23  6.91479e+06
30  24  0
30  25  8.94547e+06
30  26  1.16048e+07
30  27  7.81508e+06
30  28  4.35308e+06
30  29  7.7659e+06
30  30  1.57586e+07
30  31  3.11054e+07
30  32  1.43626e+07
30  33  0
30  34  2.75371e+07
30  35  2.18737e+07
30  36  3.36768e+06
30  37  1.13441e+07
30  38  2.29194e+07
30  39  1.06378e+07
30  40  5.72641e+06
30  41  3.43165e+06
30  42  1.22005e+07
30  43  1.45835e+07
30  44  2.11342e+07
30  45  2.38937e+07
30  46  1.14375e+07
30  47  9.88507e+06
30  48  0
30  49  1.03814e+07
30  50  1.97744e+07
31  0  0
31  1  1.05341e+07
31  2  2.80749e+07
31  3  1.97401e+07
31  4  1.1639e+07
31  5  1.54569e+07
31  6  2.14751e+07
31  7  0
31  8  6.9744e+06
31  9  1.34247e+07
31  10  6.61497e+06
31  11  3.22084e+07
31  12  0
31  13  1.07237e+07
31  14  1.01488e+07
31  15  1.31019e+07
31  16  0
31  17  7.00081e+06
31  18  1.69901e+07
31  19  1.95156e+07
31  20  1.55493e+07
31  21  1.11057e+07
31  22  4.45755e+06
31  23  1.69419e+06
31  24  1.08954e+07
31  25  1.79023e+07
31  26  1.23365e+07
31  27  4.99903e+06
31  28  5.50186e+06
31  29  1.90735e+07
31  30  1.03897e+07
31  31  1.88821e+06
31  32  1.26783e+07
31  33  1.13434e+07
31  34  1.86198e+07
31  35  9.81369e+06
31  36  0
31  37  1.41493e+07
31  38  5.4531e+06
31  39  4.64382e+06
31  40  1.18635e+07
31  41  0
31  42  4.1603e+06
31  43  616124
31  44  2.72621e+07
31  45  2.61665e+07
31  46  1.09264e+07
31  47  1.28681e+07
31  48  1.26737e+06
31  49  3.64581e+07
31  50  2.11721e+07
32  0  7.71298e+06
32  1  7.91702e+06
32  2  1.75382e+07
32  3  9.86473e+06
32  4  7.61138e+06
32  5  2.61042e+07
32  6  2.88524e+06
32  7  9.37342e+06
32  8  1.88665e+07
32  9  1.05087e+07
32  10  0
32  11  1.00318e+07
32  12  3.55402e+07
32  13  1.92054e+07
32  14  1.55584e+07
32  15  8.20799e+06
32  16  1.67447e+07
32  17  902460
32  18  2.86477e+07
32  19  9.39249e+06
32  20  6.98759e+06
32  21  2.44767e+07
32  22  0
32  23  1.45548e+07
32  24  1.31623e+06
32  25  1.33083e+07
32  26  1.28274e+07
32  27  2.52426e+07
32  28  1.2319e+07
32  29  1.37817e+07
32  30  1.79023e+07
32  31  7.31972e+06
32  32  2.30806e+07
32  33  1.61722e+07
32  34  2.02384e+07
32  35  1.37118e+07
32  36  6.76702e+06
32  37  2.23683e+07
32  38  9.67437e+06
32  39  4.62272e+07
32  40  1.95235e+07
32  41  2.56483e+07
32  42  5.70021e+06
32  43  1.92311e+07
32  44  1.63911e+06
32  45  1.647e+07
32  46  7.54108e+06
32  47  1.40991e+07
32  48  1.87395e+07
32  49  2.38021e+07
32  50  2.41517e+07
33  0  1.08985e+07
33  1  2.59611e+07
33  2  1.32648e+07
33  3  1.45255e+07
33  4  1.53265e+07
33  5  7.52851e+06
33  6  8.99555e+06
33  7  2.25434e+07
33  8  1.76705e+07
33  9  3.96475e+06
33  10  8.17778e+06
33  11  5.83068e+06
33  12  8.19221e+06
33  13  2.40511e+07
33  14  0
33  15  1.97048e+07
33  16  1.65821e+07
33  17  1.19214e+07
33  18  2.34195e+07
33  19  3.32573e+06
33  20  1.58465e+07
33  21  1.59016e+07
33  22  1.1573e+07
33  23  1.7977e+07
33  24  2.18628e+07
33  25  2.09373e+07
33  26  1.94301e+07
33  27  0
33  28  2.00227e+07
33  29  2.46066e+07
33  30  7.9232e+06
33  31  1.2429e+07
33  32  0
33  33  1.52936e+07
33  34  2.2518e+07
33  35  1.89798e+07
33  36  1.65618e+07
33  37  0
33  38  1.28785e+07
33  39  1.55845e+07
33  40  1.12287e+07
33  41  7.67974e+06
33  42  2.39391e+07
33  43  2.21873e+06
33  44  2.22739e+07
33  45  1.5124e+07
33  46  138960
33  47  1.06594e+07
33  48  2.23094e+07
33  49  2.20658e+07
33  50  0
34  0  8.38904e+06
34  1  0
34  2  1.80045e+07
34  3  3.75605e+06
34  4  1.34376e+07
34  5  8.99635e+06
34  6  1.07119e+07
34  7  2.39901e+07
34  8  1.09933e+07
34  9  0
34  10  5.75174e+06
34  11  2.62871e+07
34  12  1.5806e+07
34  13  2.32107e+07
34  14  7.71477e+06
34  15  627794
34  16  3.48654e+06
34  17  1.80757e+07
34  18  1.62668e+07
34  19  9.40729e+06
34  20  8.88785e+06
34  21  8.90505e+06
34  22  1.46093e+07
34  23  2.03045e+07
34  24  5.70358e+06
34  25  2.6168e+07
34  26  3.26509e+07
34  27  1.61243e+07
34  28  9.34386e+06
34  29  256877
34  30  1.3089e+07
34  31  2.55136e+07
34  32  5.45643e+06
34  33  2.48083e+07
34  34  1.52527e+07
34  35  8.13915e+06
34  36  2.77912e+07
34  37  1.49521e+07
34  38  2.77404e+06
34  39  1.77867e+07
34  40  0
34  41  2.71926e+07
34  42  9.05267e+06
34  43  2.15454e+07
34  44  1.40257e+07
34  45  3.05814e+06
34  46  6.86717e+06
34  47  1.10305e+07
34  48  6.25558e+06
34  49  1.73795e+07
34  50  2.71128e+07
35  0  5.04669e+06
35  1  7.27477e+06
35  2  1.14038e+07
35  3  0
35  4  5.07655e+06
35  5  1.01748e+07
35  6  2.88449e+07
35  7  1.37571e+07
35  8  3.06072e+07
35  9  1.57001e+07
35  10  1.84323e+07
35  11  1.70993e+07
35  12  1.39848e+07
35  13  2.56969e+07
35  14  1.6337e+07
35  15  7.73366e+06
35  16  1.33681e+07
35  17  1.54973e+07
35  18  1.47224e+07
35  19  4.39783e+06
35  20  1.74032e+07
35  21  9.01299e+06
35  22  0
35  23  4.45671e+06
35  24  1.85635e+07
35  25  2.72656e+07
35  26  3.40799e+06
35  27  1.6015e+07
35  28  1.77039e+07
35  29  2.33252e+06
35  30  1.74489e+07
35  31  9.0057e+06
35  32  1.94468e+07
35  33  1.2366e+07
35  34  1.43854e+07
35  35  1.84408e+07
35  36  1.17355e+07
35  37  1.34194e+07
35  38  5.41762e+06
35  39  3.15276e+07
35  40  3.28471e+07
35  41  1.69882e+07
35  42  2.03552e+07
35  43  7.74365e+06
35  44  4.65297e+06
35  45  1.79942e+06
35  46  1.15472e+07
35  47  1.00084e+07
35  48  1.88281e+07
35  49  1.41539e+06
35  50  1.78568e+07
36  0  1.24759e+07
36  1  0
36  2  1.21823e+07
36  3  2.15357e+07
36  4  2.33519e+07
36  5  3.44886e+06
36  6  2.37501e+07
36  7  1.97426e+07
36  8  1.75486e+07
36  9  2.05365e+07
36  10  1.58015e+07
36  11  1.3165e+07
36  12  1.73839e+07
36  13  6.13234e+06
36  14  8.87474e+06
36  15  7.30526e+06
36  16  2.51352e+07
36  17  1.84279e+07
36  18  0
36  19  742794
36  20  1.07757e+07
36  21  1.4056e+07
36  22  1.61476e+07
36  23  0
36  24  6.83194e+06
36  25  1.37432e+07
36  26  9.91984e+06
36  27  1.75883e+07
36  28  1.46766e+07
36  29  0
36  30  2.37181e+07
36  31  1.58666e+07
36  32  8.94027e+06
36  33  2.02406e+07
36  34  1.78693e+07
36  35  2.58047e+07
36  36  6.60949e+06
36  37  3.71026e+06
36  38  0
36  39  2.37841e+07
36  40  2.70655e+07
36  41  8.33076e+06
36  42  2.95807e+06
36  43  2.29764e+07
36  44  1.82012e+07
36  45  7.735e+06
36  46  4.66114e+06
36  47  1.27873e+07
36  48  2.07258e+07
36  49  7.40161e+06
36  50  2.44885e+07
37  0  5.56402e+06
37  1  1.31571e+06
37  2  8.32589e+06
37  3  1.3528e+07
37  4  0
37  5  0
37  6  1.44279e+07
37  7  1.00805e+07
37  8  1.19921e+07
37  9  1.51079e+07
37  10  4.35664e+06
37  11  1.8852e+07
37  12  9.55165e+06
37  13  1.27515e+07
37  14  1.55123e+07
37  15  1.82681e+07
37  16  2.71121e+07
37  17  9.42582e+06
37  18  9.12494e+06
37  19  7.08821e+06
37  20  4.02098e+06
37  21  1.40598e+07
37  22  1.56161e+06
37  23  2.07385e+07
37  24  1.02173e+07
37  25  1.53598e+07
37  26  1.70102e+07
37  27  2.88612e+07
37  28  2.0749e+07
37  29  2.90868e+07
37  30  2.16689e+07
37  31  1.73102e+07
37  32  1.8176e+07
37  33  7.44723e+06
37  34  1.31023e+07
37  35  1.54816e+07
37  36  2.60002e+07
37  37  0
37  38  0
37  39  2.366e+07
37  40  6.60665e+06
37  41  1.69948e+07
37  42  8.31811e+06
37  43  1.42899e+07
37  44  2.43844e+07
37  45  2.10014e+07
37  46  2.15358e+07
37  47  6.93675e+06
37  48  1.86918e+07
37  49  3.41421e+07
37  50  1.38206e+07
38  0  1.44902e+07
38  1  0
38  2  6.6425e+06
38  3  0
38  4  2.07882e+07
38  5  1.08952e+07
38  6  1.61088e+06
38  7  4.63723e+06
38  8  4.45708e+06
38  9  1.70483e+07
38  10  9.4413e+06
38  11  2.58332e+07
38  12  1.31708e+06
38  13  2.17122e+07
38  14  1.79696e+07
38  15  1.09262e+07
38  16  1.78601e+06
38  17  2.84524e+06
38  18  0
38  19  7.64845e+06
38  20  1.28038e+07
38  21  6.83449e+06
38  22  2.49161e+07
38  23  0
38  24  1.24809e+07
38  25  1.72642e+07
38  26  1.15824e+07
38  27  1.09514e+07
38  28  8.15597e+06
38  29  3.16435e+07
38  30  3.17304e+07
38  31  2.0971e+07
38  32  1.93152e+07
38  33  2.90292e+07
38  34  7.20352e+06
38  35  1.49653e+07
38  36  1.32233e+07
38  37  1.57335e+07
38  38  5.67396e+06
38  39  3.96745e+07
38  40  2.7246e+07
38  41  2.47611e+07
38  42  1.39643e+07
38  43  7.10483e+06
38  44  3.13617e+07
38  45  1.07456e+07
38  46  5.28867e+06
38  47  1.06066e+06
38  48  0
38  49  0
38  50  1.07566e+07
39  0  0
39  1  1.46399e+07
39  2  924039
39  3  0
39  4  836817
39  5  1.47288e+07
39  6  1.48289e+07
39  7  1.9851e+07
39  8  2.66137e+07
39  9  2.20067e+07
39  10  1.57092e+07
39  11  2.03542e+07
39  12  1.32971e+07
39  13  2.18563e+07
39  14  1.89997e+07
39  15  1.09302e+07
39  16  2.7594e+07
39  17  2.83276e+07
39  18  1.57868e+07
39  19  1.35861e+07
39  20  1.41418e+07
39  21  5.62032e+06
39  22  1.6343e+07
39  23  2.75025e+07
39  24  8.78628e+06
39  25  1.4988e+07
39  26  1.31576e+07
39  27  6.26713e+06
39  28  1.75095e+07
39  29  1.7937e+07
39  30  6.05415e+06
39  31  8.87232e+06
39  32  4.44165e+06
39  33  1.17492e+07
39  34  1.89025e+07
39  35  1.02721e+07
39  36  9.66556e+06
39  37  1.03168e+07
39  38  1.80218e+07
39  39  2.93838e+07
39  40  7.6748e+06
39  41  7.12094e+06
39  42  9.43149e+06
39  43  1.3557e+07
39  44  0
39  45  3.78857e+06
39  46  0
39  47  1.559e+07
39  48  1.74631e+07
39  49  6.62985e+06
39  50  1.55644e+07
40  0  176877
40  1  1.50704e+07
40  2  811708
40  3  0
40  4  1.85892e+07
40  5  1.26412e+07
40  6  2.3743e+07
40  7  2.74982e+07
40  8  7.89116e+06
40  9  3.24887e+07
40  10  2.73247e+07
40  11  1.5218e+07
40  12  2.09181e+07
40  13  1.74781e+07
40  14  1.80325e+07
40  15  5.18451e+06
40  16  1.22965e+07
40  17  1.58401e+07
40  18  1.46414e+07
40  19  2.44605e+07
40  20  1.49668e+07
40  21  1.30054e+07
40  22  0
40  23  2.06322e+07
40  24  1.07012e+07
40  25  1.4545e+07
40  26  1.86514e+07
40  27  1.27017e+07
40  28  2.28489e+07
40  29  5.15141e+06
40  30  1.82036e+07
40  31  1.59444e+07
40  32  1.88276e+07
40  33  8.93353e+06
40  34  8.93541e+06
40  35  1.93705e+06
40  36  5.8592e+06
40  37  1.4349e+07
40  38  9.04958e+06
40  39  1.294e+07
40  40  1.99036e+07
40  41  2.41783e+07
40  42  1.8276e+07
40  43  1.63556e+07
40  44  1.68e+07
40  45  6.21594e+06
40  46  5.05988e+06
40  47  2.74077e+07
40  48  2.72051e+07
40  49  5.2278e+06
40  50  8.42498e+06
41  0  0
41  1  0
41  2  0
41  3  1.72874e+06
41  4  5.10811e+06
41  5  3.32102e+07
41  6  2.1558e+07
41  7  2.77236e+07
41  8  1.51401e+07
41  9  2.54195e+07
41  10  3.36575e+07
41  11  1.5094e+07
41  12  1.70659e+07
41  13  1.8359e+07
41  14  4.11917e+06
41  15  2.07126e+07
41  16  2.0456e+07
41  17  2.6213e+07
41  18  1.9689e+07
41  19  1.49979e+07
41  20  1.43724e+07
41  21  1.17361e+07
41  22  8.66597e+06
41  23  6.02533e+06
41  24  1.77534e+07
41  25  2.20431e+07
41  26  1.46762e+07
41  27  2.063e+07
41  28  3.02584e+07
41  29  2.15055e+07
41  30  1.1413e+07
41  31  3.11817e+07
41  32  1.02697e+07
41  33  4.68424e+06
41  34  1.78382e+06
41  35  6.1457e+06
41  36  2.05943e+07
41  37  3.81052e+06
41  38  2.20292e+06
41  39  3.58206e+07
41  40  2.7159e+07
41  41  6.50643e+06
41  42  1.9244e+07
41  43  2.31925e+06
41  44  2.66108e+07
41  45  2.75306e+07
41  46  1.61696e+07
41  47  1.62567e+07
41  48  6.93432e+06
41  49  1.85654e+07
41  50  1.7628e+07
42  0  1.54241e+06
42  1  6.39624e+06
42  2  0
42  3  1.58297e+07
42  4  1.70074e+06
42  5  2.93193e+07
42  6  2.47581e+07
42  7  1.34672e+07
42  8  0
42  9  1.95434e+07
42  10  1.94501e+07
42  11  1.97513e+07
42  12  5.20319e+06
42  13  5.5378e+06
42  14  5.98418e+06
42  15  2.8536e+07
42  16  1.14708e+07
42  17  1.9081e+07
42  18  3.65793e+07
42  19  1.26799e+07
42  20  1.18748e+07
42  21  1.31497e+07
42  22  1.32084e+07
42  23  0
42  24  7.21567e+06
42  25  1.2338e+07
42  26  2.81166e+07
42  27  4.84524e+06
42  28  1.91115e+07
42  29  1.5271e+07
42  30  5.65303e+06
42  31  9.97175e+06
42  32  4.66527e+06
42  33  8.7697e+06
42  34  1.62382e+07
42  35  2.61826e+07
42  36  1.80296e+07
42  37  9.39051e+06
42  38  2.39062e+07
42  39  1.28776e+07
42  40  2.30889e+07
42  41  8.10925e+06
42  42  2.58916e+07
42  43  5.09698e+06
42  44  2.12601e+07
42  45  3.47895e+06
42  46  2.13512e+07
42  47  1.34432e+07
42  48  1.53227e+07
42  49  1.25583e+07
42  50  1.06903e+07
43  0  0
43  1  1.22947e+06
43  2  0
43  3  399403
43  4  2.12707e+07
43  5  1.20862e+07
43  6  3.75426e+07
43  7  1.09933e+07
43  8  2.26616e+07
43  9  1.58248e+07
43  10  1.63147e+07
43  11  0
43  12  3.5627e+07
43  13  2.9084e+07
43  14  0
43  15  1.49635e+07
43  16  5.00121e+06
43  17  1.57224e+07
43  18  1.28523e+07
43  19  0
43  20  7.7767e+06
43  21  0
43  22  1.33208e+07
43  23  1.52742e+07
43  24  9.56468e+06
43  25  3.17899e+07
43  26  1.24175e+07
43  27  1.65551e+06
43  28  0
43  29  2.92891e+07
43  30  1.49371e+07
43  31  1.99948e+07
43  32  1.54932e+07
43  33  2.3583e+07
43  34  1.86969e+07
43  35  2.7422e+07
43  36  1.30257e+07
43  37  1.80678e+07
43  38  1.21835e+07
43  39  2.246e+07
43  40  2.13296e+07
43  41  1.76986e+07
43  42  9.12814e+06
43  43  9.63033e+06
43  44  1.27726e+07
43  45  1.10594e+07
43  46  2.18973e+07
43  47  2.07877e+07
43  48  2.02481e+07
43  49  1.09298e+07
43  50  9.27963e+06
44  0  4.8758e+06
44  1  6.36413e+06
44  2  1.00979e+07
44  3  2.16392e+06
44  4  1.5221e+07
44  5  2.16993e+07
44  6  2.38292e+07
44  7  2.19337e+07
44  8  1.52486e+07
44  9  1.92539e+07
44  10  1.95895e+07
44  11  1.64196e+07
44  12  2.43768e+07
44  13  1.42846e+07
44  14  3.34709e+07
44  15  417794
44  16  1.68354e+07
44  17  6.28274e+06
44  18  2.52053e+07
44  19  2.32836e+07
44  20  1.48046e+07
44  21  1.39252e+07
44  22  6.3485e+06
44  23  2.03298e+07
44  24  773390
44  25  1.68553e+07
44  26  2.88552e+07
44  27  8.40513e+06
44  28  1.62898e+07
44  29  1.91559e+07
44  30  1.29092e+07
44  31  1.80489e+07
44  32  1.27657e+07
44  33  2.47824e+06
44  34  8.33459e+06
44  35  1.70993e+07
44  36  3.46129e+06
44  37  1.39466e+07
44  38  0
44  39  3.30595e+07
44  40  1.78136e+07
44  41  2.29944e+07
44  42  2.49305e+07
44  43  765058
44  44  2.16917e+07
44  45  2.7264e+07
44  46  6.17385e+06
44  47  8.53084e+06
44  48  1.23418e+07
44  49  4.58946e+06
44  50  4.15207e+06
45  0  2.09931e+07
45  1  1.86351e+07
45  2  1.00384e+07
45  3  1.435e+07
45  4  0
45  5  1.94133e+07
45  6  3.01984e+07
45  7  2.5243e+07
45  8  1.17822e+07
45  9  2.28741e+07
45  10  3.60221e+07
45  11  1.74178e+07
45  12  1.48357e+07
45  13  3.36211e+07
45  14  8.36476e+06
45  15  1.51599e+07
45  16  1.98043e+07
45  17  2.31812e+07
45  18  6.38624e+06
45  19  1.74311e+07
45  20  1.11364e+07
45  21  1.84973e+07
45  22  1.87721e+07
45  23  2.94724e+07
45  24  8.68892e+06
45  25  1.41946e+07
45  26  1.60148e+06
45  27  1.0443e+07
45  28  1.06424e+07
45  29  8.02267e+06
45  30  2.25547e+07
45  31  3.56526e+06
45  32  1.30136e+07
45  33  2.0998e+07
45  34  2.1113e+07
45  35  2.55656e+07
45  36  1.70145e+07
45  37  2.29744e+07
45  38  3.30162e+07
45  39  2.65278e+07
45  40  3.26669e+07
45  41  2.75697e+07
45  42  1.46965e+07
45  43  2.0429e+07
45  44  1.38589e+07
45  45  0
45  46  1.72004e+07
45  47  2.92894e+07
45  48  6.89976e+06
45  49  7.12426e+06
45  50  0
46  0  0
46  1  5.86172e+06
46  2  8.64715e+06
46  3  2.39964e+06
46  4  5.22115e+06
46  5  1.61672e+07
46  6  2.55994e+07
46  7  3.19554e+07
46  8  2.58348e+07
46  9  1.14474e+06
46  10  3.24332e+07
46  11  2.64991e+06
46  12  1.38863e+07
46  13  2.62969e+07
46  14  2.16227e+07
46  15  1.30104e+07
46  16  8.65887e+06
46  17  1.77655e+07
46  18  1.85558e+07
46  19  1.33674e+07
46  20  6.44793e+06
46  21  1.64763e+07
46  22  2.78111e+07
46  23  8.71038e+06
46  24  1.46317e+07
46  25  1.99807e+07
46  26  1.40007e+07
46  27  1.35269e+07
46  28  0
46  29  2.69816e+07
46  30  5.06308e+06
46  31  8.65452e+06
46  32  1.42808e+07
46  33  4.11442e+06
46  34  1.81058e+07
46  35  2.512e+07
46  36  859860
46  37  0
46  38  2.39428e+07
46  39  1.44623e+07
46  40  7.94844e+06
46  41  9.48014e+06
46  42  3.26703e+07
46  43  8.60743e+06
46  44  2.50094e+07
46  45  2.44412e+07
46  46  1.00739e+07
46  47  1.55155e+07
46  48  0
46  49  3.1121e+07
46  50  8.59338e+06
47  0  5.46731e+06
47  1  8.49922e+06
47  2  1.00541e+07
47  3  0
47  4  8.24264e+06
47  5  3.32901e+07
47  6  4.72427e+07
47  7  7.08673e+06
47  8  2.79549e+07
47  9  1.57189e+07
47  10  2.7524e+07
47  11  2.56166e+07
47  12  7.70752e+06
47  13  1.1912e+07
47  14  4.22412e+06
47  15  1.87429e+07
47  16  1.03232e+07
47  17  2.53756e+07
47  18  1.13638e+07
47  19  8.09372e+06
47  20  6.42853e+06
47  21  1.65162e+07
47  22  1.48003e+07
47  23  2.309e+07
47  24  1.34612e+07
47  25  1.0205e+07
47  26  7.64937e+06
47  27  1.65911e+07
47  28  2.12109e+07
47  29  2.72414e+07
47  30  2.13392e+07
47  31  1.68293e+07
47  32  7.28638e+06
47  33  1.25233e+07
47  34  9.23385e+06
47  35  3.5777e+06
47  36  3.24671e+07
47  37  1.55804e+07
47  38  2.94108e+07
47  39  2.47148e+07
47  40  1.36699e+07
47  41  2.5286e+07
47  42  6.88173e+06
47  43  1.61086e+07
47  44  1.42805e+07
47  45  2.03296e+07
47  46  5.87981e+06
47  47  1.23762e+07
47  48  1.44428e+07
47  49  5.63107e+06
47  50  0
48  0  2.51647e+06
48  1  6.09259e+06
48  2  1.61973e+06
48  3  0
48  4  1.66616e+07
48  5  1.26515e+07
48  6  1.85798e+07
48  7  6.46545e+06
48  8  1.0015e+07
48  9  1.94049e+07
48  10  1.11032e+07
48  11  1.73841e+07
48  12  1.6681e+07
48  13  2.02756e+07
48  14  0
48  15  7.65581e+06
48  16  2.74118e+07
48  17  6.8644e+06
48  18  2.00772e+07
48  19  1.75862e+07
48  20  2.0609e+07
48  21  8.45302e+06
48  22  0
48  23  0
48  24  1.82106e+07
48  25  1.46309e+07
48  26  7.07346e+06
48  27  9.22042e+06
48  28  3.2947e+07
48  29  1.67115e+07
48  30  1.37251e+07
48  31  1.99882e+07
48  32  1.86319e+07
48  33  1.07081e+07
48  34  2.37506e+07
48  35  5.1274e+06
48  36  1.51796e+07
48  37  0
48  38  2.15425e+07
48  39  3.42379e+07
48  40  2.86649e+07
48  41  1.20954e+07
48  42  9.48294e+06
48  43  2.05656e+07
48  44  2.26379e+07
48  45  1.42625e+07
48  46  1.87543e+07
48  47  2.44681e+07
48  48  1.43285e+07
48  49  1.84451e+07
48  50  4.5206e+06
49  0  3.21001e+06
49  1  5.43643e+06
49  2  5.1298e+06
49  3  1.48188e+07
49  4  1.93238e+07
49  5  3.75786e+07
49  6  1.26199e+07
49  7  1.31773e+07
49  8  1.49811e+07
49  9  1.96291e+07
49  10  1.59248e+07
49  11  1.65065e+07
49  12  1.46948e+07
49  13  2.05037e+07
49  14  3.648e+06
49  15  2.42494e+07
49  16  2.78787e+07
49  17  1.75729e+07
49  18  1.35195e+07
49  19  1.5671e+07
49  20  1.6229e+07
49  21  2.9631e+07
49  22  8.7428e+06
49  23  1.11672e+07
49  24  2.99716e+07
49  25  3.78273e+07
49  26  6.43629e+06
49  27  5.8434e+06
49  28  2.25788e+07
49  29  2.25549e+07
49  30  1.95585e+07
49  31  1.34928e+07
49  32  2.09944e+07
49  33  7.20602e+06
49  34  3.22618e+07
49  35  1.12694e+07
49  36  325903
49  37  1.63179e+07
49  38  3.13011e+07
49  39  1.17732e+07
49  40  1.01184e+07
49  41  7.39352e+06
49  42  4.29846e+06
49  43  1.22638e+07
49  44  1.50189e+07
49  45  1.12558e+07
49  46  1.54513e+07
49  47  1.91136e+07
49  48  2.84232e+07
49  49  1.07357e+07
49  50  0
50  0  6.39553e+06
50  1  0
50  2  2.16646e+06
50  3  2.67592e+07
50  4  9.01824e+06
50  5  1.05026e+07
50  6  2.10313e+07
50  7  1.59568e+07
50  8  2.64041e+07
50  9  8.5126e+06
50  10  1.64118e+07
50  11  2.78188e+07
50  12  5.31206e+06
50  13  1.45015e+07
50  14  0
50  15  2.16443e+07
50  16  2.95131e+07
50  17  2.05746e+07
50  18  1.23321e+07
50  19  1.85221e+07
50  20  1.77362e+07
50  21  7.19686e+06
50  22  1.60553e+07
50  23  3.70088e+06
50  24  0
50  25  0
50  26  4.51934e+07
50  27  1.29253e+07
50  28  3.00861e+07
50  29  1.38857e+07
50  30  1.5616e+07
50  31  1.79061e+07
50  32  2.79325e+06
50  33  1.14606e+07
50  34  628001
50  35  2.31031e+06
50  36  2.20286e+07
50  37  1.326e+07
50  38  1.58964e+07
50  39  1.4334e+07
50  40  4.13032e+06
50  41  2.59794e+07
50  42  2.2604e+07
50  43  0
50  44  1.33628e+07
50  45  1.7295e+07
50  46  2.25263e+07
50  47  3.44152e+07
50  48  9.27117e+06
50  49  2.22288e+07
50  50  1.81242e+06

