row  column  (images_32.edf K-K*images_32.edf Ar-K**2.3)
0  0  0
0  1  0
0  2  3.45945e+07
0  3  3.02829e+07
0  4  0
0  5  0
0  6  0
0  7  0
0  8  0
0  9  0
0  10  2.99384e+06
0  11  0
0  12  0
0  13  0
0  14  0
0  15  0
0  16  0
0  17  0
0  18  0
0  19  0
0  20  0
0  21  0
0  22  0
0  23  2.14955e+07
0  24  2.37284e+07
0  25  3.57415e+07
0  26  4.56481e+07
0  27  4.76579e+07
0  28  2.23927e+07
0  29  3.47863e+07
0  30  3.50751e+07
0  31  1.47902e+07
0  32  2.7897e+07
0  33  2.62572e+07
0  34  2.52537e+07
0  35  5.64554e+07
0  36  4.48657e+07
0  37  3.22147e+07
0  38  4.91717e+07
0  39  5.08908e+07
0  40  4.77535e+07
0  41  6.20258e+07
0  42  8.3152e+07
0  43  6.30372e+07
0  44  5.40818e+07
0  45  8.09432e+07
0  46  5.6116e+07
0  47  9.02323e+07
0  48  7.65763e+07
0  49  5.61623e+07
0  50  8.11876e+07
1  0  0
1  1  2.2821e+07
1  2  7.05504e+07
1  3  0
1  4  0
1  5  0
1  6  0
1  7  0
1  8  0
1  9  0
1  10  0
1  11  0
1  12  0
1  13  0
1  14  0
1  15  0
1  16  0
1  17  0
1  18  0
1  19  0
1  20  0
1  21  1.47207e+07
1  22  0
1  23  0
1  24  0
1  25  5.74248e+07
1  26  3.99276e+07
1  27  2.25549e+07
1  28  2.95777e+07
1  29  2.89704e+07
1  30  2.7901e+07
1  31  2.28605e+07
1  32  5.19333e+07
1  33  3.34029e+07
1  34  3.84839e+07
1  35  2.06936e+07
1  36  3.89276e+07
1  37  3.13375e+07
1  38  3.14553e+07
1  39  4.02306e+07
1  40  7.01447e+07
1  41  1.0455e+08
1  42  9.23384e+07
1  43  9.41663e+07
1  44  7.34006e+07
1  45  6.93307e+07
1  46  6.45117e+07
1  47  7.87405e+07
1  48  6.26938e+07
1  49  6.02796e+07
1  50  1.06694e+08
2  0  0
2  1  2.56523e+07
2  2  7.78394e+07
2  3  3.17169e+07
2  4  0
2  5  0
2  6  0
2  7  0
2  8  0
2  9  2.58221e+06
2  10  0
2  11  0
2  12  0
2  13  0
2  14  0
2  15  0
2  16  0
2  17  0
2  18  0
2  19  0
2  20  0
2  21  1.72303e+07
2  22  0
2  23  1.98444e+07
2  24  2.93005e+07
2  25  2.79986e+07
2  26  1.3298e+07
2  27  2.04174e+07
2  28  5.11736e+07
2  29  4.73665e+07
2  30  3.36167e+07
2  31  2.57475e+07
2  32  4.99206e+07
2  33  3.83695e+07
2  34  1.08732e+07
2  35  4.49607e+07
2  36  1.89222e+07
2  37  3.20673e+07
2  38  4.61143e+07
2  39  4.70027e+07
2  40  6.36624e+07
2  41  7.28715e+07
2  42  7.92906e+07
2  43  8.23405e+07
2  44  6.9341e+07
2  45  8.2896e+07
2  46  7.35052e+07
2  47  1.03657e+08
2  48  6.6727e+07
2  49  1.12755e+08
2  50  5.33552e+07
3  0  2.38733e+07
3  1  1.47652e+07
3  2  5.94973e+07
3  3  3.09949e+07
3  4  1.49738e+07
3  5  0
3  6  0
3  7  0
3  8  0
3  9  0
3  10  0
3  11  0
3  12  0
3  13  0
3  14  0
3  15  0
3  16  1.79222e+07
3  17  0
3  18  0
3  19  1.53211e+07
3  20  0
3  21  0
3  22  1.86407e+07
3  23  2.10673e+07
3  24  0
3  25  4.58184e+07
3  26  4.24289e+07
3  27  3.26338e+07
3  28  1.83641e+07
3  29  5.19426e+07
3  30  3.70735e+07
3  31  4.11773e+07
3  32  5.06973e+07
3  33  4.34247e+07
3  34  1.98712e+07
3  35  3.26547e+07
3  36  5.23935e+07
3  37  4.33993e+07
3  38  2.00322e+07
3  39  3.67613e+07
3  40  9.05473e+07
3  41  8.91158e+07
3  42  8.28912e+07
3  43  1.09084e+08
3  44  5.25491e+07
3  45  8.28377e+07
3  46  1.06172e+08
3  47  7.91676e+07
3  48  9.83837e+07
3  49  5.91042e+07
3  50  1.07229e+08
4  0  0
4  1  0
4  2  3.46187e+07
4  3  0
4  4  0
4  5  0
4  6  0
4  7  0
4  8  0
4  9  0
4  10  0
4  11  0
4  12  0
4  13  0
4  14  0
4  15  1.98869e+07
4  16  0
4  17  0
4  18  0
4  19  1.45235e+07
4  20  0
4  21  1.51448e+07
4  22  0
4  23  2.46482e+07
4  24  1.36107e+07
4  25  0
4  26  2.95563e+07
4  27  1.52835e+07
4  28  3.18768e+07
4  29  2.31423e+07
4  30  2.40609e+07
4  31  2.47084e+07
4  32  5.19083e+07
4  33  4.35418e+07
4  34  6.36119e+07
4  35  1.12368e+07
4  36  4.06569e+07
4  37  1.58348e+07
4  38  6.89393e+07
4  39  5.16268e+07
4  40  1.0301e+08
4  41  1.05272e+08
4  42  1.26627e+08
4  43  5.94115e+07
4  44  7.58521e+07
4  45  8.29772e+07
4  46  7.23815e+07
4  47  6.94486e+07
4  48  8.61296e+07
4  49  7.91959e+07
4  50  8.18042e+07
5  0  0
5  1  1.34753e+07
5  2  2.33042e+07
5  3  5.90029e+06
5  4  0
5  5  0
5  6  0
5  7  0
5  8  1.85018e+07
5  9  0
5  10  0
5  11  0
5  12  0
5  13  0
5  14  1.52292e+07
5  15  0
5  16  0
5  17  0
5  18  0
5  19  0
5  20  0
5  21  1.70868e+07
5  22  4.69335e+07
5  23  0
5  24  2.00915e+07
5  25  5.04375e+07
5  26  3.08275e+07
5  27  3.8402e+07
5  28  1.82756e+07
5  29  6.73376e+07
5  30  2.57363e+07
5  31  2.34688e+07
5  32  3.2286e+07
5  33  3.70256e+07
5  34  2.92698e+07
5  35  4.53198e+07
5  36  4.10619e+07
5  37  2.54346e+07
5  38  4.4134e+07
5  39  8.52676e+07
5  40  9.47639e+07
5  41  9.79805e+07
5  42  1.12218e+08
5  43  7.91934e+07
5  44  6.73677e+07
5  45  8.79643e+07
5  46  9.17068e+07
5  47  9.50453e+07
5  48  9.01595e+07
5  49  7.57419e+07
5  50  7.43698e+07
6  0  0
6  1  2.08486e+07
6  2  1.62257e+07
6  3  2.61168e+07
6  4  0
6  5  9.90478e+06
6  6  0
6  7  0
6  8  0
6  9  0
6  10  0
6  11  0
6  12  0
6  13  0
6  14  0
6  15  2.42053e+07
6  16  0
6  17  0
6  18  0
6  19  1.91409e+07
6  20  0
6  21  2.50727e+07
6  22  2.76483e+07
6  23  5.00293e+07
6  24  4.47145e+07
6  25  3.48088e+07
6  26  0
6  27  2.55269e+07
6  28  3.69911e+07
6  29  4.0537e+07
6  30  4.21835e+07
6  31  3.83547e+07
6  32  4.34369e+07
6  33  4.08449e+07
6  34  5.01949e+07
6  35  2.86413e+07
6  36  2.22812e+07
6  37  3.40966e+07
6  38  5.20421e+07
6  39  6.07797e+07
6  40  7.69025e+07
6  41  9.41735e+07
6  42  6.89196e+07
6  43  6.0618e+07
6  44  5.03568e+07
6  45  7.19402e+07
6  46  8.16226e+07
6  47  9.00175e+07
6  48  1.04375e+08
6  49  7.46742e+07
6  50  8.23566e+07
7  0  0
7  1  1.8071e+07
7  2  0
7  3  0
7  4  0
7  5  0
7  6  0
7  7  0
7  8  0
7  9  0
7  10  0
7  11  0
7  12  0
7  13  0
7  14  0
7  15  0
7  16  0
7  17  0
7  18  0
7  19  0
7  20  0
7  21  4.30159e+07
7  22  0
7  23  6.48255e+07
7  24  1.90194e+07
7  25  1.93e+07
7  26  3.26397e+07
7  27  2.44945e+07
7  28  3.97743e+07
7  29  5.31457e+07
7  30  4.18052e+07
7  31  4.61314e+07
7  32  3.39175e+07
7  33  4.53685e+07
7  34  3.68253e+07
7  35  2.26932e+07
7  36  1.42229e+07
7  37  6.82821e+07
7  38  5.67879e+07
7  39  5.41731e+07
7  40  9.8562e+07
7  41  7.63846e+07
7  42  1.11363e+08
7  43  6.82224e+07
7  44  1.17211e+08
7  45  8.07433e+07
7  46  8.43319e+07
7  47  7.34486e+07
7  48  1.07197e+08
7  49  6.87038e+07
7  50  7.23265e+07
8  0  6.6801e+06
8  1  0
8  2  0
8  3  1.21731e+06
8  4  0
8  5  0
8  6  0
8  7  0
8  8  0
8  9  0
8  10  0
8  11  0
8  12  0
8  13  0
8  14  0
8  15  0
8  16  0
8  17  0
8  18  0
8  19  2.57115e+07
8  20  1.37815e+07
8  21  2.66955e+07
8  22  3.61363e+07
8  23  4.02269e+07
8  24  2.54763e+07
8  25  3.64548e+07
8  26  2.95433e+07
8  27  4.61224e+07
8  28  3.4749e+07
8  29  5.68132e+07
8  30  4.70313e+07
8  31  3.99744e+07
8  32  6.04778e+07
8  33  4.09825e+07
8  34  2.32786e+07
8  35  3.16057e+07
8  36  4.55156e+07
8  37  3.52661e+07
8  38  5.95254e+07
8  39  5.55354e+07
8  40  9.93416e+07
8  41  1.04309e+08
8  42  7.91428e+07
8  43  8.46396e+07
8  44  7.64694e+07
8  45  5.78302e+07
8  46  6.84813e+07
8  47  8.13861e+07
8  48  6.86546e+07
8  49  7.57626e+07
8  50  4.82582e+07
9  0  0
9  1  1.80381e+07
9  2  1.51659e+07
9  3  0
9  4  0
9  5  0
9  6  0
9  7  0
9  8  0
9  9  0
9  10  0
9  11  1.41164e+07
9  12  0
9  13  4.50817e+07
9  14  140708
9  15  0
9  16  0
9  17  0
9  18  1.38206e+07
9  19  1.44589e+07
9  20  2.00211e+07
9  21  1.48527e+07
9  22  4.30418e+07
9  23  5.92011e+07
9  24  4.12584e+07
9  25  3.61148e+07
9  26  5.41511e+07
9  27  4.05877e+07
9  28  3.19985e+07
9  29  7.18066e+07
9  30  5.6428e+07
9  31  2.81506e+07
9  32  2.47166e+07
9  33  2.8262e+07
9  34  4.30892e+07
9  35  5.47313e+07
9  36  1.64316e+07
9  37  3.23497e+07
9  38  5.2976e+07
9  39  7.83372e+07
9  40  5.41904e+07
9  41  8.86253e+07
9  42  5.0675e+07
9  43  6.33609e+07
9  44  7.38592e+07
9  45  8.37576e+07
9  46  6.91417e+07
9  47  4.5104e+07
9  48  6.83133e+07
9  49  5.21775e+07
9  50  5.85917e+07
10  0  1.14456e+07
10  1  1.87541e+07
10  2  0
10  3  0
10  4  0
10  5  0
10  6  0
10  7  0
10  8  0
10  9  0
10  10  1.72184e+07
10  11  0
10  12  0
10  13  0
10  14  2.87659e+07
10  15  0
10  16  0
10  17  0
10  18  2.1152e+07
10  19  2.34891e+07
10  20  2.64297e+07
10  21  1.84541e+07
10  22  3.44211e+07
10  23  4.612e+07
10  24  4.96758e+07
10  25  5.36921e+07
10  26  4.15345e+07
10  27  4.41368e+07
10  28  3.49529e+07
10  29  2.8313e+07
10  30  1.67928e+07
10  31  5.23966e+07
10  32  3.79123e+07
10  33  5.3813e+07
10  34  4.4538e+07
10  35  1.91155e+07
10  36  4.94167e+07
10  37  2.07316e+07
10  38  3.58643e+07
10  39  7.12172e+07
10  40  7.98631e+07
10  41  8.55955e+07
10  42  6.11528e+07
10  43  5.62103e+07
10  44  8.13794e+07
10  45  9.05666e+07
10  46  5.57168e+07
10  47  6.37558e+07
10  48  6.35264e+07
10  49  5.66487e+07
10  50  3.50362e+07
11  0  0
11  1  2.19128e+07
11  2  1.67048e+07
11  3  0
11  4  0
11  5  0
11  6  0
11  7  0
11  8  0
11  9  0
11  10  1.70101e+07
11  11  0
11  12  0
11  13  3.14348e+07
11  14  2.49566e+07
11  15  2.79186e+07
11  16  2.55581e+07
11  17  0
11  18  2.66058e+07
11  19  3.75599e+07
11  20  1.42186e+07
11  21  1.76351e+07
11  22  4.99785e+07
11  23  5.96893e+07
11  24  2.94488e+07
11  25  4.13552e+07
11  26  6.59597e+07
11  27  3.62621e+07
11  28  4.98149e+07
11  29  2.67971e+07
11  30  4.42513e+07
11  31  4.60137e+07
11  32  4.52214e+07
11  33  4.61408e+07
11  34  4.37466e+07
11  35  2.60374e+07
11  36  5.16225e+07
11  37  3.3873e+07
11  38  4.59555e+07
11  39  7.60695e+07
11  40  6.47976e+07
11  41  6.10948e+07
11  42  8.67719e+07
11  43  7.71902e+07
11  44  8.74592e+07
11  45  9.55505e+07
11  46  8.06522e+07
11  47  7.0585e+07
11  48  7.08955e+07
11  49  6.74537e+07
11  50  6.28119e+07
12  0  0
12  1  0
12  2  0
12  3  0
12  4  0
12  5  0
12  6  0
12  7  0
12  8  0
12  9  3.01392e+07
12  10  0
12  11  0
12  12  0
12  13  0
12  14  0
12  15  1.67457e+07
12  16  0
12  17  1.96219e+07
12  18  0
12  19  2.49865e+07
12  20  4.02536e+07
12  21  2.32919e+07
12  22  3.95072e+07
12  23  6.17676e+07
12  24  6.6521e+07
12  25  4.50062e+07
12  26  6.80001e+07
12  27  2.37686e+07
12  28  2.49202e+07
12  29  5.84658e+07
12  30  6.66376e+07
12  31  7.52378e+07
12  32  5.37553e+07
12  33  4.30358e+07
12  34  4.24069e+07
12  35  3.11497e+07
12  36  4.7243e+07
12  37  3.06777e+07
12  38  4.89928e+07
12  39  5.69918e+07
12  40  8.16962e+07
12  41  8.69016e+07
12  42  7.98711e+07
12  43  6.18671e+07
12  44  1.1462e+08
12  45  7.29271e+07
12  46  6.30415e+07
12  47  6.17166e+07
12  48  2.18372e+07
12  49  5.99843e+07
12  50  3.86247e+07
13  0  0
13  1  0
13  2  1.44912e+07
13  3  0
13  4  0
13  5  0
13  6  0
13  7  0
13  8  0
13  9  0
13  10  0
13  11  0
13  12  0
13  13  0
13  14  1.66574e+07
13  15  0
13  16  2.13657e+07
13  17  0
13  18  1.4423e+07
13  19  1.97833e+07
13  20  3.46627e+07
13  21  2.24311e+07
13  22  3.55645e+07
13  23  6.52217e+07
13  24  4.52442e+07
13  25  5.81783e+07
13  26  5.61957e+07
13  27  5.33965e+07
13  28  4.82485e+07
13  29  6.45206e+07
13  30  8.63526e+07
13  31  5.79599e+07
13  32  7.32876e+07
13  33  4.74602e+07
13  34  5.14107e+07
13  35  6.31987e+07
13  36  4.3457e+07
13  37  5.49857e+07
13  38  2.61038e+07
13  39  5.84586e+07
13  40  5.81455e+07
13  41  7.10417e+07
13  42  5.07659e+07
13  43  7.81664e+07
13  44  8.78382e+07
13  45  9.13563e+07
13  46  6.52533e+07
13  47  3.07537e+07
13  48  6.83073e+07
13  49  4.67055e+07
13  50  4.15143e+07
14  0  1.69238e+07
14  1  0
14  2  0
14  3  0
14  4  0
14  5  0
14  6  0
14  7  0
14  8  0
14  9  0
14  10  0
14  11  2.42112e+07
14  12  1.841e+07
14  13  0
14  14  3.70257e+07
14  15  2.4542e+07
14  16  5.96e+07
14  17  0
14  18  1.54415e+07
14  19  1.78104e+07
14  20  3.17178e+07
14  21  3.56656e+07
14  22  3.07664e+07
14  23  4.28323e+07
14  24  4.33997e+07
14  25  3.77918e+07
14  26  4.06477e+07
14  27  2.91046e+07
14  28  4.3333e+07
14  29  6.88731e+07
14  30  3.39859e+07
14  31  2.6137e+07
14  32  4.08919e+07
14  33  6.61034e+07
14  34  5.39567e+07
14  35  3.17672e+07
14  36  3.12097e+07
14  37  2.60387e+07
14  38  5.89608e+07
14  39  8.67416e+07
14  40  7.64461e+07
14  41  7.39984e+07
14  42  7.431e+07
14  43  1.12138e+08
14  44  6.7591e+07
14  45  5.72295e+07
14  46  6.55819e+07
14  47  4.66615e+07
14  48  6.84005e+07
14  49  6.94247e+07
14  50  4.90645e+07
15  0  0
15  1  0
15  2  0
15  3  0
15  4  0
15  5  0
15  6  7.59691e+06
15  7  0
15  8  0
15  9  2.23229e+07
15  10  2.52241e+07
15  11  3.90896e+07
15  12  0
15  13  1.98001e+07
15  14  1.36983e+07
15  15  2.01939e+07
15  16  2.71784e+07
15  17  0
15  18  2.10879e+07
15  19  2.10869e+07
15  20  3.14226e+07
15  21  2.96602e+07
15  22  4.73736e+07
15  23  5.88796e+07
15  24  5.02747e+07
15  25  6.49293e+07
15  26  6.04243e+07
15  27  4.75031e+07
15  28  4.01368e+07
15  29  4.2928e+07
15  30  5.47678e+07
15  31  2.90283e+07
15  32  3.64843e+07
15  33  4.27774e+07
15  34  5.40202e+07
15  35  3.1915e+07
15  36  3.4907e+07
15  37  6.301e+07
15  38  4.29644e+07
15  39  7.42569e+07
15  40  8.57121e+07
15  41  6.55256e+07
15  42  9.47675e+07
15  43  4.6233e+07
15  44  8.4617e+07
15  45  7.56328e+07
15  46  4.93682e+07
15  47  3.62366e+07
15  48  6.99655e+07
15  49  4.82461e+07
15  50  4.0386e+07
16  0  0
16  1  0
16  2  0
16  3  0
16  4  0
16  5  0
16  6  0
16  7  0
16  8  0
16  9  0
16  10  0
16  11  0
16  12  4.41916e+07
16  13  0
16  14  0
16  15  1.92807e+07
16  16  2.92291e+07
16  17  3.89772e+07
16  18  1.16205e+07
16  19  4.2177e+07
16  20  3.70425e+07
16  21  2.07399e+07
16  22  5.11358e+07
16  23  4.80072e+07
16  24  3.61464e+07
16  25  3.93473e+07
16  26  4.1067e+07
16  27  4.15263e+07
16  28  5.20192e+07
16  29  5.19048e+07
16  30  4.13859e+07
16  31  3.98264e+07
16  32  4.79283e+07
16  33  2.2943e+07
16  34  5.64034e+07
16  35  0
16  36  4.34656e+07
16  37  5.08959e+07
16  38  5.37403e+07
16  39  6.52452e+07
16  40  7.1567e+07
16  41  8.48642e+07
16  42  6.17777e+07
16  43  5.7498e+07
16  44  8.96984e+07
16  45  5.32024e+07
16  46  2.36958e+07
16  47  3.93151e+07
16  48  5.0423e+07
16  49  6.86012e+07
16  50  4.99491e+07
17  0  0
17  1  0
17  2  1.65533e+07
17  3  0
17  4  0
17  5  0
17  6  0
17  7  0
17  8  2.47638e+07
17  9  0
17  10  3.43328e+07
17  11  0
17  12  0
17  13  0
17  14  3.57305e+07
17  15  1.17182e+07
17  16  2.03674e+07
17  17  4.34364e+07
17  18  3.0744e+07
17  19  4.70775e+07
17  20  4.95952e+07
17  21  4.11021e+07
17  22  6.48464e+07
17  23  6.62648e+07
17  24  4.26162e+07
17  25  5.44146e+07
17  26  2.99397e+07
17  27  4.23894e+07
17  28  6.36236e+07
17  29  5.51828e+07
17  30  2.73045e+07
17  31  3.05257e+07
17  32  4.86019e+07
17  33  3.29997e+07
17  34  5.64068e+07
17  35  3.47538e+07
17  36  5.08015e+07
17  37  2.68803e+07
17  38  3.35595e+07
17  39  7.95186e+07
17  40  6.67464e+07
17  41  7.71548e+07
17  42  1.10458e+08
17  43  8.89361e+07
17  44  6.96568e+07
17  45  6.63307e+07
17  46  5.96121e+07
17  47  5.38113e+07
17  48  6.46542e+07
17  49  4.72863e+07
17  50  4.87688e+07
18  0  0
18  1  0
18  2  0
18  3  0
18  4  0
18  5  0
18  6  0
18  7  0
18  8  2.40488e+07
18  9  1.82715e+07
18  10  0
18  11  2.63101e+07
18  12  0
18  13  0
18  14  2.45392e+07
18  15  2.36837e+07
18  16  0
18  17  2.95497e+07
18  18  4.53331e+07
18  19  4.98513e+07
18  20  3.28332e+07
18  21  3.75633e+07
18  22  5.59635e+07
18  23  6.20419e+07
18  24  4.62749e+07
18  25  2.16642e+07
18  26  3.15731e+07
18  27  5.97975e+07
18  28  4.6734e+07
18  29  8.48741e+07
18  30  4.44402e+07
18  31  2.82801e+07
18  32  4.97717e+07
18  33  6.09649e+07
18  34  4.00178e+07
18  35  3.468e+07
18  36  3.86463e+07
18  37  5.26893e+07
18  38  4.75586e+07
18  39  7.07414e+07
18  40  6.69251e+07
18  41  7.01346e+07
18  42  8.16895e+07
18  43  3.79125e+07
18  44  7.86728e+07
18  45  6.9404e+07
18  46  4.35708e+07
18  47  4.73603e+07
18  48  6.88784e+07
18  49  4.69488e+07
18  50  1.5355e+07
19  0  0
19  1  0
19  2  0
19  3  0
19  4  0
19  5  0
19  6  0
19  7  0
19  8  0
19  9  0
19  10  0
19  11  0
19  12  2.55366e+07
19  13  0
19  14  0
19  15  4.3404e+07
19  16  3.46301e+07
19  17  3.96462e+07
19  18  4.16491e+07
19  19  3.36145e+07
19  20  2.33482e+07
19  21  3.53207e+07
19  22  6.38282e+07
19  23  2.89522e+07
19  24  3.61934e+07
19  25  2.76886e+07
19  26  3.72506e+07
19  27  3.34438e+07
19  28  4.19586e+07
19  29  5.78204e+07
19  30  1.19924e+07
19  31  5.74472e+07
19  32  4.53369e+07
19  33  3.83952e+07
19  34  2.02378e+07
19  35  3.47864e+07
19  36  6.37072e+07
19  37  7.01735e+07
19  38  2.7777e+07
19  39  5.21948e+07
19  40  5.56531e+07
19  41  7.4238e+07
19  42  5.58784e+07
19  43  5.79376e+07
19  44  9.34147e+07
19  45  4.57548e+07
19  46  7.43373e+07
19  47  5.04388e+07
19  48  3.4645e+07
19  49  4.40161e+07
19  50  2.60176e+07
20  0  0
20  1  0
20  2  0
20  3  0
20  4  0
20  5  0
20  6  0
20  7  0
20  8  0
20  9  0
20  10  3.1573e+07
20  11  0
20  12  0
20  13  1.83743e+07
20  14  0
20  15  2.39646e+07
20  16  2.61409e+07
20  17  2.05399e+07
20  18  3.80981e+07
20  19  3.55023e+07
20  20  5.99242e+07
20  21  4.67325e+07
20  22  7.37766e+07
20  23  6.91572e+07
20  24  8.03379e+07
20  25  4.1416e+07
20  26  4.93028e+07
20  27  3.21179e+07
20  28  1.87009e+07
20  29  2.4284e+07
20  30  4.47413e+07
20  31  2.37486e+07
20  32  5.43506e+07
20  33  3.9546e+07
20  34  5.09135e+07
20  35  4.51469e+07
20  36  4.18688e+07
20  37  5.17979e+07
20  38  4.10689e+07
20  39  4.74764e+07
20  40  7.74618e+07
20  41  6.63503e+07
20  42  5.99634e+07
20  43  4.72543e+07
20  44  7.40753e+07
20  45  5.71534e+07
20  46  2.77473e+07
20  47  4.44078e+07
20  48  3.56134e+07
20  49  2.43348e+07
20  50  5.54625e+07
21  0  0
21  1  0
21  2  0
21  3  0
21  4  0
21  5  0
21  6  0
21  7  0
21  8  0
21  9  2.06838e+07
21  10  0
21  11  2.86999e+07
21  12  2.86865e+07
21  13  3.19923e+07
21  14  1.46417e+07
21  15  4.10181e+07
21  16  4.47021e+06
21  17  5.03316e+07
21  18  3.34077e+07
21  19  3.23143e+07
21  20  3.26295e+07
21  21  3.90951e+07
21  22  7.73287e+07
21  23  4.14424e+07
21  24  3.66008e+07
21  25  2.24525e+07
21  26  5.05758e+07
21  27  3.23142e+07
21  28  3.57351e+07
21  29  2.24892e+07
21  30  1.92186e+07
21  31  5.41927e+07
21  32  7.66921e+07
21  33  3.53988e+07
21  34  0
21  35  4.92545e+07
21  36  5.83137e+07
21  37  5.76951e+07
21  38  4.61509e+07
21  39  6.48849e+07
21  40  4.40968e+07
21  41  6.54219e+07
21  42  5.50848e+07
21  43  8.04029e+07
21  44  6.12432e+07
21  45  6.72887e+07
21  46  2.63891e+07
21  47  3.74814e+07
21  48  4.90609e+07
21  49  2.48218e+07
21  50  2.34523e+07
22  0  0
22  1  0
22  2  0
22  3  0
22  4  0
22  5  0
22  6  0
22  7  0
22  8  0
22  9  0
22  10  0
22  11  1.62746e+07
22  12  2.77614e+07
22  13  0
22  14  3.81162e+07
22  15  0
22  16  2.24297e+07
22  17  4.04892e+07
22  18  1.94704e+07
22  19  1.86985e+07
22  20  4.22947e+07
22  21  3.08344e+07
22  22  4.43555e+07
22  23  6.80894e+07
22  24  5.03747e+07
22  25  2.62686e+07
22  26  2.82656e+07
22  27  6.00277e+07
22  28  3.92764e+07
22  29  3.47225e+07
22  30  3.09752e+07
22  31  4.36442e+07
22  32  4.43882e+07
22  33  4.83896e+07
22  34  5.60708e+07
22  35  5.12048e+07
22  36  2.87386e+07
22  37  5.6353e+07
22  38  5.16756e+07
22  39  5.1517e+07
22  40  6.6784e+07
22  41  4.34395e+07
22  42  2.84255e+07
22  43  6.09676e+07
22  44  5.75043e+07
22  45  4.57941e+07
22  46  4.68449e+07
22  47  4.45352e+07
22  48  3.19244e+07
22  49  4.06697e+07
22  50  3.95041e+07
23  0  2.33862e+07
23  1  0
23  2  0
23  3  0
23  4  1.75288e+07
23  5  0
23  6  2.37947e+07
23  7  0
23  8  0
23  9  1.34632e+07
23  10  1.30266e+07
23  11  0
23  12  0
23  13  0
23  14  4.319e+07
23  15  1.46869e+07
23  16  0
23  17  1.83128e+07
23  18  5.04587e+07
23  19  4.64232e+07
23  20  1.37624e+07
23  21  5.05863e+07
23  22  5.07341e+07
23  23  4.89377e+07
23  24  3.59843e+07
23  25  3.1631e+07
23  26  1.48354e+07
23  27  1.92895e+07
23  28  4.24491e+07
23  29  0
23  30  3.70344e+07
23  31  3.48471e+07
23  32  3.96353e+07
23  33  3.3925e+07
23  34  3.19684e+07
23  35  2.83567e+07
23  36  5.06194e+07
23  37  2.00174e+07
23  38  6.09747e+07
23  39  5.24942e+07
23  40  5.20545e+07
23  41  6.70813e+07
23  42  3.52282e+07
23  43  4.17576e+07
23  44  5.10605e+07
23  45  2.6702e+07
23  46  0
23  47  3.97962e+07
23  48  2.00989e+07
23  49  1.7233e+07
23  50  2.57324e+07
24  0  0
24  1  0
24  2  0
24  3  0
24  4  0
24  5  0
24  6  0
24  7  0
24  8  0
24  9  0
24  10  0
24  11  0
24  12  1.42571e+07
24  13  1.65657e+07
24  14  1.60476e+07
24  15  3.39575e+07
24  16  3.36835e+07
24  17  1.66179e+07
24  18  1.80243e+07
24  19  3.01713e+07
24  20  0
24  21  3.33779e+07
24  22  5.4196e+07
24  23  4.408e+07
24  24  5.20909e+07
24  25  2.56834e+07
24  26  3.18798e+07
24  27  2.87654e+07
24  28  2.99539e+07
24  29  3.38408e+07
24  30  1.12172e+07
24  31  0
24  32  4.9483e+07
24  33  3.36126e+07
24  34  4.30377e+07
24  35  4.64216e+07
24  36  4.5627e+07
24  37  5.60353e+07
24  38  4.22609e+07
24  39  5.77252e+07
24  40  3.45027e+07
24  41  3.45849e+07
24  42  1.91865e+07
24  43  3.52363e+07
24  44  3.57207e+07
24  45  3.8437e+07
24  46  5.96064e+07
24  47  2.46067e+07
24  48  4.76736e+07
24  49  4.59017e+07
24  50  2.14414e+07
25  0  0
25  1  0
25  2  0
25  3  0
25  4  0
25  5  0
25  6  0
25  7  0
25  8  2.17158e+07
25  9  0
25  10  0
25  11  2.90183e+07
25  12  2.11709e+07
25  13  2.10953e+07
25  14  3.46382e+07
25  15  4.20541e+07
25  16  4.6354e+07
25  17  3.25863e+07
25  18  0
25  19  2.75353e+07
25  20  3.97953e+07
25  21  4.04435e+07
25  22  3.55225e+07
25  23  4.21754e+07
25  24  3.17914e+07
25  25  3.97044e+07
25  26  3.65614e+07
25  27  1.56207e+07
25  28  3.80239e+07
25  29  2.26318e+07
25  30  1.58989e+07
25  31  2.75576e+07
25  32  2.96332e+07
25  33  3.31443e+07
25  34  1.90776e+07
25  35  3.38208e+07
25  36  3.63079e+07
25  37  3.8439e+07
25  38  5.81628e+07
25  39  3.73055e+07
25  40  5.22642e+07
25  41  4.76591e+07
25  42  2.11223e+07
25  43  3.48531e+07
25  44  5.10937e+07
25  45  3.69951e+07
25  46  4.4717e+07
25  47  4.28382e+07
25  48  3.28783e+07
25  49  5.83513e+07
25  50  4.98417e+07
26  0  0
26  1  0
26  2  3.16903e+07
26  3  0
26  4  0
26  5  1.40598e+07
26  6  2.12772e+07
26  7  0
26  8  0
26  9  0
26  10  4.3927e+07
26  11  6.83469e+07
26  12  3.58167e+07
26  13  2.98151e+07
26  14  3.60156e+07
26  15  3.6889e+07
26  16  2.44621e+07
26  17  2.55409e+07
26  18  1.37854e+07
26  19  3.82743e+07
26  20  2.9481e+07
26  21  4.58284e+07
26  22  5.66765e+07
26  23  4.5795e+07
26  24  4.77878e+07
26  25  1.75633e+07
26  26  4.17413e+07
26  27  2.18036e+07
26  28  4.76521e+07
26  29  1.35497e+07
26  30  2.93808e+07
26  31  3.27435e+07
26  32  2.40606e+07
26  33  3.62929e+07
26  34  3.84194e+07
26  35  5.17828e+07
26  36  5.70376e+07
26  37  4.40416e+07
26  38  8.39794e+07
26  39  4.40179e+07
26  40  5.09013e+07
26  41  5.44747e+07
26  42  5.66386e+07
26  43  3.44794e+07
26  44  3.57536e+07
26  45  4.64702e+07
26  46  3.20863e+07
26  47  3.8279e+07
26  48  4.14808e+07
26  49  3.02197e+07
26  50  3.65664e+07
27  0  0
27  1  0
27  2  0
27  3  1.48669e+07
27  4  0
27  5  0
27  6  0
27  7  0
27  8  0
27  9  0
27  10  1.852e+06
27  11  0
27  12  1.56029e+07
27  13  2.26541e+07
27  14  0
27  15  0
27  16  0
27  17  1.79782e+07
27  18  2.01445e+07
27  19  2.88933e+07
27  20  4.5579e+07
27  21  2.12253e+07
27  22  2.03367e+07
27  23  3.36936e+07
27  24  5.37925e+07
27  25  4.9441e+07
27  26  4.76693e+07
27  27  1.64495e+07
27  28  6.29079e+07
27  29  0
27  30  5.81848e+07
27  31  3.67494e+07
27  32  0
27  33  2.60755e+07
27  34  5.23562e+07
27  35  4.46817e+07
27  36  4.20329e+07
27  37  3.65752e+07
27  38  5.00553e+07
27  39  4.41932e+07
27  40  3.2448e+07
27  41  1.69648e+07
27  42  5.22654e+07
27  43  4.11715e+07
27  44  5.79923e+07
27  45  4.89388e+07
27  46  5.88896e+07
27  47  3.82293e+07
27  48  6.39871e+07
27  49  9.307e+06
27  50  2.81573e+07
28  0  0
28  1  0
28  2  0
28  3  2.37135e+07
28  4  0
28  5  2.73438e+07
28  6  0
28  7  0
28  8  0
28  9  0
28  10  4.802e+07
28  11  3.66017e+07
28  12  2.8811e+07
28  13  4.16843e+07
28  14  0
28  15  0
28  16  5.54593e+07
28  17  2.16096e+07
28  18  3.36882e+07
28  19  0
28  20  4.71245e+07
28  21  5.25844e+07
28  22  8.5138e+07
28  23  5.59767e+07
28  24  5.90716e+07
28  25  3.47909e+07
28  26  4.00814e+07
28  27  4.71282e+07
28  28  4.49305e+07
28  29  3.0628e+07
28  30  4.23187e+07
28  31  4.29626e+07
28  32  3.40933e+07
28  33  2.38853e+07
28  34  3.83346e+07
28  35  4.48976e+07
28  36  5.31866e+07
28  37  5.10394e+07
28  38  8.53933e+07
28  39  6.00521e+07
28  40  3.74457e+07
28  41  3.2544e+07
28  42  2.66519e+07
28  43  2.44704e+07
28  44  3.00409e+07
28  45  4.96312e+07
28  46  7.4834e+07
28  47  4.87358e+07
28  48  5.53379e+07
28  49  2.1003e+07
28  50  5.32629e+07
29  0  0
29  1  0
29  2  0
29  3  0
29  4  0
29  5  0
29  6  0
29  7  1.86102e+07
29  8  1.70556e+07
29  9  0
29  10  4.01789e+07
29  11  2.80281e+07
29  12  4.35562e+07
29  13  0
29  14  0
29  15  0
29  16  0
29  17  1.9859e+07
29  18  0
29  19  2.40125e+07
29  20  2.20357e+07
29  21  3.95575e+07
29  22  4.41861e+07
29  23  3.53097e+07
29  24  4.84433e+07
29  25  3.73253e+07
29  26  4.2619e+07
29  27  5.11315e+07
29  28  4.02259e+07
29  29  7.68822e+07
29  30  4.30858e+07
29  31  4.61513e+07
29  32  3.82467e+07
29  33  3.28577e+07
29  34  4.81981e+07
29  35  5.75436e+07
29  36  7.1365e+07
29  37  3.80385e+07
29  38  2.89076e+07
29  39  5.44903e+07
29  40  2.70805e+07
29  41  1.45903e+07
29  42  0
29  43  3.84294e+07
29  44  2.59759e+07
29  45  6.16419e+07
29  46  3.76679e+07
29  47  5.37903e+07
29  48  3.04739e+07
29  49  4.89844e+07
29  50  6.81654e+07
30  0  0
30  1  0
30  2  0
30  3  0
30  4  0
30  5  0
30  6  0
30  7  0
30  8  0
30  9  0
30  10  0
30  11  3.05687e+07
30  12  1.36899e+07
30  13  1.10099e+07
30  14  2.75954e+07
30  15  0
30  16  0
30  17  0
30  18  2.09336e+07
30  19  5.07329e+07
30  20  0
30  21  2.15853e+07
30  22  3.56576e+07
30  23  5.02656e+07
30  24  3.04894e+07
30  25  5.56805e+07
30  26  5.00476e+07
30  27  5.31476e+07
30  28  8.22763e+07
30  29  6.14154e+07
30  30  3.18779e+07
30  31  3.49196e+07
30  32  1.91561e+07
30  33  4.30398e+07
30  34  3.28671e+07
30  35  4.17602e+07
30  36  4.84059e+07
30  37  4.25898e+07
30  38  2.46969e+07
30  39  3.49345e+07
30  40  2.3819e+07
30  41  1.74445e+07
30  42  4.29312e+07
30  43  1.28729e+07
30  44  5.46534e+07
30  45  4.04738e+07
30  46  4.20625e+07
30  47  0
30  48  4.77768e+07
30  49  2.33712e+07
30  50  3.69539e+07
31  0  0
31  1  0
31  2  0
31  3  0
31  4  2.42117e+07
31  5  0
31  6  0
31  7  2.77615e+06
31  8  2.30539e+07
31  9  1.95856e+07
31  10  4.54495e+07
31  11  2.66565e+07
31  12  3.11757e+07
31  13  1.68676e+07
31  14  0
31  15  0
31  16  1.64319e+07
31  17  4.0238e+07
31  18  2.71745e+07
31  19  3.31157e+07
31  20  2.76572e+07
31  21  3.20879e+07
31  22  4.27929e+07
31  23  3.8176e+07
31  24  5.82854e+07
31  25  1.7263e+07
31  26  6.2187e+07
31  27  3.96813e+07
31  28  5.9367e+07
31  29  4.27008e+07
31  30  5.76656e+07
31  31  6.00222e+07
31  32  6.633e+07
31  33  6.36467e+07
31  34  6.36822e+07
31  35  5.27392e+07
31  36  4.38821e+07
31  37  3.34926e+07
31  38  5.09099e+07
31  39  2.79156e+07
31  40  1.93793e+07
31  41  0
31  42  2.44448e+07
31  43  3.39113e+07
31  44  5.66597e+07
31  45  2.39466e+07
31  46  5.64577e+07
31  47  0
31  48  2.60166e+07
31  49  3.45012e+07
31  50  4.61847e+07
32  0  0
32  1  0
32  2  0
32  3  0
32  4  2.49636e+07
32  5  0
32  6  3.27782e+07
32  7  0
32  8  0
32  9  0
32  10  5.44413e+07
32  11  1.57192e+07
32  12  0
32  13  0
32  14  0
32  15  1.98737e+07
32  16  0
32  17  2.05536e+07
32  18  5.06378e+07
32  19  5.50353e+07
32  20  6.24332e+07
32  21  2.02754e+07
32  22  2.17868e+07
32  23  3.21288e+07
32  24  5.48466e+07
32  25  3.86435e+07
32  26  3.49968e+07
32  27  4.54918e+07
32  28  4.62885e+07
32  29  6.71131e+07
32  30  4.94614e+07
32  31  5.068e+07
32  32  2.84695e+07
32  33  4.90434e+07
32  34  5.35685e+07
32  35  3.89818e+07
32  36  3.9357e+07
32  37  3.95807e+07
32  38  2.03803e+07
32  39  2.45365e+07
32  40  3.48477e+07
32  41  1.93972e+07
32  42  4.42563e+07
32  43  0
32  44  1.74696e+07
32  45  2.98282e+07
32  46  2.82665e+07
32  47  3.65842e+07
32  48  2.88516e+07
32  49  2.97035e+07
32  50  3.05561e+07
33  0  0
33  1  0
33  2  0
33  3  0
33  4  0
33  5  0
33  6  2.17366e+07
33  7  0
33  8  0
33  9  0
33  10  3.20541e+07
33  11  0
33  12  0
33  13  0
33  14  2.01592e+07
33  15  0
33  16  0
33  17  2.69165e+07
33  18  5.35838e+07
33  19  4.77446e+07
33  20  4.3211e+07
33  21  6.95687e+07
33  22  5.35479e+07
33  23  3.70849e+07
33  24  6.07542e+07
33  25  3.23405e+07
33  26  2.83084e+07
33  27  6.03149e+07
33  28  4.80987e+07
33  29  4.1908e+07
33  30  7.48744e+07
33  31  4.38788e+07
33  32  5.54213e+07
33  33  6.28514e+07
33  34  7.00628e+07
33  35  4.85231e+07
33  36  3.63255e+07
33  37  3.57348e+07
33  38  2.83584e+07
33  39  2.62092e+07
33  40  3.79931e+07
33  41  0
33  42  2.54155e+07
33  43  3.43142e+07
33  44  5.18355e+07
33  45  3.69052e+07
33  46  3.79123e+07
33  47  4.43474e+07
33  48  4.19209e+07
33  49  5.1234e+07
33  50  1.43114e+07
34  0  0
34  1  0
34  2  0
34  3  0
34  4  0
34  5  0
34  6  0
34  7  0
34  8  0
34  9  0
34  10  4.49807e+07
34  11  1.77887e+07
34  12  0
34  13  1.22821e+07
34  14  1.88213e+07
34  15  0
34  16  1.99434e+07
34  17  2.32328e+07
34  18  5.78216e+07
34  19  4.34211e+07
34  20  3.79228e+07
34  21  6.04595e+07
34  22  2.80452e+07
34  23  4.31805e+07
34  24  4.91984e+07
34  25  4.63452e+07
34  26  5.12139e+07
34  27  6.92895e+07
34  28  4.83874e+07
34  29  6.12087e+07
34  30  4.64428e+07
34  31  8.78362e+07
34  32  4.77787e+07
34  33  2.50345e+07
34  34  2.91832e+07
34  35  5.43828e+07
34  36  2.68541e+07
34  37  6.1289e+07
34  38  2.94107e+07
34  39  2.38503e+07
34  40  0
34  41  3.6614e+07
34  42  1.45955e+07
34  43  2.91354e+07
34  44  3.49661e+07
34  45  3.63196e+07
34  46  4.06086e+07
34  47  3.83756e+07
34  48  5.3902e+07
34  49  2.1749e+07
34  50  3.78649e+07
35  0  0
35  1  0
35  2  0
35  3  0
35  4  0
35  5  0
35  6  0
35  7  0
35  8  0
35  9  2.72583e+07
35  10  0
35  11  0
35  12  0
35  13  1.53844e+07
35  14  0
35  15  2.52396e+07
35  16  1.54062e+07
35  17  3.02149e+07
35  18  2.73837e+07
35  19  4.96024e+07
35  20  3.30771e+07
35  21  2.61538e+07
35  22  1.79138e+07
35  23  6.34187e+07
35  24  5.88566e+07
35  25  3.99322e+07
35  26  6.86213e+07
35  27  6.53885e+07
35  28  6.51715e+07
35  29  4.60951e+07
35  30  6.53529e+07
35  31  8.76411e+07
35  32  4.84088e+07
35  33  5.40162e+07
35  34  5.15217e+07
35  35  4.39371e+07
35  36  1.65125e+07
35  37  3.61105e+07
35  38  0
35  39  0
35  40  2.25015e+07
35  41  0
35  42  0
35  43  2.72615e+07
35  44  3.49542e+07
35  45  4.92476e+07
35  46  3.48828e+07
35  47  6.74857e+07
35  48  4.23518e+07
35  49  4.93497e+07
35  50  0
36  0  0
36  1  0
36  2  0
36  3  0
36  4  0
36  5  0
36  6  0
36  7  0
36  8  0
36  9  0
36  10  3.58289e+07
36  11  0
36  12  0
36  13  1.33486e+07
36  14  3.61536e+07
36  15  0
36  16  3.39421e+07
36  17  2.08168e+07
36  18  3.21673e+07
36  19  7.06489e+07
36  20  3.03358e+07
36  21  3.63898e+07
36  22  4.57524e+07
36  23  2.00326e+07
36  24  4.30465e+07
36  25  6.07065e+07
36  26  4.46657e+07
36  27  6.18575e+07
36  28  5.34383e+07
36  29  6.21707e+07
36  30  6.9733e+07
36  31  6.81693e+07
36  32  4.74784e+07
36  33  4.76352e+07
36  34  5.12245e+07
36  35  2.78015e+07
36  36  3.65207e+07
36  37  0
36  38  1.97954e+07
36  39  0
36  40  1.9233e+07
36  41  0
36  42  4.88955e+07
36  43  5.399e+07
36  44  5.09358e+07
36  45  2.4181e+07
36  46  4.93058e+07
36  47  0
36  48  1.64552e+07
36  49  3.73955e+07
36  50  3.50713e+07
37  0  0
37  1  0
37  2  0
37  3  0
37  4  0
37  5  0
37  6  0
37  7  0
37  8  1.81477e+07
37  9  1.82507e+07
37  10  1.76541e+07
37  11  3.08061e+07
37  12  3.31852e+07
37  13  2.52848e+07
37  14  0
37  15  0
37  16  3.13912e+07
37  17  0
37  18  2.39597e+07
37  19  3.12804e+07
37  20  4.00103e+07
37  21  4.70069e+07
37  22  3.69602e+07
37  23  7.7865e+07
37  24  6.13893e+07
37  25  7.22175e+07
37  26  6.38266e+07
37  27  7.46291e+07
37  28  4.02516e+07
37  29  1.03239e+08
37  30  5.7457e+07
37  31  9.33986e+07
37  32  3.59725e+07
37  33  2.47006e+07
37  34  3.90238e+07
37  35  3.57249e+07
37  36  3.37583e+07
37  37  1.40519e+07
37  38  347982
37  39  2.87562e+07
37  40  2.99536e+07
37  41  0
37  42  2.40632e+07
37  43  2.12979e+07
37  44  4.54262e+07
37  45  2.10078e+07
37  46  3.01563e+07
37  47  3.65593e+07
37  48  4.15542e+07
37  49  5.05562e+07
37  50  5.39931e+07
38  0  0
38  1  0
38  2  0
38  3  9.01918e+06
38  4  0
38  5  0
38  6  0
38  7  0
38  8  0
38  9  0
38  10  4.33358e+07
38  11  0
38  12  0
38  13  0
38  14  0
38  15  0
38  16  0
38  17  1.82844e+07
38  18  8.81162e+06
38  19  4.48227e+07
38  20  5.19393e+07
38  21  3.03419e+07
38  22  7.37768e+07
38  23  6.80628e+07
38  24  5.59473e+07
38  25  4.91704e+07
38  26  6.44871e+07
38  27  6.04918e+07
38  28  5.24419e+07
38  29  3.83667e+07
38  30  4.83383e+07
38  31  9.66045e+07
38  32  4.29529e+07
38  33  3.49378e+07
38  34  5.07573e+07
38  35  1.97837e+07
38  36  3.67747e+07
38  37  3.58116e+07
38  38  3.25165e+07
38  39  2.44352e+07
38  40  0
38  41  2.28208e+07
38  42  2.33849e+07
38  43  3.17859e+07
38  44  0
38  45  4.39091e+07
38  46  4.89817e+07
38  47  3.16861e+07
38  48  1.82135e+07
38  49  6.8611e+07
38  50  4.14794e+07
39  0  0
39  1  0
39  2  0
39  3  0
39  4  0
39  5  0
39  6  0
39  7  0
39  8  0
39  9  0
39  10  2.76988e+07
39  11  0
39  12  0
39  13  0
39  14  0
39  15  0
39  16  2.79422e+07
39  17  0
39  18  3.7425e+07
39  19  3.73722e+07
39  20  1.94008e+07
39  21  2.49391e+07
39  22  5.71331e+07
39  23  6.6078e+07
39  24  5.56383e+07
39  25  5.45498e+07
39  26  6.6051e+07
39  27  8.47056e+07
39  28  5.97914e+07
39  29  3.22774e+07
39  30  4.81103e+07
39  31  6.35247e+07
39  32  4.01065e+07
39  33  3.22023e+07
39  34  3.55588e+07
39  35  2.65018e+07
39  36  3.73071e+07
39  37  0
39  38  0
39  39  0
39  40  4.68951e+07
39  41  0
39  42  0
39  43  4.14047e+07
39  44  4.61896e+07
39  45  1.46125e+07
39  46  3.20666e+07
39  47  3.33782e+07
39  48  4.52743e+07
39  49  2.88515e+07
39  50  1.80433e+07
40  0  0
40  1  0
40  2  0
40  3  1.14721e+07
40  4  0
40  5  0
40  6  0
40  7  0
40  8  0
40  9  0
40  10  0
40  11  0
40  12  2.17455e+07
40  13  0
40  14  0
40  15  1.6697e+07
40  16  2.29487e+07
40  17  2.98821e+07
40  18  3.63084e+07
40  19  6.07746e+07
40  20  4.33179e+07
40  21  2.88623e+07
40  22  6.23088e+07
40  23  5.24977e+07
40  24  7.71658e+07
40  25  5.55263e+07
40  26  6.403e+07
40  27  6.20065e+07
40  28  5.62113e+07
40  29  5.98559e+07
40  30  7.73264e+07
40  31  8.34318e+07
40  32  4.21059e+07
40  33  4.78388e+07
40  34  2.3502e+07
40  35  2.90653e+07
40  36  2.73483e+07
40  37  3.8814e+07
40  38  0
40  39  3.84156e+07
40  40  2.57178e+07
40  41  0
40  42  2.4925e+07
40  43  2.34905e+07
40  44  1.83608e+07
40  45  0
40  46  2.71646e+07
40  47  2.32061e+07
40  48  2.75398e+07
40  49  3.85837e+07
40  50  0
41  0  0
41  1  0
41  2  0
41  3  0
41  4  0
41  5  0
41  6  0
41  7  0
41  8  0
41  9  2.364e+07
41  10  3.61721e+07
41  11  0
41  12  0
41  13  0
41  14  1.48678e+07
41  15  2.68188e+07
41  16  1.97639e+07
41  17  2.36863e+07
41  18  2.98207e+07
41  19  2.42264e+07
41  20  3.20396e+07
41  21  6.15951e+07
41  22  4.14983e+07
41  23  3.37502e+07
41  24  9.15723e+07
41  25  5.0906e+07
41  26  4.54698e+07
41  27  6.5699e+07
41  28  6.95253e+07
41  29  4.43502e+07
41  30  7.65711e+07
41  31  9.22463e+07
41  32  2.01617e+07
41  33  4.98568e+07
41  34  4.25093e+07
41  35  0
41  36  5.7724e+07
41  37  4.65882e+07
41  38  1.81215e+07
41  39  0
41  40  0
41  41  0
41  42  3.02607e+07
41  43  2.5697e+07
41  44  3.40962e+07
41  45  0
41  46  2.54423e+07
41  47  3.85923e+07
41  48  2.92619e+07
41  49  1.79288e+07
41  50  1.66162e+07
42  0  0
42  1  0
42  2  0
42  3  0
42  4  0
42  5  0
42  6  0
42  7  0
42  8  0
42  9  0
42  10  0
42  11  0
42  12  0
42  13  0
42  14  3.37487e+07
42  15  2.55382e+07
42  16  3.72147e+07
42  17  3.36962e+07
42  18  0
42  19  3.92083e+07
42  20  1.89866e+07
42  21  3.8063e+07
42  22  3.87589e+07
42  23  6.26855e+07
42  24  6.34239e+07
42  25  5.5749e+07
42  26  3.71374e+07
42  27  9.93947e+07
42  28  3.93111e+07
42  29  3.65753e+07
42  30  3.88238e+07
42  31  9.34777e+07
42  32  4.55633e+07
42  33  4.91808e+07
42  34  0
42  35  5.40974e+07
42  36  2.22353e+07
42  37  1.82905e+07
42  38  2.14106e+07
42  39  0
42  40  2.22042e+07
42  41  0
42  42  0
42  43  2.69953e+07
42  44  1.60732e+07
42  45  1.91265e+06
42  46  2.38215e+07
42  47  1.87955e+07
42  48  1.94957e+07
42  49  3.91943e+07
42  50  0
43  0  0
43  1  0
43  2  0
43  3  312205
43  4  0
43  5  0
43  6  0
43  7  0
43  8  1.61803e+07
43  9  0
43  10  0
43  11  0
43  12  0
43  13  0
43  14  0
43  15  0
43  16  0
43  17  1.94056e+07
43  18  1.35737e+07
43  19  1.67787e+07
43  20  2.04078e+07
43  21  3.38301e+07
43  22  5.34436e+07
43  23  7.06354e+07
43  24  7.54181e+07
43  25  5.39088e+07
43  26  7.1814e+07
43  27  2.69524e+07
43  28  5.42911e+07
43  29  1.89516e+07
43  30  5.09366e+07
43  31  4.55534e+07
43  32  3.85275e+07
43  33  2.78394e+07
43  34  4.571e+07
43  35  5.36341e+07
43  36  2.84175e+07
43  37  2.41708e+07
43  38  0
43  39  3.03949e+07
43  40  0
43  41  0
43  42  0
43  43  2.01468e+07
43  44  2.7439e+07
43  45  1.87096e+07
43  46  1.7509e+07
43  47  3.96044e+07
43  48  0
43  49  2.49797e+07
43  50  0
44  0  0
44  1  0
44  2  0
44  3  0
44  4  0
44  5  0
44  6  0
44  7  0
44  8  0
44  9  0
44  10  0
44  11  0
44  12  0
44  13  0
44  14  0
44  15  0
44  16  0
44  17  0
44  18  0
44  19  0
44  20  3.82625e+07
44  21  3.30927e+07
44  22  4.14754e+07
44  23  3.66523e+07
44  24  2.97701e+07
44  25  4.45523e+07
44  26  4.9627e+07
44  27  5.67434e+07
44  28  4.087e+07
44  29  4.71386e+07
44  30  6.0709e+07
44  31  7.61945e+07
44  32  6.86503e+07
44  33  3.83123e+07
44  34  5.00337e+07
44  35  6.65734e+07
44  36  3.45091e+07
44  37  2.09699e+07
44  38  6.22221e+07
44  39  2.72404e+07
44  40  1.75343e+07
44  41  0
44  42  0
44  43  3.6578e+07
44  44  0
44  45  2.15131e+07
44  46  0
44  47  3.48497e+07
44  48  3.30498e+07
44  49  3.36516e+07
44  50  2.08052e+07
45  0  0
45  1  0
45  2  0
45  3  0
45  4  0
45  5  0
45  6  0
45  7  0
45  8  0
45  9  0
45  10  2.12652e+07
45  11  0
45  12  0
45  13  0
45  14  0
45  15  0
45  16  0
45  17  1.80672e+07
45  18  3.66635e+07
45  19  1.3985e+07
45  20  4.09413e+07
45  21  5.29883e+07
45  22  3.09974e+07
45  23  5.33166e+07
45  24  7.41225e+07
45  25  8.81812e+07
45  26  2.76789e+07
45  27  5.11215e+07
45  28  4.63996e+07
45  29  8.39381e+07
45  30  4.69873e+07
45  31  4.86798e+07
45  32  0
45  33  5.01446e+07
45  34  4.33397e+07
45  35  4.95005e+07
45  36  3.35872e+07
45  37  4.20336e+07
45  38  0
45  39  1.58002e+07
45  40  0
45  41  0
45  42  0
45  43  0
45  44  3.30356e+07
45  45  0
45  46  1.82683e+07
45  47  1.8445e+07
45  48  0
45  49  0
45  50  0
46  0  0
46  1  0
46  2  0
46  3  0
46  4  0
46  5  0
46  6  0
46  7  0
46  8  0
46  9  0
46  10  0
46  11  0
46  12  0
46  13  0
46  14  0
46  15  2.57745e+07
46  16  0
46  17  0
46  18  0
46  19  5.05143e+07
46  20  2.2871e+07
46  21  5.44428e+07
46  22  3.81735e+07
46  23  4.34407e+07
46  24  5.00049e+07
46  25  7.04205e+07
46  26  2.79336e+07
46  27  2.99895e+07
46  28  5.25558e+07
46  29  5.05395e+07
46  30  4.70759e+07
46  31  9.65077e+07
46  32  4.56509e+07
46  33  1.89239e+07
46  34  5.54314e+07
46  35  5.42922e+07
46  36  3.66891e+07
46  37  0
46  38  2.82113e+07
46  39  2.54499e+07
46  40  2.00179e+07
46  41  0
46  42  0
46  43  2.80597e+07
46  44  0
46  45  1.56696e+07
46  46  0
46  47  1.65703e+07
46  48  2.16927e+07
46  49  0
46  50  1.73103e+07
47  0  0
47  1  0
47  2  1.2775e+07
47  3  0
47  4  0
47  5  0
47  6  0
47  7  0
47  8  0
47  9  0
47  10  0
47  11  0
47  12  0
47  13  0
47  14  0
47  15  0
47  16  0
47  17  0
47  18  1.92378e+07
47  19  3.76113e+07
47  20  0
47  21  0
47  22  2.76492e+07
47  23  2.80848e+07
47  24  5.53791e+07
47  25  4.58215e+07
47  26  5.98398e+07
47  27  6.03697e+07
47  28  2.43201e+07
47  29  5.12107e+07
47  30  5.07784e+07
47  31  2.98651e+07
47  32  5.05779e+07
47  33  1.91326e+07
47  34  3.55597e+07
47  35  4.64049e+07
47  36  2.72529e+07
47  37  2.25151e+07
47  38  0
47  39  0
47  40  0
47  41  0
47  42  2.24144e+07
47  43  2.41641e+07
47  44  1.48643e+07
47  45  1.84923e+07
47  46  2.18522e+07
47  47  3.36977e+07
47  48  2.7009e+07
47  49  1.42541e+07
47  50  1.88043e+07
48  0  0
48  1  0
48  2  0
48  3  0
48  4  0
48  5  0
48  6  0
48  7  0
48  8  0
48  9  0
48  10  0
48  11  0
48  12  0
48  13  0
48  14  0
48  15  0
48  16  0
48  17  1.76326e+07
48  18  2.77475e+07
48  19  1.18682e+07
48  20  0
48  21  2.36354e+07
48  22  2.43891e+07
48  23  3.18327e+07
48  24  5.46266e+07
48  25  4.6156e+07
48  26  3.31905e+07
48  27  5.06363e+07
48  28  4.41611e+07
48  29  4.97545e+07
48  30  2.34037e+07
48  31  5.18119e+07
48  32  2.90913e+07
48  33  0
48  34  4.55043e+07
48  35  0
48  36  3.41894e+07
48  37  3.54712e+07
48  38  2.49363e+07
48  39  2.40855e+07
48  40  3.15762e+07
48  41  1.84646e+07
48  42  1.8485e+07
48  43  1.73275e+07
48  44  2.02958e+07
48  45  4.92522e+07
48  46  2.85577e+07
48  47  3.08923e+07
48  48  2.64942e+07
48  49  0
48  50  2.12037e+07
49  0  0
49  1  0
49  2  0
49  3  0
49  4  0
49  5  0
49  6  0
49  7  0
49  8  0
49  9  0
49  10  0
49  11  0
49  12  0
49  13  0
49  14  0
49  15  0
49  16  0
49  17  0
49  18  1.60659e+07
49  19  3.63351e+07
49  20  0
49  21  0
49  22  1.71476e+07
49  23  3.96857e+07
49  24  2.89354e+07
49  25  1.88804e+07
49  26  3.36484e+07
49  27  4.20759e+07
49  28  5.60366e+07
49  29  5.40484e+07
49  30  5.71038e+07
49  31  4.13987e+07
49  32  3.04786e+07
49  33  3.55926e+07
49  34  2.86419e+07
49  35  5.74437e+07
49  36  2.91804e+07
49  37  1.67353e+07
49  38  3.09673e+07
49  39  2.29446e+07
49  40  0
49  41  0
49  42  0
49  43  0
49  44  2.12797e+07
49  45  3.69899e+07
49  46  2.30357e+07
49  47  0
49  48  2.38451e+07
49  49  2.33532e+07
49  50  7.0775e+06
50  0  0
50  1  0
50  2  0
50  3  0
50  4  0
50  5  0
50  6  0
50  7  0
50  8  0
50  9  0
50  10  0
50  11  0
50  12  0
50  13  0
50  14  0
50  15  0
50  16  0
50  17  1.399e+07
50  18  2.37952e+07
50  19  0
50  20  1.52633e+07
50  21  1.58956e+07
50  22  1.66263e+07
50  23  1.87855e+07
50  24  4.80592e+07
50  25  1.6915e+07
50  26  3.24256e+07
50  27  1.86247e+07
50  28  2.01268e+07
50  29  1.8252e+07
50  30  3.8858e+07
50  31  2.12781e+07
50  32  2.41518e+07
50  33  2.62434e+07
50  34  3.77369e+07
50  35  2.50539e+07
50  36  2.13153e+07
50  37  2.36288e+07
50  38  0
50  39  2.40326e+07
50  40  2.05528e+07
50  41  2.31307e+07
50  42  0
50  43  0
50  44  2.11913e+07
50  45  2.58585e+07
50  46  3.49174e+07
50  47  5.06607e+07
50  48  2.3846e+07
50  49  0
50  50  1.40389e+07

