row  column  (images_32.edf P-K*images_32.edf Ar-K**2.3)
0  0  0
0  1  0
0  2  0
0  3  0
0  4  0
0  5  0
0  6  0
0  7  0
0  8  1.48527e+07
0  9  4.28169e+07
0  10  5.04254e+07
0  11  6.27843e+07
0  12  6.21924e+07
0  13  4.22816e+07
0  14  4.24429e+07
0  15  2.1044e+07
0  16  0
0  17  0
0  18  6.95798e+06
0  19  0
0  20  9.62298e+06
0  21  7.65193e+06
0  22  2.26069e+07
0  23  3.01245e+07
0  24  2.13743e+07
0  25  3.07839e+07
0  26  1.43483e+07
0  27  1.27996e+07
0  28  0
0  29  1.12593e+07
0  30  0
0  31  5.0309e+06
0  32  6.88772e+06
0  33  0
0  34  0
0  35  2.31466e+07
0  36  1.23471e+07
0  37  0
0  38  0
0  39  0
0  40  0
0  41  7.15305e+06
0  42  1.43558e+07
0  43  1.08788e+07
0  44  1.25734e+07
0  45  2.05261e+07
0  46  5.17068e+06
0  47  0
0  48  0
0  49  3.00069e+06
0  50  1.2166e+07
1  0  0
1  1  0
1  2  0
1  3  0
1  4  0
1  5  0
1  6  0
1  7  0
1  8  3.74946e+07
1  9  5.38916e+07
1  10  5.36826e+07
1  11  5.38553e+07
1  12  3.73804e+07
1  13  3.67132e+07
1  14  3.06893e+07
1  15  2.07692e+07
1  16  0
1  17  1.73501e+07
1  18  0
1  19  1.14466e+07
1  20  2.03823e+07
1  21  2.05126e+07
1  22  1.81806e+07
1  23  2.97604e+07
1  24  2.76909e+07
1  25  4.16916e+07
1  26  2.62069e+07
1  27  0
1  28  4.74709e+06
1  29  0
1  30  0
1  31  0
1  32  0
1  33  9.9133e+06
1  34  5.9903e+06
1  35  2.31609e+07
1  36  1.60745e+07
1  37  0
1  38  5.90333e+06
1  39  0
1  40  0
1  41  0
1  42  8.27284e+06
1  43  2.77278e+07
1  44  1.80353e+07
1  45  4.71371e+06
1  46  0
1  47  4.42907e+06
1  48  7.97203e+06
1  49  1.92166e+07
1  50  2.13693e+07
2  0  0
2  1  0
2  2  0
2  3  0
2  4  0
2  5  0
2  6  0
2  7  0
2  8  3.50227e+07
2  9  4.14785e+07
2  10  5.80664e+07
2  11  4.06017e+07
2  12  5.06106e+07
2  13  4.92663e+07
2  14  4.02715e+07
2  15  1.30511e+07
2  16  2.99249e+07
2  17  0
2  18  0
2  19  0
2  20  0
2  21  1.45781e+07
2  22  2.14891e+07
2  23  1.93743e+07
2  24  3.14158e+07
2  25  2.21398e+07
2  26  1.25721e+07
2  27  0
2  28  1.02474e+07
2  29  8.59134e+06
2  30  0
2  31  3.71501e+06
2  32  2.19469e+07
2  33  3.76104e+06
2  34  2.23921e+07
2  35  1.01433e+07
2  36  1.00647e+07
2  37  1.53824e+07
2  38  1.48338e+07
2  39  0
2  40  0
2  41  1.30743e+07
2  42  1.0773e+07
2  43  2.26361e+07
2  44  1.1995e+07
2  45  1.64957e+07
2  46  8.2046e+06
2  47  6.44516e+06
2  48  5.86336e+06
2  49  6.06754e+06
2  50  2.43778e+07
3  0  0
3  1  0
3  2  0
3  3  0
3  4  0
3  5  0
3  6  0
3  7  3.5028e+06
3  8  4.65689e+07
3  9  6.17858e+07
3  10  5.46736e+07
3  11  4.20517e+07
3  12  3.18413e+07
3  13  3.29702e+07
3  14  2.30757e+07
3  15  1.53868e+07
3  16  2.18969e+07
3  17  0
3  18  0
3  19  2.6066e+07
3  20  0
3  21  1.3389e+07
3  22  2.66696e+07
3  23  3.26322e+07
3  24  1.91739e+07
3  25  1.09901e+07
3  26  1.65365e+07
3  27  0
3  28  4.93766e+06
3  29  0
3  30  0
3  31  0
3  32  1.4305e+07
3  33  0
3  34  1.62831e+07
3  35  2.27207e+07
3  36  0
3  37  0
3  38  0
3  39  0
3  40  1.16794e+07
3  41  1.85328e+07
3  42  6.65749e+06
3  43  1.59886e+07
3  44  7.93046e+06
3  45  1.41231e+07
3  46  3.28248e+06
3  47  0
3  48  1.96711e+07
3  49  2.06337e+07
3  50  1.70541e+07
4  0  0
4  1  0
4  2  0
4  3  0
4  4  0
4  5  0
4  6  0
4  7  0
4  8  4.27764e+07
4  9  6.30517e+07
4  10  5.20878e+07
4  11  3.43286e+07
4  12  3.00737e+07
4  13  2.66924e+07
4  14  2.93745e+07
4  15  1.90111e+07
4  16  1.13435e+07
4  17  8.78792e+06
4  18  6.22572e+06
4  19  5.71704e+06
4  20  7.21306e+06
4  21  1.90289e+07
4  22  3.30685e+07
4  23  4.20991e+07
4  24  2.24867e+07
4  25  1.0391e+07
4  26  7.15491e+06
4  27  0
4  28  0
4  29  1.22487e+07
4  30  9.33096e+06
4  31  0
4  32  0
4  33  1.32857e+07
4  34  1.77711e+07
4  35  1.52063e+07
4  36  7.3961e+06
4  37  1.65217e+07
4  38  0
4  39  0
4  40  5.03317e+06
4  41  1.44416e+07
4  42  1.98174e+07
4  43  1.68763e+07
4  44  1.19966e+07
4  45  2.24321e+07
4  46  7.52571e+06
4  47  2.11818e+07
4  48  4.3553e+06
4  49  1.68671e+07
4  50  3.92018e+07
5  0  0
5  1  0
5  2  0
5  3  0
5  4  0
5  5  0
5  6  0
5  7  0
5  8  5.02965e+07
5  9  5.03084e+07
5  10  5.14379e+07
5  11  1.99694e+07
5  12  4.3856e+07
5  13  2.70066e+07
5  14  1.46959e+07
5  15  8.13405e+06
5  16  2.30479e+07
5  17  7.57477e+06
5  18  0
5  19  1.16548e+07
5  20  6.78985e+06
5  21  0
5  22  1.55012e+07
5  23  1.7996e+07
5  24  3.72121e+07
5  25  1.54668e+07
5  26  1.12676e+07
5  27  8.91869e+06
5  28  6.28009e+06
5  29  5.71602e+06
5  30  1.1489e+07
5  31  5.38375e+06
5  32  1.1087e+07
5  33  1.43723e+07
5  34  8.24773e+06
5  35  2.59797e+07
5  36  1.21195e+07
5  37  4.62328e+06
5  38  6.6067e+06
5  39  1.99041e+07
5  40  1.01703e+07
5  41  1.90193e+07
5  42  1.00562e+07
5  43  1.67754e+07
5  44  1.25206e+07
5  45  1.06726e+07
5  46  1.32725e+07
5  47  1.35596e+07
5  48  2.60536e+07
5  49  0
5  50  2.27353e+07
6  0  0
6  1  0
6  2  0
6  3  0
6  4  0
6  5  0
6  6  0
6  7  6.66656e+06
6  8  4.10728e+07
6  9  4.82844e+07
6  10  2.78597e+07
6  11  3.51232e+07
6  12  1.78417e+07
6  13  0
6  14  0
6  15  3.22845e+07
6  16  2.86344e+07
6  17  7.92263e+06
6  18  0
6  19  1.66968e+07
6  20  0
6  21  1.96603e+07
6  22  3.30235e+07
6  23  2.06795e+07
6  24  4.28561e+07
6  25  0
6  26  1.54614e+07
6  27  1.62185e+07
6  28  1.59331e+07
6  29  1.2218e+07
6  30  6.95598e+06
6  31  0
6  32  0
6  33  1.24484e+07
6  34  1.58209e+07
6  35  1.83442e+07
6  36  7.48577e+06
6  37  2.0667e+07
6  38  1.04687e+07
6  39  1.45877e+07
6  40  2.27401e+06
6  41  1.73026e+07
6  42  5.67251e+06
6  43  9.03964e+06
6  44  9.61147e+06
6  45  2.09325e+07
6  46  1.2968e+07
6  47  5.08544e+06
6  48  1.95249e+07
6  49  1.21122e+07
6  50  2.8072e+07
7  0  0
7  1  0
7  2  0
7  3  0
7  4  0
7  5  0
7  6  0
7  7  0
7  8  5.82341e+07
7  9  3.40341e+07
7  10  3.14997e+07
7  11  1.94454e+07
7  12  1.11461e+07
7  13  8.81595e+06
7  14  1.35442e+07
7  15  3.73247e+07
7  16  3.32777e+07
7  17  1.39213e+07
7  18  0
7  19  1.21117e+07
7  20  0
7  21  1.9119e+07
7  22  0
7  23  3.26881e+07
7  24  2.10159e+07
7  25  1.20156e+07
7  26  0
7  27  5.73529e+06
7  28  0
7  29  1.27703e+07
7  30  1.39547e+07
7  31  0
7  32  3.77529e+06
7  33  0
7  34  6.34267e+06
7  35  1.47155e+07
7  36  0
7  37  6.72236e+06
7  38  5.53836e+06
7  39  1.36638e+07
7  40  4.21863e+06
7  41  1.41423e+07
7  42  1.79678e+07
7  43  1.24368e+07
7  44  1.66478e+07
7  45  2.61191e+07
7  46  1.81581e+07
7  47  0
7  48  1.87631e+07
7  49  3.08409e+07
7  50  4.23419e+07
8  0  0
8  1  0
8  2  0
8  3  0
8  4  0
8  5  0
8  6  0
8  7  1.45021e+07
8  8  3.41654e+07
8  9  5.34467e+07
8  10  3.01902e+07
8  11  1.73926e+07
8  12  1.22377e+07
8  13  2.10738e+07
8  14  1.20506e+07
8  15  1.93274e+07
8  16  2.42704e+07
8  17  0
8  18  2.05809e+07
8  19  1.15857e+07
8  20  1.30312e+07
8  21  1.04216e+07
8  22  7.52818e+06
8  23  3.08784e+07
8  24  1.97463e+07
8  25  1.64346e+07
8  26  7.3273e+06
8  27  1.69782e+07
8  28  1.70929e+07
8  29  1.41809e+07
8  30  0
8  31  0
8  32  1.17445e+07
8  33  6.49371e+06
8  34  1.31532e+07
8  35  1.16113e+07
8  36  1.19758e+07
8  37  7.82563e+06
8  38  1.38002e+07
8  39  1.75515e+07
8  40  2.66108e+07
8  41  2.27264e+07
8  42  2.29137e+07
8  43  2.88618e+07
8  44  3.14823e+07
8  45  2.52781e+07
8  46  1.01391e+07
8  47  3.14205e+06
8  48  8.06245e+06
8  49  3.48147e+07
8  50  3.02984e+07
9  0  0
9  1  0
9  2  0
9  3  0
9  4  0
9  5  0
9  6  9.16156e+06
9  7  1.91208e+07
9  8  3.31813e+07
9  9  2.03634e+07
9  10  1.91077e+07
9  11  1.65558e+07
9  12  7.99121e+06
9  13  2.15135e+07
9  14  1.47574e+06
9  15  2.59712e+07
9  16  1.12936e+07
9  17  1.29614e+07
9  18  8.46283e+06
9  19  1.71938e+07
9  20  9.2916e+06
9  21  0
9  22  7.42294e+06
9  23  2.78707e+07
9  24  2.2758e+07
9  25  1.53774e+07
9  26  1.90922e+07
9  27  9.42564e+06
9  28  7.9679e+06
9  29  1.92528e+07
9  30  0
9  31  0
9  32  4.68084e+06
9  33  0
9  34  0
9  35  9.20918e+06
9  36  1.39204e+07
9  37  9.54309e+06
9  38  1.74357e+07
9  39  2.40368e+07
9  40  3.33505e+07
9  41  2.77498e+07
9  42  2.52442e+06
9  43  2.58749e+07
9  44  1.66358e+07
9  45  2.32012e+07
9  46  1.04542e+07
9  47  4.01479e+06
9  48  1.62276e+07
9  49  2.59058e+07
9  50  3.97609e+07
10  0  0
10  1  744252
10  2  8.48048e+06
10  3  5.66653e+06
10  4  0
10  5  0
10  6  1.38028e+07
10  7  2.44477e+07
10  8  8.60738e+06
10  9  1.63739e+07
10  10  1.31735e+07
10  11  1.17611e+07
10  12  9.42398e+06
10  13  7.19491e+06
10  14  8.63135e+06
10  15  1.63073e+07
10  16  2.82578e+07
10  17  0
10  18  1.26046e+07
10  19  1.53889e+07
10  20  3.34057e+07
10  21  1.47617e+07
10  22  2.14451e+07
10  23  2.42186e+07
10  24  2.14838e+07
10  25  3.60243e+07
10  26  1.12889e+07
10  27  1.27847e+07
10  28  0
10  29  3.98845e+06
10  30  5.31775e+06
10  31  0
10  32  0
10  33  0
10  34  1.51455e+07
10  35  1.62968e+07
10  36  7.28008e+06
10  37  1.74595e+07
10  38  1.18084e+07
10  39  8.48333e+06
10  40  2.26438e+07
10  41  1.28612e+07
10  42  1.21213e+07
10  43  2.71517e+07
10  44  5.82941e+06
10  45  4.10652e+06
10  46  6.05533e+06
10  47  1.26762e+07
10  48  2.49097e+07
10  49  2.76848e+07
10  50  3.2928e+07
11  0  0
11  1  0
11  2  1.27333e+07
11  3  9.97212e+06
11  4  0
11  5  0
11  6  6.199e+06
11  7  2.02541e+07
11  8  1.24017e+07
11  9  4.51089e+06
11  10  1.70679e+07
11  11  0
11  12  6.771e+06
11  13  1.00946e+07
11  14  0
11  15  1.91781e+07
11  16  8.96707e+06
11  17  0
11  18  1.36104e+07
11  19  1.08762e+07
11  20  1.58591e+07
11  21  0
11  22  2.31874e+07
11  23  3.5462e+07
11  24  9.46225e+06
11  25  1.53716e+07
11  26  3.25706e+07
11  27  0
11  28  0
11  29  8.5638e+06
11  30  7.81778e+06
11  31  0
11  32  0
11  33  4.21521e+06
11  34  1.02887e+07
11  35  1.30867e+07
11  36  2.2818e+07
11  37  0
11  38  1.79125e+07
11  39  2.86599e+07
11  40  1.81946e+07
11  41  2.56779e+07
11  42  2.78443e+07
11  43  8.94707e+06
11  44  2.92883e+07
11  45  6.17513e+06
11  46  2.85445e+06
11  47  1.67194e+07
11  48  0
11  49  3.23137e+07
11  50  2.95196e+07
12  0  0
12  1  0
12  2  1.7867e+07
12  3  7.29641e+06
12  4  0
12  5  0
12  6  0
12  7  1.15e+07
12  8  1.11273e+07
12  9  1.21746e+07
12  10  1.27324e+07
12  11  1.96925e+07
12  12  3.80747e+06
12  13  0
12  14  2.49552e+07
12  15  1.9962e+07
12  16  2.09639e+07
12  17  0
12  18  1.64059e+07
12  19  9.64978e+06
12  20  0
12  21  8.14125e+06
12  22  1.1182e+07
12  23  2.17236e+07
12  24  2.09583e+07
12  25  2.21213e+07
12  26  2.22401e+07
12  27  1.91447e+07
12  28  8.35423e+06
12  29  0
12  30  7.99965e+06
12  31  0
12  32  5.68998e+06
12  33  6.84201e+06
12  34  1.11868e+07
12  35  2.80569e+07
12  36  1.35022e+07
12  37  7.74059e+06
12  38  1.73063e+07
12  39  1.40276e+07
12  40  3.64024e+06
12  41  1.35129e+07
12  42  8.35096e+06
12  43  2.4613e+07
12  44  2.40556e+07
12  45  1.07266e+07
12  46  2.09351e+07
12  47  1.47731e+07
12  48  1.36175e+07
12  49  4.40462e+07
12  50  3.0722e+07
13  0  3.58824e+06
13  1  1.80311e+07
13  2  2.82747e+07
13  3  1.2105e+07
13  4  1.10843e+07
13  5  6.87719e+06
13  6  0
13  7  0
13  8  0
13  9  1.29153e+07
13  10  0
13  11  2.82418e+07
13  12  1.11727e+07
13  13  1.39097e+07
13  14  1.62503e+07
13  15  1.83597e+07
13  16  1.51768e+07
13  17  2.08827e+07
13  18  0
13  19  7.3387e+06
13  20  1.428e+07
13  21  0
13  22  1.4788e+07
13  23  1.97169e+07
13  24  2.70049e+07
13  25  2.00318e+07
13  26  4.96993e+06
13  27  8.10622e+06
13  28  5.644e+06
13  29  9.48491e+06
13  30  0
13  31  0
13  32  0
13  33  0
13  34  0
13  35  1.60559e+07
13  36  2.08431e+07
13  37  3.90716e+07
13  38  3.46943e+07
13  39  2.2025e+07
13  40  2.21647e+07
13  41  1.59649e+07
13  42  1.41847e+07
13  43  1.88924e+07
13  44  3.46207e+07
13  45  2.37641e+07
13  46  1.25628e+07
13  47  7.08334e+06
13  48  2.83954e+07
13  49  2.68537e+07
13  50  3.60447e+07
14  0  1.29358e+07
14  1  3.3548e+07
14  2  1.73748e+07
14  3  1.89446e+07
14  4  1.31653e+07
14  5  0
14  6  0
14  7  1.88034e+07
14  8  1.90381e+07
14  9  0
14  10  2.07918e+07
14  11  1.37761e+07
14  12  2.51287e+07
14  13  7.95241e+06
14  14  6.3042e+06
14  15  1.51437e+07
14  16  1.64249e+07
14  17  9.78969e+06
14  18  2.47555e+07
14  19  1.49396e+07
14  20  1.86514e+07
14  21  5.05228e+06
14  22  1.18578e+07
14  23  3.49803e+07
14  24  2.55987e+07
14  25  1.92819e+07
14  26  1.45594e+07
14  27  9.1446e+06
14  28  3.30195e+06
14  29  1.15644e+07
14  30  0
14  31  0
14  32  0
14  33  5.47818e+06
14  34  5.44366e+06
14  35  1.83052e+07
14  36  5.92887e+06
14  37  0
14  38  1.26443e+07
14  39  1.44166e+07
14  40  2.00669e+07
14  41  1.25941e+07
14  42  8.34982e+06
14  43  2.56265e+07
14  44  1.01824e+07
14  45  1.65364e+07
14  46  0
14  47  2.10899e+07
14  48  2.9948e+07
14  49  2.71983e+07
14  50  2.63816e+07
15  0  2.25906e+07
15  1  2.33734e+07
15  2  3.91687e+07
15  3  1.7262e+07
15  4  0
15  5  0
15  6  9.73667e+06
15  7  1.18027e+07
15  8  6.3052e+06
15  9  1.14745e+07
15  10  2.35097e+07
15  11  1.25542e+07
15  12  1.76251e+07
15  13  1.8946e+07
15  14  9.89659e+06
15  15  2.3695e+07
15  16  2.34349e+07
15  17  2.30297e+07
15  18  2.52511e+07
15  19  1.11549e+07
15  20  1.05075e+07
15  21  0
15  22  1.73818e+07
15  23  1.83716e+07
15  24  1.95337e+07
15  25  1.1441e+07
15  26  9.23358e+06
15  27  0
15  28  1.91022e+06
15  29  0
15  30  0
15  31  0
15  32  0
15  33  1.17287e+07
15  34  1.25955e+07
15  35  0
15  36  6.6277e+06
15  37  2.27953e+07
15  38  6.50053e+06
15  39  2.53881e+07
15  40  2.03825e+07
15  41  1.82914e+07
15  42  4.03055e+06
15  43  6.62156e+06
15  44  1.3338e+07
15  45  1.43709e+07
15  46  5.72568e+06
15  47  9.18503e+06
15  48  2.91205e+07
15  49  4.3979e+07
15  50  3.35365e+07
16  0  9.23803e+06
16  1  2.99668e+07
16  2  3.32255e+07
16  3  3.43914e+07
16  4  0
16  5  0
16  6  0
16  7  7.44861e+06
16  8  1.55302e+07
16  9  0
16  10  9.1392e+06
16  11  2.14652e+07
16  12  2.36416e+07
16  13  1.73591e+07
16  14  1.49729e+07
16  15  2.3368e+07
16  16  1.06443e+07
16  17  1.97308e+07
16  18  2.35886e+07
16  19  2.5671e+07
16  20  8.27237e+06
16  21  9.52394e+06
16  22  1.83162e+07
16  23  3.20603e+07
16  24  3.80437e+07
16  25  0
16  26  1.4531e+07
16  27  7.19186e+06
16  28  1.04962e+07
16  29  3.06376e+06
16  30  0
16  31  0
16  32  5.2131e+06
16  33  0
16  34  2.51148e+07
16  35  2.03619e+07
16  36  2.1006e+07
16  37  4.07525e+06
16  38  3.43625e+06
16  39  0
16  40  1.85489e+07
16  41  8.45304e+06
16  42  1.20136e+07
16  43  5.30068e+06
16  44  1.38056e+07
16  45  1.1195e+07
16  46  1.2866e+07
16  47  1.66957e+07
16  48  1.68837e+07
16  49  3.00332e+07
16  50  2.12289e+07
17  0  1.41513e+07
17  1  4.24072e+07
17  2  2.69438e+07
17  3  1.63473e+07
17  4  0
17  5  0
17  6  0
17  7  1.64981e+07
17  8  1.16783e+07
17  9  0
17  10  2.17448e+07
17  11  2.74207e+07
17  12  2.8567e+07
17  13  2.02272e+07
17  14  1.12687e+07
17  15  1.15857e+07
17  16  1.44173e+07
17  17  2.90121e+07
17  18  2.7543e+07
17  19  1.21506e+07
17  20  6.17843e+06
17  21  0
17  22  9.1415e+06
17  23  3.04868e+07
17  24  1.2312e+07
17  25  0
17  26  6.0565e+06
17  27  5.20052e+06
17  28  620609
17  29  0
17  30  0
17  31  0
17  32  0
17  33  1.32403e+07
17  34  2.30327e+07
17  35  1.10466e+07
17  36  0
17  37  9.16015e+06
17  38  0
17  39  1.79848e+07
17  40  7.82355e+06
17  41  1.02343e+07
17  42  2.22735e+07
17  43  4.84329e+06
17  44  1.77804e+07
17  45  2.83056e+07
17  46  1.52504e+07
17  47  1.16964e+07
17  48  2.6208e+07
17  49  3.19431e+07
17  50  2.04693e+07
18  0  2.72823e+07
18  1  4.65332e+07
18  2  2.89185e+07
18  3  1.65035e+07
18  4  0
18  5  6.8882e+06
18  6  1.70761e+07
18  7  3.03915e+07
18  8  3.52867e+07
18  9  2.0807e+07
18  10  1.49094e+07
18  11  0
18  12  6.11311e+06
18  13  8.90131e+06
18  14  7.93072e+06
18  15  1.64469e+07
18  16  2.41391e+07
18  17  3.04629e+07
18  18  2.06494e+07
18  19  1.0748e+07
18  20  0
18  21  6.93384e+06
18  22  4.05836e+06
18  23  1.22824e+07
18  24  2.30118e+07
18  25  1.11954e+07
18  26  0
18  27  250066
18  28  2.28871e+06
18  29  0
18  30  0
18  31  5.88149e+06
18  32  2.76474e+06
18  33  1.04613e+07
18  34  2.32386e+07
18  35  1.50106e+07
18  36  3.16929e+06
18  37  1.5632e+07
18  38  6.80493e+06
18  39  1.83584e+07
18  40  1.82474e+07
18  41  9.81826e+06
18  42  1.81996e+07
18  43  2.02783e+07
18  44  1.0492e+07
18  45  2.47219e+07
18  46  1.2305e+07
18  47  1.77185e+07
18  48  3.49848e+07
18  49  3.0627e+07
18  50  3.18989e+07
19  0  3.68445e+07
19  1  5.00166e+07
19  2  2.41685e+07
19  3  0
19  4  8.78962e+06
19  5  0
19  6  1.46397e+07
19  7  2.28182e+07
19  8  1.0263e+07
19  9  7.73528e+06
19  10  1.35625e+07
19  11  2.69631e+07
19  12  0
19  13  9.53938e+06
19  14  2.41366e+07
19  15  1.08348e+07
19  16  1.07076e+07
19  17  2.02818e+07
19  18  2.28495e+07
19  19  7.96694e+06
19  20  0
19  21  9.03931e+06
19  22  8.04656e+06
19  23  1.76234e+07
19  24  1.96343e+07
19  25  2.58966e+07
19  26  523936
19  27  1.38022e+07
19  28  0
19  29  0
19  30  0
19  31  0
19  32  3.41061e+06
19  33  4.31742e+06
19  34  9.04001e+06
19  35  1.82052e+07
19  36  9.26684e+06
19  37  1.09492e+07
19  38  1.22465e+07
19  39  1.46754e+07
19  40  1.51476e+07
19  41  1.78478e+07
19  42  1.69952e+07
19  43  1.40706e+07
19  44  1.53097e+07
19  45  1.47866e+07
19  46  2.06663e+07
19  47  1.41292e+07
19  48  2.19969e+07
19  49  3.4137e+07
19  50  3.5724e+07
20  0  2.96168e+07
20  1  5.86983e+07
20  2  3.69979e+07
20  3  1.61825e+07
20  4  2.18802e+07
20  5  1.92264e+07
20  6  1.44731e+07
20  7  1.03808e+07
20  8  1.56252e+07
20  9  1.27627e+07
20  10  1.0062e+07
20  11  0
20  12  2.07858e+07
20  13  7.96243e+06
20  14  8.22882e+06
20  15  1.86041e+07
20  16  1.32041e+07
20  17  1.76441e+07
20  18  1.78006e+07
20  19  8.60388e+06
20  20  0
20  21  1.07661e+07
20  22  6.57878e+06
20  23  1.50522e+07
20  24  1.63252e+07
20  25  7.06816e+06
20  26  9.39231e+06
20  27  2.87908e+06
20  28  1.39159e+06
20  29  1.48714e+07
20  30  3.48297e+06
20  31  0
20  32  0
20  33  8.05719e+06
20  34  0
20  35  0
20  36  1.94646e+07
20  37  3.76373e+07
20  38  0
20  39  1.17076e+07
20  40  2.69034e+07
20  41  0
20  42  4.54749e+06
20  43  1.58652e+07
20  44  2.80745e+07
20  45  2.72769e+07
20  46  2.4667e+07
20  47  2.63724e+07
20  48  3.90357e+07
20  49  3.79211e+07
20  50  4.67031e+07
21  0  3.83114e+07
21  1  4.39178e+07
21  2  4.13399e+07
21  3  2.09757e+07
21  4  1.13343e+07
21  5  1.60777e+07
21  6  0
21  7  1.15477e+07
21  8  1.75833e+07
21  9  1.08338e+07
21  10  0
21  11  2.38727e+07
21  12  1.2672e+07
21  13  2.13348e+07
21  14  1.75209e+07
21  15  0
21  16  1.56132e+07
21  17  2.60875e+07
21  18  0
21  19  1.58233e+07
21  20  0
21  21  7.5093e+06
21  22  1.60426e+07
21  23  5.39762e+06
21  24  1.4348e+07
21  25  1.19976e+07
21  26  0
21  27  4.58253e+06
21  28  4.53209e+06
21  29  0
21  30  0
21  31  0
21  32  0
21  33  5.46949e+06
21  34  1.72015e+07
21  35  1.67185e+07
21  36  2.18627e+07
21  37  1.49441e+07
21  38  0
21  39  1.55393e+07
21  40  1.43868e+07
21  41  7.24387e+06
21  42  6.84331e+06
21  43  1.76309e+07
21  44  2.66262e+07
21  45  1.75511e+07
21  46  1.99197e+07
21  47  2.44304e+07
21  48  3.50064e+07
21  49  3.81835e+07
21  50  5.31699e+07
22  0  3.87686e+07
22  1  6.39013e+07
22  2  2.37072e+07
22  3  1.69049e+07
22  4  1.56954e+07
22  5  9.88724e+06
22  6  0
22  7  0
22  8  8.95254e+06
22  9  8.25812e+06
22  10  0
22  11  1.21802e+07
22  12  1.79075e+07
22  13  1.44636e+07
22  14  2.65926e+07
22  15  1.54905e+07
22  16  1.80107e+07
22  17  2.63331e+07
22  18  1.81185e+07
22  19  1.06147e+07
22  20  0
22  21  1.2124e+07
22  22  1.54964e+07
22  23  1.68622e+07
22  24  1.32309e+07
22  25  2.52342e+07
22  26  2.59409e+06
22  27  3.98899e+06
22  28  0
22  29  0
22  30  0
22  31  0
22  32  0
22  33  1.2399e+07
22  34  2.62548e+07
22  35  1.64348e+07
22  36  1.588e+07
22  37  1.15194e+07
22  38  1.28079e+07
22  39  1.549e+07
22  40  1.66586e+07
22  41  0
22  42  0
22  43  8.26444e+06
22  44  2.52313e+07
22  45  8.63621e+06
22  46  1.42039e+07
22  47  1.43609e+07
22  48  2.4378e+07
22  49  3.84769e+07
22  50  5.65944e+07
23  0  3.55802e+07
23  1  4.5679e+07
23  2  4.54653e+07
23  3  1.43647e+07
23  4  0
23  5  0
23  6  6.2238e+06
23  7  7.01643e+06
23  8  1.58595e+07
23  9  0
23  10  1.00203e+07
23  11  1.06574e+07
23  12  1.40903e+07
23  13  1.94508e+07
23  14  2.37176e+07
23  15  0
23  16  1.63434e+07
23  17  2.19123e+07
23  18  2.14073e+07
23  19  5.81727e+06
23  20  0
23  21  0
23  22  6.63258e+06
23  23  1.00785e+07
23  24  1.98704e+07
23  25  0
23  26  0
23  27  6.52397e+06
23  28  5.59329e+06
23  29  0
23  30  0
23  31  0
23  32  0
23  33  0
23  34  2.35131e+07
23  35  1.43113e+07
23  36  1.75609e+07
23  37  1.95988e+06
23  38  6.16309e+06
23  39  1.28293e+07
23  40  1.46717e+07
23  41  9.20674e+06
23  42  4.73456e+06
23  43  5.2279e+06
23  44  8.40014e+06
23  45  1.15384e+07
23  46  3.69027e+07
23  47  2.2355e+07
23  48  3.30542e+07
23  49  4.76863e+07
23  50  3.16726e+07
24  0  8.30107e+06
24  1  5.68623e+07
24  2  3.48126e+07
24  3  1.70018e+07
24  4  8.13208e+06
24  5  1.08678e+07
24  6  0
24  7  9.06769e+06
24  8  0
24  9  8.64812e+06
24  10  1.15296e+07
24  11  2.3814e+07
24  12  1.71304e+07
24  13  0
24  14  1.32702e+07
24  15  8.80841e+06
24  16  1.59932e+07
24  17  1.78507e+07
24  18  1.76082e+07
24  19  6.11602e+06
24  20  8.53011e+06
24  21  0
24  22  7.15212e+06
24  23  1.68062e+07
24  24  2.74735e+07
24  25  1.16878e+07
24  26  0
24  27  8.36334e+06
24  28  0
24  29  0
24  30  0
24  31  0
24  32  6.97388e+06
24  33  1.5354e+07
24  34  9.28705e+06
24  35  1.46114e+07
24  36  2.743e+07
24  37  1.52178e+07
24  38  8.4522e+06
24  39  1.57535e+07
24  40  1.14285e+07
24  41  0
24  42  0
24  43  1.17332e+07
24  44  9.87735e+06
24  45  1.24759e+07
24  46  1.69057e+07
24  47  2.3477e+07
24  48  4.36431e+07
24  49  4.19837e+07
24  50  4.17697e+07
25  0  1.78916e+07
25  1  4.42006e+07
25  2  3.33827e+07
25  3  1.65017e+07
25  4  0
25  5  0
25  6  0
25  7  0
25  8  0
25  9  0
25  10  8.41995e+06
25  11  2.06968e+07
25  12  9.3902e+06
25  13  1.49916e+07
25  14  2.40354e+07
25  15  1.12177e+07
25  16  0
25  17  1.20138e+07
25  18  1.94704e+07
25  19  0
25  20  0
25  21  0
25  22  1.58509e+07
25  23  1.60093e+07
25  24  1.24375e+07
25  25  0
25  26  0
25  27  0
25  28  0
25  29  0
25  30  0
25  31  0
25  32  9.60844e+06
25  33  0
25  34  0
25  35  2.53767e+07
25  36  1.61426e+07
25  37  1.50041e+07
25  38  1.92162e+07
25  39  2.27701e+07
25  40  1.98789e+07
25  41  6.77032e+06
25  42  0
25  43  2.20518e+07
25  44  1.27332e+07
25  45  2.41868e+07
25  46  2.3747e+07
25  47  3.3664e+07
25  48  2.9696e+07
25  49  3.53132e+07
25  50  2.99919e+07
26  0  1.53236e+07
26  1  4.60924e+07
26  2  3.17731e+07
26  3  8.18559e+06
26  4  0
26  5  0
26  6  0
26  7  0
26  8  9.43586e+06
26  9  1.47375e+07
26  10  1.0622e+07
26  11  1.97292e+07
26  12  6.43282e+06
26  13  7.75818e+06
26  14  1.74143e+07
26  15  1.33059e+07
26  16  2.57958e+07
26  17  1.03346e+07
26  18  2.48763e+07
26  19  1.40127e+07
26  20  0
26  21  1.1634e+07
26  22  4.75411e+06
26  23  0
26  24  8.17319e+06
26  25  8.6003e+06
26  26  0
26  27  0
26  28  0
26  29  0
26  30  0
26  31  9.13505e+06
26  32  0
26  33  0
26  34  9.04531e+06
26  35  8.77525e+06
26  36  1.74867e+07
26  37  1.688e+07
26  38  8.37689e+06
26  39  2.70218e+07
26  40  1.80719e+07
26  41  7.4121e+06
26  42  8.1138e+06
26  43  0
26  44  1.19736e+07
26  45  2.05465e+07
26  46  2.91669e+07
26  47  4.15908e+07
26  48  3.31482e+07
26  49  4.43866e+07
26  50  3.41772e+07
27  0  3.98451e+06
27  1  3.26871e+07
27  2  3.40001e+07
27  3  0
27  4  0
27  5  0
27  6  7.41756e+06
27  7  0
27  8  9.27234e+06
27  9  5.06947e+06
27  10  2.01136e+07
27  11  2.22624e+07
27  12  1.81872e+07
27  13  1.74372e+07
27  14  8.9673e+06
27  15  0
27  16  1.52397e+07
27  17  2.8463e+07
27  18  1.55055e+07
27  19  2.08341e+07
27  20  1.32741e+07
27  21  0
27  22  1.0813e+07
27  23  2.55907e+07
27  24  2.50046e+07
27  25  0
27  26  0
27  27  0
27  28  0
27  29  0
27  30  9.58824e+06
27  31  0
27  32  0
27  33  8.0972e+06
27  34  0
27  35  1.86414e+07
27  36  3.35039e+07
27  37  2.06646e+07
27  38  2.8814e+07
27  39  1.15621e+07
27  40  7.55066e+06
27  41  0
27  42  0
27  43  1.67599e+07
27  44  1.9451e+07
27  45  1.80797e+07
27  46  2.43298e+07
27  47  2.63587e+07
27  48  2.71543e+07
27  49  3.20521e+07
27  50  2.41823e+07
28  0  0
28  1  4.30775e+07
28  2  3.8758e+07
28  3  0
28  4  0
28  5  0
28  6  0
28  7  0
28  8  0
28  9  7.7562e+06
28  10  1.23188e+07
28  11  3.4756e+07
28  12  3.44577e+07
28  13  1.95612e+07
28  14  1.49245e+07
28  15  2.98874e+07
28  16  2.39648e+07
28  17  1.42128e+07
28  18  1.79618e+07
28  19  1.15778e+07
28  20  1.35478e+07
28  21  7.65059e+06
28  22  1.40371e+07
28  23  2.43125e+07
28  24  1.06011e+07
28  25  2.11116e+07
28  26  0
28  27  0
28  28  0
28  29  5.06371e+06
28  30  0
28  31  8.54029e+06
28  32  1.28884e+07
28  33  1.9513e+07
28  34  62337.8
28  35  2.94368e+07
28  36  1.75301e+07
28  37  1.60246e+07
28  38  2.48352e+07
28  39  2.19317e+07
28  40  1.5835e+07
28  41  1.64339e+07
28  42  6.71896e+06
28  43  2.12686e+07
28  44  1.90904e+07
28  45  2.91302e+07
28  46  3.13109e+07
28  47  3.88911e+07
28  48  3.90826e+07
28  49  3.9354e+07
28  50  4.66143e+07
29  0  0
29  1  1.92256e+07
29  2  3.76805e+07
29  3  0
29  4  0
29  5  0
29  6  0
29  7  0
29  8  0
29  9  0
29  10  1.40384e+07
29  11  1.91171e+07
29  12  2.69336e+07
29  13  1.9587e+07
29  14  2.47016e+07
29  15  1.83768e+07
29  16  2.03765e+07
29  17  2.06202e+07
29  18  1.30317e+07
29  19  1.36636e+07
29  20  1.03429e+07
29  21  9.46331e+06
29  22  1.21837e+07
29  23  1.6331e+07
29  24  4.43673e+06
29  25  0
29  26  0
29  27  0
29  28  0
29  29  3.4876e+06
29  30  5.49982e+06
29  31  1.23278e+07
29  32  7.91078e+06
29  33  1.04217e+07
29  34  1.14198e+07
29  35  1.56999e+07
29  36  2.62319e+07
29  37  2.45656e+07
29  38  6.10925e+06
29  39  1.48776e+07
29  40  1.6048e+07
29  41  1.22445e+07
29  42  1.43372e+07
29  43  1.46214e+07
29  44  1.34986e+07
29  45  3.33813e+07
29  46  2.41783e+07
29  47  1.5633e+07
29  48  4.83624e+07
29  49  3.24347e+07
29  50  3.14371e+07
30  0  0
30  1  1.05953e+07
30  2  2.29618e+07
30  3  0
30  4  0
30  5  0
30  6  1.28962e+07
30  7  0
30  8  0
30  9  0
30  10  1.78542e+07
30  11  3.2671e+07
30  12  2.72468e+07
30  13  1.20949e+07
30  14  1.66822e+07
30  15  1.81826e+07
30  16  1.35849e+07
30  17  0
30  18  0
30  19  1.60782e+07
30  20  0
30  21  0
30  22  0
30  23  0
30  24  3.59257e+06
30  25  0
30  26  0
30  27  0
30  28  4.36268e+06
30  29  0
30  30  0
30  31  0
30  32  5.79796e+06
30  33  4.80333e+06
30  34  1.57831e+07
30  35  1.54057e+07
30  36  2.39721e+07
30  37  1.71973e+07
30  38  1.81702e+07
30  39  2.00738e+07
30  40  2.38354e+07
30  41  1.44271e+07
30  42  1.61561e+07
30  43  0
30  44  3.29067e+07
30  45  2.55353e+07
30  46  3.89423e+07
30  47  2.40331e+07
30  48  1.23519e+07
30  49  1.22379e+07
30  50  2.54798e+07
31  0  0
31  1  0
31  2  1.63793e+07
31  3  0
31  4  0
31  5  0
31  6  0
31  7  339898
31  8  0
31  9  0
31  10  9.90506e+06
31  11  4.07659e+07
31  12  2.36787e+07
31  13  1.15015e+07
31  14  1.72456e+07
31  15  1.63221e+07
31  16  2.03606e+07
31  17  1.88291e+07
31  18  1.56491e+07
31  19  3.53639e+07
31  20  5.17133e+06
31  21  6.82901e+06
31  22  0
31  23  0
31  24  0
31  25  0
31  26  0
31  27  0
31  28  0
31  29  0
31  30  0
31  31  2.27203e+07
31  32  3.01406e+07
31  33  2.65343e+07
31  34  1.54978e+07
31  35  1.43231e+07
31  36  8.51456e+06
31  37  1.82943e+07
31  38  3.24928e+07
31  39  1.69287e+07
31  40  1.31027e+07
31  41  0
31  42  1.64627e+07
31  43  2.33911e+07
31  44  3.18231e+07
31  45  2.68146e+07
31  46  4.30676e+07
31  47  1.92185e+07
31  48  3.33579e+07
31  49  1.83458e+07
31  50  3.65609e+07
32  0  0
32  1  0
32  2  2.22608e+07
32  3  0
32  4  0
32  5  0
32  6  0
32  7  0
32  8  0
32  9  0
32  10  6.56409e+06
32  11  2.14431e+07
32  12  2.49579e+07
32  13  0
32  14  1.29672e+07
32  15  0
32  16  2.34325e+07
32  17  1.21887e+07
32  18  1.51992e+07
32  19  2.31749e+07
32  20  0
32  21  0
32  22  8.69682e+06
32  23  4.34086e+06
32  24  0
32  25  0
32  26  0
32  27  4.24865e+06
32  28  0
32  29  0
32  30  0
32  31  2.41778e+07
32  32  4.65101e+06
32  33  1.06197e+07
32  34  1.42328e+07
32  35  1.09017e+07
32  36  2.21967e+07
32  37  1.78033e+07
32  38  1.69728e+07
32  39  3.55051e+07
32  40  2.13624e+07
32  41  1.12791e+07
32  42  1.41453e+07
32  43  2.20854e+07
32  44  2.22048e+07
32  45  2.74796e+07
32  46  1.86219e+07
32  47  2.74119e+07
32  48  1.75145e+07
32  49  2.68915e+07
32  50  2.43812e+07
33  0  0
33  1  0
33  2  0
33  3  0
33  4  0
33  5  0
33  6  0
33  7  0
33  8  9.85936e+06
33  9  8.6667e+06
33  10  1.67801e+07
33  11  2.20531e+07
33  12  0
33  13  0
33  14  1.31342e+07
33  15  9.33632e+06
33  16  0
33  17  1.74846e+07
33  18  2.17945e+07
33  19  1.11781e+07
33  20  1.89143e+07
33  21  1.31638e+07
33  22  0
33  23  0
33  24  0
33  25  0
33  26  0
33  27  0
33  28  0
33  29  0
33  30  0
33  31  2.09958e+07
33  32  0
33  33  1.27224e+07
33  34  1.87009e+07
33  35  1.58891e+07
33  36  2.04903e+07
33  37  2.21532e+07
33  38  1.38436e+07
33  39  1.85533e+07
33  40  2.06281e+07
33  41  8.10877e+06
33  42  1.94399e+07
33  43  1.02201e+07
33  44  2.67232e+07
33  45  3.23211e+07
33  46  2.16801e+07
33  47  2.58158e+07
33  48  3.6168e+07
33  49  2.47935e+07
33  50  2.17736e+07
34  0  0
34  1  0
34  2  1.21119e+07
34  3  0
34  4  0
34  5  0
34  6  0
34  7  1.06121e+07
34  8  0
34  9  4.2764e+06
34  10  1.27224e+07
34  11  0
34  12  1.85954e+07
34  13  0
34  14  0
34  15  0
34  16  0
34  17  8.63166e+06
34  18  1.93766e+07
34  19  1.65972e+07
34  20  3.49389e+07
34  21  1.85938e+07
34  22  0
34  23  0
34  24  0
34  25  0
34  26  0
34  27  5.90529e+06
34  28  0
34  29  5.28338e+06
34  30  0
34  31  2.13044e+07
34  32  1.60248e+07
34  33  2.39213e+07
34  34  6.11053e+06
34  35  2.22477e+07
34  36  2.04653e+07
34  37  1.22876e+07
34  38  1.04582e+07
34  39  2.62365e+07
34  40  1.07229e+07
34  41  2.23678e+07
34  42  2.27721e+07
34  43  2.58788e+07
34  44  1.85115e+07
34  45  3.49723e+07
34  46  2.13172e+07
34  47  3.68787e+07
34  48  4.60919e+07
34  49  2.74006e+07
34  50  2.42366e+07
35  0  0
35  1  0
35  2  1.60687e+07
35  3  0
35  4  8.60409e+06
35  5  0
35  6  0
35  7  9.04257e+06
35  8  0
35  9  1.37498e+07
35  10  1.79741e+07
35  11  1.53542e+07
35  12  1.03783e+07
35  13  0
35  14  0
35  15  9.62736e+06
35  16  2.15175e+07
35  17  0
35  18  0
35  19  7.45868e+06
35  20  1.39047e+07
35  21  0
35  22  0
35  23  0
35  24  4.65712e+06
35  25  0
35  26  0
35  27  0
35  28  0
35  29  1.9015e+07
35  30  2.53047e+07
35  31  3.68526e+07
35  32  2.28283e+07
35  33  0
35  34  0
35  35  2.13445e+07
35  36  2.56063e+07
35  37  1.21173e+07
35  38  3.12286e+07
35  39  3.52764e+07
35  40  2.46241e+07
35  41  2.53523e+07
35  42  2.28469e+07
35  43  2.26878e+07
35  44  1.85907e+07
35  45  3.17302e+07
35  46  3.10116e+07
35  47  3.66146e+07
35  48  2.74599e+07
35  49  4.1237e+07
35  50  3.6638e+07
36  0  0
36  1  0
36  2  8.25556e+06
36  3  0
36  4  0
36  5  1.20619e+07
36  6  8.492e+06
36  7  1.46487e+07
36  8  0
36  9  2.88035e+07
36  10  2.69112e+07
36  11  2.59847e+07
36  12  1.97672e+07
36  13  1.48677e+07
36  14  7.61367e+06
36  15  1.16053e+07
36  16  2.9257e+07
36  17  1.40645e+07
36  18  9.44049e+06
36  19  2.27462e+07
36  20  1.62156e+07
36  21  0
36  22  0
36  23  0
36  24  0
36  25  0
36  26  0
36  27  0
36  28  0
36  29  5.30846e+06
36  30  1.70998e+07
36  31  2.83713e+07
36  32  1.05762e+07
36  33  0
36  34  1.79346e+07
36  35  1.80688e+07
36  36  2.38778e+07
36  37  8.14736e+06
36  38  1.48103e+07
36  39  3.02022e+07
36  40  3.39014e+07
36  41  2.58537e+07
36  42  2.85432e+07
36  43  2.38754e+07
36  44  4.07186e+07
36  45  3.03986e+07
36  46  5.41066e+07
36  47  2.7862e+07
36  48  2.87591e+07
36  49  2.90032e+07
36  50  3.03749e+07
37  0  0
37  1  0
37  2  0
37  3  0
37  4  0
37  5  0
37  6  0
37  7  7.78306e+06
37  8  9.08861e+06
37  9  9.74173e+06
37  10  2.56664e+07
37  11  2.32058e+07
37  12  0
37  13  9.78542e+06
37  14  0
37  15  1.5372e+07
37  16  0
37  17  7.54879e+06
37  18  8.60921e+06
37  19  1.22723e+07
37  20  0
37  21  0
37  22  0
37  23  0
37  24  0
37  25  0
37  26  2.19681e+06
37  27  0
37  28  0
37  29  3.84054e+06
37  30  1.59954e+07
37  31  1.93681e+07
37  32  1.27945e+07
37  33  1.12472e+07
37  34  9.84863e+06
37  35  1.87877e+07
37  36  1.37271e+07
37  37  0
37  38  2.13039e+07
37  39  2.98815e+07
37  40  2.73191e+07
37  41  3.5679e+07
37  42  3.21027e+07
37  43  2.9266e+07
37  44  3.28773e+07
37  45  1.52307e+07
37  46  2.93105e+07
37  47  3.64232e+07
37  48  3.20602e+07
37  49  3.4467e+07
37  50  3.07417e+07
38  0  0
38  1  0
38  2  0
38  3  0
38  4  0
38  5  1.12425e+07
38  6  0
38  7  0
38  8  1.19449e+07
38  9  1.49394e+07
38  10  3.59669e+07
38  11  1.57089e+07
38  12  8.31257e+06
38  13  9.4963e+06
38  14  7.21375e+06
38  15  9.81453e+06
38  16  9.88042e+06
38  17  1.13696e+07
38  18  4.57499e+06
38  19  1.71342e+07
38  20  9.96624e+06
38  21  0
38  22  0
38  23  0
38  24  0
38  25  0
38  26  0
38  27  0
38  28  0
38  29  0
38  30  2.62918e+07
38  31  2.03121e+07
38  32  0
38  33  1.37491e+07
38  34  7.2084e+06
38  35  1.43378e+07
38  36  7.60011e+06
38  37  0
38  38  2.75512e+07
38  39  4.1617e+07
38  40  2.25478e+07
38  41  4.11101e+07
38  42  2.81981e+07
38  43  3.78094e+07
38  44  2.34276e+07
38  45  3.40622e+07
38  46  4.30422e+07
38  47  3.59743e+07
38  48  2.25519e+07
38  49  3.19736e+07
38  50  3.15505e+07
39  0  0
39  1  0
39  2  0
39  3  0
39  4  0
39  5  1.96665e+07
39  6  1.34771e+07
39  7  1.23678e+07
39  8  1.66924e+07
39  9  2.8576e+07
39  10  3.06541e+07
39  11  1.68527e+07
39  12  0
39  13  2.08098e+07
39  14  1.57907e+07
39  15  1.25431e+07
39  16  2.24281e+07
39  17  1.59301e+07
39  18  2.0345e+07
39  19  2.57373e+07
39  20  1.44523e+07
39  21  0
39  22  0
39  23  0
39  24  2.27324e+06
39  25  0
39  26  0
39  27  0
39  28  731530
39  29  0
39  30  0
39  31  1.18622e+07
39  32  2.19431e+07
39  33  3.02349e+07
39  34  1.6145e+07
39  35  0
39  36  0
39  37  8.04767e+06
39  38  2.40439e+07
39  39  6.04635e+07
39  40  4.02301e+07
39  41  3.43157e+07
39  42  4.97574e+07
39  43  3.9365e+07
39  44  5.50767e+07
39  45  3.95336e+07
39  46  1.69226e+07
39  47  3.86095e+07
39  48  4.52268e+07
39  49  2.19941e+07
39  50  1.95901e+07
40  0  0
40  1  0
40  2  0
40  3  0
40  4  0
40  5  0
40  6  1.57496e+07
40  7  1.02274e+07
40  8  1.4584e+07
40  9  2.81631e+07
40  10  2.75379e+07
40  11  8.70079e+06
40  12  3.49636e+07
40  13  1.53061e+07
40  14  1.0037e+07
40  15  1.13828e+07
40  16  1.21582e+07
40  17  1.70564e+07
40  18  1.66654e+07
40  19  8.46738e+06
40  20  2.134e+07
40  21  0
40  22  5.01669e+06
40  23  0
40  24  0
40  25  0
40  26  0
40  27  0
40  28  0
40  29  0
40  30  1.70296e+07
40  31  1.71015e+07
40  32  2.61687e+07
40  33  1.94487e+07
40  34  0
40  35  2.65517e+07
40  36  1.37794e+07
40  37  2.00851e+07
40  38  1.63662e+07
40  39  4.49256e+07
40  40  4.41181e+07
40  41  3.72599e+07
40  42  3.24915e+07
40  43  2.38539e+07
40  44  5.49001e+07
40  45  4.16172e+07
40  46  2.16294e+07
40  47  2.50165e+07
40  48  1.1963e+07
40  49  2.15896e+07
40  50  0
41  0  0
41  1  0
41  2  0
41  3  0
41  4  0
41  5  1.87964e+07
41  6  2.27136e+07
41  7  2.34697e+07
41  8  1.2657e+07
41  9  3.92266e+07
41  10  2.52057e+07
41  11  2.94599e+07
41  12  0
41  13  2.02449e+07
41  14  1.00091e+07
41  15  2.00824e+07
41  16  8.89791e+06
41  17  2.12588e+07
41  18  2.4129e+07
41  19  2.05489e+07
41  20  8.59155e+06
41  21  2.02624e+07
41  22  0
41  23  0
41  24  0
41  25  0
41  26  0
41  27  0
41  28  0
41  29  6.20372e+06
41  30  1.0384e+07
41  31  6.17629e+06
41  32  1.87419e+07
41  33  1.84867e+07
41  34  2.86848e+07
41  35  0
41  36  1.09955e+07
41  37  0
41  38  3.90977e+07
41  39  5.45395e+07
41  40  3.54782e+07
41  41  3.36481e+07
41  42  3.50993e+07
41  43  2.9573e+07
41  44  4.09606e+07
41  45  2.76986e+07
41  46  3.26051e+07
41  47  2.04036e+07
41  48  1.65959e+07
41  49  1.45127e+07
41  50  1.27903e+07
42  0  0
42  1  0
42  2  0
42  3  0
42  4  0
42  5  1.52176e+07
42  6  2.78376e+07
42  7  2.69411e+07
42  8  1.08818e+07
42  9  2.5366e+07
42  10  2.49363e+07
42  11  2.26871e+07
42  12  2.51872e+07
42  13  2.27282e+07
42  14  6.43174e+06
42  15  2.10793e+07
42  16  2.84464e+07
42  17  1.83803e+07
42  18  0
42  19  1.07443e+07
42  20  0
42  21  7.47296e+06
42  22  0
42  23  0
42  24  0
42  25  0
42  26  0
42  27  0
42  28  0
42  29  0
42  30  1.20137e+07
42  31  8.40388e+06
42  32  9.00943e+06
42  33  1.32855e+07
42  34  1.27316e+07
42  35  1.42407e+07
42  36  9.72727e+06
42  37  1.6309e+07
42  38  1.66741e+07
42  39  4.37022e+07
42  40  5.67581e+07
42  41  4.27323e+07
42  42  2.54167e+07
42  43  3.79157e+07
42  44  4.41049e+07
42  45  9.13847e+06
42  46  3.35136e+07
42  47  2.60033e+07
42  48  3.4144e+07
42  49  2.07668e+07
42  50  2.39658e+07
43  0  0
43  1  0
43  2  0
43  3  0
43  4  0
43  5  2.7689e+07
43  6  2.33122e+07
43  7  2.73195e+07
43  8  1.62909e+07
43  9  3.95404e+07
43  10  3.4298e+07
43  11  3.62034e+06
43  12  2.88429e+07
43  13  9.13186e+06
43  14  831765
43  15  1.19513e+07
43  16  6.13804e+06
43  17  1.612e+07
43  18  0
43  19  1.83717e+07
43  20  1.138e+07
43  21  9.86438e+06
43  22  7.74613e+06
43  23  0
43  24  0
43  25  9.05864e+06
43  26  0
43  27  0
43  28  0
43  29  0
43  30  1.11735e+07
43  31  2.29037e+07
43  32  2.36187e+07
43  33  1.07834e+07
43  34  0
43  35  2.0195e+07
43  36  9.21137e+06
43  37  1.72708e+07
43  38  1.67863e+07
43  39  3.36683e+07
43  40  4.6313e+07
43  41  4.71821e+07
43  42  2.59111e+07
43  43  4.31275e+07
43  44  3.54589e+07
43  45  2.79534e+07
43  46  3.43406e+07
43  47  1.94122e+07
43  48  2.17658e+07
43  49  1.36562e+07
43  50  0
44  0  0
44  1  0
44  2  0
44  3  0
44  4  0
44  5  3.01437e+07
44  6  3.27391e+07
44  7  2.50526e+07
44  8  2.24003e+07
44  9  1.88081e+07
44  10  1.96138e+07
44  11  1.30565e+07
44  12  1.99331e+07
44  13  1.67157e+07
44  14  8.70027e+06
44  15  0
44  16  0
44  17  0
44  18  0
44  19  0
44  20  2.42026e+07
44  21  0
44  22  4.81221e+06
44  23  0
44  24  0
44  25  0
44  26  2.36285e+06
44  27  0
44  28  0
44  29  0
44  30  0
44  31  0
44  32  2.07945e+07
44  33  0
44  34  7.55845e+06
44  35  1.50766e+07
44  36  1.62933e+07
44  37  1.13749e+07
44  38  3.63735e+07
44  39  5.14725e+07
44  40  2.53517e+07
44  41  2.86291e+07
44  42  1.32198e+07
44  43  3.18207e+07
44  44  2.20839e+07
44  45  1.55268e+07
44  46  2.15749e+07
44  47  1.91814e+07
44  48  2.36882e+07
44  49  1.78301e+07
44  50  0
45  0  0
45  1  0
45  2  0
45  3  0
45  4  0
45  5  0
45  6  3.45889e+07
45  7  3.03997e+07
45  8  4.14227e+07
45  9  2.83228e+07
45  10  2.99199e+07
45  11  1.76377e+07
45  12  1.83611e+07
45  13  2.06918e+07
45  14  0
45  15  1.13426e+07
45  16  1.55201e+07
45  17  8.29932e+06
45  18  1.66803e+07
45  19  1.59876e+07
45  20  0
45  21  0
45  22  0
45  23  0
45  24  0
45  25  0
45  26  0
45  27  0
45  28  0
45  29  0
45  30  0
45  31  6.11606e+06
45  32  0
45  33  1.5201e+07
45  34  1.31123e+07
45  35  2.00388e+07
45  36  1.23834e+07
45  37  7.11105e+06
45  38  3.11342e+07
45  39  3.10662e+07
45  40  2.7229e+07
45  41  3.29968e+07
45  42  3.15851e+07
45  43  2.00925e+07
45  44  2.40594e+07
45  45  1.48966e+06
45  46  1.1329e+07
45  47  1.29014e+07
45  48  6.23715e+06
45  49  0
45  50  0
46  0  0
46  1  0
46  2  0
46  3  0
46  4  0
46  5  1.21101e+07
46  6  4.0628e+07
46  7  3.08422e+07
46  8  2.2577e+07
46  9  3.69714e+07
46  10  3.9911e+07
46  11  3.67684e+07
46  12  1.81773e+07
46  13  9.0008e+06
46  14  0
46  15  8.37318e+06
46  16  0
46  17  7.41933e+06
46  18  0
46  19  8.22814e+06
46  20  2.07294e+07
46  21  2.04324e+07
46  22  0
46  23  0
46  24  0
46  25  0
46  26  0
46  27  7.76447e+06
46  28  0
46  29  6.07508e+06
46  30  1.51237e+07
46  31  0
46  32  1.84436e+07
46  33  1.65903e+07
46  34  1.52932e+07
46  35  1.23963e+07
46  36  2.23728e+07
46  37  1.22844e+07
46  38  2.06717e+07
46  39  2.76e+07
46  40  2.89992e+07
46  41  1.73245e+07
46  42  1.3558e+07
46  43  1.54836e+07
46  44  9.53699e+06
46  45  1.79898e+07
46  46  1.99173e+07
46  47  9.32826e+06
46  48  3.51051e+06
46  49  0
46  50  0
47  0  0
47  1  0
47  2  0
47  3  0
47  4  0
47  5  1.75545e+07
47  6  2.53703e+07
47  7  1.93472e+07
47  8  2.46574e+07
47  9  2.68353e+07
47  10  4.36564e+07
47  11  3.99037e+07
47  12  1.72626e+07
47  13  2.4965e+07
47  14  0
47  15  1.46274e+07
47  16  0
47  17  7.74531e+06
47  18  7.29349e+06
47  19  1.58072e+07
47  20  0
47  21  1.62585e+07
47  22  7.98734e+06
47  23  0
47  24  0
47  25  0
47  26  7.36158e+06
47  27  6.81971e+06
47  28  0
47  29  1.14441e+07
47  30  7.49795e+06
47  31  1.64297e+07
47  32  7.23014e+06
47  33  1.61139e+07
47  34  2.3424e+07
47  35  2.40774e+07
47  36  1.57082e+07
47  37  1.64704e+07
47  38  3.53345e+07
47  39  3.05968e+07
47  40  2.17018e+07
47  41  1.9007e+07
47  42  1.94114e+07
47  43  0
47  44  2.1805e+07
47  45  0
47  46  1.03131e+07
47  47  1.1275e+07
47  48  0
47  49  0
47  50  7.2488e+06
48  0  0
48  1  0
48  2  0
48  3  0
48  4  0
48  5  1.86327e+07
48  6  2.54127e+07
48  7  2.30924e+07
48  8  2.47457e+07
48  9  4.34199e+07
48  10  3.27724e+07
48  11  3.37781e+07
48  12  2.93219e+07
48  13  1.86753e+07
48  14  8.89517e+06
48  15  3.12074e+07
48  16  1.10887e+07
48  17  0
48  18  0
48  19  0
48  20  0
48  21  0
48  22  0
48  23  9.69229e+06
48  24  0
48  25  6.4569e+06
48  26  0
48  27  1.15048e+07
48  28  0
48  29  0
48  30  1.15854e+07
48  31  1.84935e+07
48  32  1.39484e+07
48  33  2.13972e+07
48  34  3.727e+07
48  35  2.0105e+07
48  36  1.07387e+07
48  37  3.10492e+07
48  38  3.58271e+07
48  39  2.30363e+07
48  40  2.2495e+07
48  41  1.84024e+07
48  42  1.26381e+07
48  43  2.38244e+07
48  44  1.58892e+07
48  45  9.00606e+06
48  46  1.17595e+07
48  47  0
48  48  1.21001e+07
48  49  0
48  50  0
49  0  0
49  1  0
49  2  0
49  3  0
49  4  0
49  5  2.58104e+07
49  6  3.76916e+07
49  7  2.02258e+07
49  8  1.29215e+07
49  9  3.95886e+07
49  10  3.05716e+07
49  11  4.38005e+07
49  12  3.93411e+07
49  13  2.04647e+07
49  14  2.79492e+07
49  15  2.95177e+07
49  16  2.77152e+07
49  17  0
49  18  6.29882e+06
49  19  6.00581e+06
49  20  6.2416e+06
49  21  8.92145e+06
49  22  0
49  23  1.21402e+07
49  24  0
49  25  0
49  26  1.49834e+07
49  27  2.51746e+07
49  28  0
49  29  1.96884e+07
49  30  2.49877e+07
49  31  2.57298e+07
49  32  1.7253e+07
49  33  2.88199e+07
49  34  4.03074e+07
49  35  3.51044e+07
49  36  2.3896e+07
49  37  2.37431e+07
49  38  4.12546e+07
49  39  3.215e+07
49  40  2.76241e+07
49  41  8.71295e+06
49  42  2.13632e+07
49  43  1.30705e+07
49  44  1.14219e+07
49  45  8.48672e+06
49  46  1.92141e+07
49  47  8.19291e+06
49  48  7.2035e+06
49  49  0
49  50  0
50  0  0
50  1  0
50  2  0
50  3  0
50  4  1.09366e+07
50  5  1.51655e+07
50  6  3.25412e+07
50  7  2.03778e+07
50  8  2.28232e+07
50  9  1.50192e+07
50  10  2.17977e+07
50  11  4.18511e+07
50  12  5.48164e+07
50  13  2.86969e+07
50  14  0
50  15  2.12766e+07
50  16  3.14526e+07
50  17  7.55372e+06
50  18  8.99566e+06
50  19  0
50  20  1.9822e+07
50  21  8.24077e+06
50  22  0
50  23  1.00326e+07
50  24  9.36711e+06
50  25  2.25426e+06
50  26  2.78836e+07
50  27  2.96011e+07
50  28  1.59733e+07
50  29  3.02939e+07
50  30  2.25872e+07
50  31  2.22563e+07
50  32  1.92421e+07
50  33  2.86145e+07
50  34  3.18824e+07
50  35  2.1102e+07
50  36  1.33505e+07
50  37  2.66836e+07
50  38  3.13154e+07
50  39  3.61564e+07
50  40  4.4337e+07
50  41  1.11357e+07
50  42  2.11054e+07
50  43  0
50  44  4.60342e+06
50  45  1.57866e+07
50  46  1.40959e+07
50  47  0
50  48  0
50  49  0
50  50  0

