row  column  (images_16_017.edf Ca-K*images_16_017.edf Ar-K**2.3)
0  0  2.37203e+08
0  1  2.34253e+08
0  2  3.1672e+08
0  3  3.03432e+08
0  4  3.25942e+08
0  5  3.51229e+08
0  6  4.08544e+08
0  7  3.78476e+08
0  8  3.80459e+08
0  9  3.79204e+08
0  10  3.52996e+08
0  11  3.78757e+08
0  12  4.03199e+08
0  13  4.70689e+08
0  14  4.05855e+08
0  15  4.14628e+08
0  16  3.93354e+08
0  17  4.36575e+08
0  18  3.9081e+08
0  19  3.23414e+08
0  20  3.09059e+08
0  21  2.32711e+08
0  22  2.21633e+08
0  23  2.20061e+08
0  24  2.2633e+08
0  25  2.25244e+08
0  26  2.40205e+08
0  27  1.90474e+08
0  28  1.92176e+08
0  29  2.88862e+08
0  30  3.23177e+08
0  31  3.05275e+08
0  32  2.43846e+08
0  33  2.11404e+08
0  34  2.22818e+08
0  35  2.01309e+08
0  36  1.4715e+08
0  37  1.5986e+08
0  38  1.04033e+08
0  39  9.45834e+07
0  40  9.96984e+07
0  41  8.94926e+07
0  42  1.11441e+08
0  43  1.45853e+08
0  44  1.55647e+08
0  45  1.72858e+08
0  46  1.0949e+08
0  47  1.20831e+08
0  48  1.22848e+08
0  49  1.08602e+08
0  50  1.07252e+08
1  0  2.9574e+08
1  1  3.60659e+08
1  2  3.60703e+08
1  3  3.96855e+08
1  4  3.98789e+08
1  5  4.44808e+08
1  6  4.76366e+08
1  7  4.26142e+08
1  8  3.87849e+08
1  9  3.78463e+08
1  10  3.83223e+08
1  11  4.80532e+08
1  12  5.52954e+08
1  13  5.03584e+08
1  14  4.94957e+08
1  15  4.59459e+08
1  16  4.07616e+08
1  17  4.56441e+08
1  18  4.4333e+08
1  19  3.39946e+08
1  20  3.08419e+08
1  21  2.85139e+08
1  22  2.81523e+08
1  23  2.63758e+08
1  24  2.67033e+08
1  25  3.15935e+08
1  26  2.35571e+08
1  27  2.65715e+08
1  28  2.51592e+08
1  29  3.4204e+08
1  30  3.19265e+08
1  31  3.18688e+08
1  32  2.72879e+08
1  33  2.54699e+08
1  34  2.6459e+08
1  35  2.35053e+08
1  36  2.11723e+08
1  37  1.75856e+08
1  38  1.34777e+08
1  39  9.66414e+07
1  40  1.12688e+08
1  41  1.20784e+08
1  42  1.6745e+08
1  43  1.97495e+08
1  44  2.0978e+08
1  45  1.9145e+08
1  46  1.31602e+08
1  47  1.63943e+08
1  48  1.31877e+08
1  49  1.37114e+08
1  50  9.45861e+07
2  0  3.4536e+08
2  1  3.75084e+08
2  2  4.20895e+08
2  3  4.50856e+08
2  4  4.675e+08
2  5  5.28143e+08
2  6  5.26115e+08
2  7  4.8774e+08
2  8  4.75023e+08
2  9  3.90065e+08
2  10  4.01926e+08
2  11  4.69059e+08
2  12  5.5748e+08
2  13  6.75545e+08
2  14  6.09549e+08
2  15  5.93183e+08
2  16  5.1122e+08
2  17  5.6422e+08
2  18  4.71979e+08
2  19  3.92829e+08
2  20  3.61478e+08
2  21  3.30109e+08
2  22  3.33332e+08
2  23  3.35649e+08
2  24  3.22288e+08
2  25  3.69021e+08
2  26  3.36894e+08
2  27  3.24206e+08
2  28  2.96746e+08
2  29  4.33984e+08
2  30  4.34572e+08
2  31  4.11855e+08
2  32  3.5393e+08
2  33  3.6309e+08
2  34  3.32984e+08
2  35  2.58522e+08
2  36  2.72248e+08
2  37  1.92922e+08
2  38  1.59484e+08
2  39  1.40187e+08
2  40  1.23103e+08
2  41  1.28075e+08
2  42  1.73202e+08
2  43  2.21745e+08
2  44  2.53686e+08
2  45  2.12277e+08
2  46  1.74047e+08
2  47  1.61477e+08
2  48  1.63707e+08
2  49  1.73716e+08
2  50  1.17445e+08
3  0  3.89292e+08
3  1  4.16244e+08
3  2  4.77227e+08
3  3  4.65192e+08
3  4  5.2414e+08
3  5  5.51707e+08
3  6  5.69835e+08
3  7  5.331e+08
3  8  5.03624e+08
3  9  4.82007e+08
3  10  4.74638e+08
3  11  4.95908e+08
3  12  6.35704e+08
3  13  7.03649e+08
3  14  6.15933e+08
3  15  5.86335e+08
3  16  5.64694e+08
3  17  5.54577e+08
3  18  5.25972e+08
3  19  4.73781e+08
3  20  4.43192e+08
3  21  3.72636e+08
3  22  3.84477e+08
3  23  3.97537e+08
3  24  3.92142e+08
3  25  4.46828e+08
3  26  3.69371e+08
3  27  3.62311e+08
3  28  3.49141e+08
3  29  4.89624e+08
3  30  4.50147e+08
3  31  5.08119e+08
3  32  4.23114e+08
3  33  4.32918e+08
3  34  3.67481e+08
3  35  3.32975e+08
3  36  3.49252e+08
3  37  2.58681e+08
3  38  1.95853e+08
3  39  1.66176e+08
3  40  1.62852e+08
3  41  1.83846e+08
3  42  2.03491e+08
3  43  2.47808e+08
3  44  3.27081e+08
3  45  2.44751e+08
3  46  1.82152e+08
3  47  1.912e+08
3  48  1.89454e+08
3  49  1.84569e+08
3  50  1.43453e+08
4  0  4.06947e+08
4  1  4.42716e+08
4  2  5.27815e+08
4  3  5.84305e+08
4  4  5.50544e+08
4  5  5.52079e+08
4  6  5.73448e+08
4  7  5.59816e+08
4  8  5.06146e+08
4  9  4.58791e+08
4  10  5.21746e+08
4  11  5.66421e+08
4  12  6.34477e+08
4  13  6.73251e+08
4  14  6.28945e+08
4  15  6.3686e+08
4  16  5.65578e+08
4  17  5.23403e+08
4  18  5.19154e+08
4  19  4.61502e+08
4  20  4.25966e+08
4  21  3.71354e+08
4  22  4.10358e+08
4  23  4.37373e+08
4  24  4.40221e+08
4  25  3.95104e+08
4  26  4.58178e+08
4  27  4.43267e+08
4  28  4.48815e+08
4  29  5.50494e+08
4  30  4.87181e+08
4  31  4.86033e+08
4  32  4.60424e+08
4  33  4.78586e+08
4  34  4.46614e+08
4  35  3.62644e+08
4  36  3.30332e+08
4  37  2.9459e+08
4  38  2.50903e+08
4  39  2.01876e+08
4  40  1.89155e+08
4  41  2.09813e+08
4  42  2.75483e+08
4  43  3.11652e+08
4  44  3.93263e+08
4  45  3.33744e+08
4  46  2.21571e+08
4  47  2.24609e+08
4  48  2.37927e+08
4  49  2.28892e+08
4  50  1.54871e+08
5  0  5.09939e+08
5  1  5.30344e+08
5  2  5.18308e+08
5  3  5.51599e+08
5  4  5.42324e+08
5  5  6.00504e+08
5  6  6.13758e+08
5  7  5.231e+08
5  8  5.55724e+08
5  9  5.0844e+08
5  10  4.5844e+08
5  11  6.38063e+08
5  12  6.30281e+08
5  13  7.36435e+08
5  14  6.63076e+08
5  15  5.92541e+08
5  16  6.06414e+08
5  17  5.91878e+08
5  18  6.23033e+08
5  19  4.86763e+08
5  20  4.65707e+08
5  21  4.20003e+08
5  22  4.30563e+08
5  23  4.91844e+08
5  24  5.00348e+08
5  25  4.85508e+08
5  26  4.33888e+08
5  27  4.81675e+08
5  28  4.50564e+08
5  29  5.04459e+08
5  30  5.66545e+08
5  31  5.22963e+08
5  32  5.39384e+08
5  33  5.06912e+08
5  34  5.09356e+08
5  35  3.7546e+08
5  36  3.33403e+08
5  37  2.837e+08
5  38  2.44647e+08
5  39  2.41008e+08
5  40  2.33943e+08
5  41  2.41563e+08
5  42  3.03132e+08
5  43  4.03209e+08
5  44  4.37691e+08
5  45  3.89034e+08
5  46  2.64056e+08
5  47  2.49878e+08
5  48  2.66063e+08
5  49  2.64416e+08
5  50  2.07485e+08
6  0  4.84302e+08
6  1  5.56083e+08
6  2  5.85305e+08
6  3  5.27435e+08
6  4  5.16268e+08
6  5  5.73869e+08
6  6  5.71643e+08
6  7  5.83488e+08
6  8  5.11449e+08
6  9  4.98176e+08
6  10  4.98226e+08
6  11  6.66299e+08
6  12  6.33512e+08
6  13  6.82188e+08
6  14  6.7834e+08
6  15  6.32559e+08
6  16  5.74978e+08
6  17  5.83923e+08
6  18  5.52298e+08
6  19  4.93594e+08
6  20  4.69932e+08
6  21  4.75755e+08
6  22  4.49146e+08
6  23  4.91722e+08
6  24  4.98839e+08
6  25  5.07606e+08
6  26  4.58454e+08
6  27  4.97046e+08
6  28  4.5745e+08
6  29  5.45639e+08
6  30  6.03216e+08
6  31  5.51296e+08
6  32  5.75226e+08
6  33  5.35317e+08
6  34  5.0749e+08
6  35  3.90877e+08
6  36  3.97823e+08
6  37  2.8098e+08
6  38  2.5909e+08
6  39  3.0896e+08
6  40  2.68252e+08
6  41  2.63491e+08
6  42  3.294e+08
6  43  4.08434e+08
6  44  5.37303e+08
6  45  4.52741e+08
6  46  3.10408e+08
6  47  2.76955e+08
6  48  2.90104e+08
6  49  3.16775e+08
6  50  2.48268e+08
7  0  5.24126e+08
7  1  5.35783e+08
7  2  5.64683e+08
7  3  5.47513e+08
7  4  6.04266e+08
7  5  5.88639e+08
7  6  6.11759e+08
7  7  5.27597e+08
7  8  5.51254e+08
7  9  5.41207e+08
7  10  5.70871e+08
7  11  6.54254e+08
7  12  6.57436e+08
7  13  6.80631e+08
7  14  7.06404e+08
7  15  6.26487e+08
7  16  5.76586e+08
7  17  5.57302e+08
7  18  5.78325e+08
7  19  5.03182e+08
7  20  4.78471e+08
7  21  4.57753e+08
7  22  4.60048e+08
7  23  5.42058e+08
7  24  5.70741e+08
7  25  4.88889e+08
7  26  4.79298e+08
7  27  4.90807e+08
7  28  5.06659e+08
7  29  5.57001e+08
7  30  5.66302e+08
7  31  5.05623e+08
7  32  6.18351e+08
7  33  4.98208e+08
7  34  4.93406e+08
7  35  4.19864e+08
7  36  3.68621e+08
7  37  3.43397e+08
7  38  3.09324e+08
7  39  3.35045e+08
7  40  3.24212e+08
7  41  2.9547e+08
7  42  3.63336e+08
7  43  4.62445e+08
7  44  5.66989e+08
7  45  4.42102e+08
7  46  3.27077e+08
7  47  3.09389e+08
7  48  3.20673e+08
7  49  2.83928e+08
7  50  2.43834e+08
8  0  5.53168e+08
8  1  5.84757e+08
8  2  5.44661e+08
8  3  5.27085e+08
8  4  5.08518e+08
8  5  6.25511e+08
8  6  6.45145e+08
8  7  5.22907e+08
8  8  5.3253e+08
8  9  4.66545e+08
8  10  5.72192e+08
8  11  5.6651e+08
8  12  6.31725e+08
8  13  5.37896e+08
8  14  5.8438e+08
8  15  5.93059e+08
8  16  5.46886e+08
8  17  5.53486e+08
8  18  4.97416e+08
8  19  5.06747e+08
8  20  4.85747e+08
8  21  4.29832e+08
8  22  5.00306e+08
8  23  5.20412e+08
8  24  5.28962e+08
8  25  5.22e+08
8  26  4.52402e+08
8  27  4.91407e+08
8  28  5.11511e+08
8  29  5.52174e+08
8  30  5.76044e+08
8  31  5.39054e+08
8  32  5.96773e+08
8  33  5.62454e+08
8  34  5.29801e+08
8  35  4.11852e+08
8  36  3.7419e+08
8  37  3.4172e+08
8  38  3.42598e+08
8  39  3.46785e+08
8  40  3.67052e+08
8  41  3.24104e+08
8  42  4.28461e+08
8  43  4.3101e+08
8  44  5.47597e+08
8  45  4.60779e+08
8  46  2.91588e+08
8  47  2.9282e+08
8  48  2.77709e+08
8  49  3.18049e+08
8  50  2.93135e+08
9  0  5.37301e+08
9  1  5.42177e+08
9  2  5.55899e+08
9  3  5.50422e+08
9  4  5.79666e+08
9  5  6.21804e+08
9  6  5.8358e+08
9  7  5.77003e+08
9  8  5.23101e+08
9  9  4.96363e+08
9  10  5.49319e+08
9  11  6.6089e+08
9  12  5.99503e+08
9  13  5.70398e+08
9  14  6.44884e+08
9  15  5.31281e+08
9  16  5.68167e+08
9  17  5.21629e+08
9  18  4.96596e+08
9  19  4.66234e+08
9  20  4.3379e+08
9  21  4.56612e+08
9  22  4.91339e+08
9  23  5.1651e+08
9  24  5.39104e+08
9  25  4.96151e+08
9  26  5.02489e+08
9  27  5.82363e+08
9  28  6.37237e+08
9  29  6.17637e+08
9  30  5.70363e+08
9  31  5.36746e+08
9  32  6.14701e+08
9  33  5.96437e+08
9  34  5.28439e+08
9  35  4.48605e+08
9  36  3.87329e+08
9  37  3.47503e+08
9  38  3.50726e+08
9  39  4.46575e+08
9  40  4.15331e+08
9  41  3.93953e+08
9  42  4.29466e+08
9  43  4.54314e+08
9  44  4.96899e+08
9  45  4.82025e+08
9  46  3.55514e+08
9  47  2.839e+08
9  48  2.52049e+08
9  49  2.86836e+08
9  50  2.74956e+08
10  0  5.70813e+08
10  1  5.39688e+08
10  2  5.48863e+08
10  3  5.88656e+08
10  4  6.19353e+08
10  5  6.38671e+08
10  6  6.01961e+08
10  7  5.23732e+08
10  8  4.83499e+08
10  9  5.35621e+08
10  10  5.16826e+08
10  11  6.32824e+08
10  12  6.10048e+08
10  13  5.91821e+08
10  14  5.56172e+08
10  15  5.82002e+08
10  16  5.34076e+08
10  17  4.6864e+08
10  18  4.44432e+08
10  19  4.35907e+08
10  20  4.66123e+08
10  21  4.47741e+08
10  22  4.61829e+08
10  23  5.10198e+08
10  24  5.7019e+08
10  25  5.48909e+08
10  26  5.20057e+08
10  27  5.15698e+08
10  28  6.14845e+08
10  29  6.63146e+08
10  30  5.93518e+08
10  31  5.47522e+08
10  32  5.96693e+08
10  33  6.06291e+08
10  34  5.68176e+08
10  35  4.72448e+08
10  36  4.49163e+08
10  37  3.48641e+08
10  38  3.90486e+08
10  39  4.97373e+08
10  40  5.02613e+08
10  41  4.57617e+08
10  42  4.43804e+08
10  43  4.64351e+08
10  44  4.62233e+08
10  45  4.81625e+08
10  46  3.99147e+08
10  47  2.90802e+08
10  48  2.45132e+08
10  49  2.67968e+08
10  50  3.19104e+08
11  0  5.7348e+08
11  1  5.5736e+08
11  2  5.42251e+08
11  3  5.65307e+08
11  4  6.44824e+08
11  5  6.05262e+08
11  6  5.53226e+08
11  7  5.69489e+08
11  8  5.17413e+08
11  9  5.11875e+08
11  10  5.60204e+08
11  11  6.53537e+08
11  12  5.81242e+08
11  13  5.63391e+08
11  14  5.30525e+08
11  15  5.39208e+08
11  16  5.37043e+08
11  17  5.0749e+08
11  18  4.50221e+08
11  19  4.73776e+08
11  20  4.52637e+08
11  21  4.8994e+08
11  22  4.68316e+08
11  23  5.45076e+08
11  24  6.31295e+08
11  25  5.55802e+08
11  26  5.66988e+08
11  27  5.37632e+08
11  28  6.87683e+08
11  29  6.40615e+08
11  30  5.84064e+08
11  31  6.00221e+08
11  32  6.24555e+08
11  33  6.08215e+08
11  34  5.91245e+08
11  35  5.10462e+08
11  36  4.74748e+08
11  37  4.05888e+08
11  38  4.62635e+08
11  39  5.22678e+08
11  40  4.89191e+08
11  41  4.88327e+08
11  42  4.89673e+08
11  43  4.99536e+08
11  44  5.22853e+08
11  45  4.65101e+08
11  46  3.19225e+08
11  47  3.01913e+08
11  48  2.93222e+08
11  49  3.42259e+08
11  50  3.47958e+08
12  0  4.88299e+08
12  1  5.24629e+08
12  2  4.84233e+08
12  3  5.37923e+08
12  4  6.29979e+08
12  5  6.37208e+08
12  6  6.23905e+08
12  7  5.38195e+08
12  8  4.93178e+08
12  9  4.80243e+08
12  10  5.33252e+08
12  11  5.94196e+08
12  12  5.97265e+08
12  13  5.16064e+08
12  14  4.55212e+08
12  15  5.30776e+08
12  16  4.79506e+08
12  17  4.25e+08
12  18  4.30348e+08
12  19  4.02579e+08
12  20  4.16448e+08
12  21  4.57173e+08
12  22  4.31562e+08
12  23  4.3711e+08
12  24  5.28679e+08
12  25  5.83934e+08
12  26  5.62697e+08
12  27  6.18654e+08
12  28  6.30005e+08
12  29  6.79527e+08
12  30  6.50025e+08
12  31  5.84584e+08
12  32  6.1971e+08
12  33  6.6439e+08
12  34  7.23337e+08
12  35  5.76239e+08
12  36  4.84529e+08
12  37  4.40625e+08
12  38  4.3437e+08
12  39  5.37472e+08
12  40  5.67249e+08
12  41  5.21652e+08
12  42  4.86276e+08
12  43  5.42351e+08
12  44  5.66694e+08
12  45  5.71038e+08
12  46  3.82997e+08
12  47  2.9675e+08
12  48  3.07165e+08
12  49  3.19197e+08
12  50  3.73243e+08
13  0  5.1572e+08
13  1  5.14791e+08
13  2  5.67241e+08
13  3  5.21832e+08
13  4  5.49223e+08
13  5  6.57435e+08
13  6  5.49891e+08
13  7  5.52636e+08
13  8  5.05466e+08
13  9  4.31477e+08
13  10  5.29308e+08
13  11  5.03392e+08
13  12  4.73719e+08
13  13  4.80426e+08
13  14  5.08537e+08
13  15  4.50699e+08
13  16  4.24409e+08
13  17  4.00482e+08
13  18  4.30163e+08
13  19  3.95397e+08
13  20  4.04739e+08
13  21  4.38532e+08
13  22  4.345e+08
13  23  4.54124e+08
13  24  5.37586e+08
13  25  5.9485e+08
13  26  5.35768e+08
13  27  5.6355e+08
13  28  6.74721e+08
13  29  6.63082e+08
13  30  5.71689e+08
13  31  6.19548e+08
13  32  6.15468e+08
13  33  6.64713e+08
13  34  6.09316e+08
13  35  5.02749e+08
13  36  5.03894e+08
13  37  4.55659e+08
13  38  4.78613e+08
13  39  5.6554e+08
13  40  5.64234e+08
13  41  5.20584e+08
13  42  5.83181e+08
13  43  5.99451e+08
13  44  5.32503e+08
13  45  5.17891e+08
13  46  3.92016e+08
13  47  3.50467e+08
13  48  3.22985e+08
13  49  3.74971e+08
13  50  3.65419e+08
14  0  4.89393e+08
14  1  4.8591e+08
14  2  5.38614e+08
14  3  4.87198e+08
14  4  5.40217e+08
14  5  5.41395e+08
14  6  4.85438e+08
14  7  4.66109e+08
14  8  5.02752e+08
14  9  4.27742e+08
14  10  4.98969e+08
14  11  4.75546e+08
14  12  4.30857e+08
14  13  4.64093e+08
14  14  4.54766e+08
14  15  4.48057e+08
14  16  4.047e+08
14  17  4.08979e+08
14  18  4.35314e+08
14  19  4.3546e+08
14  20  3.99821e+08
14  21  4.04215e+08
14  22  4.73834e+08
14  23  4.24225e+08
14  24  5.56904e+08
14  25  5.87586e+08
14  26  6.29456e+08
14  27  5.49309e+08
14  28  6.72589e+08
14  29  7.22471e+08
14  30  6.52352e+08
14  31  5.82814e+08
14  32  6.89451e+08
14  33  6.71559e+08
14  34  6.52639e+08
14  35  5.41343e+08
14  36  5.27262e+08
14  37  4.80832e+08
14  38  4.48688e+08
14  39  5.90763e+08
14  40  6.24066e+08
14  41  5.80847e+08
14  42  6.00594e+08
14  43  5.50457e+08
14  44  5.70632e+08
14  45  4.85184e+08
14  46  4.85836e+08
14  47  4.02818e+08
14  48  3.71726e+08
14  49  3.50357e+08
14  50  3.98945e+08
15  0  4.32344e+08
15  1  4.37381e+08
15  2  4.65866e+08
15  3  4.32267e+08
15  4  4.66206e+08
15  5  5.30876e+08
15  6  4.65713e+08
15  7  4.63046e+08
15  8  4.91905e+08
15  9  4.14004e+08
15  10  4.56855e+08
15  11  4.92394e+08
15  12  4.93181e+08
15  13  4.58283e+08
15  14  4.68744e+08
15  15  4.70158e+08
15  16  4.52425e+08
15  17  4.30237e+08
15  18  3.91572e+08
15  19  3.86679e+08
15  20  4.21658e+08
15  21  3.90961e+08
15  22  4.44776e+08
15  23  4.99459e+08
15  24  5.82849e+08
15  25  5.69198e+08
15  26  5.92782e+08
15  27  5.95452e+08
15  28  6.28428e+08
15  29  6.47387e+08
15  30  6.09216e+08
15  31  5.67675e+08
15  32  6.38424e+08
15  33  6.95326e+08
15  34  6.51031e+08
15  35  5.49919e+08
15  36  5.1668e+08
15  37  5.19868e+08
15  38  5.14278e+08
15  39  5.99449e+08
15  40  6.11169e+08
15  41  6.54618e+08
15  42  5.85484e+08
15  43  5.70446e+08
15  44  5.633e+08
15  45  5.49519e+08
15  46  5.10605e+08
15  47  4.39369e+08
15  48  3.85058e+08
15  49  3.82656e+08
15  50  4.64572e+08
16  0  4.12036e+08
16  1  4.65768e+08
16  2  4.60225e+08
16  3  4.83834e+08
16  4  4.96306e+08
16  5  5.4074e+08
16  6  4.83306e+08
16  7  4.85452e+08
16  8  4.49238e+08
16  9  4.11161e+08
16  10  4.39179e+08
16  11  4.93737e+08
16  12  5.11037e+08
16  13  4.84903e+08
16  14  4.6067e+08
16  15  4.7078e+08
16  16  4.55582e+08
16  17  3.8879e+08
16  18  3.63497e+08
16  19  3.58494e+08
16  20  4.0411e+08
16  21  4.23378e+08
16  22  4.36676e+08
16  23  4.36236e+08
16  24  4.98329e+08
16  25  6.29692e+08
16  26  5.83311e+08
16  27  5.58941e+08
16  28  6.76454e+08
16  29  6.43985e+08
16  30  6.19611e+08
16  31  5.74161e+08
16  32  5.97463e+08
16  33  6.58121e+08
16  34  6.45791e+08
16  35  5.41922e+08
16  36  5.15187e+08
16  37  4.84641e+08
16  38  5.39465e+08
16  39  5.73662e+08
16  40  6.44969e+08
16  41  5.95418e+08
16  42  5.73448e+08
16  43  5.66158e+08
16  44  5.97316e+08
16  45  5.39008e+08
16  46  5.80092e+08
16  47  4.59035e+08
16  48  4.29549e+08
16  49  3.96737e+08
16  50  4.73588e+08
17  0  4.38464e+08
17  1  4.28719e+08
17  2  4.71447e+08
17  3  4.34513e+08
17  4  4.53673e+08
17  5  4.967e+08
17  6  4.33558e+08
17  7  4.63034e+08
17  8  4.31874e+08
17  9  4.4585e+08
17  10  4.6867e+08
17  11  4.59914e+08
17  12  4.87315e+08
17  13  4.89512e+08
17  14  4.90505e+08
17  15  4.70223e+08
17  16  4.5031e+08
17  17  4.48322e+08
17  18  3.60813e+08
17  19  3.9842e+08
17  20  4.15077e+08
17  21  4.63352e+08
17  22  4.20674e+08
17  23  4.86195e+08
17  24  5.52589e+08
17  25  6.20057e+08
17  26  6.20144e+08
17  27  5.9777e+08
17  28  5.95705e+08
17  29  6.63208e+08
17  30  5.94048e+08
17  31  5.17149e+08
17  32  5.6113e+08
17  33  6.01012e+08
17  34  5.95407e+08
17  35  5.82749e+08
17  36  5.38943e+08
17  37  4.83407e+08
17  38  5.26685e+08
17  39  6.10223e+08
17  40  6.35307e+08
17  41  6.44859e+08
17  42  6.23266e+08
17  43  6.20228e+08
17  44  6.2258e+08
17  45  5.91408e+08
17  46  5.5963e+08
17  47  5.06705e+08
17  48  4.54466e+08
17  49  4.10387e+08
17  50  5.16735e+08
18  0  4.32398e+08
18  1  4.3344e+08
18  2  4.08299e+08
18  3  4.60596e+08
18  4  4.53279e+08
18  5  5.07665e+08
18  6  4.1968e+08
18  7  4.58654e+08
18  8  4.38936e+08
18  9  4.35263e+08
18  10  4.96061e+08
18  11  4.64707e+08
18  12  5.00173e+08
18  13  5.07047e+08
18  14  5.13757e+08
18  15  5.29742e+08
18  16  4.79201e+08
18  17  4.23428e+08
18  18  3.68002e+08
18  19  3.98895e+08
18  20  3.59045e+08
18  21  4.0668e+08
18  22  4.13155e+08
18  23  4.58486e+08
18  24  5.38248e+08
18  25  6.30351e+08
18  26  6.333e+08
18  27  5.94884e+08
18  28  5.83287e+08
18  29  5.59073e+08
18  30  5.97525e+08
18  31  5.39571e+08
18  32  5.9868e+08
18  33  5.5836e+08
18  34  6.31738e+08
18  35  5.76405e+08
18  36  5.16039e+08
18  37  4.66647e+08
18  38  4.9895e+08
18  39  5.80992e+08
18  40  5.53872e+08
18  41  5.80199e+08
18  42  6.43009e+08
18  43  5.9883e+08
18  44  6.46385e+08
18  45  6.39695e+08
18  46  5.97158e+08
18  47  5.94178e+08
18  48  4.8759e+08
18  49  4.98737e+08
18  50  5.62568e+08
19  0  4.12959e+08
19  1  4.59328e+08
19  2  4.44689e+08
19  3  3.66276e+08
19  4  4.52297e+08
19  5  5.12827e+08
19  6  4.67997e+08
19  7  4.29363e+08
19  8  3.99249e+08
19  9  4.67696e+08
19  10  4.37792e+08
19  11  4.60596e+08
19  12  5.25596e+08
19  13  5.55013e+08
19  14  5.70973e+08
19  15  4.816e+08
19  16  4.91791e+08
19  17  4.41523e+08
19  18  3.85929e+08
19  19  3.40616e+08
19  20  3.88898e+08
19  21  4.533e+08
19  22  3.72522e+08
19  23  4.29509e+08
19  24  5.18304e+08
19  25  5.56712e+08
19  26  5.56508e+08
19  27  5.48188e+08
19  28  5.89154e+08
19  29  5.44291e+08
19  30  5.3471e+08
19  31  5.41678e+08
19  32  6.36441e+08
19  33  6.04337e+08
19  34  6.16482e+08
19  35  5.82029e+08
19  36  5.07012e+08
19  37  5.01891e+08
19  38  5.03428e+08
19  39  5.32201e+08
19  40  5.60455e+08
19  41  6.29556e+08
19  42  6.35985e+08
19  43  6.49653e+08
19  44  6.2584e+08
19  45  6.21512e+08
19  46  6.51445e+08
19  47  6.35518e+08
19  48  6.12784e+08
19  49  5.36226e+08
19  50  5.97084e+08
20  0  4.17089e+08
20  1  4.43848e+08
20  2  4.18713e+08
20  3  4.33454e+08
20  4  4.0796e+08
20  5  4.182e+08
20  6  4.18716e+08
20  7  4.13779e+08
20  8  4.78968e+08
20  9  4.27311e+08
20  10  4.2879e+08
20  11  4.38573e+08
20  12  5.61107e+08
20  13  5.74139e+08
20  14  5.23786e+08
20  15  4.83032e+08
20  16  5.31386e+08
20  17  4.12355e+08
20  18  3.199e+08
20  19  3.5066e+08
20  20  3.70146e+08
20  21  4.13842e+08
20  22  3.75365e+08
20  23  4.26502e+08
20  24  5.00578e+08
20  25  6.0434e+08
20  26  5.25689e+08
20  27  5.77516e+08
20  28  5.09957e+08
20  29  5.3776e+08
20  30  5.14925e+08
20  31  4.92901e+08
20  32  5.28161e+08
20  33  5.148e+08
20  34  5.82117e+08
20  35  5.33034e+08
20  36  5.02827e+08
20  37  5.6929e+08
20  38  4.91535e+08
20  39  4.99183e+08
20  40  5.57703e+08
20  41  5.4763e+08
20  42  6.05777e+08
20  43  6.31179e+08
20  44  6.43895e+08
20  45  6.44443e+08
20  46  6.14766e+08
20  47  6.04056e+08
20  48  5.77205e+08
20  49  6.3425e+08
20  50  6.39307e+08
21  0  3.92889e+08
21  1  4.65937e+08
21  2  4.47307e+08
21  3  3.75345e+08
21  4  4.23166e+08
21  5  4.12399e+08
21  6  4.14385e+08
21  7  4.07926e+08
21  8  4.51446e+08
21  9  4.04455e+08
21  10  4.48489e+08
21  11  4.80788e+08
21  12  5.79858e+08
21  13  5.73172e+08
21  14  5.04897e+08
21  15  5.27524e+08
21  16  5.3985e+08
21  17  4.92871e+08
21  18  3.54675e+08
21  19  3.41583e+08
21  20  3.82383e+08
21  21  4.20442e+08
21  22  4.06263e+08
21  23  4.03427e+08
21  24  4.30823e+08
21  25  5.81508e+08
21  26  5.6299e+08
21  27  5.88221e+08
21  28  5.19948e+08
21  29  4.57189e+08
21  30  5.06023e+08
21  31  5.22497e+08
21  32  5.59819e+08
21  33  4.55345e+08
21  34  5.47127e+08
21  35  5.68866e+08
21  36  4.88379e+08
21  37  4.91038e+08
21  38  4.81658e+08
21  39  4.86145e+08
21  40  5.13979e+08
21  41  5.94849e+08
21  42  6.4519e+08
21  43  6.3097e+08
21  44  6.54733e+08
21  45  6.15459e+08
21  46  6.97644e+08
21  47  6.32139e+08
21  48  6.8125e+08
21  49  6.1368e+08
21  50  7.09017e+08
22  0  4.49921e+08
22  1  4.29377e+08
22  2  4.3565e+08
22  3  3.96729e+08
22  4  3.45406e+08
22  5  3.97219e+08
22  6  4.44434e+08
22  7  4.08258e+08
22  8  4.29273e+08
22  9  4.20571e+08
22  10  4.08111e+08
22  11  4.73817e+08
22  12  5.46941e+08
22  13  5.30926e+08
22  14  5.08625e+08
22  15  4.78479e+08
22  16  4.87745e+08
22  17  4.95307e+08
22  18  3.67594e+08
22  19  3.59728e+08
22  20  4.22121e+08
22  21  3.85114e+08
22  22  4.17739e+08
22  23  3.78774e+08
22  24  3.89169e+08
22  25  4.62521e+08
22  26  5.25291e+08
22  27  5.20385e+08
22  28  5.1645e+08
22  29  4.75143e+08
22  30  4.81219e+08
22  31  4.83697e+08
22  32  4.75906e+08
22  33  4.4014e+08
22  34  5.61726e+08
22  35  5.44917e+08
22  36  5.30692e+08
22  37  4.59944e+08
22  38  4.44732e+08
22  39  4.73617e+08
22  40  5.20327e+08
22  41  5.32616e+08
22  42  5.72707e+08
22  43  5.82498e+08
22  44  6.79979e+08
22  45  6.13248e+08
22  46  6.37172e+08
22  47  6.9583e+08
22  48  6.73603e+08
22  49  6.88262e+08
22  50  6.18329e+08
23  0  4.31578e+08
23  1  4.49563e+08
23  2  4.55599e+08
23  3  3.72432e+08
23  4  3.32457e+08
23  5  3.88547e+08
23  6  3.6909e+08
23  7  4.47482e+08
23  8  4.24871e+08
23  9  4.2072e+08
23  10  4.16021e+08
23  11  4.17407e+08
23  12  5.31838e+08
23  13  5.55636e+08
23  14  4.96877e+08
23  15  4.99051e+08
23  16  4.80539e+08
23  17  4.61255e+08
23  18  3.80845e+08
23  19  3.62926e+08
23  20  3.95528e+08
23  21  3.94203e+08
23  22  3.82741e+08
23  23  3.53745e+08
23  24  3.36769e+08
23  25  5.00371e+08
23  26  5.19869e+08
23  27  4.45733e+08
23  28  5.20216e+08
23  29  4.65745e+08
23  30  4.14415e+08
23  31  4.87192e+08
23  32  4.53659e+08
23  33  4.54452e+08
23  34  5.31467e+08
23  35  5.47383e+08
23  36  5.00848e+08
23  37  4.59665e+08
23  38  5.01572e+08
23  39  4.82043e+08
23  40  5.0746e+08
23  41  5.49822e+08
23  42  5.86175e+08
23  43  5.98502e+08
23  44  7.02637e+08
23  45  6.63494e+08
23  46  6.77436e+08
23  47  6.21238e+08
23  48  6.45868e+08
23  49  7.45267e+08
23  50  6.92927e+08
24  0  4.73307e+08
24  1  4.01962e+08
24  2  4.2632e+08
24  3  3.7326e+08
24  4  3.47522e+08
24  5  3.47601e+08
24  6  3.68015e+08
24  7  4.14855e+08
24  8  4.48012e+08
24  9  3.79289e+08
24  10  4.34367e+08
24  11  4.47848e+08
24  12  4.6471e+08
24  13  5.21367e+08
24  14  5.33695e+08
24  15  5.37146e+08
24  16  5.48789e+08
24  17  4.72117e+08
24  18  4.05493e+08
24  19  4.00459e+08
24  20  4.28096e+08
24  21  3.65144e+08
24  22  4.01161e+08
24  23  3.42246e+08
24  24  3.52687e+08
24  25  4.60001e+08
24  26  4.67137e+08
24  27  4.84175e+08
24  28  4.73853e+08
24  29  4.79513e+08
24  30  4.45109e+08
24  31  4.38197e+08
24  32  5.09806e+08
24  33  4.39551e+08
24  34  5.04775e+08
24  35  5.10926e+08
24  36  5.0006e+08
24  37  4.71364e+08
24  38  4.74258e+08
24  39  4.73203e+08
24  40  5.04155e+08
24  41  5.12061e+08
24  42  5.92348e+08
24  43  6.62269e+08
24  44  6.25177e+08
24  45  6.52003e+08
24  46  6.20625e+08
24  47  7.14468e+08
24  48  7.0584e+08
24  49  6.36436e+08
24  50  8.06206e+08
25  0  4.72942e+08
25  1  4.13331e+08
25  2  4.44387e+08
25  3  3.82027e+08
25  4  3.21963e+08
25  5  3.22966e+08
25  6  3.25177e+08
25  7  4.21098e+08
25  8  4.03047e+08
25  9  4.49847e+08
25  10  4.33937e+08
25  11  4.41267e+08
25  12  4.60026e+08
25  13  4.97492e+08
25  14  5.07547e+08
25  15  5.43954e+08
25  16  5.73137e+08
25  17  4.8746e+08
25  18  4.32514e+08
25  19  3.84706e+08
25  20  3.66039e+08
25  21  3.48112e+08
25  22  3.61178e+08
25  23  3.01221e+08
25  24  3.33844e+08
25  25  4.27251e+08
25  26  4.57054e+08
25  27  5.11202e+08
25  28  4.62684e+08
25  29  4.54344e+08
25  30  4.38145e+08
25  31  3.63773e+08
25  32  4.67763e+08
25  33  4.29343e+08
25  34  4.94416e+08
25  35  5.17341e+08
25  36  4.50422e+08
25  37  4.78507e+08
25  38  5.07454e+08
25  39  4.71361e+08
25  40  5.16373e+08
25  41  5.05082e+08
25  42  5.92189e+08
25  43  6.47211e+08
25  44  6.84022e+08
25  45  5.78352e+08
25  46  6.31476e+08
25  47  6.48549e+08
25  48  6.78717e+08
25  49  7.5511e+08
25  50  7.74276e+08
26  0  5.15716e+08
26  1  4.17901e+08
26  2  4.20216e+08
26  3  3.67347e+08
26  4  3.45826e+08
26  5  3.32968e+08
26  6  3.67579e+08
26  7  4.14012e+08
26  8  3.96982e+08
26  9  3.93465e+08
26  10  3.88666e+08
26  11  4.10113e+08
26  12  4.25532e+08
26  13  4.74594e+08
26  14  5.03919e+08
26  15  4.91485e+08
26  16  5.709e+08
26  17  4.79567e+08
26  18  4.01366e+08
26  19  4.12627e+08
26  20  4.46206e+08
26  21  4.03423e+08
26  22  3.86198e+08
26  23  3.16e+08
26  24  3.38517e+08
26  25  4.41913e+08
26  26  4.3769e+08
26  27  4.67379e+08
26  28  4.73743e+08
26  29  4.57453e+08
26  30  4.16568e+08
26  31  3.49769e+08
26  32  4.97503e+08
26  33  4.49089e+08
26  34  4.76468e+08
26  35  4.93459e+08
26  36  4.98779e+08
26  37  5.01402e+08
26  38  4.60561e+08
26  39  5.45777e+08
26  40  5.0521e+08
26  41  5.70617e+08
26  42  5.75477e+08
26  43  6.4165e+08
26  44  6.59015e+08
26  45  6.29347e+08
26  46  6.211e+08
26  47  6.92037e+08
26  48  6.44339e+08
26  49  6.9202e+08
26  50  7.05295e+08
27  0  4.67505e+08
27  1  4.21648e+08
27  2  3.90357e+08
27  3  4.00638e+08
27  4  3.35911e+08
27  5  3.39716e+08
27  6  3.4536e+08
27  7  3.96043e+08
27  8  4.11281e+08
27  9  4.19072e+08
27  10  4.22625e+08
27  11  3.98425e+08
27  12  4.90907e+08
27  13  4.47239e+08
27  14  4.74657e+08
27  15  5.0543e+08
27  16  5.92266e+08
27  17  4.91594e+08
27  18  4.41876e+08
27  19  4.21676e+08
27  20  4.35605e+08
27  21  4.18459e+08
27  22  3.51296e+08
27  23  3.15579e+08
27  24  3.70126e+08
27  25  3.94347e+08
27  26  4.45943e+08
27  27  5.11045e+08
27  28  4.90121e+08
27  29  5.08022e+08
27  30  4.05198e+08
27  31  3.98026e+08
27  32  4.62356e+08
27  33  4.51904e+08
27  34  5.00147e+08
27  35  4.94393e+08
27  36  4.53961e+08
27  37  4.73412e+08
27  38  5.15025e+08
27  39  5.48767e+08
27  40  4.99956e+08
27  41  5.22097e+08
27  42  5.91806e+08
27  43  5.85305e+08
27  44  6.21853e+08
27  45  6.18268e+08
27  46  5.85566e+08
27  47  6.75263e+08
27  48  6.58753e+08
27  49  6.78928e+08
27  50  6.68369e+08
28  0  4.69419e+08
28  1  4.16693e+08
28  2  3.60136e+08
28  3  3.68145e+08
28  4  3.50157e+08
28  5  3.53131e+08
28  6  3.3972e+08
28  7  3.72345e+08
28  8  3.75301e+08
28  9  3.85955e+08
28  10  4.20001e+08
28  11  3.74492e+08
28  12  4.04337e+08
28  13  4.07094e+08
28  14  4.26067e+08
28  15  5.33894e+08
28  16  4.9004e+08
28  17  5.04973e+08
28  18  4.4913e+08
28  19  4.33175e+08
28  20  3.9764e+08
28  21  4.23548e+08
28  22  3.71787e+08
28  23  3.72712e+08
28  24  3.43207e+08
28  25  4.13205e+08
28  26  4.25249e+08
28  27  4.54259e+08
28  28  4.97155e+08
28  29  4.64341e+08
28  30  3.80284e+08
28  31  3.42194e+08
28  32  4.56952e+08
28  33  4.35183e+08
28  34  5.07545e+08
28  35  4.8206e+08
28  36  4.66976e+08
28  37  4.37236e+08
28  38  5.34146e+08
28  39  5.37306e+08
28  40  5.27278e+08
28  41  5.00684e+08
28  42  4.90192e+08
28  43  5.82061e+08
28  44  5.34134e+08
28  45  6.06711e+08
28  46  5.87213e+08
28  47  6.11692e+08
28  48  6.11445e+08
28  49  6.08336e+08
28  50  6.98524e+08
29  0  5.2194e+08
29  1  4.16647e+08
29  2  3.75957e+08
29  3  3.50175e+08
29  4  3.28116e+08
29  5  3.32623e+08
29  6  3.30066e+08
29  7  3.80222e+08
29  8  3.66223e+08
29  9  3.92552e+08
29  10  3.91672e+08
29  11  3.99663e+08
29  12  4.45858e+08
29  13  4.23968e+08
29  14  4.33251e+08
29  15  3.77862e+08
29  16  5.04634e+08
29  17  4.6874e+08
29  18  4.23963e+08
29  19  4.51955e+08
29  20  4.43293e+08
29  21  3.79549e+08
29  22  3.63355e+08
29  23  3.64372e+08
29  24  3.66498e+08
29  25  4.24235e+08
29  26  4.45285e+08
29  27  4.68222e+08
29  28  4.58301e+08
29  29  4.85446e+08
29  30  3.60255e+08
29  31  3.35311e+08
29  32  4.17624e+08
29  33  3.69556e+08
29  34  4.10229e+08
29  35  4.3974e+08
29  36  4.41861e+08
29  37  4.67547e+08
29  38  5.06328e+08
29  39  5.43914e+08
29  40  5.24194e+08
29  41  5.26844e+08
29  42  5.13841e+08
29  43  5.25514e+08
29  44  5.1459e+08
29  45  5.32951e+08
29  46  5.90628e+08
29  47  5.97529e+08
29  48  5.53468e+08
29  49  6.2377e+08
29  50  6.40205e+08
30  0  4.98702e+08
30  1  4.31152e+08
30  2  4.15339e+08
30  3  3.6853e+08
30  4  3.10226e+08
30  5  3.50807e+08
30  6  3.47358e+08
30  7  3.72963e+08
30  8  3.80684e+08
30  9  3.88112e+08
30  10  3.62845e+08
30  11  3.58722e+08
30  12  4.18646e+08
30  13  4.27896e+08
30  14  3.94474e+08
30  15  4.42008e+08
30  16  4.83314e+08
30  17  4.09449e+08
30  18  4.50482e+08
30  19  4.61426e+08
30  20  4.11491e+08
30  21  3.66191e+08
30  22  4.22286e+08
30  23  3.40418e+08
30  24  3.4259e+08
30  25  3.95541e+08
30  26  3.80867e+08
30  27  4.29252e+08
30  28  4.02228e+08
30  29  3.91291e+08
30  30  3.84651e+08
30  31  2.81948e+08
30  32  3.89239e+08
30  33  3.9922e+08
30  34  4.14061e+08
30  35  3.99023e+08
30  36  4.21435e+08
30  37  4.29473e+08
30  38  5.3201e+08
30  39  5.42398e+08
30  40  5.08633e+08
30  41  5.09094e+08
30  42  4.54685e+08
30  43  4.71929e+08
30  44  4.85937e+08
30  45  4.71617e+08
30  46  5.30938e+08
30  47  5.96538e+08
30  48  5.38033e+08
30  49  5.41756e+08
30  50  5.37381e+08
31  0  4.71496e+08
31  1  4.42773e+08
31  2  3.91006e+08
31  3  3.46595e+08
31  4  3.23573e+08
31  5  2.93658e+08
31  6  3.2705e+08
31  7  3.73743e+08
31  8  4.06044e+08
31  9  3.80296e+08
31  10  4.16379e+08
31  11  3.66453e+08
31  12  3.90989e+08
31  13  4.02315e+08
31  14  4.1241e+08
31  15  3.98517e+08
31  16  4.16902e+08
31  17  3.91046e+08
31  18  3.92646e+08
31  19  4.0565e+08
31  20  4.41767e+08
31  21  3.68826e+08
31  22  3.87941e+08
31  23  3.34047e+08
31  24  3.60445e+08
31  25  3.79919e+08
31  26  3.93121e+08
31  27  4.21226e+08
31  28  4.13131e+08
31  29  4.18994e+08
31  30  3.50822e+08
31  31  3.03166e+08
31  32  3.33515e+08
31  33  4.13882e+08
31  34  4.10541e+08
31  35  3.97701e+08
31  36  3.99787e+08
31  37  4.45454e+08
31  38  5.29034e+08
31  39  5.48364e+08
31  40  5.3334e+08
31  41  4.86786e+08
31  42  4.10166e+08
31  43  4.17516e+08
31  44  5.02009e+08
31  45  4.73915e+08
31  46  4.75324e+08
31  47  4.94631e+08
31  48  5.24192e+08
31  49  4.63106e+08
31  50  5.44866e+08
32  0  4.56356e+08
32  1  4.52909e+08
32  2  3.61645e+08
32  3  3.54066e+08
32  4  3.27766e+08
32  5  3.17311e+08
32  6  3.29196e+08
32  7  3.64764e+08
32  8  3.72748e+08
32  9  4.23999e+08
32  10  4.42465e+08
32  11  3.78871e+08
32  12  3.96781e+08
32  13  4.18011e+08
32  14  3.65113e+08
32  15  3.94566e+08
32  16  3.80107e+08
32  17  3.87052e+08
32  18  3.98752e+08
32  19  3.89756e+08
32  20  3.94677e+08
32  21  3.78538e+08
32  22  3.66956e+08
32  23  3.28756e+08
32  24  3.21513e+08
32  25  3.69996e+08
32  26  3.47527e+08
32  27  3.57453e+08
32  28  3.783e+08
32  29  4.04103e+08
32  30  3.6428e+08
32  31  2.89003e+08
32  32  3.41878e+08
32  33  3.78251e+08
32  34  4.175e+08
32  35  4.07492e+08
32  36  3.95418e+08
32  37  3.75866e+08
32  38  4.74686e+08
32  39  4.90521e+08
32  40  5.63486e+08
32  41  4.56398e+08
32  42  4.04563e+08
32  43  4.31061e+08
32  44  4.14375e+08
32  45  4.27349e+08
32  46  4.46678e+08
32  47  4.36736e+08
32  48  4.70129e+08
32  49  4.52512e+08
32  50  4.22468e+08
33  0  4.29503e+08
33  1  4.94555e+08
33  2  3.83702e+08
33  3  3.45074e+08
33  4  3.04223e+08
33  5  3.0512e+08
33  6  2.89668e+08
33  7  3.86131e+08
33  8  3.73984e+08
33  9  3.97583e+08
33  10  4.75152e+08
33  11  3.92892e+08
33  12  4.1909e+08
33  13  4.29203e+08
33  14  4.0267e+08
33  15  4.0321e+08
33  16  3.88055e+08
33  17  3.90036e+08
33  18  3.83137e+08
33  19  3.7759e+08
33  20  3.92362e+08
33  21  3.74504e+08
33  22  3.80281e+08
33  23  3.31089e+08
33  24  3.52192e+08
33  25  3.52567e+08
33  26  3.50783e+08
33  27  3.80837e+08
33  28  4.00116e+08
33  29  4.01932e+08
33  30  3.50381e+08
33  31  2.59782e+08
33  32  3.10056e+08
33  33  3.44251e+08
33  34  4.11691e+08
33  35  3.81359e+08
33  36  3.67883e+08
33  37  3.80421e+08
33  38  4.80339e+08
33  39  5.04165e+08
33  40  5.40578e+08
33  41  4.52819e+08
33  42  3.45723e+08
33  43  3.72547e+08
33  44  3.4878e+08
33  45  3.95461e+08
33  46  3.95363e+08
33  47  4.37284e+08
33  48  4.11614e+08
33  49  3.69029e+08
33  50  3.91722e+08
34  0  4.03481e+08
34  1  5.11022e+08
34  2  4.32083e+08
34  3  3.33639e+08
34  4  2.90443e+08
34  5  3.06319e+08
34  6  3.04321e+08
34  7  3.40517e+08
34  8  3.99651e+08
34  9  4.29434e+08
34  10  3.84517e+08
34  11  4.17783e+08
34  12  4.02776e+08
34  13  4.07003e+08
34  14  3.95615e+08
34  15  3.70098e+08
34  16  3.63306e+08
34  17  3.92738e+08
34  18  3.99917e+08
34  19  4.11203e+08
34  20  3.79246e+08
34  21  4.09336e+08
34  22  3.69288e+08
34  23  3.41836e+08
34  24  3.6908e+08
34  25  3.44271e+08
34  26  3.25542e+08
34  27  3.26084e+08
34  28  3.5893e+08
34  29  3.47213e+08
34  30  2.99059e+08
34  31  2.66705e+08
34  32  3.31779e+08
34  33  3.08546e+08
34  34  3.62224e+08
34  35  3.99584e+08
34  36  3.15756e+08
34  37  3.84576e+08
34  38  4.77055e+08
34  39  5.09546e+08
34  40  4.74493e+08
34  41  4.59747e+08
34  42  3.54715e+08
34  43  3.36383e+08
34  44  3.38578e+08
34  45  2.93772e+08
34  46  3.80304e+08
34  47  4.32363e+08
34  48  3.66393e+08
34  49  3.48878e+08
34  50  3.58013e+08
35  0  4.46943e+08
35  1  4.5018e+08
35  2  4.40071e+08
35  3  3.99477e+08
35  4  3.24916e+08
35  5  3.15399e+08
35  6  3.61123e+08
35  7  3.8623e+08
35  8  3.84625e+08
35  9  4.55004e+08
35  10  3.88641e+08
35  11  3.74793e+08
35  12  4.07897e+08
35  13  4.17493e+08
35  14  4.52726e+08
35  15  4.15508e+08
35  16  3.61049e+08
35  17  4.04515e+08
35  18  3.93815e+08
35  19  3.71633e+08
35  20  3.98058e+08
35  21  4.05718e+08
35  22  3.90334e+08
35  23  3.51703e+08
35  24  3.37172e+08
35  25  3.50958e+08
35  26  2.98176e+08
35  27  2.96513e+08
35  28  3.26483e+08
35  29  3.30367e+08
35  30  2.65654e+08
35  31  2.28061e+08
35  32  3.25199e+08
35  33  3.04187e+08
35  34  3.64751e+08
35  35  3.92767e+08
35  36  3.42796e+08
35  37  3.34965e+08
35  38  4.59772e+08
35  39  4.75892e+08
35  40  4.56305e+08
35  41  4.03504e+08
35  42  3.35212e+08
35  43  3.07653e+08
35  44  3.17488e+08
35  45  3.16768e+08
35  46  3.35575e+08
35  47  3.54937e+08
35  48  3.6043e+08
35  49  3.41275e+08
35  50  3.23714e+08
36  0  4.20149e+08
36  1  4.60043e+08
36  2  5.2354e+08
36  3  4.02771e+08
36  4  3.86307e+08
36  5  3.82184e+08
36  6  3.48183e+08
36  7  3.63872e+08
36  8  4.62166e+08
36  9  4.40631e+08
36  10  4.69814e+08
36  11  4.71394e+08
36  12  4.05612e+08
36  13  4.46512e+08
36  14  4.48335e+08
36  15  4.58015e+08
36  16  3.84147e+08
36  17  3.44585e+08
36  18  3.70114e+08
36  19  3.58677e+08
36  20  3.83904e+08
36  21  3.95692e+08
36  22  3.6133e+08
36  23  3.50029e+08
36  24  3.77801e+08
36  25  3.39671e+08
36  26  3.13857e+08
36  27  2.91482e+08
36  28  2.87125e+08
36  29  3.18276e+08
36  30  2.38692e+08
36  31  2.23188e+08
36  32  2.92337e+08
36  33  3.14037e+08
36  34  3.27312e+08
36  35  3.38926e+08
36  36  3.22395e+08
36  37  2.96317e+08
36  38  3.6964e+08
36  39  3.6784e+08
36  40  4.11066e+08
36  41  3.52227e+08
36  42  3.2514e+08
36  43  2.54689e+08
36  44  2.44107e+08
36  45  2.69221e+08
36  46  2.88978e+08
36  47  3.87829e+08
36  48  3.28775e+08
36  49  3.38645e+08
36  50  2.94333e+08
37  0  4.44529e+08
37  1  5.0039e+08
37  2  5.13228e+08
37  3  4.14398e+08
37  4  3.4042e+08
37  5  3.46938e+08
37  6  3.12897e+08
37  7  3.80444e+08
37  8  4.39748e+08
37  9  4.46023e+08
37  10  4.31476e+08
37  11  4.70188e+08
37  12  4.58161e+08
37  13  5.0359e+08
37  14  4.64333e+08
37  15  4.20537e+08
37  16  3.77149e+08
37  17  4.05043e+08
37  18  3.62245e+08
37  19  3.53271e+08
37  20  3.88382e+08
37  21  4.04695e+08
37  22  3.86589e+08
37  23  3.41216e+08
37  24  3.3329e+08
37  25  3.41719e+08
37  26  2.94337e+08
37  27  2.47759e+08
37  28  2.56388e+08
37  29  2.93361e+08
37  30  2.45365e+08
37  31  2.349e+08
37  32  3.05506e+08
37  33  3.21063e+08
37  34  3.76759e+08
37  35  3.5598e+08
37  36  3.35912e+08
37  37  3.16273e+08
37  38  3.76117e+08
37  39  3.57549e+08
37  40  3.78287e+08
37  41  3.20191e+08
37  42  2.65914e+08
37  43  2.50484e+08
37  44  2.56575e+08
37  45  2.96117e+08
37  46  2.70927e+08
37  47  3.1453e+08
37  48  3.3677e+08
37  49  3.19197e+08
37  50  3.11394e+08
38  0  4.52616e+08
38  1  4.5856e+08
38  2  4.60132e+08
38  3  3.85635e+08
38  4  3.60922e+08
38  5  3.48327e+08
38  6  3.46754e+08
38  7  3.41109e+08
38  8  4.0414e+08
38  9  3.95594e+08
38  10  4.5204e+08
38  11  4.66885e+08
38  12  4.86186e+08
38  13  4.86541e+08
38  14  4.92879e+08
38  15  4.35952e+08
38  16  3.60509e+08
38  17  3.46556e+08
38  18  3.59354e+08
38  19  3.54995e+08
38  20  3.82924e+08
38  21  4.03281e+08
38  22  4.44932e+08
38  23  3.77898e+08
38  24  4.03189e+08
38  25  3.59642e+08
38  26  2.99313e+08
38  27  2.40524e+08
38  28  2.33791e+08
38  29  2.70329e+08
38  30  2.62085e+08
38  31  2.14862e+08
38  32  2.85194e+08
38  33  3.18401e+08
38  34  3.46352e+08
38  35  3.75889e+08
38  36  3.37064e+08
38  37  2.90556e+08
38  38  3.61465e+08
38  39  3.60213e+08
38  40  4.06238e+08
38  41  3.15293e+08
38  42  2.42366e+08
38  43  2.27107e+08
38  44  2.37362e+08
38  45  2.82297e+08
38  46  3.05801e+08
38  47  3.07966e+08
38  48  3.19233e+08
38  49  2.57861e+08
38  50  2.80761e+08
39  0  4.18001e+08
39  1  4.7529e+08
39  2  3.85712e+08
39  3  3.80842e+08
39  4  3.44645e+08
39  5  3.84819e+08
39  6  3.49924e+08
39  7  3.77698e+08
39  8  4.02533e+08
39  9  4.28834e+08
39  10  4.84468e+08
39  11  5.17796e+08
39  12  4.72423e+08
39  13  4.73522e+08
39  14  4.44926e+08
39  15  4.22842e+08
39  16  3.77238e+08
39  17  3.31632e+08
39  18  3.65696e+08
39  19  3.62724e+08
39  20  4.13567e+08
39  21  4.18212e+08
39  22  4.31655e+08
39  23  3.74832e+08
39  24  3.78307e+08
39  25  3.85127e+08
39  26  3.0506e+08
39  27  2.33022e+08
39  28  2.16225e+08
39  29  2.42166e+08
39  30  2.34299e+08
39  31  2.37458e+08
39  32  3.35409e+08
39  33  3.03433e+08
39  34  3.80113e+08
39  35  3.60872e+08
39  36  3.44549e+08
39  37  3.17545e+08
39  38  3.69241e+08
39  39  3.56981e+08
39  40  3.55568e+08
39  41  2.9579e+08
39  42  2.19852e+08
39  43  2.17871e+08
39  44  2.71056e+08
39  45  2.8476e+08
39  46  2.97185e+08
39  47  2.93251e+08
39  48  2.83642e+08
39  49  3.20543e+08
39  50  2.92713e+08
40  0  3.90129e+08
40  1  3.99281e+08
40  2  4.15654e+08
40  3  4.27627e+08
40  4  3.54194e+08
40  5  3.67273e+08
40  6  3.77547e+08
40  7  3.44048e+08
40  8  3.81399e+08
40  9  4.0004e+08
40  10  4.43912e+08
40  11  4.86168e+08
40  12  4.86294e+08
40  13  4.42546e+08
40  14  4.34563e+08
40  15  4.51811e+08
40  16  3.97021e+08
40  17  3.4314e+08
40  18  3.31575e+08
40  19  3.44123e+08
40  20  3.59131e+08
40  21  4.02712e+08
40  22  5.36458e+08
40  23  4.41971e+08
40  24  4.06969e+08
40  25  3.70083e+08
40  26  2.95821e+08
40  27  2.63094e+08
40  28  2.13557e+08
40  29  2.16002e+08
40  30  2.00961e+08
40  31  2.29993e+08
40  32  3.18835e+08
40  33  3.28788e+08
40  34  3.46817e+08
40  35  3.59573e+08
40  36  3.49359e+08
40  37  2.94282e+08
40  38  3.26871e+08
40  39  3.7219e+08
40  40  3.60187e+08
40  41  3.14359e+08
40  42  2.05664e+08
40  43  2.085e+08
40  44  2.51184e+08
40  45  2.80581e+08
40  46  3.01318e+08
40  47  3.07073e+08
40  48  2.95272e+08
40  49  2.88569e+08
40  50  2.94216e+08
41  0  4.31547e+08
41  1  4.67125e+08
41  2  3.95994e+08
41  3  4.02236e+08
41  4  3.43472e+08
41  5  4.0223e+08
41  6  3.83518e+08
41  7  3.56637e+08
41  8  4.0661e+08
41  9  4.1627e+08
41  10  4.27644e+08
41  11  4.79369e+08
41  12  4.7168e+08
41  13  5.08726e+08
41  14  4.73042e+08
41  15  4.41228e+08
41  16  3.78725e+08
41  17  3.62476e+08
41  18  3.46602e+08
41  19  3.5896e+08
41  20  3.72546e+08
41  21  4.43946e+08
41  22  4.17909e+08
41  23  4.2146e+08
41  24  4.23845e+08
41  25  4.05825e+08
41  26  3.02938e+08
41  27  2.72731e+08
41  28  2.26673e+08
41  29  2.17124e+08
41  30  2.10276e+08
41  31  2.68912e+08
41  32  3.26604e+08
41  33  3.40649e+08
41  34  3.24727e+08
41  35  3.84664e+08
41  36  3.81611e+08
41  37  2.84855e+08
41  38  3.54677e+08
41  39  3.44986e+08
41  40  3.52236e+08
41  41  2.75368e+08
41  42  1.79955e+08
41  43  1.73875e+08
41  44  2.43471e+08
41  45  3.12816e+08
41  46  3.32584e+08
41  47  2.85258e+08
41  48  2.91625e+08
41  49  2.66166e+08
41  50  2.87449e+08
42  0  4.42574e+08
42  1  4.41939e+08
42  2  5.10718e+08
42  3  3.91706e+08
42  4  3.56065e+08
42  5  4.23437e+08
42  6  3.48207e+08
42  7  3.28599e+08
42  8  4.4271e+08
42  9  4.40033e+08
42  10  4.66357e+08
42  11  4.58688e+08
42  12  5.2742e+08
42  13  5.31868e+08
42  14  4.5999e+08
42  15  4.43713e+08
42  16  3.86148e+08
42  17  3.7228e+08
42  18  3.58945e+08
42  19  3.72638e+08
42  20  3.77189e+08
42  21  3.89322e+08
42  22  4.61767e+08
42  23  4.87398e+08
42  24  4.61513e+08
42  25  4.14354e+08
42  26  3.56227e+08
42  27  2.83358e+08
42  28  2.2754e+08
42  29  2.06237e+08
42  30  2.24382e+08
42  31  3.03215e+08
42  32  3.53331e+08
42  33  3.23382e+08
42  34  3.35675e+08
42  35  3.44173e+08
42  36  3.90974e+08
42  37  3.24322e+08
42  38  3.44076e+08
42  39  3.52172e+08
42  40  3.71725e+08
42  41  2.77085e+08
42  42  1.71405e+08
42  43  1.88651e+08
42  44  2.24318e+08
42  45  3.45741e+08
42  46  3.05335e+08
42  47  3.29446e+08
42  48  3.16371e+08
42  49  2.98786e+08
42  50  2.87845e+08
43  0  4.89882e+08
43  1  4.6759e+08
43  2  4.21809e+08
43  3  3.94685e+08
43  4  3.86786e+08
43  5  4.00768e+08
43  6  4.18524e+08
43  7  3.32723e+08
43  8  3.80419e+08
43  9  4.23482e+08
43  10  4.11383e+08
43  11  4.83802e+08
43  12  5.01036e+08
43  13  5.10427e+08
43  14  4.95988e+08
43  15  4.06675e+08
43  16  4.00779e+08
43  17  3.8314e+08
43  18  3.46625e+08
43  19  3.77247e+08
43  20  4.09729e+08
43  21  4.35598e+08
43  22  5.00999e+08
43  23  4.93195e+08
43  24  5.3117e+08
43  25  4.34857e+08
43  26  3.94033e+08
43  27  2.99867e+08
43  28  2.2929e+08
43  29  2.2515e+08
43  30  2.24139e+08
43  31  3.34668e+08
43  32  3.58412e+08
43  33  3.61007e+08
43  34  3.63734e+08
43  35  3.60401e+08
43  36  3.47493e+08
43  37  3.54373e+08
43  38  3.80431e+08
43  39  4.22529e+08
43  40  3.78363e+08
43  41  2.65696e+08
43  42  1.72092e+08
43  43  1.80764e+08
43  44  2.44884e+08
43  45  3.62674e+08
43  46  3.224e+08
43  47  3.36994e+08
43  48  3.10865e+08
43  49  2.92711e+08
43  50  3.27525e+08
44  0  4.72974e+08
44  1  4.81927e+08
44  2  4.44211e+08
44  3  4.41232e+08
44  4  3.9659e+08
44  5  4.00715e+08
44  6  3.35874e+08
44  7  3.40465e+08
44  8  4.19273e+08
44  9  4.68629e+08
44  10  4.53503e+08
44  11  5.04934e+08
44  12  4.75797e+08
44  13  5.30133e+08
44  14  4.87035e+08
44  15  4.42901e+08
44  16  4.02428e+08
44  17  3.63771e+08
44  18  3.73251e+08
44  19  3.80244e+08
44  20  3.63471e+08
44  21  4.22546e+08
44  22  4.84669e+08
44  23  5.07136e+08
44  24  5.36741e+08
44  25  4.88202e+08
44  26  3.7758e+08
44  27  3.1405e+08
44  28  2.32671e+08
44  29  2.40125e+08
44  30  2.39405e+08
44  31  3.36372e+08
44  32  3.49297e+08
44  33  3.6359e+08
44  34  3.43638e+08
44  35  3.64916e+08
44  36  3.62379e+08
44  37  3.775e+08
44  38  4.05393e+08
44  39  3.783e+08
44  40  4.07644e+08
44  41  2.70681e+08
44  42  1.79965e+08
44  43  1.69824e+08
44  44  2.458e+08
44  45  3.91263e+08
44  46  3.70282e+08
44  47  3.29401e+08
44  48  3.60524e+08
44  49  3.54837e+08
44  50  4.15371e+08
45  0  4.76206e+08
45  1  5.09343e+08
45  2  5.03973e+08
45  3  4.33583e+08
45  4  3.88525e+08
45  5  4.03625e+08
45  6  3.78999e+08
45  7  3.24245e+08
45  8  4.3685e+08
45  9  4.94411e+08
45  10  4.71784e+08
45  11  5.4837e+08
45  12  4.77769e+08
45  13  5.15693e+08
45  14  4.31277e+08
45  15  4.62143e+08
45  16  4.29912e+08
45  17  3.66425e+08
45  18  4.02707e+08
45  19  4.27023e+08
45  20  3.92994e+08
45  21  4.33187e+08
45  22  4.89321e+08
45  23  5.06275e+08
45  24  4.83442e+08
45  25  4.39878e+08
45  26  3.97193e+08
45  27  3.46675e+08
45  28  2.855e+08
45  29  2.8165e+08
45  30  2.52209e+08
45  31  3.73502e+08
45  32  3.61812e+08
45  33  3.48482e+08
45  34  3.6549e+08
45  35  3.39363e+08
45  36  3.97525e+08
45  37  3.59551e+08
45  38  4.3643e+08
45  39  4.32502e+08
45  40  4.37262e+08
45  41  2.77478e+08
45  42  1.74645e+08
45  43  1.82899e+08
45  44  2.89925e+08
45  45  4.13493e+08
45  46  3.96584e+08
45  47  3.72456e+08
45  48  4.03737e+08
45  49  4.04049e+08
45  50  4.29202e+08
46  0  5.68414e+08
46  1  5.65053e+08
46  2  4.4842e+08
46  3  4.31097e+08
46  4  4.00228e+08
46  5  4.37387e+08
46  6  3.64255e+08
46  7  3.31876e+08
46  8  4.39143e+08
46  9  4.23812e+08
46  10  4.42053e+08
46  11  4.9108e+08
46  12  4.79846e+08
46  13  5.04341e+08
46  14  4.30523e+08
46  15  4.36694e+08
46  16  4.41073e+08
46  17  3.88991e+08
46  18  3.73638e+08
46  19  3.63631e+08
46  20  4.20533e+08
46  21  3.80529e+08
46  22  4.50861e+08
46  23  4.58703e+08
46  24  4.97735e+08
46  25  5.44157e+08
46  26  4.00236e+08
46  27  4.17035e+08
46  28  3.04801e+08
46  29  2.95359e+08
46  30  2.41094e+08
46  31  3.58546e+08
46  32  4.00609e+08
46  33  4.03924e+08
46  34  3.94798e+08
46  35  3.81702e+08
46  36  4.04787e+08
46  37  3.56869e+08
46  38  4.85223e+08
46  39  4.27375e+08
46  40  4.11011e+08
46  41  3.21709e+08
46  42  1.83796e+08
46  43  1.78797e+08
46  44  2.75698e+08
46  45  4.15133e+08
46  46  4.60347e+08
46  47  3.9157e+08
46  48  4.31975e+08
46  49  4.86053e+08
46  50  4.47348e+08
47  0  5.0026e+08
47  1  5.22586e+08
47  2  4.25297e+08
47  3  4.20264e+08
47  4  4.03885e+08
47  5  3.92202e+08
47  6  3.47289e+08
47  7  3.65401e+08
47  8  4.86557e+08
47  9  5.11915e+08
47  10  4.81981e+08
47  11  4.8888e+08
47  12  4.44716e+08
47  13  4.48164e+08
47  14  4.11387e+08
47  15  4.694e+08
47  16  4.44945e+08
47  17  3.80825e+08
47  18  3.75996e+08
47  19  3.79423e+08
47  20  4.1817e+08
47  21  3.7149e+08
47  22  4.37877e+08
47  23  4.5495e+08
47  24  4.76684e+08
47  25  5.05754e+08
47  26  4.20836e+08
47  27  4.06316e+08
47  28  3.62363e+08
47  29  3.53783e+08
47  30  2.88401e+08
47  31  3.49281e+08
47  32  4.60385e+08
47  33  4.26837e+08
47  34  3.8816e+08
47  35  3.98198e+08
47  36  4.05395e+08
47  37  4.21424e+08
47  38  4.79396e+08
47  39  4.74659e+08
47  40  4.65034e+08
47  41  2.71984e+08
47  42  1.85153e+08
47  43  2.1861e+08
47  44  2.62519e+08
47  45  4.31913e+08
47  46  4.76901e+08
47  47  4.24791e+08
47  48  5.15013e+08
47  49  4.8264e+08
47  50  5.83036e+08
48  0  4.74144e+08
48  1  5.24059e+08
48  2  4.76665e+08
48  3  4.33929e+08
48  4  4.25325e+08
48  5  4.30222e+08
48  6  3.28989e+08
48  7  3.57751e+08
48  8  4.24058e+08
48  9  5.01238e+08
48  10  3.98602e+08
48  11  4.55969e+08
48  12  4.54443e+08
48  13  4.1677e+08
48  14  3.94421e+08
48  15  4.80632e+08
48  16  4.85488e+08
48  17  3.87457e+08
48  18  3.64889e+08
48  19  3.5743e+08
48  20  4.02617e+08
48  21  4.52762e+08
48  22  4.35466e+08
48  23  4.10447e+08
48  24  4.6074e+08
48  25  5.38223e+08
48  26  4.39599e+08
48  27  4.70086e+08
48  28  3.953e+08
48  29  3.90649e+08
48  30  3.15289e+08
48  31  3.81397e+08
48  32  4.8024e+08
48  33  4.65713e+08
48  34  4.79836e+08
48  35  4.02908e+08
48  36  3.68815e+08
48  37  4.41678e+08
48  38  4.34993e+08
48  39  4.47951e+08
48  40  4.81101e+08
48  41  3.29591e+08
48  42  2.09358e+08
48  43  1.96297e+08
48  44  2.83347e+08
48  45  4.49867e+08
48  46  4.71724e+08
48  47  4.69692e+08
48  48  5.40868e+08
48  49  4.94555e+08
48  50  5.49716e+08
49  0  5.20955e+08
49  1  5.64647e+08
49  2  4.32365e+08
49  3  4.56808e+08
49  4  4.49162e+08
49  5  4.37805e+08
49  6  3.20631e+08
49  7  3.49532e+08
49  8  5.30303e+08
49  9  4.576e+08
49  10  4.07033e+08
49  11  4.72139e+08
49  12  4.70041e+08
49  13  3.94243e+08
49  14  4.48148e+08
49  15  4.37355e+08
49  16  4.93178e+08
49  17  4.1041e+08
49  18  3.77078e+08
49  19  3.72921e+08
49  20  4.33687e+08
49  21  4.46616e+08
49  22  4.05184e+08
49  23  3.68851e+08
49  24  4.72397e+08
49  25  5.15388e+08
49  26  4.68179e+08
49  27  4.72522e+08
49  28  4.02967e+08
49  29  4.02441e+08
49  30  3.17909e+08
49  31  4.40025e+08
49  32  5.04875e+08
49  33  4.72187e+08
49  34  4.36267e+08
49  35  3.98794e+08
49  36  4.24075e+08
49  37  4.45793e+08
49  38  4.72453e+08
49  39  4.64915e+08
49  40  3.95454e+08
49  41  2.46258e+08
49  42  1.90594e+08
49  43  2.65797e+08
49  44  3.30505e+08
49  45  4.39605e+08
49  46  4.41076e+08
49  47  4.80824e+08
49  48  5.35433e+08
49  49  5.01246e+08
49  50  5.9144e+08
50  0  4.53735e+08
50  1  5.29599e+08
50  2  4.5608e+08
50  3  4.41787e+08
50  4  4.28494e+08
50  5  4.21132e+08
50  6  3.39109e+08
50  7  3.34441e+08
50  8  4.4544e+08
50  9  4.43116e+08
50  10  4.87495e+08
50  11  4.7718e+08
50  12  4.0871e+08
50  13  4.04965e+08
50  14  3.71665e+08
50  15  4.44605e+08
50  16  4.99856e+08
50  17  4.612e+08
50  18  3.72261e+08
50  19  3.81272e+08
50  20  4.85565e+08
50  21  4.47498e+08
50  22  3.88988e+08
50  23  3.5116e+08
50  24  4.47488e+08
50  25  5.45429e+08
50  26  4.95134e+08
50  27  4.67838e+08
50  28  4.15708e+08
50  29  4.17016e+08
50  30  3.65901e+08
50  31  4.37696e+08
50  32  5.06505e+08
50  33  5.18008e+08
50  34  4.99327e+08
50  35  4.38262e+08
50  36  3.99092e+08
50  37  5.04166e+08
50  38  5.05032e+08
50  39  5.3797e+08
50  40  3.85387e+08
50  41  2.37208e+08
50  42  1.89336e+08
50  43  2.74012e+08
50  44  3.71804e+08
50  45  5.09983e+08
50  46  4.70925e+08
50  47  5.26777e+08
50  48  5.91359e+08
50  49  5.30776e+08
50  50  5.68267e+08

