row  column  (images_16_017.edf Fe-K*images_16_017.edf Ar-K**2.3)
0  0  0
0  1  0
0  2  1.31889e+07
0  3  1.76276e+07
0  4  2.41099e+07
0  5  2.2882e+07
0  6  3.26537e+07
0  7  3.42534e+07
0  8  4.30035e+07
0  9  3.81184e+07
0  10  4.65591e+07
0  11  4.69724e+07
0  12  5.23055e+07
0  13  5.28053e+07
0  14  4.62594e+07
0  15  4.44932e+07
0  16  4.41859e+07
0  17  5.37314e+07
0  18  5.61321e+07
0  19  1.19142e+08
0  20  4.97388e+07
0  21  4.06967e+07
0  22  3.74451e+07
0  23  3.22235e+07
0  24  2.46509e+07
0  25  3.34215e+07
0  26  4.86719e+07
0  27  4.25843e+07
0  28  3.30161e+07
0  29  3.52839e+07
0  30  3.90568e+07
0  31  3.56629e+07
0  32  2.31316e+07
0  33  2.85337e+07
0  34  2.52624e+07
0  35  3.26514e+07
0  36  2.76892e+07
0  37  3.47248e+07
0  38  2.61552e+07
0  39  4.02124e+07
0  40  3.51954e+07
0  41  4.85808e+07
0  42  1.58605e+08
0  43  5.45953e+07
0  44  4.37423e+07
0  45  3.91007e+07
0  46  3.97165e+07
0  47  3.50348e+07
0  48  5.17453e+07
0  49  4.84637e+07
0  50  3.19456e+07
1  0  8.87019e+06
1  1  1.97856e+07
1  2  2.48345e+07
1  3  2.43695e+07
1  4  5.42335e+07
1  5  4.93447e+07
1  6  4.97396e+07
1  7  4.78071e+07
1  8  5.14069e+07
1  9  4.96218e+07
1  10  5.2576e+07
1  11  7.38364e+07
1  12  4.92003e+07
1  13  4.52017e+07
1  14  4.83698e+07
1  15  5.07853e+07
1  16  5.06781e+07
1  17  5.71885e+07
1  18  7.66079e+07
1  19  1.12327e+08
1  20  4.15665e+07
1  21  4.40608e+07
1  22  3.11659e+07
1  23  3.05349e+07
1  24  3.11685e+07
1  25  5.30569e+07
1  26  6.2721e+07
1  27  3.59698e+07
1  28  3.00758e+07
1  29  3.71714e+07
1  30  4.19438e+07
1  31  3.25479e+07
1  32  3.35297e+07
1  33  3.19756e+07
1  34  3.97858e+07
1  35  3.24627e+07
1  36  3.83683e+07
1  37  2.89127e+07
1  38  3.06056e+07
1  39  4.15252e+07
1  40  4.04595e+07
1  41  8.3585e+07
1  42  1.73537e+08
1  43  4.49698e+07
1  44  4.31409e+07
1  45  3.37357e+07
1  46  4.24828e+07
1  47  4.09769e+07
1  48  5.77206e+07
1  49  3.76327e+07
1  50  3.93018e+07
2  0  2.02051e+07
2  1  2.41876e+07
2  2  3.21241e+07
2  3  5.42925e+07
2  4  7.03936e+07
2  5  5.09301e+07
2  6  5.6454e+07
2  7  5.74657e+07
2  8  5.70851e+07
2  9  4.53456e+07
2  10  4.93013e+07
2  11  5.08784e+07
2  12  4.84108e+07
2  13  6.34269e+07
2  14  4.70647e+07
2  15  5.19573e+07
2  16  6.16776e+07
2  17  6.15643e+07
2  18  7.68249e+07
2  19  1.4097e+08
2  20  5.3734e+07
2  21  3.83336e+07
2  22  4.23179e+07
2  23  3.91764e+07
2  24  3.36377e+07
2  25  5.17033e+07
2  26  1.04609e+08
2  27  5.07873e+07
2  28  3.56379e+07
2  29  4.00894e+07
2  30  5.0047e+07
2  31  3.11495e+07
2  32  3.74569e+07
2  33  4.12656e+07
2  34  3.62718e+07
2  35  4.26957e+07
2  36  3.80154e+07
2  37  3.22763e+07
2  38  2.99936e+07
2  39  4.10159e+07
2  40  3.87105e+07
2  41  5.91899e+07
2  42  1.33492e+08
2  43  4.73119e+07
2  44  3.75512e+07
2  45  4.08422e+07
2  46  4.44466e+07
2  47  4.43905e+07
2  48  4.96995e+07
2  49  4.17644e+07
2  50  3.51006e+07
3  0  2.42163e+07
3  1  2.99747e+07
3  2  4.12112e+07
3  3  5.73658e+07
3  4  9.54791e+07
3  5  5.84501e+07
3  6  6.23222e+07
3  7  6.92959e+07
3  8  6.17444e+07
3  9  5.2734e+07
3  10  5.92334e+07
3  11  5.49303e+07
3  12  6.22195e+07
3  13  5.43912e+07
3  14  6.22504e+07
3  15  5.07317e+07
3  16  6.41752e+07
3  17  6.03797e+07
3  18  7.9135e+07
3  19  1.22466e+08
3  20  6.07053e+07
3  21  3.98309e+07
3  22  3.56569e+07
3  23  4.30495e+07
3  24  4.15815e+07
3  25  6.54466e+07
3  26  1.33396e+08
3  27  4.08231e+07
3  28  4.24282e+07
3  29  4.01416e+07
3  30  4.65257e+07
3  31  4.65383e+07
3  32  3.55577e+07
3  33  4.40602e+07
3  34  4.11809e+07
3  35  4.00414e+07
3  36  3.90171e+07
3  37  3.60031e+07
3  38  3.33725e+07
3  39  3.67266e+07
3  40  3.34808e+07
3  41  6.54236e+07
3  42  8.70826e+07
3  43  4.54681e+07
3  44  4.4547e+07
3  45  4.3861e+07
3  46  3.5395e+07
3  47  3.31306e+07
3  48  5.31963e+07
3  49  3.83154e+07
3  50  3.94907e+07
4  0  2.63727e+07
4  1  3.64575e+07
4  2  5.47396e+07
4  3  7.78538e+07
4  4  1.24057e+08
4  5  6.44826e+07
4  6  5.0401e+07
4  7  6.15397e+07
4  8  6.97802e+07
4  9  5.77898e+07
4  10  6.23424e+07
4  11  6.1832e+07
4  12  5.83649e+07
4  13  4.65494e+07
4  14  5.29977e+07
4  15  5.43269e+07
4  16  6.09633e+07
4  17  5.1784e+07
4  18  6.42482e+07
4  19  1.01591e+08
4  20  5.39609e+07
4  21  4.08382e+07
4  22  4.15619e+07
4  23  4.01985e+07
4  24  3.05541e+07
4  25  6.43962e+07
4  26  1.69757e+08
4  27  5.89982e+07
4  28  3.80829e+07
4  29  5.0678e+07
4  30  4.07597e+07
4  31  4.30812e+07
4  32  3.21092e+07
4  33  3.70068e+07
4  34  4.95884e+07
4  35  3.90608e+07
4  36  3.65535e+07
4  37  4.07982e+07
4  38  4.191e+07
4  39  4.03024e+07
4  40  3.85346e+07
4  41  5.22487e+07
4  42  9.0166e+07
4  43  4.49007e+07
4  44  4.19491e+07
4  45  3.98471e+07
4  46  3.4608e+07
4  47  3.78268e+07
4  48  4.87367e+07
4  49  5.02205e+07
4  50  3.30608e+07
5  0  4.15202e+07
5  1  4.96615e+07
5  2  5.8488e+07
5  3  8.70768e+07
5  4  1.61501e+08
5  5  7.61175e+07
5  6  5.95015e+07
5  7  6.39365e+07
5  8  6.38097e+07
5  9  5.60813e+07
5  10  5.41546e+07
5  11  5.92367e+07
5  12  5.22011e+07
5  13  6.77697e+07
5  14  5.58745e+07
5  15  5.95963e+07
5  16  5.90503e+07
5  17  5.294e+07
5  18  8.23356e+07
5  19  7.60303e+07
5  20  5.27699e+07
5  21  4.25893e+07
5  22  3.42118e+07
5  23  3.20844e+07
5  24  5.02633e+07
5  25  7.75056e+07
5  26  2.25792e+08
5  27  6.17602e+07
5  28  4.663e+07
5  29  4.38961e+07
5  30  4.27778e+07
5  31  4.39441e+07
5  32  3.33532e+07
5  33  3.92301e+07
5  34  5.44424e+07
5  35  3.78128e+07
5  36  3.99573e+07
5  37  3.93232e+07
5  38  3.55553e+07
5  39  4.21032e+07
5  40  3.46142e+07
5  41  4.80666e+07
5  42  5.54464e+07
5  43  4.51627e+07
5  44  3.31844e+07
5  45  4.22171e+07
5  46  3.0842e+07
5  47  3.67109e+07
5  48  4.0244e+07
5  49  3.74687e+07
5  50  3.62786e+07
6  0  4.49221e+07
6  1  5.85548e+07
6  2  6.85706e+07
6  3  8.69031e+07
6  4  2.18993e+08
6  5  7.53022e+07
6  6  6.24904e+07
6  7  7.03847e+07
6  8  6.34956e+07
6  9  6.18698e+07
6  10  6.7655e+07
6  11  5.65837e+07
6  12  5.42441e+07
6  13  5.23287e+07
6  14  6.44155e+07
6  15  5.44968e+07
6  16  5.76977e+07
6  17  4.55345e+07
6  18  5.54456e+07
6  19  7.66241e+07
6  20  5.93472e+07
6  21  4.24557e+07
6  22  3.35363e+07
6  23  3.87655e+07
6  24  4.76099e+07
6  25  7.5848e+07
6  26  3.20878e+08
6  27  9.35353e+07
6  28  5.15217e+07
6  29  4.43496e+07
6  30  4.75956e+07
6  31  3.15324e+07
6  32  3.57696e+07
6  33  4.36108e+07
6  34  4.95316e+07
6  35  3.60745e+07
6  36  4.0049e+07
6  37  3.13536e+07
6  38  3.38915e+07
6  39  3.97917e+07
6  40  3.03611e+07
6  41  3.8714e+07
6  42  6.22487e+07
6  43  4.43708e+07
6  44  3.07189e+07
6  45  4.49968e+07
6  46  4.64036e+07
6  47  3.43437e+07
6  48  3.78377e+07
6  49  3.90668e+07
6  50  3.66396e+07
7  0  5.93779e+07
7  1  4.64535e+07
7  2  7.372e+07
7  3  1.05152e+08
7  4  2.32952e+08
7  5  9.17421e+07
7  6  7.65923e+07
7  7  6.52024e+07
7  8  7.28226e+07
7  9  8.05332e+07
7  10  8.06006e+07
7  11  6.54056e+07
7  12  5.91031e+07
7  13  5.70587e+07
7  14  6.14604e+07
7  15  4.989e+07
7  16  4.97118e+07
7  17  5.44935e+07
7  18  6.15323e+07
7  19  6.74601e+07
7  20  4.07538e+07
7  21  4.10545e+07
7  22  3.62219e+07
7  23  4.82645e+07
7  24  5.47204e+07
7  25  1.12404e+08
7  26  3.93339e+08
7  27  7.07368e+07
7  28  4.92987e+07
7  29  5.23813e+07
7  30  4.7256e+07
7  31  4.10129e+07
7  32  4.75483e+07
7  33  3.92036e+07
7  34  4.07503e+07
7  35  3.66459e+07
7  36  3.31574e+07
7  37  3.43049e+07
7  38  3.13502e+07
7  39  3.65386e+07
7  40  3.6649e+07
7  41  4.32982e+07
7  42  4.7885e+07
7  43  4.53989e+07
7  44  4.40433e+07
7  45  4.26429e+07
7  46  3.91499e+07
7  47  3.33777e+07
7  48  3.88898e+07
7  49  3.18529e+07
7  50  3.89735e+07
8  0  6.4541e+07
8  1  6.40434e+07
8  2  7.82637e+07
8  3  9.62819e+07
8  4  1.94589e+08
8  5  9.9165e+07
8  6  8.68174e+07
8  7  8.29344e+07
8  8  7.04171e+07
8  9  5.87349e+07
8  10  7.84744e+07
8  11  4.8814e+07
8  12  5.89258e+07
8  13  4.40956e+07
8  14  4.86031e+07
8  15  6.10838e+07
8  16  4.99771e+07
8  17  5.63546e+07
8  18  5.96749e+07
8  19  6.03251e+07
8  20  5.21776e+07
8  21  3.97445e+07
8  22  5.34959e+07
8  23  4.99936e+07
8  24  5.88075e+07
8  25  1.07375e+08
8  26  5.17906e+08
8  27  8.91011e+07
8  28  5.6341e+07
8  29  5.02074e+07
8  30  4.26965e+07
8  31  4.33928e+07
8  32  5.00431e+07
8  33  4.05209e+07
8  34  3.84278e+07
8  35  4.25596e+07
8  36  3.98018e+07
8  37  3.29607e+07
8  38  3.59646e+07
8  39  3.35678e+07
8  40  4.00879e+07
8  41  3.86721e+07
8  42  5.31212e+07
8  43  3.55059e+07
8  44  3.92865e+07
8  45  3.67801e+07
8  46  3.34309e+07
8  47  3.35195e+07
8  48  3.20796e+07
8  49  4.5597e+07
8  50  3.95004e+07
9  0  6.01496e+07
9  1  6.19717e+07
9  2  8.51954e+07
9  3  1.03356e+08
9  4  1.62138e+08
9  5  9.41788e+07
9  6  7.0125e+07
9  7  6.53459e+07
9  8  6.12245e+07
9  9  5.54119e+07
9  10  7.60292e+07
9  11  6.48856e+07
9  12  5.87768e+07
9  13  4.04431e+07
9  14  6.0907e+07
9  15  5.48865e+07
9  16  5.4085e+07
9  17  5.03779e+07
9  18  6.11357e+07
9  19  7.09713e+07
9  20  5.23188e+07
9  21  4.68045e+07
9  22  5.36308e+07
9  23  6.16818e+07
9  24  7.32648e+07
9  25  1.35108e+08
9  26  7.46427e+08
9  27  1.20942e+08
9  28  8.4825e+07
9  29  6.51097e+07
9  30  5.06964e+07
9  31  4.66495e+07
9  32  4.31267e+07
9  33  5.25019e+07
9  34  4.435e+07
9  35  3.98406e+07
9  36  4.1007e+07
9  37  3.44127e+07
9  38  2.97519e+07
9  39  4.11142e+07
9  40  3.55865e+07
9  41  3.86257e+07
9  42  4.67503e+07
9  43  3.96789e+07
9  44  3.34192e+07
9  45  3.69123e+07
9  46  3.72834e+07
9  47  3.00028e+07
9  48  3.66578e+07
9  49  3.64728e+07
9  50  3.53629e+07
10  0  6.72232e+07
10  1  6.11615e+07
10  2  7.71068e+07
10  3  1.05204e+08
10  4  1.45248e+08
10  5  1.09068e+08
10  6  6.07929e+07
10  7  6.07207e+07
10  8  5.62028e+07
10  9  6.05855e+07
10  10  5.87682e+07
10  11  6.97065e+07
10  12  5.3233e+07
10  13  4.74004e+07
10  14  5.13121e+07
10  15  4.92151e+07
10  16  4.67571e+07
10  17  5.50594e+07
10  18  5.39275e+07
10  19  6.62959e+07
10  20  5.27963e+07
10  21  4.3689e+07
10  22  5.63113e+07
10  23  6.16141e+07
10  24  8.10741e+07
10  25  1.15287e+08
10  26  6.10172e+08
10  27  1.2464e+08
10  28  9.88895e+07
10  29  7.26112e+07
10  30  6.50353e+07
10  31  5.55451e+07
10  32  4.64362e+07
10  33  4.48722e+07
10  34  5.09526e+07
10  35  4.29965e+07
10  36  3.42416e+07
10  37  3.48329e+07
10  38  4.68108e+07
10  39  4.61118e+07
10  40  3.52883e+07
10  41  3.58272e+07
10  42  3.90942e+07
10  43  4.12274e+07
10  44  3.27722e+07
10  45  3.48409e+07
10  46  3.19871e+07
10  47  3.41369e+07
10  48  3.17637e+07
10  49  3.13832e+07
10  50  3.92006e+07
11  0  5.70365e+07
11  1  7.61783e+07
11  2  7.101e+07
11  3  8.92172e+07
11  4  1.40972e+08
11  5  8.31675e+07
11  6  6.56653e+07
11  7  6.78293e+07
11  8  5.04183e+07
11  9  5.55388e+07
11  10  8.0719e+07
11  11  7.07504e+07
11  12  6.34248e+07
11  13  4.94517e+07
11  14  4.51143e+07
11  15  4.59764e+07
11  16  4.71678e+07
11  17  4.73945e+07
11  18  4.97701e+07
11  19  5.8947e+07
11  20  5.2721e+07
11  21  4.45898e+07
11  22  5.16195e+07
11  23  6.03118e+07
11  24  7.16685e+07
11  25  1.25732e+08
11  26  4.18554e+08
11  27  1.0529e+08
11  28  8.85514e+07
11  29  7.71688e+07
11  30  5.89652e+07
11  31  4.82904e+07
11  32  4.81179e+07
11  33  4.64983e+07
11  34  6.00337e+07
11  35  4.86008e+07
11  36  3.4542e+07
11  37  3.70934e+07
11  38  3.54735e+07
11  39  3.82285e+07
11  40  3.3331e+07
11  41  3.75966e+07
11  42  4.5463e+07
11  43  3.27721e+07
11  44  3.76318e+07
11  45  3.91672e+07
11  46  3.81245e+07
11  47  2.10501e+07
11  48  3.19056e+07
11  49  4.57904e+07
11  50  4.63443e+07
12  0  5.9686e+07
12  1  6.01025e+07
12  2  6.57708e+07
12  3  8.51795e+07
12  4  1.25704e+08
12  5  9.21941e+07
12  6  7.34554e+07
12  7  6.16356e+07
12  8  5.09927e+07
12  9  5.30878e+07
12  10  6.845e+07
12  11  6.44951e+07
12  12  6.25318e+07
12  13  4.28829e+07
12  14  3.92741e+07
12  15  4.84177e+07
12  16  4.59947e+07
12  17  4.89195e+07
12  18  5.41606e+07
12  19  5.37026e+07
12  20  3.8555e+07
12  21  4.31749e+07
12  22  6.00075e+07
12  23  5.2759e+07
12  24  5.80049e+07
12  25  1.01653e+08
12  26  2.9995e+08
12  27  1.09368e+08
12  28  7.43362e+07
12  29  7.41941e+07
12  30  6.29162e+07
12  31  5.34711e+07
12  32  4.92582e+07
12  33  4.90768e+07
12  34  6.35197e+07
12  35  4.82835e+07
12  36  4.09645e+07
12  37  3.71039e+07
12  38  3.98765e+07
12  39  4.09744e+07
12  40  4.29567e+07
12  41  3.49884e+07
12  42  4.69366e+07
12  43  4.1502e+07
12  44  4.44905e+07
12  45  3.52169e+07
12  46  3.5455e+07
12  47  3.46327e+07
12  48  3.82368e+07
12  49  3.93102e+07
12  50  4.10557e+07
13  0  4.91239e+07
13  1  5.57626e+07
13  2  8.51332e+07
13  3  7.84208e+07
13  4  8.78351e+07
13  5  8.16909e+07
13  6  6.07545e+07
13  7  6.37636e+07
13  8  4.38457e+07
13  9  4.87471e+07
13  10  6.01195e+07
13  11  5.08303e+07
13  12  4.5322e+07
13  13  4.40167e+07
13  14  3.99776e+07
13  15  4.49502e+07
13  16  4.99817e+07
13  17  4.0598e+07
13  18  4.30414e+07
13  19  4.18511e+07
13  20  3.99657e+07
13  21  5.34577e+07
13  22  3.80607e+07
13  23  5.6541e+07
13  24  6.67949e+07
13  25  1.09389e+08
13  26  2.21113e+08
13  27  8.26819e+07
13  28  7.63283e+07
13  29  8.26251e+07
13  30  5.63946e+07
13  31  5.55133e+07
13  32  4.76296e+07
13  33  5.09813e+07
13  34  5.23966e+07
13  35  3.70013e+07
13  36  3.82117e+07
13  37  3.5769e+07
13  38  4.33376e+07
13  39  4.80466e+07
13  40  4.745e+07
13  41  4.9835e+07
13  42  4.51292e+07
13  43  4.53635e+07
13  44  3.06395e+07
13  45  4.52856e+07
13  46  3.89679e+07
13  47  2.77234e+07
13  48  3.23644e+07
13  49  4.21294e+07
13  50  3.35796e+07
14  0  4.84197e+07
14  1  5.90137e+07
14  2  6.82309e+07
14  3  6.97414e+07
14  4  8.55283e+07
14  5  7.43641e+07
14  6  5.91454e+07
14  7  5.20177e+07
14  8  4.44017e+07
14  9  4.38953e+07
14  10  5.86467e+07
14  11  4.8195e+07
14  12  4.47262e+07
14  13  4.63508e+07
14  14  4.04374e+07
14  15  4.35104e+07
14  16  4.09125e+07
14  17  4.56006e+07
14  18  4.67723e+07
14  19  5.17163e+07
14  20  4.80466e+07
14  21  4.65307e+07
14  22  5.61728e+07
14  23  4.80833e+07
14  24  6.46815e+07
14  25  7.72086e+07
14  26  2.04782e+08
14  27  8.2398e+07
14  28  7.40348e+07
14  29  7.21681e+07
14  30  5.37935e+07
14  31  5.08299e+07
14  32  5.83488e+07
14  33  4.9597e+07
14  34  6.03768e+07
14  35  4.67837e+07
14  36  3.22261e+07
14  37  3.93108e+07
14  38  3.96407e+07
14  39  4.39693e+07
14  40  4.86462e+07
14  41  4.71088e+07
14  42  4.6083e+07
14  43  4.00617e+07
14  44  3.20831e+07
14  45  3.74381e+07
14  46  4.77088e+07
14  47  3.22269e+07
14  48  3.74686e+07
14  49  3.59885e+07
14  50  4.34068e+07
15  0  4.79119e+07
15  1  5.37623e+07
15  2  6.39264e+07
15  3  7.41445e+07
15  4  7.00581e+07
15  5  6.58077e+07
15  6  5.48682e+07
15  7  3.95546e+07
15  8  4.22115e+07
15  9  4.04639e+07
15  10  5.06204e+07
15  11  4.63178e+07
15  12  4.69644e+07
15  13  4.03297e+07
15  14  3.47409e+07
15  15  3.95856e+07
15  16  4.68497e+07
15  17  4.60718e+07
15  18  3.95146e+07
15  19  4.09723e+07
15  20  5.06345e+07
15  21  3.90039e+07
15  22  5.63909e+07
15  23  5.10057e+07
15  24  7.34457e+07
15  25  7.96485e+07
15  26  1.49085e+08
15  27  7.58402e+07
15  28  6.07016e+07
15  29  7.15299e+07
15  30  5.10095e+07
15  31  5.34755e+07
15  32  5.79579e+07
15  33  6.15008e+07
15  34  5.58504e+07
15  35  4.42577e+07
15  36  3.24351e+07
15  37  4.4103e+07
15  38  4.71966e+07
15  39  3.87722e+07
15  40  5.8042e+07
15  41  5.09822e+07
15  42  4.95658e+07
15  43  4.49027e+07
15  44  3.20225e+07
15  45  4.2712e+07
15  46  4.51204e+07
15  47  3.79094e+07
15  48  4.34698e+07
15  49  3.90003e+07
15  50  4.64229e+07
16  0  4.16654e+07
16  1  6.25455e+07
16  2  7.52998e+07
16  3  8.22407e+07
16  4  7.4389e+07
16  5  6.92012e+07
16  6  6.80478e+07
16  7  5.48338e+07
16  8  4.58757e+07
16  9  4.98274e+07
16  10  5.14514e+07
16  11  5.37857e+07
16  12  4.74783e+07
16  13  4.56462e+07
16  14  4.73672e+07
16  15  4.37743e+07
16  16  5.49247e+07
16  17  4.17492e+07
16  18  4.52769e+07
16  19  4.33836e+07
16  20  5.51106e+07
16  21  4.00508e+07
16  22  6.23969e+07
16  23  6.00838e+07
16  24  6.88011e+07
16  25  1.00716e+08
16  26  1.27597e+08
16  27  7.85434e+07
16  28  7.80656e+07
16  29  6.64516e+07
16  30  5.89364e+07
16  31  5.52049e+07
16  32  5.37856e+07
16  33  5.98629e+07
16  34  5.03798e+07
16  35  4.29804e+07
16  36  3.98639e+07
16  37  4.32337e+07
16  38  4.26957e+07
16  39  4.02681e+07
16  40  5.29505e+07
16  41  4.91593e+07
16  42  3.96593e+07
16  43  3.46602e+07
16  44  4.53179e+07
16  45  4.46974e+07
16  46  4.18651e+07
16  47  3.41442e+07
16  48  3.61654e+07
16  49  3.89645e+07
16  50  5.37314e+07
17  0  5.52958e+07
17  1  5.51888e+07
17  2  6.52916e+07
17  3  7.22492e+07
17  4  7.5483e+07
17  5  6.61889e+07
17  6  5.98713e+07
17  7  5.45153e+07
17  8  4.57298e+07
17  9  4.51307e+07
17  10  5.04518e+07
17  11  5.73283e+07
17  12  4.48965e+07
17  13  4.0564e+07
17  14  4.20454e+07
17  15  4.27992e+07
17  16  4.65789e+07
17  17  5.13577e+07
17  18  4.45601e+07
17  19  4.77717e+07
17  20  6.60274e+07
17  21  5.45419e+07
17  22  6.60267e+07
17  23  4.91305e+07
17  24  7.03289e+07
17  25  9.88693e+07
17  26  1.21629e+08
17  27  8.15816e+07
17  28  6.58483e+07
17  29  6.55792e+07
17  30  6.20631e+07
17  31  5.34867e+07
17  32  5.46795e+07
17  33  4.8203e+07
17  34  5.15955e+07
17  35  4.65965e+07
17  36  3.70313e+07
17  37  3.71653e+07
17  38  4.19272e+07
17  39  5.05548e+07
17  40  5.102e+07
17  41  4.74617e+07
17  42  4.29702e+07
17  43  4.41867e+07
17  44  4.27891e+07
17  45  4.12504e+07
17  46  4.68255e+07
17  47  3.29314e+07
17  48  4.2088e+07
17  49  4.13534e+07
17  50  3.85204e+07
18  0  5.40865e+07
18  1  5.80922e+07
18  2  6.82526e+07
18  3  7.51695e+07
18  4  6.42776e+07
18  5  7.17247e+07
18  6  5.54871e+07
18  7  4.67364e+07
18  8  3.9088e+07
18  9  4.81398e+07
18  10  5.72434e+07
18  11  5.27224e+07
18  12  4.81076e+07
18  13  4.77569e+07
18  14  3.71514e+07
18  15  5.09461e+07
18  16  4.4473e+07
18  17  5.8411e+07
18  18  4.55389e+07
18  19  4.06653e+07
18  20  6.05784e+07
18  21  3.84962e+07
18  22  5.58454e+07
18  23  6.45548e+07
18  24  7.41544e+07
18  25  9.79175e+07
18  26  1.22925e+08
18  27  7.90238e+07
18  28  6.98026e+07
18  29  6.04762e+07
18  30  6.081e+07
18  31  5.513e+07
18  32  5.08685e+07
18  33  6.38139e+07
18  34  5.59721e+07
18  35  4.55555e+07
18  36  3.79343e+07
18  37  4.34914e+07
18  38  3.96075e+07
18  39  4.01584e+07
18  40  4.35941e+07
18  41  5.06455e+07
18  42  4.51068e+07
18  43  3.9279e+07
18  44  4.56242e+07
18  45  4.89131e+07
18  46  4.69471e+07
18  47  3.16418e+07
18  48  3.99852e+07
18  49  3.49376e+07
18  50  5.69751e+07
19  0  5.22308e+07
19  1  5.75941e+07
19  2  8.64558e+07
19  3  6.43672e+07
19  4  7.02915e+07
19  5  7.30124e+07
19  6  6.88458e+07
19  7  5.27859e+07
19  8  5.24842e+07
19  9  3.8716e+07
19  10  4.72503e+07
19  11  5.9762e+07
19  12  4.79188e+07
19  13  4.80713e+07
19  14  5.27533e+07
19  15  5.06715e+07
19  16  5.02091e+07
19  17  5.06204e+07
19  18  4.2534e+07
19  19  4.21482e+07
19  20  5.53977e+07
19  21  4.71585e+07
19  22  5.02376e+07
19  23  5.0939e+07
19  24  7.76026e+07
19  25  9.08641e+07
19  26  9.20948e+07
19  27  6.62465e+07
19  28  5.79335e+07
19  29  5.45549e+07
19  30  5.45097e+07
19  31  5.63298e+07
19  32  6.07954e+07
19  33  4.97792e+07
19  34  5.07447e+07
19  35  4.9449e+07
19  36  3.54927e+07
19  37  3.51479e+07
19  38  4.24559e+07
19  39  4.04225e+07
19  40  4.5077e+07
19  41  5.28308e+07
19  42  4.28121e+07
19  43  4.46269e+07
19  44  4.00741e+07
19  45  6.33588e+07
19  46  4.87991e+07
19  47  4.46233e+07
19  48  4.57242e+07
19  49  3.59946e+07
19  50  5.00202e+07
20  0  5.38938e+07
20  1  6.3296e+07
20  2  7.19488e+07
20  3  7.40771e+07
20  4  6.77647e+07
20  5  8.16819e+07
20  6  6.81649e+07
20  7  5.47071e+07
20  8  5.373e+07
20  9  4.35019e+07
20  10  4.80539e+07
20  11  4.91449e+07
20  12  6.93927e+07
20  13  6.02212e+07
20  14  4.67883e+07
20  15  5.88164e+07
20  16  5.05204e+07
20  17  6.59692e+07
20  18  4.47619e+07
20  19  4.14909e+07
20  20  4.76745e+07
20  21  4.60975e+07
20  22  4.05953e+07
20  23  4.57402e+07
20  24  6.56152e+07
20  25  1.10638e+08
20  26  8.40222e+07
20  27  6.95542e+07
20  28  4.67737e+07
20  29  4.42905e+07
20  30  4.80926e+07
20  31  4.96645e+07
20  32  4.35451e+07
20  33  4.55534e+07
20  34  5.86719e+07
20  35  4.07292e+07
20  36  3.52425e+07
20  37  3.49335e+07
20  38  3.97323e+07
20  39  3.93995e+07
20  40  4.55051e+07
20  41  5.1039e+07
20  42  4.81178e+07
20  43  4.7459e+07
20  44  5.24378e+07
20  45  6.1115e+07
20  46  5.31259e+07
20  47  4.69056e+07
20  48  4.71016e+07
20  49  4.95823e+07
20  50  5.13264e+07
21  0  5.49547e+07
21  1  7.43134e+07
21  2  1.04214e+08
21  3  5.92654e+07
21  4  7.23068e+07
21  5  8.60163e+07
21  6  7.66485e+07
21  7  5.61229e+07
21  8  5.69637e+07
21  9  4.7973e+07
21  10  5.19486e+07
21  11  5.38726e+07
21  12  5.78773e+07
21  13  5.7447e+07
21  14  4.68323e+07
21  15  4.75711e+07
21  16  5.5457e+07
21  17  5.50705e+07
21  18  4.80836e+07
21  19  4.05342e+07
21  20  4.54079e+07
21  21  4.86575e+07
21  22  5.46701e+07
21  23  4.27045e+07
21  24  6.31698e+07
21  25  1.16598e+08
21  26  7.58899e+07
21  27  5.72282e+07
21  28  5.32088e+07
21  29  4.59688e+07
21  30  5.00621e+07
21  31  4.52159e+07
21  32  4.41604e+07
21  33  4.69746e+07
21  34  5.13827e+07
21  35  5.13569e+07
21  36  2.94196e+07
21  37  3.36897e+07
21  38  3.41729e+07
21  39  3.65063e+07
21  40  4.52192e+07
21  41  5.35406e+07
21  42  5.26256e+07
21  43  4.31591e+07
21  44  5.24418e+07
21  45  7.62264e+07
21  46  5.00352e+07
21  47  5.88022e+07
21  48  5.83965e+07
21  49  5.1433e+07
21  50  6.39489e+07
22  0  5.62609e+07
22  1  6.82678e+07
22  2  8.92142e+07
22  3  8.57633e+07
22  4  6.65278e+07
22  5  9.88115e+07
22  6  7.9199e+07
22  7  6.75001e+07
22  8  6.25028e+07
22  9  5.85838e+07
22  10  4.56368e+07
22  11  5.24734e+07
22  12  6.46851e+07
22  13  5.54524e+07
22  14  4.42704e+07
22  15  4.19738e+07
22  16  5.35265e+07
22  17  5.61379e+07
22  18  3.71789e+07
22  19  3.95508e+07
22  20  5.71959e+07
22  21  3.30935e+07
22  22  4.97888e+07
22  23  5.15682e+07
22  24  5.00445e+07
22  25  1.04101e+08
22  26  6.80629e+07
22  27  4.40195e+07
22  28  4.19644e+07
22  29  4.5559e+07
22  30  5.00362e+07
22  31  3.91845e+07
22  32  4.47583e+07
22  33  4.34991e+07
22  34  5.65661e+07
22  35  5.87155e+07
22  36  3.16857e+07
22  37  3.04885e+07
22  38  3.98893e+07
22  39  3.75605e+07
22  40  4.04646e+07
22  41  4.40654e+07
22  42  3.83035e+07
22  43  5.24633e+07
22  44  4.91545e+07
22  45  7.23258e+07
22  46  7.03866e+07
22  47  5.9358e+07
22  48  5.83679e+07
22  49  5.63277e+07
22  50  4.96161e+07
23  0  5.89468e+07
23  1  6.65871e+07
23  2  7.59689e+07
23  3  6.05627e+07
23  4  8.3119e+07
23  5  7.54612e+07
23  6  8.82848e+07
23  7  7.54865e+07
23  8  6.41073e+07
23  9  4.78795e+07
23  10  4.18067e+07
23  11  5.66311e+07
23  12  6.52837e+07
23  13  6.37239e+07
23  14  5.03149e+07
23  15  4.37167e+07
23  16  4.78437e+07
23  17  5.28105e+07
23  18  3.54987e+07
23  19  4.43236e+07
23  20  5.67292e+07
23  21  4.78329e+07
23  22  4.19711e+07
23  23  4.18084e+07
23  24  4.23633e+07
23  25  1.0237e+08
23  26  6.82225e+07
23  27  4.25359e+07
23  28  4.80757e+07
23  29  4.25842e+07
23  30  5.24383e+07
23  31  4.29373e+07
23  32  4.02514e+07
23  33  3.68436e+07
23  34  5.21624e+07
23  35  4.54563e+07
23  36  4.34689e+07
23  37  3.32903e+07
23  38  3.66745e+07
23  39  3.62458e+07
23  40  5.62533e+07
23  41  5.43782e+07
23  42  4.84354e+07
23  43  5.87695e+07
23  44  5.89699e+07
23  45  1.26033e+08
23  46  7.1475e+07
23  47  5.57207e+07
23  48  5.91677e+07
23  49  7.14342e+07
23  50  6.82313e+07
24  0  5.94619e+07
24  1  6.35214e+07
24  2  6.9462e+07
24  3  6.02629e+07
24  4  5.44055e+07
24  5  7.4802e+07
24  6  7.23834e+07
24  7  7.9638e+07
24  8  8.28293e+07
24  9  5.49364e+07
24  10  5.11316e+07
24  11  5.05239e+07
24  12  6.04581e+07
24  13  6.80249e+07
24  14  4.95684e+07
24  15  4.91484e+07
24  16  5.10035e+07
24  17  4.52776e+07
24  18  3.51071e+07
24  19  4.15156e+07
24  20  4.65403e+07
24  21  3.72144e+07
24  22  4.33131e+07
24  23  3.6406e+07
24  24  4.72148e+07
24  25  7.95212e+07
24  26  5.18613e+07
24  27  4.52158e+07
24  28  4.12784e+07
24  29  4.52322e+07
24  30  5.51248e+07
24  31  4.2975e+07
24  32  4.82292e+07
24  33  3.65847e+07
24  34  4.56806e+07
24  35  4.00059e+07
24  36  3.31199e+07
24  37  3.69887e+07
24  38  3.53084e+07
24  39  3.49731e+07
24  40  4.1091e+07
24  41  5.16646e+07
24  42  5.24921e+07
24  43  6.74445e+07
24  44  4.94081e+07
24  45  7.51043e+07
24  46  5.86263e+07
24  47  5.84426e+07
24  48  6.28674e+07
24  49  5.80316e+07
24  50  6.48049e+07
25  0  5.33909e+07
25  1  6.79809e+07
25  2  6.71039e+07
25  3  5.34528e+07
25  4  5.21751e+07
25  5  5.55036e+07
25  6  5.26716e+07
25  7  6.47309e+07
25  8  7.22058e+07
25  9  6.3476e+07
25  10  5.63793e+07
25  11  6.0019e+07
25  12  5.5893e+07
25  13  6.9493e+07
25  14  5.78367e+07
25  15  5.29281e+07
25  16  5.7164e+07
25  17  4.65146e+07
25  18  3.91394e+07
25  19  4.16038e+07
25  20  4.0476e+07
25  21  4.22223e+07
25  22  3.96575e+07
25  23  3.32951e+07
25  24  4.13622e+07
25  25  6.4657e+07
25  26  4.88971e+07
25  27  4.64435e+07
25  28  4.72047e+07
25  29  3.88363e+07
25  30  4.31291e+07
25  31  3.70112e+07
25  32  5.31095e+07
25  33  4.42361e+07
25  34  5.27515e+07
25  35  3.91568e+07
25  36  4.0053e+07
25  37  3.07416e+07
25  38  3.2066e+07
25  39  3.35954e+07
25  40  5.16951e+07
25  41  5.92257e+07
25  42  5.64928e+07
25  43  7.93005e+07
25  44  6.10288e+07
25  45  7.52663e+07
25  46  5.8219e+07
25  47  5.01028e+07
25  48  5.74968e+07
25  49  6.46959e+07
25  50  7.45932e+07
26  0  6.68904e+07
26  1  7.62865e+07
26  2  6.93656e+07
26  3  6.27659e+07
26  4  6.26346e+07
26  5  5.91316e+07
26  6  5.30861e+07
26  7  5.58421e+07
26  8  7.05129e+07
26  9  5.13836e+07
26  10  4.42635e+07
26  11  5.29346e+07
26  12  5.69047e+07
26  13  6.25021e+07
26  14  5.0261e+07
26  15  4.63993e+07
26  16  4.95943e+07
26  17  3.90936e+07
26  18  3.73309e+07
26  19  5.27391e+07
26  20  5.96002e+07
26  21  4.84905e+07
26  22  4.45098e+07
26  23  3.00346e+07
26  24  3.67722e+07
26  25  6.10188e+07
26  26  5.51749e+07
26  27  4.0558e+07
26  28  4.47054e+07
26  29  3.84667e+07
26  30  4.68646e+07
26  31  3.17632e+07
26  32  4.45133e+07
26  33  4.1707e+07
26  34  4.24436e+07
26  35  4.18611e+07
26  36  3.78651e+07
26  37  5.11692e+07
26  38  3.65974e+07
26  39  4.12828e+07
26  40  4.3226e+07
26  41  5.14692e+07
26  42  5.91613e+07
26  43  9.37229e+07
26  44  7.4671e+07
26  45  6.49942e+07
26  46  5.68534e+07
26  47  6.24244e+07
26  48  5.42337e+07
26  49  5.7092e+07
26  50  6.32327e+07
27  0  7.47487e+07
27  1  7.98094e+07
27  2  6.44174e+07
27  3  6.41459e+07
27  4  5.96521e+07
27  5  5.53891e+07
27  6  5.22072e+07
27  7  5.89124e+07
27  8  9.63564e+07
27  9  5.63823e+07
27  10  4.94957e+07
27  11  4.60347e+07
27  12  7.27664e+07
27  13  4.74333e+07
27  14  5.05567e+07
27  15  5.7237e+07
27  16  4.82221e+07
27  17  4.19516e+07
27  18  4.52844e+07
27  19  5.92868e+07
27  20  7.55075e+07
27  21  4.59807e+07
27  22  4.28324e+07
27  23  3.40181e+07
27  24  4.21774e+07
27  25  4.10515e+07
27  26  3.8253e+07
27  27  4.72475e+07
27  28  4.03043e+07
27  29  4.43781e+07
27  30  4.34273e+07
27  31  4.1857e+07
27  32  5.01345e+07
27  33  3.38863e+07
27  34  4.66234e+07
27  35  3.44308e+07
27  36  3.87906e+07
27  37  4.00159e+07
27  38  3.82406e+07
27  39  4.57739e+07
27  40  4.63108e+07
27  41  5.44495e+07
27  42  7.12729e+07
27  43  8.62701e+07
27  44  6.95473e+07
27  45  6.39025e+07
27  46  5.78685e+07
27  47  5.78594e+07
27  48  6.13282e+07
27  49  5.52395e+07
27  50  6.19155e+07
28  0  7.66243e+07
28  1  6.86024e+07
28  2  5.6389e+07
28  3  6.21209e+07
28  4  6.06773e+07
28  5  7.23399e+07
28  6  5.37065e+07
28  7  5.99221e+07
28  8  6.19656e+07
28  9  6.28574e+07
28  10  4.96311e+07
28  11  4.64361e+07
28  12  4.60147e+07
28  13  5.14579e+07
28  14  5.08615e+07
28  15  5.5277e+07
28  16  4.98297e+07
28  17  4.36304e+07
28  18  4.56857e+07
28  19  5.71863e+07
28  20  5.97682e+07
28  21  4.88699e+07
28  22  4.08888e+07
28  23  3.32198e+07
28  24  3.10411e+07
28  25  4.81448e+07
28  26  3.83923e+07
28  27  3.79168e+07
28  28  4.63319e+07
28  29  4.55874e+07
28  30  4.29096e+07
28  31  3.39445e+07
28  32  4.49338e+07
28  33  3.84805e+07
28  34  4.90956e+07
28  35  4.23429e+07
28  36  3.8124e+07
28  37  3.95912e+07
28  38  4.44125e+07
28  39  4.3267e+07
28  40  4.18945e+07
28  41  5.27943e+07
28  42  6.0966e+07
28  43  1.18449e+08
28  44  7.96504e+07
28  45  6.30669e+07
28  46  5.71927e+07
28  47  6.06386e+07
28  48  5.82049e+07
28  49  5.81812e+07
28  50  6.50865e+07
29  0  8.11557e+07
29  1  8.06876e+07
29  2  5.51986e+07
29  3  5.83785e+07
29  4  6.0699e+07
29  5  5.30484e+07
29  6  4.51375e+07
29  7  5.93187e+07
29  8  6.7637e+07
29  9  5.33499e+07
29  10  3.95982e+07
29  11  3.79545e+07
29  12  5.89991e+07
29  13  4.94636e+07
29  14  4.58624e+07
29  15  4.72349e+07
29  16  4.44344e+07
29  17  4.54608e+07
29  18  4.06155e+07
29  19  8.68335e+07
29  20  7.32339e+07
29  21  3.79474e+07
29  22  4.06126e+07
29  23  3.87154e+07
29  24  4.07577e+07
29  25  4.83141e+07
29  26  4.76808e+07
29  27  4.28612e+07
29  28  3.75603e+07
29  29  4.32625e+07
29  30  4.06251e+07
29  31  3.9369e+07
29  32  4.29921e+07
29  33  3.61779e+07
29  34  4.17078e+07
29  35  3.63902e+07
29  36  4.19407e+07
29  37  4.51241e+07
29  38  4.05318e+07
29  39  4.89685e+07
29  40  3.84371e+07
29  41  5.80246e+07
29  42  6.4087e+07
29  43  1.25588e+08
29  44  8.60722e+07
29  45  7.1299e+07
29  46  5.95945e+07
29  47  6.04571e+07
29  48  5.72689e+07
29  49  5.58614e+07
29  50  6.11543e+07
30  0  6.91026e+07
30  1  6.54378e+07
30  2  6.20743e+07
30  3  5.35354e+07
30  4  5.14973e+07
30  5  4.82887e+07
30  6  5.03112e+07
30  7  5.82013e+07
30  8  6.80872e+07
30  9  4.53827e+07
30  10  4.02642e+07
30  11  4.06239e+07
30  12  5.16866e+07
30  13  4.9957e+07
30  14  5.95784e+07
30  15  5.13882e+07
30  16  4.77158e+07
30  17  4.0477e+07
30  18  5.39283e+07
30  19  7.57911e+07
30  20  6.61407e+07
30  21  4.82844e+07
30  22  4.2919e+07
30  23  3.57751e+07
30  24  4.29006e+07
30  25  4.73687e+07
30  26  3.13409e+07
30  27  3.98916e+07
30  28  4.0882e+07
30  29  3.2988e+07
30  30  4.52075e+07
30  31  3.91978e+07
30  32  3.97515e+07
30  33  2.82205e+07
30  34  4.42056e+07
30  35  4.36719e+07
30  36  3.8822e+07
30  37  3.76963e+07
30  38  4.30127e+07
30  39  5.47246e+07
30  40  4.34624e+07
30  41  4.86744e+07
30  42  6.61364e+07
30  43  9.25343e+07
30  44  1.35626e+08
30  45  5.54249e+07
30  46  5.86854e+07
30  47  6.57041e+07
30  48  7.30481e+07
30  49  5.19007e+07
30  50  5.06021e+07
31  0  7.67557e+07
31  1  6.50173e+07
31  2  5.90532e+07
31  3  6.56372e+07
31  4  4.79782e+07
31  5  4.5249e+07
31  6  4.72371e+07
31  7  6.83084e+07
31  8  6.40221e+07
31  9  4.99907e+07
31  10  4.99339e+07
31  11  4.2402e+07
31  12  5.38942e+07
31  13  4.93317e+07
31  14  4.71319e+07
31  15  4.99683e+07
31  16  5.0306e+07
31  17  4.43781e+07
31  18  4.53866e+07
31  19  6.07563e+07
31  20  6.00124e+07
31  21  3.77098e+07
31  22  4.42547e+07
31  23  4.64325e+07
31  24  4.67913e+07
31  25  4.37074e+07
31  26  3.96905e+07
31  27  4.35723e+07
31  28  3.26537e+07
31  29  3.27931e+07
31  30  4.2031e+07
31  31  4.22277e+07
31  32  3.72876e+07
31  33  3.6686e+07
31  34  4.8098e+07
31  35  3.76825e+07
31  36  4.29009e+07
31  37  4.93766e+07
31  38  4.75706e+07
31  39  5.70705e+07
31  40  4.21941e+07
31  41  4.7538e+07
31  42  6.44315e+07
31  43  9.21926e+07
31  44  9.59544e+07
31  45  5.69391e+07
31  46  5.34862e+07
31  47  5.44163e+07
31  48  7.38596e+07
31  49  4.07767e+07
31  50  5.7124e+07
32  0  7.658e+07
32  1  6.19075e+07
32  2  5.64481e+07
32  3  6.38019e+07
32  4  5.01635e+07
32  5  4.1768e+07
32  6  4.33865e+07
32  7  6.0341e+07
32  8  9.97463e+07
32  9  6.22247e+07
32  10  5.69775e+07
32  11  5.77759e+07
32  12  5.05787e+07
32  13  4.88882e+07
32  14  5.10359e+07
32  15  4.53851e+07
32  16  4.4048e+07
32  17  4.37968e+07
32  18  4.17078e+07
32  19  4.85939e+07
32  20  5.43516e+07
32  21  5.24139e+07
32  22  3.83119e+07
32  23  3.62398e+07
32  24  4.24568e+07
32  25  3.95302e+07
32  26  3.96697e+07
32  27  3.71503e+07
32  28  4.23239e+07
32  29  3.57952e+07
32  30  4.18302e+07
32  31  4.69979e+07
32  32  4.38172e+07
32  33  3.5691e+07
32  34  3.61973e+07
32  35  3.99443e+07
32  36  5.35773e+07
32  37  4.66151e+07
32  38  4.58161e+07
32  39  5.04174e+07
32  40  4.43242e+07
32  41  4.77266e+07
32  42  5.66148e+07
32  43  6.14381e+07
32  44  9.54405e+07
32  45  4.47889e+07
32  46  4.78309e+07
32  47  5.28556e+07
32  48  7.89939e+07
32  49  5.16219e+07
32  50  5.15892e+07
33  0  6.02767e+07
33  1  5.52214e+07
33  2  5.35444e+07
33  3  5.19615e+07
33  4  4.51856e+07
33  5  4.7319e+07
33  6  4.38148e+07
33  7  8.35113e+07
33  8  7.29765e+07
33  9  5.74636e+07
33  10  6.6099e+07
33  11  4.44246e+07
33  12  5.61758e+07
33  13  5.56091e+07
33  14  4.94104e+07
33  15  4.96382e+07
33  16  4.9963e+07
33  17  4.74655e+07
33  18  5.15562e+07
33  19  4.91055e+07
33  20  5.80536e+07
33  21  5.03741e+07
33  22  3.09777e+07
33  23  3.75391e+07
33  24  4.04884e+07
33  25  3.2591e+07
33  26  4.02149e+07
33  27  4.25582e+07
33  28  3.85817e+07
33  29  4.14644e+07
33  30  4.15852e+07
33  31  3.68297e+07
33  32  3.59545e+07
33  33  3.91637e+07
33  34  4.45546e+07
33  35  5.14873e+07
33  36  3.93465e+07
33  37  4.47456e+07
33  38  4.31489e+07
33  39  4.9698e+07
33  40  4.87235e+07
33  41  5.52072e+07
33  42  6.68914e+07
33  43  7.78504e+07
33  44  6.82395e+07
33  45  4.58068e+07
33  46  4.90742e+07
33  47  5.7389e+07
33  48  7.40173e+07
33  49  4.59971e+07
33  50  4.37517e+07
34  0  6.51374e+07
34  1  6.00086e+07
34  2  5.0358e+07
34  3  5.17069e+07
34  4  3.95173e+07
34  5  3.77578e+07
34  6  3.72019e+07
34  7  5.17898e+07
34  8  6.41282e+07
34  9  6.23909e+07
34  10  5.60321e+07
34  11  5.74429e+07
34  12  6.11976e+07
34  13  5.75225e+07
34  14  6.13786e+07
34  15  4.84046e+07
34  16  4.68583e+07
34  17  5.55614e+07
34  18  5.78045e+07
34  19  4.67969e+07
34  20  5.93463e+07
34  21  4.96308e+07
34  22  4.27217e+07
34  23  3.46119e+07
34  24  4.87222e+07
34  25  3.75355e+07
34  26  4.13478e+07
34  27  3.78491e+07
34  28  3.57667e+07
34  29  3.3992e+07
34  30  3.80644e+07
34  31  3.30985e+07
34  32  4.91643e+07
34  33  3.80065e+07
34  34  4.01821e+07
34  35  3.87996e+07
34  36  3.52231e+07
34  37  4.82054e+07
34  38  5.75933e+07
34  39  5.32695e+07
34  40  4.76931e+07
34  41  5.86167e+07
34  42  7.83622e+07
34  43  5.28742e+07
34  44  7.27005e+07
34  45  4.60729e+07
34  46  3.48883e+07
34  47  4.31254e+07
34  48  5.78695e+07
34  49  4.51603e+07
34  50  4.35745e+07
35  0  5.58325e+07
35  1  4.60511e+07
35  2  5.11773e+07
35  3  5.65943e+07
35  4  4.33334e+07
35  5  4.60916e+07
35  6  4.31735e+07
35  7  6.31962e+07
35  8  6.7396e+07
35  9  7.69205e+07
35  10  6.00184e+07
35  11  5.81243e+07
35  12  7.20496e+07
35  13  6.34915e+07
35  14  6.92549e+07
35  15  6.02158e+07
35  16  4.74957e+07
35  17  6.59417e+07
35  18  6.60547e+07
35  19  5.31942e+07
35  20  6.32012e+07
35  21  5.38031e+07
35  22  4.35565e+07
35  23  4.84561e+07
35  24  3.77548e+07
35  25  4.03618e+07
35  26  4.2848e+07
35  27  3.91049e+07
35  28  3.59113e+07
35  29  3.64508e+07
35  30  3.21892e+07
35  31  3.90751e+07
35  32  6.52448e+07
35  33  3.23374e+07
35  34  4.50813e+07
35  35  3.77075e+07
35  36  4.38931e+07
35  37  4.67327e+07
35  38  5.56389e+07
35  39  5.70939e+07
35  40  4.1611e+07
35  41  4.84597e+07
35  42  7.41777e+07
35  43  6.93931e+07
35  44  5.18728e+07
35  45  3.37525e+07
35  46  4.10148e+07
35  47  4.30988e+07
35  48  4.92014e+07
35  49  4.60822e+07
35  50  3.97655e+07
36  0  4.85547e+07
36  1  5.76435e+07
36  2  6.91638e+07
36  3  5.97516e+07
36  4  4.30128e+07
36  5  5.05141e+07
36  6  3.71533e+07
36  7  5.84474e+07
36  8  8.35658e+07
36  9  7.37524e+07
36  10  7.05189e+07
36  11  7.60342e+07
36  12  7.80468e+07
36  13  6.74917e+07
36  14  6.34704e+07
36  15  7.94577e+07
36  16  5.26672e+07
36  17  5.35145e+07
36  18  7.14124e+07
36  19  5.30078e+07
36  20  5.81351e+07
36  21  6.46098e+07
36  22  4.12668e+07
36  23  5.27769e+07
36  24  4.76373e+07
36  25  3.95255e+07
36  26  4.36921e+07
36  27  5.06872e+07
36  28  3.47278e+07
36  29  2.82374e+07
36  30  3.78427e+07
36  31  3.4433e+07
36  32  4.23765e+07
36  33  3.87769e+07
36  34  4.33833e+07
36  35  4.02659e+07
36  36  4.12342e+07
36  37  3.73594e+07
36  38  5.18328e+07
36  39  4.42509e+07
36  40  4.06342e+07
36  41  4.14881e+07
36  42  5.50084e+07
36  43  4.56545e+07
36  44  4.9421e+07
36  45  3.16741e+07
36  46  4.01912e+07
36  47  4.28821e+07
36  48  4.5732e+07
36  49  4.0656e+07
36  50  3.47901e+07
37  0  5.09513e+07
37  1  6.03571e+07
37  2  6.12851e+07
37  3  5.88423e+07
37  4  4.9263e+07
37  5  4.16471e+07
37  6  4.54869e+07
37  7  6.16267e+07
37  8  8.42789e+07
37  9  7.20817e+07
37  10  7.86679e+07
37  11  7.23043e+07
37  12  9.53386e+07
37  13  7.25156e+07
37  14  6.353e+07
37  15  7.08157e+07
37  16  5.71305e+07
37  17  6.57611e+07
37  18  6.98215e+07
37  19  5.44566e+07
37  20  6.66775e+07
37  21  6.13367e+07
37  22  4.52469e+07
37  23  4.80376e+07
37  24  4.31251e+07
37  25  4.81046e+07
37  26  4.2815e+07
37  27  4.15207e+07
37  28  3.1617e+07
37  29  3.8685e+07
37  30  2.51154e+07
37  31  3.4308e+07
37  32  4.11577e+07
37  33  4.47074e+07
37  34  4.86836e+07
37  35  5.14318e+07
37  36  4.49399e+07
37  37  4.77634e+07
37  38  4.45112e+07
37  39  5.01579e+07
37  40  4.26657e+07
37  41  4.1668e+07
37  42  4.92352e+07
37  43  4.22683e+07
37  44  4.77574e+07
37  45  3.84587e+07
37  46  3.20579e+07
37  47  3.58992e+07
37  48  4.23498e+07
37  49  3.57482e+07
37  50  3.29874e+07
38  0  5.21728e+07
38  1  5.98946e+07
38  2  6.52494e+07
38  3  5.35728e+07
38  4  4.3446e+07
38  5  4.02467e+07
38  6  4.85483e+07
38  7  5.95602e+07
38  8  9.03478e+07
38  9  5.94615e+07
38  10  7.45778e+07
38  11  8.02992e+07
38  12  1.07214e+08
38  13  8.75971e+07
38  14  6.75993e+07
38  15  7.27745e+07
38  16  5.0384e+07
38  17  6.39818e+07
38  18  8.30906e+07
38  19  6.08878e+07
38  20  6.16285e+07
38  21  7.63399e+07
38  22  6.24846e+07
38  23  5.82567e+07
38  24  5.96293e+07
38  25  4.52621e+07
38  26  4.25663e+07
38  27  4.71051e+07
38  28  3.11123e+07
38  29  3.46378e+07
38  30  3.05409e+07
38  31  3.92603e+07
38  32  4.61032e+07
38  33  4.97105e+07
38  34  4.87938e+07
38  35  5.26462e+07
38  36  4.95343e+07
38  37  3.67063e+07
38  38  4.64589e+07
38  39  4.52249e+07
38  40  4.82692e+07
38  41  3.63899e+07
38  42  4.21098e+07
38  43  4.17116e+07
38  44  4.49546e+07
38  45  3.02246e+07
38  46  4.16884e+07
38  47  3.63357e+07
38  48  3.51508e+07
38  49  3.68578e+07
38  50  2.90092e+07
39  0  4.8586e+07
39  1  5.33793e+07
39  2  4.1453e+07
39  3  5.33104e+07
39  4  4.79074e+07
39  5  4.57591e+07
39  6  4.69657e+07
39  7  6.79009e+07
39  8  1.08433e+08
39  9  8.01954e+07
39  10  7.90448e+07
39  11  8.61481e+07
39  12  9.30775e+07
39  13  8.47894e+07
39  14  7.23238e+07
39  15  6.50012e+07
39  16  6.00701e+07
39  17  6.69038e+07
39  18  6.48891e+07
39  19  6.5682e+07
39  20  8.93291e+07
39  21  6.80181e+07
39  22  6.69888e+07
39  23  5.6512e+07
39  24  5.55084e+07
39  25  5.13979e+07
39  26  4.43352e+07
39  27  4.11568e+07
39  28  3.33951e+07
39  29  3.95886e+07
39  30  3.01357e+07
39  31  3.47295e+07
39  32  4.24474e+07
39  33  4.88711e+07
39  34  5.11851e+07
39  35  5.54662e+07
39  36  5.05294e+07
39  37  4.05441e+07
39  38  5.018e+07
39  39  4.89645e+07
39  40  4.21231e+07
39  41  3.48548e+07
39  42  5.34258e+07
39  43  3.78139e+07
39  44  4.61922e+07
39  45  3.51285e+07
39  46  3.23455e+07
39  47  3.58944e+07
39  48  3.24321e+07
39  49  2.54125e+07
39  50  3.10514e+07
40  0  3.80389e+07
40  1  5.33984e+07
40  2  3.71243e+07
40  3  4.87301e+07
40  4  5.01926e+07
40  5  4.34831e+07
40  6  4.97078e+07
40  7  5.29764e+07
40  8  8.52262e+07
40  9  6.35511e+07
40  10  7.62721e+07
40  11  8.23192e+07
40  12  9.157e+07
40  13  7.72885e+07
40  14  7.04536e+07
40  15  5.90781e+07
40  16  6.17832e+07
40  17  5.51802e+07
40  18  5.97876e+07
40  19  6.27788e+07
40  20  7.34896e+07
40  21  8.37551e+07
40  22  7.47687e+07
40  23  6.2506e+07
40  24  5.58569e+07
40  25  4.69274e+07
40  26  6.0907e+07
40  27  5.57863e+07
40  28  4.08958e+07
40  29  3.09236e+07
40  30  2.53626e+07
40  31  3.44782e+07
40  32  4.13322e+07
40  33  5.04662e+07
40  34  5.04052e+07
40  35  5.20867e+07
40  36  5.45283e+07
40  37  4.92869e+07
40  38  5.2712e+07
40  39  5.24259e+07
40  40  6.12746e+07
40  41  3.73812e+07
40  42  4.15864e+07
40  43  3.17079e+07
40  44  3.59465e+07
40  45  3.23074e+07
40  46  2.95592e+07
40  47  3.73087e+07
40  48  3.0053e+07
40  49  3.02791e+07
40  50  3.50628e+07
41  0  5.00238e+07
41  1  5.13223e+07
41  2  4.7696e+07
41  3  5.07986e+07
41  4  4.71675e+07
41  5  4.35735e+07
41  6  5.48633e+07
41  7  5.44596e+07
41  8  8.60816e+07
41  9  7.3231e+07
41  10  7.36341e+07
41  11  7.82615e+07
41  12  8.36845e+07
41  13  7.20537e+07
41  14  5.93791e+07
41  15  6.16124e+07
41  16  5.63718e+07
41  17  5.00815e+07
41  18  6.23604e+07
41  19  5.8099e+07
41  20  9.53576e+07
41  21  8.2947e+07
41  22  7.17935e+07
41  23  6.69627e+07
41  24  6.23163e+07
41  25  6.2923e+07
41  26  6.01341e+07
41  27  5.58747e+07
41  28  3.97608e+07
41  29  3.25797e+07
41  30  3.24297e+07
41  31  2.82853e+07
41  32  4.43771e+07
41  33  4.91319e+07
41  34  4.71941e+07
41  35  4.96133e+07
41  36  6.53583e+07
41  37  4.74386e+07
41  38  6.15251e+07
41  39  5.54098e+07
41  40  4.4436e+07
41  41  4.17091e+07
41  42  4.33827e+07
41  43  3.00793e+07
41  44  3.57334e+07
41  45  4.22889e+07
41  46  3.09312e+07
41  47  3.28608e+07
41  48  2.76794e+07
41  49  3.60371e+07
41  50  3.14221e+07
42  0  3.85465e+07
42  1  5.37821e+07
42  2  4.68472e+07
42  3  5.40491e+07
42  4  5.61287e+07
42  5  4.904e+07
42  6  4.53221e+07
42  7  5.92791e+07
42  8  7.43118e+07
42  9  6.47284e+07
42  10  7.88796e+07
42  11  8.0762e+07
42  12  7.61453e+07
42  13  7.11314e+07
42  14  5.67577e+07
42  15  5.2225e+07
42  16  4.69308e+07
42  17  5.2348e+07
42  18  5.08202e+07
42  19  5.60261e+07
42  20  6.75518e+07
42  21  8.40575e+07
42  22  7.45941e+07
42  23  6.5028e+07
42  24  6.65342e+07
42  25  5.24115e+07
42  26  6.41566e+07
42  27  6.9362e+07
42  28  4.0518e+07
42  29  3.14319e+07
42  30  3.46262e+07
42  31  3.61563e+07
42  32  4.86125e+07
42  33  4.96953e+07
42  34  4.75907e+07
42  35  4.7143e+07
42  36  5.13368e+07
42  37  5.08105e+07
42  38  8.88822e+07
42  39  6.1298e+07
42  40  5.81082e+07
42  41  4.10019e+07
42  42  3.54633e+07
42  43  4.56986e+07
42  44  3.3653e+07
42  45  4.3609e+07
42  46  3.33202e+07
42  47  3.40598e+07
42  48  4.29752e+07
42  49  3.91614e+07
42  50  4.06216e+07
43  0  4.59639e+07
43  1  5.78622e+07
43  2  3.88628e+07
43  3  5.8708e+07
43  4  5.72148e+07
43  5  5.10127e+07
43  6  6.0976e+07
43  7  6.01426e+07
43  8  6.81942e+07
43  9  6.19599e+07
43  10  6.6174e+07
43  11  9.1968e+07
43  12  7.21206e+07
43  13  6.49354e+07
43  14  5.98025e+07
43  15  5.41432e+07
43  16  4.94776e+07
43  17  5.53383e+07
43  18  5.16163e+07
43  19  5.27597e+07
43  20  6.91777e+07
43  21  9.51841e+07
43  22  8.48285e+07
43  23  6.63367e+07
43  24  6.73881e+07
43  25  6.23049e+07
43  26  6.45395e+07
43  27  6.00472e+07
43  28  3.71329e+07
43  29  3.67039e+07
43  30  3.87957e+07
43  31  4.23136e+07
43  32  4.96716e+07
43  33  5.89806e+07
43  34  4.0985e+07
43  35  4.91735e+07
43  36  5.42309e+07
43  37  5.51847e+07
43  38  9.01166e+07
43  39  6.85363e+07
43  40  6.01981e+07
43  41  4.70406e+07
43  42  4.30245e+07
43  43  4.42288e+07
43  44  3.51521e+07
43  45  4.5311e+07
43  46  3.82957e+07
43  47  4.24738e+07
43  48  4.18515e+07
43  49  4.11103e+07
43  50  3.83837e+07
44  0  4.64813e+07
44  1  4.78957e+07
44  2  4.55534e+07
44  3  6.22483e+07
44  4  5.61455e+07
44  5  4.66394e+07
44  6  6.19539e+07
44  7  6.22797e+07
44  8  6.86287e+07
44  9  7.72775e+07
44  10  6.46263e+07
44  11  8.24617e+07
44  12  8.01786e+07
44  13  7.45031e+07
44  14  5.94179e+07
44  15  5.79702e+07
44  16  4.30625e+07
44  17  4.49585e+07
44  18  4.6663e+07
44  19  4.45563e+07
44  20  5.8156e+07
44  21  7.4967e+07
44  22  8.82755e+07
44  23  7.3464e+07
44  24  6.7276e+07
44  25  5.55621e+07
44  26  5.8555e+07
44  27  5.57063e+07
44  28  3.30781e+07
44  29  3.98919e+07
44  30  3.8284e+07
44  31  4.34487e+07
44  32  4.56992e+07
44  33  5.42838e+07
44  34  3.94005e+07
44  35  4.52861e+07
44  36  4.5302e+07
44  37  5.94914e+07
44  38  1.04879e+08
44  39  7.41897e+07
44  40  4.872e+07
44  41  3.77066e+07
44  42  3.269e+07
44  43  3.83676e+07
44  44  3.42613e+07
44  45  4.85292e+07
44  46  4.71982e+07
44  47  3.74015e+07
44  48  4.13894e+07
44  49  4.8873e+07
44  50  4.59581e+07
45  0  4.39962e+07
45  1  6.61393e+07
45  2  5.0592e+07
45  3  6.03998e+07
45  4  5.31073e+07
45  5  5.26198e+07
45  6  6.19794e+07
45  7  4.80502e+07
45  8  6.37437e+07
45  9  7.82811e+07
45  10  7.38019e+07
45  11  9.31908e+07
45  12  7.94375e+07
45  13  6.75783e+07
45  14  5.68575e+07
45  15  4.83378e+07
45  16  4.12407e+07
45  17  4.28152e+07
45  18  5.5227e+07
45  19  4.68354e+07
45  20  5.71097e+07
45  21  7.60699e+07
45  22  1.08664e+08
45  23  8.04534e+07
45  24  7.22845e+07
45  25  5.34578e+07
45  26  5.50269e+07
45  27  4.96314e+07
45  28  4.5024e+07
45  29  4.44617e+07
45  30  3.27399e+07
45  31  4.78322e+07
45  32  5.05063e+07
45  33  5.09096e+07
45  34  3.74015e+07
45  35  3.8599e+07
45  36  4.436e+07
45  37  4.58779e+07
45  38  1.41843e+08
45  39  7.85979e+07
45  40  5.06838e+07
45  41  4.46253e+07
45  42  3.51546e+07
45  43  4.21666e+07
45  44  4.69421e+07
45  45  5.28022e+07
45  46  3.88318e+07
45  47  4.84136e+07
45  48  5.64896e+07
45  49  4.36642e+07
45  50  4.39354e+07
46  0  5.36149e+07
46  1  6.37234e+07
46  2  4.94469e+07
46  3  5.4999e+07
46  4  5.71432e+07
46  5  4.86852e+07
46  6  6.55781e+07
46  7  5.39333e+07
46  8  5.59321e+07
46  9  5.75528e+07
46  10  6.91253e+07
46  11  7.2784e+07
46  12  8.02012e+07
46  13  6.97143e+07
46  14  5.42275e+07
46  15  4.76162e+07
46  16  5.03849e+07
46  17  4.96644e+07
46  18  4.1282e+07
46  19  4.61753e+07
46  20  5.86756e+07
46  21  5.93077e+07
46  22  8.42492e+07
46  23  6.81911e+07
46  24  5.85422e+07
46  25  6.64289e+07
46  26  5.75018e+07
46  27  5.74569e+07
46  28  3.77934e+07
46  29  3.70691e+07
46  30  2.95908e+07
46  31  4.53702e+07
46  32  5.64098e+07
46  33  5.12418e+07
46  34  4.68346e+07
46  35  4.3695e+07
46  36  3.89918e+07
46  37  5.082e+07
46  38  1.63186e+08
46  39  9.45954e+07
46  40  5.42566e+07
46  41  4.35752e+07
46  42  4.12306e+07
46  43  4.14828e+07
46  44  5.02535e+07
46  45  4.63015e+07
46  46  4.98744e+07
46  47  4.9594e+07
46  48  5.06417e+07
46  49  6.52101e+07
46  50  5.82404e+07
47  0  6.31261e+07
47  1  7.0671e+07
47  2  4.47152e+07
47  3  8.01443e+07
47  4  6.19965e+07
47  5  4.82921e+07
47  6  5.29873e+07
47  7  5.08765e+07
47  8  6.01109e+07
47  9  6.2332e+07
47  10  6.65624e+07
47  11  7.93486e+07
47  12  7.56945e+07
47  13  6.0327e+07
47  14  4.60376e+07
47  15  5.28916e+07
47  16  4.55251e+07
47  17  3.99063e+07
47  18  3.42283e+07
47  19  4.43841e+07
47  20  4.39258e+07
47  21  7.02751e+07
47  22  1.10458e+08
47  23  6.48743e+07
47  24  5.72188e+07
47  25  6.51258e+07
47  26  5.73665e+07
47  27  4.83692e+07
47  28  4.27217e+07
47  29  3.86862e+07
47  30  3.57084e+07
47  31  4.80633e+07
47  32  5.35725e+07
47  33  5.86534e+07
47  34  4.58728e+07
47  35  4.3819e+07
47  36  4.48016e+07
47  37  5.493e+07
47  38  2.15342e+08
47  39  1.07683e+08
47  40  5.87394e+07
47  41  4.83695e+07
47  42  3.74938e+07
47  43  4.10586e+07
47  44  6.71782e+07
47  45  6.04493e+07
47  46  5.29614e+07
47  47  4.79103e+07
47  48  7.13792e+07
47  49  6.5234e+07
47  50  7.57267e+07
48  0  5.16166e+07
48  1  6.70093e+07
48  2  5.52055e+07
48  3  1.0125e+08
48  4  8.14784e+07
48  5  4.71253e+07
48  6  5.75858e+07
48  7  5.35321e+07
48  8  5.89561e+07
48  9  5.8325e+07
48  10  5.58043e+07
48  11  7.72523e+07
48  12  6.96784e+07
48  13  5.95897e+07
48  14  5.71944e+07
48  15  5.57347e+07
48  16  5.28614e+07
48  17  4.20581e+07
48  18  3.67203e+07
48  19  4.27599e+07
48  20  4.94103e+07
48  21  8.29766e+07
48  22  1.34446e+08
48  23  6.94413e+07
48  24  5.93817e+07
48  25  6.44575e+07
48  26  5.43447e+07
48  27  5.92681e+07
48  28  5.28505e+07
48  29  3.76408e+07
48  30  4.18828e+07
48  31  4.82249e+07
48  32  5.79562e+07
48  33  5.42742e+07
48  34  4.81174e+07
48  35  4.91131e+07
48  36  4.22043e+07
48  37  6.19641e+07
48  38  2.38909e+08
48  39  1.50913e+08
48  40  6.13285e+07
48  41  5.17635e+07
48  42  4.37519e+07
48  43  4.08739e+07
48  44  7.84911e+07
48  45  4.9503e+07
48  46  5.30084e+07
48  47  4.34288e+07
48  48  8.6066e+07
48  49  6.77845e+07
48  50  7.18598e+07
49  0  4.76994e+07
49  1  6.18186e+07
49  2  5.36286e+07
49  3  5.64156e+07
49  4  6.47665e+07
49  5  5.35814e+07
49  6  4.7066e+07
49  7  5.79248e+07
49  8  5.55435e+07
49  9  5.27791e+07
49  10  5.28633e+07
49  11  6.17198e+07
49  12  7.60075e+07
49  13  5.53085e+07
49  14  4.82949e+07
49  15  4.47141e+07
49  16  6.17968e+07
49  17  4.97165e+07
49  18  3.7582e+07
49  19  4.57653e+07
49  20  6.20203e+07
49  21  8.30277e+07
49  22  1.55874e+08
49  23  5.85187e+07
49  24  5.93862e+07
49  25  6.7766e+07
49  26  5.6246e+07
49  27  6.06376e+07
49  28  4.96807e+07
49  29  4.14426e+07
49  30  4.14733e+07
49  31  5.50445e+07
49  32  5.12414e+07
49  33  5.14322e+07
49  34  5.13756e+07
49  35  4.5201e+07
49  36  5.18535e+07
49  37  8.32579e+07
49  38  3.70543e+08
49  39  1.08546e+08
49  40  6.20605e+07
49  41  4.88676e+07
49  42  4.29318e+07
49  43  7.16034e+07
49  44  9.77859e+07
49  45  5.86857e+07
49  46  5.22111e+07
49  47  5.40879e+07
49  48  9.641e+07
49  49  6.73493e+07
49  50  7.59368e+07
50  0  4.3357e+07
50  1  4.35328e+07
50  2  4.90523e+07
50  3  5.08135e+07
50  4  5.0503e+07
50  5  4.99231e+07
50  6  5.15325e+07
50  7  6.27536e+07
50  8  4.79878e+07
50  9  4.91833e+07
50  10  5.90329e+07
50  11  6.80784e+07
50  12  6.88344e+07
50  13  6.41453e+07
50  14  4.88624e+07
50  15  4.91737e+07
50  16  4.94735e+07
50  17  4.79855e+07
50  18  4.10868e+07
50  19  5.05921e+07
50  20  5.67856e+07
50  21  5.97995e+07
50  22  1.31508e+08
50  23  5.99255e+07
50  24  7.0614e+07
50  25  6.95716e+07
50  26  5.18809e+07
50  27  4.28586e+07
50  28  4.11616e+07
50  29  4.9494e+07
50  30  3.66211e+07
50  31  4.99113e+07
50  32  5.6935e+07
50  33  5.41194e+07
50  34  5.44956e+07
50  35  6.05427e+07
50  36  7.18128e+07
50  37  8.89532e+07
50  38  4.97058e+08
50  39  1.65224e+08
50  40  7.47024e+07
50  41  6.47058e+07
50  42  4.90895e+07
50  43  8.45625e+07
50  44  1.14467e+08
50  45  7.33701e+07
50  46  5.65675e+07
50  47  7.18939e+07
50  48  1.04996e+08
50  49  8.44364e+07
50  50  6.16558e+07

