row  column  (images_16_017.edf Zn-K*images_16_017.edf Ar-K**2.3)
0  0  7.82375e+06
0  1  1.30385e+07
0  2  2.78056e+07
0  3  2.72045e+07
0  4  2.20922e+07
0  5  2.13934e+07
0  6  4.11572e+07
0  7  3.26512e+07
0  8  2.43243e+07
0  9  2.57147e+07
0  10  1.33923e+07
0  11  2.15817e+07
0  12  1.67826e+07
0  13  2.49171e+07
0  14  2.59405e+07
0  15  1.95959e+07
0  16  1.29265e+07
0  17  1.42268e+07
0  18  2.71851e+07
0  19  1.79568e+07
0  20  1.46142e+07
0  21  1.51441e+07
0  22  2.06216e+07
0  23  7.73531e+06
0  24  1.31472e+06
0  25  2.11589e+07
0  26  6.11028e+07
0  27  5.7784e+06
0  28  4.86734e+06
0  29  1.11416e+07
0  30  2.57747e+07
0  31  1.41131e+07
0  32  1.95041e+07
0  33  1.12426e+07
0  34  4.61083e+06
0  35  4.37382e+06
0  36  1.1141e+07
0  37  6.39964e+06
0  38  0
0  39  0
0  40  4.58772e+06
0  41  1.92312e+06
0  42  0
0  43  6.30092e+06
0  44  4.25307e+06
0  45  1.61939e+06
0  46  5.91326e+06
0  47  1.385e+07
0  48  5.95674e+06
0  49  1.24516e+06
0  50  8.37209e+06
1  0  2.26048e+07
1  1  3.47662e+07
1  2  4.46557e+07
1  3  3.38509e+07
1  4  3.4722e+07
1  5  4.63542e+07
1  6  6.53039e+07
1  7  4.46423e+07
1  8  3.48414e+07
1  9  3.57119e+07
1  10  1.72722e+07
1  11  2.45052e+07
1  12  3.00381e+07
1  13  2.96323e+07
1  14  2.77896e+07
1  15  3.07372e+07
1  16  2.85414e+07
1  17  3.92918e+07
1  18  4.5689e+07
1  19  3.17341e+07
1  20  1.9407e+07
1  21  2.34977e+07
1  22  1.68204e+07
1  23  1.66458e+07
1  24  1.028e+07
1  25  8.39089e+07
1  26  3.49758e+07
1  27  1.35285e+07
1  28  1.34841e+07
1  29  2.80352e+07
1  30  2.83064e+07
1  31  1.84129e+07
1  32  1.50084e+07
1  33  1.50715e+07
1  34  1.17182e+07
1  35  1.16756e+07
1  36  2.15268e+07
1  37  1.06333e+07
1  38  1.49255e+07
1  39  8.24596e+06
1  40  4.21696e+06
1  41  4.70671e+06
1  42  4.09307e+06
1  43  3.64017e+06
1  44  1.22711e+07
1  45  3.69002e+06
1  46  9.8364e+06
1  47  5.02931e+06
1  48  2.46332e+06
1  49  3.59896e+06
1  50  0
2  0  2.72017e+07
2  1  3.62379e+07
2  2  4.44865e+07
2  3  4.7689e+07
2  4  5.06617e+07
2  5  5.1561e+07
2  6  6.25663e+07
2  7  4.88743e+07
2  8  4.99438e+07
2  9  3.03196e+07
2  10  2.64316e+07
2  11  2.63638e+07
2  12  4.20745e+07
2  13  5.88269e+07
2  14  4.18243e+07
2  15  5.25051e+07
2  16  4.11515e+07
2  17  4.67121e+07
2  18  6.03555e+07
2  19  4.5457e+07
2  20  3.93053e+07
2  21  3.58284e+07
2  22  2.99286e+07
2  23  2.35774e+07
2  24  2.05995e+07
2  25  1.15384e+08
2  26  8.00947e+07
2  27  2.10225e+07
2  28  2.65116e+07
2  29  4.73506e+07
2  30  3.8128e+07
2  31  4.06157e+07
2  32  2.43486e+07
2  33  2.42872e+07
2  34  3.04994e+07
2  35  1.90562e+07
2  36  2.05831e+07
2  37  2.43332e+07
2  38  1.22877e+07
2  39  3.20135e+06
2  40  6.78719e+06
2  41  5.45454e+06
2  42  9.94675e+06
2  43  1.02991e+07
2  44  1.01862e+07
2  45  1.79353e+07
2  46  9.39643e+06
2  47  8.39334e+06
2  48  2.81155e+06
2  49  1.16961e+07
2  50  8.84993e+06
3  0  3.42908e+07
3  1  3.28989e+07
3  2  5.26411e+07
3  3  5.61813e+07
3  4  4.85977e+07
3  5  5.58993e+07
3  6  5.86333e+07
3  7  5.84083e+07
3  8  4.41973e+07
3  9  3.28324e+07
3  10  3.29038e+07
3  11  3.173e+07
3  12  4.7012e+07
3  13  6.4185e+07
3  14  5.91845e+07
3  15  4.42425e+07
3  16  4.55586e+07
3  17  5.85444e+07
3  18  7.17469e+07
3  19  4.87303e+07
3  20  4.72721e+07
3  21  3.43579e+07
3  22  3.0877e+07
3  23  3.60695e+07
3  24  3.22657e+07
3  25  1.60719e+08
3  26  7.87646e+07
3  27  3.80812e+07
3  28  3.88646e+07
3  29  5.16308e+07
3  30  4.18912e+07
3  31  4.83731e+07
3  32  3.44781e+07
3  33  3.83915e+07
3  34  3.20327e+07
3  35  3.33023e+07
3  36  4.37679e+07
3  37  3.77621e+07
3  38  1.81495e+07
3  39  1.55664e+07
3  40  1.40234e+07
3  41  5.44169e+06
3  42  1.53178e+07
3  43  9.5208e+06
3  44  2.97425e+07
3  45  1.68436e+07
3  46  5.17724e+06
3  47  2.11201e+07
3  48  1.36958e+07
3  49  1.34448e+07
3  50  9.41654e+06
4  0  3.1262e+07
4  1  3.69672e+07
4  2  5.02276e+07
4  3  6.8366e+07
4  4  5.9144e+07
4  5  5.7572e+07
4  6  6.04877e+07
4  7  5.58271e+07
4  8  4.18698e+07
4  9  3.91668e+07
4  10  2.79517e+07
4  11  4.21424e+07
4  12  5.21282e+07
4  13  5.97965e+07
4  14  4.8463e+07
4  15  6.19256e+07
4  16  5.53851e+07
4  17  5.50973e+07
4  18  6.01704e+07
4  19  4.71398e+07
4  20  4.11377e+07
4  21  4.49585e+07
4  22  3.5203e+07
4  23  3.91189e+07
4  24  5.22942e+07
4  25  2.8655e+08
4  26  1.41025e+08
4  27  5.1372e+07
4  28  4.51454e+07
4  29  5.65716e+07
4  30  4.87948e+07
4  31  4.79163e+07
4  32  3.98988e+07
4  33  4.96462e+07
4  34  4.06624e+07
4  35  2.48071e+07
4  36  3.38593e+07
4  37  3.72711e+07
4  38  2.25998e+07
4  39  1.31425e+07
4  40  9.11261e+06
4  41  8.10484e+06
4  42  7.6089e+06
4  43  2.87608e+07
4  44  4.50047e+07
4  45  2.9025e+07
4  46  2.60106e+07
4  47  1.88006e+07
4  48  1.65926e+07
4  49  3.02528e+07
4  50  1.28933e+07
5  0  4.90331e+07
5  1  5.38178e+07
5  2  7.22111e+07
5  3  5.96385e+07
5  4  6.60476e+07
5  5  5.7856e+07
5  6  5.64298e+07
5  7  4.73909e+07
5  8  4.96004e+07
5  9  3.23156e+07
5  10  2.5516e+07
5  11  5.10659e+07
5  12  5.22748e+07
5  13  6.35171e+07
5  14  6.29356e+07
5  15  6.43262e+07
5  16  6.12445e+07
5  17  5.89367e+07
5  18  6.9006e+07
5  19  5.30335e+07
5  20  4.60761e+07
5  21  3.20609e+07
5  22  3.22053e+07
5  23  4.23249e+07
5  24  4.02853e+07
5  25  1.25647e+08
5  26  7.07811e+07
5  27  3.8626e+07
5  28  4.04044e+07
5  29  3.29098e+07
5  30  4.05046e+07
5  31  4.34358e+07
5  32  3.84193e+07
5  33  3.76974e+07
5  34  5.5327e+07
5  35  3.74681e+07
5  36  3.17373e+07
5  37  3.99277e+07
5  38  1.94437e+07
5  39  1.32001e+07
5  40  7.91469e+06
5  41  1.35101e+07
5  42  2.68294e+07
5  43  3.521e+07
5  44  5.35757e+07
5  45  3.1526e+07
5  46  2.77238e+07
5  47  3.07983e+07
5  48  3.07169e+07
5  49  3.28151e+07
5  50  2.70985e+07
6  0  5.82384e+07
6  1  6.06672e+07
6  2  7.05545e+07
6  3  6.25067e+07
6  4  5.81103e+07
6  5  5.33224e+07
6  6  4.98694e+07
6  7  5.49373e+07
6  8  4.61019e+07
6  9  3.76778e+07
6  10  3.69158e+07
6  11  4.30846e+07
6  12  5.27259e+07
6  13  5.67597e+07
6  14  6.97335e+07
6  15  6.84672e+07
6  16  5.55886e+07
6  17  5.98616e+07
6  18  5.4959e+07
6  19  4.83134e+07
6  20  4.83193e+07
6  21  4.22152e+07
6  22  4.38775e+07
6  23  3.38941e+07
6  24  4.5055e+07
6  25  7.90679e+07
6  26  7.6343e+07
6  27  4.11869e+07
6  28  4.37273e+07
6  29  4.70245e+07
6  30  5.32499e+07
6  31  4.60306e+07
6  32  4.53109e+07
6  33  4.03472e+07
6  34  5.22886e+07
6  35  3.35777e+07
6  36  4.26881e+07
6  37  3.10422e+07
6  38  1.68968e+07
6  39  1.453e+07
6  40  1.43332e+07
6  41  2.12802e+07
6  42  4.17796e+07
6  43  4.46637e+07
6  44  7.3709e+07
6  45  6.49619e+07
6  46  2.89418e+07
6  47  4.45447e+07
6  48  2.87663e+07
6  49  4.24819e+07
6  50  3.18074e+07
7  0  5.51495e+07
7  1  6.03753e+07
7  2  7.59863e+07
7  3  5.76533e+07
7  4  6.47287e+07
7  5  6.04677e+07
7  6  6.51697e+07
7  7  4.28627e+07
7  8  4.6645e+07
7  9  4.25115e+07
7  10  5.09303e+07
7  11  4.8763e+07
7  12  5.15836e+07
7  13  6.43164e+07
7  14  7.27115e+07
7  15  5.88599e+07
7  16  4.92843e+07
7  17  6.20065e+07
7  18  6.63429e+07
7  19  4.49162e+07
7  20  3.54534e+07
7  21  4.06733e+07
7  22  3.24338e+07
7  23  2.94578e+07
7  24  4.51459e+07
7  25  7.31277e+07
7  26  4.9592e+07
7  27  4.33156e+07
7  28  4.09172e+07
7  29  4.15976e+07
7  30  4.27935e+07
7  31  4.57417e+07
7  32  4.68909e+07
7  33  3.17793e+07
7  34  4.08905e+07
7  35  2.83145e+07
7  36  2.3309e+07
7  37  2.98171e+07
7  38  2.33688e+07
7  39  1.72491e+07
7  40  2.08718e+07
7  41  2.17963e+07
7  42  3.86435e+07
7  43  5.34077e+07
7  44  5.43151e+07
7  45  5.60078e+07
7  46  3.60469e+07
7  47  4.7483e+07
7  48  4.02632e+07
7  49  3.8585e+07
7  50  3.30683e+07
8  0  4.67462e+07
8  1  6.83537e+07
8  2  6.34315e+07
8  3  5.80728e+07
8  4  5.54494e+07
8  5  6.03944e+07
8  6  6.35216e+07
8  7  4.52889e+07
8  8  3.71762e+07
8  9  4.15357e+07
8  10  4.79698e+07
8  11  5.20462e+07
8  12  4.70155e+07
8  13  4.89269e+07
8  14  5.79557e+07
8  15  5.95253e+07
8  16  5.35351e+07
8  17  6.00851e+07
8  18  5.59524e+07
8  19  4.54763e+07
8  20  5.4231e+07
8  21  3.61504e+07
8  22  1.98359e+07
8  23  2.89806e+07
8  24  4.41601e+07
8  25  3.97316e+07
8  26  5.15572e+07
8  27  4.09591e+07
8  28  4.01085e+07
8  29  4.92782e+07
8  30  4.75878e+07
8  31  4.08954e+07
8  32  4.59899e+07
8  33  4.07267e+07
8  34  4.26944e+07
8  35  3.52577e+07
8  36  1.95548e+07
8  37  2.26712e+07
8  38  2.47462e+07
8  39  1.70701e+07
8  40  1.72319e+07
8  41  1.78239e+07
8  42  4.68891e+07
8  43  4.04117e+07
8  44  4.86966e+07
8  45  5.45631e+07
8  46  3.95598e+07
8  47  3.45822e+07
8  48  3.22145e+07
8  49  4.93697e+07
8  50  3.42797e+07
9  0  6.02883e+07
9  1  6.57069e+07
9  2  6.17763e+07
9  3  5.90655e+07
9  4  5.44068e+07
9  5  5.94186e+07
9  6  5.24614e+07
9  7  4.28286e+07
9  8  3.81153e+07
9  9  3.91542e+07
9  10  4.47418e+07
9  11  5.49015e+07
9  12  4.30722e+07
9  13  5.13641e+07
9  14  7.09284e+07
9  15  7.31013e+07
9  16  6.74514e+07
9  17  5.03145e+07
9  18  4.77783e+07
9  19  4.17439e+07
9  20  3.35347e+07
9  21  3.38361e+07
9  22  3.68339e+07
9  23  3.44011e+07
9  24  4.32732e+07
9  25  4.42355e+07
9  26  4.44285e+07
9  27  4.1015e+07
9  28  5.48507e+07
9  29  4.67963e+07
9  30  3.58658e+07
9  31  4.38774e+07
9  32  4.86401e+07
9  33  3.75677e+07
9  34  4.4201e+07
9  35  3.12126e+07
9  36  3.19775e+07
9  37  3.96808e+07
9  38  2.51241e+07
9  39  2.82096e+07
9  40  3.02164e+07
9  41  1.64508e+07
9  42  2.74103e+07
9  43  3.28729e+07
9  44  5.1627e+07
9  45  5.09979e+07
9  46  3.65176e+07
9  47  2.82694e+07
9  48  1.78513e+07
9  49  4.55478e+07
9  50  3.05789e+07
10  0  6.86295e+07
10  1  6.01322e+07
10  2  6.00666e+07
10  3  5.28959e+07
10  4  4.80946e+07
10  5  5.98707e+07
10  6  5.01212e+07
10  7  4.06703e+07
10  8  3.93601e+07
10  9  4.10777e+07
10  10  3.84305e+07
10  11  4.88409e+07
10  12  4.80306e+07
10  13  4.81438e+07
10  14  4.87178e+07
10  15  5.85362e+07
10  16  6.2475e+07
10  17  3.70594e+07
10  18  3.77765e+07
10  19  3.67258e+07
10  20  3.05814e+07
10  21  3.44113e+07
10  22  1.92104e+07
10  23  3.83498e+07
10  24  3.37241e+07
10  25  3.71745e+07
10  26  3.29584e+07
10  27  3.41728e+07
10  28  4.27799e+07
10  29  4.00583e+07
10  30  2.66703e+07
10  31  3.86218e+07
10  32  4.55088e+07
10  33  4.4968e+07
10  34  5.44121e+07
10  35  3.91595e+07
10  36  2.53454e+07
10  37  2.0602e+07
10  38  2.55159e+07
10  39  3.32319e+07
10  40  3.50522e+07
10  41  3.44785e+07
10  42  2.84862e+07
10  43  5.10362e+07
10  44  3.91683e+07
10  45  4.1877e+07
10  46  3.68305e+07
10  47  2.63444e+07
10  48  2.33702e+07
10  49  4.25522e+07
10  50  2.75711e+07
11  0  6.50388e+07
11  1  6.43854e+07
11  2  4.62734e+07
11  3  4.81587e+07
11  4  5.02064e+07
11  5  3.87617e+07
11  6  4.66663e+07
11  7  4.54271e+07
11  8  2.72136e+07
11  9  3.6417e+07
11  10  3.98419e+07
11  11  4.88735e+07
11  12  4.65876e+07
11  13  4.73834e+07
11  14  4.74825e+07
11  15  6.38091e+07
11  16  4.38022e+07
11  17  4.6174e+07
11  18  4.30572e+07
11  19  3.3323e+07
11  20  3.31419e+07
11  21  4.01947e+07
11  22  2.91566e+07
11  23  3.435e+07
11  24  2.7922e+07
11  25  4.07156e+07
11  26  3.87005e+07
11  27  4.02342e+07
11  28  4.63117e+07
11  29  4.82018e+07
11  30  5.12863e+07
11  31  4.29913e+07
11  32  4.2783e+07
11  33  4.99917e+07
11  34  4.73622e+07
11  35  4.15835e+07
11  36  4.20256e+07
11  37  2.64773e+07
11  38  4.01336e+07
11  39  3.00929e+07
11  40  3.90238e+07
11  41  2.86409e+07
11  42  3.12259e+07
11  43  3.30603e+07
11  44  3.85268e+07
11  45  4.13539e+07
11  46  2.69882e+07
11  47  2.19552e+07
11  48  1.89438e+07
11  49  4.78014e+07
11  50  3.20455e+07
12  0  4.99286e+07
12  1  5.75183e+07
12  2  4.27218e+07
12  3  4.39179e+07
12  4  4.48817e+07
12  5  5.00647e+07
12  6  4.5289e+07
12  7  3.98492e+07
12  8  2.5564e+07
12  9  4.05571e+07
12  10  2.70509e+07
12  11  3.46411e+07
12  12  4.52773e+07
12  13  2.58191e+07
12  14  4.03098e+07
12  15  5.78517e+07
12  16  4.46416e+07
12  17  3.57762e+07
12  18  4.04452e+07
12  19  3.46353e+07
12  20  3.1168e+07
12  21  3.83383e+07
12  22  3.62315e+07
12  23  2.85665e+07
12  24  4.07021e+07
12  25  3.53734e+07
12  26  3.81268e+07
12  27  3.59415e+07
12  28  5.04973e+07
12  29  4.66486e+07
12  30  3.98694e+07
12  31  4.93049e+07
12  32  3.73928e+07
12  33  4.63694e+07
12  34  5.01376e+07
12  35  4.15482e+07
12  36  3.3418e+07
12  37  3.17163e+07
12  38  1.97475e+07
12  39  4.24889e+07
12  40  3.37757e+07
12  41  3.23525e+07
12  42  3.90486e+07
12  43  4.7263e+07
12  44  4.62182e+07
12  45  4.71049e+07
12  46  3.12904e+07
12  47  1.71487e+07
12  48  2.77331e+07
12  49  3.93214e+07
12  50  3.08776e+07
13  0  4.37861e+07
13  1  6.00502e+07
13  2  6.13739e+07
13  3  4.98905e+07
13  4  4.541e+07
13  5  4.38986e+07
13  6  3.70369e+07
13  7  3.29257e+07
13  8  3.77937e+07
13  9  3.09304e+07
13  10  3.91644e+07
13  11  3.50145e+07
13  12  2.98332e+07
13  13  2.27524e+07
13  14  4.39308e+07
13  15  3.18317e+07
13  16  3.35336e+07
13  17  2.80267e+07
13  18  4.02881e+07
13  19  3.47844e+07
13  20  2.30716e+07
13  21  2.52751e+07
13  22  2.42264e+07
13  23  3.42552e+07
13  24  2.96848e+07
13  25  4.17137e+07
13  26  4.33696e+07
13  27  3.49728e+07
13  28  5.28154e+07
13  29  5.27856e+07
13  30  3.60212e+07
13  31  3.4095e+07
13  32  5.30785e+07
13  33  3.9518e+07
13  34  4.4815e+07
13  35  3.30185e+07
13  36  3.86591e+07
13  37  3.4662e+07
13  38  2.45179e+07
13  39  3.7135e+07
13  40  3.2951e+07
13  41  3.90948e+07
13  42  3.83123e+07
13  43  4.07268e+07
13  44  3.58613e+07
13  45  5.29609e+07
13  46  3.54997e+07
13  47  2.60318e+07
13  48  2.35089e+07
13  49  3.86731e+07
13  50  2.53473e+07
14  0  4.36315e+07
14  1  4.27644e+07
14  2  4.17576e+07
14  3  3.34603e+07
14  4  3.95983e+07
14  5  3.14589e+07
14  6  3.02488e+07
14  7  2.6341e+07
14  8  2.65845e+07
14  9  2.91191e+07
14  10  3.53045e+07
14  11  3.2817e+07
14  12  2.59243e+07
14  13  2.76752e+07
14  14  3.44109e+07
14  15  2.26889e+07
14  16  2.98157e+07
14  17  3.61332e+07
14  18  3.3933e+07
14  19  3.5584e+07
14  20  3.06047e+07
14  21  2.23975e+07
14  22  4.64273e+07
14  23  2.57951e+07
14  24  2.96832e+07
14  25  3.58556e+07
14  26  5.39206e+07
14  27  3.35623e+07
14  28  5.17831e+07
14  29  5.52914e+07
14  30  4.69765e+07
14  31  3.79358e+07
14  32  4.54273e+07
14  33  4.56219e+07
14  34  5.56623e+07
14  35  3.781e+07
14  36  4.63156e+07
14  37  2.33237e+07
14  38  2.88942e+07
14  39  4.0423e+07
14  40  4.67808e+07
14  41  3.40701e+07
14  42  2.676e+07
14  43  3.50541e+07
14  44  3.26213e+07
14  45  2.9026e+07
14  46  2.78959e+07
14  47  2.45965e+07
14  48  2.21126e+07
14  49  2.55541e+07
14  50  3.71186e+07
15  0  4.92659e+07
15  1  3.86611e+07
15  2  4.28706e+07
15  3  3.61262e+07
15  4  3.45535e+07
15  5  3.78643e+07
15  6  3.93427e+07
15  7  2.329e+07
15  8  3.46315e+07
15  9  2.61315e+07
15  10  3.25134e+07
15  11  2.7696e+07
15  12  2.32629e+07
15  13  2.39064e+07
15  14  3.11697e+07
15  15  2.84124e+07
15  16  3.31281e+07
15  17  3.43261e+07
15  18  2.50531e+07
15  19  3.1087e+07
15  20  3.13101e+07
15  21  3.20639e+07
15  22  3.70267e+07
15  23  2.81527e+07
15  24  2.97083e+07
15  25  3.22213e+07
15  26  3.93929e+07
15  27  4.17392e+07
15  28  4.28535e+07
15  29  3.99631e+07
15  30  4.43647e+07
15  31  3.77361e+07
15  32  4.42666e+07
15  33  4.93491e+07
15  34  6.04398e+07
15  35  4.08592e+07
15  36  3.17521e+07
15  37  3.69722e+07
15  38  2.75572e+07
15  39  3.88132e+07
15  40  5.27417e+07
15  41  3.7851e+07
15  42  3.80192e+07
15  43  4.84077e+07
15  44  4.57094e+07
15  45  4.4154e+07
15  46  4.35462e+07
15  47  3.32572e+07
15  48  1.91547e+07
15  49  2.61142e+07
15  50  4.55304e+07
16  0  3.38277e+07
16  1  3.39004e+07
16  2  3.24145e+07
16  3  3.7667e+07
16  4  2.87247e+07
16  5  3.62948e+07
16  6  2.58844e+07
16  7  3.38105e+07
16  8  3.20631e+07
16  9  3.43385e+07
16  10  3.54624e+07
16  11  2.79274e+07
16  12  2.96889e+07
16  13  3.51843e+07
16  14  3.77897e+07
16  15  3.94173e+07
16  16  3.57442e+07
16  17  2.42276e+07
16  18  2.57633e+07
16  19  2.47918e+07
16  20  3.62415e+07
16  21  4.10297e+07
16  22  4.03838e+07
16  23  3.80943e+07
16  24  3.12679e+07
16  25  3.97609e+07
16  26  4.47252e+07
16  27  4.29439e+07
16  28  5.43311e+07
16  29  4.93605e+07
16  30  4.61524e+07
16  31  3.22836e+07
16  32  5.01334e+07
16  33  5.72219e+07
16  34  4.96065e+07
16  35  4.43925e+07
16  36  3.92921e+07
16  37  3.01645e+07
16  38  4.36323e+07
16  39  3.59051e+07
16  40  3.90497e+07
16  41  3.57419e+07
16  42  2.92741e+07
16  43  2.72347e+07
16  44  4.16023e+07
16  45  4.66379e+07
16  46  3.57657e+07
16  47  2.98733e+07
16  48  2.61691e+07
16  49  2.19444e+07
16  50  4.17589e+07
17  0  3.88256e+07
17  1  3.11637e+07
17  2  3.15494e+07
17  3  3.27556e+07
17  4  2.95939e+07
17  5  3.94099e+07
17  6  2.9226e+07
17  7  3.27966e+07
17  8  4.16531e+07
17  9  2.9765e+07
17  10  3.15501e+07
17  11  3.15861e+07
17  12  2.31588e+07
17  13  3.5017e+07
17  14  3.77315e+07
17  15  3.89145e+07
17  16  4.21551e+07
17  17  3.19799e+07
17  18  3.10768e+07
17  19  3.39578e+07
17  20  2.98776e+07
17  21  3.375e+07
17  22  4.15178e+07
17  23  2.95509e+07
17  24  2.9434e+07
17  25  3.75947e+07
17  26  4.24907e+07
17  27  5.45277e+07
17  28  4.89734e+07
17  29  4.85952e+07
17  30  4.42176e+07
17  31  3.04132e+07
17  32  4.15444e+07
17  33  4.84375e+07
17  34  4.29555e+07
17  35  4.55488e+07
17  36  4.07649e+07
17  37  2.35568e+07
17  38  3.10271e+07
17  39  3.33209e+07
17  40  5.09572e+07
17  41  4.12132e+07
17  42  3.48019e+07
17  43  3.66722e+07
17  44  4.61849e+07
17  45  4.89693e+07
17  46  4.13864e+07
17  47  3.32222e+07
17  48  2.98541e+07
17  49  2.92051e+07
17  50  4.10941e+07
18  0  3.58208e+07
18  1  2.77909e+07
18  2  2.93981e+07
18  3  3.44729e+07
18  4  2.93134e+07
18  5  3.54173e+07
18  6  2.7248e+07
18  7  3.16189e+07
18  8  3.80204e+07
18  9  3.7562e+07
18  10  4.85568e+07
18  11  2.58916e+07
18  12  3.81516e+07
18  13  3.22378e+07
18  14  4.62731e+07
18  15  4.11628e+07
18  16  3.66642e+07
18  17  3.12847e+07
18  18  2.39923e+07
18  19  2.85129e+07
18  20  3.25515e+07
18  21  4.23828e+07
18  22  2.76961e+07
18  23  3.58427e+07
18  24  2.29808e+07
18  25  4.21923e+07
18  26  4.9997e+07
18  27  4.33775e+07
18  28  4.69475e+07
18  29  4.39223e+07
18  30  4.12442e+07
18  31  4.4397e+07
18  32  4.66201e+07
18  33  4.41488e+07
18  34  3.85178e+07
18  35  4.30495e+07
18  36  4.1205e+07
18  37  3.09459e+07
18  38  3.15379e+07
18  39  3.45462e+07
18  40  3.08516e+07
18  41  3.6213e+07
18  42  3.95294e+07
18  43  3.46944e+07
18  44  3.94461e+07
18  45  4.66392e+07
18  46  4.49908e+07
18  47  4.80721e+07
18  48  3.73639e+07
18  49  2.84402e+07
18  50  4.11614e+07
19  0  3.26291e+07
19  1  3.79894e+07
19  2  3.37354e+07
19  3  2.97799e+07
19  4  2.92733e+07
19  5  3.60626e+07
19  6  3.28057e+07
19  7  3.27315e+07
19  8  2.97578e+07
19  9  3.92567e+07
19  10  3.48592e+07
19  11  3.31409e+07
19  12  3.49254e+07
19  13  5.02858e+07
19  14  5.48228e+07
19  15  4.02419e+07
19  16  4.36574e+07
19  17  3.17255e+07
19  18  2.59833e+07
19  19  2.80536e+07
19  20  3.20685e+07
19  21  4.20202e+07
19  22  2.84283e+07
19  23  3.00315e+07
19  24  2.24778e+07
19  25  4.09052e+07
19  26  3.68243e+07
19  27  4.33017e+07
19  28  4.92648e+07
19  29  4.48668e+07
19  30  4.15969e+07
19  31  3.62323e+07
19  32  4.79861e+07
19  33  4.53635e+07
19  34  4.67979e+07
19  35  4.3566e+07
19  36  3.32161e+07
19  37  2.7996e+07
19  38  3.69763e+07
19  39  3.39669e+07
19  40  4.06058e+07
19  41  3.37978e+07
19  42  3.00164e+07
19  43  3.29392e+07
19  44  4.49807e+07
19  45  3.81148e+07
19  46  5.21126e+07
19  47  4.65498e+07
19  48  3.67322e+07
19  49  3.6996e+07
19  50  5.21109e+07
20  0  3.51836e+07
20  1  3.09223e+07
20  2  3.38523e+07
20  3  3.47574e+07
20  4  2.62798e+07
20  5  3.12015e+07
20  6  3.17227e+07
20  7  2.35527e+07
20  8  4.02173e+07
20  9  3.34031e+07
20  10  3.48118e+07
20  11  3.61443e+07
20  12  4.95105e+07
20  13  4.90774e+07
20  14  4.82797e+07
20  15  4.01139e+07
20  16  4.47417e+07
20  17  3.01806e+07
20  18  1.74991e+07
20  19  2.32984e+07
20  20  2.57725e+07
20  21  2.97846e+07
20  22  1.97564e+07
20  23  4.7629e+07
20  24  2.68561e+07
20  25  3.11453e+07
20  26  4.18871e+07
20  27  4.49606e+07
20  28  4.23749e+07
20  29  4.44239e+07
20  30  4.11079e+07
20  31  3.48336e+07
20  32  3.85362e+07
20  33  3.34634e+07
20  34  4.86292e+07
20  35  4.30292e+07
20  36  4.26709e+07
20  37  4.00351e+07
20  38  2.08153e+07
20  39  3.51214e+07
20  40  3.60247e+07
20  41  2.60002e+07
20  42  3.84077e+07
20  43  2.95621e+07
20  44  5.00923e+07
20  45  5.58959e+07
20  46  4.15068e+07
20  47  5.80749e+07
20  48  4.54318e+07
20  49  4.87589e+07
20  50  5.03092e+07
21  0  2.60165e+07
21  1  3.0026e+07
21  2  2.6243e+07
21  3  2.52956e+07
21  4  2.99448e+07
21  5  2.73908e+07
21  6  1.81285e+07
21  7  2.94157e+07
21  8  3.85286e+07
21  9  4.79621e+07
21  10  3.57301e+07
21  11  3.9342e+07
21  12  5.42429e+07
21  13  5.77411e+07
21  14  4.77771e+07
21  15  4.45995e+07
21  16  4.88378e+07
21  17  4.09556e+07
21  18  3.6262e+07
21  19  2.68077e+07
21  20  3.17226e+07
21  21  3.3431e+07
21  22  2.55213e+07
21  23  3.32828e+07
21  24  2.32922e+07
21  25  3.89589e+07
21  26  4.66587e+07
21  27  5.64679e+07
21  28  5.02954e+07
21  29  3.30345e+07
21  30  3.9602e+07
21  31  3.53184e+07
21  32  4.92517e+07
21  33  2.66804e+07
21  34  5.05985e+07
21  35  4.43778e+07
21  36  3.7062e+07
21  37  2.43643e+07
21  38  3.50141e+07
21  39  2.73807e+07
21  40  2.3134e+07
21  41  3.97847e+07
21  42  3.9067e+07
21  43  4.04726e+07
21  44  4.25258e+07
21  45  5.10333e+07
21  46  5.80083e+07
21  47  5.48195e+07
21  48  5.22793e+07
21  49  4.30421e+07
21  50  6.6454e+07
22  0  3.17773e+07
22  1  1.83114e+07
22  2  3.6988e+07
22  3  2.14394e+07
22  4  2.00068e+07
22  5  1.33131e+07
22  6  2.50267e+07
22  7  3.26672e+07
22  8  3.11144e+07
22  9  3.38326e+07
22  10  3.72946e+07
22  11  3.92692e+07
22  12  5.84702e+07
22  13  6.57259e+07
22  14  5.09012e+07
22  15  4.04845e+07
22  16  4.65776e+07
22  17  5.47321e+07
22  18  1.53121e+07
22  19  2.55498e+07
22  20  2.84824e+07
22  21  2.90074e+07
22  22  2.64922e+07
22  23  3.1342e+07
22  24  1.40027e+07
22  25  2.99389e+07
22  26  4.26691e+07
22  27  3.49671e+07
22  28  4.33047e+07
22  29  3.641e+07
22  30  4.04639e+07
22  31  3.71015e+07
22  32  3.47452e+07
22  33  2.81509e+07
22  34  4.1473e+07
22  35  6.061e+07
22  36  3.96773e+07
22  37  3.92409e+07
22  38  2.67267e+07
22  39  2.91161e+07
22  40  3.63966e+07
22  41  3.11686e+07
22  42  2.44268e+07
22  43  3.87076e+07
22  44  4.49719e+07
22  45  5.47855e+07
22  46  5.97537e+07
22  47  5.63713e+07
22  48  5.82772e+07
22  49  4.36402e+07
22  50  4.72461e+07
23  0  3.10346e+07
23  1  3.60661e+07
23  2  2.71363e+07
23  3  2.21886e+07
23  4  1.45681e+07
23  5  2.75071e+07
23  6  2.19085e+07
23  7  3.59422e+07
23  8  3.4062e+07
23  9  3.42167e+07
23  10  3.77604e+07
23  11  4.9202e+07
23  12  5.71965e+07
23  13  6.50404e+07
23  14  5.48499e+07
23  15  5.16152e+07
23  16  4.52338e+07
23  17  4.43943e+07
23  18  2.35102e+07
23  19  2.31238e+07
23  20  2.79398e+07
23  21  2.99922e+07
23  22  2.72948e+07
23  23  3.89077e+07
23  24  2.10551e+07
23  25  3.2289e+07
23  26  4.16475e+07
23  27  3.96698e+07
23  28  4.10944e+07
23  29  2.82683e+07
23  30  2.69096e+07
23  31  4.20407e+07
23  32  5.03941e+07
23  33  3.39766e+07
23  34  4.12232e+07
23  35  5.21641e+07
23  36  3.82715e+07
23  37  3.38287e+07
23  38  3.0313e+07
23  39  3.04913e+07
23  40  2.9313e+07
23  41  3.3676e+07
23  42  3.00193e+07
23  43  4.77482e+07
23  44  4.63598e+07
23  45  5.96081e+07
23  46  5.97195e+07
23  47  5.08399e+07
23  48  6.89333e+07
23  49  6.67661e+07
23  50  6.73554e+07
24  0  3.07472e+07
24  1  2.64928e+07
24  2  2.34119e+07
24  3  1.89559e+07
24  4  1.51167e+07
24  5  1.89003e+07
24  6  1.94048e+07
24  7  2.83544e+07
24  8  3.682e+07
24  9  3.5399e+07
24  10  3.94788e+07
24  11  4.69949e+07
24  12  5.19914e+07
24  13  5.29415e+07
24  14  5.67664e+07
24  15  5.61099e+07
24  16  6.34785e+07
24  17  4.2602e+07
24  18  3.67145e+07
24  19  2.91684e+07
24  20  3.53489e+07
24  21  1.6423e+07
24  22  3.06515e+07
24  23  2.37134e+07
24  24  2.13363e+07
24  25  3.14448e+07
24  26  3.43258e+07
24  27  4.04422e+07
24  28  3.23399e+07
24  29  4.30886e+07
24  30  4.09804e+07
24  31  3.33798e+07
24  32  5.05094e+07
24  33  2.50867e+07
24  34  3.86676e+07
24  35  4.35905e+07
24  36  3.5019e+07
24  37  3.26977e+07
24  38  1.97056e+07
24  39  2.7931e+07
24  40  3.04894e+07
24  41  2.76799e+07
24  42  3.11856e+07
24  43  4.25179e+07
24  44  5.92807e+07
24  45  5.58379e+07
24  46  4.92244e+07
24  47  6.1666e+07
24  48  6.40187e+07
24  49  5.42427e+07
24  50  7.32551e+07
25  0  2.95072e+07
25  1  2.21052e+07
25  2  3.4888e+07
25  3  2.52488e+07
25  4  1.31929e+07
25  5  2.04727e+07
25  6  1.77447e+07
25  7  2.95841e+07
25  8  3.18257e+07
25  9  3.73288e+07
25  10  3.19196e+07
25  11  3.62745e+07
25  12  4.1285e+07
25  13  4.78402e+07
25  14  5.65811e+07
25  15  6.83387e+07
25  16  6.72607e+07
25  17  5.19532e+07
25  18  3.63222e+07
25  19  2.99557e+07
25  20  2.72606e+07
25  21  2.20099e+07
25  22  2.00726e+07
25  23  1.48629e+07
25  24  9.90834e+06
25  25  3.08504e+07
25  26  4.31675e+07
25  27  3.77697e+07
25  28  3.52588e+07
25  29  3.62255e+07
25  30  3.23207e+07
25  31  1.96204e+07
25  32  5.07851e+07
25  33  2.54364e+07
25  34  5.12726e+07
25  35  3.65635e+07
25  36  2.99554e+07
25  37  3.42321e+07
25  38  3.58506e+07
25  39  3.39238e+07
25  40  2.88843e+07
25  41  2.52148e+07
25  42  3.51184e+07
25  43  4.41345e+07
25  44  5.55519e+07
25  45  5.23911e+07
25  46  4.23214e+07
25  47  6.10934e+07
25  48  6.11499e+07
25  49  7.32596e+07
25  50  6.92426e+07
26  0  3.4921e+07
26  1  4.0005e+07
26  2  2.71758e+07
26  3  2.56855e+07
26  4  1.73334e+07
26  5  2.83629e+07
26  6  2.29507e+07
26  7  3.7394e+07
26  8  2.26745e+07
26  9  3.38816e+07
26  10  3.1612e+07
26  11  3.80386e+07
26  12  4.4709e+07
26  13  5.49261e+07
26  14  5.02996e+07
26  15  6.15277e+07
26  16  6.25489e+07
26  17  5.07187e+07
26  18  3.33352e+07
26  19  3.9446e+07
26  20  4.15536e+07
26  21  3.56898e+07
26  22  2.882e+07
26  23  2.21036e+07
26  24  1.8079e+07
26  25  3.13113e+07
26  26  3.04504e+07
26  27  2.91333e+07
26  28  4.29088e+07
26  29  3.695e+07
26  30  3.38691e+07
26  31  2.35364e+07
26  32  4.36754e+07
26  33  3.8301e+07
26  34  3.85977e+07
26  35  3.90471e+07
26  36  2.94322e+07
26  37  2.79505e+07
26  38  3.67397e+07
26  39  3.26054e+07
26  40  3.84423e+07
26  41  2.7978e+07
26  42  3.22562e+07
26  43  4.00611e+07
26  44  5.699e+07
26  45  4.60658e+07
26  46  4.94082e+07
26  47  6.13012e+07
26  48  6.12688e+07
26  49  7.60893e+07
26  50  6.6498e+07
27  0  3.60498e+07
27  1  2.37012e+07
27  2  2.09443e+07
27  3  2.47093e+07
27  4  2.4327e+07
27  5  3.43702e+07
27  6  2.673e+07
27  7  3.60224e+07
27  8  3.43101e+07
27  9  4.16613e+07
27  10  3.84371e+07
27  11  3.82051e+07
27  12  4.42702e+07
27  13  4.26374e+07
27  14  5.92313e+07
27  15  5.42801e+07
27  16  7.8147e+07
27  17  6.11853e+07
27  18  4.07096e+07
27  19  5.11106e+07
27  20  3.96896e+07
27  21  3.84945e+07
27  22  2.64806e+07
27  23  1.64362e+07
27  24  1.8415e+07
27  25  2.92545e+07
27  26  2.38353e+07
27  27  3.8493e+07
27  28  4.38278e+07
27  29  4.32503e+07
27  30  2.23784e+07
27  31  2.42758e+07
27  32  4.18722e+07
27  33  3.3793e+07
27  34  3.91923e+07
27  35  3.89209e+07
27  36  2.5176e+07
27  37  3.92105e+07
27  38  4.40443e+07
27  39  4.20303e+07
27  40  3.24302e+07
27  41  2.85188e+07
27  42  3.81352e+07
27  43  3.85313e+07
27  44  4.43353e+07
27  45  5.02348e+07
27  46  4.65548e+07
27  47  5.62978e+07
27  48  6.27767e+07
27  49  6.87609e+07
27  50  7.02131e+07
28  0  3.69474e+07
28  1  2.79714e+07
28  2  1.57603e+07
28  3  3.12383e+07
28  4  2.74029e+07
28  5  2.90618e+07
28  6  2.74782e+07
28  7  3.23444e+07
28  8  3.61741e+07
28  9  3.66592e+07
28  10  4.174e+07
28  11  2.96023e+07
28  12  4.39506e+07
28  13  3.36597e+07
28  14  4.10802e+07
28  15  6.16478e+07
28  16  5.45966e+07
28  17  6.18974e+07
28  18  4.65839e+07
28  19  4.81096e+07
28  20  3.3651e+07
28  21  3.6493e+07
28  22  3.719e+07
28  23  2.35181e+07
28  24  2.43538e+07
28  25  3.33001e+07
28  26  3.22921e+07
28  27  3.63871e+07
28  28  3.64357e+07
28  29  3.81494e+07
28  30  3.35857e+07
28  31  1.92353e+07
28  32  4.28623e+07
28  33  3.83086e+07
28  34  4.00788e+07
28  35  4.31762e+07
28  36  2.70561e+07
28  37  3.68965e+07
28  38  4.26634e+07
28  39  3.55259e+07
28  40  3.43707e+07
28  41  3.78535e+07
28  42  3.12031e+07
28  43  4.0682e+07
28  44  4.56722e+07
28  45  4.77698e+07
28  46  5.24781e+07
28  47  6.82468e+07
28  48  5.78935e+07
28  49  6.64693e+07
28  50  8.04877e+07
29  0  4.92342e+07
29  1  2.48981e+07
29  2  1.90933e+07
29  3  2.91842e+07
29  4  2.85474e+07
29  5  3.54974e+07
29  6  3.56167e+07
29  7  4.28183e+07
29  8  3.11891e+07
29  9  3.32174e+07
29  10  3.24778e+07
29  11  4.0325e+07
29  12  5.13155e+07
29  13  4.81184e+07
29  14  4.47595e+07
29  15  4.22313e+07
29  16  6.64339e+07
29  17  6.61589e+07
29  18  3.25436e+07
29  19  4.05801e+07
29  20  4.63578e+07
29  21  2.98369e+07
29  22  4.21867e+07
29  23  2.66134e+07
29  24  2.39618e+07
29  25  3.54032e+07
29  26  3.5842e+07
29  27  3.63371e+07
29  28  3.70307e+07
29  29  3.71225e+07
29  30  2.57175e+07
29  31  1.65622e+07
29  32  3.73356e+07
29  33  3.69051e+07
29  34  4.50304e+07
29  35  4.09672e+07
29  36  4.0041e+07
29  37  3.6826e+07
29  38  3.24047e+07
29  39  4.19348e+07
29  40  3.74059e+07
29  41  3.6111e+07
29  42  2.21344e+07
29  43  4.11523e+07
29  44  3.52662e+07
29  45  4.04574e+07
29  46  6.45895e+07
29  47  5.80705e+07
29  48  5.06748e+07
29  49  6.33937e+07
29  50  7.95642e+07
30  0  3.57918e+07
30  1  2.61961e+07
30  2  2.45656e+07
30  3  2.98374e+07
30  4  3.08685e+07
30  5  1.98988e+07
30  6  3.12234e+07
30  7  3.887e+07
30  8  3.72813e+07
30  9  3.59315e+07
30  10  3.28496e+07
30  11  3.32098e+07
30  12  3.31238e+07
30  13  4.78862e+07
30  14  4.2461e+07
30  15  5.08006e+07
30  16  5.78251e+07
30  17  6.36914e+07
30  18  5.31435e+07
30  19  4.57483e+07
30  20  4.58826e+07
30  21  3.60442e+07
30  22  3.87633e+07
30  23  1.86002e+07
30  24  2.44041e+07
30  25  3.98517e+07
30  26  4.5251e+07
30  27  4.25932e+07
30  28  3.08356e+07
30  29  2.72866e+07
30  30  3.22102e+07
30  31  1.1247e+07
30  32  3.91517e+07
30  33  3.96423e+07
30  34  3.75479e+07
30  35  3.21189e+07
30  36  3.42182e+07
30  37  3.38219e+07
30  38  3.16268e+07
30  39  4.23398e+07
30  40  3.51717e+07
30  41  3.70304e+07
30  42  2.82914e+07
30  43  3.85939e+07
30  44  4.05296e+07
30  45  4.12922e+07
30  46  5.72125e+07
30  47  5.79726e+07
30  48  4.84163e+07
30  49  7.06175e+07
30  50  6.59188e+07
31  0  2.85984e+07
31  1  2.58324e+07
31  2  2.6861e+07
31  3  2.29835e+07
31  4  2.86789e+07
31  5  2.66877e+07
31  6  3.84792e+07
31  7  4.07216e+07
31  8  3.73334e+07
31  9  3.25407e+07
31  10  4.538e+07
31  11  4.62757e+07
31  12  4.00526e+07
31  13  4.49175e+07
31  14  2.69899e+07
31  15  3.47136e+07
31  16  4.72713e+07
31  17  3.6952e+07
31  18  3.10394e+07
31  19  4.07057e+07
31  20  5.06855e+07
31  21  3.88088e+07
31  22  3.83666e+07
31  23  1.81506e+07
31  24  3.15769e+07
31  25  3.4182e+07
31  26  3.67498e+07
31  27  3.74064e+07
31  28  2.96341e+07
31  29  4.17908e+07
31  30  1.64535e+07
31  31  2.68812e+07
31  32  2.92701e+07
31  33  4.35611e+07
31  34  3.95868e+07
31  35  4.35285e+07
31  36  2.75501e+07
31  37  3.17227e+07
31  38  4.30013e+07
31  39  4.10825e+07
31  40  4.53398e+07
31  41  3.03008e+07
31  42  1.84939e+07
31  43  3.6528e+07
31  44  4.2258e+07
31  45  4.37526e+07
31  46  4.8214e+07
31  47  5.43871e+07
31  48  5.39428e+07
31  49  4.28765e+07
31  50  7.23881e+07
32  0  3.32589e+07
32  1  3.0914e+07
32  2  2.60117e+07
32  3  2.13399e+07
32  4  3.13474e+07
32  5  2.44806e+07
32  6  3.44472e+07
32  7  3.95381e+07
32  8  3.67212e+07
32  9  3.2637e+07
32  10  4.08851e+07
32  11  2.83659e+07
32  12  3.53854e+07
32  13  3.03804e+07
32  14  4.39123e+07
32  15  3.93362e+07
32  16  4.01677e+07
32  17  3.97654e+07
32  18  4.07538e+07
32  19  3.80197e+07
32  20  3.63625e+07
32  21  3.714e+07
32  22  2.86968e+07
32  23  2.78972e+07
32  24  2.92063e+07
32  25  3.85039e+07
32  26  2.92511e+07
32  27  4.00149e+07
32  28  3.23134e+07
32  29  3.62215e+07
32  30  2.78451e+07
32  31  1.94159e+07
32  32  3.63849e+07
32  33  4.48045e+07
32  34  4.29426e+07
32  35  4.25561e+07
32  36  3.8984e+07
32  37  3.14392e+07
32  38  4.15302e+07
32  39  3.43116e+07
32  40  4.72085e+07
32  41  3.24501e+07
32  42  2.22225e+07
32  43  3.32448e+07
32  44  3.78172e+07
32  45  3.79314e+07
32  46  3.98268e+07
32  47  5.39205e+07
32  48  5.07347e+07
32  49  4.68165e+07
32  50  3.26331e+07
33  0  2.74036e+07
33  1  3.69657e+07
33  2  3.2931e+07
33  3  1.66563e+07
33  4  1.84483e+07
33  5  3.36631e+07
33  6  2.28056e+07
33  7  3.57563e+07
33  8  2.98e+07
33  9  3.08735e+07
33  10  4.22785e+07
33  11  3.32028e+07
33  12  4.22312e+07
33  13  4.11084e+07
33  14  4.31993e+07
33  15  3.75755e+07
33  16  3.30317e+07
33  17  4.12777e+07
33  18  4.07368e+07
33  19  3.83054e+07
33  20  3.99346e+07
33  21  3.35324e+07
33  22  3.35521e+07
33  23  2.77506e+07
33  24  3.64219e+07
33  25  3.29657e+07
33  26  4.19355e+07
33  27  3.50686e+07
33  28  4.38309e+07
33  29  3.75864e+07
33  30  3.60396e+07
33  31  1.7549e+07
33  32  1.86434e+07
33  33  3.28313e+07
33  34  4.91912e+07
33  35  3.20641e+07
33  36  4.02707e+07
33  37  2.67027e+07
33  38  3.43939e+07
33  39  4.82197e+07
33  40  4.94262e+07
33  41  3.37862e+07
33  42  2.06611e+07
33  43  2.63455e+07
33  44  3.76112e+07
33  45  3.13615e+07
33  46  3.02485e+07
33  47  4.24468e+07
33  48  3.97345e+07
33  49  3.56083e+07
33  50  4.02564e+07
34  0  2.28204e+07
34  1  2.86615e+07
34  2  3.1313e+07
34  3  1.9488e+07
34  4  2.55136e+07
34  5  3.52581e+07
34  6  3.37355e+07
34  7  3.1633e+07
34  8  4.20511e+07
34  9  4.60677e+07
34  10  2.85966e+07
34  11  4.92169e+07
34  12  4.03882e+07
34  13  3.3264e+07
34  14  3.32497e+07
34  15  3.81107e+07
34  16  3.15114e+07
34  17  3.8369e+07
34  18  3.34508e+07
34  19  4.04543e+07
34  20  4.01078e+07
34  21  4.1399e+07
34  22  2.64454e+07
34  23  2.92771e+07
34  24  2.94611e+07
34  25  2.95732e+07
34  26  3.26114e+07
34  27  3.42904e+07
34  28  3.26849e+07
34  29  3.14914e+07
34  30  2.11274e+07
34  31  1.0895e+07
34  32  3.39392e+07
34  33  3.06033e+07
34  34  3.79428e+07
34  35  3.7676e+07
34  36  2.97081e+07
34  37  2.28527e+07
34  38  4.09667e+07
34  39  4.22248e+07
34  40  3.66866e+07
34  41  3.01935e+07
34  42  2.19647e+07
34  43  1.99151e+07
34  44  3.06441e+07
34  45  2.27319e+07
34  46  4.01217e+07
34  47  4.73126e+07
34  48  4.06211e+07
34  49  4.05576e+07
34  50  2.94732e+07
35  0  2.37843e+07
35  1  3.40297e+07
35  2  3.22439e+07
35  3  2.50888e+07
35  4  2.98723e+07
35  5  3.54964e+07
35  6  3.6098e+07
35  7  4.08083e+07
35  8  4.57597e+07
35  9  4.48934e+07
35  10  4.29768e+07
35  11  3.53455e+07
35  12  4.07902e+07
35  13  3.55741e+07
35  14  4.00382e+07
35  15  3.89483e+07
35  16  2.41082e+07
35  17  3.25433e+07
35  18  3.39533e+07
35  19  4.13426e+07
35  20  3.92544e+07
35  21  4.10838e+07
35  22  3.67686e+07
35  23  2.82046e+07
35  24  2.97258e+07
35  25  3.08362e+07
35  26  2.7298e+07
35  27  2.56391e+07
35  28  3.20169e+07
35  29  3.1438e+07
35  30  2.3051e+07
35  31  1.31544e+07
35  32  4.15644e+07
35  33  2.52482e+07
35  34  5.51631e+07
35  35  3.42725e+07
35  36  2.30457e+07
35  37  2.61244e+07
35  38  4.66121e+07
35  39  4.09457e+07
35  40  3.75747e+07
35  41  2.95181e+07
35  42  2.20048e+07
35  43  2.49309e+07
35  44  1.82213e+07
35  45  1.36653e+07
35  46  2.86714e+07
35  47  4.10954e+07
35  48  4.0247e+07
35  49  3.58983e+07
35  50  3.01043e+07
36  0  2.28604e+07
36  1  3.05579e+07
36  2  4.12109e+07
36  3  3.02238e+07
36  4  3.91036e+07
36  5  4.83729e+07
36  6  2.53905e+07
36  7  4.02677e+07
36  8  4.82793e+07
36  9  5.59896e+07
36  10  4.93127e+07
36  11  4.21478e+07
36  12  4.69157e+07
36  13  4.55072e+07
36  14  3.90337e+07
36  15  4.86797e+07
36  16  3.6892e+07
36  17  2.11516e+07
36  18  3.04909e+07
36  19  4.12467e+07
36  20  3.65511e+07
36  21  3.80726e+07
36  22  2.79057e+07
36  23  3.4173e+07
36  24  3.65105e+07
36  25  2.78413e+07
36  26  2.5852e+07
36  27  2.10925e+07
36  28  3.04804e+07
36  29  3.7016e+07
36  30  2.23704e+07
36  31  1.06392e+07
36  32  3.08156e+07
36  33  3.3071e+07
36  34  3.34425e+07
36  35  2.15697e+07
36  36  2.64449e+07
36  37  1.99411e+07
36  38  3.26878e+07
36  39  3.10486e+07
36  40  3.87565e+07
36  41  2.28157e+07
36  42  2.16807e+07
36  43  2.09221e+07
36  44  1.19174e+07
36  45  1.70318e+07
36  46  1.96261e+07
36  47  4.42933e+07
36  48  3.7118e+07
36  49  4.3499e+07
36  50  3.45531e+07
37  0  2.28597e+07
37  1  4.06833e+07
37  2  4.79205e+07
37  3  4.19301e+07
37  4  3.89471e+07
37  5  3.85333e+07
37  6  3.512e+07
37  7  3.90489e+07
37  8  5.01915e+07
37  9  6.00447e+07
37  10  4.37576e+07
37  11  4.80597e+07
37  12  5.3454e+07
37  13  4.21103e+07
37  14  3.88035e+07
37  15  5.16014e+07
37  16  3.17413e+07
37  17  2.95026e+07
37  18  3.07593e+07
37  19  4.20096e+07
37  20  3.89084e+07
37  21  3.97228e+07
37  22  2.74165e+07
37  23  2.0183e+07
37  24  2.75925e+07
37  25  3.76554e+07
37  26  2.43627e+07
37  27  1.82127e+07
37  28  2.20396e+07
37  29  2.78661e+07
37  30  1.63097e+07
37  31  1.17475e+07
37  32  3.7451e+07
37  33  3.88428e+07
37  34  4.4642e+07
37  35  3.72193e+07
37  36  3.5537e+07
37  37  2.55132e+07
37  38  4.23615e+07
37  39  4.5776e+07
37  40  2.9837e+07
37  41  3.81027e+07
37  42  1.70977e+07
37  43  1.34485e+07
37  44  1.44495e+07
37  45  1.12112e+07
37  46  2.09785e+07
37  47  3.98158e+07
37  48  4.8468e+07
37  49  4.12714e+07
37  50  3.80079e+07
38  0  2.61039e+07
38  1  3.13596e+07
38  2  4.19533e+07
38  3  3.71234e+07
38  4  3.23214e+07
38  5  4.15176e+07
38  6  3.56155e+07
38  7  4.35391e+07
38  8  4.54563e+07
38  9  5.03777e+07
38  10  4.48946e+07
38  11  4.78161e+07
38  12  5.39417e+07
38  13  5.13188e+07
38  14  5.0059e+07
38  15  4.69162e+07
38  16  3.02257e+07
38  17  2.22272e+07
38  18  2.97418e+07
38  19  4.27855e+07
38  20  4.51687e+07
38  21  3.44611e+07
38  22  4.66068e+07
38  23  3.08996e+07
38  24  3.31782e+07
38  25  3.19656e+07
38  26  2.96254e+07
38  27  1.71668e+07
38  28  2.0519e+07
38  29  3.7025e+07
38  30  1.71e+07
38  31  9.46603e+06
38  32  4.08131e+07
38  33  4.20949e+07
38  34  4.16724e+07
38  35  3.36028e+07
38  36  3.03712e+07
38  37  2.26641e+07
38  38  3.15863e+07
38  39  3.58241e+07
38  40  3.44574e+07
38  41  3.04622e+07
38  42  1.8918e+07
38  43  8.46014e+06
38  44  3.38442e+06
38  45  1.23415e+07
38  46  2.3652e+07
38  47  2.3943e+07
38  48  4.23011e+07
38  49  2.48704e+07
38  50  3.8235e+07
39  0  2.68035e+07
39  1  4.07244e+07
39  2  3.80897e+07
39  3  4.03105e+07
39  4  3.51307e+07
39  5  4.07622e+07
39  6  3.92782e+07
39  7  3.76642e+07
39  8  4.52193e+07
39  9  4.70752e+07
39  10  4.91019e+07
39  11  5.10775e+07
39  12  6.52778e+07
39  13  6.00373e+07
39  14  5.22048e+07
39  15  4.72854e+07
39  16  2.57022e+07
39  17  2.30983e+07
39  18  2.01355e+07
39  19  3.45781e+07
39  20  4.15924e+07
39  21  3.38561e+07
39  22  4.07864e+07
39  23  4.48246e+07
39  24  4.19779e+07
39  25  4.59359e+07
39  26  2.79407e+07
39  27  1.52616e+07
39  28  1.65167e+07
39  29  2.20995e+07
39  30  9.98267e+06
39  31  1.47209e+07
39  32  4.21901e+07
39  33  4.2934e+07
39  34  5.05273e+07
39  35  4.57011e+07
39  36  3.42617e+07
39  37  3.11973e+07
39  38  4.07804e+07
39  39  3.6442e+07
39  40  3.95283e+07
39  41  2.94112e+07
39  42  1.48316e+07
39  43  1.21346e+07
39  44  1.48531e+07
39  45  2.06625e+07
39  46  2.59646e+07
39  47  3.37722e+07
39  48  3.95872e+07
39  49  3.92968e+07
39  50  3.01394e+07
40  0  2.43173e+07
40  1  3.23587e+07
40  2  4.823e+07
40  3  4.67411e+07
40  4  3.19767e+07
40  5  3.99607e+07
40  6  4.03617e+07
40  7  3.88156e+07
40  8  3.99114e+07
40  9  5.19029e+07
40  10  4.60501e+07
40  11  5.68062e+07
40  12  6.83987e+07
40  13  5.71049e+07
40  14  5.99658e+07
40  15  5.73005e+07
40  16  4.20129e+07
40  17  2.84387e+07
40  18  2.61275e+07
40  19  2.95617e+07
40  20  2.75311e+07
40  21  4.15348e+07
40  22  5.33818e+07
40  23  5.17896e+07
40  24  4.08592e+07
40  25  4.05791e+07
40  26  3.75569e+07
40  27  1.46028e+07
40  28  8.62137e+06
40  29  1.65814e+07
40  30  1.69074e+07
40  31  1.46526e+07
40  32  4.27735e+07
40  33  5.05112e+07
40  34  4.82932e+07
40  35  5.14109e+07
40  36  4.10332e+07
40  37  1.91528e+07
40  38  3.42132e+07
40  39  3.29233e+07
40  40  3.24772e+07
40  41  4.20802e+07
40  42  1.30422e+07
40  43  8.35761e+06
40  44  1.38314e+07
40  45  1.79553e+07
40  46  3.10405e+07
40  47  3.94139e+07
40  48  3.10832e+07
40  49  3.94774e+07
40  50  3.42612e+07
41  0  2.39519e+07
41  1  4.0436e+07
41  2  3.321e+07
41  3  3.79731e+07
41  4  2.7459e+07
41  5  4.71178e+07
41  6  3.84272e+07
41  7  3.71757e+07
41  8  3.53809e+07
41  9  4.57101e+07
41  10  5.72003e+07
41  11  5.92274e+07
41  12  6.22325e+07
41  13  6.14501e+07
41  14  5.56101e+07
41  15  4.97722e+07
41  16  3.12277e+07
41  17  3.56423e+07
41  18  2.71112e+07
41  19  2.3479e+07
41  20  2.70803e+07
41  21  3.76914e+07
41  22  4.99111e+07
41  23  3.88939e+07
41  24  4.73331e+07
41  25  3.90194e+07
41  26  3.33985e+07
41  27  1.87415e+07
41  28  8.04408e+06
41  29  1.64685e+07
41  30  1.13209e+07
41  31  2.96432e+07
41  32  4.58334e+07
41  33  5.09491e+07
41  34  4.78639e+07
41  35  5.77937e+07
41  36  3.92896e+07
41  37  1.7185e+07
41  38  5.04804e+07
41  39  3.11938e+07
41  40  2.66094e+07
41  41  2.82908e+07
41  42  6.43837e+06
41  43  1.27294e+07
41  44  9.38129e+06
41  45  2.06232e+07
41  46  2.16525e+07
41  47  1.78224e+07
41  48  2.92999e+07
41  49  1.60564e+07
41  50  2.15312e+07
42  0  2.82471e+07
42  1  3.58817e+07
42  2  6.13181e+07
42  3  4.39184e+07
42  4  3.37191e+07
42  5  5.3634e+07
42  6  3.15151e+07
42  7  2.89652e+07
42  8  4.70177e+07
42  9  5.49677e+07
42  10  5.33723e+07
42  11  5.22143e+07
42  12  7.19307e+07
42  13  6.36404e+07
42  14  5.30816e+07
42  15  5.17132e+07
42  16  3.76102e+07
42  17  4.03722e+07
42  18  3.92654e+07
42  19  3.52202e+07
42  20  3.80802e+07
42  21  3.45859e+07
42  22  4.44569e+07
42  23  5.51291e+07
42  24  5.33909e+07
42  25  5.39322e+07
42  26  3.96418e+07
42  27  2.72056e+07
42  28  6.28003e+06
42  29  1.66928e+07
42  30  2.26574e+07
42  31  2.77986e+07
42  32  4.35687e+07
42  33  5.17336e+07
42  34  4.94623e+07
42  35  4.8447e+07
42  36  3.52904e+07
42  37  2.48352e+07
42  38  3.4878e+07
42  39  3.70157e+07
42  40  3.48322e+07
42  41  2.63163e+07
42  42  1.0338e+07
42  43  1.12733e+07
42  44  6.64185e+06
42  45  2.85781e+07
42  46  1.86716e+07
42  47  2.42495e+07
42  48  1.94618e+07
42  49  1.46248e+07
42  50  2.01573e+07
43  0  3.28464e+07
43  1  4.29827e+07
43  2  4.48345e+07
43  3  5.08136e+07
43  4  3.82394e+07
43  5  5.52761e+07
43  6  4.44226e+07
43  7  2.32241e+07
43  8  3.45794e+07
43  9  4.61477e+07
43  10  4.56709e+07
43  11  5.93711e+07
43  12  6.19009e+07
43  13  6.51431e+07
43  14  5.4404e+07
43  15  4.60442e+07
43  16  3.77119e+07
43  17  4.40935e+07
43  18  4.70899e+07
43  19  4.03334e+07
43  20  5.00562e+07
43  21  5.08144e+07
43  22  5.4101e+07
43  23  5.03063e+07
43  24  6.20832e+07
43  25  3.90506e+07
43  26  2.7112e+07
43  27  2.10842e+07
43  28  923445
43  29  1.92332e+07
43  30  2.25469e+07
43  31  3.42437e+07
43  32  4.28471e+07
43  33  4.73601e+07
43  34  4.05604e+07
43  35  3.69997e+07
43  36  3.11204e+07
43  37  2.30477e+07
43  38  3.48025e+07
43  39  3.59094e+07
43  40  2.83516e+07
43  41  1.79384e+07
43  42  4.54384e+06
43  43  4.84374e+06
43  44  9.18375e+06
43  45  2.53663e+07
43  46  2.13848e+07
43  47  2.53727e+07
43  48  2.32178e+07
43  49  2.38446e+07
43  50  2.0633e+07
44  0  2.66881e+07
44  1  4.09498e+07
44  2  4.91762e+07
44  3  5.23956e+07
44  4  5.58989e+07
44  5  5.43693e+07
44  6  3.43986e+07
44  7  1.79096e+07
44  8  3.44268e+07
44  9  4.96647e+07
44  10  4.96304e+07
44  11  4.91054e+07
44  12  5.46802e+07
44  13  5.6656e+07
44  14  5.49262e+07
44  15  5.58922e+07
44  16  4.17194e+07
44  17  3.78662e+07
44  18  4.28329e+07
44  19  4.04029e+07
44  20  2.96771e+07
44  21  3.84573e+07
44  22  5.13002e+07
44  23  4.66692e+07
44  24  5.64511e+07
44  25  6.05606e+07
44  26  2.80623e+07
44  27  2.04888e+07
44  28  1.53784e+07
44  29  1.39277e+07
44  30  2.9582e+07
44  31  3.64635e+07
44  32  4.27221e+07
44  33  4.94047e+07
44  34  4.28346e+07
44  35  4.52592e+07
44  36  3.14286e+07
44  37  2.54212e+07
44  38  4.2115e+07
44  39  3.08026e+07
44  40  4.131e+07
44  41  1.72908e+07
44  42  1.59953e+06
44  43  5.79523e+06
44  44  1.95626e+07
44  45  3.07247e+07
44  46  2.75948e+07
44  47  1.80188e+07
44  48  3.50502e+07
44  49  2.77163e+07
44  50  3.45749e+07
45  0  3.81004e+07
45  1  5.58922e+07
45  2  6.51226e+07
45  3  5.45666e+07
45  4  3.64903e+07
45  5  4.98742e+07
45  6  3.59213e+07
45  7  1.83835e+07
45  8  3.88066e+07
45  9  5.16274e+07
45  10  5.25622e+07
45  11  6.67282e+07
45  12  5.18528e+07
45  13  5.76182e+07
45  14  4.10433e+07
45  15  4.51262e+07
45  16  4.39277e+07
45  17  4.16785e+07
45  18  4.51476e+07
45  19  4.40878e+07
45  20  4.69176e+07
45  21  5.33444e+07
45  22  4.71115e+07
45  23  5.3165e+07
45  24  5.64122e+07
45  25  4.6406e+07
45  26  3.02743e+07
45  27  1.75524e+07
45  28  1.08626e+07
45  29  3.40995e+07
45  30  2.72182e+07
45  31  4.17591e+07
45  32  4.05945e+07
45  33  4.13621e+07
45  34  4.0988e+07
45  35  2.94178e+07
45  36  3.93706e+07
45  37  2.58124e+07
45  38  3.59371e+07
45  39  3.40037e+07
45  40  4.08619e+07
45  41  1.84466e+07
45  42  3.67741e+06
45  43  7.57497e+06
45  44  1.04301e+07
45  45  3.42194e+07
45  46  2.75618e+07
45  47  2.59455e+07
45  48  4.00954e+07
45  49  3.20245e+07
45  50  2.5349e+07
46  0  4.469e+07
46  1  5.68156e+07
46  2  5.6287e+07
46  3  5.15538e+07
46  4  4.46053e+07
46  5  5.21871e+07
46  6  4.08849e+07
46  7  2.17634e+07
46  8  4.336e+07
46  9  4.41009e+07
46  10  4.49206e+07
46  11  5.10112e+07
46  12  5.19516e+07
46  13  4.62241e+07
46  14  3.7887e+07
46  15  4.30996e+07
46  16  4.76469e+07
46  17  3.02943e+07
46  18  4.314e+07
46  19  3.71287e+07
46  20  4.61698e+07
46  21  4.03627e+07
46  22  5.16229e+07
46  23  4.05377e+07
46  24  5.42395e+07
46  25  5.55846e+07
46  26  2.9143e+07
46  27  2.97117e+07
46  28  2.38538e+07
46  29  4.26458e+07
46  30  4.7645e+07
46  31  3.57073e+07
46  32  4.11131e+07
46  33  4.66453e+07
46  34  4.36643e+07
46  35  3.76119e+07
46  36  3.11568e+07
46  37  3.04926e+07
46  38  4.23265e+07
46  39  4.50863e+07
46  40  4.24582e+07
46  41  2.07402e+07
46  42  7.92164e+06
46  43  6.4077e+06
46  44  1.71429e+07
46  45  2.65502e+07
46  46  4.27708e+07
46  47  2.70752e+07
46  48  4.81547e+07
46  49  4.87956e+07
46  50  4.21427e+07
47  0  4.60711e+07
47  1  5.84099e+07
47  2  5.34746e+07
47  3  5.40916e+07
47  4  5.01229e+07
47  5  4.01825e+07
47  6  2.39458e+07
47  7  1.5192e+07
47  8  4.60371e+07
47  9  6.09622e+07
47  10  5.27265e+07
47  11  4.89484e+07
47  12  5.38579e+07
47  13  4.77753e+07
47  14  3.1929e+07
47  15  4.36062e+07
47  16  3.38147e+07
47  17  3.23533e+07
47  18  4.34706e+07
47  19  3.33617e+07
47  20  3.68664e+07
47  21  4.17509e+07
47  22  3.7586e+07
47  23  4.34046e+07
47  24  4.77774e+07
47  25  3.94907e+07
47  26  3.88871e+07
47  27  3.40573e+07
47  28  2.63547e+07
47  29  5.98261e+07
47  30  4.34836e+07
47  31  3.11695e+07
47  32  4.85605e+07
47  33  4.59981e+07
47  34  3.54999e+07
47  35  3.32813e+07
47  36  2.84805e+07
47  37  2.52086e+07
47  38  3.76957e+07
47  39  5.21639e+07
47  40  5.0095e+07
47  41  1.81778e+07
47  42  4.14415e+06
47  43  1.01716e+07
47  44  1.24486e+07
47  45  2.96913e+07
47  46  4.25124e+07
47  47  3.58145e+07
47  48  5.55461e+07
47  49  4.94525e+07
47  50  7.54505e+07
48  0  4.89161e+07
48  1  5.69429e+07
48  2  5.52439e+07
48  3  5.94565e+07
48  4  5.54464e+07
48  5  4.21293e+07
48  6  1.8528e+07
48  7  2.27556e+07
48  8  3.95887e+07
48  9  6.66412e+07
48  10  4.06215e+07
48  11  5.35354e+07
48  12  4.87796e+07
48  13  3.95419e+07
48  14  2.84571e+07
48  15  3.94234e+07
48  16  4.37334e+07
48  17  3.06266e+07
48  18  2.80104e+07
48  19  2.26972e+07
48  20  3.07365e+07
48  21  5.2494e+07
48  22  3.8187e+07
48  23  2.40059e+07
48  24  3.54465e+07
48  25  4.23726e+07
48  26  3.80141e+07
48  27  3.90382e+07
48  28  3.33437e+07
48  29  4.67661e+07
48  30  3.14678e+07
48  31  3.12328e+07
48  32  4.6436e+07
48  33  4.99294e+07
48  34  4.49159e+07
48  35  3.53518e+07
48  36  2.69866e+07
48  37  2.48948e+07
48  38  3.59435e+07
48  39  3.82113e+07
48  40  4.91824e+07
48  41  2.09009e+07
48  42  5.45023e+06
48  43  5.54057e+06
48  44  5.71586e+06
48  45  2.62915e+07
48  46  2.49676e+07
48  47  3.62813e+07
48  48  5.64886e+07
48  49  5.48039e+07
48  50  6.00284e+07
49  0  4.15608e+07
49  1  5.88202e+07
49  2  5.82706e+07
49  3  5.05616e+07
49  4  5.9097e+07
49  5  4.44328e+07
49  6  1.65886e+07
49  7  2.66823e+07
49  8  4.85178e+07
49  9  5.45731e+07
49  10  4.64345e+07
49  11  4.93067e+07
49  12  4.24209e+07
49  13  3.95088e+07
49  14  3.0708e+07
49  15  3.44931e+07
49  16  4.93709e+07
49  17  2.60528e+07
49  18  3.49973e+07
49  19  2.90216e+07
49  20  3.73804e+07
49  21  3.31184e+07
49  22  3.98162e+07
49  23  1.77338e+07
49  24  3.41613e+07
49  25  4.47446e+07
49  26  3.37872e+07
49  27  4.52158e+07
49  28  3.00336e+07
49  29  5.53733e+07
49  30  2.35176e+07
49  31  4.58687e+07
49  32  6.01428e+07
49  33  5.05105e+07
49  34  3.86868e+07
49  35  3.70577e+07
49  36  2.17834e+07
49  37  3.03952e+07
49  38  3.1837e+07
49  39  3.80582e+07
49  40  4.30077e+07
49  41  1.28399e+07
49  42  1.3929e+06
49  43  5.1337e+06
49  44  1.39449e+07
49  45  2.25319e+07
49  46  3.44657e+07
49  47  4.22482e+07
49  48  6.53925e+07
49  49  5.35231e+07
49  50  5.13969e+07
50  0  3.59078e+07
50  1  5.54874e+07
50  2  4.211e+07
50  3  4.8009e+07
50  4  4.92547e+07
50  5  4.43651e+07
50  6  1.54521e+07
50  7  2.59899e+07
50  8  3.62205e+07
50  9  4.67231e+07
50  10  5.345e+07
50  11  5.59033e+07
50  12  4.0667e+07
50  13  3.91833e+07
50  14  3.05864e+07
50  15  3.94694e+07
50  16  5.2764e+07
50  17  3.92015e+07
50  18  2.47061e+07
50  19  2.20597e+07
50  20  4.22949e+07
50  21  3.59262e+07
50  22  4.22803e+07
50  23  1.94355e+07
50  24  2.83543e+07
50  25  4.15199e+07
50  26  4.65982e+07
50  27  4.85719e+07
50  28  4.0286e+07
50  29  4.0799e+07
50  30  2.88767e+07
50  31  4.38589e+07
50  32  4.80212e+07
50  33  4.62686e+07
50  34  5.07231e+07
50  35  3.60487e+07
50  36  3.45564e+07
50  37  3.818e+07
50  38  3.19622e+07
50  39  4.33093e+07
50  40  3.20305e+07
50  41  9.94134e+06
50  42  0
50  43  6.54203e+06
50  44  1.55896e+07
50  45  3.77218e+07
50  46  3.72531e+07
50  47  5.64191e+07
50  48  8.09915e+07
50  49  6.66276e+07
50  50  5.67443e+07

