row  column  (images_16_017.edf K-K*images_16_017.edf Ar-K**2.3)
0  0  0
0  1  0
0  2  0
0  3  0
0  4  0
0  5  0
0  6  0
0  7  5.859e+06
0  8  8.45489e+06
0  9  1.829e+07
0  10  7.21556e+06
0  11  1.41491e+07
0  12  7.01123e+06
0  13  0
0  14  7.06732e+06
0  15  1.1466e+07
0  16  2.12967e+07
0  17  1.98404e+07
0  18  6.8827e+06
0  19  1.07754e+07
0  20  6.69024e+06
0  21  0
0  22  8.47147e+06
0  23  0
0  24  0
0  25  0
0  26  0
0  27  0
0  28  0
0  29  0
0  30  0
0  31  0
0  32  0
0  33  0
0  34  0
0  35  0
0  36  0
0  37  0
0  38  0
0  39  0
0  40  0
0  41  0
0  42  0
0  43  0
0  44  0
0  45  0
0  46  0
0  47  0
0  48  0
0  49  0
0  50  8.0059e+06
1  0  0
1  1  0
1  2  131644
1  3  0
1  4  0
1  5  0
1  6  6.05316e+06
1  7  0
1  8  7.19873e+06
1  9  1.26209e+07
1  10  7.44512e+06
1  11  1.61244e+07
1  12  5.80866e+06
1  13  1.3327e+07
1  14  0
1  15  1.16125e+07
1  16  1.84575e+07
1  17  1.86102e+07
1  18  1.47666e+07
1  19  8.29163e+06
1  20  1.61605e+07
1  21  0
1  22  6.01769e+06
1  23  0
1  24  1.09007e+07
1  25  0
1  26  0
1  27  0
1  28  0
1  29  0
1  30  0
1  31  0
1  32  0
1  33  0
1  34  0
1  35  0
1  36  0
1  37  0
1  38  0
1  39  0
1  40  0
1  41  0
1  42  9.25859e+06
1  43  0
1  44  0
1  45  0
1  46  0
1  47  0
1  48  0
1  49  0
1  50  1.98443e+06
2  0  2.06686e+06
2  1  0
2  2  2.98577e+06
2  3  6.87862e+06
2  4  3.36289e+06
2  5  1.43765e+06
2  6  7.03733e+06
2  7  1.23109e+07
2  8  1.24694e+07
2  9  7.66941e+06
2  10  1.85003e+07
2  11  1.30128e+07
2  12  7.04104e+06
2  13  0
2  14  2.46244e+07
2  15  2.58098e+07
2  16  1.76557e+07
2  17  1.69479e+07
2  18  1.09354e+07
2  19  6.13686e+06
2  20  0
2  21  0
2  22  5.62092e+06
2  23  0
2  24  6.74965e+06
2  25  5.73838e+06
2  26  0
2  27  6.06748e+06
2  28  8.81012e+06
2  29  0
2  30  0
2  31  0
2  32  7.74431e+06
2  33  0
2  34  0
2  35  0
2  36  0
2  37  0
2  38  0
2  39  0
2  40  7.77021e+06
2  41  0
2  42  0
2  43  0
2  44  0
2  45  0
2  46  0
2  47  0
2  48  0
2  49  0
2  50  0
3  0  0
3  1  0
3  2  0
3  3  2.86632e+06
3  4  6.81365e+06
3  5  0
3  6  8.66618e+06
3  7  1.3089e+07
3  8  2.2087e+07
3  9  2.89624e+07
3  10  1.6288e+07
3  11  1.23429e+07
3  12  0
3  13  1.55128e+07
3  14  1.68759e+07
3  15  2.87687e+07
3  16  1.67672e+07
3  17  1.71774e+07
3  18  0
3  19  1.48629e+07
3  20  0
3  21  0
3  22  1.05398e+07
3  23  7.87403e+06
3  24  0
3  25  0
3  26  0
3  27  0
3  28  0
3  29  7.1983e+06
3  30  0
3  31  0
3  32  0
3  33  0
3  34  0
3  35  0
3  36  0
3  37  0
3  38  0
3  39  0
3  40  0
3  41  0
3  42  0
3  43  0
3  44  0
3  45  0
3  46  0
3  47  0
3  48  0
3  49  7.16646e+06
3  50  0
4  0  0
4  1  5.27376e+06
4  2  1.50451e+07
4  3  7.08079e+06
4  4  9.18e+06
4  5  0
4  6  1.32809e+07
4  7  1.19248e+07
4  8  1.06601e+07
4  9  1.93392e+07
4  10  8.8589e+06
4  11  1.83408e+07
4  12  8.9293e+06
4  13  9.88206e+06
4  14  1.32946e+07
4  15  2.53747e+07
4  16  2.40192e+07
4  17  1.81793e+07
4  18  8.21583e+06
4  19  0
4  20  0
4  21  0
4  22  0
4  23  0
4  24  8.41248e+06
4  25  0
4  26  0
4  27  0
4  28  9.22635e+06
4  29  0
4  30  0
4  31  0
4  32  0
4  33  0
4  34  0
4  35  0
4  36  0
4  37  0
4  38  0
4  39  0
4  40  0
4  41  0
4  42  0
4  43  0
4  44  0
4  45  0
4  46  0
4  47  0
4  48  0
4  49  0
4  50  0
5  0  7.47616e+06
5  1  6.22104e+06
5  2  5.86536e+06
5  3  0
5  4  6.95529e+06
5  5  1.39494e+07
5  6  0
5  7  1.38288e+07
5  8  1.74472e+07
5  9  1.45165e+07
5  10  1.31007e+07
5  11  9.8417e+06
5  12  1.26688e+07
5  13  9.6105e+06
5  14  5.59529e+06
5  15  2.4688e+07
5  16  3.54531e+07
5  17  1.51429e+07
5  18  1.0527e+07
5  19  0
5  20  0
5  21  0
5  22  6.42271e+06
5  23  0
5  24  0
5  25  6.51593e+06
5  26  0
5  27  0
5  28  0
5  29  0
5  30  0
5  31  0
5  32  0
5  33  0
5  34  1.28414e+07
5  35  0
5  36  0
5  37  0
5  38  0
5  39  0
5  40  0
5  41  0
5  42  0
5  43  0
5  44  0
5  45  0
5  46  0
5  47  0
5  48  0
5  49  0
5  50  0
6  0  0
6  1  0
6  2  0
6  3  0
6  4  0
6  5  0
6  6  7.42258e+06
6  7  9.19949e+06
6  8  1.34489e+07
6  9  1.65999e+07
6  10  1.52832e+07
6  11  2.17856e+07
6  12  0
6  13  0
6  14  6.375e+06
6  15  1.72274e+07
6  16  1.76616e+07
6  17  1.81425e+07
6  18  9.98815e+06
6  19  9.47456e+06
6  20  0
6  21  0
6  22  0
6  23  0
6  24  1.76387e+06
6  25  7.4481e+06
6  26  0
6  27  0
6  28  0
6  29  0
6  30  0
6  31  0
6  32  0
6  33  0
6  34  0
6  35  0
6  36  0
6  37  0
6  38  0
6  39  7.42057e+06
6  40  0
6  41  0
6  42  0
6  43  0
6  44  0
6  45  0
6  46  0
6  47  0
6  48  0
6  49  0
6  50  0
7  0  0
7  1  6.28077e+06
7  2  9.75493e+06
7  3  0
7  4  0
7  5  0
7  6  0
7  7  8.77989e+06
7  8  1.54602e+07
7  9  1.15287e+07
7  10  1.42245e+07
7  11  8.20308e+06
7  12  6.09981e+06
7  13  1.31661e+07
7  14  1.34192e+07
7  15  1.46943e+07
7  16  1.548e+07
7  17  9.05396e+06
7  18  1.18031e+07
7  19  0
7  20  4.67332e+06
7  21  0
7  22  1.0935e+07
7  23  1.53164e+07
7  24  1.19825e+07
7  25  8.84193e+06
7  26  0
7  27  1.01518e+07
7  28  0
7  29  0
7  30  0
7  31  0
7  32  0
7  33  0
7  34  0
7  35  0
7  36  0
7  37  0
7  38  0
7  39  0
7  40  0
7  41  0
7  42  0
7  43  0
7  44  0
7  45  0
7  46  0
7  47  5.94374e+06
7  48  0
7  49  0
7  50  0
8  0  1.05475e+07
8  1  8.98351e+06
8  2  0
8  3  5.18528e+06
8  4  8.89448e+06
8  5  8.03168e+06
8  6  0
8  7  1.03363e+07
8  8  6.7712e+06
8  9  2.10454e+07
8  10  1.22421e+07
8  11  1.37234e+07
8  12  0
8  13  0
8  14  0
8  15  1.01049e+07
8  16  1.45017e+07
8  17  6.09617e+06
8  18  0
8  19  0
8  20  8.32945e+06
8  21  0
8  22  7.19317e+06
8  23  5.32985e+06
8  24  7.79298e+06
8  25  0
8  26  0
8  27  0
8  28  0
8  29  0
8  30  0
8  31  0
8  32  0
8  33  0
8  34  0
8  35  0
8  36  0
8  37  0
8  38  0
8  39  0
8  40  0
8  41  0
8  42  0
8  43  0
8  44  0
8  45  0
8  46  0
8  47  0
8  48  0
8  49  0
8  50  0
9  0  0
9  1  0
9  2  0
9  3  0
9  4  1.21348e+07
9  5  0
9  6  0
9  7  0
9  8  1.30706e+07
9  9  8.14789e+06
9  10  0
9  11  1.35134e+07
9  12  7.78665e+06
9  13  8.24396e+06
9  14  0
9  15  1.00065e+07
9  16  1.42877e+07
9  17  0
9  18  8.7677e+06
9  19  0
9  20  0
9  21  1.211e+07
9  22  7.95893e+06
9  23  0
9  24  1.28667e+07
9  25  9.00806e+06
9  26  5.02829e+06
9  27  0
9  28  0
9  29  1.18842e+07
9  30  0
9  31  0
9  32  0
9  33  0
9  34  0
9  35  0
9  36  0
9  37  0
9  38  0
9  39  5.781e+06
9  40  0
9  41  0
9  42  0
9  43  0
9  44  0
9  45  0
9  46  0
9  47  0
9  48  0
9  49  0
9  50  0
10  0  8.26181e+06
10  1  0
10  2  0
10  3  0
10  4  6.52992e+06
10  5  0
10  6  0
10  7  0
10  8  6.47618e+06
10  9  2.04609e+07
10  10  1.22094e+07
10  11  2.06517e+07
10  12  7.70618e+06
10  13  0
10  14  0
10  15  8.24773e+06
10  16  1.36583e+07
10  17  4.54766e+06
10  18  0
10  19  4.6581e+06
10  20  9.35648e+06
10  21  0
10  22  8.26933e+06
10  23  0
10  24  5.89657e+06
10  25  0
10  26  7.02495e+06
10  27  0
10  28  0
10  29  0
10  30  0
10  31  0
10  32  0
10  33  0
10  34  0
10  35  0
10  36  0
10  37  0
10  38  0
10  39  0
10  40  0
10  41  0
10  42  0
10  43  0
10  44  0
10  45  0
10  46  0
10  47  0
10  48  0
10  49  0
10  50  0
11  0  9.40253e+06
11  1  0
11  2  0
11  3  0
11  4  7.42832e+06
11  5  0
11  6  0
11  7  0
11  8  0
11  9  1.82586e+07
11  10  9.7423e+06
11  11  9.69789e+06
11  12  1.27454e+07
11  13  9.18625e+06
11  14  5.82878e+06
11  15  1.38292e+07
11  16  9.16809e+06
11  17  0
11  18  0
11  19  0
11  20  7.72014e+06
11  21  0
11  22  7.2926e+06
11  23  7.56754e+06
11  24  7.84167e+06
11  25  0
11  26  0
11  27  0
11  28  0
11  29  0
11  30  0
11  31  0
11  32  0
11  33  0
11  34  0
11  35  0
11  36  0
11  37  0
11  38  0
11  39  0
11  40  0
11  41  0
11  42  0
11  43  0
11  44  0
11  45  0
11  46  0
11  47  0
11  48  0
11  49  0
11  50  0
12  0  0
12  1  1.05193e+07
12  2  0
12  3  0
12  4  0
12  5  0
12  6  0
12  7  0
12  8  9.83478e+06
12  9  0
12  10  8.58837e+06
12  11  1.05609e+07
12  12  0
12  13  0
12  14  0
12  15  9.31069e+06
12  16  1.07923e+07
12  17  4.77559e+06
12  18  0
12  19  0
12  20  8.20706e+06
12  21  0
12  22  0
12  23  0
12  24  7.37193e+06
12  25  7.12e+06
12  26  7.33783e+06
12  27  0
12  28  0
12  29  0
12  30  0
12  31  0
12  32  0
12  33  0
12  34  0
12  35  0
12  36  0
12  37  0
12  38  0
12  39  0
12  40  0
12  41  0
12  42  0
12  43  0
12  44  0
12  45  0
12  46  0
12  47  0
12  48  0
12  49  0
12  50  0
13  0  5.52847e+06
13  1  0
13  2  0
13  3  0
13  4  0
13  5  0
13  6  0
13  7  6.73246e+06
13  8  8.96678e+06
13  9  9.1187e+06
13  10  1.10679e+07
13  11  6.76462e+06
13  12  6.16512e+06
13  13  1.24567e+07
13  14  9.86203e+06
13  15  1.60559e+07
13  16  8.84313e+06
13  17  1.29794e+07
13  18  0
13  19  0
13  20  0
13  21  0
13  22  1.99535e+06
13  23  0
13  24  5.81367e+06
13  25  7.88071e+06
13  26  0
13  27  8.50616e+06
13  28  0
13  29  0
13  30  0
13  31  0
13  32  0
13  33  0
13  34  0
13  35  6.58699e+06
13  36  0
13  37  0
13  38  0
13  39  6.80509e+06
13  40  0
13  41  0
13  42  0
13  43  0
13  44  0
13  45  0
13  46  0
13  47  0
13  48  0
13  49  0
13  50  0
14  0  7.23595e+06
14  1  0
14  2  0
14  3  0
14  4  0
14  5  7.86341e+06
14  6  0
14  7  0
14  8  7.45497e+06
14  9  0
14  10  1.1968e+07
14  11  1.20939e+07
14  12  9.32141e+06
14  13  5.3189e+06
14  14  6.81432e+06
14  15  1.61178e+07
14  16  0
14  17  0
14  18  0
14  19  0
14  20  0
14  21  0
14  22  7.21106e+06
14  23  6.99931e+06
14  24  9.85467e+06
14  25  0
14  26  0
14  27  9.34629e+06
14  28  0
14  29  0
14  30  0
14  31  0
14  32  0
14  33  8.1255e+06
14  34  0
14  35  0
14  36  0
14  37  6.23562e+06
14  38  0
14  39  0
14  40  0
14  41  0
14  42  0
14  43  0
14  44  0
14  45  0
14  46  0
14  47  0
14  48  0
14  49  0
14  50  0
15  0  0
15  1  0
15  2  0
15  3  0
15  4  0
15  5  7.59633e+06
15  6  9.85107e+06
15  7  6.89571e+06
15  8  2.00171e+07
15  9  1.20286e+07
15  10  0
15  11  0
15  12  1.02138e+07
15  13  0
15  14  1.47205e+07
15  15  7.03069e+06
15  16  9.02552e+06
15  17  0
15  18  0
15  19  8.65413e+06
15  20  0
15  21  5.37561e+06
15  22  6.49771e+06
15  23  0
15  24  0
15  25  0
15  26  0
15  27  0
15  28  0
15  29  0
15  30  0
15  31  0
15  32  0
15  33  0
15  34  0
15  35  0
15  36  0
15  37  0
15  38  0
15  39  0
15  40  0
15  41  0
15  42  0
15  43  0
15  44  0
15  45  0
15  46  0
15  47  0
15  48  0
15  49  0
15  50  0
16  0  1.43824e+07
16  1  0
16  2  0
16  3  0
16  4  6.14528e+06
16  5  1.03656e+07
16  6  1.7532e+07
16  7  1.26979e+07
16  8  0
16  9  0
16  10  1.3504e+07
16  11  1.19096e+07
16  12  0
16  13  6.85204e+06
16  14  0
16  15  0
16  16  8.71989e+06
16  17  0
16  18  0
16  19  0
16  20  0
16  21  0
16  22  8.76343e+06
16  23  0
16  24  0
16  25  0
16  26  0
16  27  0
16  28  0
16  29  0
16  30  0
16  31  0
16  32  0
16  33  0
16  34  0
16  35  0
16  36  0
16  37  0
16  38  0
16  39  0
16  40  0
16  41  0
16  42  0
16  43  0
16  44  0
16  45  0
16  46  0
16  47  0
16  48  0
16  49  0
16  50  0
17  0  0
17  1  0
17  2  0
17  3  0
17  4  0
17  5  0
17  6  0
17  7  6.63812e+06
17  8  8.94374e+06
17  9  0
17  10  1.57376e+07
17  11  8.95321e+06
17  12  0
17  13  0
17  14  0
17  15  0
17  16  6.57354e+06
17  17  7.26004e+06
17  18  0
17  19  1.18282e+07
17  20  7.55997e+06
17  21  5.99355e+06
17  22  7.01223e+06
17  23  0
17  24  0
17  25  0
17  26  0
17  27  0
17  28  0
17  29  0
17  30  0
17  31  0
17  32  0
17  33  0
17  34  0
17  35  0
17  36  0
17  37  0
17  38  0
17  39  7.05321e+06
17  40  0
17  41  0
17  42  0
17  43  0
17  44  0
17  45  0
17  46  0
17  47  0
17  48  0
17  49  0
17  50  0
18  0  6.78775e+06
18  1  7.04359e+06
18  2  0
18  3  5.78477e+06
18  4  7.56785e+06
18  5  0
18  6  7.08788e+06
18  7  1.77442e+07
18  8  1.36366e+07
18  9  1.29527e+07
18  10  1.65897e+07
18  11  1.5336e+07
18  12  0
18  13  0
18  14  0
18  15  8.61017e+06
18  16  1.03247e+07
18  17  9.35275e+06
18  18  0
18  19  4.9335e+06
18  20  6.99865e+06
18  21  0
18  22  0
18  23  0
18  24  1.01228e+07
18  25  0
18  26  7.42399e+06
18  27  0
18  28  0
18  29  0
18  30  0
18  31  0
18  32  0
18  33  0
18  34  0
18  35  0
18  36  0
18  37  0
18  38  0
18  39  1.01516e+07
18  40  0
18  41  0
18  42  0
18  43  0
18  44  0
18  45  0
18  46  0
18  47  0
18  48  0
18  49  0
18  50  0
19  0  1.13989e+07
19  1  7.7895e+06
19  2  5.72886e+06
19  3  0
19  4  1.0067e+07
19  5  7.5677e+06
19  6  1.0583e+07
19  7  1.27592e+07
19  8  1.01315e+07
19  9  1.1212e+07
19  10  7.69797e+06
19  11  1.68757e+07
19  12  8.52134e+06
19  13  0
19  14  7.64915e+06
19  15  8.73132e+06
19  16  6.27844e+06
19  17  6.18264e+06
19  18  1.02722e+07
19  19  0
19  20  1.10281e+07
19  21  0
19  22  0
19  23  4.30403e+06
19  24  0
19  25  0
19  26  0
19  27  0
19  28  0
19  29  0
19  30  0
19  31  0
19  32  0
19  33  0
19  34  0
19  35  0
19  36  0
19  37  0
19  38  0
19  39  0
19  40  0
19  41  8.07266e+06
19  42  0
19  43  0
19  44  0
19  45  0
19  46  0
19  47  0
19  48  0
19  49  0
19  50  0
20  0  0
20  1  1.37705e+07
20  2  0
20  3  6.53894e+06
20  4  0
20  5  0
20  6  0
20  7  1.10047e+07
20  8  1.64294e+07
20  9  1.71774e+07
20  10  9.27515e+06
20  11  2.03371e+07
20  12  0
20  13  8.19705e+06
20  14  6.98095e+06
20  15  0
20  16  0
20  17  0
20  18  0
20  19  0
20  20  6.8277e+06
20  21  5.51255e+06
20  22  0
20  23  0
20  24  0
20  25  6.64374e+06
20  26  0
20  27  0
20  28  0
20  29  0
20  30  0
20  31  0
20  32  0
20  33  0
20  34  0
20  35  0
20  36  0
20  37  0
20  38  0
20  39  0
20  40  0
20  41  0
20  42  0
20  43  0
20  44  0
20  45  0
20  46  0
20  47  0
20  48  0
20  49  0
20  50  0
21  0  0
21  1  0
21  2  1.13849e+07
21  3  6.16677e+06
21  4  1.05174e+07
21  5  1.0114e+07
21  6  9.85174e+06
21  7  1.58784e+07
21  8  1.53934e+07
21  9  1.95034e+07
21  10  1.0301e+07
21  11  1.11375e+07
21  12  0
21  13  0
21  14  0
21  15  0
21  16  0
21  17  0
21  18  0
21  19  0
21  20  0
21  21  0
21  22  0
21  23  0
21  24  6.55887e+06
21  25  1.59972e+07
21  26  0
21  27  0
21  28  0
21  29  0
21  30  0
21  31  0
21  32  0
21  33  0
21  34  0
21  35  0
21  36  0
21  37  0
21  38  0
21  39  0
21  40  0
21  41  0
21  42  0
21  43  0
21  44  0
21  45  0
21  46  0
21  47  0
21  48  0
21  49  0
21  50  0
22  0  0
22  1  7.64203e+06
22  2  0
22  3  0
22  4  0
22  5  1.06978e+07
22  6  6.13348e+06
22  7  1.15814e+07
22  8  1.5435e+07
22  9  1.38553e+07
22  10  1.55916e+07
22  11  1.24107e+07
22  12  8.13725e+06
22  13  0
22  14  0
22  15  6.86411e+06
22  16  0
22  17  0
22  18  0
22  19  6.34904e+06
22  20  0
22  21  6.19831e+06
22  22  0
22  23  2.9235e+06
22  24  0
22  25  9.93014e+06
22  26  5.50217e+06
22  27  0
22  28  0
22  29  0
22  30  0
22  31  0
22  32  0
22  33  0
22  34  0
22  35  0
22  36  0
22  37  5.79236e+06
22  38  6.75038e+06
22  39  0
22  40  0
22  41  0
22  42  0
22  43  0
22  44  0
22  45  0
22  46  0
22  47  0
22  48  0
22  49  0
22  50  0
23  0  0
23  1  0
23  2  5.82132e+06
23  3  1.05769e+07
23  4  6.75189e+06
23  5  1.0453e+07
23  6  7.08936e+06
23  7  5.33837e+06
23  8  1.34379e+07
23  9  1.96325e+07
23  10  1.62215e+07
23  11  1.45806e+07
23  12  7.51496e+06
23  13  0
23  14  8.56075e+06
23  15  7.41056e+06
23  16  0
23  17  0
23  18  0
23  19  0
23  20  0
23  21  0
23  22  0
23  23  0
23  24  0
23  25  5.78332e+06
23  26  0
23  27  6.59423e+06
23  28  0
23  29  0
23  30  0
23  31  0
23  32  0
23  33  6.13976e+06
23  34  0
23  35  0
23  36  0
23  37  0
23  38  0
23  39  0
23  40  0
23  41  0
23  42  0
23  43  0
23  44  0
23  45  0
23  46  0
23  47  0
23  48  0
23  49  0
23  50  0
24  0  0
24  1  0
24  2  5.74562e+06
24  3  0
24  4  0
24  5  0
24  6  7.95717e+06
24  7  9.89625e+06
24  8  1.44117e+07
24  9  1.19099e+07
24  10  2.48718e+07
24  11  9.21773e+06
24  12  1.37401e+07
24  13  8.20911e+06
24  14  0
24  15  7.0232e+06
24  16  0
24  17  0
24  18  0
24  19  0
24  20  0
24  21  6.66924e+06
24  22  1.45427e+07
24  23  6.16565e+06
24  24  0
24  25  0
24  26  1.09658e+07
24  27  0
24  28  0
24  29  0
24  30  0
24  31  0
24  32  0
24  33  0
24  34  0
24  35  0
24  36  0
24  37  0
24  38  0
24  39  7.9489e+06
24  40  0
24  41  0
24  42  0
24  43  0
24  44  0
24  45  0
24  46  0
24  47  0
24  48  0
24  49  0
24  50  0
25  0  0
25  1  0
25  2  0
25  3  5.18144e+06
25  4  0
25  5  0
25  6  3.99811e+06
25  7  6.85467e+06
25  8  1.83606e+07
25  9  1.27802e+07
25  10  1.10359e+07
25  11  9.43958e+06
25  12  1.19806e+07
25  13  1.06127e+07
25  14  8.91663e+06
25  15  0
25  16  0
25  17  0
25  18  0
25  19  0
25  20  0
25  21  0
25  22  1.26776e+07
25  23  9.94415e+06
25  24  952977
25  25  5.42398e+06
25  26  5.21647e+06
25  27  0
25  28  0
25  29  0
25  30  0
25  31  0
25  32  0
25  33  0
25  34  0
25  35  0
25  36  0
25  37  0
25  38  0
25  39  0
25  40  0
25  41  0
25  42  0
25  43  0
25  44  0
25  45  0
25  46  0
25  47  0
25  48  0
25  49  0
25  50  0
26  0  0
26  1  8.57552e+06
26  2  0
26  3  0
26  4  0
26  5  0
26  6  8.31016e+06
26  7  1.27474e+07
26  8  1.53567e+07
26  9  1.10389e+07
26  10  1.38547e+07
26  11  1.51075e+07
26  12  0
26  13  1.2803e+07
26  14  1.10113e+07
26  15  0
26  16  0
26  17  0
26  18  0
26  19  0
26  20  0
26  21  0
26  22  0
26  23  0
26  24  8.97044e+06
26  25  0
26  26  9.24656e+06
26  27  0
26  28  0
26  29  0
26  30  0
26  31  0
26  32  8.88516e+06
26  33  0
26  34  0
26  35  0
26  36  0
26  37  0
26  38  0
26  39  0
26  40  0
26  41  0
26  42  0
26  43  0
26  44  0
26  45  0
26  46  0
26  47  0
26  48  0
26  49  0
26  50  0
27  0  0
27  1  0
27  2  0
27  3  0
27  4  0
27  5  0
27  6  0
27  7  1.23484e+07
27  8  1.54202e+07
27  9  9.70607e+06
27  10  1.01685e+07
27  11  1.62421e+07
27  12  1.47803e+07
27  13  0
27  14  1.16665e+07
27  15  9.16094e+06
27  16  0
27  17  0
27  18  0
27  19  0
27  20  0
27  21  0
27  22  0
27  23  1.2698e+07
27  24  0
27  25  5.55209e+06
27  26  0
27  27  0
27  28  0
27  29  0
27  30  0
27  31  0
27  32  0
27  33  0
27  34  0
27  35  0
27  36  0
27  37  0
27  38  0
27  39  0
27  40  0
27  41  0
27  42  0
27  43  0
27  44  0
27  45  0
27  46  0
27  47  0
27  48  0
27  49  0
27  50  0
28  0  0
28  1  0
28  2  0
28  3  0
28  4  0
28  5  4.75309e+06
28  6  7.67487e+06
28  7  0
28  8  9.7612e+06
28  9  1.87914e+07
28  10  1.89158e+07
28  11  8.19583e+06
28  12  8.9147e+06
28  13  1.28868e+07
28  14  6.04993e+06
28  15  0
28  16  0
28  17  0
28  18  0
28  19  0
28  20  0
28  21  8.11561e+06
28  22  0
28  23  7.15074e+06
28  24  7.61649e+06
28  25  1.06576e+07
28  26  7.01239e+06
28  27  7.42681e+06
28  28  0
28  29  0
28  30  0
28  31  0
28  32  0
28  33  0
28  34  0
28  35  0
28  36  0
28  37  0
28  38  0
28  39  0
28  40  0
28  41  0
28  42  0
28  43  0
28  44  0
28  45  0
28  46  0
28  47  0
28  48  0
28  49  0
28  50  0
29  0  0
29  1  0
29  2  0
29  3  0
29  4  0
29  5  0
29  6  8.17154e+06
29  7  1.50089e+07
29  8  6.40351e+06
29  9  6.92035e+06
29  10  8.83638e+06
29  11  1.49456e+07
29  12  1.79645e+07
29  13  1.07925e+07
29  14  1.82015e+07
29  15  0
29  16  0
29  17  0
29  18  0
29  19  6.22769e+06
29  20  9.92735e+06
29  21  6.99148e+06
29  22  0
29  23  0
29  24  0
29  25  5.08096e+06
29  26  0
29  27  0
29  28  0
29  29  8.62253e+06
29  30  0
29  31  0
29  32  0
29  33  5.7949e+06
29  34  0
29  35  0
29  36  0
29  37  0
29  38  0
29  39  0
29  40  0
29  41  0
29  42  0
29  43  0
29  44  0
29  45  0
29  46  0
29  47  8.38292e+06
29  48  0
29  49  0
29  50  0
30  0  0
30  1  0
30  2  5.62363e+06
30  3  5.99553e+06
30  4  0
30  5  7.91178e+06
30  6  0
30  7  1.30476e+07
30  8  1.02944e+07
30  9  1.15829e+07
30  10  1.73118e+07
30  11  8.11845e+06
30  12  9.8036e+06
30  13  1.73185e+07
30  14  0
30  15  6.7719e+06
30  16  0
30  17  0
30  18  0
30  19  0
30  20  0
30  21  0
30  22  6.60885e+06
30  23  0
30  24  0
30  25  5.74391e+06
30  26  5.41546e+06
30  27  0
30  28  0
30  29  0
30  30  5.98394e+06
30  31  0
30  32  0
30  33  0
30  34  0
30  35  0
30  36  0
30  37  0
30  38  0
30  39  0
30  40  0
30  41  0
30  42  0
30  43  0
30  44  0
30  45  0
30  46  0
30  47  0
30  48  0
30  49  0
30  50  0
31  0  0
31  1  0
31  2  0
31  3  0
31  4  0
31  5  0
31  6  0
31  7  6.62528e+06
31  8  1.16286e+07
31  9  0
31  10  1.70711e+07
31  11  0
31  12  1.07181e+07
31  13  8.92324e+06
31  14  8.97035e+06
31  15  5.65292e+06
31  16  0
31  17  0
31  18  5.06299e+06
31  19  0
31  20  0
31  21  8.09956e+06
31  22  7.08296e+06
31  23  0
31  24  5.57092e+06
31  25  1.00526e+07
31  26  4.83505e+06
31  27  0
31  28  0
31  29  9.98607e+06
31  30  0
31  31  0
31  32  4.93592e+06
31  33  0
31  34  0
31  35  0
31  36  0
31  37  0
31  38  0
31  39  0
31  40  0
31  41  0
31  42  6.46486e+06
31  43  0
31  44  0
31  45  0
31  46  0
31  47  0
31  48  0
31  49  0
31  50  0
32  0  0
32  1  0
32  2  0
32  3  0
32  4  6.2459e+06
32  5  6.68913e+06
32  6  0
32  7  7.64122e+06
32  8  1.91923e+07
32  9  0
32  10  1.34394e+07
32  11  8.96731e+06
32  12  7.46886e+06
32  13  1.96931e+07
32  14  0
32  15  1.39018e+07
32  16  0
32  17  8.51267e+06
32  18  1.2679e+07
32  19  1.02681e+07
32  20  0
32  21  1.23189e+07
32  22  1.35549e+07
32  23  1.1021e+07
32  24  9.17947e+06
32  25  8.1111e+06
32  26  0
32  27  6.77502e+06
32  28  0
32  29  0
32  30  8.92387e+06
32  31  0
32  32  0
32  33  0
32  34  8.40843e+06
32  35  7.78159e+06
32  36  0
32  37  0
32  38  9.14372e+06
32  39  0
32  40  0
32  41  0
32  42  0
32  43  0
32  44  0
32  45  0
32  46  0
32  47  0
32  48  1.23401e+07
32  49  0
32  50  0
33  0  0
33  1  0
33  2  5.51598e+06
33  3  0
33  4  6.85728e+06
33  5  0
33  6  6.87143e+06
33  7  1.22193e+07
33  8  0
33  9  0
33  10  1.77213e+07
33  11  1.02484e+07
33  12  1.15693e+07
33  13  1.05462e+07
33  14  8.43892e+06
33  15  9.63857e+06
33  16  0
33  17  8.05171e+06
33  18  0
33  19  7.76101e+06
33  20  0
33  21  8.11117e+06
33  22  8.79335e+06
33  23  0
33  24  0
33  25  5.92225e+06
33  26  9.72848e+06
33  27  0
33  28  0
33  29  0
33  30  0
33  31  0
33  32  0
33  33  0
33  34  9.40891e+06
33  35  0
33  36  0
33  37  0
33  38  0
33  39  0
33  40  0
33  41  8.03838e+06
33  42  7.31116e+06
33  43  0
33  44  9.18939e+06
33  45  0
33  46  8.33748e+06
33  47  1.30331e+07
33  48  1.17488e+07
33  49  0
33  50  0
34  0  0
34  1  9.30212e+06
34  2  0
34  3  0
34  4  7.11519e+06
34  5  5.92555e+06
34  6  0
34  7  5.73419e+06
34  8  0
34  9  1.13591e+07
34  10  1.0913e+07
34  11  1.5288e+07
34  12  1.01818e+07
34  13  5.47744e+06
34  14  0
34  15  0
34  16  0
34  17  0
34  18  7.18201e+06
34  19  1.22046e+07
34  20  0
34  21  6.26054e+06
34  22  0
34  23  1.0054e+07
34  24  1.41936e+07
34  25  1.18802e+07
34  26  0
34  27  5.31097e+06
34  28  7.90386e+06
34  29  0
34  30  6.10791e+06
34  31  0
34  32  0
34  33  6.66146e+06
34  34  0
34  35  0
34  36  0
34  37  0
34  38  0
34  39  0
34  40  6.65174e+06
34  41  0
34  42  0
34  43  0
34  44  6.07734e+06
34  45  0
34  46  0
34  47  1.05966e+07
34  48  1.34369e+07
34  49  0
34  50  0
35  0  0
35  1  0
35  2  0
35  3  1.3711e+07
35  4  0
35  5  0
35  6  0
35  7  1.15659e+07
35  8  5.68337e+06
35  9  1.26728e+07
35  10  7.67018e+06
35  11  6.32272e+06
35  12  9.15024e+06
35  13  9.90027e+06
35  14  0
35  15  0
35  16  0
35  17  5.08318e+06
35  18  0
35  19  7.255e+06
35  20  977968
35  21  1.20793e+07
35  22  0
35  23  8.02207e+06
35  24  9.33206e+06
35  25  702889
35  26  8.13927e+06
35  27  0
35  28  0
35  29  0
35  30  0
35  31  0
35  32  0
35  33  5.21467e+06
35  34  0
35  35  0
35  36  5.58649e+06
35  37  0
35  38  0
35  39  0
35  40  3.21232e+06
35  41  0
35  42  0
35  43  0
35  44  9.68083e+06
35  45  0
35  46  9.98398e+06
35  47  1.28983e+07
35  48  6.23309e+06
35  49  4.62779e+06
35  50  0
36  0  6.20577e+06
36  1  5.04542e+06
36  2  0
36  3  6.65722e+06
36  4  5.33069e+06
36  5  0
36  6  0
36  7  0
36  8  0
36  9  0
36  10  9.14554e+06
36  11  1.01022e+07
36  12  0
36  13  0
36  14  6.9154e+06
36  15  1.44699e+07
36  16  0
36  17  0
36  18  6.22477e+06
36  19  1.0768e+07
36  20  0
36  21  0
36  22  8.06684e+06
36  23  0
36  24  0
36  25  5.29131e+06
36  26  1.02869e+07
36  27  0
36  28  1.1675e+07
36  29  8.26604e+06
36  30  0
36  31  0
36  32  0
36  33  7.40709e+06
36  34  0
36  35  0
36  36  0
36  37  0
36  38  0
36  39  0
36  40  5.55596e+06
36  41  1.11675e+07
36  42  1.32764e+07
36  43  6.13726e+06
36  44  0
36  45  0
36  46  1.16665e+07
36  47  7.94457e+06
36  48  9.7075e+06
36  49  0
36  50  8.59758e+06
37  0  8.39335e+06
37  1  0
37  2  7.35288e+06
37  3  5.84873e+06
37  4  1.26486e+07
37  5  0
37  6  0
37  7  0
37  8  1.33635e+07
37  9  0
37  10  1.24262e+07
37  11  1.06476e+07
37  12  1.23557e+07
37  13  0
37  14  5.12118e+06
37  15  0
37  16  1.2035e+07
37  17  0
37  18  0
37  19  0
37  20  7.24754e+06
37  21  0
37  22  1.05128e+07
37  23  9.5779e+06
37  24  4.53098e+06
37  25  9.46785e+06
37  26  7.18409e+06
37  27  0
37  28  0
37  29  0
37  30  0
37  31  0
37  32  0
37  33  0
37  34  0
37  35  0
37  36  0
37  37  6.24949e+06
37  38  865345
37  39  8.21622e+06
37  40  6.14254e+06
37  41  6.80611e+06
37  42  1.56508e+07
37  43  0
37  44  0
37  45  0
37  46  0
37  47  8.03793e+06
37  48  7.46197e+06
37  49  6.52783e+06
37  50  9.54849e+06
38  0  0
38  1  8.7249e+06
38  2  5.41562e+06
38  3  7.09036e+06
38  4  1.00943e+07
38  5  8.44859e+06
38  6  4.55361e+06
38  7  5.66369e+06
38  8  0
38  9  6.28063e+06
38  10  1.22471e+07
38  11  5.75712e+06
38  12  9.9638e+06
38  13  0
38  14  0
38  15  7.35929e+06
38  16  6.44048e+06
38  17  0
38  18  0
38  19  0
38  20  9.88448e+06
38  21  0
38  22  6.88095e+06
38  23  5.18326e+06
38  24  0
38  25  0
38  26  0
38  27  0
38  28  4.67779e+06
38  29  7.19923e+06
38  30  0
38  31  0
38  32  5.84636e+06
38  33  0
38  34  0
38  35  0
38  36  0
38  37  0
38  38  0
38  39  0
38  40  0
38  41  7.17772e+06
38  42  0
38  43  0
38  44  0
38  45  1.13681e+07
38  46  1.73513e+07
38  47  5.15965e+06
38  48  9.03194e+06
38  49  6.25175e+06
38  50  0
39  0  1.3669e+07
39  1  0
39  2  0
39  3  1.14811e+07
39  4  1.09151e+07
39  5  9.3001e+06
39  6  0
39  7  0
39  8  4.74761e+06
39  9  0
39  10  6.67512e+06
39  11  8.20735e+06
39  12  0
39  13  8.8598e+06
39  14  1.00098e+07
39  15  0
39  16  0
39  17  0
39  18  0
39  19  8.49007e+06
39  20  0
39  21  0
39  22  0
39  23  5.98102e+06
39  24  0
39  25  0
39  26  5.02073e+06
39  27  0
39  28  0
39  29  6.83902e+06
39  30  0
39  31  0
39  32  0
39  33  0
39  34  0
39  35  0
39  36  0
39  37  0
39  38  4.02672e+06
39  39  6.66023e+06
39  40  0
39  41  7.60462e+06
39  42  0
39  43  0
39  44  1.26057e+07
39  45  6.3763e+06
39  46  9.79388e+06
39  47  1.09063e+07
39  48  9.59098e+06
39  49  1.51968e+07
39  50  8.28701e+06
40  0  1.14138e+07
40  1  0
40  2  1.23051e+07
40  3  9.49341e+06
40  4  1.62374e+07
40  5  0
40  6  8.94405e+06
40  7  0
40  8  6.09171e+06
40  9  8.77213e+06
40  10  1.769e+07
40  11  1.67698e+07
40  12  8.50385e+06
40  13  1.50616e+07
40  14  5.39329e+06
40  15  6.60058e+06
40  16  7.70567e+06
40  17  0
40  18  7.02641e+06
40  19  8.36102e+06
40  20  0
40  21  0
40  22  1.05111e+07
40  23  8.62898e+06
40  24  6.51961e+06
40  25  0
40  26  1.07207e+06
40  27  0
40  28  0
40  29  0
40  30  0
40  31  0
40  32  0
40  33  8.50749e+06
40  34  0
40  35  0
40  36  0
40  37  0
40  38  0
40  39  0
40  40  0
40  41  1.85129e+07
40  42  5.82513e+06
40  43  0
40  44  0
40  45  0
40  46  453839
40  47  1.36545e+07
40  48  1.26118e+07
40  49  0
40  50  0
41  0  9.65657e+06
41  1  5.36198e+06
41  2  1.33875e+07
41  3  8.40322e+06
41  4  7.122e+06
41  5  9.65266e+06
41  6  4.24728e+06
41  7  4.69831e+06
41  8  1.08309e+07
41  9  1.13615e+07
41  10  8.93028e+06
41  11  1.4653e+07
41  12  1.01876e+07
41  13  1.17987e+07
41  14  9.09338e+06
41  15  0
41  16  0
41  17  0
41  18  8.82948e+06
41  19  6.60191e+06
41  20  0
41  21  8.48543e+06
41  22  0
41  23  6.62396e+06
41  24  0
41  25  0
41  26  8.04745e+06
41  27  0
41  28  0
41  29  0
41  30  0
41  31  0
41  32  0
41  33  0
41  34  0
41  35  0
41  36  0
41  37  0
41  38  0
41  39  0
41  40  1.204e+07
41  41  0
41  42  7.60329e+06
41  43  6.77094e+06
41  44  1.22436e+07
41  45  6.01793e+06
41  46  0
41  47  0
41  48  0
41  49  0
41  50  0
42  0  5.60085e+06
42  1  6.25226e+06
42  2  5.99972e+06
42  3  0
42  4  1.30035e+07
42  5  1.10711e+07
42  6  0
42  7  4.50586e+06
42  8  7.58505e+06
42  9  2.26156e+07
42  10  8.06442e+06
42  11  1.11645e+07
42  12  1.93543e+07
42  13  5.23704e+06
42  14  8.30183e+06
42  15  8.79824e+06
42  16  0
42  17  0
42  18  0
42  19  0
42  20  0
42  21  6.63402e+06
42  22  0
42  23  0
42  24  0
42  25  0
42  26  0
42  27  0
42  28  0
42  29  0
42  30  0
42  31  0
42  32  7.55008e+06
42  33  5.35536e+06
42  34  0
42  35  0
42  36  0
42  37  0
42  38  0
42  39  1.04189e+07
42  40  0
42  41  0
42  42  0
42  43  9.50065e+06
42  44  0
42  45  1.7787e+07
42  46  9.65868e+06
42  47  9.01101e+06
42  48  1.78614e+07
42  49  0
42  50  0
43  0  7.68731e+06
43  1  9.41879e+06
43  2  0
43  3  8.62357e+06
43  4  1.57332e+07
43  5  1.15863e+07
43  6  7.49808e+06
43  7  0
43  8  1.41164e+07
43  9  1.11281e+07
43  10  9.81191e+06
43  11  1.75685e+07
43  12  1.67864e+07
43  13  2.05283e+07
43  14  1.23575e+07
43  15  5.97821e+06
43  16  0
43  17  0
43  18  0
43  19  0
43  20  0
43  21  0
43  22  0
43  23  0
43  24  0
43  25  0
43  26  8.11783e+06
43  27  0
43  28  8.02304e+06
43  29  0
43  30  256131
43  31  6.29186e+06
43  32  8.17726e+06
43  33  8.83456e+06
43  34  0
43  35  0
43  36  0
43  37  1.22184e+07
43  38  9.92174e+06
43  39  8.49959e+06
43  40  1.16223e+07
43  41  7.57088e+06
43  42  0
43  43  0
43  44  1.26788e+07
43  45  8.74873e+06
43  46  1.02263e+07
43  47  0
43  48  0
43  49  0
43  50  0
44  0  6.1897e+06
44  1  0
44  2  1.52006e+07
44  3  1.09957e+07
44  4  9.1296e+06
44  5  1.40595e+07
44  6  1.13835e+07
44  7  1.60909e+07
44  8  5.2678e+06
44  9  1.02098e+07
44  10  1.31508e+07
44  11  1.90927e+07
44  12  9.13317e+06
44  13  1.31576e+07
44  14  1.34608e+07
44  15  1.18149e+07
44  16  8.08423e+06
44  17  7.11832e+06
44  18  0
44  19  0
44  20  0
44  21  0
44  22  0
44  23  0
44  24  0
44  25  0
44  26  0
44  27  0
44  28  0
44  29  0
44  30  0
44  31  6.11637e+06
44  32  1.29943e+07
44  33  1.04242e+07
44  34  0
44  35  8.14413e+06
44  36  0
44  37  1.18676e+07
44  38  7.12299e+06
44  39  8.62174e+06
44  40  2.01315e+07
44  41  6.72063e+06
44  42  0
44  43  0
44  44  0
44  45  8.2193e+06
44  46  1.37206e+07
44  47  1.02676e+07
44  48  7.79579e+06
44  49  0
44  50  9.51689e+06
45  0  5.94262e+06
45  1  8.20643e+06
45  2  1.16931e+07
45  3  1.39811e+07
45  4  1.17675e+07
45  5  1.67908e+07
45  6  1.62465e+07
45  7  1.01674e+07
45  8  7.75155e+06
45  9  6.42628e+06
45  10  2.26247e+07
45  11  2.17576e+07
45  12  1.49047e+07
45  13  2.01948e+07
45  14  9.52919e+06
45  15  1.30936e+07
45  16  9.64208e+06
45  17  9.22407e+06
45  18  5.83383e+06
45  19  0
45  20  0
45  21  0
45  22  6.18112e+06
45  23  0
45  24  0
45  25  0
45  26  7.88925e+06
45  27  0
45  28  0
45  29  6.20967e+06
45  30  0
45  31  7.19616e+06
45  32  0
45  33  4.21686e+06
45  34  9.78512e+06
45  35  0
45  36  6.83173e+06
45  37  3.54673e+06
45  38  1.24481e+07
45  39  1.19405e+07
45  40  1.04941e+07
45  41  0
45  42  0
45  43  8.94199e+06
45  44  8.67542e+06
45  45  1.07724e+07
45  46  1.43363e+07
45  47  0
45  48  0
45  49  0
45  50  0
46  0  1.36554e+07
46  1  1.44679e+07
46  2  1.13045e+07
46  3  6.47262e+06
46  4  1.26744e+07
46  5  1.49076e+07
46  6  8.32728e+06
46  7  8.16663e+06
46  8  1.32387e+07
46  9  1.27647e+07
46  10  1.71859e+07
46  11  1.41245e+07
46  12  1.22005e+07
46  13  1.43601e+07
46  14  1.94151e+07
46  15  1.75075e+07
46  16  6.10841e+06
46  17  7.13522e+06
46  18  1.15113e+07
46  19  0
46  20  0
46  21  0
46  22  1.15764e+07
46  23  0
46  24  169668
46  25  7.22297e+06
46  26  0
46  27  6.55422e+06
46  28  0
46  29  5.94516e+06
46  30  0
46  31  1.22805e+07
46  32  5.91312e+06
46  33  1.12607e+07
46  34  9.66989e+06
46  35  0
46  36  9.38091e+06
46  37  6.41766e+06
46  38  4.39837e+06
46  39  9.16697e+06
46  40  1.41268e+07
46  41  1.39743e+07
46  42  8.34976e+06
46  43  6.26651e+06
46  44  1.9748e+06
46  45  1.208e+07
46  46  0
46  47  1.07993e+07
46  48  0
46  49  0
46  50  0
47  0  0
47  1  1.27038e+07
47  2  7.32661e+06
47  3  1.27678e+07
47  4  9.62589e+06
47  5  1.12748e+07
47  6  9.72027e+06
47  7  1.82941e+07
47  8  1.79082e+07
47  9  1.55059e+07
47  10  2.24193e+07
47  11  1.72782e+07
47  12  2.29867e+07
47  13  1.88489e+07
47  14  1.51995e+07
47  15  1.14986e+07
47  16  8.35463e+06
47  17  9.6688e+06
47  18  1.29015e+07
47  19  0
47  20  1.26197e+07
47  21  8.50655e+06
47  22  9.38547e+06
47  23  6.70629e+06
47  24  0
47  25  0
47  26  0
47  27  0
47  28  0
47  29  9.62716e+06
47  30  0
47  31  0
47  32  8.60503e+06
47  33  1.35799e+07
47  34  6.66713e+06
47  35  8.13241e+06
47  36  7.92986e+06
47  37  9.35272e+06
47  38  8.815e+06
47  39  1.67506e+07
47  40  7.64734e+06
47  41  0
47  42  0
47  43  0
47  44  0
47  45  1.15476e+07
47  46  9.30491e+06
47  47  8.49834e+06
47  48  5.41927e+06
47  49  0
47  50  0
48  0  0
48  1  8.24386e+06
48  2  1.22376e+07
48  3  9.9186e+06
48  4  6.07749e+06
48  5  9.80475e+06
48  6  1.29741e+07
48  7  1.77435e+07
48  8  8.99091e+06
48  9  1.55782e+07
48  10  1.54351e+07
48  11  1.20464e+07
48  12  1.39484e+07
48  13  1.94425e+07
48  14  1.38368e+07
48  15  1.34367e+07
48  16  9.17348e+06
48  17  2.059e+07
48  18  1.09526e+07
48  19  0
48  20  0
48  21  8.0943e+06
48  22  0
48  23  6.91033e+06
48  24  0
48  25  1.76482e+07
48  26  0
48  27  1.21126e+07
48  28  9.13797e+06
48  29  7.81225e+06
48  30  0
48  31  1.15991e+07
48  32  7.90466e+06
48  33  1.25812e+07
48  34  1.08014e+07
48  35  1.60035e+07
48  36  0
48  37  1.29465e+07
48  38  1.08324e+07
48  39  8.58861e+06
48  40  1.42504e+07
48  41  9.64737e+06
48  42  0
48  43  8.03889e+06
48  44  6.66069e+06
48  45  1.43201e+07
48  46  9.99686e+06
48  47  1.59509e+07
48  48  0
48  49  6.98606e+06
48  50  7.23221e+06
49  0  1.41256e+07
49  1  1.40624e+07
49  2  7.82551e+06
49  3  1.87621e+06
49  4  1.44315e+07
49  5  8.11524e+06
49  6  1.19311e+07
49  7  7.02692e+06
49  8  9.67003e+06
49  9  6.16024e+06
49  10  1.13336e+07
49  11  3.13158e+07
49  12  1.64526e+07
49  13  1.30075e+07
49  14  1.26749e+07
49  15  1.31356e+07
49  16  1.93389e+07
49  17  1.13398e+07
49  18  8.2157e+06
49  19  6.54706e+06
49  20  6.0893e+06
49  21  1.4997e+07
49  22  6.45248e+06
49  23  2.50557e+06
49  24  0
49  25  9.26609e+06
49  26  1.48945e+06
49  27  8.98135e+06
49  28  0
49  29  0
49  30  7.07934e+06
49  31  8.32736e+06
49  32  1.06843e+07
49  33  8.00704e+06
49  34  1.35275e+07
49  35  1.80223e+07
49  36  1.0378e+07
49  37  7.14559e+06
49  38  1.8978e+07
49  39  3.90737e+06
49  40  8.30854e+06
49  41  8.10311e+06
49  42  0
49  43  6.73755e+06
49  44  7.80776e+06
49  45  7.43206e+06
49  46  0
49  47  9.76643e+06
49  48  0
49  49  0
49  50  0
50  0  0
50  1  2.23125e+07
50  2  1.9935e+07
50  3  0
50  4  7.29639e+06
50  5  1.34311e+07
50  6  1.08784e+07
50  7  9.6272e+06
50  8  1.54792e+07
50  9  1.53844e+07
50  10  1.93078e+07
50  11  2.78048e+07
50  12  1.31374e+07
50  13  2.17358e+07
50  14  1.25112e+07
50  15  2.32163e+07
50  16  1.80178e+07
50  17  2.46591e+07
50  18  1.62339e+07
50  19  0
50  20  7.95961e+06
50  21  0
50  22  9.40285e+06
50  23  0
50  24  0
50  25  0
50  26  8.00447e+06
50  27  8.5695e+06
50  28  8.9122e+06
50  29  8.54124e+06
50  30  0
50  31  1.28866e+07
50  32  1.34462e+07
50  33  8.18466e+06
50  34  9.91006e+06
50  35  8.61034e+06
50  36  0
50  37  1.11974e+07
50  38  2.45368e+07
50  39  1.07272e+07
50  40  1.5045e+07
50  41  0
50  42  469126
50  43  8.0836e+06
50  44  1.17443e+07
50  45  0
50  46  0
50  47  1.14862e+07
50  48  0
50  49  6.85929e+06
50  50  4.71019e+06

