row  column  (images_1.edf Zn-K*images_1.edf Ar-K**2.3)
0  0  9.17036e+06
0  1  7.53815e+06
0  2  0
0  3  0
0  4  1.50105e+07
0  5  2.53181e+07
0  6  4.94524e+07
0  7  3.23119e+07
0  8  1.99777e+07
0  9  2.52941e+07
0  10  4.92635e+07
0  11  2.72248e+07
0  12  4.77958e+07
0  13  4.58927e+07
0  14  5.79991e+07
0  15  8.1021e+07
0  16  6.80315e+07
0  17  9.13868e+07
0  18  1.71111e+08
0  19  1.84276e+08
0  20  1.09061e+08
0  21  1.10266e+08
0  22  1.26319e+08
0  23  1.39139e+08
0  24  1.08173e+08
0  25  1.35304e+08
0  26  1.44686e+08
0  27  1.49436e+08
0  28  1.4831e+08
0  29  9.87382e+07
0  30  1.46157e+08
0  31  1.56761e+08
0  32  1.34513e+08
0  33  1.57598e+08
0  34  1.64809e+08
0  35  1.63144e+08
0  36  1.46809e+08
0  37  1.81011e+08
0  38  8.16572e+07
0  39  4.052e+07
0  40  4.14994e+06
0  41  0
0  42  1.58412e+07
0  43  1.14284e+06
0  44  1.87156e+07
0  45  2.25659e+07
0  46  1.94354e+07
0  47  2.44927e+07
0  48  1.43194e+07
0  49  0
0  50  1.42548e+06
1  0  0
1  1  8.59289e+06
1  2  0
1  3  0
1  4  2.01103e+07
1  5  4.54345e+07
1  6  6.82711e+07
1  7  3.77549e+07
1  8  3.90673e+07
1  9  3.35133e+07
1  10  5.4432e+07
1  11  6.84629e+07
1  12  8.41009e+07
1  13  7.12855e+07
1  14  8.13778e+07
1  15  9.65501e+07
1  16  7.68003e+07
1  17  1.01877e+08
1  18  1.67144e+08
1  19  1.72284e+08
1  20  1.3974e+08
1  21  1.33579e+08
1  22  1.03547e+08
1  23  1.48433e+08
1  24  1.53671e+08
1  25  1.4146e+08
1  26  1.44643e+08
1  27  1.43455e+08
1  28  1.65591e+08
1  29  1.45742e+08
1  30  1.57684e+08
1  31  1.44516e+08
1  32  1.50561e+08
1  33  1.34632e+08
1  34  1.38889e+08
1  35  1.4165e+08
1  36  1.64074e+08
1  37  1.38733e+08
1  38  1.06926e+08
1  39  3.6368e+07
1  40  1.18805e+07
1  41  5.72182e+06
1  42  1.68941e+07
1  43  4.44892e+06
1  44  4.17776e+07
1  45  2.98001e+07
1  46  2.32198e+07
1  47  1.13083e+07
1  48  5.45787e+06
1  49  0
1  50  0
2  0  0
2  1  1.56851e+07
2  2  2.09137e+07
2  3  0
2  4  2.39357e+06
2  5  6.56947e+07
2  6  1.01692e+08
2  7  6.34952e+07
2  8  6.56511e+07
2  9  4.67712e+07
2  10  6.76169e+07
2  11  7.02412e+07
2  12  8.97081e+07
2  13  7.8562e+07
2  14  8.51555e+07
2  15  7.20885e+07
2  16  8.91803e+07
2  17  9.6953e+07
2  18  1.59961e+08
2  19  1.4701e+08
2  20  8.98278e+07
2  21  1.29179e+08
2  22  1.29161e+08
2  23  1.13856e+08
2  24  1.23214e+08
2  25  1.34449e+08
2  26  1.35798e+08
2  27  1.44012e+08
2  28  1.46723e+08
2  29  1.22719e+08
2  30  1.6692e+08
2  31  1.57202e+08
2  32  1.15248e+08
2  33  1.23391e+08
2  34  1.19494e+08
2  35  1.229e+08
2  36  9.34317e+07
2  37  1.11184e+08
2  38  7.47042e+07
2  39  3.87228e+07
2  40  2.01568e+07
2  41  2.0467e+07
2  42  1.12029e+07
2  43  737468
2  44  3.1044e+07
2  45  5.80747e+07
2  46  3.12151e+07
2  47  4.13352e+07
2  48  9.20585e+06
2  49  1.47582e+07
2  50  1.15779e+06
3  0  2.70706e+07
3  1  1.79798e+07
3  2  1.86493e+07
3  3  3.26619e+07
3  4  3.68482e+07
3  5  1.17358e+08
3  6  1.14354e+08
3  7  7.26846e+07
3  8  7.06014e+07
3  9  6.44053e+07
3  10  7.6458e+07
3  11  1.10229e+08
3  12  1.34391e+08
3  13  1.35152e+08
3  14  1.09071e+08
3  15  7.58585e+07
3  16  8.90105e+07
3  17  1.1796e+08
3  18  1.6974e+08
3  19  1.15714e+08
3  20  7.65613e+07
3  21  1.05835e+08
3  22  1.24355e+08
3  23  1.17081e+08
3  24  1.59485e+08
3  25  1.28499e+08
3  26  1.18494e+08
3  27  1.17587e+08
3  28  1.32968e+08
3  29  1.04436e+08
3  30  1.11361e+08
3  31  1.21229e+08
3  32  1.13918e+08
3  33  1.04739e+08
3  34  1.10133e+08
3  35  1.31296e+08
3  36  1.28646e+08
3  37  1.19884e+08
3  38  6.81203e+07
3  39  3.53488e+07
3  40  3.06317e+07
3  41  4.8498e+06
3  42  1.57398e+07
3  43  2.04784e+07
3  44  6.3493e+07
3  45  6.71035e+07
3  46  6.72736e+07
3  47  6.10243e+07
3  48  1.34528e+07
3  49  9.76067e+06
3  50  2.11759e+06
4  0  8.39025e+06
4  1  8.28946e+06
4  2  1.48327e+07
4  3  1.74838e+07
4  4  4.07798e+07
4  5  1.02787e+08
4  6  1.20478e+08
4  7  9.85749e+07
4  8  9.59021e+07
4  9  1.05076e+08
4  10  1.01278e+08
4  11  1.32852e+08
4  12  1.29331e+08
4  13  1.14631e+08
4  14  9.03391e+07
4  15  1.21153e+08
4  16  9.36813e+07
4  17  1.50414e+08
4  18  1.6473e+08
4  19  1.2695e+08
4  20  1.01336e+08
4  21  9.12679e+07
4  22  1.07904e+08
4  23  1.25093e+08
4  24  1.12119e+08
4  25  8.35025e+07
4  26  1.11423e+08
4  27  9.88841e+07
4  28  9.18168e+07
4  29  9.6778e+07
4  30  7.64184e+07
4  31  1.06232e+08
4  32  8.6984e+07
4  33  9.80536e+07
4  34  8.37861e+07
4  35  9.43088e+07
4  36  9.00153e+07
4  37  9.03315e+07
4  38  6.73542e+07
4  39  4.7638e+07
4  40  2.45037e+07
4  41  8.25181e+06
4  42  2.27338e+07
4  43  1.53869e+07
4  44  9.16536e+07
4  45  1.37183e+08
4  46  1.0226e+08
4  47  5.5558e+07
4  48  2.0711e+07
4  49  0
4  50  0
5  0  1.7667e+07
5  1  6.7506e+06
5  2  1.26771e+07
5  3  2.6326e+07
5  4  5.47438e+07
5  5  8.41408e+07
5  6  1.48426e+08
5  7  8.48398e+07
5  8  6.8649e+07
5  9  1.21089e+08
5  10  1.17356e+08
5  11  1.42685e+08
5  12  1.3742e+08
5  13  1.23112e+08
5  14  1.12272e+08
5  15  1.26585e+08
5  16  1.38246e+08
5  17  1.76793e+08
5  18  1.54184e+08
5  19  1.28433e+08
5  20  1.07459e+08
5  21  1.39276e+08
5  22  1.37105e+08
5  23  1.13204e+08
5  24  1.24429e+08
5  25  1.15199e+08
5  26  1.20262e+08
5  27  9.06219e+07
5  28  1.0912e+08
5  29  9.786e+07
5  30  9.24501e+07
5  31  8.2354e+07
5  32  6.20283e+07
5  33  8.88684e+07
5  34  6.9457e+07
5  35  9.60248e+07
5  36  9.01881e+07
5  37  7.69887e+07
5  38  7.81293e+07
5  39  4.04289e+07
5  40  3.75225e+07
5  41  2.84616e+07
5  42  2.01251e+07
5  43  5.12178e+07
5  44  1.66416e+08
5  45  1.39219e+08
5  46  8.62575e+07
5  47  4.45015e+07
5  48  1.8549e+07
5  49  3.35939e+06
5  50  0
6  0  6.62971e+06
6  1  2.00118e+07
6  2  7.05847e+06
6  3  2.73032e+07
6  4  6.81054e+07
6  5  1.17251e+08
6  6  1.53211e+08
6  7  1.18736e+08
6  8  1.32638e+08
6  9  1.20601e+08
6  10  1.572e+08
6  11  1.26583e+08
6  12  1.78753e+08
6  13  1.39957e+08
6  14  1.62094e+08
6  15  1.53489e+08
6  16  1.47321e+08
6  17  1.78616e+08
6  18  1.58511e+08
6  19  1.33066e+08
6  20  1.17492e+08
6  21  9.40731e+07
6  22  1.22373e+08
6  23  9.58643e+07
6  24  1.0959e+08
6  25  1.11823e+08
6  26  1.17531e+08
6  27  1.10671e+08
6  28  9.39414e+07
6  29  8.5399e+07
6  30  9.37258e+07
6  31  9.167e+07
6  32  8.14222e+07
6  33  1.02382e+08
6  34  7.90512e+07
6  35  8.12177e+07
6  36  9.64796e+07
6  37  7.34925e+07
6  38  8.68877e+07
6  39  7.32009e+07
6  40  2.98439e+07
6  41  3.1645e+07
6  42  2.10412e+06
6  43  8.05392e+07
6  44  8.46323e+07
6  45  1.2777e+08
6  46  9.10217e+07
6  47  3.39821e+07
6  48  2.05716e+07
6  49  0
6  50  0
7  0  8.9614e+06
7  1  1.25118e+07
7  2  2.73036e+07
7  3  4.64086e+07
7  4  7.89992e+07
7  5  1.16058e+08
7  6  1.81189e+08
7  7  1.63974e+08
7  8  1.35204e+08
7  9  1.6306e+08
7  10  1.53238e+08
7  11  2.04279e+08
7  12  2.08435e+08
7  13  1.73064e+08
7  14  1.71129e+08
7  15  1.41833e+08
7  16  1.83686e+08
7  17  1.73124e+08
7  18  1.44218e+08
7  19  1.48291e+08
7  20  1.06674e+08
7  21  1.25419e+08
7  22  1.15553e+08
7  23  1.13402e+08
7  24  1.25913e+08
7  25  8.918e+07
7  26  1.08214e+08
7  27  1.01516e+08
7  28  7.86245e+07
7  29  8.56741e+07
7  30  9.09651e+07
7  31  9.30731e+07
7  32  8.04431e+07
7  33  9.13324e+07
7  34  6.97034e+07
7  35  7.4082e+07
7  36  1.03165e+08
7  37  1.0297e+08
7  38  8.66633e+07
7  39  3.88843e+07
7  40  4.4972e+07
7  41  5.0838e+07
7  42  2.3784e+07
7  43  2.05722e+07
7  44  8.37607e+07
7  45  9.72751e+07
7  46  5.15452e+07
7  47  1.82752e+07
7  48  0
7  49  0
7  50  0
8  0  1.67536e+07
8  1  1.78079e+07
8  2  2.72907e+07
8  3  3.65671e+07
8  4  8.15624e+07
8  5  1.29861e+08
8  6  1.49186e+08
8  7  2.19118e+08
8  8  1.93096e+08
8  9  1.95564e+08
8  10  1.35066e+08
8  11  1.9399e+08
8  12  1.95126e+08
8  13  1.64553e+08
8  14  1.31022e+08
8  15  1.40795e+08
8  16  1.51744e+08
8  17  1.51246e+08
8  18  1.67886e+08
8  19  1.66661e+08
8  20  1.22359e+08
8  21  1.37811e+08
8  22  1.03033e+08
8  23  1.09953e+08
8  24  1.13592e+08
8  25  1.35392e+08
8  26  1.24687e+08
8  27  1.1639e+08
8  28  9.70565e+07
8  29  1.06447e+08
8  30  7.17455e+07
8  31  8.69473e+07
8  32  8.75997e+07
8  33  1.09086e+08
8  34  9.01152e+07
8  35  1.03404e+08
8  36  1.02209e+08
8  37  8.83334e+07
8  38  8.5591e+07
8  39  7.4959e+07
8  40  5.65998e+07
8  41  3.23357e+07
8  42  2.63659e+07
8  43  2.34539e+07
8  44  4.39737e+07
8  45  6.75746e+07
8  46  3.38721e+07
8  47  0
8  48  793755
8  49  0
8  50  0
9  0  3.48535e+07
9  1  1.61097e+07
9  2  3.38573e+07
9  3  5.24284e+07
9  4  1.18602e+08
9  5  1.07601e+08
9  6  1.4636e+08
9  7  1.80651e+08
9  8  1.83225e+08
9  9  1.74379e+08
9  10  1.62455e+08
9  11  1.88778e+08
9  12  1.46089e+08
9  13  1.26005e+08
9  14  1.3974e+08
9  15  1.62903e+08
9  16  1.7394e+08
9  17  1.44498e+08
9  18  1.56279e+08
9  19  1.59104e+08
9  20  1.57962e+08
9  21  1.6221e+08
9  22  1.49903e+08
9  23  1.34317e+08
9  24  1.37044e+08
9  25  1.46585e+08
9  26  1.25741e+08
9  27  1.18032e+08
9  28  1.23581e+08
9  29  9.97688e+07
9  30  1.02533e+08
9  31  9.39145e+07
9  32  1.10703e+08
9  33  1.0351e+08
9  34  9.98095e+07
9  35  1.14405e+08
9  36  1.16096e+08
9  37  1.06863e+08
9  38  9.63403e+07
9  39  6.5253e+07
9  40  3.8656e+07
9  41  3.1822e+07
9  42  1.00604e+07
9  43  9.54081e+06
9  44  2.85753e+07
9  45  3.70575e+07
9  46  1.12259e+07
9  47  0
9  48  1.34242e+07
9  49  3.49346e+06
9  50  0
10  0  2.95884e+07
10  1  2.18491e+07
10  2  3.60018e+07
10  3  4.69805e+07
10  4  9.72413e+07
10  5  1.19148e+08
10  6  1.88868e+08
10  7  1.7514e+08
10  8  1.8944e+08
10  9  1.62498e+08
10  10  1.68624e+08
10  11  1.60887e+08
10  12  1.96745e+08
10  13  1.44867e+08
10  14  1.43242e+08
10  15  1.27828e+08
10  16  1.65971e+08
10  17  1.62919e+08
10  18  1.32867e+08
10  19  1.69137e+08
10  20  1.40914e+08
10  21  1.68528e+08
10  22  1.53977e+08
10  23  1.55962e+08
10  24  1.32493e+08
10  25  1.488e+08
10  26  1.20907e+08
10  27  1.29073e+08
10  28  1.08762e+08
10  29  1.34693e+08
10  30  1.30113e+08
10  31  1.18457e+08
10  32  1.02984e+08
10  33  9.52176e+07
10  34  1.15797e+08
10  35  1.18144e+08
10  36  1.14351e+08
10  37  1.20088e+08
10  38  1.29928e+08
10  39  1.26525e+08
10  40  5.12937e+07
10  41  3.15917e+07
10  42  1.64216e+07
10  43  2.26653e+07
10  44  2.60329e+07
10  45  1.55332e+07
10  46  1.44766e+07
10  47  3.15713e+06
10  48  0
10  49  0
10  50  0
11  0  4.85434e+07
11  1  6.10308e+07
11  2  5.30459e+07
11  3  5.91478e+07
11  4  1.16366e+08
11  5  1.08623e+08
11  6  1.87091e+08
11  7  1.79088e+08
11  8  1.58991e+08
11  9  1.54611e+08
11  10  1.57657e+08
11  11  1.5025e+08
11  12  1.57036e+08
11  13  1.27548e+08
11  14  1.19591e+08
11  15  1.47361e+08
11  16  1.67235e+08
11  17  1.56464e+08
11  18  1.37003e+08
11  19  1.49759e+08
11  20  1.34272e+08
11  21  1.45295e+08
11  22  1.34134e+08
11  23  1.43117e+08
11  24  1.04334e+08
11  25  1.56039e+08
11  26  1.4948e+08
11  27  1.62013e+08
11  28  1.47484e+08
11  29  1.11664e+08
11  30  1.00038e+08
11  31  1.01098e+08
11  32  1.00004e+08
11  33  1.09979e+08
11  34  1.22431e+08
11  35  1.06183e+08
11  36  1.33915e+08
11  37  1.2089e+08
11  38  1.36603e+08
11  39  1.02711e+08
11  40  6.43051e+07
11  41  4.14339e+07
11  42  9.18213e+06
11  43  2.66338e+07
11  44  2.03537e+07
11  45  7.12666e+06
11  46  0
11  47  0
11  48  0
11  49  0
11  50  1.02467e+06
12  0  7.77625e+07
12  1  1.14207e+08
12  2  7.4856e+07
12  3  7.09879e+07
12  4  1.23584e+08
12  5  1.4111e+08
12  6  1.61133e+08
12  7  1.68772e+08
12  8  1.5423e+08
12  9  1.32039e+08
12  10  1.24785e+08
12  11  1.19558e+08
12  12  1.30546e+08
12  13  1.4011e+08
12  14  1.23096e+08
12  15  1.21798e+08
12  16  1.67982e+08
12  17  1.60102e+08
12  18  1.26084e+08
12  19  1.45371e+08
12  20  1.27228e+08
12  21  1.49314e+08
12  22  1.63224e+08
12  23  1.35373e+08
12  24  1.17362e+08
12  25  1.59874e+08
12  26  1.49128e+08
12  27  1.51383e+08
12  28  1.59177e+08
12  29  1.35007e+08
12  30  1.27529e+08
12  31  1.38588e+08
12  32  1.07015e+08
12  33  1.16718e+08
12  34  1.12448e+08
12  35  1.15166e+08
12  36  1.09694e+08
12  37  1.36865e+08
12  38  1.44935e+08
12  39  1.11213e+08
12  40  3.41118e+07
12  41  3.04101e+07
12  42  1.15114e+07
12  43  2.26424e+07
12  44  9.76281e+06
12  45  9.15828e+06
12  46  0
12  47  0
12  48  1.11914e+07
12  49  1.36935e+06
12  50  0
13  0  1.33852e+08
13  1  1.34802e+08
13  2  1.28951e+08
13  3  9.19935e+07
13  4  1.40236e+08
13  5  1.53138e+08
13  6  1.42729e+08
13  7  1.58114e+08
13  8  1.56301e+08
13  9  1.30403e+08
13  10  1.35288e+08
13  11  1.06045e+08
13  12  1.66292e+08
13  13  1.25748e+08
13  14  9.92642e+07
13  15  1.16966e+08
13  16  1.49448e+08
13  17  1.45256e+08
13  18  9.95738e+07
13  19  1.63403e+08
13  20  1.29047e+08
13  21  1.44817e+08
13  22  1.47045e+08
13  23  1.4971e+08
13  24  1.40136e+08
13  25  1.65804e+08
13  26  1.3527e+08
13  27  1.28653e+08
13  28  1.56889e+08
13  29  1.29509e+08
13  30  1.17793e+08
13  31  1.36344e+08
13  32  1.03049e+08
13  33  9.34663e+07
13  34  1.01723e+08
13  35  1.2043e+08
13  36  1.12153e+08
13  37  1.40452e+08
13  38  1.08551e+08
13  39  9.0903e+07
13  40  2.63302e+07
13  41  2.59392e+07
13  42  1.57279e+07
13  43  1.69477e+07
13  44  1.66986e+07
13  45  1.88995e+07
13  46  3.2985e+06
13  47  2.5163e+07
13  48  0
13  49  0
13  50  0
14  0  1.44718e+08
14  1  1.51848e+08
14  2  1.25932e+08
14  3  1.10288e+08
14  4  1.38454e+08
14  5  1.4109e+08
14  6  1.44669e+08
14  7  1.62746e+08
14  8  1.35443e+08
14  9  1.12694e+08
14  10  1.18563e+08
14  11  1.19998e+08
14  12  1.33868e+08
14  13  1.13405e+08
14  14  1.16167e+08
14  15  1.07719e+08
14  16  1.1743e+08
14  17  1.31599e+08
14  18  1.03484e+08
14  19  1.30957e+08
14  20  1.4051e+08
14  21  1.48998e+08
14  22  1.41537e+08
14  23  1.48904e+08
14  24  1.08968e+08
14  25  1.41372e+08
14  26  1.16456e+08
14  27  1.07818e+08
14  28  1.15234e+08
14  29  1.08317e+08
14  30  1.05018e+08
14  31  1.11883e+08
14  32  1.22257e+08
14  33  1.09146e+08
14  34  1.2107e+08
14  35  1.02141e+08
14  36  1.05018e+08
14  37  1.11057e+08
14  38  1.13487e+08
14  39  8.89769e+07
14  40  5.3328e+07
14  41  4.13171e+07
14  42  3.03836e+07
14  43  3.58836e+06
14  44  1.30601e+07
14  45  2.90082e+06
14  46  1.04761e+07
14  47  2.57764e+07
14  48  0
14  49  0
14  50  0
15  0  1.6168e+08
15  1  1.83332e+08
15  2  1.27296e+08
15  3  9.23864e+07
15  4  1.17201e+08
15  5  1.22067e+08
15  6  1.46235e+08
15  7  1.46802e+08
15  8  1.13723e+08
15  9  1.34291e+08
15  10  1.57368e+08
15  11  1.2036e+08
15  12  1.38163e+08
15  13  1.06314e+08
15  14  1.14258e+08
15  15  1.07194e+08
15  16  1.30107e+08
15  17  1.19891e+08
15  18  1.04852e+08
15  19  1.27646e+08
15  20  1.35442e+08
15  21  1.56225e+08
15  22  1.39897e+08
15  23  1.14826e+08
15  24  1.06981e+08
15  25  1.0893e+08
15  26  8.40733e+07
15  27  9.22614e+07
15  28  1.11391e+08
15  29  9.50329e+07
15  30  7.06454e+07
15  31  9.53653e+07
15  32  9.77711e+07
15  33  1.06704e+08
15  34  8.04035e+07
15  35  8.67871e+07
15  36  1.0605e+08
15  37  1.0099e+08
15  38  9.76344e+07
15  39  9.46017e+07
15  40  4.59474e+07
15  41  3.45935e+07
15  42  1.49167e+07
15  43  5.38892e+06
15  44  3.81862e+07
15  45  4.26728e+07
15  46  0
15  47  1.18962e+07
15  48  0
15  49  1.74504e+06
15  50  0
16  0  1.49388e+08
16  1  1.40951e+08
16  2  1.01666e+08
16  3  8.93934e+07
16  4  1.03835e+08
16  5  1.09541e+08
16  6  1.06878e+08
16  7  1.34209e+08
16  8  1.14285e+08
16  9  1.40324e+08
16  10  1.33393e+08
16  11  1.43389e+08
16  12  1.25723e+08
16  13  1.09463e+08
16  14  9.99581e+07
16  15  9.74604e+07
16  16  1.03711e+08
16  17  1.31113e+08
16  18  1.18291e+08
16  19  1.3116e+08
16  20  1.43583e+08
16  21  1.3501e+08
16  22  1.35183e+08
16  23  1.1902e+08
16  24  1.03467e+08
16  25  7.97672e+07
16  26  8.3389e+07
16  27  7.92425e+07
16  28  6.14233e+07
16  29  5.80179e+07
16  30  7.18388e+07
16  31  8.96546e+07
16  32  7.09234e+07
16  33  8.41106e+07
16  34  8.71514e+07
16  35  7.02429e+07
16  36  5.37226e+07
16  37  6.64576e+07
16  38  6.42052e+07
16  39  5.44865e+07
16  40  5.16319e+07
16  41  6.01514e+07
16  42  1.77743e+07
16  43  1.7809e+07
16  44  4.18926e+07
16  45  2.40701e+07
16  46  2.35521e+07
16  47  2.1362e+06
16  48  0
16  49  0
16  50  0
17  0  1.37223e+08
17  1  1.24049e+08
17  2  9.31736e+07
17  3  8.67367e+07
17  4  7.73203e+07
17  5  9.39492e+07
17  6  9.73437e+07
17  7  8.48048e+07
17  8  1.00628e+08
17  9  1.34373e+08
17  10  1.61991e+08
17  11  1.65943e+08
17  12  1.26854e+08
17  13  1.11398e+08
17  14  1.11082e+08
17  15  9.59156e+07
17  16  1.13081e+08
17  17  1.38992e+08
17  18  1.54872e+08
17  19  1.26019e+08
17  20  1.89976e+08
17  21  1.3681e+08
17  22  1.211e+08
17  23  8.23754e+07
17  24  8.68358e+07
17  25  9.2674e+07
17  26  9.61197e+07
17  27  7.67387e+07
17  28  9.34056e+07
17  29  7.6116e+07
17  30  6.90221e+07
17  31  7.44353e+07
17  32  9.32562e+07
17  33  8.26888e+07
17  34  7.38646e+07
17  35  7.82476e+07
17  36  7.12756e+07
17  37  6.79835e+07
17  38  6.27407e+07
17  39  6.44905e+07
17  40  3.97411e+07
17  41  2.02632e+07
17  42  3.80959e+07
17  43  3.70583e+07
17  44  3.6556e+07
17  45  4.67225e+07
17  46  7.18886e+06
17  47  0
17  48  0
17  49  0
17  50  0
18  0  1.22904e+08
18  1  1.44631e+08
18  2  1.25248e+08
18  3  8.98803e+07
18  4  7.34687e+07
18  5  7.80047e+07
18  6  1.03567e+08
18  7  9.65989e+07
18  8  9.74057e+07
18  9  1.486e+08
18  10  2.06369e+08
18  11  1.64385e+08
18  12  1.53643e+08
18  13  1.2337e+08
18  14  1.31501e+08
18  15  1.00136e+08
18  16  1.17543e+08
18  17  1.76231e+08
18  18  1.75376e+08
18  19  1.33884e+08
18  20  1.49271e+08
18  21  1.40475e+08
18  22  1.2681e+08
18  23  1.19729e+08
18  24  7.1206e+07
18  25  8.93046e+07
18  26  8.29966e+07
18  27  9.33753e+07
18  28  1.02449e+08
18  29  7.97397e+07
18  30  7.04427e+07
18  31  7.50782e+07
18  32  8.70084e+07
18  33  6.59682e+07
18  34  5.34403e+07
18  35  5.88244e+07
18  36  5.09016e+07
18  37  5.27374e+07
18  38  6.84323e+07
18  39  3.60503e+07
18  40  3.66822e+07
18  41  3.39312e+07
18  42  2.37621e+07
18  43  2.2347e+07
18  44  1.36123e+07
18  45  2.11711e+07
18  46  2.50989e+07
18  47  0
18  48  1.69702e+06
18  49  0
18  50  0
19  0  1.29167e+08
19  1  1.5052e+08
19  2  1.20748e+08
19  3  8.34403e+07
19  4  9.21097e+07
19  5  1.15101e+08
19  6  1.19447e+08
19  7  9.12464e+07
19  8  1.23172e+08
19  9  1.76558e+08
19  10  2.47922e+08
19  11  2.37643e+08
19  12  2.12954e+08
19  13  1.27307e+08
19  14  1.42437e+08
19  15  1.01917e+08
19  16  9.08671e+07
19  17  1.8268e+08
19  18  2.35433e+08
19  19  1.41436e+08
19  20  1.30602e+08
19  21  1.406e+08
19  22  1.41286e+08
19  23  1.17907e+08
19  24  9.8512e+07
19  25  7.57289e+07
19  26  9.43769e+07
19  27  1.01823e+08
19  28  8.00381e+07
19  29  7.72434e+07
19  30  8.62903e+07
19  31  6.81072e+07
19  32  9.11224e+07
19  33  7.24012e+07
19  34  6.62739e+07
19  35  6.91551e+07
19  36  4.17867e+07
19  37  5.72628e+07
19  38  5.75278e+07
19  39  3.20949e+07
19  40  2.25032e+07
19  41  1.89345e+07
19  42  633222
19  43  5.87415e+06
19  44  3.66233e+07
19  45  3.72536e+07
19  46  1.46739e+07
19  47  0
19  48  0
19  49  0
19  50  0
20  0  1.21683e+08
20  1  1.55843e+08
20  2  1.00441e+08
20  3  8.62045e+07
20  4  8.4432e+07
20  5  8.91518e+07
20  6  9.50172e+07
20  7  1.50861e+08
20  8  1.11375e+08
20  9  1.61719e+08
20  10  2.68444e+08
20  11  3.2124e+08
20  12  2.80065e+08
20  13  1.65126e+08
20  14  1.63764e+08
20  15  1.21813e+08
20  16  1.19893e+08
20  17  2.38408e+08
20  18  2.837e+08
20  19  1.95913e+08
20  20  1.59369e+08
20  21  1.85142e+08
20  22  1.4841e+08
20  23  1.77662e+08
20  24  1.02186e+08
20  25  1.25862e+08
20  26  1.19141e+08
20  27  1.0229e+08
20  28  8.35154e+07
20  29  8.82816e+07
20  30  1.34195e+08
20  31  7.04094e+07
20  32  1.06876e+08
20  33  8.95809e+07
20  34  5.98163e+07
20  35  5.51851e+07
20  36  3.79133e+07
20  37  7.94989e+07
20  38  6.58094e+07
20  39  5.23473e+07
20  40  6.30679e+07
20  41  2.029e+07
20  42  2.46464e+07
20  43  61611.7
20  44  2.00929e+07
20  45  3.06566e+07
20  46  2.46833e+07
20  47  911.557
20  48  0
20  49  0
20  50  3.18795e+06
21  0  1.13247e+08
21  1  1.10305e+08
21  2  1.14365e+08
21  3  5.70265e+07
21  4  7.87401e+07
21  5  1.02824e+08
21  6  9.76526e+07
21  7  1.23503e+08
21  8  1.37362e+08
21  9  1.84154e+08
21  10  2.81196e+08
21  11  3.55557e+08
21  12  2.75069e+08
21  13  1.80002e+08
21  14  1.81155e+08
21  15  1.37854e+08
21  16  1.1504e+08
21  17  2.12628e+08
21  18  2.48198e+08
21  19  1.65073e+08
21  20  1.70385e+08
21  21  1.38474e+08
21  22  1.52222e+08
21  23  1.72733e+08
21  24  1.18432e+08
21  25  1.09566e+08
21  26  1.02219e+08
21  27  1.37183e+08
21  28  1.11232e+08
21  29  1.09334e+08
21  30  1.09852e+08
21  31  9.83267e+07
21  32  1.1719e+08
21  33  1.17236e+08
21  34  7.55225e+07
21  35  7.51907e+07
21  36  5.61492e+07
21  37  1.31812e+08
21  38  8.57295e+07
21  39  4.09541e+07
21  40  3.31381e+07
21  41  1.47779e+07
21  42  4.39584e+07
21  43  1.09344e+07
21  44  3.57843e+07
21  45  2.81937e+07
21  46  2.37736e+07
21  47  0
21  48  0
21  49  0
21  50  0
22  0  1.08565e+08
22  1  8.75394e+07
22  2  8.67296e+07
22  3  8.06965e+07
22  4  6.60737e+07
22  5  8.41291e+07
22  6  1.0409e+08
22  7  1.32491e+08
22  8  1.3044e+08
22  9  1.74288e+08
22  10  2.05749e+08
22  11  2.93852e+08
22  12  2.50981e+08
22  13  2.32175e+08
22  14  1.84842e+08
22  15  1.46479e+08
22  16  1.11885e+08
22  17  1.44064e+08
22  18  1.58855e+08
22  19  1.37601e+08
22  20  1.66464e+08
22  21  1.33513e+08
22  22  1.39303e+08
22  23  2.13147e+08
22  24  1.09925e+08
22  25  1.11109e+08
22  26  1.3827e+08
22  27  1.47118e+08
22  28  1.08273e+08
22  29  1.29962e+08
22  30  8.55659e+07
22  31  1.0028e+08
22  32  1.20683e+08
22  33  1.24113e+08
22  34  9.00948e+07
22  35  7.49449e+07
22  36  9.21889e+07
22  37  1.42528e+08
22  38  9.38273e+07
22  39  4.79492e+07
22  40  5.21828e+07
22  41  2.804e+07
22  42  3.31158e+07
22  43  2.3522e+07
22  44  1.40833e+07
22  45  2.93067e+07
22  46  2.05019e+07
22  47  0
22  48  0
22  49  0
22  50  0
23  0  1.01154e+08
23  1  1.1214e+08
23  2  8.30354e+07
23  3  9.39384e+07
23  4  6.08928e+07
23  5  1.20481e+08
23  6  1.38042e+08
23  7  1.68614e+08
23  8  1.57487e+08
23  9  1.85684e+08
23  10  2.12788e+08
23  11  1.96404e+08
23  12  1.6832e+08
23  13  1.57e+08
23  14  1.51012e+08
23  15  1.29951e+08
23  16  1.15148e+08
23  17  1.95714e+08
23  18  1.4002e+08
23  19  1.54446e+08
23  20  1.73579e+08
23  21  1.51241e+08
23  22  1.42562e+08
23  23  1.60739e+08
23  24  1.2186e+08
23  25  1.27424e+08
23  26  1.75128e+08
23  27  1.64927e+08
23  28  1.04307e+08
23  29  1.3134e+08
23  30  1.01191e+08
23  31  1.3033e+08
23  32  1.31971e+08
23  33  1.05449e+08
23  34  1.0536e+08
23  35  7.0728e+07
23  36  8.15289e+07
23  37  1.09674e+08
23  38  8.2045e+07
23  39  4.62747e+07
23  40  5.84861e+07
23  41  5.122e+07
23  42  3.82914e+07
23  43  1.90491e+07
23  44  3.14328e+07
23  45  3.8518e+07
23  46  3.60658e+07
23  47  0
23  48  4.22835e+06
23  49  0
23  50  0
24  0  1.06875e+08
24  1  9.54817e+07
24  2  1.30509e+08
24  3  1.07345e+08
24  4  8.74209e+07
24  5  1.12677e+08
24  6  1.34291e+08
24  7  2.06919e+08
24  8  1.97558e+08
24  9  2.16965e+08
24  10  2.36063e+08
24  11  2.14918e+08
24  12  1.63765e+08
24  13  1.67248e+08
24  14  1.99178e+08
24  15  1.31713e+08
24  16  1.28738e+08
24  17  1.17166e+08
24  18  1.60785e+08
24  19  1.44268e+08
24  20  1.15139e+08
24  21  9.93191e+07
24  22  1.37793e+08
24  23  1.36867e+08
24  24  1.26035e+08
24  25  1.41059e+08
24  26  1.37457e+08
24  27  1.76992e+08
24  28  1.07387e+08
24  29  1.26278e+08
24  30  1.19004e+08
24  31  8.45318e+07
24  32  1.20125e+08
24  33  1.17526e+08
24  34  8.24628e+07
24  35  9.26319e+07
24  36  7.89575e+07
24  37  9.97917e+07
24  38  9.16542e+07
24  39  5.31355e+07
24  40  7.05951e+07
24  41  6.48373e+07
24  42  7.29855e+07
24  43  6.1733e+07
24  44  4.45234e+07
24  45  4.26282e+07
24  46  4.58843e+07
24  47  1.38177e+07
24  48  0
24  49  0
24  50  0
25  0  9.7567e+07
25  1  1.25544e+08
25  2  1.03991e+08
25  3  8.61094e+07
25  4  1.14125e+08
25  5  1.4858e+08
25  6  2.05177e+08
25  7  2.4938e+08
25  8  3.26599e+08
25  9  2.75455e+08
25  10  2.46845e+08
25  11  1.85786e+08
25  12  1.54207e+08
25  13  1.29201e+08
25  14  1.71512e+08
25  15  1.32922e+08
25  16  1.13557e+08
25  17  1.22084e+08
25  18  1.61729e+08
25  19  1.41473e+08
25  20  1.09021e+08
25  21  1.32125e+08
25  22  1.25407e+08
25  23  1.69382e+08
25  24  1.15271e+08
25  25  1.18524e+08
25  26  1.43883e+08
25  27  1.47861e+08
25  28  1.36071e+08
25  29  1.17626e+08
25  30  1.31466e+08
25  31  1.02126e+08
25  32  1.36451e+08
25  33  1.2788e+08
25  34  1.18411e+08
25  35  9.45453e+07
25  36  1.11446e+08
25  37  9.82776e+07
25  38  7.26751e+07
25  39  9.41983e+07
25  40  9.56203e+07
25  41  9.43578e+07
25  42  9.77226e+07
25  43  7.71926e+07
25  44  3.68778e+07
25  45  6.69864e+07
25  46  4.65732e+07
25  47  1.53704e+07
25  48  3.07441e+06
25  49  0
25  50  0
26  0  1.19468e+08
26  1  1.20361e+08
26  2  1.39321e+08
26  3  1.09394e+08
26  4  8.31786e+07
26  5  1.49031e+08
26  6  2.21071e+08
26  7  2.77338e+08
26  8  3.00588e+08
26  9  3.61564e+08
26  10  3.18003e+08
26  11  2.0559e+08
26  12  1.35578e+08
26  13  1.4273e+08
26  14  1.72449e+08
26  15  1.56413e+08
26  16  1.25515e+08
26  17  1.05543e+08
26  18  1.16827e+08
26  19  1.05217e+08
26  20  1.1038e+08
26  21  1.38251e+08
26  22  1.37776e+08
26  23  1.63709e+08
26  24  1.17064e+08
26  25  1.53542e+08
26  26  1.32375e+08
26  27  1.41723e+08
26  28  1.0566e+08
26  29  1.41264e+08
26  30  1.51527e+08
26  31  1.14297e+08
26  32  1.24098e+08
26  33  1.49953e+08
26  34  1.23261e+08
26  35  1.32718e+08
26  36  1.20464e+08
26  37  1.0088e+08
26  38  6.36504e+07
26  39  8.25931e+07
26  40  7.51927e+07
26  41  1.08577e+08
26  42  1.25119e+08
26  43  8.38998e+07
26  44  8.32303e+07
26  45  1.14077e+08
26  46  7.72997e+07
26  47  2.56712e+07
26  48  1.1539e+07
26  49  0
26  50  0
27  0  1.03788e+08
27  1  1.31418e+08
27  2  1.19747e+08
27  3  1.13895e+08
27  4  1.14957e+08
27  5  2.21344e+08
27  6  3.65199e+08
27  7  4.24578e+08
27  8  4.16521e+08
27  9  4.49194e+08
27  10  4.50628e+08
27  11  2.2419e+08
27  12  1.07096e+08
27  13  1.75737e+08
27  14  1.93156e+08
27  15  1.49458e+08
27  16  1.08117e+08
27  17  1.19447e+08
27  18  1.5006e+08
27  19  1.14836e+08
27  20  1.45507e+08
27  21  1.5714e+08
27  22  1.36012e+08
27  23  1.53387e+08
27  24  1.46293e+08
27  25  1.36382e+08
27  26  1.37603e+08
27  27  1.34669e+08
27  28  1.55833e+08
27  29  1.31786e+08
27  30  1.77031e+08
27  31  1.40662e+08
27  32  1.4666e+08
27  33  1.46721e+08
27  34  1.3025e+08
27  35  1.07571e+08
27  36  1.22785e+08
27  37  1.28836e+08
27  38  9.40017e+07
27  39  1.05193e+08
27  40  9.88329e+07
27  41  1.11238e+08
27  42  1.34585e+08
27  43  9.54789e+07
27  44  1.15637e+08
27  45  1.30909e+08
27  46  8.55396e+07
27  47  4.28379e+07
27  48  0
27  49  1.25502e+07
27  50  0
28  0  1.31063e+08
28  1  1.65951e+08
28  2  1.32283e+08
28  3  1.43852e+08
28  4  1.33495e+08
28  5  2.34816e+08
28  6  4.11038e+08
28  7  4.4483e+08
28  8  5.01579e+08
28  9  5.01439e+08
28  10  5.09672e+08
28  11  3.77811e+08
28  12  1.55466e+08
28  13  1.54075e+08
28  14  2.51448e+08
28  15  1.87143e+08
28  16  1.13064e+08
28  17  1.16881e+08
28  18  1.24667e+08
28  19  1.25286e+08
28  20  1.08279e+08
28  21  1.8e+08
28  22  1.63144e+08
28  23  1.77433e+08
28  24  1.80526e+08
28  25  1.6084e+08
28  26  1.34298e+08
28  27  1.4997e+08
28  28  1.70385e+08
28  29  1.78854e+08
28  30  2.04317e+08
28  31  1.58108e+08
28  32  1.71067e+08
28  33  1.21965e+08
28  34  1.18181e+08
28  35  1.17265e+08
28  36  1.20953e+08
28  37  1.25793e+08
28  38  1.1133e+08
28  39  1.28958e+08
28  40  1.21495e+08
28  41  1.12067e+08
28  42  1.21168e+08
28  43  1.06156e+08
28  44  1.53901e+08
28  45  1.29413e+08
28  46  1.32172e+08
28  47  5.80045e+07
28  48  1.52362e+07
28  49  0
28  50  0
29  0  1.58329e+08
29  1  1.7485e+08
29  2  1.19975e+08
29  3  1.3957e+08
29  4  1.64821e+08
29  5  2.30335e+08
29  6  3.90228e+08
29  7  4.54907e+08
29  8  4.20477e+08
29  9  4.05348e+08
29  10  3.83077e+08
29  11  2.41689e+08
29  12  1.43956e+08
29  13  2.29719e+08
29  14  3.15582e+08
29  15  1.80505e+08
29  16  1.184e+08
29  17  1.24423e+08
29  18  1.37073e+08
29  19  1.64962e+08
29  20  1.52434e+08
29  21  1.95838e+08
29  22  1.80318e+08
29  23  1.93135e+08
29  24  1.74642e+08
29  25  1.93424e+08
29  26  1.60858e+08
29  27  1.56284e+08
29  28  1.9081e+08
29  29  1.73986e+08
29  30  1.79601e+08
29  31  1.62505e+08
29  32  1.49596e+08
29  33  1.39879e+08
29  34  1.06842e+08
29  35  1.01544e+08
29  36  1.38296e+08
29  37  1.41829e+08
29  38  1.25975e+08
29  39  1.19461e+08
29  40  9.03131e+07
29  41  1.24643e+08
29  42  1.27784e+08
29  43  1.06998e+08
29  44  1.50384e+08
29  45  1.03357e+08
29  46  7.27362e+07
29  47  3.72591e+06
29  48  1.07269e+07
29  49  0
29  50  1.26785e+06
30  0  1.55559e+08
30  1  1.76087e+08
30  2  1.58214e+08
30  3  1.088e+08
30  4  1.32038e+08
30  5  1.95124e+08
30  6  2.7369e+08
30  7  3.59988e+08
30  8  3.61996e+08
30  9  3.7929e+08
30  10  3.72926e+08
30  11  2.48823e+08
30  12  1.57901e+08
30  13  1.82277e+08
30  14  2.98065e+08
30  15  2.54566e+08
30  16  1.46191e+08
30  17  1.61919e+08
30  18  1.45136e+08
30  19  1.71924e+08
30  20  1.81126e+08
30  21  2.29276e+08
30  22  2.28648e+08
30  23  2.70768e+08
30  24  1.96887e+08
30  25  2.59586e+08
30  26  2.11675e+08
30  27  1.85831e+08
30  28  2.26521e+08
30  29  2.15871e+08
30  30  1.96977e+08
30  31  2.07902e+08
30  32  1.71835e+08
30  33  1.59347e+08
30  34  1.33346e+08
30  35  1.22097e+08
30  36  1.31593e+08
30  37  1.11219e+08
30  38  1.37701e+08
30  39  1.00325e+08
30  40  1.56955e+08
30  41  1.47459e+08
30  42  1.47728e+08
30  43  1.46076e+08
30  44  1.18938e+08
30  45  9.48431e+07
30  46  5.19399e+07
30  47  1.57714e+07
30  48  1.22514e+06
30  49  1.01566e+07
30  50  0
31  0  1.75284e+08
31  1  1.82231e+08
31  2  1.58165e+08
31  3  1.40036e+08
31  4  1.44553e+08
31  5  2.04265e+08
31  6  1.9644e+08
31  7  2.38108e+08
31  8  3.02563e+08
31  9  3.35668e+08
31  10  3.71686e+08
31  11  2.495e+08
31  12  1.57668e+08
31  13  1.97758e+08
31  14  2.59557e+08
31  15  2.1217e+08
31  16  1.39472e+08
31  17  1.54502e+08
31  18  1.69934e+08
31  19  2.28545e+08
31  20  1.9368e+08
31  21  2.96011e+08
31  22  2.89303e+08
31  23  3.14624e+08
31  24  2.67138e+08
31  25  2.2657e+08
31  26  2.39571e+08
31  27  2.60152e+08
31  28  2.39545e+08
31  29  2.08442e+08
31  30  2.36882e+08
31  31  2.20831e+08
31  32  2.03246e+08
31  33  1.61389e+08
31  34  1.45579e+08
31  35  1.21681e+08
31  36  1.41972e+08
31  37  1.36762e+08
31  38  1.39138e+08
31  39  9.84741e+07
31  40  1.40511e+08
31  41  1.47366e+08
31  42  1.50991e+08
31  43  1.37255e+08
31  44  8.37938e+07
31  45  6.58248e+07
31  46  8.4776e+06
31  47  8.71644e+06
31  48  0
31  49  0
31  50  0
32  0  1.52383e+08
32  1  1.81642e+08
32  2  1.59208e+08
32  3  1.38011e+08
32  4  1.65042e+08
32  5  2.00303e+08
32  6  1.79602e+08
32  7  1.86263e+08
32  8  2.73525e+08
32  9  3.41784e+08
32  10  2.47652e+08
32  11  2.50586e+08
32  12  1.44583e+08
32  13  2.32249e+08
32  14  2.84825e+08
32  15  1.88045e+08
32  16  1.50579e+08
32  17  1.87904e+08
32  18  2.07467e+08
32  19  2.48902e+08
32  20  2.24841e+08
32  21  3.91545e+08
32  22  4.15611e+08
32  23  4.02227e+08
32  24  3.29861e+08
32  25  2.41388e+08
32  26  2.98448e+08
32  27  3.29884e+08
32  28  2.86472e+08
32  29  2.71874e+08
32  30  3.21775e+08
32  31  3.00248e+08
32  32  2.56309e+08
32  33  2.17092e+08
32  34  1.67043e+08
32  35  1.19642e+08
32  36  1.35825e+08
32  37  1.26984e+08
32  38  1.04955e+08
32  39  1.30682e+08
32  40  1.18113e+08
32  41  1.33432e+08
32  42  1.5317e+08
32  43  1.18088e+08
32  44  7.16094e+07
32  45  5.13828e+07
32  46  1.92936e+07
32  47  0
32  48  0
32  49  0
32  50  1.72749e+06
33  0  1.94378e+08
33  1  2.31435e+08
33  2  1.94737e+08
33  3  1.27556e+08
33  4  1.67441e+08
33  5  1.63724e+08
33  6  1.88885e+08
33  7  1.71162e+08
33  8  2.81527e+08
33  9  3.28671e+08
33  10  2.26474e+08
33  11  1.93659e+08
33  12  1.39738e+08
33  13  2.28861e+08
33  14  3.24658e+08
33  15  2.04592e+08
33  16  1.48665e+08
33  17  2.24275e+08
33  18  2.87047e+08
33  19  2.72766e+08
33  20  2.86385e+08
33  21  3.66446e+08
33  22  3.38218e+08
33  23  4.12068e+08
33  24  3.08046e+08
33  25  3.30698e+08
33  26  2.41936e+08
33  27  3.16239e+08
33  28  3.05683e+08
33  29  3.38519e+08
33  30  3.37443e+08
33  31  3.97302e+08
33  32  3.16182e+08
33  33  2.7667e+08
33  34  2.15954e+08
33  35  1.24161e+08
33  36  1.5162e+08
33  37  1.20484e+08
33  38  1.26775e+08
33  39  1.35095e+08
33  40  1.47341e+08
33  41  1.8186e+08
33  42  1.56287e+08
33  43  9.14733e+07
33  44  5.07121e+07
33  45  1.46075e+07
33  46  3.29871e+07
33  47  0
33  48  3.36304e+06
33  49  0
33  50  0
34  0  1.86991e+08
34  1  1.90351e+08
34  2  2.03065e+08
34  3  1.38419e+08
34  4  1.53528e+08
34  5  1.75193e+08
34  6  1.70626e+08
34  7  1.44909e+08
34  8  2.85457e+08
34  9  3.20994e+08
34  10  1.92945e+08
34  11  1.82785e+08
34  12  1.4721e+08
34  13  1.73272e+08
34  14  2.36474e+08
34  15  1.96449e+08
34  16  1.83354e+08
34  17  2.10161e+08
34  18  3.4634e+08
34  19  3.48789e+08
34  20  3.39175e+08
34  21  3.48218e+08
34  22  4.54372e+08
34  23  4.59651e+08
34  24  3.63523e+08
34  25  3.05677e+08
34  26  2.50047e+08
34  27  3.25506e+08
34  28  2.82688e+08
34  29  3.63677e+08
34  30  3.91623e+08
34  31  4.54135e+08
34  32  3.47538e+08
34  33  3.29879e+08
34  34  2.20304e+08
34  35  1.96661e+08
34  36  1.7294e+08
34  37  1.62083e+08
34  38  1.62559e+08
34  39  1.60407e+08
34  40  1.24851e+08
34  41  1.74743e+08
34  42  1.77545e+08
34  43  7.86491e+07
34  44  5.79155e+07
34  45  3.03766e+07
34  46  1.39747e+07
34  47  6.899e+06
34  48  1.12835e+07
34  49  0
34  50  0
35  0  1.38375e+08
35  1  2.00811e+08
35  2  1.78032e+08
35  3  1.30581e+08
35  4  1.71471e+08
35  5  1.73497e+08
35  6  1.32907e+08
35  7  1.67439e+08
35  8  3.05153e+08
35  9  3.9243e+08
35  10  2.12151e+08
35  11  1.93073e+08
35  12  1.44402e+08
35  13  2.23817e+08
35  14  2.35013e+08
35  15  1.72115e+08
35  16  1.91485e+08
35  17  1.98303e+08
35  18  3.21591e+08
35  19  3.37859e+08
35  20  3.29691e+08
35  21  4.43915e+08
35  22  4.664e+08
35  23  4.11508e+08
35  24  3.74626e+08
35  25  3.34187e+08
35  26  3.34354e+08
35  27  3.07489e+08
35  28  3.27188e+08
35  29  3.56465e+08
35  30  3.94115e+08
35  31  4.28129e+08
35  32  4.13596e+08
35  33  3.46413e+08
35  34  2.63043e+08
35  35  2.05596e+08
35  36  1.71973e+08
35  37  1.46392e+08
35  38  1.751e+08
35  39  1.45352e+08
35  40  1.85558e+08
35  41  2.24634e+08
35  42  1.57303e+08
35  43  7.94668e+07
35  44  5.22147e+07
35  45  4.24447e+07
35  46  1.11605e+07
35  47  1.06639e+06
35  48  0
35  49  0
35  50  347450
36  0  1.35312e+08
36  1  1.72494e+08
36  2  1.3983e+08
36  3  1.26281e+08
36  4  1.32918e+08
36  5  1.72594e+08
36  6  1.4252e+08
36  7  1.37937e+08
36  8  2.6254e+08
36  9  2.87126e+08
36  10  1.9373e+08
36  11  2.10367e+08
36  12  1.5788e+08
36  13  1.90122e+08
36  14  2.24164e+08
36  15  1.55586e+08
36  16  2.48948e+08
36  17  2.56427e+08
36  18  3.40386e+08
36  19  3.15704e+08
36  20  3.88268e+08
36  21  4.20721e+08
36  22  4.18076e+08
36  23  4.65993e+08
36  24  4.51908e+08
36  25  3.98396e+08
36  26  3.48967e+08
36  27  3.36932e+08
36  28  3.08507e+08
36  29  3.29872e+08
36  30  3.61072e+08
36  31  4.21878e+08
36  32  4.99129e+08
36  33  4.46404e+08
36  34  3.13502e+08
36  35  2.49043e+08
36  36  1.81828e+08
36  37  2.08762e+08
36  38  1.62809e+08
36  39  1.96099e+08
36  40  1.81883e+08
36  41  2.34828e+08
36  42  1.42311e+08
36  43  9.11074e+07
36  44  9.62257e+07
36  45  6.51895e+07
36  46  0
36  47  4.80494e+06
36  48  0
36  49  0
36  50  0
37  0  1.5674e+08
37  1  1.67237e+08
37  2  1.27281e+08
37  3  1.4149e+08
37  4  1.71515e+08
37  5  1.3194e+08
37  6  1.60898e+08
37  7  1.40054e+08
37  8  3.02156e+08
37  9  3.10152e+08
37  10  1.61926e+08
37  11  2.1863e+08
37  12  1.71728e+08
37  13  1.79904e+08
37  14  2.08132e+08
37  15  2.05413e+08
37  16  2.80571e+08
37  17  2.65209e+08
37  18  3.33054e+08
37  19  3.63478e+08
37  20  3.79333e+08
37  21  3.95422e+08
37  22  4.36476e+08
37  23  4.51203e+08
37  24  3.89147e+08
37  25  3.88037e+08
37  26  3.91835e+08
37  27  4.06564e+08
37  28  3.35909e+08
37  29  3.86687e+08
37  30  3.64318e+08
37  31  4.94351e+08
37  32  5.53768e+08
37  33  4.63158e+08
37  34  3.40489e+08
37  35  2.33022e+08
37  36  1.97692e+08
37  37  1.70382e+08
37  38  1.41846e+08
37  39  1.84173e+08
37  40  1.64534e+08
37  41  2.52003e+08
37  42  1.38796e+08
37  43  9.75838e+07
37  44  9.20576e+07
37  45  3.17104e+07
37  46  1.31496e+07
37  47  3.18046e+06
37  48  2.26637e+06
37  49  0
37  50  5.08985e+06
38  0  1.43734e+08
38  1  1.17457e+08
38  2  1.61738e+08
38  3  1.71161e+08
38  4  1.40592e+08
38  5  1.55737e+08
38  6  1.52977e+08
38  7  1.12742e+08
38  8  2.20981e+08
38  9  2.86157e+08
38  10  1.7054e+08
38  11  2.53244e+08
38  12  1.62034e+08
38  13  1.71281e+08
38  14  1.83785e+08
38  15  2.34057e+08
38  16  2.92587e+08
38  17  2.87024e+08
38  18  2.89672e+08
38  19  3.43493e+08
38  20  3.57894e+08
38  21  3.58153e+08
38  22  4.85378e+08
38  23  4.43323e+08
38  24  4.87724e+08
38  25  4.33814e+08
38  26  4.07392e+08
38  27  3.43886e+08
38  28  3.30543e+08
38  29  3.60465e+08
38  30  3.52248e+08
38  31  4.38216e+08
38  32  4.77024e+08
38  33  5.48906e+08
38  34  3.63232e+08
38  35  2.71753e+08
38  36  2.66175e+08
38  37  1.53755e+08
38  38  1.56824e+08
38  39  1.7926e+08
38  40  1.86506e+08
38  41  2.70181e+08
38  42  1.30166e+08
38  43  7.72945e+07
38  44  1.10726e+08
38  45  3.65188e+07
38  46  8.7373e+06
38  47  4.18202e+06
38  48  0
38  49  0
38  50  7.00017e+06
39  0  1.21324e+08
39  1  1.3286e+08
39  2  1.32288e+08
39  3  1.51193e+08
39  4  1.21458e+08
39  5  1.42744e+08
39  6  1.27019e+08
39  7  1.91227e+08
39  8  2.51563e+08
39  9  1.9483e+08
39  10  2.34306e+08
39  11  2.17951e+08
39  12  1.74575e+08
39  13  1.38245e+08
39  14  1.97046e+08
39  15  2.59837e+08
39  16  2.89868e+08
39  17  3.29086e+08
39  18  3.40563e+08
39  19  3.42979e+08
39  20  4.11704e+08
39  21  3.79024e+08
39  22  3.96716e+08
39  23  4.3706e+08
39  24  4.15761e+08
39  25  4.23462e+08
39  26  3.9488e+08
39  27  3.49094e+08
39  28  3.423e+08
39  29  4.10085e+08
39  30  3.79692e+08
39  31  4.18475e+08
39  32  4.84265e+08
39  33  5.1454e+08
39  34  3.50517e+08
39  35  2.72431e+08
39  36  1.94653e+08
39  37  1.6396e+08
39  38  1.73119e+08
39  39  1.54095e+08
39  40  1.71486e+08
39  41  1.79054e+08
39  42  1.15375e+08
39  43  1.06887e+08
39  44  4.1442e+07
39  45  3.2088e+07
39  46  0
39  47  7.55369e+06
39  48  0
39  49  1.1172e+07
39  50  8.87047e+06
40  0  1.10153e+08
40  1  1.3087e+08
40  2  1.11766e+08
40  3  1.3559e+08
40  4  1.22699e+08
40  5  9.55305e+07
40  6  1.51306e+08
40  7  1.34687e+08
40  8  1.92376e+08
40  9  2.03122e+08
40  10  1.68285e+08
40  11  2.17203e+08
40  12  2.05238e+08
40  13  1.68952e+08
40  14  1.86027e+08
40  15  2.20951e+08
40  16  2.78243e+08
40  17  3.37594e+08
40  18  3.19128e+08
40  19  3.48478e+08
40  20  3.26926e+08
40  21  3.358e+08
40  22  4.37589e+08
40  23  5.19938e+08
40  24  3.85935e+08
40  25  4.15397e+08
40  26  3.84408e+08
40  27  3.59896e+08
40  28  3.28015e+08
40  29  4.26462e+08
40  30  4.38986e+08
40  31  5.01369e+08
40  32  5.53754e+08
40  33  4.99116e+08
40  34  4.30649e+08
40  35  2.42296e+08
40  36  1.63242e+08
40  37  1.80434e+08
40  38  1.2784e+08
40  39  1.62229e+08
40  40  1.47893e+08
40  41  1.9782e+08
40  42  1.25833e+08
40  43  6.23814e+07
40  44  5.10016e+07
40  45  4.52779e+07
40  46  0
40  47  9.00184e+06
40  48  0
40  49  0
40  50  0
41  0  1.13026e+08
41  1  1.58414e+08
41  2  1.26012e+08
41  3  1.03746e+08
41  4  1.08642e+08
41  5  1.21267e+08
41  6  1.37614e+08
41  7  1.46053e+08
41  8  2.74233e+08
41  9  1.84733e+08
41  10  2.63865e+08
41  11  2.86826e+08
41  12  1.69672e+08
41  13  1.52512e+08
41  14  1.66318e+08
41  15  2.01224e+08
41  16  3.3284e+08
41  17  3.15747e+08
41  18  3.37553e+08
41  19  2.82873e+08
41  20  3.177e+08
41  21  3.18112e+08
41  22  4.89363e+08
41  23  4.82706e+08
41  24  3.67253e+08
41  25  3.90007e+08
41  26  3.28305e+08
41  27  3.95093e+08
41  28  3.42224e+08
41  29  3.56901e+08
41  30  4.09119e+08
41  31  4.74143e+08
41  32  4.82013e+08
41  33  4.6505e+08
41  34  3.20837e+08
41  35  2.25896e+08
41  36  1.84205e+08
41  37  1.32736e+08
41  38  1.5947e+08
41  39  1.78631e+08
41  40  1.50282e+08
41  41  1.39126e+08
41  42  8.77609e+07
41  43  4.34631e+07
41  44  2.78139e+07
41  45  2.72492e+07
41  46  2.17923e+06
41  47  0
41  48  0
41  49  0
41  50  0
42  0  1.4566e+08
42  1  1.2763e+08
42  2  1.29355e+08
42  3  1.48061e+08
42  4  1.20818e+08
42  5  1.18436e+08
42  6  1.23694e+08
42  7  1.15768e+08
42  8  2.80261e+08
42  9  2.05026e+08
42  10  2.3655e+08
42  11  2.74799e+08
42  12  1.60361e+08
42  13  1.45814e+08
42  14  1.53642e+08
42  15  1.84531e+08
42  16  2.81508e+08
42  17  2.61938e+08
42  18  2.86965e+08
42  19  3.04521e+08
42  20  2.86028e+08
42  21  3.22082e+08
42  22  4.20673e+08
42  23  4.41025e+08
42  24  3.57435e+08
42  25  3.97935e+08
42  26  4.15656e+08
42  27  3.95167e+08
42  28  4.08421e+08
42  29  4.41665e+08
42  30  4.34375e+08
42  31  4.24308e+08
42  32  4.92186e+08
42  33  4.06895e+08
42  34  2.76227e+08
42  35  1.85914e+08
42  36  1.65232e+08
42  37  1.29661e+08
42  38  1.82275e+08
42  39  1.54743e+08
42  40  1.33192e+08
42  41  1.33522e+08
42  42  7.72141e+07
42  43  4.54098e+07
42  44  6.3209e+06
42  45  3.88083e+06
42  46  8.65802e+06
42  47  0
42  48  0
42  49  0
42  50  0
43  0  1.08422e+08
43  1  1.34933e+08
43  2  1.13512e+08
43  3  1.24684e+08
43  4  1.44594e+08
43  5  1.24677e+08
43  6  1.23167e+08
43  7  1.47765e+08
43  8  2.04428e+08
43  9  1.51942e+08
43  10  2.08648e+08
43  11  2.27778e+08
43  12  1.59024e+08
43  13  1.47432e+08
43  14  1.35441e+08
43  15  1.50918e+08
43  16  2.13062e+08
43  17  2.80876e+08
43  18  2.69748e+08
43  19  3.24225e+08
43  20  2.71445e+08
43  21  3.12716e+08
43  22  3.55545e+08
43  23  3.62631e+08
43  24  3.28828e+08
43  25  3.79893e+08
43  26  3.79503e+08
43  27  4.02276e+08
43  28  3.50713e+08
43  29  4.63101e+08
43  30  4.48868e+08
43  31  3.43195e+08
43  32  3.53479e+08
43  33  4.07086e+08
43  34  3.2786e+08
43  35  1.99861e+08
43  36  1.68398e+08
43  37  1.45086e+08
43  38  1.33308e+08
43  39  1.75495e+08
43  40  1.61978e+08
43  41  9.27113e+07
43  42  5.14556e+07
43  43  2.27053e+07
43  44  2.64213e+07
43  45  3.39471e+07
43  46  0
43  47  0
43  48  0
43  49  0
43  50  0
44  0  1.10751e+08
44  1  1.21233e+08
44  2  1.10203e+08
44  3  1.64394e+08
44  4  1.28147e+08
44  5  1.16674e+08
44  6  1.14757e+08
44  7  1.51906e+08
44  8  1.68335e+08
44  9  1.37266e+08
44  10  1.60452e+08
44  11  1.77427e+08
44  12  1.32492e+08
44  13  1.56993e+08
44  14  1.28202e+08
44  15  1.88972e+08
44  16  1.92351e+08
44  17  2.09176e+08
44  18  2.86549e+08
44  19  2.88023e+08
44  20  2.39847e+08
44  21  2.87975e+08
44  22  3.74162e+08
44  23  3.59348e+08
44  24  3.87098e+08
44  25  4.18888e+08
44  26  3.6723e+08
44  27  3.67504e+08
44  28  3.69968e+08
44  29  4.67087e+08
44  30  4.13717e+08
44  31  3.52331e+08
44  32  3.15795e+08
44  33  2.7779e+08
44  34  2.36528e+08
44  35  1.71272e+08
44  36  1.44884e+08
44  37  1.56212e+08
44  38  1.33014e+08
44  39  1.51161e+08
44  40  1.43659e+08
44  41  7.88135e+07
44  42  4.84737e+07
44  43  1.39885e+07
44  44  2.50401e+06
44  45  420904
44  46  0
44  47  0
44  48  0
44  49  0
44  50  0
45  0  1.03922e+08
45  1  1.36525e+08
45  2  1.21346e+08
45  3  1.22197e+08
45  4  1.20795e+08
45  5  1.3133e+08
45  6  1.3002e+08
45  7  1.30829e+08
45  8  1.39439e+08
45  9  1.53346e+08
45  10  1.92024e+08
45  11  1.6129e+08
45  12  1.44215e+08
45  13  1.17359e+08
45  14  1.63956e+08
45  15  1.93946e+08
45  16  1.573e+08
45  17  2.02938e+08
45  18  2.17443e+08
45  19  2.21424e+08
45  20  2.30031e+08
45  21  2.80931e+08
45  22  3.87597e+08
45  23  3.49405e+08
45  24  3.18956e+08
45  25  4.43737e+08
45  26  3.91502e+08
45  27  3.24072e+08
45  28  3.82173e+08
45  29  3.95477e+08
45  30  3.95635e+08
45  31  3.13425e+08
45  32  2.65716e+08
45  33  2.48585e+08
45  34  1.82164e+08
45  35  1.53162e+08
45  36  1.34146e+08
45  37  9.93603e+07
45  38  1.57738e+08
45  39  1.44142e+08
45  40  8.8801e+07
45  41  7.41463e+07
45  42  4.35878e+07
45  43  1.28537e+07
45  44  2.04825e+07
45  45  0
45  46  8.68308e+06
45  47  65804.3
45  48  4.41425e+06
45  49  4.1186e+06
45  50  1.24602e+07
46  0  1.11125e+08
46  1  1.28342e+08
46  2  1.10863e+08
46  3  1.29105e+08
46  4  1.02511e+08
46  5  1.12258e+08
46  6  1.12054e+08
46  7  1.18486e+08
46  8  1.58101e+08
46  9  1.40815e+08
46  10  1.58114e+08
46  11  1.40744e+08
46  12  1.51578e+08
46  13  1.11379e+08
46  14  1.593e+08
46  15  1.60742e+08
46  16  1.40649e+08
46  17  1.7786e+08
46  18  1.92659e+08
46  19  1.97666e+08
46  20  2.05505e+08
46  21  2.56966e+08
46  22  3.31167e+08
46  23  3.85079e+08
46  24  3.37557e+08
46  25  4.25585e+08
46  26  3.47838e+08
46  27  3.19383e+08
46  28  3.33544e+08
46  29  3.58673e+08
46  30  3.74098e+08
46  31  2.8387e+08
46  32  2.02509e+08
46  33  2.13155e+08
46  34  1.54784e+08
46  35  1.68477e+08
46  36  1.52507e+08
46  37  1.44712e+08
46  38  1.28094e+08
46  39  1.4428e+08
46  40  9.4294e+07
46  41  4.42594e+07
46  42  2.49751e+07
46  43  8.26505e+06
46  44  1.0155e+07
46  45  1.66539e+07
46  46  0
46  47  0
46  48  0
46  49  0
46  50  0
47  0  1.43868e+08
47  1  1.30919e+08
47  2  1.07113e+08
47  3  1.15424e+08
47  4  1.12952e+08
47  5  1.45625e+08
47  6  1.41483e+08
47  7  1.14551e+08
47  8  1.27916e+08
47  9  1.37019e+08
47  10  1.38693e+08
47  11  1.58165e+08
47  12  1.50206e+08
47  13  1.35298e+08
47  14  1.34933e+08
47  15  1.47899e+08
47  16  1.7844e+08
47  17  1.60176e+08
47  18  1.95356e+08
47  19  2.10073e+08
47  20  1.85361e+08
47  21  2.15928e+08
47  22  2.55998e+08
47  23  2.8541e+08
47  24  3.02038e+08
47  25  3.06386e+08
47  26  2.74719e+08
47  27  2.66133e+08
47  28  3.25597e+08
47  29  3.68698e+08
47  30  2.62009e+08
47  31  2.30238e+08
47  32  1.80897e+08
47  33  2.01432e+08
47  34  1.73742e+08
47  35  1.31198e+08
47  36  1.30239e+08
47  37  1.25303e+08
47  38  1.2574e+08
47  39  1.05672e+08
47  40  1.02466e+08
47  41  3.73893e+07
47  42  8.0837e+06
47  43  2.35363e+07
47  44  626423
47  45  3.39086e+07
47  46  4.22737e+06
47  47  4.65672e+06
47  48  0
47  49  0
47  50  1.24413e+07
48  0  8.65799e+07
48  1  1.52463e+08
48  2  1.01308e+08
48  3  1.35398e+08
48  4  1.29555e+08
48  5  1.39676e+08
48  6  1.30757e+08
48  7  1.18748e+08
48  8  1.42525e+08
48  9  1.13286e+08
48  10  1.36381e+08
48  11  1.18288e+08
48  12  1.47726e+08
48  13  1.12687e+08
48  14  1.27174e+08
48  15  1.53064e+08
48  16  1.37311e+08
48  17  1.51509e+08
48  18  1.3642e+08
48  19  1.60773e+08
48  20  1.59948e+08
48  21  1.98274e+08
48  22  1.84006e+08
48  23  2.2948e+08
48  24  2.10597e+08
48  25  2.51435e+08
48  26  2.36001e+08
48  27  2.22022e+08
48  28  2.4867e+08
48  29  2.63428e+08
48  30  2.05355e+08
48  31  1.87085e+08
48  32  1.55407e+08
48  33  1.87543e+08
48  34  1.37885e+08
48  35  1.09507e+08
48  36  1.39454e+08
48  37  1.30797e+08
48  38  1.32504e+08
48  39  1.19163e+08
48  40  8.34319e+07
48  41  1.15251e+07
48  42  1.23222e+07
48  43  1.8651e+07
48  44  3.05223e+07
48  45  1.10689e+07
48  46  0
48  47  7.94096e+06
48  48  0
48  49  7.07734e+06
48  50  0
49  0  1.22402e+08
49  1  1.14595e+08
49  2  1.10052e+08
49  3  1.33975e+08
49  4  1.26056e+08
49  5  1.16113e+08
49  6  1.12955e+08
49  7  1.10327e+08
49  8  1.31937e+08
49  9  9.79499e+07
49  10  1.30702e+08
49  11  1.11351e+08
49  12  1.55317e+08
49  13  1.22121e+08
49  14  9.46041e+07
49  15  1.4656e+08
49  16  1.18303e+08
49  17  1.3103e+08
49  18  1.40981e+08
49  19  1.1755e+08
49  20  1.18761e+08
49  21  1.64339e+08
49  22  1.79503e+08
49  23  1.99532e+08
49  24  1.79084e+08
49  25  2.18557e+08
49  26  1.54886e+08
49  27  2.05439e+08
49  28  2.16431e+08
49  29  2.09805e+08
49  30  1.6113e+08
49  31  1.74919e+08
49  32  1.58046e+08
49  33  1.60312e+08
49  34  1.2669e+08
49  35  1.46097e+08
49  36  1.45241e+08
49  37  1.34327e+08
49  38  1.19532e+08
49  39  9.69512e+07
49  40  6.17604e+07
49  41  2.82244e+07
49  42  1.58326e+07
49  43  1.20934e+07
49  44  1.98855e+07
49  45  2.21398e+07
49  46  0
49  47  1.55384e+07
49  48  0
49  49  0
49  50  0
50  0  1.00673e+08
50  1  1.17551e+08
50  2  1.24376e+08
50  3  1.1991e+08
50  4  1.35057e+08
50  5  1.29229e+08
50  6  1.32582e+08
50  7  1.27288e+08
50  8  1.22928e+08
50  9  1.26824e+08
50  10  1.12873e+08
50  11  9.74394e+07
50  12  1.18817e+08
50  13  1.20416e+08
50  14  1.41583e+08
50  15  1.28481e+08
50  16  1.3413e+08
50  17  1.34112e+08
50  18  1.34316e+08
50  19  1.26911e+08
50  20  1.0935e+08
50  21  1.7472e+08
50  22  1.6972e+08
50  23  2.01884e+08
50  24  1.44375e+08
50  25  1.83061e+08
50  26  1.37142e+08
50  27  1.91363e+08
50  28  1.70424e+08
50  29  1.60723e+08
50  30  1.94306e+08
50  31  1.37536e+08
50  32  1.47014e+08
50  33  1.38798e+08
50  34  1.25946e+08
50  35  8.56059e+07
50  36  1.52345e+08
50  37  1.39184e+08
50  38  1.46621e+08
50  39  1.08802e+08
50  40  4.11755e+07
50  41  1.85509e+07
50  42  2.02974e+07
50  43  8.10269e+06
50  44  5.83941e+07
50  45  3.78348e+07
50  46  1.1561e+07
50  47  5.49854e+06
50  48  1.75436e+06
50  49  0
50  50  0

